

sets
i        orders          /0*5/
k        routes          /1*5/
p        positions       /0*5/
;

alias(i,j)
alias(i,h)
alias(i,hh)
alias(i,jj)
alias(k,kk)
                            Parameters

rho(i)	Processing time
/
0	0
1	7
2	44
3	21
4	39
5	1
/

gamma(i)	Duedate
/
0	0
1	36
2	67
3	86
4	1
5	83
/

sigma(i)	Size
/
0	0
1	8
2	6
3	1
4	3
5	3
/

epsilon(i)	Priority
/
0	0
1	5
2	1
3	1
4	2
5	9
/

psi	Vehicle Capacity
/ 39 /
;

Table kappa(i,j)                 Setup
         0        1        2        3        4        5        
0        0        43       42       46       13       9        
1        43       0        31       8        34       43       
2        42       31       0        26       44       49       
3        46       8        26       0        40       49       
4        13       34       44       40       0        9        
5        9        43       49       49       9        0        
;



Table delta(i,j)                 Distance
         0        1        2        3        4        5        
0        0        40       110      130      120      130      
1        40       0        15       9        16       10       
2        110      15       0        24       3        24       
3        130      9        24       0        25       4        
4        120      16       3        25       0        24       
5        130      10       24       4        24       0        
;

