
sets
i        orders          /0*10/
k        routes          /1*10/
p        positions       /0*10/
;

alias(i,j)
alias(i,h)
alias(i,hh)
alias(i,jj)
alias(k,kk)
                
                    Parameters

rho(i)	Processing time
/
0	0
1	44
2	4
3	65
4	89
5	34
6	1
7	20
8	29
9	2
10	40
/

gamma(i)	Duedate
/
0	0
1	98
2	36
3	44
4	91
5	20
6	4
7	19
8	82
9	49
10	50
/

sigma(i)	Size
/
0	0
1	6
2	4
3	9
4	1
5	8
6	2
7	7
8	1
9	8
10	5
/

epsilon(i)	Priority
/
0	0
1	5
2	8
3	8
4	4
5	7
6	2
7	1
8	3
9	3
10	1
/

psi	Vehicle Capacity
/ 15 /
;

Table kappa(i,j)                 Setup
         0        1        2        3        4        5        6        7        8        9        10       
0        0        95       272      113      69       178      47       116      87       232      101      
1        95       0        213      112      125      192      48       34       144      204      196      
2        272      213      0        171      238      178      243      179      241      89       349      
3        113      112      171      0        66       79       107      97       71       118      178      
4        69       125      238      66       0        111      92       128      19       180      111      
5        178      192      178      79       111      0        183      174      100      94       209      
6        47       48       243      107      92       183      0        74       112      218      148      
7        116      34       179      97       128      174      74       0        145      174      215      
8        87       144      241      71       19       100      112      145      0        177      113      
9        232      204      89       118      180      94       218      174      177      0        290      
10       101      196      349      178      111      209      148      215      113      290      0        
;



Table delta(i,j)                 Distance
         0        1        2        3        4        5        6        7        8        9        10       
0        0        5180     2500     940      5400     5640     5500     2400     5660     2200     1980     
1        5180     0        150      240      115      124      188      142      42       263      197      
2        2500     150      0        94       145      157      161      66       164      183      47       
3        940      240      94       0        234      245      232      114      258      149      57       
4        5400     115      145      234      0        13       76       184      84       317      177      
5        5640     124      157      245      13       0        72       197      91       330      188      
6        5500     188      161      232      76       72       0        219      161      345      175      
7        2400     142      66       114      184      197      219      0        171      133      97       
8        5660     42       164      258      84       91       161      171      0        299      209      
9        2200     263      183      149      317      330      345      133      299      0        183      
10       1980     197      47       57       177      188      175      97       209      183      0        
;

