

sets
i        orders          /0*80/
k        routes          /1*80/
p        positions       /0*80/
;

alias(i,j)
alias(i,h)
alias(i,hh)
alias(i,jj)
alias(k,kk)
                            Parameters

rho(i)	Processing time
/
0	0
1	3
2	53
3	69
4	5
5	8
6	34
7	56
8	37
9	77
10	72
11	10
12	32
13	82
14	17
15	40
16	58
17	36
18	94
19	51
20	1
21	70
22	16
23	96
24	27
25	7
26	4
27	9
28	62
29	28
30	90
31	66
32	16
33	56
34	65
35	19
36	94
37	77
38	2
39	54
40	20
41	27
42	80
43	83
44	32
45	43
46	6
47	43
48	99
49	90
50	48
51	77
52	47
53	61
54	49
55	39
56	67
57	16
58	67
59	13
60	69
61	57
62	81
63	20
64	28
65	17
66	59
67	29
68	75
69	98
70	54
71	90
72	70
73	70
74	61
75	15
76	9
77	45
78	82
79	86
80	6
/

gamma(i)	Duedate
/
0	0
1	9
2	35
3	86
4	14
5	17
6	6
7	68
8	49
9	44
10	79
11	58
12	91
13	83
14	37
15	6
16	19
17	1
18	9
19	69
20	54
21	19
22	44
23	72
24	52
25	28
26	65
27	68
28	57
29	18
30	13
31	35
32	71
33	10
34	42
35	57
36	66
37	68
38	18
39	65
40	40
41	19
42	82
43	42
44	40
45	77
46	89
47	38
48	6
49	21
50	28
51	92
52	10
53	45
54	79
55	86
56	97
57	21
58	30
59	96
60	76
61	38
62	96
63	53
64	79
65	39
66	99
67	85
68	68
69	45
70	74
71	84
72	96
73	6
74	45
75	85
76	90
77	40
78	37
79	25
80	96
/

sigma(i)	Size
/
0	0
1	9
2	7
3	3
4	1
5	4
6	5
7	2
8	9
9	5
10	8
11	4
12	5
13	9
14	3
15	2
16	2
17	5
18	2
19	8
20	3
21	2
22	8
23	3
24	1
25	4
26	5
27	7
28	6
29	2
30	2
31	2
32	4
33	1
34	8
35	2
36	3
37	5
38	9
39	9
40	7
41	5
42	4
43	7
44	7
45	5
46	3
47	9
48	3
49	5
50	7
51	1
52	1
53	7
54	5
55	6
56	6
57	7
58	8
59	1
60	1
61	4
62	7
63	8
64	3
65	1
66	1
67	5
68	1
69	3
70	2
71	3
72	2
73	7
74	8
75	8
76	5
77	4
78	1
79	4
80	8
/

epsilon(i)	Priority
/
0	0
1	8
2	2
3	8
4	5
5	3
6	5
7	5
8	3
9	8
10	3
11	3
12	5
13	4
14	9
15	4
16	8
17	6
18	2
19	5
20	2
21	2
22	8
23	9
24	9
25	9
26	9
27	5
28	9
29	8
30	6
31	5
32	3
33	9
34	9
35	4
36	1
37	9
38	3
39	8
40	3
41	7
42	5
43	3
44	4
45	4
46	9
47	8
48	9
49	6
50	8
51	3
52	2
53	6
54	2
55	1
56	6
57	4
58	4
59	8
60	5
61	6
62	8
63	7
64	8
65	1
66	8
67	2
68	4
69	4
70	6
71	4
72	7
73	9
74	5
75	7
76	9
77	2
78	6
79	5
80	6
/

psi	Vehicle Capacity
/ 42 /
;

Table kappa(i,j)                 Setup
         0        1        2        3        4        5        6        7        8        9        10       11       12       13       14       15       16       17       18       19       20       21       22       23       24       25       26       27       28       29       30       31       32       33       34       35       36       37       38       39       40       41       42       43       44       45       46       47       48       49       50       51       52       53       54       55       56       57       58       59       60       61       62       63       64       65       66       67       68       69       70       71       72       73       74       75       76       77       78       79       80       
0        0        354      471      342      234      437      98       114      535      140      327      428      325      347      415      254      423      533      412      306      168      290      172      515      291      479      419      247      397      467      229      331      322      525      144      423      436      541      350      499      336      507      348      370      373      211      351      458      348      179      433      513      153      425      345      414      222      319      326      408      257      324      11       282      302      477      273      485      124      438      214      545      535      287      430      454      612      353      81       70       358      
1        354      0        699      166      571      448      272      402      812      493      635      523      182      468      382      463      749      649      500      660      518      538      383      428      579      789      217      590      708      762      177      477      638      646      306      485      778      584      158      432      690      840      46       682      649      448      680      782      251      461      763      653      288      678      594      766      448      555      670      739      96       155      343      571      73       803      610      797      298      414      140      773      803      623      214      358      585      345      303      288      675      
2        471      699      0        771      316      364      475      357      150      404      206      249      546      252      420      698      667      212      265      450      474      180      330      493      195      218      852      525      686      166      522      231      229      203      614      297      346      326      583      465      478      328      722      666      125      652      615      693      499      291      661      169      621      62       126      536      666      729      332      643      624      567      477      653      687      278      302      228      426      408      598      76       128      560      859      493      448      405      548      521      226      
3        342      166      771      0        576      580      299      429      862      478      664      636      325      569      522      350      667      762      614      627      478      595      440      582      618      818      80       533      618      801      274      570      661      757      232      606      776      715      312      582      650      849      120      594      697      350      605      698      393      497      684      758      213      738      653      717      345      439      667      662      167      301      331      478      111      819      615      825      345      554      176      847      858      559      89       510      733      473      266      272      698      
4        234      571      316      576      0        473      299      174      328      107      117      405      489      340      487      400      366      463      402      157      163      184      226      590      126      252      653      210      375      252      413      309      102      453      365      427      206      525      523      566      192      273      573      354      192      356      306      396      482      138      364      429      378      255      206      269      371      418      100      342      476      499      244      338      528      244      39       257      280      497      436      378      335      246      664      549      630      435      312      303      132      
5        437      448      364      580      473      0        366      354      512      484      443      116      266      138      70       686      818      221      99       628      557      307      278      131      381      551      652      638      808      504      310      170      461      221      536      67       627      136      293      103      663      647      486      782      397      646      748      851      197      343      821      241      532      382      330      742      656      756      555      797      413      292      434      714      471      596      492      561      318      46       414      418      492      681      653      134      175      107      475      437      487      
6        98       272      475      299      299      366      0        134      564      225      370      379      226      302      334      322      522      496      360      397      265      296      145      429      321      526      379      346      494      505      130      293      371      489      171      364      506      483      252      416      429      570      275      467      398      285      450      557      253      200      532      484      169      439      354      508      293      399      398      507      177      226      89       375      231      534      338      533      54       360      138      551      559      385      388      364      540      271      109      71       408      
7        114      402      357      429      174      354      134      0        433      134      236      325      317      245      348      362      467      423      312      299      203      177      75       452      188      392      509      285      454      371      239      224      237      415      256      328      379      443      350      431      334      438      409      428      268      317      396      501      316      68       472      401      263      315      232      416      329      416      274      447      309      325      119      363      365      401      211      399      106      365      272      433      430      329      519      400      526      288      190      165      274      
8        535      812      150      862      328      512      564      433      0        433      212      398      673      392      565      729      628      355      413      419      489      274      429      642      245      112      942      519      659      80       635      367      226      347      677      445      263      474      710      614      438      213      828      644      165      684      588      648      633      364      617      314      688      138      218      477      699      742      298      603      728      692      543      657      789      173      299      117      521      555      697      130      26       546      952      638      596      544      616      596      199      
9        140      493      404      478      107      484      225      134      433      0        221      440      440      364      482      297      334      520      431      172      77       242      208      586      209      360      553      154      326      358      352      338      208      511      260      450      297      560      470      565      205      373      489      300      287      252      264      368      448      147      338      491      274      347      282      286      267      326      188      314      396      445      152      255      442      348      144      364      224      498      354      472      438      197      566      535      653      423      212      211      240      
10       327      635      206      664      117      443      370      236      212      221      0        352      523      304      473      517      461      381      355      243      281      136      256      570      65       155      743      322      479      140      463      273      23       371      467      386      184      465      559      543      272      216      644      460      81       472      408      487      500      173      455      343      479      144      122      336      487      536      130      436      544      537      337      455      602      171      96       162      337      475      509      263      218      355      753      542      579      432      408      392      46       
11       428      523      249      636      405      116      379      325      398      440      352      0        347      80       179      682      766      126      23       563      516      224      256      244      296      444      713      592      765      395      362      101      373      122      549      49       534      120      380      216      597      545      557      740      295      638      700      798      285      292      766      133      548      272      232      672      650      741      474      743      471      372      428      687      533      494      417      454      326      161      461      301      377      634      716      249      227      184      483      447      394      
12       325      182      546      325      489      266      226      317      673      440      523      347      0        300      200      522      749      472      323      612      490      404      268      257      460      669      391      572      720      634      99       315      531      469      355      306      689      402      37       257      646      738      222      693      517      493      677      784      69       357      759      479      343      535      455      726      498      608      589      734      165      26       316      596      213      694      523      678      216      232      183      616      660      612      391      185      408      164      315      283      567      
13       347      468      252      569      340      138      302      245      392      364      304      80       300      0        175      601      694      195      66       496      440      169      175      266      242      418      647      518      690      373      298      31       323      189      470      88       489      197      336      239      531      510      497      665      262      558      627      726      248      218      695      189      470      256      195      609      570      661      417      672      407      324      348      608      470      460      356      428      248      172      392      318      375      560      652      248      291      152      403      368      349      
14       415      382      420      522      487      70       334      348      565      482      473      179      200      175      0        656      815      291      158      637      551      337      274      104      409      594      591      634      801      549      257      205      490      291      500      130      657      203      226      84       673      684      423      774      437      619      745      849      131      351      820      309      493      431      370      753      628      731      576      796      356      226      411      697      411      635      511      604      292      32       361      479      546      677      591      72       214      62       442      405      519      
15       254      463      698      350      400      686      322      362      729      297      517      682      522      601      656      0        328      785      666      363      241      526      426      750      504      647      394      246      273      652      425      584      503      776      167      676      549      795      535      738      372      634      432      252      584      46       277      356      566      415      347      763      181      644      573      417      32       92       454      328      387      511      254      138      390      622      432      650      368      682      349      768      735      251      409      683      861      594      214      251      531      
16       423      749      667      667      366      818      522      467      628      334      461      766      749      694      815      328      0        829      759      217      265      550      542      919      491      519      719      181      61       550      652      666      438      820      445      782      375      887      773      899      191      453      728      76       543      318      72       34       769      476      21       795      464      605      570      161      324      258      337      25       658      747      432      191      682      468      368      517      541      832      615      717      645      139      735      865      985      755      449      472      445      
17       533      649      212      762      463      221      496      423      355      520      381      126      472      195      291      785      829      0        149      616      597      281      362      329      339      430      839      666      836      377      488      204      405      9        663      166      548      126      504      303      648      538      683      813      306      740      768      859      408      376      827      42       664      260      261      717      753      836      512      806      597      497      535      774      660      488      464      439      442      266      586      234      330      706      843      354      244      308      595      561      414      
18       412      500      265      614      402      99       360      312      413      431      355      23       323      66       158      666      759      149      0        559      507      224      241      229      296      454      690      584      756      406      340      93       376      146      531      33       539      130      357      201      594      553      533      731      302      623      693      792      262      284      760      156      530      284      238      670      635      727      475      737      449      349      412      675      511      502      416      464      307      143      439      320      392      626      694      229      228      161      465      429      398      
19       306      660      450      627      157      628      397      299      419      172      243      563      612      496      637      363      217      616      559      0        148      340      366      741      276      316      695      117      240      340      524      466      220      606      396      584      191      682      643      718      35       277      652      224      325      327      169      244      616      286      212      580      413      387      355      116      341      345      122      192      564      617      317      254      605      276      151      316      396      649      520      501      434      130      709      695      787      581      366      373      229      
20       168      518      474      478      163      557      265      203      489      77       281      516      490      440      551      241      265      597      507      148      0        319      278      654      279      405      547      83       251      411      396      415      264      588      247      526      316      637      517      634      174      398      507      225      354      199      194      300      505      224      272      568      265      416      356      247      213      256      214      247      422      491      178      179      459      382      191      408      277      568      378      540      498      126      561      600      727      490      218      230      291      
21       290      538      180      595      184      307      296      177      274      242      136      224      404      169      337      526      550      281      224      340      319      0        156      434      73       266      676      385      555      230      361      137      154      271      433      253      320      342      442      407      374      348      555      532      113      480      488      580      373      112      548      249      440      143      58       448      494      566      250      526      455      422      296      498      517      299      193      276      250      339      426      256      265      425      684      407      451      298      367      340      181      
22       172      383      330      440      226      278      145      75       429      208      256      256      268      175      274      426      542      362      241      366      278      156      0        378      196      407      521      360      530      378      208      158      264      354      302      254      421      371      304      357      402      470      399      504      265      382      471      576      255      90       546      345      304      299      214      483      394      486      324      522      299      281      173      437      360      428      258      416      95       290      269      406      422      404      529      329      451      216      234      201      300      
23       515      428      493      582      590      131      429      452      642      586      570      244      257      266      104      750      919      329      229      741      654      434      378      0        506      682      644      737      904      635      336      297      587      332      589      197      754      213      270      28       776      777      472      877      527      714      848      953      193      454      924      357      581      513      460      856      723      828      677      900      422      280      510      798      470      726      613      692      391      94       436      543      621      780      642      72       162      164      536      499      615      
24       291      579      195      618      126      381      321      188      245      209      65       296      460      242      409      504      491      339      296      276      279      73       196      506      0        211      698      335      502      184      405      210      81       330      435      326      247      412      497      480      309      281      591      480      82       458      432      520      435      120      487      304      444      139      80       379      473      534      178      466      491      476      299      459      550      235      125      219      282      412      457      263      243      373      708      477      523      367      372      351      111      
25       479      789      218      818      252      551      526      392      112      360      155      444      669      418      594      647      519      430      454      316      405      266      407      682      211      0        897      423      553      52       616      389      157      420      616      487      150      538      706      654      332      110      799      540      157      604      484      538      639      328      507      388      629      174      224      366      619      650      198      494      699      686      489      562      757      63       217      10       491      590      664      229      134      445      908      666      660      561      560      546      121      
26       419      217      852      80       653      652      379      509      942      553      743      713      391      647      591      394      719      839      690      695      547      676      521      644      698      897      0        597      667      881      350      649      739      834      299      681      851      788      373      647      717      925      171      644      777      402      661      749      460      577      737      836      282      819      734      781      394      479      742      716      241      366      408      528      180      896      692      903      426      623      255      928      938      619      16       573      799      546      341      350      776      
27       247      590      525      533      210      638      346      285      519      154      322      592      572      518      634      246      181      666      584      117      83       385      360      737      335      423      597      0        172      439      476      491      302      656      301      604      308      713      598      717      126      393      575      148      401      213      111      216      589      300      188      634      320      464      414      184      225      229      224      163      495      572      257      139      528      388      225      424      360      651      451      585      531      43       612      683      807      573      287      304      321      
28       397      708      686      618      375      808      494      454      659      326      479      765      720      690      801      273      61       836      756      240      251      555      530      904      502      553      667      172      0        579      622      664      457      827      402      777      414      886      743      885      221      496      685      27       561      268      71       83       746      472      82       804      420      624      582      210      273      199      362      74       620      717      405      140      639      506      383      552      518      820      577      740      674      130      682      847      979      740      413      439      469      
29       467      762      166      801      252      504      505      371      80       358      140      395      634      373      549      652      550      377      406      340      411      230      378      635      184      52       881      439      579      0        587      344      150      368      608      439      192      487      672      607      359      162      775      564      117      608      509      571      601      305      540      335      619      123      182      402      623      663      218      525      675      652      476      577      734      113      220      61       466      543      641      181      95       466      891      621      608      519      548      531      120      
30       229      177      522      274      413      310      130      239      635      352      463      362      99       298      257      425      652      488      340      524      396      361      208      336      405      616      350      476      622      587      0        304      469      484      259      332      618      442      121      329      557      674      200      595      472      394      580      686      144      291      662      487      248      500      416      637      400      509      513      637      108      95       219      497      171      634      450      624      133      288      104      596      625      516      354      265      472      203      216      184      506      
31       331      477      231      570      309      170      293      224      367      338      273      101      315      31       205      584      666      204      93       466      415      137      158      297      210      389      649      491      664      344      304      0        291      197      459      118      457      222      352      270      501      480      504      639      232      540      599      698      267      191      667      191      460      230      165      578      552      641      386      644      411      338      332      585      474      430      325      398      239      203      393      300      351      533      654      277      320      176      391      357      317      
32       322      638      229      661      102      461      371      237      226      208      23       373      531      323      490      503      438      405      376      220      264      154      264      587      81       157      739      302      457      150      469      291      0        395      460      406      167      487      568      561      249      206      646      438      105      458      386      464      511      177      432      366      472      167      145      312      473      518      107      413      546      545      331      436      602      165      76       164      340      493      509      284      233      334      750      558      600      446      402      388      37       
33       525      646      203      757      453      221      489      415      347      511      371      122      469      189      291      776      820      9        146      606      588      271      354      332      330      420      834      656      827      368      484      197      395      0        656      164      538      131      502      305      639      529      679      804      297      732      759      849      406      367      817      33       657      250      251      707      744      828      502      796      593      495      527      765      655      478      455      430      435      267      581      227      322      696      838      355      251      305      588      554      405      
34       144      306      614      232      365      536      171      256      677      260      467      549      355      470      500      167      445      663      531      396      247      433      302      589      435      616      299      301      402      608      259      459      460      656      0        536      555      655      367      579      419      632      282      376      517      143      380      478      402      323      461      647      19       569      488      485      145      255      447      438      223      344      137      264      237      608      403      622      223      527      183      689      678      329      313      521      710      438      68       102      495      
35       423      485      297      606      427      67       364      328      445      450      386      49       306      88       130      676      782      166      33       584      526      253      254      197      326      487      681      604      777      439      332      118      406      164      536      0        570      119      338      168      619      585      521      751      334      634      714      814      242      305      783      179      533      317      269      696      645      740      503      760      439      332      421      691      500      534      443      497      312      112      433      351      425      647      684      199      203      141      471      434      429      
36       436      778      346      776      206      627      506      379      263      297      184      534      689      489      657      549      375      548      539      191      316      320      421      754      247      150      851      308      414      192      618      457      167      538      555      570      0        643      724      728      196      85       780      404      243      511      348      391      674      331      362      507      571      289      302      217      525      537      109      351      683      701      447      446      734      94       168      146      485      659      643      373      284      321      863      725      760      613      510      506      140      
37       541      584      326      715      525      136      483      443      474      560      465      120      402      197      203      795      887      126      130      682      637      342      371      213      412      538      788      713      886      487      442      222      487      131      655      119      643      0        429      189      717      644      623      861      399      752      821      918      333      413      887      163      652      364      342      790      764      857      590      864      548      428      540      806      607      593      535      548      431      173      546      358      450      755      789      252      121      242      590      553      504      
38       350      158      583      312      523      293      252      350      710      470      559      380      37       336      226      535      773      504      357      643      517      442      304      270      497      706      373      598      743      672      121      352      568      502      367      338      724      429      0        274      676      774      202      716      555      508      702      808      96       393      784      513      354      572      493      756      512      623      623      759      161      25       341      616      201      731      558      715      247      257      188      653      697      637      372      200      426      196      333      303      604      
39       499      432      465      582      566      103      416      431      614      565      543      216      257      239      84       738      899      303      201      718      634      407      357      28       480      654      647      717      885      607      329      270      561      305      579      168      728      189      274      0        753      749      476      858      499      701      828      933      190      431      903      330      571      485      433      833      710      814      651      879      420      281      494      781      470      699      588      664      375      69       431      515      593      760      646      74       152      146      523      486      588      
40       336      690      478      650      192      663      429      334      438      205      272      597      646      531      673      372      191      648      594      35       174      374      402      776      309      332      717      126      221      359      557      501      249      639      419      619      196      717      676      753      0        281      681      208      354      339      152      215      651      322      183      612      437      415      387      81       352      346      146      166      594      650      347      254      633      286      183      331      429      685      550      526      455      127      732      731      822      617      392      402      254      
41       507      840      328      849      273      647      570      438      213      373      216      545      738      510      684      634      453      538      553      277      398      348      470      777      281      110      925      393      496      162      674      480      206      529      632      585      85       644      774      749      281      0        845      487      250      595      431      467      716      383      439      496      647      280      316      293      609      622      185      430      747      752      518      531      801      51       234      101      544      683      708      338      238      406      937      755      764      646      584      577      171      
42       348      46       722      120      573      486      275      409      828      489      644      557      222      497      423      432      728      683      533      652      507      555      399      472      591      799      171      575      685      775      200      504      646      679      282      521      780      623      202      476      681      845      0        659      664      421      661      761      291      471      743      685      264      697      612      754      419      524      671      719      100      196      337      546      47       810      613      807      308      455      137      796      821      607      170      402      628      382      289      279      684      
43       370      682      666      594      354      782      467      428      644      300      460      740      693      665      774      252      76       813      731      224      225      532      504      877      480      540      644      148      27       564      595      639      438      804      376      751      404      861      716      858      208      487      659      0        541      244      56       104      718      447      96       781      395      604      560      207      250      183      346      81       593      690      378      116      613      495      364      539      491      793      550      722      659      107      660      820      953      713      386      412      451      
44       373      649      125      697      192      397      398      268      165      287      81       295      517      262      437      584      543      306      302      325      354      113      265      527      82       157      777      401      561      117      472      232      105      297      517      334      243      399      555      499      354      250      664      541      0        538      490      569      484      199      537      266      526      63       67       415      553      610      210      518      563      535      381      531      624      199      177      167      356      434      532      186      161      435      786      509      518      404      454      432      108      
45       211      448      652      350      356      646      285      317      684      252      472      638      493      558      619      46       318      740      623      327      199      480      382      714      458      604      402      213      268      608      394      540      458      732      143      634      511      752      508      701      339      595      421      244      538      0        259      348      533      369      335      717      160      598      527      390      14       115      412      314      366      484      212      128      377      581      388      607      328      644      327      722      690      224      417      648      821      556      179      215      487      
46       351      680      615      605      306      748      450      396      588      264      408      700      677      627      745      277      72       768      693      169      194      488      471      848      432      484      661      111      71       509      580      599      386      759      380      714      348      821      702      828      152      431      661      56       490      259      0        106      697      409      82       735      399      553      512      155      268      221      292      58       589      676      361      139      615      438      313      483      469      762      545      669      604      67       676      794      917      684      379      402      398      
47       458      782      693      698      396      851      557      501      648      368      487      798      784      726      849      356      34       859      792      244      300      580      576      953      520      538      749      216      83       571      686      698      464      849      478      814      391      918      808      933      215      467      761      104      569      348      106      0        804      509      32       824      497      631      599      174      354      282      361      54       692      782      467      221      715      485      396      535      576      866      649      741      666      173      765      900      1017     790      483      507      469      
48       348      251      499      393      482      197      253      316      633      448      500      285      69       248      131      566      769      408      262      616      505      373      255      193      435      639      460      589      746      601      144      267      511      406      402      242      674      333      96       190      651      716      291      718      484      533      697      804      0        345      777      418      391      494      419      732      540      649      579      752      230      95       341      628      282      670      513      649      228      163      242      566      618      631      460      122      339      101      354      319      545      
49       179      461      291      497      138      343      200      68       364      147      173      292      357      218      351      415      476      376      284      286      224      112      90       454      120      328      577      300      472      305      291      191      177      367      323      305      331      413      393      431      322      383      471      447      199      369      409      509      345      0        478      350      330      246      165      402      383      461      234      455      371      370      185      398      430      342      168      335      163      363      337      366      361      342      587      411      508      297      257      233      214      
