

sets
i        orders          /0*80/
k        routes          /1*80/
p        positions       /0*80/
;

alias(i,j)
alias(i,h)
alias(i,hh)
alias(i,jj)
alias(k,kk)
                            Parameters

rho(i)	Processing time
/
0	0
1	75
2	31
3	25
4	12
5	32
6	62
7	46
8	94
9	85
10	72
11	94
12	19
13	88
14	91
15	89
16	92
17	3
18	32
19	32
20	85
21	30
22	68
23	5
24	11
25	42
26	57
27	84
28	87
29	9
30	46
31	10
32	3
33	60
34	50
35	78
36	16
37	24
38	23
39	60
40	41
41	1
42	94
43	31
44	85
45	23
46	65
47	9
48	12
49	69
50	19
51	25
52	8
53	13
54	44
55	81
56	72
57	38
58	31
59	79
60	48
61	6
62	22
63	80
64	44
65	95
66	81
67	51
68	87
69	86
70	70
71	49
72	45
73	30
74	2
75	41
76	4
77	79
78	46
79	90
80	12
/

gamma(i)	Duedate
/
0	0
1	53
2	44
3	38
4	23
5	11
6	67
7	17
8	24
9	19
10	48
11	55
12	31
13	21
14	61
15	66
16	46
17	41
18	57
19	53
20	36
21	6
22	24
23	49
24	79
25	59
26	71
27	84
28	71
29	5
30	39
31	26
32	75
33	18
34	6
35	22
36	56
37	81
38	6
39	21
40	29
41	94
42	78
43	93
44	38
45	58
46	72
47	23
48	59
49	69
50	57
51	34
52	71
53	4
54	86
55	72
56	51
57	28
58	39
59	65
60	91
61	66
62	51
63	93
64	86
65	13
66	33
67	70
68	95
69	81
70	48
71	5
72	18
73	9
74	44
75	27
76	93
77	70
78	6
79	44
80	56
/

sigma(i)	Size
/
0	0
1	9
2	7
3	9
4	8
5	9
6	3
7	3
8	7
9	6
10	2
11	8
12	4
13	8
14	3
15	8
16	7
17	7
18	9
19	7
20	2
21	8
22	2
23	8
24	5
25	2
26	8
27	6
28	8
29	7
30	5
31	2
32	9
33	4
34	2
35	7
36	8
37	1
38	9
39	2
40	8
41	1
42	4
43	9
44	5
45	7
46	7
47	7
48	4
49	9
50	6
51	7
52	8
53	8
54	3
55	3
56	4
57	2
58	6
59	7
60	7
61	9
62	5
63	2
64	5
65	6
66	1
67	3
68	2
69	1
70	8
71	9
72	4
73	8
74	3
75	5
76	2
77	4
78	7
79	4
80	3
/

epsilon(i)	Priority
/
0	0
1	7
2	1
3	1
4	9
5	2
6	6
7	6
8	8
9	3
10	2
11	5
12	7
13	7
14	1
15	3
16	4
17	5
18	5
19	3
20	1
21	4
22	1
23	1
24	9
25	7
26	4
27	8
28	4
29	6
30	2
31	5
32	1
33	7
34	2
35	4
36	4
37	7
38	3
39	9
40	2
41	4
42	8
43	6
44	1
45	8
46	3
47	4
48	7
49	3
50	4
51	7
52	6
53	7
54	9
55	9
56	6
57	7
58	9
59	1
60	6
61	9
62	1
63	6
64	8
65	6
66	2
67	8
68	6
69	5
70	3
71	6
72	6
73	6
74	7
75	8
76	1
77	8
78	6
79	7
80	6
/

psi	Vehicle Capacity
/ 9 /
;

Table kappa(i,j)                 Setup
         0        1        2        3        4        5        6        7        8        9        10       11       12       13       14       15       16       17       18       19       20       21       22       23       24       25       26       27       28       29       30       31       32       33       34       35       36       37       38       39       40       41       42       43       44       45       46       47       48       49       50       51       52       53       54       55       56       57       58       59       60       61       62       63       64       65       66       67       68       69       70       71       72       73       74       75       76       77       78       79       80       
0        0        705      183      668      245      926      288      225      346      648      702      575      586      884      734      282      574      445      775      50       818      397      665      342      993      76       565      581      343      636      573      398      259      691      304      387      406      841      424      333      447      720      106      526      537      777      512      583      745      611      691      965      897      67       868      443      117      634      822      747      965      779      636      608      326      643      742      276      548      572      705      820      343      637      632      660      381      179      533      792      475      
1        705      0        526      789      546      384      491      526      365      406      19       145      238      270      70       455      199      654      207      666      435      311      786      512      402      643      177      438      362      539      466      426      452      812      454      319      306      136      624      443      341      460      633      374      672      99       323      236      87       174      475      399      385      643      287      289      588      307      135      535      400      219      670      192      408      275      437      493      313      624      749      181      417      388      272      330      493      552      415      257      379      
2        183      526      0        599      131      748      141      87       181      488      521      402      406      702      552      109      412      371      614      152      653      215      595      215      813      137      398      429      164      503      427      290      105      624      139      207      238      661      341      170      271      565      112      362      454      602      338      429      571      447      541      787      721      118      687      261      76       461      640      602      787      620      536      448      184      499      582      185      375      468      617      637      218      474      488      489      247      55       377      637      355      
3        668      789      599      0        467      686      470      511      687      401      772      767      551      746      756      525      831      229      981      684      504      619      3        394      770      690      796      352      630      263      324      848      671      25       494      630      702      868      257      472      490      392      575      418      146      889      476      873      874      848      356      728      645      625      705      570      649      491      811      339      727      992      122      860      733      952      430      774      477      167      80       750      775      415      942      480      376      550      376      1025     887      
4        245      546      131      467      0        698      56       45       264      404      536      446      372      673      556      98       477      239      672      240      577      248      464      97       770      238      454      335      221      392      327      405      217      492      92       248      306      673      210      107      227      475      140      287      324      634      285      504      607      508      446      739      666      183      651      257      187      402      640      501      739      679      410      512      291      581      498      313      320      342      488      621      330      395      569      425      136      84       289      702      461      
5        926      384      748      686      698      0        645      704      652      323      368      499      344      128      314      644      571      667      566      901      182      561      684      618      84       886      540      400      617      436      425      769      719      700      622      576      607      339      652      596      479      298      828      414      632      433      415      614      447      554      336      44       41       859      98       495      824      295      282      348      43       578      570      572      709      659      259      797      379      562      616      208      735      322      656      275      581      747      426      616      741      
6        288      491      141      470      56       645      0        63       231      359      481      395      316      617      499      58       431      249      622      275      530      199      466      76       716      268      406      294      181      363      290      383      201      495      38       202      265      617      217      51       171      433      185      238      324      581      230      461      553      460      406      686      614      222      596      202      210      350      584      465      686      630      399      466      267      539      454      304      266      330      481      565      309      348      528      374      106      111      245      654      432      
7        225      526      87       511      45       704      63       0        224      422      518      418      369      671      541      71       444      284      641      212      593      220      508      130      773      205      423      358      186      423      352      361      172      537      82       218      270      657      254      108      226      497      124      300      367      612      289      469      583      476      469      744      673      159      651      241      150      410      628      528      744      648      450      479      247      544      517      267      325      382      529      614      286      411      532      435      165      48       308      669      418      
8        346      365      181      687      264      652      231      224      0        458      364      229      316      580      405      172      231      476      433      303      597      97       683      298      704      279      219      424      57       522      435      164      87       713      198      80       60       502      443      215      233      539      293      340      542      431      290      248      399      267      526      684      632      290      575      170      229      397      491      595      684      438      598      266      60       321      544      145      321      531      685      504      98       440      309      430      310      225      372      455      202      
9        648      406      488      401      404      323      359      422      458      0        387      427      184      352      362      378      502      344      610      633      173      362      398      313      405      623      465      77       406      139      101      614      495      421      348      378      439      469      328      318      229      81       543      125      317      502      167      549      493      508      74       367      284      582      315      290      563      99       410      143      366      622      279      523      518      622      94       595      139      251      349      348      555      20       614      79       273      470      115      658      619      
10       702      19       521      772      536      368      481      518      364      387      0        150      220      256      54       447      209      639      227      663      416      306      768      500      389      640      185      420      358      520      448      433      450      794      444      314      306      139      609      433      328      440      627      358      656      117      307      248      106      188      456      385      368      639      271      279      585      288      129      515      385      239      652      205      409      291      417      495      297      606      731      167      420      369      288      311      480      545      398      277      389      
11       575      145      402      767      446      499      395      418      229      427      150      0        243      399      201      349      77       598      228      532      507      198      764      435      531      508      42       434      238      541      456      282      317      792      357      200      168      278      565      354      281      497      513      353      635      202      293      124      170      81       501      522      491      516      407      207      457      333      279      568      522      237      657      96       265      194      485      349      301      600      741      313      273      407      186      365      426      436      395      264      243      
12       586      238      406      551      372      344      316      369      316      184      220      243      0        301      213      304      319      425      433      559      285      221      548      310      407      542      282      201      276      305      228      455      377      574      287      237      281      332      398      265      144      254      492      138      435      337      96       366      323      323      258      381      319      519      282      152      481      92       285      325      381      444      433      339      376      438      246      462      76       386      513      252      407      164      430      125      281      409      177      479      449      
13       884      270      702      746      673      128      617      671      580      352      256      399      301      0        202      604      465      688      441      854      265      498      743      605      132      835      438      422      555      485      450      679      656      764      589      511      529      211      667      566      446      356      793      408      669      308      390      505      325      444      389      132      148      817      43       441      775      289      155      421      133      452      625      462      634      543      319      723      359      603      684      89       655      344      541      283      572      710      432      489      642      
14       734      70       552      756      556      314      499      541      405      362      54       201      213      202      0        470      264      638      268      698      372      337      753      511      334      676      238      404      392      499      432      483      488      778      464      347      348      120      610      449      338      407      655      351      647      144      306      303      144      242      427      330      315      670      217      300      619      265      87       483      331      280      635      260      452      345      382      540      289      593      710      113      467      345      342      283      487      572      388      319      442      
15       282      455      109      525      98       644      58       71       172      378      447      349      304      604      470      0        379      307      574      259      543      151      522      131      711      246      356      321      124      400      321      325      146      551      34       150      209      585      274      63       164      456      188      252      379      541      230      407      512      410      432      683      615      215      587      170      185      353      557      495      683      581      449      414      209      484      472      251      267      380      533      545      250      364      473      381      153      105      268      604      373      
16       574      199      412      831      477      571      431      444      231      502      209      77       319      465      264      379      0        650      202      528      585      232      827      480      598      503      37       505      257      612      526      235      316      856      393      229      175      319      617      396      340      574      524      422      695      224      361      47       190      37       577      591      565      521      477      261      457      410      333      644      592      207      723      35       250      122      562      324      373      664      809      377      245      482      112      442      477      453      464      226      181      
17       445      654      371      229      239      667      249      284      476      344      639      598      425      688      638      307      650      0        823      458      504      423      225      178      750      462      619      268      422      252      242      632      449      253      278      431      501      758      33       262      318      382      348      289      92       752      332      687      732      674      343      712      628      398      654      391      420      401      709      371      711      833      196      683      516      767      418      550      349      142      260      665      558      347      756      405      173      321      258      862      678      
18       775      207      614      981      672      566      622      641      433      610      227      228      433      441      268      574      202      823      0        728      641      423      977      663      565      703      218      635      456      739      660      411      518      1005     584      423      376      236      791      583      505      667      726      562      855      133      505      195      123      166      681      572      575      723      469      434      659      511      285      742      573      12       865      167      449      162      645      516      504      813      947      358      439      591      169      536      653      654      604      50       339      
19       50       666      152      684      240      901      275      212      303      633      663      532      559      854      698      259      528      458      728      0        802      361      681      337      966      26       521      570      305      633      564      348      215      708      285      350      363      802      434      315      423      709      110      510      549      735      490      535      702      565      682      939      874      60       840      412      79       612      785      740      939      732      644      562      278      594      728      226      527      578      717      786      294      621      583      640      375      164      520      744      425      
20       818      435      653      504      577      182      530      593      597      173      416      507      285      265      372      543      585      504      641      802      0        500      501      486      265      790      549      249      551      260      267      740      648      518      516      517      566      446      492      486      384      122      715      292      458      514      317      632      517      580      161      224      142      752      222      427      729      200      383      165      223      653      389      597      658      694      85       741      281      387      434      306      691      181      688      167      447      639      288      691      731      
21       397      311      215      619      248      561      199      220      97       362      306      198      221      498      337      151      232      423      423      361      500      0        615      249      617      340      206      333      57       435      346      252      159      645      161      16       84       445      390      164      142      443      322      247      477      392      195      265      363      261      432      595      539      333      488      73       282      300      425      501      595      431      522      267      157      345      447      240      225      457      609      426      193      344      334      333      250      241      282      455      272      
22       665      786      595      3        464      684      466      508      683      398      768      764      548      743      753      522      827      225      977      681      501      615      0        390      767      687      793      348      626      260      320      845      668      29       490      626      698      865      253      469      487      389      571      415      142      885      473      869      871      845      354      726      643      621      703      567      646      488      808      337      725      988      119      857      729      948      428      771      474      164      80       747      771      412      938      477      372      546      373      1021     883      
23       342      512      215      394      97       618      76       130      298      313      500      435      310      605      511      131      480      178      663      337      486      249      390      0        693      333      451      241      244      295      231      456      277      420      101      255      324      631      145      85       173      381      236      203      248      607      215      515      583      506      350      660      583      280      579      229      279      323      591      404      660      672      322      514      340      594      406      381      246      254      404      562      382      305      583      342      39       176      198      699      500      
24       993      402      813      770      770      84       716      773      704      405      389      531      407      132      334      711      598      750      565      966      265      617      767      693      0        949      570      482      674      520      507      809      776      784      691      631      655      329      733      666      547      382      897      490      716      433      485      638      453      577      420      41       125      925      128      555      887      369      281      431      42       576      654      594      759      674      343      848      450      646      699      221      782      403      673      353      657      815      505      612      774      
25       76       643      137      690      238      886      268      205      279      623      640      508      542      835      676      246      503      462      703      26       790      340      687      333      949      0        496      562      284      629      558      321      191      714      274      329      340      779      438      305      409      700      116      499      553      711      476      509      678      540      674      923      859      68       822      394      61       599      764      733      923      707      645      536      253      568      718      199      513      578      720      767      268      611      557      627      370      157      511      718      399      
26       565      177      398      796      454      540      406      423      219      465      185      42       282      438      238      356      37       619      218      521      549      206      793      451      570      496      0        468      238      575      490      249      306      821      367      205      160      305      586      369      307      536      510      385      661      218      325      84       184      55       539      562      533      509      447      229      448      373      312      607      563      225      687      64       247      158      525      326      336      629      773      351      248      445      149      405      446      436      427      248      204      
27       581      438      429      352      335      400      294      358      424      77       420      434      201      422      404      321      505      268      635      570      249      333      348      241      482      562      468      0        369      107      29       586      450      374      289      348      415      518      251      258      191      140      475      86       250      537      145      550      524      515      111      444      362      516      386      265      503      142      463      174      444      646      232      530      483      626      165      553      133      190      312      408      522      79       617      139      201      406      53       681      601      
28       343      362      164      630      221      617      181      186      57       406      358      238      276      555      392      124      257      422      456      305      551      57       626      244      674      284      238      369      0        465      378      222      102      656      145      44       84       497      389      159      178      487      275      285      485      438      239      283      407      290      472      652      595      281      545      124      227      350      479      540      652      463      540      293      114      360      494      189      271      474      627      483      154      388      348      383      254      198      316      483      257      
29       636      539      503      263      392      436      363      423      522      139      520      541      305      485      499      400      612      252      739      633      260      435      260      295      520      629      575      107      465      0        88       686      539      282      367      449      518      608      248      337      292      139      531      192      197      636      252      658      625      623      100      480      396      576      445      369      573      233      549      119      479      750      140      637      579      734      177      644      240      126      211      487      620      154      725      218      258      471      153      785      705      
30       573      466      427      324      327      425      290      352      435      101      448      456      228      450      432      321      526      242      660      564      267      346      320      231      507      558      490      29       378      88       0        598      455      346      288      361      429      547      227      257      204      152      467      104      221      565      165      571      551      538      119      469      386      509      414      281      500      171      492      175      468      672      204      552      492      648      182      559      157      161      286      437      532      106      639      167      191      401      64       706      616      
31       398      426      290      848      405      769      383      361      164      614      433      282      455      679      483      325      235      632      411      348      740      252      845      456      809      321      249      586      222      686      598      0        188      874      355      237      175      554      600      376      394      694      387      500      703      459      447      220      426      270      684      796      755      363      682      324      297      543      561      753      796      412      762      259      116      259      695      122      475      695      849      594      75       595      249      577      472      344      534      415      79       
32       259      452      105      671      217      719      201      172      87       495      450      317      377      656      488      146      316      449      518      215      648      159      668      277      776      191      306      450      102      539      455      188      0        697      179      145      148      588      418      206      266      576      213      371      525      519      331      328      487      352      558      754      696      205      647      225      141      448      575      624      754      523      595      351      79       396      586      105      366      527      679      583      114      479      384      480      300      157      396      537      250      
33       691      812      624      25       492      700      495      537      713      421      794      792      574      764      778      551      856      253      1005     708      518      645      29       420      784      714      821      374      656      282      346      874      697      0        520      656      728      889      282      498      515      408      598      442      172      911      501      898      898      873      374      742      659      648      723      596      674      513      831      352      741      1016     143      885      759      977      446      800      501      192      86       770      801      436      967      500      402      575      400      1049     913      
34       304      454      139      494      92       622      38       82       198      348      444      357      287      589      464      34       393      278      584      285      516      161      490      101      691      274      367      289      145      367      288      355      179      520      0        164      228      581      245      31       144      425      206      224      348      543      207      424      515      422      401      662      592      237      569      165      214      329      550      463      662      592      415      428      239      502      443      285      244      347      500      533      281      336      491      355      120      125      237      616      400      
35       387      319      207      630      248      576      202      218      80       378      314      200      237      511      347      150      229      431      423      350      517      16       626      255      631      329      205      348      44       449      361      237      145      656      164      0        71       454      398      170      157      459      315      262      487      397      211      260      367      259      448      610      555      324      503      90       271      316      435      517      610      431      534      264      141      339      463      224      241      469      621      439      177      360      327      350      259      236      297      453      259      
36       406      306      238      702      306      607      265      270      60       439      306      168      281      529      348      209      175      501      376      363      566      84       698      324      655      340      160      415      84       518      429      175      148      728      228      71       0        442      468      239      225      519      350      328      559      371      273      198      338      209      510      638      589      349      526      150      289      367      433      579      638      382      606      211      105      275      519      194      300      541      693      450      128      420      263      402      330      278      365      401      188      
37       841      136      661      868      673      339      617      657      502      469      139      278      332      211      120      585      319      758      236      802      446      445      865      631      329      779      305      518      497      608      547      554      588      889      581      454      442      0        730      568      458      504      767      469      764      110      426      347      137      288      528      339      354      779      245      416      724      376      63       578      340      247      746      302      543      363      473      627      408      708      818      140      551      453      364      389      608      685      506      283      499      
38       424      624      341      257      210      652      217      254      443      328      609      565      398      667      610      274      617      33       791      434      492      390      253      145      733      438      586      251      389      248      227      600      418      282      245      398      468      730      0        229      287      372      325      264      115      722      304      654      701      641      334      696      613      374      634      358      394      378      683      368      695      801      211      650      484      734      406      519      323      151      282      641      525      330      723      385      140      293      235      830      645      
39       333      443      170      472      107      596      51       108      215      318      433      354      265      566      449      63       396      262      583      315      486      164      469      85       666      305      369      258      159      337      257      376      206      498      31       170      239      568      229      0        120      394      232      194      327      535      181      430      508      424      370      636      565      266      545      154      245      301      533      432      636      591      390      431      260      509      412      311      217      321      475      513      303      305      498      327      96       153      206      617      416      
40       447      341      271      490      227      479      171      226      233      229      328      281      144      446      338      164      340      318      505      423      384      142      487      173      547      409      307      191      178      292      204      394      266      515      144      157      225      458      287      120      0        310      350      107      354      438      67       382      415      360      294      518      450      379      425      80       348      189      419      362      518      515      386      371      292      461      319      366      103      324      473      394      331      212      451      218      152      268      140      545      413      
41       720      460      565      392      475      298      433      497      539      81       440      497      254      356      407      456      574      382      667      709      122      443      389      381      382      700      536      140      487      139      152      694      576      408      425      459      519      504      372      394      310      0        615      205      336      551      248      621      546      576      39       341      257      656      314      370      640      163      442      75       340      678      273      592      599      691      39       676      219      265      327      372      636      99       683      132      341      545      188      716      698      
42       106      633      112      575      140      828      185      124      293      543      627      513      492      793      655      188      524      348      726      110      715      322      571      236      897      116      510      475      275      531      467      387      213      598      206      315      350      767      325      232      350      615      0        423      439      712      413      541      682      559      586      868      798      50       775      357      94       534      742      641      868      732      535      560      291      609      637      270      449      469      607      733      320      533      598      559      275      83       428      749      458      
43       526      374      362      418      287      414      238      300      340      125      358      353      138      408      351      252      422      289      562      510      292      247      415      203      490      499      385      86       285      192      104      500      371      442      224      262      328      469      264      194      107      205      423      0        297      474      60       466      458      435      187      456      380      460      379      178      438      121      420      255      456      573      304      448      399      544      219      472      61       251      388      377      438      112      534      138      167      347      42       606      514      
44       537      672      454      146      324      632      324      367      542      317      656      635      435      669      647      379      695      92       855      549      458      477      142      248      716      553      661      250      485      197      221      703      525      172      348      487      559      764      115      327      354      336      439      297      0        772      351      735      755      714      297      676      592      489      632      433      508      392      711      309      675      865      107      726      587      815      374      628      359      71       167      658      629      325      804      388      231      407      258      897      742      
45       777      99       602      889      634      433      581      612      431      502      117      202      337      308      144      541      224      752      133      735      514      392      885      607      433      711      218      537      438      636      565      459      519      911      543      397      371      110      722      535      438      551      712      474      772      0        422      245      33       189      569      440      443      718      336      380      659      403      153      626      441      144      769      201      464      254      526      544      413      723      847      225      466      484      256      424      590      633      515      182      399      
46       512      323      338      476      285      415      230      289      290      167      307      293      96       390      306      230      361      332      505      490      317      195      473      215      485      476      325      145      239      252      165      447      331      501      207      211      273      426      304      181      67       248      413      60       351      422      0        406      404      374      237      455      385      444      366      123      415      122      381      306      455      515      363      388      351      483      255      428      36       309      448      347      388      149      474      151      185      332      102      548      457      
47       583      236      429      873      504      614      461      469      248      549      248      124      366      505      303      407      47       687      195      535      632      265      869      515      638      509      84       550      283      658      571      220      328      898      424      260      198      347      654      430      382      621      541      466      735      245      406      0        212      61       624      633      609      533      519      302      468      457      367      691      634      198      766      44       257      79       609      321      419      706      852      416      244      529      69       489      514      474      508      209      154      
48       745      87       571      874      607      447      553      583      399      493      106      170      323      325      144      512      190      732      123      702      517      363      871      583      453      678      184      524      407      625      551      426      487      898      515      367      338      137      701      508      415      546      682      458      755      33       404      212      0        156      562      457      454      687      349      354      627      394      171      622      458      135      756      169      431      226      523      511      397      708      835      239      432      475      227      417      567      603      499      174      367      
49       611      174      447      848      508      554      460      476      267      508      188      81       323      444      242      410      37       674      166      565      580      261      845      506      577      540      55       515      290      623      538      270      352      873      422      259      209      288      641      424      360      576      559      435      714      189      374      61       156      0        582      572      551      557      458      283      494      413      306      648      573      172      738      18       287      115      562      361      383      681      823      355      282      487      108      443      501      487      477      194      211      
