

sets
i        orders          /0*10/
k        routes          /1*10/
p        positions       /0*10/
;

alias(i,j)
alias(i,h)
alias(i,hh)
alias(i,jj)
alias(k,kk)
                            Parameters

rho(i)	Processing time
/
0	0
1	31
2	40
3	64
4	67
5	74
6	89
7	70
8	73
9	50
10	30
/

gamma(i)	Duedate
/
0	0
1	68
2	57
3	71
4	20
5	28
6	78
7	31
8	91
9	52
10	75
/

sigma(i)	Size
/
0	0
1	6
2	1
3	6
4	3
5	9
6	8
7	8
8	5
9	3
10	8
/

epsilon(i)	Priority
/
0	0
1	5
2	2
3	5
4	3
5	4
6	7
7	2
8	9
9	7
10	3
/

psi	Vehicle Capacity
/ 42 /
;

Table kappa(i,j)                 Setup
         0        1        2        3        4        5        6        7        8        9        10       
0        0        52       371      384      567      350      577      294      507      359      437      
1        52       0        387      391      617      393      617      247      509      394      468      
2        371      387      0        67       692      248      345      597      174      655      154      
3        384      391      67       0        752      313      408      580      127      693      218      
4        567      617      692      752      0        450      552      815      865      340      605      
5        350      393      248      313      450      0        230      640      417      489      163      
6        577      617      345      408      552      230      0        861      457      693      191      
7        294      247      597      580      815      640      861      0        678      521      703      
8        507      509      174      127      865      417      457      678      0        821      286      
9        359      394      655      693      340      489      693      521      821      0        644      
10       437      468      154      218      605      163      191      703      286      644      0        
;



Table delta(i,j)                 Distance
         0        1        2        3        4        5        6        7        8        9        10       
0        0        2580     3870     3170     1820     2900     810      1030     1490     2610     2710     
1        2580     0        131      137      139      126      200      191      109      52       172      
2        3870     131      0        194      262      201      331      322      239      154      218      
3        3170     137      194      0        137      27       238      219      189      88       310      
4        1820     139      262      137      0        110      101      81       88       108      267      
5        2900     126      201      27       110      0        211      191      165      74       297      
6        810      200      331      238      101      211      0        22       94       191      263      
7        1030     191      322      219      81       191      22       0        92       177      269      
8        1490     109      239      189      88       165      94       92       0        117      184      
9        2610     52       154      88       108      74       191      177      117      0        223      
10       2710     172      218      310      267      297      263      269      184      223      0        
;

