

sets
i        orders          /0*10/
k        routes          /1*10/
p        positions       /0*10/
;

alias(i,j)
alias(i,h)
alias(i,hh)
alias(i,jj)
alias(k,kk)
                            Parameters

rho(i)	Processing time
/
0	0
1	84
2	23
3	9
4	51
5	10
6	75
7	16
8	28
9	82
10	36
/

gamma(i)	Duedate
/
0	0
1	85
2	77
3	14
4	20
5	85
6	80
7	93
8	7
9	95
10	27
/

sigma(i)	Size
/
0	0
1	2
2	1
3	9
4	4
5	9
6	8
7	8
8	2
9	4
10	6
/

epsilon(i)	Priority
/
0	0
1	1
2	7
3	1
4	3
5	2
6	6
7	7
8	1
9	2
10	2
/

psi	Vehicle Capacity
/ 11 /
;

Table kappa(i,j)                 Setup
         0        1        2        3        4        5        6        7        8        9        10       
0        0        57       740      877      239      845      415      430      351      921      312      
1        57       0        765      896      260      833      471      455      332      903      286      
2        740      765      0        163      505      540      602      310      567      657      620      
3        877      896      163      0        637      487      765      447      656      597      714      
4        239      260      505      637      0        649      376      194      221      740      227      
5        845      833      540      487      649      0        965      560      501      117      554      
6        415      471      602      765      376      965      0        405      598      1071     599      
7        430      455      310      447      194      560      405      0        308      668      348      
8        351      332      567      656      221      501      598      308      0        571      60       
9        921      903      657      597      740      117      1071     668      571      0        617      
10       312      286      620      714      227      554      599      348      60       617      0        
;



Table delta(i,j)                 Distance
         0        1        2        3        4        5        6        7        8        9        10       
0        0        470      2240     1550     1610     90       670      680      680      310      1840     
1        470      0        267      122      126      50       76       88       25       74       143      
2        2240     267      0        318      327      218      270      255      278      214      363      
3        1550     122      318      0        9        151      198      211      98       187      46       
4        1610     126      327      9        0        157      201      214      101      192      37       
5        90       50       218      151      157      0        77       77       68       37       181      
6        670      76       270      198      201      77       0        21       100      58       214      
7        680      88       255      211      214      77       21       0        113      49       230      
8        680      25       278      98       101      68       100      113      0        97       118      
9        310      74       214      187      192      37       58       49       97       0        214      
10       1840     143      363      46       37       181      214      230      118      214      0        
;

