

sets
i        orders          /0*10/
k        routes          /1*10/
p        positions       /0*10/
;

alias(i,j)
alias(i,h)
alias(i,hh)
alias(i,jj)
alias(k,kk)
                            Parameters

rho(i)	Processing time
/
0	0
1	17
2	64
3	48
4	78
5	98
6	56
7	76
8	14
9	73
10	41
/

gamma(i)	Duedate
/
0	0
1	94
2	42
3	22
4	93
5	69
6	98
7	67
8	7
9	63
10	61
/

sigma(i)	Size
/
0	0
1	8
2	3
3	3
4	6
5	7
6	1
7	9
8	9
9	3
10	1
/

epsilon(i)	Priority
/
0	0
1	7
2	7
3	4
4	2
5	9
6	9
7	2
8	8
9	2
10	7
/

psi	Vehicle Capacity
/ 41 /
;

Table kappa(i,j)                 Setup
         0        1        2        3        4        5        6        7        8        9        10       
0        0        523      547      610      270      748      618      215      683      842      671      
1        523      0        865      660      741      341      98       395      651      804      930      
2        547      865      0        373      711      881      957      495      480      554      140      
3        610      660      373      0        861      556      731      430      108      236      346      
4        270      741      711      861      0        1006     828      486      943      1097     849      
5        748      341      881      556      1006     0        332      549      493      599      894      
6        618      98       957      731      828      332      0        492      711      856      1016     
7        215      395      495      430      486      549      492      0        487      652      587      
8        683      651      480      108      943      493      711      487      0        166      440      
9        842      804      554      236      1097     599      856      652      166      0        473      
10       671      930      140      346      849      894      1016     587      440      473      0        
;



Table delta(i,j)                 Distance
         0        1        2        3        4        5        6        7        8        9        10       
0        0        1260     1580     1740     2070     1880     2440     2990     1730     2710     2220     
1        1260     0        70       77       163      111      286      325      192      217      242      
2        1580     70       0        16       96       41       243      273      148      147      192      
3        1740     77       16       0        98       39       253      280      159      144      201      
4        2070     163      96       98       0        60       172      188      92       64       116      
5        1880     111      41       39       60       0        224      246      133      106      169      
6        2440     286      243      253      172      224      0        59       95       195      56       
7        2990     325      273      280      188      246      59       0        135      190      83       
8        1730     192      148      159      92       133      95       135      0        139      52       
9        2710     217      147      144      64       106      195      190      139      0        140      
10       2220     242      192      201      116      169      56       83       52       140      0        
;

