
sets
i        orders          /0*10/
k        routes          /1*10/
p        positions       /0*10/
;

alias(i,j)
alias(i,h)
alias(i,hh)
alias(i,jj)
alias(k,kk)
                
                    Parameters

rho(i)	Processing time
/
0	0
1	82
2	29
3	2
4	99
5	76
6	11
7	54
8	7
9	77
10	34
/

gamma(i)	Duedate
/
0	0
1	10
2	45
3	41
4	3
5	34
6	86
7	38
8	62
9	60
10	73
/

sigma(i)	Size
/
0	0
1	3
2	5
3	8
4	2
5	4
6	7
7	1
8	5
9	9
10	2
/

epsilon(i)	Priority
/
0	0
1	4
2	8
3	2
4	9
5	7
6	7
7	8
8	5
9	2
10	4
/

psi	Vehicle Capacity
/ 40 /
;

Table kappa(i,j)                 Setup
         0        1        2        3        4        5        6        7        8        9        10       
0        0        34       22       97       59       83       102      172      173      101      84       
1        34       0        51       64       30       52       80       141      151      79       84       
2        22       51       0        116      67       91       102      178      171      124      105      
3        97       64       116      0        65       62       100      118      155      42       94       
4        59       30       67       65       0        24       50       113      120      94       113      
5        83       52       91       62       24       0        38       89       103      98       129      
6        102      80       102      100      50       38       0        81       71       137      163      
7        172      141      178      118      113      89       81       0        64       160      209      
8        173      151      171      155      120      103      71       64       0        197      232      
9        101      79       124      42       94       98       137      160      197      0        63       
10       84       84       105      94       113      129      163      209      232      63       0        
;



Table delta(i,j)                 Distance
         0        1        2        3        4        5        6        7        8        9        10       
0        0        840      2150     1220     1080     1110     280      2010     2240     1920     2460     
1        840      0        283      195      192      194      57       202      189      218      231      
2        2150     283      0        94       141      124      233      204      287      142      255      
3        1220     195      94       0        62       43       142      182      248      136      237      
4        1080     192      141      62       0        19       135      235      290      196      289      
5        1110     194      124      43       19       0        137      220      278      178      274      
6        280      57       233      142      135      137      0        193      206      193      233      
7        2010     202      204      182      235      220      193      0        87       63       55       
8        2240     189      287      248      290      278      206      87       0        150      63       
9        1920     218      142      136      196      178      193      63       150      0        113      
10       2460     231      255      237      289      274      233      55       63       113      0        
;

