
sets
i        orders          /0*10/
k        routes          /1*10/
p        positions       /0*10/
;

alias(i,j)
alias(i,h)
alias(i,hh)
alias(i,jj)
alias(k,kk)
                
                    Parameters

rho(i)	Processing time
/
0	0
1	75
2	50
3	48
4	6
5	54
6	68
7	28
8	32
9	47
10	74
/

gamma(i)	Duedate
/
0	0
1	17
2	37
3	53
4	7
5	97
6	1
7	63
8	88
9	30
10	21
/

sigma(i)	Size
/
0	0
1	1
2	1
3	8
4	4
5	7
6	9
7	6
8	2
9	1
10	2
/

epsilon(i)	Priority
/
0	0
1	8
2	8
3	5
4	6
5	6
6	1
7	2
8	8
9	8
10	3
/

psi	Vehicle Capacity
/ 17 /
;

Table kappa(i,j)                 Setup
         0        1        2        3        4        5        6        7        8        9        10       
0        0        226      51       166      76       209      53       68       172      153      158      
1        226      0        180      85       206      17       187      225      69       186      68       
2        51       180      0        132      90       163      53       59       134      113      112      
3        166      85       132      0        127      73       118      189      17       190      56       
4        76       206      90       127      0        190      37       137      139      202      146      
5        209      17       163      73       190      0        170      208      56       173      51       
6        53       187      53       118      37       170      0        104      126      164      122      
7        68       225      59       189      137      208      104      0        189      96       159      
8        172      69       134      17       139      56       126      189      0        182      44       
9        153      186      113      190      202      173      164      96       182      0        139      
10       158      68       112      56       146      51       122      159      44       139      0        
;



Table delta(i,j)                 Distance
         0        1        2        3        4        5        6        7        8        9        10       
0        0        1670     860      1110     2340     1770     1310     2500     1110     1620     1030     
1        1670     0        125      120      160      45       75       204      92       161      95       
2        860      125      0        143      250      113      59       280      126      202      31       
3        1110     120      143      0        124      156      142      142      28       59       133      
4        2340     160      250      124      0        205      224      49       127      89       229      
5        1770     45       113      156      205      0        54       249      128      203      82       
6        1310     75       59       142      224      54       0        262      117      198      29       
7        2500     204      280      142      49       249      262      0        154      89       263      
8        1110     92       126      28       127      128      117      154      0        81       111      
9        1620     161      202      59       89       203      198      89       81       0        192      
10       1030     95       31       133      229      82       29       263      111      192      0        
;

