
sets
i        orders          /0*10/
k        routes          /1*10/
p        positions       /0*10/
;

alias(i,j)
alias(i,h)
alias(i,hh)
alias(i,jj)
alias(k,kk)
                
                    Parameters

rho(i)	Processing time
/
0	0
1	90
2	63
3	73
4	35
5	54
6	34
7	54
8	53
9	16
10	27
/

gamma(i)	Duedate
/
0	0
1	58
2	96
3	77
4	46
5	17
6	85
7	79
8	87
9	38
10	25
/

sigma(i)	Size
/
0	0
1	5
2	9
3	4
4	5
5	8
6	4
7	3
8	3
9	9
10	4
/

epsilon(i)	Priority
/
0	0
1	1
2	2
3	5
4	9
5	8
6	4
7	5
8	2
9	2
10	8
/

psi	Vehicle Capacity
/ 23 /
;

Table kappa(i,j)                 Setup
         0        1        2        3        4        5        6        7        8        9        10       
0        0        120      157      89       135      74       108      94       78       76       93       
1        120      0        135      31       143      95       11       66       43       60       89       
2        157      135      0        127      259      83       132      183      140      164      201      
3        89       31       127      0        134      70       19       56       16       40       76       
4        135      143      259      134      0        184      137      78       119      94       58       
5        74       95       83       70       184      0        86       116      75       94       128      
6        108      11       132      19       137      86       0        60       32       50       82       
7        94       66       183      56       78       116      60       0        43       22       22       
8        78       43       140      16       119      75       32       43       0        24       61       
9        76       60       164      40       94       94       50       22       24       0        36       
10       93       89       201      76       58       128      82       22       61       36       0        
;



Table delta(i,j)                 Distance
         0        1        2        3        4        5        6        7        8        9        10       
0        0        2750     490      840      1580     1660     460      1870     1760     1150     2680     
1        2750     0        225      212      149      249      230      332      358      183      7        
2        490      225      0        46       112      156      5        199      198      71       218      
3        840      212      46       0        76       196      46       245      245      32       205      
4        1580     149      112      76       0        227      114      292      301      43       143      
5        1660     249      156      196      227      0        159      83       115      206      243      
6        460      230      5        46       114      159      0        201      199      73       223      
7        1870     332      199      245      292      83       201      0        42       263      326      
8        1760     358      198      245      301      115      199      42       0        267      351      
9        1150     183      71       32       43       206      73       263      267      0        176      
10       2680     7        218      205      143      243      223      326      351      176      0        
;

