
sets
i        orders          /0*10/
k        routes          /1*10/
p        positions       /0*10/
;

alias(i,j)
alias(i,h)
alias(i,hh)
alias(i,jj)
alias(k,kk)
                
                    Parameters

rho(i)	Processing time
/
0	0
1	42
2	39
3	83
4	85
5	60
6	72
7	56
8	26
9	13
10	52
/

gamma(i)	Duedate
/
0	0
1	94
2	27
3	89
4	40
5	67
6	81
7	40
8	63
9	48
10	29
/

sigma(i)	Size
/
0	0
1	3
2	3
3	3
4	2
5	7
6	5
7	7
8	1
9	8
10	5
/

epsilon(i)	Priority
/
0	0
1	8
2	3
3	4
4	5
5	9
6	3
7	1
8	3
9	9
10	4
/

psi	Vehicle Capacity
/ 23 /
;

Table kappa(i,j)                 Setup
         0        1        2        3        4        5        6        7        8        9        10       
0        0        159      73       47       113      101      91       171      84       115      139      
1        159      0        89       190      156      230      141      206      179      77       22       
2        73       89       0        100      89       142      103      151      96       46       74       
3        47       190      100      0        96       53       138      142      53       130      174      
4        113      156      89       96       0        100      185      62       46       79       150      
5        101      230      142      53       100      0        192      123      55       161      216      
6        91       141      103      138      185      192      0        247      170      146      118      
7        171      206      151      142      62       123      247      0        89       131      205      
8        84       179      96       53       46       55       170      89       0        106      168      
9        115      77       46       130      79       161      146      131      106      0        73       
10       139      22       74       174      150      216      118      205      168      73       0        
;



Table delta(i,j)                 Distance
         0        1        2        3        4        5        6        7        8        9        10       
0        0        2380     1360     200      1980     1900     2330     920      1790     500      2710     
1        2380     0        208      218      331      67       231      159      147      233      151      
2        1360     208      0        127      122      141      97       157      75       89       162      
3        200      218      127      0        202      171      223      74       164      50       255      
4        1980     331      122      202      0        264      148      260      190      152      258      
5        1900     67       141      171      264      0        170      129      82       176      116      
6        2330     231      97       223      148      170      0        240      91       186      116      
7        920      159      157      74       260      129      240      0        159      114      236      
8        1790     147      75       164      190      82       91       159      0        145      93       
9        500      233      89       50       152      176      186      114      145      0        238      
10       2710     151      162      255      258      116      116      236      93       238      0        
;

