
sets
i        orders          /0*40/
k        routes          /1*40/
p        positions       /0*40/
;

alias(i,j)
alias(i,h)
alias(i,hh)
alias(i,jj)
alias(k,kk)
                
                    Parameters

rho(i)	Processing time
/
0	0
1	65
2	95
3	76
4	85
5	17
6	94
7	27
8	1
9	70
10	45
11	9
12	78
13	8
14	61
15	2
16	89
17	47
18	92
19	84
20	81
21	4
22	91
23	75
24	77
25	3
26	32
27	93
28	64
29	80
30	58
31	91
32	45
33	19
34	81
35	85
36	54
37	27
38	86
39	22
40	33
/

gamma(i)	Duedate
/
0	0
1	15
2	50
3	14
4	97
5	6
6	6
7	15
8	67
9	77
10	49
11	81
12	83
13	55
14	27
15	6
16	6
17	68
18	89
19	27
20	83
21	71
22	64
23	89
24	61
25	49
26	52
27	11
28	30
29	67
30	78
31	20
32	74
33	40
34	5
35	68
36	87
37	26
38	87
39	34
40	76
/

sigma(i)	Size
/
0	0
1	1
2	4
3	2
4	1
5	1
6	4
7	2
8	6
9	4
10	2
11	6
12	5
13	8
14	8
15	3
16	7
17	2
18	5
19	1
20	8
21	9
22	1
23	4
24	9
25	5
26	8
27	5
28	3
29	3
30	8
31	5
32	3
33	8
34	3
35	2
36	6
37	3
38	7
39	1
40	6
/

epsilon(i)	Priority
/
0	0
1	7
2	9
3	3
4	5
5	8
6	5
7	4
8	9
9	9
10	5
11	5
12	8
13	8
14	7
15	8
16	4
17	9
18	7
19	3
20	4
21	1
22	4
23	5
24	2
25	1
26	2
27	3
28	2
29	4
30	2
31	9
32	9
33	3
34	5
35	9
36	9
37	9
38	2
39	2
40	5
/

psi	Vehicle Capacity
/ 27 /
;

Table kappa(i,j)                 Setup
         0        1        2        3        4        5        6        7        8        9        10       11       12       13       14       15       16       17       18       19       20       21       22       23       24       25       26       27       28       29       30       31       32       33       34       35       36       37       38       39       40       
0        0        307      348      177      222      135      214      201      215      225      148      193      185      198      32       364      184      161      203      249      161      274      307      228      28       56       117      437      343      317      371      294      53       183      184      264      112      79       314      407      179      
1        307      0        73       255      339      222      99       195      160      326      241      115      143      245      339      66       348      281      129      328      236      336      150      138      332      326      257      167      391      9        144      92       354      304      142      137      194      233      297      146      188      
2        348      73       0        258      334      284      135      195      161      319      305      156      206      242      381      33       353      288      149      315      245      317      221      209      375      376      317      97       363      69       76       164      399      306      167      210      238      270      264      74       198      
3        177      255      258      0        87       234      163      62       97       78       261      160      218      23       201      286      95       31       127      91       25       112      339      265      202      231      244      320      182      263      245      298      225      49       119      298      144      123      137      290      67       
4        222      339      334      87       0        310      250      144      178      16       335      248      304      93       236      364      48       73       214      37       111      61       426      351      241      278      313      383      122      347      308      385      260      44       207      385      224      193      132      355      154      
5        135      222      284      234      310      0        160      219      212      307      27       138      79       247      158      288      287      237      175      325      210      347      177      104      148      121      35       381      417      231      332      178      160      266      161      136      91       117      358      354      195      
6        214      99       135      163      250      160      0        110      81       239      185      22       94       158      247      150      253      186      36       245      141      258      184      125      240      241      190      227      321      109      172      137      264      211      44       149      103      137      238      199      96       
7        201      195      195      62       144      219      110      0        35       131      247      113      183      50       230      223      157      92       73       135      52       148      293      226      228      248      238      261      213      203      187      247      253      111      72       255      130      128      139      231      25       
8        215      160      161      97       178      212      81       35       0        165      239      90       165      85       246      188      192      126      45       168      83       179      265      203      243      258      235      231      240      168      160      217      268      146      52       229      128      138      157      201      39       
9        225      326      319      78       16       307      239      131      165      0        332      238      296      80       241      349      61       69       202      25       103      51       417      343      245      282      312      366      117      334      291      375      266      42       196      376      219      190      117      338      143      
10       148      241      305      261      335      27       185      247      239      332      0        164      99       273      167      307      309      262      202      350      236      373      178      114      156      124      32       402      443      249      356      187      165      290      188      141      118      141      385      377      222      
11       193      115      156      160      248      138      22       113      90       238      164      0        76       159      226      170      247      180      44       247      137      262      180      113      220      219      168      250      327      125      194      137      242      207      42       141      82       118      247      221      95       
12       185      143      206      218      304      79       94       183      165      296      99       76       0        223      215      208      293      231      120      309      193      327      128      48       206      190      114      303      395      151      259      109      224      260      113      84       88       131      321      278      161      
13       198      245      242      23       93       247      158      50       85       80       273      159      223      0        223      272      111      53       122      87       39       104      339      268      224      251      259      300      172      253      225      295      248      63       117      299      155      139      117      271      63       
14       32       339      381      201      236      158      247      230      246      241      167      226      215      223      0        397      194      181      236      266      187      292      333      256      10       52       135      469      358      349      403      324      25       201      217      291      144      111      337      439      210      
15       364      66       33       286      364      288      150      223      188      349      307      170      208      272      397      0        381      315      170      346      271      350      204      203      390      387      322      105      396      58       104      149      413      334      187      199      252      288      297      89       223      
16       184      348      353      95       48       287      253      157      192      61       309      247      293      111      194      381      0        67       220      85       112      110      419      341      200      240      285      411      168      357      336      383      218      47       209      376      207      170      178      382      160      
17       161      281      288      31       73       237      186      92       126      69       262      180      231      53       181      315      67       0        152      90       45       114      356      279      184      217      242      352      185      290      277      318      206      29       142      313      150      120      156      322      93       
18       203      129      149      127      214      175      36       73       45       202      202      44       120      122      236      170      220      152      0        209      107      221      220      157      231      238      201      233      285      138      169      173      255      176      19       184      100      124      203      203      60       
19       249      328      315      91       37       325      245      135      168      25       350      247      309      87       266      346      85       90       209      0        117      26       427      355      270      305      332      357      94       335      282      382      291      65       205      387      235      210      95       329      151      
20       161      236      245      25       111      210      141      52       83       103      236      137      193      39       187      271      112      45       107      117      0        137      314      240      187      213      221      313      207      245      240      274      211      70       97       273      119      100      156      283      48       
21       274      336      317      112      61       347      258      148      179      51       373      262      327      104      292      350      110      114      221      26       137      0        441      372      295      331      355      352      70       343      279      395      317      91       220      403      256      233      78       326      167      
22       307      150      221      339      426      177      184      293      265      417      178      180      128      339      333      204      419      356      220      427      314      441      0        80       323      298      208      309      506      152      294      57       337      383      222      43       216      260      421      292      275      
23       228      138      209      265      351      104      125      226      203      343      114      113      48       268      256      203      341      279      157      355      240      372      80       0        246      225      139      305      439      145      272      73       262      308      154      36       136      179      361      283      205      
24       28       332      375      202      241      148      240      228      243      245      156      220      206      224      10       390      200      184      231      270      187      295      323      246      0        43       124      464      362      342      399      315      25       204      212      281      138      107      338      434      207      
25       56       326      376      231      278      121      241      248      258      282      124      219      190      251      52       387      240      217      238      305      213      331      298      225      43       0        92       468      399      335      407      296      42       239      219      258      139      120      368      439      225      
26       117      257      317      244      313      35       190      238      235      312      32       168      114      259      135      322      285      242      201      332      221      355      208      139      124      92       0        414      426      266      363      212      133      270      185      169      108      122      374      387      213      
27       437      167      97       320      383      381      227      261      231      366      402      250      303      300      469      105      411      352      233      357      313      352      309      305      464      468      414      0        382      161      75       254      488      364      252      303      329      357      284      30       271      
28       343      391      363      182      122      417      321      213      240      117      443      327      395      172      358      396      168      185      285      94       207      70       506      439      362      399      426      382      0        397      313      457      383      159      285      468      326      303      99       359      233      
29       317      9        69       263      347      231      109      203      168      334      249      125      151      253      349      58       357      290      138      335      245      343      152      145      342      335      266      161      397      0        143      95       363      312      151      142      204      243      302      142      197      
30       371      144      76       245      308      332      172      187      160      291      356      194      259      225      403      104      336      277      169      282      240      279      294      272      399      407      363      75       313      143      0        237      424      288      188      279      269      292      213      47       199      
31       294      92       164      298      385      178      137      247      217      375      187      137      109      295      324      149      383      318      173      382      274      395      57       73       315      296      212      254      457      95       237      0        332      345      178      52       192      236      369      237      232      
32       53       354      399      225      260      160      264      253      268      266      165      242      224      248      25       413      218      206      255      291      211      317      337      262      25       42       133      488      383      363      424      332      0        226      236      296      160      131      362      459      232      
33       183      304      306      49       44       266      211      111      146      42       290      207      260      63       201      334      47       29       176      65       70       91       383      308      204      239      270      364      159      312      288      345      226      0        167      342      179      148      144      334      116      
34       184      142      167      119      207      161      44       72       52       196      188      42       113      117      217      187      209      142      19       205      97       220      222      154      212      219      185      252      285      151      188      178      236      167      0        183      82       105      208      222      53       
35       264      137      210      298      385      136      149      255      229      376      141      141      84       299      291      199      376      313      184      387      273      403      43       36       281      258      169      303      468      142      279      52       296      342      183      0        173      216      387      283      236      
36       112      194      238      144      224      91       103      130      128      219      118      82       88       155      144      252      207      150      100      235      119      256      216      136      138      139      108      329      326      204      269      192      160      179      82       173      0        44       267      300      104      
37       79       233      270      123      193      117      137      128      138      190      141      118      131      139      111      288      170      120      124      210      100      233      260      179      107      120      122      357      303      243      292      236      131      148      105      216      44       0        256      328      105      
38       314      297      264      137      132      358      238      139      157      117      385      247      321      117      337      297      178      156      203      95       156      78       421      361      338      368      374      284      99       302      213      369      362      144      208      387      267      256      0        260      163      
39       407      146      74       290      355      354      199      231      201      338      377      221      278      271      439      89       382      322      203      329      283      326      292      283      434      439      387      30       359      142      47       237      459      334      222      283      300      328      260      0        241      
40       179      188      198      67       154      195      96       25       39       143      222      95       161      63       210      223      160      93       60       151      48       167      275      205      207      225      213      271      233      197      199      232      232      116      53       236      104      105      163      241      0        
;



Table delta(i,j)                 Distance
         0        1        2        3        4        5        6        7        8        9        10       11       12       13       14       15       16       17       18       19       20       21       22       23       24       25       26       27       28       29       30       31       32       33       34       35       36       37       38       39       40       
0        0        6040     3280     3100     5360     6520     2920     5960     720      2380     4160     6500     4660     4520     1320     5600     6340     4660     520      5360     5500     3340     3100     2260     5660     1460     6720     4840     2620     2980     2600     3720     5760     2460     5560     5620     5180     2620     1960     6100     4020     
1        6040     0        297      292      72       148      242      285      266      183      187      279      327      469      344      318      135      362      315      116      128      219      152      316      317      232      258      77       190      166      360      269      23       202      77       88       145      200      378      205      106      
2        3280     297      0        303      232      240      57       146      160      174      118      178      69       180      134      118      237      79       146      204      338      283      165      273      121      139      199      220      124      144      294      322      274      223      315      231      179      110      147      189      236      
3        3100     292      303      0        295      381      266      412      144      159      298      431      372      378      219      408      368      380      182      318      202      74       201      53       410      167      432      267      212      214      87       42       290      106      233      317      324      222      247      389      192      
4        5360     72       232      295      0        94       180      214      233      155      118      209      257      409      298      246      79       293      275      45       176      227      113      307      245      195      191      28       141      119      349      282      48       193      129      24       74       148      330      138      105      
5        6520     148      240      381      94       0        203      162      296      229      127      144      238      419      341      206      14       279      327      63       268      317      184      386      204      255      116      118      195      180      425      371      130      276      219      69       67       195      368      71       197      
6        2920     242      57       266      180      203      0        152      130      123      76       178      112      228      141      142      198      133      137      158      281      235      109      244      144      98       190      165      69       87       271      279      220      175      258      182      137      54       165      165      179      
7        5960     285      146      412      214      162      152      0        282      257      122      35       102      297      279      49       169      140      285      169      376      370      223      395      46       248      64       220      201      204      424      420      262      313      336      198      140      190      293      90       278      
8        720      266      160      144      233      296      130      282      0        82       183      307      229      251      93       270      286      235      55       236      241      141      120      114      273      40       315      207      100      117      141      169      252      91       242      247      229      103      128      280      165      
9        2380     183      174      159      155      229      123      257      82       0        139      273      235      311      167      260      217      254      133      166      172      114      45       156      261      53       273      127      57       55       196      162      170      56       164      172      167      70       201      230      84       
10       4160     187      118      298      118      127      76       122      183      139      0        134      140      298      215      138      122      175      205      86       258      250      102      288      138      144      135      112      87       84       322      301      164      195      223      113      61       80       241      97       158      
11       6500     279      178      431      209      144      178      35       307      273      134      0        137      332      310      83       153      175      314      164      378      384      236      417      79       270      32       220      219      219      448      436      256      329      336      190      137      209      326      74       284      
12       4660     327      69       372      257      238      112      102      229      235      140      137      0        195      198      58       240      40       214      220      388      347      217      343      62       205      165      252      180      195      364      389      304      287      359      249      191      165      204      173      285      
13       4520     469      180      378      409      419      228      297      251      311      298      332      195      0        160      250      417      157      200      384      484      392      323      330      254      259      360      393      281      305      326      412      448      341      473      410      359      269      131      362      391      
14       1320     344      134      219      298      341      141      279      93       167      215      310      198      160      0        252      334      187      39       289      334      232      192      174      255      113      327      276      157      180      180      252      327      185      331      307      273      151      35       306      250      
15       5600     318      118      408      246      206      142      49       270      260      138      83       58       250      252      0        211      93       264      203      396      374      233      385      4        241      114      247      202      212      409      420      294      315      361      233      173      189      261      136      295      
16       6340     135      237      368      79       14       198      169      286      217      122      153      240      417      334      211      0        280      318      51       254      304      172      374      209      245      127      104      186      169      414      358      116      263      205      55       61       186      362      79       183      
17       4660     362      79       380      293      279      133      140      235      254      175      175      40       157      187      93       280      0        211      258      415      362      242      346      97       218      204      286      202      220      362      401      339      303      389      287      229      188      187      214      312      
18       520      315      146      182      275      327      137      285      55       133      205      314      214      200      39       264      318      211      0        271      296      192      164      139      267      82       327      250      135      156      151      213      299      146      296      287      259      132      73       300      217      
19       5360     116      204      318      45       63       158      169      236      166      86       164      220      384      289      203      51       258      271      0        218      255      121      323      202      195      146      60       136      119      363      310      92       213      173      29       30       139      318      93       137      
20       5500     128      338      202      176      268      281      376      241      172      258      378      388      484      334      396      254      415      296      218      0        131      172      242      396      224      364      159      213      194      284      167      140      152      51       199      242      228      369      311      102      
21       3340     219      283      74       227      317      235      370      141      114      250      384      347      392      232      374      304      362      192      255      131      0        148      111      376      145      381      200      171      165      153      54       217      60       159      250      266      184      265      334      122      
22       3100     152      165      201      113      184      109      223      120      45       102      236      217      323      192      233      172      242      164      121      172      148      0        201      234      82       233      87       42       21       241      200      135      96       151      129      123      56       226      187      70       
23       2260     316      273      53       307      386      244      395      114      156      288      417      343      330      174      385      374      346      139      323      242      111      201      0        387      147      423      278      201      209      44       95       310      115      266      326      324      208      198      383      211      
24       5660     317      121      410      245      204      144      46       273      261      138      79       62       254      255      4        209      97       267      202      396      376      234      387      0        243      110      246      204      213      412      422      293      317      361      231      172      191      265      133      296      
25       1460     232      139      167      195      255      98       248      40       53       144      270      205      259      113      241      245      218      82       195      224      145      82       147      243      0        277      169      60       76       179      183      217      86       218      208      188      63       148      240      137      
26       6720     258      199      432      191      116      190      64       315      273      135      32       165      360      327      114      127      204      327      146      364      381      233      423      110      277      0        205      222      218      456      434      236      328      319      170      122      214      346      53       275      
27       4840     77       220      267      28       118      165      220      207      127      112      220      252      393      276      247      104      286      250      60       159      200      87       278      246      169      205      0        118      95       320      254      55       164      116      50       83       127      308      152      78       
28       2620     190      124      212      141      195      69       201      100      57       87       219      180      281      157      202      186      202      135      136      213      171      42       201      204      60       222      118      0        24       236      219      171      112      193      152      128      14       189      182      113      
29       2980     166      144      214      119      180      87       204      117      55       84       219      195      305      180      212      169      220      156      119      194      165      21       209      213      76       218      95       24       0        246      216      147      110      171      131      115      36       213      175      92       
30       2600     360      294      87       349      425      271      424      141      196      322      448      364      326      180      409      414      362      151      363      284      153      241      44       412      179      456      320      236      246      0        129      353      158      310      368      362      242      198      419      255      
31       3720     269      322      42       282      371      279      420      169      162      301      436      389      412      252      420      358      401      213      310      167      54       200      95       422      183      434      254      219      216      129      0        270      106      204      305      320      231      281      387      176      
32       5760     23       274      290      48       130      220      262      252      170      164      256      304      448      327      294      116      339      299      92       140      217      135      310      293      217      236      55       171      147      353      270      0        195      90       66       122      181      360      183      98       
33       2460     202      223      106      193      276      175      313      91       56       195      329      287      341      185      315      263      303      146      213      152      60       96       115      317      86       328      164      112      110      158      106      195      0        161      213      218      125      219      283      97       
34       5560     77       315      233      129      219      258      336      242      164      223      336      359      473      331      361      205      389      296      173      51       159      151      266      361      218      319      116      193      171      310      204      90       161      0        151      199      207      366      266      82       
35       5620     88       231      317      24       69       182      198      247      172      113      190      249      410      307      233      55       287      287      29       199      250      129      326      231      208      170      50       152      131      368      305      66       213      151      0        59       156      338      117      128      
36       5180     145      179      324      74       67       137      140      229      167      61       137      191      359      273      173      61       229      259      30       242      266      123      324      172      188      122      83       128      115      362      320      122      218      199      59       0        127      301      70       153      
37       2620     200      110      222      148      195      54       190      103      70       80       209      165      269      151      189      186      188      132      139      228      184      56       208      191      63       214      127      14       36       242      231      181      125      207      156      127      0        182      177      127      
38       1960     378      147      247      330      368      165      293      128      201      241      326      204      131      35       261      362      187      73       318      369      265      226      198      265      148      346      308      189      213      198      281      360      219      366      338      301      182      0        329      285      
39       6100     205      189      389      138      71       165      90       280      230      97       74       173      362      306      136      79       214      300      93       311      334      187      383      133      240      53       152      182      175      419      387      183      283      266      117      70       177      329      0        224      
40       4020     106      236      192      105      197      179      278      165      84       158      284      285      391      250      295      183      312      217      137      102      122      70       211      296      137      275      78       113      92       255      176      98       97       82       128      153      127      285      224      0        
;

