
sets
i        orders          /0*40/
k        routes          /1*40/
p        positions       /0*40/
;

alias(i,j)
alias(i,h)
alias(i,hh)
alias(i,jj)
alias(k,kk)
                
                    Parameters

rho(i)	Processing time
/
0	0
1	68
2	70
3	11
4	53
5	28
6	68
7	14
8	30
9	77
10	23
11	43
12	76
13	74
14	59
15	22
16	3
17	38
18	51
19	11
20	14
21	81
22	90
23	23
24	94
25	84
26	15
27	62
28	53
29	96
30	51
31	47
32	16
33	98
34	23
35	8
36	79
37	57
38	50
39	17
40	72
/

gamma(i)	Duedate
/
0	0
1	12
2	71
3	92
4	3
5	60
6	95
7	24
8	97
9	38
10	83
11	88
12	79
13	58
14	86
15	39
16	26
17	66
18	8
19	81
20	30
21	54
22	29
23	25
24	34
25	17
26	26
27	43
28	81
29	21
30	35
31	10
32	49
33	27
34	95
35	19
36	67
37	33
38	24
39	85
40	21
/

sigma(i)	Size
/
0	0
1	2
2	7
3	6
4	3
5	7
6	1
7	2
8	2
9	2
10	6
11	6
12	4
13	4
14	6
15	4
16	3
17	9
18	5
19	2
20	8
21	7
22	4
23	8
24	4
25	1
26	8
27	9
28	7
29	6
30	5
31	3
32	3
33	4
34	3
35	3
36	5
37	6
38	7
39	9
40	3
/

epsilon(i)	Priority
/
0	0
1	4
2	9
3	3
4	8
5	5
6	7
7	8
8	2
9	8
10	3
11	8
12	4
13	8
14	1
15	1
16	4
17	7
18	4
19	2
20	6
21	1
22	5
23	3
24	4
25	6
26	5
27	5
28	8
29	1
30	5
31	3
32	7
33	2
34	8
35	5
36	7
37	7
38	9
39	7
40	8
/

psi	Vehicle Capacity
/ 18 /
;

Table kappa(i,j)                 Setup
         0        1        2        3        4        5        6        7        8        9        10       11       12       13       14       15       16       17       18       19       20       21       22       23       24       25       26       27       28       29       30       31       32       33       34       35       36       37       38       39       40       
0        0        157      148      160      101      228      162      206      252      44       346      43       71       327      168      290      268      345      299      324      368      217      60       336      197      447      339      54       313      142      81       57       206      310      128      224      283      236      229      208      316      
1        157      0        147      61       136      205      45       130      97       115      192      201      105      205      174      194      219      188      244      207      224      170      213      222      52       290      229      212      227      66       83       181      134      163      45       73       199      175      95       50       205      
2        148      147      0        198      47       326      187      267      196      141      269      174      165      208      277      157      352      301      380      200      268      72       203      370      143      401      209      180      371      191      100      203      270      225      104      166      144      310      242      172      189      
3        160      61       198      0        176      143      17       70       136      117      226      202      91       261      119      255      158      201      184      265      269      230      204      181      108      297      288      213      174      19       111      163      73       207      94       122      261      114      69       91       263      
4        101      136      47       176      0        292      168      242      206      98       290      128      125      244      239      198      322      310      351      238      297      118      156      355      149      413      249      134      349      165      67       156      244      248      91       175      187      282      230      173      228      
5        228      205      326      143      292      0        160      85       268      200      345      254      169      401      62       399      48       296      75       406      397      369      238      169      251      370      430      263      117      141      227      192      80       337      231      261      405      52       163      230      406      
6        162      45       187      17       168      160      0        84       120      118      212      205      96       244      135      238      173      191      198      247      253      215      210      187      91       289      271      216      184      31       105      171      88       191      82       105      244      129      66       75       246      
7        206      130      267      70       242      85       84       0        183      167      261      243      135      318      90       319      89       216      114      323      312      300      236      132      171      299      347      253      109      76       175      190      5        252      164      178      327      45       79       147      323      
8        252      97       196      136      206      268      120      183      0        211      95       295      202      137      254      155      265      105      283      145      133      180      309      217      57       206      170      305      246      150      173      278      188      71       125      30       170      224      109      47       148      
9        44       115      141      117      98       200      118      167      211      0        306      87       32       297      143      266      236      302      266      295      332      203      97       294      158      403      313      98       276      98       50       72       168      273      92       185      262      200      185      166      289      
10       346      192      269      226      290      345      212      261      95       306      0        389      297      118      341      169      333      76       345      131      60       232      404      252      148      143      153      399      297      243      265      373      266      45       218      121      191      297      182      142      142      
11       43       201      174      202      128      254      205      243      295      87       389      0        111      365      192      324      298      389      328      360      409      246      32       374      240      491      374      10       348      183      123      64       242      352      170      267      315      268      271      251      352      
12       71       105      165      91       125      169      96       135      202      32       297      111      0        302      113      276      204      286      234      301      329      221      113      264      154      385      320      122      244      72       66       76       136      268      95       178      275      168      160      155      295      
13       327      205      208      261      244      401      244      318      137      297      118      365      302      0        379      61       402      189      420      14       77       147      388      348      154      258      36       373      383      271      248      370      323      84       207      140      84       360      246      171      26       
14       168      174      277      119      239      62       135      90       254      143      341      192      113      379      0        368      107      304      136      382      387      327      176      210      225      390      404      201      168      108      176      130      86       325      190      241      371      89       163      210      380      
15       290      194      157      255      198      399      238      319      155      266      169      324      276      61       368      0        407      232      428      49       137      90       350      372      147      312      51       331      398      261      216      338      324      126      182      144      23       364      257      174      36       
16       268      219      352      158      322      48       173      89       265      236      333      298      204      402      107      407      0        276      30       409      389      388      283      128      260      340      433      307      71       161      255      236      84       332      251      264      416      43       156      234      410      
17       345      188      301      201      310      296      191      216      105      302      76       389      286      189      304      232      276      0        283      202      136      279      399      181      161      102      226      400      231      220      270      362      221      106      225      135      253      245      141      140      211      
18       299      244      380      184      351      75       198      114      283      266      345      328      234      420      136      428      30       283      0        427      402      414      312      120      282      339      452      337      60       188      284      266      110      347      278      284      438      69       173      254      429      
19       324      207      200      265      238      406      247      323      145      295      131      360      301      14       382      49       409      202      427      0        91       137      384      358      156      272      25       368      391      274      246      367      328      96       206      144      71       366      253      176      13       
20       368      224      268      269      297      397      253      312      133      332      60       409      329      77       387      137      389      136      402      91       0        217      428      312      174      186      107      418      356      283      286      402      317      62       240      151      160      350      234      178      104      
21       217      170      72       230      118      369      215      300      180      203      232      246      221      147      327      90       388      279      414      137      217      0        274      382      142      372      141      252      395      229      156      270      303      186      138      156      73       344      256      174      125      
22       60       213      203      204      156      238      210      236      309      97       404      32       113      388      176      350      283      399      312      384      428      274      0        369      256      499      399      33       338      185      141      47       235      370      188      282      342      257      274      264      376      
23       336      222      370      181      355      169      187      132      217      294      252      374      264      348      210      372      128      181      120      358      312      382      369      0        240      221      383      384      60       196      292      322      133      266      266      231      387      122      128      208      363      
24       197      52       143      108      149      251      91       171      57       158      148      240      154      154      225      147      260      161      282      156      174      142      256      240      0        263      179      250      256      117      116      228      176      114      69       27       156      216      115      32       154      
25       447      290      401      297      413      370      289      299      206      403      143      491      385      258      390      312      340      102      339      272      186      372      499      221      263      0        291      501      280      317      373      460      303      187      328      237      334      317      231      242      284      
26       339      229      209      288      249      430      271      347      170      313      153      374      320      36       404      51       433      226      452      25       107      141      399      383      179      291      0        382      416      296      263      385      352      120      225      169      69       391      278      200      24       
27       54       212      180      213      134      263      216      253      305      98       399      10       122      373      201      331      307      400      337      368      418      252      33       384      250      501      382      0        358      194      133      71       252      362      180      277      321      278      282      262      360      
28       313      227      371      174      349      117      184      109      246      276      297      348      244      383      168      398      71       231      60       391      356      395      338      60       256      280      416      358      0        184      283      290      108      304      267      253      410      80       141      226      394      
29       142      66       191      19       165      141      31       76       150      98       243      183      72       271      108      261      161      220      188      274      283      229      185      196      117      317      296      194      184      0        98       143      79       221      90       134      265      119      89       105      271      
30       81       83       100      111      67       227      105      175      173      50       265      123      66       248      176      216      255      270      284      246      286      156      141      292      116      373      263      133      283      98       0        122      177      229      47       144      212      215      170      131      239      
31       57       181      203      163      156      192      171      190      278      72       373      64       76       370      130      338      236      362      266      367      402      270      47       322      228      460      385      71       290      143      122      0        189      342      163      253      332      210      232      231      361      
32       206      134      270      73       244      80       88       5        188      168      266      242      136      323      86       324      84       221      110      328      317      303      235      133      176      303      352      252      108      79       177      189      0        257      168      183      331      41       84       152      328      
33       310      163      225      207      248      337      191      252      71       273      45       352      268      84       325      126      332      106      347      96       62       186      370      266      114      187      120      362      304      221      229      342      257      0        182      89       148      292      175      116      104      
34       128      45       104      94       91       231      82       164      125      92       218      170      95       207      190      182      251      225      278      206      240      138      188      266      69       328      225      180      267      90       47       163      168      182      0        96       182      208      140      85       200      
35       224      73       166      122      175      261      105      178      30       185      121      267      178      140      241      144      264      135      284      144      151      156      282      231      27       237      169      277      253      134      144      253      183      89       96       0        157      222      112      31       145      
36       283      199      144      261      187      405      244      327      170      262      191      315      275      84       371      23       416      253      438      71       160      73       342      387      156      334      69       321      410      265      212      332      331      148      182      157      0        372      269      184      58       
37       236      175      310      114      282      52       129      45       224      200      297      268      168      360      89       364      43       245      69       366      350      344      257      122      216      317      391      278      80       119      215      210      41       292      208      222      372      0        116      191      367      
38       229      95       242      69       230      163      66       79       109      185      182      271      160      246      163      257      156      141      173      253      234      256      274      128      115      231      278      282      141      89       170      232      84       175      140      112      269      116      0        84       256      
39       208      50       172      91       173      230      75       147      47       166      142      251      155      171      210      174      234      140      254      176      178      174      264      208      32       242      200      262      226      105      131      231      152      116      85       31       184      191      84       0        176      
40       316      205      189      263      228      406      246      323      148      289      142      352      295      26       380      36       410      211      429      13       104      125      376      363      154      284      24       360      394      271      239      361      328      104      200      145      58       367      256      176      0        
;



Table delta(i,j)                 Distance
         0        1        2        3        4        5        6        7        8        9        10       11       12       13       14       15       16       17       18       19       20       21       22       23       24       25       26       27       28       29       30       31       32       33       34       35       36       37       38       39       40       
0        0        2100     6100     6980     7540     4480     1980     5020     1900     7820     2940     1200     4060     6720     2240     6240     6760     6680     3760     1180     4760     5400     3240     5260     6380     3140     6680     7320     8320     7320     4880     5440     5960     4040     5800     6240     4840     8660     6060     2780     4900     
1        2100     0        280      251      281      152      159      178      38       294      91       79       121      231      104      230      234      258      147      160      181      166      85       164      297      120      230      263      314      290      200      206      196      161      195      228      162      334      280      50       151      
2        6100     280      0        269      275      416      232      153      247      285      371      335      193      347      379      469      393      167      133      309      119      286      357      248      18       160      385      318      345      176      87       128      284      118      234      461      415      331      4        321      221      
3        6980     251      269      0        31       286      353      134      253      43       295      330      152      103      338      286      162      109      216      393      174      99       265      87       284      230      154      50       79       120      204      145      68       214      59       274      269      85       272      249      104      
4        7540     281      275      31       0        316      377      153      282      13       326      360      178      125      369      312      184      109      236      420      190      130      296      117      290      253      176      63       70       112      217      157      98       233      87       300      298      61       279      280      132      
5        4480     152      416      286      316      0        306      283      191      325      77       165      228      209      125      90       173      344      286      282      303      188      67       215      435      265      175      269      315      373      330      314      217      299      250      92       25       348      417      103      224      
6        1980     159      232      353      377      306      0        230      127      391      233      155      201      369      208      389      385      308      148      78       203      297      239      277      243      124      380      382      429      336      195      241      318      158      294      387      319      437      230      208      252      
7        5020     178      153      134      153      283      230      0        160      166      255      253      58       195      281      323      240      83       84       283      40       133      233      95       171      105      232      177      214      115      73       31       132      80       85       314      276      214      155      202      68       
8        1900     38       247      253      282      191      127      160      0        295      128      94       109      249      132      267      259      244      115      142      156      179      124      168      263      86       254      272      322      275      171      185      205      130      195      264      199      338      246      88       149      
9        7820     294      285      43       13       325      391      166      295      0        337      373      191      130      381      318      188      118      249      434      203      141      308      130      299      267      181      65       62       119      230      169      109      246      100      307      307      48       289      292      145      
10       2940     91       371      295      326      77       233      255      128      337      0        88       197      242      54       167      222      329      237      205      266      197      30       212      388      212      221      291      341      360      289      286      229      252      248      168      97       369      371      53       211      
11       1200     79       335      330      360      165      155      253      94       373      88       0        198      301      53       255      294      335      207      117      250      241      107      243      351      177      291      339      390      367      264      279      272      222      275      256      185      412      334      94       231      
12       4060     121      193      152      178      228      201      58       109      191      197      198      0        180      223      276      213      137      80       243      75       108      176      78       211      83       206      181      227      169      106      88       121      86       93       268      224      237      194      144      50       
13       6720     231      347      103      125      209      369      195      249      130      242      301      180      0        293      189      59       204      259      390      234      73       211      103      364      262      51       65       105      221      268      218      62       263      113      177      187      142      349      208      133      
14       2240     104      379      338      369      125      208      281      132      381      54       53       223      293      0        215      276      360      247      165      284      243      83       253      395      218      274      339      390      391      302      310      275      262      287      218      148      416      378      89       247      
15       6240     230      469      286      312      90       389      323      267      318      167      255      276      189      215      0        135      367      346      371      351      201      151      237      487      331      141      254      291      392      382      353      222      357      268      12       70       330      470      181      256      
16       6760     234      393      162      184      173      385      240      259      188      222      294      213      59       276      135      0        260      293      394      277      107      193      145      411      290      8        122      156      279      311      266      112      299      164      123      148      195      396      200      173      
17       6680     258      167      109      109      344      308      83       244      118      329      335      137      204      360      367      260      0        159      366      105      166      304      130      181      185      251      159      179      32       122      67       148      150      99       357      333      164      171      276      120      
18       3760     147      133      216      236      286      148      84       115      249      237      207      80       259      247      346      293      159      0        209      54       188      224      156      150      31       286      253      295      188      57       92       199      15       161      340      287      297      133      188      127      
19       1180     160      309      393      420      282      78       283      142      434      205      117      243      390      165      371      394      366      209      0        263      321      221      310      320      180      390      415      464      396      262      300      348      222      334      371      300      478      306      198      289      
20       4760     181      119      174      190      303      203      40       156      203      266      250      75       234      284      351      277      105      54       263      0        169      248      132      137      83       269      217      254      133      34       38       171      45       125      343      299      251      120      213      104      
21       5400     166      286      99       130      188      297      133      179      141      197      241      108      73       243      201      107      166      188      321      169      0        167      38       304      189      99       97       148      191      203      160      32       193      67       190      172      173      288      153      65       
22       3240     85       357      265      296      67       239      233      124      308      30       107      176      211      83       151      193      304      224      221      248      167      0        184      375      202      191      261      310      335      273      264      199      238      220      150      80       339      357      36       185      
23       5260     164      248      87       117      215      277      95       168      130      212      243      78       103      253      237      145      130      156      310      132      38       184      0        266      161      137      105      154      158      166      121      43       159      36       227      203      170      250      163      29       
24       6380     297      18       284      290      435      243      171      263      299      388      351      211      364      395      487      411      181      150      320      137      304      375      266      0        177      403      334      359      188      105      146      301      136      251      480      434      344      17       338      239      
25       3140     120      160      230      253      265      124      105      86       267      212      177      83       262      218      331      290      185      31       180      83       189      202      161      177      0        283      264      308      215      88       119      204      46       173      325      269      314      160      165      133      
26       6680     230      385      154      176      175      380      232      254      181      221      291      206      51       274      141      8        251      286      390      269      99       191      137      403      283      0        115      150      271      303      257      104      292      155      129      150      189      387      197      165      
27       7320     263      318      50       63       269      382      177      272      65       291      339      181      65       339      254      122      159      253      415      217      97       261      105      334      264      115      0        50       170      248      191      67       254      92       242      249      79       321      251      130      
28       8320     314      345      79       70       315      429      214      322      62       341      390      227      105      390      291      156      179      295      464      254      148      310      154      359      308      150      50       0        181      283      224      118      294      135      279      293      40       348      301      177      
29       7320     290      176      120      112      373      336      115      275      119      360      367      169      221      391      392      279      32       188      396      133      191      335      158      188      215      271      170      181      0        146      95       170      178      124      381      361      159      181      307      150      
30       4880     200      87       204      217      330      195      73       171      230      289      264      106      268      302      382      311      122      57       262      34       203      273      166      105      88       303      248      283      146      0        60       205      42       158      374      329      277      88       237      138      
31       5440     206      128      145      157      314      241      31       185      169      286      279      88       218      310      353      266      67       92       300      38       160      264      121      146      119      257      191      224      95       60       0        155      83       105      344      308      217      131      232      97       
32       5960     196      284      68       98       217      318      132      205      109      229      272      121      62       275      222      112      148      199      348      171      32       199      43       301      204      104      67       118      170      205      155      0        201      51       211      201      141      287      185      72       
33       4040     161      118      214      233      299      158      80       130      246      252      222      86       263      262      357      299      150      15       222      45       193      238      159      136      46       292      254      294      178      42       83       201      0        161      350      300      294      119      202      130      
34       5800     195      234      59       87       250      294      85       195      100      248      275      93       113      287      268      164      99       161      334      125      67       220      36       251      173      155      92       135      124      158      105      51       161      0        258      237      144      237      198      45       
35       6240     228      461      274      300      92       387      314      264      307      168      256      268      177      218      12       123      357      340      371      343      190      150      227      480      325      129      242      279      381      374      344      211      350      258      0        71       318      463      179      247      
36       4840     162      415      269      298      25       319      276      199      307      97       185      224      187      148      70       148      333      287      300      299      172      80       203      434      269      150      249      293      361      329      308      201      300      237      71       0        328      416      112      215      
37       8660     334      331      85       61       348      437      214      338      48       369      412      237      142      416      330      195      164      297      478      251      173      339      170      344      314      189      79       40       159      277      217      141      294      144      318      328      0        335      327      189      
38       6060     280      4        272      279      417      230      155      246      289      371      334      194      349      378      470      396      171      133      306      120      288      357      250      17       160      387      321      348      181      88       131      287      119      237      463      416      335      0        321      223      
39       2780     50       321      249      280      103      208      202      88       292      53       94       144      208      89       181      200      276      188      198      213      153      36       163      338      165      197      251      301      307      237      232      185      202      198      179      112      327      321      0        159      
40       4900     151      221      104      132      224      252      68       149      145      211      231      50       133      247      256      173      120      127      289      104      65       185      29       239      133      165      130      177      150      138      97       72       130      45       247      215      189      223      159      0        
;

