
sets
i        orders          /0*40/
k        routes          /1*40/
p        positions       /0*40/
;

alias(i,j)
alias(i,h)
alias(i,hh)
alias(i,jj)
alias(k,kk)
                
                    Parameters

rho(i)	Processing time
/
0	0
1	97
2	18
3	61
4	98
5	61
6	33
7	19
8	69
9	87
10	72
11	40
12	44
13	3
14	84
15	80
16	1
17	48
18	35
19	1
20	58
21	39
22	82
23	1
24	12
25	26
26	76
27	55
28	23
29	1
30	35
31	74
32	94
33	30
34	27
35	28
36	4
37	77
38	22
39	80
40	64
/

gamma(i)	Duedate
/
0	0
1	26
2	75
3	59
4	68
5	33
6	93
7	18
8	45
9	43
10	47
11	91
12	65
13	19
14	77
15	84
16	91
17	23
18	66
19	89
20	92
21	56
22	10
23	91
24	17
25	90
26	87
27	11
28	88
29	7
30	25
31	7
32	60
33	33
34	77
35	72
36	52
37	14
38	87
39	96
40	85
/

sigma(i)	Size
/
0	0
1	9
2	3
3	9
4	9
5	6
6	3
7	8
8	7
9	4
10	2
11	3
12	2
13	9
14	1
15	3
16	2
17	2
18	9
19	9
20	1
21	2
22	3
23	8
24	9
25	6
26	6
27	1
28	3
29	9
30	3
31	6
32	1
33	4
34	6
35	6
36	6
37	4
38	3
39	4
40	5
/

epsilon(i)	Priority
/
0	0
1	6
2	1
3	8
4	5
5	7
6	9
7	5
8	6
9	1
10	6
11	5
12	5
13	3
14	2
15	8
16	8
17	1
18	6
19	7
20	6
21	4
22	2
23	6
24	4
25	3
26	3
27	2
28	9
29	8
30	3
31	8
32	3
33	1
34	9
35	5
36	7
37	3
38	7
39	1
40	2
/

psi	Vehicle Capacity
/ 20 /
;

Table kappa(i,j)                 Setup
         0        1        2        3        4        5        6        7        8        9        10       11       12       13       14       15       16       17       18       19       20       21       22       23       24       25       26       27       28       29       30       31       32       33       34       35       36       37       38       39       40       
0        0        349      365      292      386      390      259      185      69       355      122      332      393      497      308      177      126      384      323      192      155      153      426      335      405      408      451      180      156      416      252      341      69       331      397      52       428      387      191      383      152      
1        349      0        74       113      341      184      149      181      283      143      235      93       132      218      49       174      228      126      305      258      219      286      271      121      75       151      203      284      254      124      208      337      320      102      226      321      163      283      159      164      306      
2        365      74       0        80       413      258      121      221      305      217      265      39       58       281      68       188      256      51       374      310      258      331      346      60       47       223      273      334      299      192      270      406      349      46       300      347      232      356      178      238      351      
3        292      113      80       0        408      280      41       175      237      235      204      42       101      330      68       121      195      92       360      270      206      282      363      45       127      257      311      291      251      235      248      392      285      39       317      280      272      361      116      261      301      
4        386      341      413      408      0        179      417      265      335      203      299      416      471      271      353      342      303      464      62       197      263      232      117      442      412      231      221      205      236      270      168      49       317      423      139      334      239      68       329      196      235      
5        390      184      258      280      179      0        304      211      322      46       271      273      316      116      214      266      269      310      170      215      234      259      87       301      246      51       64       241      240      90       144      196      333      282      43       343      62       112      248      20       275      
6        259      149      121      41       417      304      0        167      209      258      183      82       134      363      101      100      175      126      365      263      193      269      382      76       168      286      340      281      238      268      252      396      259      78       337      252      302      375      101      286      286      
7        185      181      221      175      265      211      167      0        115      173      63       202      268      313      153      77       59       258      207      96       38       110      264      218      249      224      269      116      77       231      98       236      142      205      227      146      244      239      67       201      130      
8        69       283      305      237      335      322      209      115      0        287      52       275      338      428      244      117      56       329      272      137      87       107      364      281      342      339      382      133      98       346      188      294      52       275      332      43       359      328      127      314      114      
9        355      143      217      235      203      46       258      173      287      0        234      230      276      141      169      222      232      269      180      193      200      235      129      257      210      54       96       221      212      79       122      210      302      238      83       312      73       141      205      30       253      
10       122      235      265      204      299      271      183      63       52       234      0        239      304      375      201      84       8        294      237      104      38       91       316      249      299      286      330      110      67       294      142      262      85       240      282      86       306      284      88       262      106      
11       332      93       39       42       416      273      82       202      275      230      239      0        65       309      63       158      230      56       372      295      237      312      359      28       87       243      296      318      280      217      264      405      322      9        313      318      256      364      150      254      332      
12       393      132      58       101      471      316      134      268      338      276      304      65       0        331      122      222      295      9        431      360      302      378      404      58       82       279      328      383      345      246      325      463      386      63       359      381      288      415      215      296      397      
13       497      218      281      330      271      116      363      313      428      141      375      309      331      0        263      353      372      328      278      331      341      374      155      337      250      89       54       357      353      95       259      300      444      318      138      453      69       203      335      116      390      
14       308      49       68       68       353      214      101      153      244      169      201      63       122      263      0        131      193      113      310      241      190      263      298      89       98       189      242      265      230      168      203      342      286      70       252      285      203      301      117      194      283      
15       177      174      188      121      342      266      100      77       117      222      84       158      222      353      131      0        75       212      284      168      95       169      331      166      227      266      317      183      140      262      173      314      163      158      290      159      285      312      18       252      187      
16       126      228      256      195      303      269      175      59       56       232      8        230      295      372      193      75       0        285      241      110      40       99       317      240      291      283      328      117      74       289      143      267      93       231      282      92       303      287      79       260      114      
17       384      126      51       92       464      310      126      258      329      269      294      56       9        328      113      212      285      0        423      351      293      368      397      49       80       274      323      374      336      242      317      455      376      54       352      372      283      408      206      290      388      
18       323      305      374      360      62       170      365      207      272      180      237      372      431      278      310      284      241      423      0        134      201      170      138      396      379      220      225      143      173      255      113      32       255      379      140      271      233      84       273      182      174      
19       192      258      310      270      197      215      263      96       137      193      104      295      360      331      241      168      110      351      134      0        74       44       236      313      331      247      279      28       39       268      71       158      126      299      212      141      266      195      162      214      59       
20       155      219      258      206      263      234      193      38       87       200      38       237      302      341      190      95       40       293      201      74       0        76       278      251      287      253      295      87       44       263      104      228      106      239      245      112      273      246      92       227      95       
21       153      286      331      282      232      259      269      110      107      235      91       312      378      374      263      169      99       368      170      44       76       0        280      327      358      290      323      26       32       309      115      188      85       315      256      101      309      237      168      258      20       
22       426      271      346      363      117      87       382      264      364      129      316      359      404      155      298      331      317      397      138      236      278      280      0        387      334      133      108      256      270      172      175      152      362      367      45       376      134      54       315      107      290      
23       335      121      60       45       442      301      76       218      281      257      249      28       58       337      89       166      240      49       396      313      251      327      387      0        106      272      324      335      295      245      286      429      330      19       341      324      284      390      161      282      346      
24       405      75       47       127      412      246      168      249      342      210      299      87       82       250      98       227      291      80       379      331      287      358      334      106      0        204      250      358      325      168      283      411      384      94       290      383      210      351      214      226      378      
25       408      151      223      257      231      51       286      224      339      54       286      243      279      89       189      266      283      274      220      247      253      290      133      272      204      0        53       275      267      39       176      247      356      252      93       365      19       163      248      38       307      
26       451      203      273      311      221      64       340      269      382      96       330      296      328      54       242      317      328      323      225      279      295      323      108      324      250      53       0        305      303      81       208      247      395      305      85       405      40       152      299      67       339      
27       180      284      334      291      205      241      281      116      133      221      110      318      383      357      265      183      117      374      143      28       87       26       256      335      358      275      305      0        43       296      98       162      111      321      235      128      293      211      179      241      34       
28       156      254      299      251      236      240      238      77       98       212      67       280      345      353      230      140      74       336      173      39       44       32       270      295      325      267      303      43       0        283      97       197      93       283      242      106      286      231      137      236      52       
29       416      124      192      235      270      90       268      231      346      79       294      217      246      95       168      262      289      242      255      268      263      309      172      245      168      39       81       296      283      0        199      284      369      226      133      376      41       202      244      74       327      
30       252      208      270      248      168      144      252      98       188      122      142      264      325      259      203      173      143      317      113      71       104      115      175      286      283      176      208      98       97       199      0        144      191      270      145      203      195      143      161      143      131      
31       341      337      406      392      49       196      396      236      294      210      262      405      463      300      342      314      267      455      32       158      228      188      152      429      411      247      247      162      197      284      144      0        272      411      162      289      258      98       303      209      189      
32       69       320      349      285      317      333      259      142      52       302      85       322      386      444      286      163      93       376      255      126      106      85       362      330      384      356      395      111      93       369      191      272      0        322      335      18       376      321      171      328      82       
33       331      102      46       39       423      282      78       205      275      238      240      9        63       318      70       158      231      54       379      299      239      315      367      19       94       252      305      321      283      226      270      411      322      0        321      318      265      372      151      262      334      
34       397      226      300      317      139      43       337      227      332      83       282      313      359      138      252      290      282      352      140      212      245      256      45       341      290      93       85       235      242      133      145      162      335      321      0        348      100      70       273      63       270      
35       52       321      347      280      334      343      252      146      43       312      86       318      381      453      285      159      92       372      271      141      112      101      376      324      383      365      405      128      106      376      203      289      18       318      348      0        385      336      169      338      100      
36       428      163      232      272      239      62       302      244      359      73       306      256      288      69       203      285      303      283      233      266      273      309      134      284      210      19       40       293      286      41       195      258      376      265      100      385      0        170      267      53       326      
37       387      283      356      361      68       112      375      239      328      141      284      364      415      203      301      312      287      408      84       195      246      237      54       390      351      163      152      211      231      202      143      98       321      372      70       336      170      0        297      129      245      
38       191      159      178      116      329      248      101      67       127      205      88       150      215      335      117      18       79       206      273      162      92       168      315      161      214      248      299      179      137      244      161      303      171      151      273      169      267      297      0        235      186      
39       383      164      238      261      196      20       286      201      314      30       262      254      296      116      194      252      260      290      182      214      227      258      107      282      226      38       67       241      236      74       143      209      328      262      63       338      53       129      235      0        274      
40       152      306      351      301      235      275      286      130      114      253      106      332      397      390      283      187      114      388      174      59       95       20       290      346      378      307      339      34       52       327      131      189      82       334      270      100      326      245      186      274      0        
;



Table delta(i,j)                 Distance
         0        1        2        3        4        5        6        7        8        9        10       11       12       13       14       15       16       17       18       19       20       21       22       23       24       25       26       27       28       29       30       31       32       33       34       35       36       37       38       39       40       
0        0        1880     1900     4560     5180     2540     5160     3680     3240     5040     6840     2140     5900     2340     7140     2680     2000     960      980      4580     6060     4620     820      2840     1420     1480     2480     4480     3800     1060     2520     6240     4060     5220     4060     2600     2360     2940     900      4820     460      
1        1880     0        179      210      217      162      196      141      185      166      292      60       204      184      315      215      155      141      124      279      247      153      90       153      149      91       218      129      97       99       35       274      178      224      166      223      50       132      124      146      111      
2        1900     179      0        222      272      199      291      211      130      344      355      203      384      43       360      148      164      77       55       153      327      325      89       131      121      107      94       304      276      140      204      316      209      270      221      57       183      161      55       322      98       
3        4560     210      222      0        64       351      115      79       95       332      138      270      344      185      138      353      328      260      198      174      124      338      187      92       298      154      313      247      256      274      196      94       34       56       56       277      163      82       204      263      251      
4        5180     217      272      64       0        372      59       77       154      308      84       276      310      239      99       390      354      298      238      238      60       319      220      141      330      186      359      216      237      297      193      57       63       12       55       329      166      114      244      230      282      
5        2540     162      199      351      372      0        358      295      289      246      452      116      298      234      471      105      36       121      173      349      408      213      167      269      79       198      157      265      220      76       196      428      322      377      318      201      210      268      167      276      109      
6        5160     196      291      115      59       358      0        79       190      258      100      252      255      265      130      392      346      302      249      285      51       274      224      168      329      192      370      166      193      288      166      101      98       71       75       348      148      131      254      178      281      
7        3680     141      211      79       77       295      79       0        118      253      158      201      266      186      176      317      278      226      170      220      119      258      147      91       256      114      292      168      176      221      120      133      46       82       25       269      91       52       175      185      208      
8        3240     185      130      95       154      289      190      118      0        340      233      237      364      90       233      270      261      182      119      104      214      334      123      33       224      99       223      269      261      214      187      190      93       149      114      183      153      72       126      287      181      
9        5040     166      344      332      308      246      258      253      340      0        354      150      52       351      388      340      263      293      289      440      305      36       257      306      282      255      365      92       78       229      153      359      299      319      276      383      187      273      289      83       261      
10       6840     292      355      138      84       452      100      158      233      354      0        350      345      321      37       474      436      382      323      305      50       373      304      224      414      270      443      262      293      379      264      49       146      85       139      412      242      198      329      271      366      
11       2140     60       203      270      276      116      252      201      237      150      350      0        197      219      374      194      121      143      152      324      303      125      125      208      132      139      215      150      105      79       86       334      238      284      226      235      110      191      150      162      112      
12       5900     204      384      344      310      298      255      266      364      52       345      197      0        386      381      390      314      338      328      468      297      88       295      331      330      288      412      97       108      277      183      356      312      322      287      425      214      294      328      80       306      
13       2340     184      43       185      239      234      265      186      90       351      321      219      386      0        323      190      200      113      67       115      296      336      95       98       158      98       136      300      278      167      203      279      175      236      191      93       176      134      71       318      126      
14       7140     315      360      138      99       471      130      176      233      388      37       374      381      323      0        487      454      394      333      294      84       405      317      229      429      283      451      296      324      397      289      45       155      95       154      416      265      210      339      306      380      
15       2680     215      148      353      390      105      392      317      270      340      474      194      390      190      487      0        78       92       154      298      437      309      170      261      66       204      67       340      298      118      251      441      331      392      335      122      250      277      148      354      111      
16       2000     155      164      328      354      36       346      278      261      263      436      121      314      200      454      78       0        87       142      315      394      232      142      243      43       174      122      270      226      57       190      410      301      358      299      165      198      247      136      283      79       
17       960      141      77       260      298      121      302      226      182      293      382      143      338      113      394      92       87       0        63       228      346      269      78       170      44       112      76       271      235      68       174      349      238      299      243      92       166      184      57       287      31       
18       980      124      55       198      238      173      249      170      119      289      323      152      328      67       333      154      142      63       0        179      289      272      34       106      105      57       121      248      220      102      148      288      177      239      184      106      129      124      6        266      63       
19       4580     279      153      174      238      349      285      220      104      440      305      324      468      115      294      298      315      228      179      0        298      432      199      137      273      187      236      373      363      281      287      257      187      230      212      182      254      177      183      392      241      
20       6060     247      327      124      60       408      51       119      214      305      50       303      297      296      84       437      394      346      289      298      0        323      267      198      375      234      411      212      243      337      217      67       121      68       106      384      198      166      295      222      327      
21       4620     153      325      338      319      213      274      258      334      36       373      125      88       336      405      309      232      269      272      432      323      0        241      302      254      244      339      112      83       203      148      373      304      330      283      360      183      272      271      108      237      
22       820      90       89       187      220      167      224      147      123      257      304      125      295      95       317      170      142      78       34       199      267      241      0        101      111      34       148      214      187      91       114      272      162      222      165      139      96       107      36       232      63       
23       2840     153      131      92       141      269      168      91       33       306      224      208      331      98       229      261      243      170      106      137      198      302      101      0        209      72       221      236      228      192      154      184      77       138      94       188      119      41       113      254      163      
24       1420     149      121      298      330      79       329      256      224      282      414      132      330      158      429      66       43       44       105      273      375      254      111      209      0        145      86       275      234      53       184      384      274      333      275      123      185      219      98       289      48       
25       1480     91       107      154      186      198      192      114      99       255      270      139      288      98       283      204      174      112      57       187      234      244      34       72       145      0        178      201      181      121      104      238      128      188      131      162      77       73       62       219      97       
26       2480     218      94       313      359      157      370      292      223      365      443      215      412      136      451      67       122      76       121      236      411      339      148      221      86       178      0        348      311      135      250      406      297      358      305      55       241      245      116      363      107      
27       4480     129      304      247      216      265      166      168      269      92       262      150      97       300      296      340      270      271      248      373      212      112      214      236      275      201      348      0        46       222      100      267      214      228      190      351      124      198      250      18       240      
28       3800     97       276      256      237      220      193      176      261      78       293      105      108      278      324      298      226      235      220      363      243      83       187      228      234      181      311      46       0        180      76       290      222      247      200      320      109      194      221      56       203      
29       1060     99       140      274      297      76       288      221      214      229      379      79       277      167      397      118      57       68       102      281      337      203      91       192      53       121      135      222      180      0        135      353      246      302      243      161      140      191      97       236      42       
30       2520     35       204      196      193      196      166      120      187      153      264      86       183      203      289      251      190      174      148      287      217      148      114      154      184      104      250      100      76       135      0        250      162      201      146      252      35       124      150      117      145      
31       6240     274      316      94       57       428      101      133      190      359      49       334      356      279      45       441      410      349      288      257      67       373      272      184      384      238      406      267      290      353      250      0        110      51       110      371      223      165      294      279      336      
32       4060     178      209      34       63       322      98       46       93       299      146      238      312      175      155      331      301      238      177      187      121      304      162      77       274      128      297      214      222      246      162      110      0        61       26       265      129      55       183      231      226      
33       5220     224      270      56       12       377      71       82       149      319      85       284      322      236      95       392      358      299      239      230      68       330      222      138      333      188      358      228      247      302      201      51       61       0        59       327      173      115      245      242      285      
34       4060     166      221      56       55       318      75       25       114      276      139      226      287      191      154      335      299      243      184      212      106      283      165      94       275      131      305      190      200      243      146      110      26       59       0        278      116      60       190      206      227      
35       2600     223      57       277      329      201      348      269      183      383      412      235      425      93       416      122      165      92       106      182      384      360      139      188      123      162      55       351      320      161      252      371      265      327      278      0        234      218      102      369      122      
36       2360     50       183      163      166      210      148      91       153      187      242      110      214      176      265      250      198      166      129      254      198      183      96       119      185      77       241      124      109      140      35       223      129      173      116      234      0        89       132      142      140      
37       2940     132      161      82       114      268      131      52       72       273      198      191      294      134      210      277      247      184      124      177      166      272      107      41       219      73       245      198      194      191      124      165      55       115      60       218      89       0        130      216      171      
38       900      124      55       204      244      167      254      175      126      289      329      150      328      71       339      148      136      57       6        183      295      271      36       113      98       62       116      250      221      97       150      294      183      245      190      102      132      130      0        267      58       
39       4820     146      322      263      230      276      178      185      287      83       271      162      80       318      306      354      283      287      266      392      222      108      232      254      289      219      363      18       56       236      117      279      231      242      206      369      142      216      267      0        256      
40       460      111      98       251      282      109      281      208      181      261      366      112      306      126      380      111      79       31       63       241      327      237      63       163      48       97       107      240      203      42       145      336      226      285      227      122      140      171      58       256      0        
;

