
sets
i        orders          /0*10/
k        routes          /1*10/
p        positions       /0*10/
;

alias(i,j)
alias(i,h)
alias(i,hh)
alias(i,jj)
alias(k,kk)
                
                    Parameters

rho(i)	Processing time
/
0	0
1	81
2	33
3	65
4	63
5	39
6	36
7	96
8	50
9	85
10	61
/

gamma(i)	Duedate
/
0	0
1	12
2	89
3	24
4	9
5	61
6	71
7	16
8	61
9	85
10	56
/

sigma(i)	Size
/
0	0
1	9
2	9
3	7
4	1
5	1
6	3
7	6
8	5
9	4
10	8
/

epsilon(i)	Priority
/
0	0
1	1
2	6
3	5
4	5
5	5
6	7
7	7
8	8
9	5
10	2
/

psi	Vehicle Capacity
/ 26 /
;

Table kappa(i,j)                 Setup
         0        1        2        3        4        5        6        7        8        9        10       
0        0        65       37       13       84       75       89       16       58       64       13       
1        65       0        47       70       52       62       33       80       87       84       54       
2        37       47       0        33       88       88       79       46       88       91       37       
3        13       70       33       0        95       87       97       13       70       76       25       
4        84       52       88       95       0        20       33       99       65       57       70       
5        75       62       88       87       20       0        52       89       45       37       62       
6        89       33       79       97       33       52       0        105      91       85       77       
7        16       80       46       13       99       89       105      0        64       72       29       
8        58       87       88       70       65       45       91       64       0        10       51       
9        64       84       91       76       57       37       85       72       10       0        55       
10       13       54       37       25       70       62       77       29       51       55       0        
;



Table delta(i,j)                 Distance
         0        1        2        3        4        5        6        7        8        9        10       
0        0        1020     880      1080     360      1440     1080     420      540      1440     560      
1        1020     0        76       103      56       21       56       39       76       86       80       
2        880      76       0        79       27       90       98       63       60       116      41       
3        1080     103      79       0        64       124      75       64       27       69       38       
4        360      56       27       64       0        74       71       36       40       90       29       
5        1440     21       90       124      74       0        73       60       97       103      99       
6        1080     56       98       75       71       73       0        35       58       30       75       
7        420      39       63       64       36       60       35       0        38       58       48       
8        540      76       60       27       40       97       58       38       0        62       21       
9        1440     86       116      69       90       103      30       58       62       0        84       
10       560      80       41       38       29       99       75       48       21       84       0        
;

