
sets
i        orders          /0*10/
k        routes          /1*10/
p        positions       /0*10/
;

alias(i,j)
alias(i,h)
alias(i,hh)
alias(i,jj)
alias(k,kk)
                
                    Parameters

rho(i)	Processing time
/
0	0
1	31
2	1
3	27
4	50
5	30
6	46
7	22
8	3
9	91
10	78
/

gamma(i)	Duedate
/
0	0
1	70
2	96
3	75
4	83
5	59
6	87
7	79
8	35
9	33
10	30
/

sigma(i)	Size
/
0	0
1	6
2	4
3	2
4	4
5	2
6	9
7	4
8	4
9	6
10	6
/

epsilon(i)	Priority
/
0	0
1	6
2	9
3	3
4	2
5	2
6	8
7	5
8	9
9	4
10	9
/

psi	Vehicle Capacity
/ 30 /
;

Table kappa(i,j)                 Setup
         0        1        2        3        4        5        6        7        8        9        10       
0        0        60       48       79       76       56       62       51       60       39       13       
1        60       0        38       37       47       44       73       19       22       57       56       
2        48       38       0        33       28       69       35       18       20       70       36       
3        79       37       33       0        15       81       58       30       19       90       69       
4        76       47       28       15       0        89       45       34       25       94       65       
5        56       44       69       81       89       0        101      55       64       24       61       
6        62       73       35       58       45       101      0        54       53       95       49       
7        51       19       18       30       34       55       54       0        10       61       43       
8        60       22       20       19       25       64       53       10       0        71       51       
9        39       57       70       90       94       24       95       61       71       0        49       
10       13       56       36       69       65       61       49       43       51       49       0        
;



Table delta(i,j)                 Distance
         0        1        2        3        4        5        6        7        8        9        10       
0        0        800      1360     1340     1400     720      440      1480     1500     1360     500      
1        800      0        31       53       32       42       50       34       37       61       51       
2        1360     31       0        42       35       53       70       17       36       54       82       
3        1340     53       42       0        75       33       55       60       77       12       90       
4        1400     32       35       75       0        73       82       21       5        86       73       
5        720      42       53       33       73       0        22       67       77       32       61       
6        440      50       70       55       82       22       0        81       87       52       46       
7        1480     34       17       60       21       67       81       0        19       72       84       
8        1500     37       36       77       5        77       87       19       0        88       79       
9        1360     61       54       12       86       32       52       72       88       0        93       
10       500      51       82       90       73       61       46       84       79       93       0        
;

