
sets
i        orders          /0*10/
k        routes          /1*10/
p        positions       /0*10/
;

alias(i,j)
alias(i,h)
alias(i,hh)
alias(i,jj)
alias(k,kk)
                
                    Parameters

rho(i)	Processing time
/
0	0
1	48
2	19
3	85
4	4
5	48
6	26
7	21
8	11
9	60
10	51
/

gamma(i)	Duedate
/
0	0
1	96
2	90
3	97
4	32
5	13
6	49
7	94
8	93
9	3
10	63
/

sigma(i)	Size
/
0	0
1	9
2	4
3	5
4	3
5	8
6	3
7	6
8	7
9	4
10	8
/

epsilon(i)	Priority
/
0	0
1	4
2	9
3	4
4	1
5	5
6	3
7	6
8	1
9	1
10	2
/

psi	Vehicle Capacity
/ 24 /
;

Table kappa(i,j)                 Setup
         0        1        2        3        4        5        6        7        8        9        10       
0        0        79       81       51       22       75       103      19       11       45       93       
1        79       0        73       29       59       43       28       69       89       47       14       
2        81       73       0        74       64       107      100      62       82       43       86       
3        51       29       74       0        34       34       51       45       62       33       41       
4        22       59       64       34       0        64       84       11       30       23       73       
5        75       43       107      34       64       0        44       75       86       68       44       
6        103      28       100      51       84       44       0        95       113      75       14       
7        19       69       62       45       11       75       95       0        23       27       83       
8        11       89       82       62       30       86       113      23       0        50       103      
9        45       47       43       33       23       68       75       27       50       0        62       
10       93       14       86       41       73       44       14       83       103      62       0        
;



Table delta(i,j)                 Distance
         0        1        2        3        4        5        6        7        8        9        10       
0        0        580      1660     840      960      1300     840      600      500      380      1440     
1        580      0        112      71       76       80       39       58       31       38       85       
2        1660     112      0        41       39       88       108      54       96       80       93       
3        840      71       41       0        17       71       68       18       60       39       66       
4        960      76       39       17       0        56       81       18       57       51       84       
5        1300     80       88       71       56       0        107      55       49       82       131      
6        840      39       108      68       81       107      0        65       62       30       50       
7        600      58       54       18       18       55       65       0        42       35       76       
8        500      31       96       60       57       49       62       42       0        45       98       
9        380      38       80       39       51       82       30       35       45       0        53       
10       1440     85       93       66       84       131      50       76       98       53       0        
;

