
sets
i        orders          /0*10/
k        routes          /1*10/
p        positions       /0*10/
;

alias(i,j)
alias(i,h)
alias(i,hh)
alias(i,jj)
alias(k,kk)
                
                    Parameters

rho(i)	Processing time
/
0	0
1	8
2	81
3	40
4	28
5	97
6	26
7	22
8	16
9	50
10	49
/

gamma(i)	Duedate
/
0	0
1	24
2	21
3	39
4	90
5	14
6	82
7	40
8	84
9	72
10	40
/

sigma(i)	Size
/
0	0
1	5
2	2
3	8
4	3
5	3
6	8
7	1
8	4
9	9
10	3
/

epsilon(i)	Priority
/
0	0
1	3
2	4
3	6
4	8
5	3
6	8
7	4
8	8
9	3
10	8
/

psi	Vehicle Capacity
/ 35 /
;

Table kappa(i,j)                 Setup
         0        1        2        3        4        5        6        7        8        9        10       
0        0        52       50       80       14       77       38       100      107      36       56       
1        52       0        33       35       50       38       14       66       78       53       15       
2        50       33       0        37       40       30       26       50       57       28       48       
3        80       35       37       0        74       11       43       34       49       65       46       
4        14       50       40       74       0        69       35       90       95       21       58       
5        77       38       30       11       69       0        43       27       40       58       52       
6        38       14       26       43       35       43       0        70       79       39       25       
7        100      66       50       34       90       27       70       0        15       74       79       
8        107      78       57       49       95       40       79       15       0        76       92       
9        36       53       28       65       21       58       39       74       76       0        65       
10       56       15       48       46       58       52       25       79       92       65       0        
;



Table delta(i,j)                 Distance
         0        1        2        3        4        5        6        7        8        9        10       
0        0        580      960      700      760      1480     260      300      160      780      580      
1        580      0        29       18       27       62       41       16       35       10       49       
2        960      29       0        13       14       88       57       33       57       27       75       
3        700      18       13       0        9        80       44       20       43       20       62       
4        760      27       14       9        0        89       45       24       46       30       67       
5        1480     62       88       80       89       0        85       73       73       61       64       
6        260      41       57       44       45       85       0        26       12       51       32       
7        300      16       33       20       24       73       26       0        23       26       42       
8        160      35       57       43       46       73       12       23       0        45       22       
9        780      10       27       20       30       61       51       26       45       0        57       
10       580      49       75       62       67       64       32       42       22       57       0        
;

