

sets
i        orders          /0*80/
k        routes          /1*80/
p        positions       /0*80/
;

alias(i,j)
alias(i,h)
alias(i,hh)
alias(i,jj)
alias(k,kk)
                            Parameters

rho(i)	Processing time
/
0	0
1	10
2	59
3	22
4	59
5	45
6	73
7	94
8	57
9	43
10	82
11	36
12	65
13	84
14	33
15	16
16	48
17	63
18	34
19	85
20	83
21	81
22	73
23	87
24	38
25	24
26	26
27	24
28	15
29	52
30	67
31	72
32	66
33	61
34	63
35	38
36	2
37	9
38	83
39	58
40	43
41	75
42	35
43	83
44	44
45	71
46	48
47	27
48	67
49	66
50	97
51	66
52	82
53	92
54	34
55	30
56	19
57	60
58	88
59	59
60	85
61	18
62	99
63	20
64	82
65	4
66	36
67	81
68	47
69	86
70	38
71	81
72	17
73	64
74	75
75	1
76	49
77	48
78	66
79	68
80	58
/

gamma(i)	Duedate
/
0	0
1	75
2	45
3	81
4	23
5	37
6	28
7	96
8	66
9	51
10	67
11	20
12	12
13	28
14	55
15	91
16	4
17	39
18	64
19	10
20	64
21	86
22	38
23	4
24	88
25	8
26	99
27	11
28	10
29	44
30	51
31	22
32	85
33	82
34	36
35	78
36	37
37	15
38	85
39	29
40	79
41	62
42	43
43	37
44	2
45	58
46	62
47	14
48	83
49	70
50	23
51	33
52	24
53	33
54	35
55	64
56	34
57	39
58	77
59	3
60	27
61	35
62	92
63	38
64	20
65	17
66	65
67	37
68	75
69	95
70	9
71	93
72	44
73	39
74	26
75	8
76	30
77	24
78	75
79	49
80	47
/

sigma(i)	Size
/
0	0
1	2
2	4
3	5
4	3
5	2
6	9
7	6
8	1
9	9
10	7
11	1
12	9
13	6
14	3
15	4
16	4
17	2
18	8
19	1
20	8
21	7
22	8
23	5
24	6
25	3
26	7
27	1
28	2
29	5
30	1
31	9
32	2
33	9
34	1
35	6
36	1
37	2
38	7
39	7
40	8
41	9
42	8
43	1
44	2
45	3
46	9
47	4
48	4
49	2
50	7
51	2
52	1
53	9
54	4
55	8
56	5
57	2
58	3
59	1
60	7
61	2
62	1
63	3
64	9
65	4
66	6
67	2
68	3
69	5
70	1
71	2
72	6
73	2
74	2
75	2
76	1
77	2
78	9
79	5
80	4
/

epsilon(i)	Priority
/
0	0
1	6
2	9
3	7
4	3
5	7
6	9
7	5
8	3
9	4
10	5
11	2
12	1
13	2
14	8
15	1
16	9
17	9
18	6
19	4
20	5
21	9
22	7
23	7
24	7
25	3
26	4
27	4
28	4
29	8
30	5
31	2
32	5
33	8
34	8
35	8
36	4
37	8
38	8
39	1
40	1
41	7
42	2
43	1
44	3
45	7
46	2
47	3
48	4
49	8
50	4
51	7
52	1
53	2
54	8
55	9
56	5
57	3
58	1
59	1
60	1
61	4
62	8
63	7
64	9
65	4
66	9
67	3
68	8
69	9
70	5
71	7
72	5
73	1
74	3
75	9
76	2
77	8
78	4
79	4
80	3
/

psi	Vehicle Capacity
/ 64 /
;

Table kappa(i,j)                 Setup
         0        1        2        3        4        5        6        7        8        9        10       11       12       13       14       15       16       17       18       19       20       21       22       23       24       25       26       27       28       29       30       31       32       33       34       35       36       37       38       39       40       41       42       43       44       45       46       47       48       49       50       51       52       53       54       55       56       57       58       59       60       61       62       63       64       65       66       67       68       69       70       71       72       73       74       75       76       77       78       79       80       
0        0        1069     1192     1813     1163     1116     2753     2934     2979     731      1514     1617     2309     75       3173     573      1765     2650     3208     2958     2697     2438     1353     3459     2058     838      615      1224     2772     2283     2381     2091     1402     1725     2424     2553     2410     2558     1484     986      2612     1954     3005     2994     1735     1033     3530     221      2945     904      1609     1520     2021     1382     1939     2308     1905     1302     3178     1259     2548     1410     2469     1223     2054     390      2590     1223     1219     415      1907     295      957      1208     2727     1728     1945     2512     2874     670      2171     
1        1069     0        1502     1715     1665     2176     2074     3113     1958     1676     2494     1859     1746     1076     2313     882      1390     2612     2229     3106     2057     1748     1536     2473     1068     1478     1551     1563     2039     1329     1795     2577     405      1779     1454     1703     2620     1502     611      1546     2026     2441     2258     1999     1144     160      2549     1147     2127     1945     1084     1830     984      2420     1791     1489     2009     1239     2272     2272     2009     1993     1985     223      2362     1458     1526     2246     1538     1410     904      1135     1903     233      2325     1078     892      1642     2117     1156     1700     
2        1192     1502     0        2910     2355     1579     3565     1754     2787     1817     2431     427      1535     1118     2631     1666     966      1473     2882     1773     3539     1779     2510     3125     1944     470      916      2404     2107     2803     1616     1075     1540     569      2914     3203     1230     2557     2111     341      3492     939      2325     2728     1188     1353     3178     991      2366     1786     1057     349      2395     2176     873      2991     718      2380     2710     1434     3458     564      3411     1725     902      1260     2800     2092     36       1524     1861     906      1040     1734     1737     2539     2026     2080     2224     524      1335     
3        1813     1715     2910     0        975      2599     1376     4656     3243     1696     2196     3332     3457     1885     3858     1257     3089     4249     3599     4667     1273     3432     539      3805     2571     2640     2402     756      3694     1703     3503     3895     2052     3350     1830     1585     4136     2698     1346     2777     1129     3757     3897     3357     2858     1856     3888     2033     3723     2073     2796     3259     1859     2361     3445     1385     3565     530      3765     2875     1015     3219     883      1587     3811     2030     2399     2178     2944     1730     2417     2097     2702     1555     4040     943      2268     3226     3756     2404     3415     
4        1163     1665     2355     975      0        1671     2293     4092     3553     765      1236     2780     3308     1237     3979     819      2822     3806     3861     4119     2201     3370     449      4096     2716     1979     1636     231      3681     2307     3370     3204     2069     2880     2453     2357     3569     3040     1647     2133     2069     3072     3907     3623     2698     1743     4175     1370     3789     1122     2596     2681     2273     1385     3067     2117     3066     738      3933     1972     1965     2524     1842     1662     3208     1225     2879     1203     2382     904      2551     1453     1874     1631     3803     1521     2483     3307     3767     1832     3207     
5        1116     2176     1579     2599     1671     0        3757     2950     4022     909      997      1873     3068     1100     4084     1575     2485     2930     4211     3006     3686     3270     2063     4463     3100     1123     728      1858     3609     3390     3147     1905     2476     2124     3533     3629     2480     3640     2592     1238     3580     1805     3837     4014     2592     2120     4528     1039     3833     560      2453     1743     3138     676      2452     3380     2203     2180     4124     335      3497     1346     3395     2339     2098     728      3702     687      1582     916      2961     1073     553      2325     3317     2775     3029     3458     3722     1298     2884     
6        2753     2074     3565     1376     2293     3757     0        5172     2665     2910     3529     3934     3512     2807     3484     2202     3355     4623     3045     5158     113      3369     1846     3186     2373     3455     3365     2062     3528     1044     3529     4636     2192     3844     1062     590      4689     2167     1464     3555     268      4498     3676     2828     3024     2231     3264     2940     3442     3292     3024     3901     1481     3651     3809     652      4075     1603     3331     3978     392      4015     533      1855     4437     3080     1708     3460     3601     2840     2278     2975     3710     1841     4148     1040     2053     2991     3549     3152     3555     
7        2934     3113     1754     4656     4092     2950     5172     0        3624     3482     3935     1327     2025     2858     3026     3420     1873     701      3529     92       5164     2320     4264     3709     3082     2118     2516     4155     2483     4275     2069     1064     2994     1335     4353     4727     524      3645     3713     1962     5139     1147     2587     3487     2239     2953     3726     2722     2788     3349     2194     1414     3819     3624     1393     4550     1106     4126     3199     2662     5122     1634     5092     3324     890      2922     4038     3603     1723     3222     3084     2640     2434     3342     1595     4191     3308     2819     2578     2276     1857     
8        2979     1958     2787     3243     3553     4022     2665     3624     0        3632     4450     2893     1600     2966     896      2829     1926     2930     380      3568     2734     1305     3306     561      923      3053     3315     3403     1218     1668     1555     3660     1580     2624     1611     2075     3317     546      1944     3032     2819     3561     1243     185      1611     1952     644      2992     977      3880     1734     2954     1386     4358     2350     2091     2800     2948     706      4033     2891     3347     2966     1900     3278     3349     956      4191     2813     3354     1071     2950     3623     1930     2111     2304     1075     806      1167     2773     1782     
9        731      1676     1817     1696     765      909      2910     3482     3632     0        817      2219     3040     782      3889     854      2491     3289     3888     3520     2831     3168     1157     4136     2726     1378     967      949      3501     2691     3112     2528     2056     2380     2839     2855     2969     3174     1920     1535     2715     2402     3734     3665     2465     1685     4209     858      3666     383      2341     2105     2528     785      2630     2605     2533     1310     3884     1207     2624     1863     2515     1772     2592     563      3129     595      1837     317      2567     942      1141     1748     3443     1988     2568     3222     3602     1332     2899     
10       1514     2494     2431     2196     1236     997      3529     3935     4450     817      0        2785     3790     1549     4688     1654     3222     3862     4703     3987     3438     3941     1684     4952     3543     1961     1515     1467     4278     3450     3865     2900     2873     2999     3599     3562     3452     3990     2705     2105     3304     2796     4511     4482     3238     2502     5025     1586     4458     652      3108     2659     3324     335      3292     3316     3115     1950     4690     1319     3199     2311     3073     2585     3068     1223     3930     340      2443     1107     3384     1660     1503     2560     4138     2703     3386     4025     4383     2016     3633     
11       1617     1859     427      3332     2780     1873     3934     1327     2893     2219     2785     0        1462     1542     2600     2092     972      1079     2933     1345     3914     1745     2937     3164     2124     843      1281     2832     2046     3119     1539     785      1830     309      3219     3541     804      2737     2470     689      3875     672      2243     2808     1289     1703     3207     1412     2332     2153     1182     129      2689     2509     669      3340     331      2802     2709     1669     3847     593      3806     2080     503      1657     3035     2445     398      1936     2069     1328     1320     2093     1504     2921     2261     2129     2163     952      1247     
12       2309     1746     1535     3457     3308     3068     3512     2025     1600     3040     3790     1462     0        2259     1140     2489     582      1334     1539     1970     3536     306      3262     1748     1173     1951     2349     3254     583      2500     80       2160     1418     1156     2540     2979     1731     1658     2193     1862     3556     2082     791      1469     612      1617     1781     2204     873      3142     712      1560     2040     3591     818      2860     1277     2984     1264     2962     3575     2020     3590     1876     1747     2567     2097     3469     1546     2722     1239     2129     2555     1906     636      2701     1470     794      701      1791     215      
13       75       1076     1118     1885     1237     1100     2807     2858     2966     782      1549     1542     2259     0        3140     639      1709     2578     3188     2883     2753     2394     1428     3439     2044     763      558      1299     2730     2314     2332     2017     1395     1653     2454     2595     2334     2556     1517     910      2670     1880     2963     2977     1691     1029     3509     147      2909     927      1563     1445     2040     1403     1872     2351     1831     1371     3150     1224     2608     1337     2531     1241     1979     385      2602     1250     1145     464      1895     219      907      1227     2667     1777     1942     2482     2834     597      2117     
14       3173     2313     2631     3858     3979     4084     3484     3026     896      3889     4688     2600     1140     3140     0        3184     1667     2328     597      2956     3542     857      3815     703      1292     3003     3355     3868     567      2450     1066     3296     1909     2297     2422     2896     2820     1318     2513     2937     3609     3222     443      711      1492     2246     706      3124     268      4065     1631     2693     2078     4535     1957     2871     2414     3480     206      4021     3666     3145     3724     2340     2878     3496     1796     4390     2646     3582     1452     3062     3607     2373     1434     2957     1590     673      456      2786     1356     
15       573      882      1666     1257     819      1575     2202     3420     2829     854      1654     2092     2489     639      3184     0        2013     3062     3111     3435     2140     2552     850      3353     1950     1383     1186     782      2866     1848     2551     2638     1285     2143     1995     2054     2896     2347     1067     1519     2049     2499     3093     2879     1879     938      3430     785      2985     1190     1778     2011     1673     1636     2291     1805     2347     735      3152     1778     1980     1963     1898     936      2561     878      2277     1448     1698     670      1786     843      1518     910      2995     1200     1754     2510     2954     1151     2393     
16       1765     1390     966      3089     2822     2485     3355     1873     1926     2491     3222     972      582      1709     1667     2013     0        1270     1962     1843     3360     812      2828     2196     1225     1369     1768     2794     1141     2413     662      1734     1164     699      2485     2875     1461     1819     1934     1285     3355     1635     1363     1836     367      1238     2242     1643     1401     2572     331      1046     1952     3015     481      2715     888      2586     1756     2382     3356     1482     3348     1567     1360     1999     2176     2897     980      2173     1213     1564     1974     1592     982      2439     1434     1158     1258     1213     410      
17       2650     2612     1473     4249     3806     2930     4623     701      2930     3289     3862     1079     1334     2578     2328     3062     1270     0        2828     638      4625     1624     3912     3009     2433     1920     2360     3832     1782     3680     1374     1279     2431     926      3747     4145     610      2975     3187     1767     4615     1287     1891     2789     1621     2453     3026     2459     2087     3232     1601     1203     3218     3580     821      3985     756      3726     2498     2694     4609     1591     4594     2808     896      2729     3387     3522     1451     2997     2453     2373     2380     2830     903      3684     2682     2127     1878     1981     1180     
18       3208     2229     2882     3599     3861     4211     3045     3529     380      3888     4703     2933     1539     3188     597      3111     1962     2828     0        3465     3115     1233     3636     251      1163     3193     3492     3721     1052     2047     1480     3676     1834     2646     1991     2456     3270     913      2281     3155     3200     3587     1010     242      1694     2202     321      3200     762      4112     1828     3008     1748     4590     2339     2471     2798     3282     391      4196     3271     3430     3344     2198     3275     3565     1337     4430     2904     3598     1325     3150     3781     2229     1962     2664     1379     805      971      2934     1742     
19       2958     3106     1773     4667     4119     3006     5158     92       3568     3520     3987     1345     1970     2883     2956     3435     1843     638      3465     0        5152     2263     4282     3642     3043     2150     2555     4177     2416     4251     2012     1132     2975     1331     4327     4706     551      3600     3702     1993     5130     1208     2515     3428     2206     2945     3658     2748     2720     3395     2167     1438     3793     3679     1365     4533     1105     4137     3131     2723     5115     1681     5088     3315     929      2958     3999     3654     1742     3255     3050     2666     2485     3333     1522     4184     3275     2765     2510     2296     1808     
20       2697     2057     3539     1273     2201     3686     113      5164     2734     2831     3438     3914     3536     2753     3542     2140     3360     4625     3115     5152     0        3402     1753     3262     2408     3415     3312     1970     3569     1093     3555     4607     2195     3833     1125     661      4676     2229     1451     3519     155      4468     3723     2895     3035     2216     3341     2889     3492     3214     3030     3878     1516     3566     3808     684      4064     1522     3393     3914     279      3979     421      1841     4417     3017     1778     3376     3575     2771     2307     2926     3654     1825     4171     1003     2085     3034     3593     3116     3572     
21       2438     1748     1779     3432     3370     3270     3369     2320     1305     3168     3941     1745     306      2394     857      2552     812      1624     1233     2263     3402     0        3283     1443     997      2168     2544     3296     340      2338     251      2459     1380     1444     2363     2817     2037     1411     2124     2093     3434     2378     571      1168     703      1638     1478     2357     590      3302     833      1836     1888     3761     1116     2719     1577     2983     966      3186     3463     2287     3489     1845     2049     2726     1871     3629     1793     2853     1096     2286     2775     1877     844      2624     1316     507      452      1976     513      
22       1353     1536     2510     539      449      2063     1846     4264     3306     1157     1684     2937     3262     1428     3815     850      2828     3912     3636     4282     1753     3283     0        3861     2527     2192     1912     220      3574     1937     3317     3444     1923     2993     2078     1939     3740     2774     1363     2337     1620     3307     3792     3394     2650     1648     3942     1574     3648     1533     2566     2852     1967     1830     3133     1707     3197     364      3749     2345     1516     2762     1393     1474     3397     1522     2559     1644     2541     1212     2364     1647     2193     1442     3804     1137     2260     3154     3650     1989     3188     
23       3459     2473     3125     3805     4096     4463     3186     3709     561      4136     4952     3164     1748     3439     703      3353     2196     3009     251      3642     3262     1443     3861     0        1410     3441     3743     3952     1227     2215     1684     3898     2080     2873     2146     2601     3471     1107     2501     3401     3354     3813     1144     474      1938     2450     82       3451     921      4363     2073     3242     1947     4841     2558     2635     3018     3505     513      4446     3431     3669     3512     2435     3492     3816     1489     4680     3146     3848     1570     3401     4031     2466     2126     2866     1612     1044     1132     3184     1956     
24       2058     1068     1944     2571     2716     3100     2373     3082     923      2726     3543     2124     1173     2044     1292     1950     1225     2433     1163     3043     2408     997      2527     1410     0        2159     2398     2592     1171     1341     1176     2909     671      1898     1370     1820     2687     615      1225     2154     2446     2794     1349     939      860      1040     1484     2069     1155     2961     945      2162     892      3440     1703     1724     2105     2188     1222     3121     2483     2508     2518     1059     2567     2426     956      3275     1973     2440     165      2027     2714     1091     1805     1691     326      660      1211     1867     1266     
25       838      1478     470      2640     1979     1123     3455     2118     3053     1378     1961     843      1951     763      3003     1383     1369     1920     3193     2150     3415     2168     2192     3441     2159     0        446      2059     2505     2808     2031     1255     1636     1037     2933     3161     1598     2752     2051     156      3348     1117     2730     3017     1518     1358     3500     618      2744     1319     1379     726      2446     1706     1341     2931     1164     2119     3062     1019     3299     580      3235     1694     1230     815      2924     1622     481      1105     2047     545      606      1694     2201     2414     2173     2408     2620     323      1763     
26       615      1551     916      2402     1636     728      3365     2516     3315     967      1515     1281     2349     558      3355     1186     1768     2360     3492     2555     3312     2544     1912     3743     2398     446      0        1751     2883     2842     2428     1572     1801     1484     2978     3143     2005     2959     2051     593      3228     1442     3113     3299     1863     1467     3807     430      3105     873      1725     1160     2534     1265     1782     2901     1607     1905     3397     729      3164     898      3083     1742     1626     415      3066     1176     928      733      2267     418      356      1733     2638     2335     2355     2732     2996     569      2172     
27       1224     1563     2404     756      231      1858     2062     4155     3403     949      1467     2832     3254     1299     3868     782      2794     3832     3721     4177     1970     3296     220      3952     2592     2059     1751     0        3598     2101     3313     3303     1962     2908     2245     2133     3630     2880     1474     2209     1839     3168     3820     3481     2642     1658     4032     1441     3690     1321     2549     2740     2094     1609     3071     1896     3104     521      3813     2147     1736     2620     1614     1533     3278     1350     2695     1424     2434     1033     2427     1519     2015     1500     3775     1308     2342     3201     3679     1880     3168     
28       2772     2039     2107     3694     3681     3609     3528     2483     1218     3501     4278     2046     583      2730     567      2866     1141     1782     1052     2416     3569     340      3574     1227     1171     2505     2883     3598     0        2485     506      2730     1654     1739     2491     2958     2256     1455     2364     2426     3614     2658     232      1052     1040     1940     1247     2695     308      3640     1172     2144     2056     4101     1394     2885     1849     3264     719      3522     3653     2603     3690     2116     2311     3065     1939     3967     2120     3187     1300     2625     3111     2149     910      2851     1498     540      117      2316     798      
29       2283     1329     2803     1703     2307     3390     1044     4275     1668     2691     3450     3119     2500     2314     2450     1848     2413     3680     2047     4251     1093     2338     1937     2215     1341     2808     2842     2101     2485     0        2511     3873     1293     2978     148      479      3821     1144     799      2874     1160     3740     2632     1819     2060     1460     2296     2418     2399     3038     2084     3111     464      3476     2886     424      3207     1582     2306     3539     1224     3317     1297     1114     3614     2664     731      3285     2839     2513     1262     2424     3198     1117     3137     800      1030     1947     2505     2485     2564     
30       2381     1795     1616     3503     3370     3147     3529     2069     1555     3112     3865     1539     80       2332     1066     2551     662      1374     1480     2012     3555     251      3317     1684     1176     2031     2428     3313     506      2511     0        2231     1458     1233     2546     2990     1790     1638     2227     1943     3578     2156     711      1419     672      1670     1715     2279     799      3219     779      1638     2052     3668     891      2877     1348     3035     1195     3042     3601     2099     3618     1919     1816     2643     2086     3545     1626     2795     1251     2204     2635     1949     630      2735     1480     754      623      1869     292      
31       2091     2577     1075     3895     3204     1905     4636     1064     3660     2528     2900     785      2160     2017     3296     2638     1734     1279     3676     1132     4607     2459     3444     3898     2909     1255     1572     3303     2730     3873     2231     0        2594     1036     3979     4278     686      3521     3185     1119     4554     139      2905     3566     2068     2428     3936     1870     3030     2345     1966     765      3454     2581     1342     4067     882      3372     3424     1605     4515     682      4460     2801     427      1987     3818     2575     1038     2304     2854     1800     1418     2809     2028     3604     3043     2881     2844     1509     1946     
32       1402     405      1540     2052     2069     2476     2192     2994     1580     2056     2873     1830     1418     1395     1909     1285     1164     2431     1834     2975     2195     1380     1923     2080     671      1636     1801     1962     1654     1293     1458     2594     0        1685     1389     1734     2530     1164     782      1668     2192     2465     1869     1609     852      372      2155     1437     1728     2300     835      1829     860      2779     1617     1558     1915     1609     1867     2531     2196     2081     2195     465      2321     1780     1288     2610     1574     1774     511      1406     2138     497      2028     1292     554      1239     1727     1320     1408     
33       1725     1779     569      3350     2880     2124     3844     1335     2624     2380     2999     309      1156     1653     2297     2143     699      926      2646     1331     3833     1444     2993     2873     1898     1037     1484     2908     1739     2978     1233     1036     1685     0        3068     3417     846      2504     2382     897      3805     941      1935     2530     1043     1619     2914     1538     2029     2355     954      422      2533     2739     360      3230     231      2822     2410     1943     3787     895      3757     1991     668      1826     2832     2660     556      2080     1861     1452     1574     2009     1210     2856     2066     1847     1857     1058     941      
34       2424     1454     2914     1830     2453     3533     1062     4353     1611     2839     3599     3219     2540     2454     2422     1995     2485     3747     1991     4327     1125     2363     2078     2146     1370     2933     2978     2245     2491     148      2546     3979     1389     3068     0        474      3907     1105     941      2995     1209     3848     2627     1769     2126     1579     2227     2555     2387     3185     2159     3216     535      3624     2961     496      3296     1726     2269     3678     1284     3434     1370     1243     3711     2807     657      3433     2949     2659     1307     2560     3334     1247     3175     941      1075     1950     2503     2610     2615     
35       2553     1703     3203     1585     2357     3629     590      4727     2075     2855     3562     3541     2979     2595     2896     2054     2875     4145     2456     4706     661      2817     1939     2601     1820     3161     3143     2133     2958     479      2990     4278     1734     3417     474      0        4263     1578     1109     3242     762      4143     3099     2238     2528     1849     2680     2713     2860     3223     2545     3523     940      3631     3344     250      3648     1619     2741     3810     854      3695     960      1480     4040     2916     1118     3438     3239     2723     1740     2732     3498     1475     3616     867      1509     2418     2973     2844     3039     
36       2410     2620     1230     4136     3569     2480     4689     524      3317     2969     3452     804      1731     2334     2820     2896     1461     610      3270     551      4676     2037     3740     3471     2687     1598     2005     3630     2256     3821     1790     686      2530     846      3907     4263     0        3275     3226     1442     4646     720      2399     3197     1828     2460     3498     2199     2564     2851     1763     890      3372     3150     986      4077     615      3606     2973     2210     4624     1141     4590     2835     384      2407     3637     3116     1199     2703     2670     2117     1949     2851     1449     3694     2885     2512     2363     1752     1536     
37       2558     1502     2557     2698     3040     3640     2167     3645     546      3174     3990     2737     1658     2556     1318     2347     1819     2975     913      3600     2229     1411     2774     1107     615      2752     2959     2880     1455     1144     1638     3521     1164     2504     1105     1578     3275     0        1411     2756     2303     3408     1558     678      1461     1526     1190     2601     1304     3446     1556     2777     840      3922     2288     1568     2706     2414     1164     3687     2368     3121     2437     1410     3173     2941     488      3748     2586     2912     704      2570     3288     1437     2255     1758     613      927      1446     2450     1795     
38       1484     611      2111     1346     1647     2592     1464     3713     1944     1920     2705     2470     2193     1517     2513     1067     1934     3187     2281     3702     1451     2124     1363     2501     1225     2051     2051     1474     2364     799      2227     3185     782      2382     941      1109     3226     1411     0        2133     1429     3049     2560     2038     1635     767      2582     1624     2379     2255     1609     2441     628      2704     2367     884      2613     1004     2424     2741     1423     2588     1415     391      2973     1865     1237     2515     2147     1723     1074     1635     2407     377      2810     510      924      1882     2420     1734     2190     
39       986      1546     341      2777     2133     1238     3555     1962     3032     1535     2105     689      1862     910      2937     1519     1285     1767     3155     1993     3519     2093     2337     3401     2154     156      593      2209     2426     2874     1943     1119     1668     897      2995     3242     1442     2756     2133     0        3457     980      2648     2987     1466     1416     3457     767      2676     1467     1329     570      2497     1842     1214     3017     1013     2253     3006     1099     3412     460      3352     1766     1075     971      2954     1765     345      1261     2052     691      699      1769     2079     2516     2192     2361     2542     403      1667     
40       2612     2026     3492     1129     2069     3580     268      5139     2819     2715     3304     3875     3556     2670     3609     2049     3355     4615     3200     5130     155      3434     1620     3354     2446     3348     3228     1839     3614     1160     3578     4554     2192     3805     1209     762      4646     2303     1429     3457     0        4415     3775     2975     3038     2186     3434     2809     3549     3098     3026     3833     1558     3440     3795     738      4036     1405     3466     3815     124      3918     265      1815     4377     2922     1866     3251     3528     2667     2337     2850     3566     1797     4188     954      2121     3083     3643     3055     3582     
41       1954     2441     939      3757     3072     1805     4498     1147     3561     2402     2796     672      2082     1880     3222     2499     1635     1287     3587     1208     4468     2378     3307     3813     2794     1117     1442     3168     2658     3740     2156     139      2465     941      3848     4143     720      3408     3049     980      4415     0        2840     3471     1961     2293     3853     1733     2955     2229     1854     639      3325     2481     1264     3930     810      3233     3345     1515     4375     548      4321     2665     397      1858     3697     2467     903      2173     2735     1663     1304     2673     1990     3466     2921     2788     2774     1369     1868     
42       3005     2258     2325     3897     3907     3837     3676     2587     1243     3734     4511     2243     791      2963     443      3093     1363     1891     1010     2515     3723     571      3792     1144     1349     2730     3113     3820     232      2632     711      2905     1869     1935     2627     3099     2399     1558     2560     2648     3775     2840     0        1064     1273     2164     1150     2928     265      3873     1404     2346     2217     4333     1583     3041     2029     3476     634      3745     3819     2810     3862     2327     2482     3298     2046     4200     2336     3420     1488     2858     3336     2360     993      3039     1674     693      141      2546     1000     
43       2994     1999     2728     3357     3623     4014     2828     3487     185      3665     4482     2808     1469     2977     711      2879     1836     2789     242      3428     2895     1168     3394     474      939      3017     3299     3481     1052     1819     1419     3566     1609     2530     1769     2238     3197     678      2038     2987     2975     3471     1064     0        1541     1979     552      2994     799      3898     1670     2876     1508     4376     2242     2243     2696     3040     523      4010     3043     3283     3114     1962     3175     3356     1121     4213     2752     3379     1098     2947     3597     1993     1954     2423     1140     688      994      2748     1660     
44       1735     1144     1188     2858     2698     2592     3024     2239     1611     2465     3238     1289     612      1691     1492     1879     367      1621     1694     2206     3035     703      2650     1938     860      1518     1863     2642     1040     2060     672      2068     852      1043     2126     2528     1828     1461     1635     1466     3038     1961     1273     1541     0        1008     1992     1655     1241     2600     139      1344     1597     3063     849      2378     1246     2377     1544     2534     3046     1741     3048     1291     1711     2026     1809     2927     1211     2150     845      1587     2119     1319     1184     2145     1068     895      1146     1294     559      
45       1033     160      1353     1856     1743     2120     2231     2953     1952     1685     2502     1703     1617     1029     2246     938      1238     2453     2202     2945     2216     1638     1648     2450     1040     1358     1467     1658     1940     1460     1670     2428     372      1619     1579     1849     2460     1526     767      1416     2186     2293     2164     1979     1008     0        2524     1082     2048     1929     940      1677     1088     2407     1633     1640     1849     1368     2218     2194     2169     1857     2145     376      2206     1415     1599     2238     1390     1402     882      1059     1813     390      2184     1238     912      1572     2024     1035     1560     
46       3530     2549     3178     3888     4175     4528     3264     3726     644      4209     5025     3207     1781     3509     706      3430     2242     3026     321      3658     3341     1478     3942     82       1484     3500     3807     4032     1247     2296     1715     3936     2155     2914     2227     2680     3498     1190     2582     3457     3434     3853     1150     552      1992     2524     0        3519     939      4434     2128     3288     2030     4912     2594     2716     3055     3586     528      4507     3511     3719     3592     2514     3528     3885     1570     4751     3198     3920     1646     3468     4092     2545     2138     2948     1692     1097     1148     3247     1991     
47       221      1147     991      2033     1370     1039     2940     2722     2992     858      1586     1412     2204     147      3124     785      1643     2459     3200     2748     2889     2357     1574     3451     2069     618      430      1441     2695     2418     2279     1870     1437     1538     2555     2713     2199     2601     1624     767      2809     1733     2928     2994     1655     1082     3519     0        2886     945      1523     1311     2124     1411     1773     2471     1708     1519     3143     1127     2749     1189     2673     1327     1839     372      2673     1272     1016     547      1926     86       785      1316     2586     1907     1990     2474     2801     480      2053     
48       2945     2127     2366     3723     3789     3833     3442     2788     977      3666     4458     2332     873      2909     268      2985     1401     2087     762      2720     3492     590      3648     921      1155     2744     3105     3690     308      2399     799      3030     1728     2029     2387     2860     2564     1304     2379     2676     3549     2955     265      799      1241     2048     939      2886     0        3829     1379     2425     1997     4297     1690     2812     2148     3322     411      3763     3598     2878     3646     2174     2614     3258     1793     4156     2381     3357     1305     2821     3350     2207     1205     2844     1472     497      211      2535     1088     
49       904      1945     1786     2073     1122     560      3292     3349     3880     383      652      2153     3142     927      4065     1190     2572     3232     4112     3395     3214     3302     1533     4363     2961     1319     873      1321     3640     3038     3219     2345     2300     2355     3185     3223     2851     3446     2255     1467     3098     2229     3873     3898     2600     1929     4434     945      3829     0        2468     2029     2846     478      2642     2973     2480     1693     4077     884      3008     1715     2898     2068     2468     575      3438     327      1799     539      2808     1015     926      2047     3486     2357     2834     3409     3746     1364     2983     
