

sets
i        orders          /0*20/
k        routes          /1*20/
p        positions       /0*20/
;

alias(i,j)
alias(i,h)
alias(i,hh)
alias(i,jj)
alias(k,kk)
                            Parameters

rho(i)	Processing time
/
0	0
1	39
2	42
3	63
4	77
5	91
6	20
7	58
8	87
9	9
10	31
11	41
12	87
13	25
14	90
15	74
16	32
17	22
18	37
19	79
20	19
/

gamma(i)	Duedate
/
0	0
1	83
2	23
3	55
4	39
5	17
6	29
7	21
8	83
9	59
10	73
11	85
12	66
13	51
14	60
15	45
16	63
17	24
18	68
19	77
20	22
/

sigma(i)	Size
/
0	0
1	6
2	5
3	9
4	8
5	1
6	6
7	3
8	2
9	6
10	5
11	5
12	4
13	1
14	9
15	2
16	1
17	5
18	9
19	6
20	5
/

epsilon(i)	Priority
/
0	0
1	6
2	2
3	5
4	7
5	6
6	5
7	9
8	1
9	7
10	4
11	7
12	1
13	6
14	3
15	9
16	6
17	5
18	4
19	6
20	1
/

psi	Vehicle Capacity
/ 41 /
;

Table kappa(i,j)                 Setup
         0        1        2        3        4        5        6        7        8        9        10       11       12       13       14       15       16       17       18       19       20       
0        0        1652     1591     844      1909     1897     357      765      899      2073     1013     1983     1176     1710     1792     1401     2406     1258     495      1014     452      
1        1652     0        262      1540     873      547      1554     1035     811      505      874      418      488      1494     777      280      1028     417      1313     695      1209     
2        1591     262      0        1355     635      370      1440     897      700      482      697      393      429      1233     528      221      899      487      1195     743      1139     
3        844      1540     1355     0        1377     1523     486      555      783      1787     665      1714     1093     919      1291     1261     1935     1292     462      1197     710      
4        1909     873      635      1377     0        375      1655     1143     1052     660      896      649      942      823      126      815      562      1087     1431     1296     1482     
5        1897     547      370      1523     375      0        1702     1158     999      304      922      276      781      1153     332      589      533      857      1460     1111     1448     
6        357      1554     1440     486      1655     1702     0        546      746      1915     781      1830     1066     1368     1546     1281     2183     1206     244      1017     401      
7        765      1035     897      555      1143     1158     546      0        233      1370     248      1286     558      1069     1027     755      1650     742      303      647      359      
8        899      811      700      783      1052     999      746      233      0        1181     237      1093     327      1152     928      534      1515     510      503      451      449      
9        2073     505      482      1787     660      304      1915     1370     1181     0        1152     92       904      1457     635      682      557      906      1671     1182     1621     
10       1013     874      697      665      896      922      781      248      237      1152     0        1072     452      915      779      597      1404     671      544      675      594      
11       1983     418      393      1714     649      276      1830     1286     1093     92       1072     0        813      1424     606      590      624      815      1586     1090     1531     
12       1176     488      429      1093     942      781      1066     558      327      904      452      813      0        1277     816      225      1314     224      827      355      727      
13       1710     1494     1233     919      823      1153     1368     1069     1152     1457     915      1424     1277     0        822      1297     1333     1496     1231     1576     1411     
14       1792     777      528      1291     126      332      1546     1027     928      635      779      606      816      822      0        697      646      966      1318     1171     1362     
15       1401     280      221      1261     815      589      1281     755      534      682      597      590      225      1297     697      0        1120     274      1038     522      951      
16       2406     1028     899      1935     562      533      2183     1650     1515     557      1404     624      1314     1333     646      1120     0        1383     1948     1642     1963     
17       1258     417      487      1292     1087     857      1206     742      510      906      671      815      224      1496     966      274      1383     0        978      278      831      
18       495      1313     1195     462      1431     1460     244      303      503      1671     544      1586     827      1231     1318     1038     1948     978      0        813      249      
19       1014     695      743      1197     1296     1111     1017     647      451      1182     675      1090     355      1576     1171     522      1642     278      813      0        620      
20       452      1209     1139     710      1482     1448     401      359      449      1621     594      1531     727      1411     1362     951      1963     831      249      620      0        
;



Table delta(i,j)                 Distance
         0        1        2        3        4        5        6        7        8        9        10       11       12       13       14       15       16       17       18       19       20       
0        0        468      313      596      415      262      211      625      138      479      195      493      293      92       79       512      693      242      539      315      500      
1        468      0        233      143      78       360      287      337      338      72       281      232      252      381      407      61       277      347      87       229      314      
2        313      233      0        317      234      127      103      315      178      204      206      401      22       255      286      294      510      334      321      4        202      
3        596      143      317      0        220      441      398      267      460      117      418      339      340      513      541      143      278      490      137      313      304      
4        415      78       234      220      0        352      258      404      295      141      221      176      248      324      347      98       290      271      125      230      361      
5        262      360      127      441      352      0        119      384      164      331      247      507      107      243      269      420      635      375      447      131      250      
6        211      287      103      398      258      119      0        418      75       281      130      397      85       154      184      342      548      260      370      105      300      
7        625      337      315      267      404      384      418      0        493      265      508      569      333      570      601      378      545      623      386      313      136      
8        138      338      178      460      295      164      75       493      0        343      104      407      160      82       111      387      583      218      415      180      374      
9        479      72       204      117      141      331      281      265      343      0        307      304      226      399      427      123      329      393      141      200      245      
10       195      281      206      418      221      247      130      508      104      307      0        307      198      103      126      319      498      130      346      206      408      
11       493      232      401      339      176      507      397      569      407      304      307      0        411      402      415      198      230      274      202      397      537      
12       293      252      22       340      248      107      85       333      160      226      198      411      0        239      269      313      528      327      340      26       216      
13       92       381      255      513      324      243      154      570      82       399      103      402      239      0        30       422      600      166      449      257      455      
14       79       407      286      541      347      269      184      601      111      427      126      415      269      30       0        446      619      165      473      287      485      
15       512      61       294      143      98       420      342      378      387      123      319      198      313      422      446      0        216      365      28       290      368      
16       693      277      510      278      290      635      548      545      583      329      498      230      528      600      619      216      0        497      191      506      569      
17       242      347      334      490      271      375      260      623      218      393      130      274      327      166      165      365      497      0        388      333      532      
18       539      87       321      137      125      447      370      386      415      141      346      202      340      449      473      28       191      388      0        317      386      
19       315      229      4        313      230      131      105      313      180      200      206      397      26       257      287      290      506      333      317      0        202      
20       500      314      202      304      361      250      300      136      374      245      408      537      216      455      485      368      569      532      386      202      0        
;

