

sets
i        orders          /0*20/
k        routes          /1*20/
p        positions       /0*20/
;

alias(i,j)
alias(i,h)
alias(i,hh)
alias(i,jj)
alias(k,kk)
                            Parameters

rho(i)	Processing time
/
0	0
1	19
2	67
3	62
4	71
5	95
6	46
7	37
8	85
9	24
10	60
11	52
12	7
13	97
14	82
15	1
16	65
17	73
18	41
19	91
20	47
/

gamma(i)	Duedate
/
0	0
1	67
2	74
3	26
4	57
5	84
6	62
7	52
8	62
9	94
10	45
11	23
12	46
13	73
14	88
15	92
16	15
17	16
18	43
19	78
20	97
/

sigma(i)	Size
/
0	0
1	8
2	1
3	2
4	1
5	4
6	9
7	8
8	8
9	1
10	8
11	5
12	5
13	3
14	9
15	9
16	9
17	1
18	2
19	4
20	7
/

epsilon(i)	Priority
/
0	0
1	6
2	6
3	5
4	3
5	1
6	4
7	3
8	1
9	1
10	3
11	3
12	4
13	5
14	8
15	9
16	1
17	4
18	8
19	5
20	7
/

psi	Vehicle Capacity
/ 28 /
;

Table kappa(i,j)                 Setup
         0        1        2        3        4        5        6        7        8        9        10       11       12       13       14       15       16       17       18       19       20       
0        0        1072     1515     2231     1999     1586     165      1631     1793     1679     2291     852      1837     33       377      335      1489     921      1799     1375     1397     
1        1072     0        666      1261     1153     1337     931      788      731      839      1244     721      1155     1091     802      1055     1136     506      833      604      435      
2        1515     666      0        1475     1538     1974     1351     125      569      177      1277     768      1660     1543     1154     1354     1765     605      326      1168     909      
3        2231     1261     1475     0        390      1383     2123     1517     931      1538     378      1960     727      2240     2040     2294     1221     1734     1295     877      848      
4        1999     1153     1538     390      0        995      1912     1608     1071     1640     730      1874     337      2003     1864     2111     841      1656     1435     627      719      
5        1586     1337     1974     1383     995      0        1581     2086     1741     2133     1688     1910     660      1572     1651     1836     213      1758     2031     833      1106     
6        165      931      1351     2123     1912     1581     0        1467     1643     1515     2163     692      1773     195      214      259      1465     756      1638     1284     1280     
7        1631     788      125      1517     1608     2086     1467     0        591      52       1291     860      1749     1660     1266     1458     1875     714      276      1271     1007     
8        1793     731      569      931      1071     1741     1643     591      0        608      708      1224     1274     1814     1485     1724     1529     1010     368      914      649      
9        1679     839      177      1538     1640     2133     1515     52       608      0        1302     901      1787     1708     1312     1502     1922     761      272      1316     1050     
10       2291     1244     1277     378      730      1688     2163     1291     708      1302     0        1879     1054     2305     2047     2299     1506     1654     1038     1037     905      
11       852      721      768      1960     1874     1910     692      860      1224     901      1879     0        1858     884      478      612      1736     226      1090     1304     1156     
12       1837     1155     1660     727      337      660      1773     1749     1274     1787     1054     1858     0        1836     1762     1997     522      1656     1618     554      761      
13       33       1091     1543     2240     2003     1572     195      1660     1814     1708     2305     884      1836     0        408      367      1480     951      1825     1380     1408     
14       377      802      1154     2040     1864     1651     214      1266     1485     1312     2047     478      1762     408      0        253      1512     551      1450     1241     1192     
15       335      1055     1354     2294     2111     1836     259      1458     1724     1502     2299     612      1997     367      253      0        1714     750      1663     1486     1445     
16       1489     1136     1765     1221     841      213      1465     1875     1529     1922     1506     1736     522      1480     1512     1714     0        1573     1818     620      893      
17       921      506      605      1734     1656     1758     756      714      1010     761      1654     226      1656     951      551      750      1573     0        913      1101     937      
18       1799     833      326      1295     1435     2031     1638     276      368      272      1038     1090     1618     1825     1450     1663     1818     913      0        1199     926      
19       1375     604      1168     877      627      833      1284     1271     914      1316     1037     1304     554      1380     1241     1486     620      1101     1199     0        273      
20       1397     435      909      848      719      1106     1280     1007     649      1050     905      1156     761      1408     1192     1445     893      937      926      273      0        
;



Table delta(i,j)                 Distance
         0        1        2        3        4        5        6        7        8        9        10       11       12       13       14       15       16       17       18       19       20       
0        0        134      382      299      271      128      97       312      345      165      371      158      243      245      352      181      91       212      323      262      413      
1        134      0        251      328      350      124      84       444      299      229      245      114      112      287      481      209      119      321      192      341      399      
2        382      251      0        447      526      351      301      681      308      417      42       270      139      500      714      369      332      568      124      573      429      
3        299      328      447      0        125      412      250      378      178      138      411      218      361      543      383      122      224      474      473      547      150      
4        271      350      526      125      0        398      265      255      297      120      495      263      416      499      258      157      231      398      525      483      273      
5        128      124      351      412      398      0        168      415      417      287      355      223      221      162      459      290      188      224      256      223      507      
6        97       84       301      250      265      168      0        380      256      145      285      62       168      319      413      128      35       309      268      352      339      
7        312      444      681      378      255      415      380      0        530      290      663      417      547      427      48       348      349      272      636      365      528      
8        345      299      308      178      297      417      256      530      0        244      267      195      272      574      545      190      254      554      373      606      121      
9        165      229      417      138      120      287      145      290      244      0        391      148      299      407      311      57       111      337      407      409      273      
10       371      245      42       411      495      355      285      663      267      391      0        246      135      509      693      340      313      566      153      578      387      
11       158      114      270      218      263      223      62       417      195      148      246      0        152      379      446      108      74       371      263      415      286      
12       243      112      139      361      416      221      168      547      272      299      135      152      0        378      581      260      201      432      112      444      388      
13       245      287      500      543      499      162      319      427      574      407      509      379      378      0        475      426      329      161      390      93       655      
14       352      481      714      383      258      459      413      48       545      311      693      446      581      475      0        368      381      320      674      413      531      
15       181      209      369      122      157      290      128      348      190      57       340      108      260      426      368      0        102      375      371      439      234      
16       91       119      332      224      231      188      35       349      254      111      313      74       201      329      381      102      0        301      303      353      326      
17       212      321      568      474      398      224      309      272      554      337      566      371      432      161      320      375      301      0        480      94       608      
18       323      192      124      473      525      256      268      636      373      407      153      263      112      390      674      371      303      480      0        470      493      
19       262      341      573      547      483      223      352      365      606      409      578      415      444      93       413      439      353      94       470      0        673      
20       413      399      429      150      273      507      339      528      121      273      387      286      388      655      531      234      326      608      493      673      0        
;

