

sets
i        orders          /0*20/
k        routes          /1*20/
p        positions       /0*20/
;

alias(i,j)
alias(i,h)
alias(i,hh)
alias(i,jj)
alias(k,kk)
                            Parameters

rho(i)	Processing time
/
0	0
1	64
2	92
3	55
4	67
5	29
6	59
7	84
8	90
9	82
10	69
11	91
12	63
13	21
14	69
15	33
16	69
17	71
18	15
19	15
20	4
/

gamma(i)	Duedate
/
0	0
1	96
2	32
3	19
4	68
5	75
6	38
7	36
8	45
9	55
10	40
11	5
12	2
13	27
14	30
15	66
16	67
17	48
18	48
19	78
20	87
/

sigma(i)	Size
/
0	0
1	7
2	6
3	3
4	1
5	7
6	8
7	1
8	6
9	7
10	9
11	3
12	7
13	4
14	3
15	5
16	5
17	8
18	1
19	8
20	6
/

epsilon(i)	Priority
/
0	0
1	1
2	1
3	3
4	5
5	3
6	1
7	2
8	7
9	9
10	3
11	3
12	5
13	8
14	3
15	7
16	8
17	1
18	5
19	2
20	2
/

psi	Vehicle Capacity
/ 54 /
;

Table kappa(i,j)                 Setup
         0        1        2        3        4        5        6        7        8        9        10       11       12       13       14       15       16       17       18       19       20       
0        0        1605     1020     757      1595     1153     1310     488      1126     676      1252     231      744      871      1416     1861     522      1472     206      1045     1883     
1        1605     0        624      996      519      1053     1490     1158     532      953      379      1549     866      1779     1293     292      1870     309      1618     1598     427      
2        1020     624      0        377      608      598      1033     546      106      463      382      935      283      1180     921      850      1246     623      1006     1046     993      
3        757      996      377      0        855      452      792      280      463      487      744      614      288      808      775      1199     883      990      687      715      1370     
4        1595     519      608      855      0        685      1071     1107     512      1069     688      1469     887      1502     837      496      1713     780      1542     1258     925      
5        1153     1053     598      452      685      0        446      718      609      917      956      962      698      826      334      1154     1107     1173     1029     573      1476     
6        1310     1490     1033     792      1071     446      0        991      1054     1279     1401     1084     1075     651      265      1562     1073     1620     1135     336      1917     
7        488      1158     546      280      1107     718      991      0        650      366      840      391      298      811      1023     1396     731      1080     460      826      1484     
8        1126     532      106      463      512      609      1054     650      0        557      347      1038     388      1253     917      747      1342     572      1109     1099     919      
9        676      953      463      487      1069     917      1279     366      557      0        584      691      222      1177     1250     1228     1063     796      746      1167     1206     
10       1252     379      382      744      688      956      1401     840      347      584      0        1224     541      1553     1260     668      1570     246      1290     1429     644      
11       231      1549     935      614      1469     962      1084     391      1038     691      1224     0        686      649      1203     1785     378      1460     73       813      1868     
12       744      866      283      288      887      698      1075     298      388      222      541      686      0        1055     1032     1117     1029     782      754      998      1185     
13       871      1779     1180     808      1502     826      651      811      1253     1177     1553     649      1055     0        880      1940     463      1799     664      316      2172     
14       1416     1293     921      775      837      334      265      1023     917      1250     1260     1203     1032     880      0        1333     1262     1459     1264     568      1721     
15       1861     292      850      1199     496      1154     1562     1396     747      1228     668      1785     1117     1940     1333     0        2083     584      1856     1723     502      
16       522      1870     1246     883      1713     1107     1073     731      1342     1063     1570     378      1029     463      1262     2083     0        1811     341      745      2214     
17       1472     309      623      990      780      1173     1620     1080     572      796      246      1460     782      1799     1459     584      1811     0        1523     1668     410      
18       206      1618     1006     687      1542     1029     1135     460      1109     746      1290     73       754      664      1264     1856     341      1523     0        853      1932     
19       1045     1598     1046     715      1258     573      336      826      1099     1167     1429     813      998      316      568      1723     745      1668     853      0        2011     
20       1883     427      993      1370     925      1476     1917     1484     919      1206     644      1868     1185     2172     1721     502      2214     410      1932     2011     0        
;



Table delta(i,j)                 Distance
         0        1        2        3        4        5        6        7        8        9        10       11       12       13       14       15       16       17       18       19       20       
0        0        291      282      279      352      383      351      325      330      266      300      312      235      237      310      296      172      338      196      380      224      
1        291      0        472      26       368      199      313      60       357      555      10       162      67       203      405      407      228      304      117      503      494      
2        282      472      0        449      634      434      291      527      613      353      477      382      405      289      588      571      243      283      355      128      397      
3        279      26       449      0        384      179      287      87       372      546      27       138      47       177      415      417      205      278      96       477      489      
4        352      368      634      384      0        562      628      337      21       478      377      510      377      495      98       119      465      616      389      726      375      
5        383      199      434      179      562      0        172      249      550      640      192      70       189      160      587      586      230      171      198      412      607      
6        351      313      291      287      628      172      0        373      611      568      311      156      266      132      626      618      180      13       240      243      563      
7        325      60       527      87       337      249      373      0        330      583      62       220      123      263      388      394      285      365      171      562      513      
8        330      357      613      372      21       550      611      330      0        458      366      496      363      478      85       104      446      599      373      705      355      
9        266      555      353      546      478      640      568      583      458      0        565      570      502      484      390      368      413      556      462      481      104      
10       300      10       477      27       377      192      311      62       366      565      0        158      73       204      415      418      233      302      123      505      505      
11       312      162      382      138      510      70       156      220      496      570      158      0        132      96       527      524      163      150      132      377      537      
12       235      67       405      47       377      189      266      123      363      502      73       132      0        144      398      397      162      256      50       440      449      
13       237      203      289      177      495      160      132      263      478      484      204      96       144      0        494      488      70       120      109      301      460      
14       310      405      588      415      98       587      626      388      85       390      415      527      398      494      0        22       451      613      398      690      286      
15       296      407      571      417      119      586      618      394      104      368      418      524      397      488      22       0        442      605      394      676      263      
16       172      228      243      205      465      230      180      285      446      413      233      163      162      70       451      442      0        167      113      283      392      
17       338      304      283      278      616      171      13       365      599      556      302      150      256      120      613      605      167      0        228      242      551      
18       196      117      355      96       389      198      240      171      373      462      123      132      50       109      398      394      113      228      0        395      416      
19       380      503      128      477      726      412      243      562      705      481      505      377      440      301      690      676      283      242      395      0        522      
20       224      494      397      489      375      607      563      513      355      104      505      537      449      460      286      263      392      551      416      522      0        
;

