
sets
i        orders          /0*40/
k        routes          /1*40/
p        positions       /0*40/
;

alias(i,j)
alias(i,h)
alias(i,hh)
alias(i,jj)
alias(k,kk)
                
                    Parameters

rho(i)	Processing time
/
0	0
1	19
2	5
3	68
4	55
5	98
6	90
7	66
8	76
9	10
10	28
11	74
12	23
13	15
14	19
15	75
16	75
17	49
18	29
19	85
20	85
21	91
22	75
23	25
24	30
25	24
26	31
27	21
28	48
29	87
30	18
31	73
32	21
33	28
34	67
35	91
36	61
37	86
38	88
39	38
40	80
/

gamma(i)	Duedate
/
0	0
1	67
2	34
3	6
4	82
5	39
6	85
7	39
8	25
9	46
10	73
11	23
12	7
13	26
14	27
15	48
16	84
17	80
18	54
19	10
20	64
21	6
22	36
23	7
24	15
25	90
26	31
27	12
28	94
29	3
30	50
31	56
32	16
33	54
34	97
35	88
36	83
37	42
38	76
39	14
40	47
/

sigma(i)	Size
/
0	0
1	9
2	1
3	3
4	3
5	2
6	8
7	2
8	9
9	6
10	1
11	5
12	7
13	9
14	4
15	6
16	7
17	7
18	6
19	4
20	7
21	9
22	4
23	5
24	1
25	6
26	7
27	4
28	4
29	9
30	9
31	7
32	3
33	7
34	3
35	2
36	8
37	1
38	6
39	9
40	1
/

epsilon(i)	Priority
/
0	0
1	7
2	9
3	5
4	9
5	4
6	6
7	6
8	1
9	6
10	3
11	8
12	7
13	2
14	3
15	2
16	1
17	5
18	5
19	8
20	7
21	4
22	2
23	2
24	9
25	3
26	2
27	2
28	7
29	4
30	2
31	4
32	4
33	9
34	7
35	5
36	8
37	1
38	7
39	8
40	6
/

psi	Vehicle Capacity
/ 12 /
;

Table kappa(i,j)                 Setup
         0        1        2        3        4        5        6        7        8        9        10       11       12       13       14       15       16       17       18       19       20       21       22       23       24       25       26       27       28       29       30       31       32       33       34       35       36       37       38       39       40       
0        0        748      141      662      683      144      1143     493      515      639      775      559      491      997      1167     753      452      1086     625      297      714      683      836      197      284      348      1047     1326     789      765      1115     1352     601      489      1230     928      804      1205     1081     242      479      
1        748      0        841      172      677      755      677      337      473      410      134      194      354      317      690      57       396      735      549      450      116      210      110      812      760      515      558      579      218      35       423      639      491      438      754      266      478      458      517      569      713      
2        141      841      0        734      651      97       1159     550      653      664      849      647      618      1063     1183     838      582      1083     620      399      822      746      920      92       211      376      1180     1420     906      863      1180     1418     740      517      1244     1041     941      1299     1209     284      428      
3        662      172      734      0        504      641      587      190      524      238      116      133      388      334      604      133      418      612      376      376      256      49       199      691      622      376      724      702      376      208      452      689      569      275      671      439      610      585      688      451      549      
4        683      677      651      504      0        565      567      399      891      267      580      555      766      684      592      632      768      453      129      572      751      469      674      563      443      372      1222     1126     873      712      772      986      965      296      642      943      1073     1024     1192     464      229      
5        144      755      97       641      565      0        1063     456      611      567      757      560      559      968      1087     750      527      990      526      324      744      652      830      68       141      279      1123     1332     835      779      1085     1323     700      419      1148     966      892      1212     1145     190      348      
6        1143     677      1159     587      567      1063     0        673      1111     504      545      717      976      425      25       622      1004     163      544      912      793      540      589      1083     972      795      1188     792      886      702      419      530      1151     654      87       867      1155     736      1113     901      781      
7        493      337      550      190      399      456      673      0        502      188      305      165      371      512      695      313      380      652      275      239      376      195      387      502      432      186      838      891      494      368      629      867      571      111      761      591      674      774      822      266      380      
8        515      473      653      524      891      611      1111     502      0        686      582      397      136      790      1128     515      122      1129     773      340      372      571      583      679      702      547      542      964      371      465      895      1100     88       595      1195     511      291      851      592      506      793      
9        639      410      664      238      267      567      504      188      686      0        315      309      552      454      527      365      565      466      141      421      490      202      410      597      498      293      961      883      611      446      559      791      749      150      592      676      829      775      927      397      358      
10       775      134      849      116      580      757      545      305      582      315      0        224      453      227      559      77       489      601      457      484      248      120      95       807      737      492      685      589      352      164      344      578      611      384      623      376      612      473      634      566      652      
11       559      194      647      133      555      560      717      165      397      309      224      0        260      452      735      193      286      732      426      263      212      176      277      617      568      326      673      772      329      220      569      801      449      276      802      431      521      652      657      374      543      
12       491      354      618      388      766      559      976      371      136      552      453      260      0        668      993      391      45       992      645      249      269      435      464      627      628      440      564      887      307      354      777      992      199      470      1060     451      341      769      590      421      688      
13       997      317      1063     334      684      968      425      512      790      454      227      452      668      0        429      277      707      536      582      709      426      316      208      1013     931      694      766      444      492      329      118      355      807      567      484      447      763      352      689      779      812      
14       1167     690      1183     604      592      1087     25       695      1128     527      559      735      993      429      0        635      1022     182      569      934      806      559      600      1107     997      819      1195     785      898      714      417      517      1167     677      67       874      1167     733      1119     925      806      
15       753      57       838      133      632      750      622      313      515      365      77       193      391      277      635      0        430      678      505      456      171      162      83       803      744      497      613      583      275      89       389      613      540      407      699      312      535      463      567      560      681      
16       452      396      582      418      768      527      1004     380      122      565      489      286      45       707      1022     430      0        1014     651      229      314      463      505      595      603      429      598      933      353      397      818      1035     200      473      1088     497      366      815      629      399      677      
17       1086     735      1083     612      453      990      163      652      1129     466      601      732      992      536      182      678      1014     0        463      888      847      563      665      1000     884      740      1275     937      953      765      556      691      1180     607      207      956      1212     871      1210     846      679      
18       625      549      620      376      129      526      544      275      773      141      457      426      645      582      569      505      651      463      0        468      622      343      552      540      428      286      1092     1019     743      584      680      904      845      179      627      815      946      913      1063     390      246      
19       297      450      399      376      572      324      912      239      340      421      484      263      249      709      934      456      229      888      468      0        423      405      540      388      378      209      808      1029     511      468      828      1062     426      291      1000     643      591      908      824      171      452      
20       714      116      822      256      751      744      793      376      372      490      248      212      269      426      806      171      314      847      622      423      0        301      218      806      770      534      470      622      121      97       525      728      381      486      870      223      364      503      446      567      755      
21       683      210      746      49       469      652      540      195      571      202      120      176      435      316      559      162      463      563      343      405      301      0        213      697      622      379      766      708      420      245      434      672      617      264      625      474      658      593      727      462      532      
22       836      110      920      199      674      830      589      387      583      410      95       277      464      208      600      83       505      665      552      540      218      213      0        883      820      573      610      504      297      121      313      532      599      474      661      294      567      386      552      640      745      
23       197      812      92       691      563      68       1083     502      679      597      807      617      627      1013     1107     803      595      1000     540      388      806      697      883      0        120      319      1191     1387     899      837      1128     1366     768      454      1167     1028     960      1267     1212     243      337      
24       284      760      211      622      443      141      972      432      702      498      737      568      628      931      997      744      603      884      428      378      770      622      820      120      0        246      1186     1324     873      788      1044     1281     791      364      1055     994      968      1206     1196     209      217      
25       348      515      376      376      372      279      795      186      547      293      492      326      440      694      819      497      429      740      286      209      534      379      573      319      246      0        973      1078     644      544      809      1047     629      142      882      757      777      960      971      106      247      
26       1047     558      1180     724      1222     1123     1188     838      542      961      685      673      564      766      1195     613      598      1275     1092     808      470      766      610      1191     1186     973      0        653      349      524      815      921      467      949      1250     321      254      585      107      977      1210     
27       1326     579      1420     702      1126     1332     792      891      964      883      589      772      887      444      785      583      933      937      1019     1029     622      708      504      1387     1324     1078     653      0        593      560      383      323      939      972      816      457      795      120      546      1143     1236     
28       789      218      906      376      873      835      886      494      371      611      352      329      307      492      898      275      353      953      743      511      121      420      297      899      873      644      349      593      0        187      576      753      351      605      959      144      271      481      328      666      872      
29       765      35       863      208      712      779      702      368      465      446      164      220      354      329      714      89       397      765      584      468      97       245      121      837      788      544      524      560      187      0        429      638      478      471      777      230      452      439      481      593      746      
30       1115     423      1180     452      772      1085     419      629      895      559      344      569      777      118      417      389      818      556      680      828      525      434      313      1128     1044     809      815      383      576      429      0        238      906      680      459      506      843      317      727      896      917      
31       1352     639      1418     689      986      1323     530      867      1100     791      578      801      992      355      517      613      1035     691      904      1062     728      672      532      1366     1281     1047     921      323      753      638      238      0        1099     917      531      651      1004     339      820      1134     1146     
32       601      491      740      569      965      700      1151     571      88       749      611      449      199      807      1167     540      200      1180     845      426      381      617      599      768      791      629      467      939      351      478      906      1099     0        669      1233     482      213      830      527      593      876      
33       489      438      517      275      296      419      654      111      595      150      384      276      470      567      677      407      473      607      179      291      486      264      474      454      364      142      949      972      605      471      680      917      669      0        741      697      783      857      932      247      275      
34       1230     754      1244     671      642      1148     87       761      1195     592      623      802      1060     484      67       699      1088     207      627      1000     870      625      661      1167     1055     882      1250     816      959      777      459      531      1233     741      0        930      1229     772      1172     988      861      
35       928      266      1041     439      943      966      867      591      511      676      376      431      451      447      874      312      497      956      815      643      223      474      294      1028     994      757      321      457      144      230      506      651      482      697      930      0        354      351      258      791      971      
36       804      478      941      610      1073     892      1155     674      291      829      612      521      341      763      1167     535      366      1212     946      591      364      658      567      960      968      777      254      795      271      452      843      1004     213      783      1229     354      0        699      323      762      1023     
37       1205     458      1299     585      1024     1212     736      774      851      775      473      652      769      352      733      463      815      871      913      908      503      593      386      1267     1206     960      585      120      481      439      317      339      830      857      772      351      699      0        482      1024     1124     
38       1081     517      1209     688      1192     1145     1113     822      592      927      634      657      590      689      1119     567      629      1210     1063     824      446      727      552      1212     1196     971      107      546      328      481      727      820      527      932      1172     258      323      482      0        987      1201     
39       242      569      284      451      464      190      901      266      506      397      566      374      421      779      925      560      399      846      390      171      567      462      640      243      209      106      977      1143     666      593      896      1134     593      247      988      791      762      1024     987      0        300      
40       479      713      428      549      229      348      781      380      793      358      652      543      688      812      806      681      677      679      246      452      755      532      745      337      217      247      1210     1236     872      746      917      1146     876      275      861      971      1023     1124     1201     300      0        
;



Table delta(i,j)                 Distance
         0        1        2        3        4        5        6        7        8        9        10       11       12       13       14       15       16       17       18       19       20       21       22       23       24       25       26       27       28       29       30       31       32       33       34       35       36       37       38       39       40       
0        0        7170     19590    3930     8340     2370     7980     12600    11220    1380     12900    10830    12210    7320     14550    10170    16710    780      19020    22200    19890    3540     16560    15810    17400    1050     9930     16620    11070    13020    12750    11970    6330     7620     13560    2760     10920    9390     15300    9060     10830    
1        7170     0        785      292      107      163      477      628      584      263      569      572      456      335      639      578      715      261      749      835      774      267      747      653      773      220      538      780      571      655      641      505      403      294      270      282      468      540      693      523      562      
2        19590    785      0        764      722      706      760      344      818      607      223      806      359      883      174      549      124      659      66       151      75       548      256      132      248      637      803      437      349      399      373      280      447      494      765      723      975      460      222      438      350      
3        3930     292      764      0        366      149      188      494      292      170      545      281      538      119      592      359      660      113      752      862      782      249      633      643      660      163      246      598      451      492      491      524      317      385      545      42       232      369      600      369      445      
4        8340     107      722      366      0        219      539      611      648      285      515      635      375      429      590      597      665      305      679      756      702      258      717      591      741      249      603      774      553      647      629      442      388      229      178      345      563      542      658      520      543      
5        2370     163      706      149      219      0        321      494      429      114      482      417      427      235      543      419      617      99       681      782      709      158      624      576      651      74       384      633      441      512      502      439      277      262      398      126      367      392      577      379      433      
6        7980     477      760      188      539      321      0        437      109      279      563      96       620      230      587      247      641      239      764      882      795      352      574      657      600      300      65       489      414      411      421      572      346      497      716      195      243      307      561      323      411      
7        12600    628      344      494      611      494      437      0        479      379      220      468      398      604      192      206      219      413      368      486      396      361      140      279      167      421      470      175      58       65       34       291      225      410      730      458      671      131      126      124      68       
8        11220    584      818      292      648      429      109      479      0        385      635      14       713      308      649      273      695      348      829      948      859      456      607      725      632      408      46       493      469      440      457      655      432      600      825      303      274      358      606      381      468      
9        1380     263      607      170      285      114      279      379      385      0        384      372      368      287      439      316      511      57       589      695      618      80       510      481      537      43       344      519      327      397      387      355      166      223      452      129      402      279      465      264      319      
10       12900    569      223      545      515      482      563      220      635      384      0        622      200      664      76       388      150      437      206      320      236      324      241      97       257      413      613      381      188      285      254      89       229      287      588      503      763      288      173      259      184      
11       10830    572      806      281      635      417      96       468      14       372      622      0        699      301      636      263      683      334      817      935      847      442      598      712      622      395      36       486      457      430      447      642      418      586      812      291      273      346      595      369      456      
12       12210    456      359      538      375      427      620      398      713      368      200      699      0        651      273      515      337      425      309      380      329      289      441      237      457      378      680      570      349      459      429      111      283      168      406      497      771      418      373      385      342      
13       7320     335      883      119      429      235      230      604      308      287      664      301      651      0        710      451      777      230      871      980      901      363      744      762      772      273      266      695      565      596      599      642      436      492      605      161      134      477      715      480      559      
14       14550    639      174      592      590      543      587      192      649      439      76       636      273      710      0        387      76       488      180      299      210      386      173      87       186      471      632      333      181      256      226      164      275      362      665      551      801      291      107      267      181      
15       10170    578      549      359      597      419      247      206      273      316      388      263      515      451      387      0        425      320      567      686      597      344      334      469      359      357      269      245      205      167      183      431      245      456      751      335      490      100      333      132      207      
16       16710    715      124      660      665      617      641      219      695      511      150      683      337      777      76       425      0        559      157      270      182      461      145      111      146      545      682      324      227      275      248      233      346      437      736      619      862      337      99       318      229      
17       780      261      659      113      305      99       239      413      348      57       437      334      425      230      488      320      559      0        642      750      672      136      547      534      575      61       304      541      364      423      416      411      213      276      478      72       345      301      507      292      356      
18       19020    749      66       752      679      681      764      368      829      589      206      817      309      871      180      567      157      642      0        119      30       524      301      109      297      615      811      481      362      428      399      244      436      455      711      710      970      472      255      447      361      
19       22200    835      151      862      756      782      882      486      948      695      320      935      380      980      299      686      270      750      119      0        89       626      407      224      399      719      929      588      481      544      516      342      549      541      764      819      1083     591      369      566      481      
20       19890    774      75       782      702      709      795      396      859      618      236      847      329      901      210      597      182      672      30       89       0        552      324      139      318      644      841      504      392      456      427      271      466      479      728      739      1000     502      281      478      391      
21       3540     267      548      249      258      158      352      361      456      80       324      442      289      363      386      344      461      136      524      626      552      0        480      418      506      92       417      518      304      392      375      284      135      145      407      208      481      284      429      262      295      
22       16560    747      256      633      717      624      574      140      607      510      241      598      441      744      173      334      145      547      301      407      324      480      0        248      27       550      603      180      183      167      152      329      347      499      816      596      810      270      67       264      191      
23       15810    653      132      643      591      576      657      279      725      481      97       712      237      762      87       469      111      534      109      224      139      418      248      0        254      508      705      416      263      343      312      149      327      362      643      601      860      371      187      344      261      
24       17400    773      248      660      741      651      600      167      632      537      257      622      457      772      186      359      146      575      297      399      318      506      27       254      0        577      628      191      211      192      178      346      374      522      837      624      837      297      85       291      218      
25       1050     220      637      163      249      74       300      421      408      43       413      395      378      273      471      357      545      61       615      719      644      92       550      508      577      0        365      562      367      440      429      377      203      221      420      125      396      322      503      307      359      
26       9930     538      803      246      603      384      65       470      46       344      613      36       680      266      632      269      682      304      811      929      841      417      603      705      628      365      0        500      454      436      451      628      403      561      780      258      245      344      596      364      453      
27       16620    780      437      598      774      633      489      175      493      519      381      486      570      695      333      245      324      541      481      588      504      518      180      416      191      562      500      0        231      126      148      461      386      583      901      570      733      241      229      256      240      
28       11070    571      349      451      553      441      414      58       469      327      188      457      349      565      181      205      227      364      362      481      392      304      183      263      211      367      454      231      0        110      82       248      168      352      672      414      640      111      150      90       9        
29       13020    655      399      492      647      512      411      65       440      397      285      430      459      596      256      167      275      423      428      544      456      392      167      343      192      440      436      126      110      0        31       355      259      458      776      460      651      123      177      132      118      
30       12750    641      373      491      629      502      421      34       457      387      254      447      429      599      226      183      248      416      399      516      427      375      152      312      178      429      451      148      82       31       0        324      241      434      753      457      659      122      152      124      92       
31       11970    505      280      524      442      439      572      291      655      355      89       642      111      642      164      431      233      411      244      342      271      284      329      149      346      377      628      461      248      355      324      0        226      213      502      482      751      331      262      299      241      
32       6330     403      447      317      388      277      346      225      432      166      229      418      283      436      275      245      346      213      436      549      466      135      347      327      374      203      403      386      168      259      241      226      0        213      521      275      533      163      300      135      159      
33       7620     294      494      385      229      262      497      410      600      223      287      586      168      492      362      456      437      276      455      541      479      145      499      362      522      221      561      583      352      458      434      213      213      0        319      346      618      375      437      346      343      
34       13560    270      765      545      178      398      716      730      825      452      588      812      406      605      665      751      736      478      711      764      728      407      816      643      837      420      780      901      672      776      753      502      521      319      0        523      738      684      751      657      662      
35       2760     282      723      42       345      126      195      458      303      129      503      291      497      161      551      335      619      72       710      819      739      208      596      601      624      125      258      570      414      460      457      482      275      346      523      0        273      337      561      334      407      
36       10920    468      975      232      563      367      243      671      274      402      763      273      771      134      801      490      862      345      970      1083     1000     481      810      860      837      396      245      733      640      651      659      751      533      618      738      273      0        540      790      550      636      
37       9390     540      460      369      542      392      307      131      358      279      288      346      418      477      291      100      337      301      472      591      502      284      270      371      297      322      344      241      111      123      122      331      163      375      684      337      540      0        253      32       110      
38       15300    693      222      600      658      577      561      126      606      465      173      595      373      715      107      333      99       507      255      369      281      429      67       187      85       503      596      229      150      177      152      262      300      437      751      561      790      253      0        239      155      
39       9060     523      438      369      520      379      323      124      381      264      259      369      385      480      267      132      318      292      447      566      478      262      264      344      291      307      364      256      90       132      124      299      135      346      657      334      550      32       239      0        88       
40       10830    562      350      445      543      433      411      68       468      319      184      456      342      559      181      207      229      356      361      481      391      295      191      261      218      359      453      240      9        118      92       241      159      343      662      407      636      110      155      88       0        
;

