
sets
i        orders          /0*40/
k        routes          /1*40/
p        positions       /0*40/
;

alias(i,j)
alias(i,h)
alias(i,hh)
alias(i,jj)
alias(k,kk)
                
                    Parameters

rho(i)	Processing time
/
0	0
1	63
2	1
3	70
4	93
5	2
6	72
7	16
8	7
9	5
10	37
11	77
12	32
13	76
14	42
15	2
16	36
17	90
18	95
19	93
20	51
21	27
22	97
23	21
24	41
25	65
26	25
27	96
28	58
29	37
30	49
31	12
32	91
33	73
34	95
35	53
36	98
37	56
38	47
39	6
40	64
/

gamma(i)	Duedate
/
0	0
1	33
2	58
3	32
4	7
5	75
6	48
7	92
8	25
9	29
10	95
11	84
12	53
13	59
14	14
15	17
16	21
17	34
18	83
19	1
20	28
21	19
22	1
23	90
24	9
25	56
26	12
27	70
28	78
29	98
30	95
31	14
32	32
33	99
34	74
35	45
36	78
37	53
38	93
39	82
40	9
/

sigma(i)	Size
/
0	0
1	5
2	8
3	8
4	7
5	3
6	4
7	8
8	9
9	9
10	4
11	7
12	1
13	4
14	8
15	6
16	8
17	1
18	2
19	6
20	4
21	4
22	8
23	4
24	3
25	2
26	5
27	4
28	3
29	4
30	5
31	7
32	2
33	5
34	7
35	7
36	1
37	2
38	1
39	7
40	7
/

epsilon(i)	Priority
/
0	0
1	8
2	8
3	1
4	9
5	5
6	6
7	3
8	7
9	3
10	8
11	1
12	4
13	1
14	8
15	1
16	9
17	4
18	8
19	4
20	8
21	8
22	8
23	2
24	8
25	2
26	9
27	2
28	4
29	9
30	4
31	5
32	1
33	4
34	5
35	4
36	9
37	7
38	3
39	3
40	1
/

psi	Vehicle Capacity
/ 12 /
;

Table kappa(i,j)                 Setup
         0        1        2        3        4        5        6        7        8        9        10       11       12       13       14       15       16       17       18       19       20       21       22       23       24       25       26       27       28       29       30       31       32       33       34       35       36       37       38       39       40       
0        0        775      505      678      745      498      809      734      984      636      813      463      365      713      1030     635      1118     1308     471      648      787      264      882      520      695      1167     385      561      813      758      575      746      409      874      40       374      308      192      1023     312      593      
1        775      0        558      97       545      703      195      324      428      384      315      1007     410      113      682      1180     708      1023     790      556      68       662      584      733      1261     777      525      479      387      70       360      1138     385      295      735      717      776      703      284      635      233      
2        505      558      0        491      886      816      466      741      947      208      786      940      348      578      1127     1123     1186     1462     240      829      612      616      991      849      1190     1250     136      93       832      591      199      1189     279      808      473      738      727      592      841      199      329      
3        678      97       491      0        510      628      225      303      462      341      319      919      313      93       685      1095     725      1028     715      505      124      570      571      660      1176     793      442      420      381      100      301      1064     293      323      638      632      686      608      367      549      163      
4        745      545      886      510      0        330      731      223      350      813      268      685      548      434      284      809      375      585      1043     103      488      492      137      340      889      421      775      850      200      475      751      688      607      341      721      436      531      567      569      830      626      
5        498      703      816      628      330      0        847      460      666      824      537      357      479      594      593      499      691      825      902      230      670      238      460      34       581      726      683      816      492      647      752      435      559      615      488      128      219      306      833      691      669      
6        809      195      466      225      731      847      0        514      616      261      510      1116     457      297      877      1297     901      1218     707      730      262      759      778      879      1376     970      482      374      582      264      274      1281     400      487      769      837      879      783      419      598      217      
7        734      324      741      303      223      460      514      0        249      631      82       809      442      218      390      959      444      731      932      258      265      526      268      483      1041     509      652      688      91       254      578      873      477      157      702      523      607      592      374      731      442      
8        984      428      947      462      350      666      616      249      0        802      173      1023     680      370      296      1157     291      615      1156     437      361      769      277      681      1237     359      875      881      178      371      763      1037     703      139      951      751      841      838      279      965      624      
9        636      384      208      341      813      824      261      631      802      0        658      1020     352      434      1020     1206     1065     1362     448      778      446      668      896      858      1279     1132     260      115      716      432      72       1235     272      663      598      775      789      668      658      369      189      
10       813      315      786      319      268      537      510      82       173      658      0        888      507      226      368      1036     406      711      988      324      248      608      273      558      1118     474      707      727      75       246      612      942      534      78       779      605      690      673      304      793      473      
11       463      1007     940      919      685      357      1116     809      1023     1020     888      0        675      908      931      185      1031     1107     934      588      988      358      808      345      260      1057     807      974      849      961      950      298      751      966      482      292      236      353      1175     762      910      
12       365      410      348      313      548      479      457      442      680      352      507      675      0        359      808      860      878      1132     497      483      427      318      664      513      936      938      227      337      532      399      280      883      80       552      325      422      440      329      669      290      241      
13       713      113      578      93       434      594      297      218      370      434      226      908      359      0        594      1077     632      937      796      443      80       572      485      624      1159     700      518      510      291      53       393      1028     357      231      675      616      681      620      310      619      253      
14       1030     682      1127     685      284      593      877      390      296      1020     368      931      808      594      0        1027     100      343      1305     384      614      776      148      594      1101     137      1029     1078     304      615      968      863      856      394      1005     711      806      851      576      1097     831      
15       635      1180     1123     1095     809      499      1297     959      1157     1206     1036     185      860      1077     1027     0        1126     1153     1104     720      1157     542      920      478      82       1142     990      1159     989      1131     1135     224      936      1115     659      463      419      538      1332     941      1093     
16       1118     708      1186     725      375      691      901      444      291      1065     406      1031     878      632      100      1126     0        324      1373     478      640      868      237      693      1200     69       1095     1131     353      645      1018     960      920      414      1092     808      903      943      562      1168     878      
17       1308     1023     1462     1028     585      825      1218     731      615      1362     711      1107     1132     937      343      1153     324      0        1628     667      955      1044     471      813      1214     258      1358     1417     647      957      1309     949      1187     731      1290     953      1044     1119     886      1416     1173     
18       471      790      240      715      1043     902      707      932      1156     448      988      934      497      796      1305     1104     1373     1628     0        970      838      672      1162     932      1159     1435     280      333      1023     816      438      1213     454      1020     454      798      758      623      1074     214      557      
19       648      556      829      505      103      230      730      258      437      778      324      588      483      443      384      720      478      667      970      0        508      391      240      244      801      521      710      803      269      490      712      617      550      402      626      333      428      467      628      755      597      
20       787      68       612      124      488      670      262      265      361      446      248      988      427      80       614      1157     640      955      838      508      0        653      520      700      1238     709      567      536      322      29       417      1103     415      226      748      696      761      700      243      673      283      
21       264      662      616      570      492      238      759      526      769      668      608      358      318      572      776      542      868      1044     672      391      653      0        630      264      619      913      480      635      592      625      597      574      396      679      251      126      122      75       864      467      551      
22       882      584      991      571      137      460      778      268      277      896      273      808      664      485      148      920      237      471      1162     240      520      630      0        465      997      285      888      947      198      514      841      777      716      324      857      572      667      705      539      952      707      
23       520      733      849      660      340      34       879      483      681      858      558      345      513      624      594      478      693      813      932      244      700      264      465      0        559      724      715      850      511      676      786      404      593      637      513      147      231      329      856      722      703      
24       695      1261     1190     1176     889      581      1376     1041     1237     1279     1118     260      936      1159     1101     82       1200     1214     1159     801      1238     619      997      559      0        1214     1059     1229     1070     1213     1209     269      1011     1196     721      543      497      611      1414     1004     1170     
25       1167     777      1250     793      421      726      970      509      359      1132     474      1057     938      700      137      1142     69       258      1435     521      709      913      285      724      1214     0        1157     1197     419      714      1084     966      983      483      1143     846      941      989      627      1228     946      
26       385      525      136      442      775      683      482      652      875      260      707      807      227      518      1029     990      1095     1358     280      710      567      480      888      715      1059     1157     0        175      743      543      212      1053     174      740      349      602      591      457      808      116      295      
27       561      479      93       420      850      816      374      688      881      115      727      974      337      510      1078     1159     1131     1417     333      803      536      635      947      850      1229     1197     175      0        778      517      118      1208     259      741      525      750      751      621      759      270      257      
28       813      387      832      381      200      492      582      91       178      716      75       849      532      291      304      989      353      647      1023     269      322      592      198      511      1070     419      743      778      0        317      666      883      569      141      782      573      662      661      369      822      528      
29       758      70       591      100      475      647      264      254      371      432      246      961      399      53       615      1131     645      957      816      490      29       625      514      676      1213     714      543      517      317      0        399      1080     388      234      719      670      734      671      271      647      262      
30       575      360      199      301      751      752      274      578      763      72       612      950      280      393      968      1135     1018     1309     438      712      417      597      841      786      1209     1084     212      118      666      399      0        1163     200      624      536      703      718      598      642      327      140      
31       746      1138     1189     1064     688      435      1281     873      1037     1235     942      298      883      1028     863      224      960      949      1213     617      1103     574      777      404      269      966      1053     1208     883      1080     1163     0        963      1019     759      460      463      600      1245     1027     1095     
32       409      385      279      293      607      559      400      477      703      272      534      751      80       357      856      936      920      1187     454      550      415      396      716      593      1011     983      174      259      569      388      200      963      0        570      369      503      518      401      659      263      183      
33       874      295      808      323      341      615      487      157      139      663      78       966      552      231      394      1115     414      731      1020     402      226      679      324      637      1196     483      740      741      141      234      624      1019     570      0        840      681      765      743      228      833      484      
34       40       735      473      638      721      488      769      702      951      598      779      482      325      675      1005     659      1092     1290     454      626      748      251      857      513      721      1143     349      525      782      719      536      759      369      840      0        368      310      184      985      282      552      
35       374      717      738      632      436      128      837      523      751      775      605      292      422      616      711      463      808      953      798      333      696      126      572      147      543      846      602      750      573      670      703      460      503      681      368      0        95       183      885      594      640      
36       308      776      727      686      531      219      879      607      841      789      690      236      440      681      806      419      903      1044     758      428      761      122      667      231      497      941      591      751      662      734      718      463      518      765      310      95       0        137      962      565      673      
37       192      703      592      608      567      306      783      592      838      668      673      353      329      620      851      538      943      1119     623      467      700      75       705      329      611      989      457      621      661      671      598      600      401      743      184      183      137      0        919      427      570      
38       1023     284      841      367      569      833      419      374      279      658      304      1175     669      310      576      1332     562      886      1074     628      243      864      539      856      1414     627      808      759      369      271      642      1245     659      228      985      885      962      919      0        916      517      
39       312      635      199      549      830      691      598      731      965      369      793      762      290      619      1097     941      1168     1416     214      755      673      467      952      722      1004     1228     116      270      822      647      327      1027     263      833      282      594      565      427      916      0        408      
40       593      233      329      163      626      669      217      442      624      189      473      910      241      253      831      1093     878      1173     557      597      283      551      707      703      1170     946      295      257      528      262      140      1095     183      484      552      640      673      570      517      408      0        
;



Table delta(i,j)                 Distance
         0        1        2        3        4        5        6        7        8        9        10       11       12       13       14       15       16       17       18       19       20       21       22       23       24       25       26       27       28       29       30       31       32       33       34       35       36       37       38       39       40       
0        0        16800    5670     15150    23340    22200    16260    5370     8040     22200    17730    19290    15330    16590    3660     10410    6480     16680    14370    6360     15630    9600     17400    21360    18600    8850     3300     8340     15630    15600    16950    19530    11730    7020     22950    23520    2310     4620     8760     16830    19590    
1        16800    0        533      56       277      228      108      697      310      481      440      186      322      510      482      382      376      504      238      547      155      506      224      349      245      391      477      495      559      376      229      364      363      421      276      224      581      500      529      21       278      
2        5670     533      0        486      791      746      479      190      321      587      698      559      593      377      96       459      161      381      377      26       444      135      479      588      665      163      115      431      667      618      462      516      251      114      677      745      128      313      454      541      542      
3        15150    56       486      0        310      263      120      646      253      498      413      221      289      499      431      331      327      493      226      502      157      470      238      375      240      352      425      441      518      343      239      379      336      376      323      279      528      443      475      56       302      
4        23340    277      791      310      0        49       376      937      510      708      397      401      343      781      726      495      629      774      513      808      426      780      476      558      187      662      717      623      571      382      486      603      640      684      414      213      816      678      649      261      503      
5        22200    228      746      263      49       0        327      896      473      663      397      354      328      732      683      470      585      725      463      763      377      732      427      514      174      615      675      598      565      372      437      556      592      638      375      181      776      645      626      213      457      
6        16260    108      479      120      376      327      0        658      326      378      534      112      410      406      446      435      337      399      138      489      50       430      118      255      351      324      446      533      635      463      122      259      275      365      230      269      549      512      568      129      182      
7        5370     697      190      646      937      896      658      0        433      772      771      745      688      550      215      527      322      556      565      194      626      311      667      779      789      353      221      453      696      699      651      706      442      297      864      917      121      331      463      703      732      
8        8040     310      321      253      510      473      326      433      0        631      381      437      272      527      235      161      176      525      326      345      325      376      405      553      356      271      220      215      389      299      395      519      327      248      556      532      311      190      250      307      482      
9        22200    481      587      498      708      663      378      772      631      0        910      309      785      242      617      777      534      234      307      578      342      462      260      152      727      444      629      846      995      837      259      119      348      506      319      521      706      782      880      503      207      
10       17730    440      698      413      397      397      534      771      381      910      0        627      127      874      605      244      557      870      620      723      567      756      651      787      228      644      587      336      180      82       651      790      680      628      705      561      657      444      345      420      715      
11       19290    186      559      221      401      354      112      745      437      309      627      0        507      404      539      546      431      395      184      565      121      487      94       166      425      397      541      645      740      561      110      202      327      447      122      235      642      623      680      206      103      
12       15330    322      593      289      343      328      410      688      272      785      127      507      0        748      505      173      445      744      492      617      442      640      526      665      155      526      489      293      246      54       525      665      556      515      593      471      570      377      315      303      592      
13       16590    510      377      499      781      732      406      550      527      242      874      404      748      0        432      688      380      9        273      363      356      242      313      321      739      273      449      722      915      793      299      236      199      327      477      639      505      633      754      530      322      
14       3660     482      96       431      726      683      446      215      235      617      605      539      505      432      0        364      109      435      367      122      419      206      469      595      587      173      20       336      571      526      454      532      269      111      661      702      102      221      360      487      540      
15       10410    382      459      331      495      470      435      527      161      777      244      546      173      688      364      0        332      686      470      484      449      532      534      683      312      431      346      127      228      173      528      661      488      403      654      580      412      206      155      370      610      
16       6480     376      161      327      629      585      337      322      176      534      557      431      445      380      109      332      0        380      263      181      310      200      364      497      504      106      110      344      556      475      350      439      190      71       553      595      211      254      375      383      437      
17       16680    504      381      493      774      725      399      556      525      234      870      395      744      9        435      686      380      0        267      367      349      247      304      312      733      274      451      722      913      789      291      227      198      329      468      631      508      633      754      523      313      
18       14370    238      377      226      513      463      138      565      326      307      620      184      492      273      367      470      263      267      0        381      88       304      102      236      467      213      372      541      690      542      87       193      144      267      300      398      468      489      576      257      173      
19       6360     547      26       502      808      763      489      194      345      578      723      565      617      363      122      484      181      367      381      0        452      120      482      587      685      168      142      458      694      643      465      512      250      126      681      756      148      339      481      556      543      
20       15630    155      444      157      426      377      50       626      325      342      567      121      442      356      419      449      310      349      88       452      0        386      86       233      395      284      420      538      658      494      83       223      229      330      243      313      522      506      573      176      160      
21       9600     506      135      470      780      732      430      311      376      462      756      487      640      242      206      532      200      247      304      120      386      0        398      485      682      119      225      532      754      674      381      405      160      129      596      698      264      424      559      520      449      
22       17400    224      479      238      476      427      118      667      405      260      651      94       526      313      469      534      364      304      102      482      86       398      0        149      469      315      474      619      744      579      17       140      237      370      199      327      571      580      655      246      77       
23       21360    349      588      375      558      514      255      779      553      152      787      166      665      321      595      683      497      312      236      587      233      485      149      0        590      428      603      768      890      719      157      86       337      489      170      369      694      725      804      370      73       
24       18600    245      665      240      187      174      351      789      356      727      228      425      155      739      587      312      504      733      467      685      395      682      469      590      0        562      575      439      391      198      473      609      566      568      487      333      668      504      464      223      522      
25       8850     391      163      352      662      615      324      353      271      444      644      397      526      273      173      431      106      274      213      168      284      119      315      428      562      0        185      451      658      562      298      360      96       62       513      592      266      359      482      403      379      
26       3300     477      115      425      717      675      446      221      220      629      587      541      489      449      20       346      110      451      372      142      420      225      474      603      575      185      0        316      551      509      459      541      281      124      663      699      104      201      340      482      546      
27       8340     495      431      441      623      598      533      453      215      846      336      645      293      722      336      127      344      722      541      458      538      532      619      768      439      451      316      0        243      280      611      735      526      408      759      701      353      124      35       485      697      
28       15630    559      667      518      571      565      635      696      389      995      180      740      246      915      571      228      556      913      690      694      658      754      744      890      391      658      551      243      0        194      740      877      716      625      834      716      596      367      233      542      816      
29       15600    376      618      343      382      372      463      699      299      837      82       561      54       793      526      173      475      789      542      643      494      674      579      719      198      562      509      280      194      0        577      717      599      546      648      522      583      378      296      358      646      
30       16950    229      462      239      486      437      122      651      395      259      651      110      525      299      454      528      350      291      87       465      83       381      17       157      473      298      459      611      740      577      0        139      220      354      216      342      555      568      646      251      89       
31       19530    364      516      379      603      556      259      706      519      119      790      202      665      236      532      661      439      227      193      512      223      405      140      86       609      360      541      735      877      717      139      0        265      422      245      429      627      679      770      386      101      
32       11730    363      251      336      640      592      275      442      327      348      680      327      556      199      269      488      190      198      144      250      229      160      237      337      566      96       281      526      716      599      220      265      0        158      437      542      362      444      559      379      293      
33       7020     421      114      376      684      638      365      297      248      506      628      447      515      327      111      403      71       329      267      126      330      129      370      489      568      62       124      408      625      546      354      422      158      0        566      631      205      307      436      430      436      
34       22950    276      677      323      414      375      230      864      556      319      705      122      593      477      661      654      553      468      300      681      243      596      199      170      487      513      663      759      834      648      216      245      437      566      0        209      763      743      794      292      156      
35       23520    224      745      279      213      181      269      917      532      521      561      235      471      639      702      580      595      631      398      756      313      698      327      369      333      592      699      701      716      522      342      429      542      631      209      0        803      720      733      224      329      
36       2310     581      128      528      816      776      549      121      311      706      657      642      570      505      102      412      211      508      468      148      522      264      571      694      668      266      104      353      596      583      555      627      362      205      763      803      0        228      368      585      640      
37       4620     500      313      443      678      645      512      331      190      782      444      623      377      633      221      206      254      633      489      339      506      424      580      725      504      359      201      124      367      378      568      679      444      307      743      720      228      0        142      496      657      
38       8760     529      454      475      649      626      568      463      250      880      345      680      315      754      360      155      375      754      576      481      573      559      655      804      464      482      340      35       233      296      646      770      559      436      794      733      368      142      0        519      732      
39       16830    21       541      56       261      213      129      703      307      503      420      206      303      530      487      370      383      523      257      556      176      520      246      370      223      403      482      485      542      358      251      386      379      430      292      224      585      496      519      0        300      
40       19590    278      542      302      503      457      182      732      482      207      715      103      592      322      540      610      437      313      173      543      160      449      77       73       522      379      546      697      816      646      89       101      293      436      156      329      640      657      732      300      0        
;

