
sets
i        orders          /0*10/
k        routes          /1*10/
p        positions       /0*10/
;

alias(i,j)
alias(i,h)
alias(i,hh)
alias(i,jj)
alias(k,kk)
                
                    Parameters

rho(i)	Processing time
/
0	0
1	26
2	70
3	22
4	41
5	27
6	51
7	57
8	80
9	69
10	94
/

gamma(i)	Duedate
/
0	0
1	22
2	89
3	39
4	91
5	62
6	97
7	79
8	49
9	87
10	58
/

sigma(i)	Size
/
0	0
1	7
2	6
3	2
4	3
5	8
6	1
7	7
8	8
9	8
10	5
/

epsilon(i)	Priority
/
0	0
1	5
2	3
3	8
4	6
5	3
6	8
7	5
8	3
9	3
10	1
/

psi	Vehicle Capacity
/ 16 /
;

Table kappa(i,j)                 Setup
         0        1        2        3        4        5        6        7        8        9        10       
0        0        182      146      192      254      37       329      218      190      63       70       
1        182      0        98       33       142      198      153      36       57       120      118      
2        146      98       0        81       108      143      243      124      148      110      78       
3        192      33       81       0        108      203      162      44       90       135      124      
4        254      142      108      108      0        248      226      140      198      214      185      
5        37       198      143      203      248      0        350      235      215      89       80       
6        329      153      243      162      226      350      0        119      143      266      271      
7        218      36       124      44       140      235      119      0        67       157      154      
8        190      57       148      90       198      215      143      67       0        127      141      
9        63       120      110      135      214      89       266      157      127      0        38       
10       70       118      78       124      185      80       271      154      141      38       0        
;



Table delta(i,j)                 Distance
         0        1        2        3        4        5        6        7        8        9        10       
0        0        34       75       66       41       17       82       37       68       43       77       
1        34       0        43       65       50       48       57       48       57       56       54       
2        75       43       0        65       92       84       24       69       47       75       27       
3        66       65       65       0        105      60       50       31       18       29       42       
4        41       50       92       105      0        56       108      78       103      84       105      
5        17       48       84       60       56       0        86       29       66       32       80       
6        82       57       24       50       108      86       0        65       31       68       7        
7        37       48       69       31       78       29       65       0        39       7        58       
8        68       57       47       18       103      66       31       39       0        41       23       
9        43       56       75       29       84       32       68       7        41       0        61       
10       77       54       27       42       105      80       7        58       23       61       0        
;

