
sets
i        orders          /0*10/
k        routes          /1*10/
p        positions       /0*10/
;

alias(i,j)
alias(i,h)
alias(i,hh)
alias(i,jj)
alias(k,kk)
                
                    Parameters

rho(i)	Processing time
/
0	0
1	27
2	22
3	35
4	64
5	72
6	9
7	51
8	20
9	63
10	45
/

gamma(i)	Duedate
/
0	0
1	86
2	57
3	65
4	31
5	45
6	87
7	28
8	16
9	59
10	58
/

sigma(i)	Size
/
0	0
1	6
2	6
3	1
4	2
5	6
6	7
7	2
8	9
9	4
10	2
/

epsilon(i)	Priority
/
0	0
1	8
2	5
3	3
4	9
5	6
6	8
7	9
8	4
9	2
10	7
/

psi	Vehicle Capacity
/ 39 /
;

Table kappa(i,j)                 Setup
         0        1        2        3        4        5        6        7        8        9        10       
0        0        36       351      348      165      315      186      232      339      192      259      
1        36       0        332      333      182      288      166      219      317      168      242      
2        351      332      0        42       296      100      165      129      38       168      92       
3        348      333      42       0        274      137      168      117      78       179      92       
4        165      182      296      274      0        311      177      170      303      207      211      
5        315      288      100      137      311      0        140      147      62       123      108      
6        186      166      165      168      177      140      0        65       154      33       76       
7        232      219      129      117      170      147      65       0        133      92       41       
8        339      317      38       78       303      62       154      133      0        150      91       
9        192      168      168      179      207      123      33       92       150      0        90       
10       259      242      92       92       211      108      76       41       91       90       0        
;



Table delta(i,j)                 Distance
         0        1        2        3        4        5        6        7        8        9        10       
0        0        13       98       37       15       34       81       75       85       82       97       
1        13       0        101      27       27       32       74       63       74       73       93       
2        98       101      0        87       90       69       62       102      106      76       44       
3        37       27       87       0        46       22       48       39       49       46       69       
4        15       27       90       46       0        34       83       85       95       86       95       
5        34       32       69       22       34       0        48       56       65       52       62       
6        81       74       62       48       83       48       0        42       44       13       25       
7        75       63       102      39       85       56       42       0        10       30       67       
8        85       74       106      49       95       65       44       10       0        30       68       
9        82       73       76       46       86       52       13       30       30       0        37       
10       97       93       44       69       95       62       25       67       68       37       0        
;

