
sets
i        orders          /0*10/
k        routes          /1*10/
p        positions       /0*10/
;

alias(i,j)
alias(i,h)
alias(i,hh)
alias(i,jj)
alias(k,kk)
                
                    Parameters

rho(i)	Processing time
/
0	0
1	20
2	46
3	64
4	77
5	57
6	51
7	65
8	4
9	16
10	41
/

gamma(i)	Duedate
/
0	0
1	53
2	53
3	90
4	79
5	88
6	33
7	61
8	52
9	64
10	72
/

sigma(i)	Size
/
0	0
1	3
2	2
3	2
4	4
5	7
6	7
7	8
8	1
9	8
10	9
/

epsilon(i)	Priority
/
0	0
1	2
2	8
3	2
4	1
5	3
6	5
7	8
8	7
9	8
10	6
/

psi	Vehicle Capacity
/ 13 /
;

Table kappa(i,j)                 Setup
         0        1        2        3        4        5        6        7        8        9        10       
0        0        131      196      152      102      125      121      174      63       192      79       
1        131      0        191      188      29       122      155      141      125      227      169      
2        196      191      0        62       183      77       303      54       132      63       275      
3        152      188      62       0        170      66       268      86       90       42       230      
4        102      29       183      170      0        109      139      137      100      211      144      
5        125      122      77       66       109      0        226      50       65       104      202      
6        121      155      303      268      139      226      0        268      177      310      63       
7        174      141      54       86       137      50       268      0        115      108      249      
8        63       125      132      90       100      65       177      115      0        132      142      
9        192      227      63       42       211      104      310      108      132      0        270      
10       79       169      275      230      144      202      63       249      142      270      0        
;



Table delta(i,j)                 Distance
         0        1        2        3        4        5        6        7        8        9        10       
0        0        88       113      82       71       29       91       24       102      88       94       
1        88       0        32       9        48       63       2        66       52       19       10       
2        113      32       0        42       54       92       29       89       79       49       36       
3        82       9        42       0        51       55       12       61       45       12       12       
4        71       48       54       51       0        61       49       47       96       64       59       
5        29       63       92       55       61       0        66       22       73       60       67       
6        91       2        29       12       49       66       0        68       53       21       10       
7        24       66       89       61       47       22       68       0        89       69       73       
8        102      52       79       45       96       73       53       89       0        33       43       
9        88       19       49       12       64       60       21       69       33       0        12       
10       94       10       36       12       59       67       10       73       43       12       0        
;

