
sets
i        orders          /0*10/
k        routes          /1*10/
p        positions       /0*10/
;

alias(i,j)
alias(i,h)
alias(i,hh)
alias(i,jj)
alias(k,kk)
                
                    Parameters

rho(i)	Processing time
/
0	0
1	42
2	26
3	61
4	46
5	38
6	28
7	35
8	63
9	62
10	37
/

gamma(i)	Duedate
/
0	0
1	25
2	16
3	8
4	2
5	70
6	60
7	47
8	3
9	99
10	22
/

sigma(i)	Size
/
0	0
1	6
2	1
3	8
4	4
5	6
6	1
7	9
8	2
9	5
10	6
/

epsilon(i)	Priority
/
0	0
1	6
2	8
3	1
4	1
5	6
6	2
7	8
8	9
9	5
10	9
/

psi	Vehicle Capacity
/ 39 /
;

Table kappa(i,j)                 Setup
         0        1        2        3        4        5        6        7        8        9        10       
0        0        276      188      229      111      284      214      120      258      177      285      
1        276      0        160      69       178      123      61       224      33       253      120      
2        188      160      0        91       158      102      125      218      167      276      247      
3        229      69       91       0        150      82       52       207      80       252      168      
4        111      178      158      150      0        226      117      60       154      118      173      
5        284      123      102      82       226      0        134      285      149      333      241      
6        214      61       125      52       117      134      0        168      47       205      122      
7        120      224      218      207      60       285      168      0        195      64       188      
8        258      33       167      80       154      149      47       195      0        221      91       
9        177      253      276      252      118      333      205      64       221      0        185      
10       285      120      247      168      173      241      122      188      91       185      0        
;



Table delta(i,j)                 Distance
         0        1        2        3        4        5        6        7        8        9        10       
0        0        12       13       18       20       31       76       51       33       50       28       
1        12       0        16       29       20       43       86       63       22       48       36       
2        13       16       0        28       8        40       72       56       37       62       21       
3        18       29       28       0        36       13       69       36       48       49       31       
4        20       20       8        36       0        48       74       62       38       68       24       
5        31       43       40       13       48       0        64       24       61       56       37       
6        76       86       72       69       74       64       0        46       109      118      50       
7        51       63       56       36       62       24       46       0        84       79       43       
8        33       22       37       48       38       61       109      84       0        42       59       
9        50       48       62       49       68       56       118      79       42       0        77       
10       28       36       21       31       24       37       50       43       59       77       0        
;

