
sets
i        orders          /0*10/
k        routes          /1*10/
p        positions       /0*10/
;

alias(i,j)
alias(i,h)
alias(i,hh)
alias(i,jj)
alias(k,kk)
                
                    Parameters

rho(i)	Processing time
/
0	0
1	13
2	11
3	37
4	40
5	66
6	9
7	4
8	86
9	22
10	81
/

gamma(i)	Duedate
/
0	0
1	24
2	89
3	18
4	60
5	12
6	87
7	52
8	19
9	4
10	69
/

sigma(i)	Size
/
0	0
1	3
2	3
3	7
4	4
5	1
6	4
7	8
8	4
9	3
10	3
/

epsilon(i)	Priority
/
0	0
1	2
2	2
3	3
4	8
5	1
6	4
7	3
8	7
9	5
10	8
/

psi	Vehicle Capacity
/ 25 /
;

Table kappa(i,j)                 Setup
         0        1        2        3        4        5        6        7        8        9        10       
0        0        76       31       53       229      184      238      260      223      258      213      
1        76       0        59       86       162      151      239      194      242      195      139      
2        31       59       0        32       221      192      259      253      249      252      189      
3        53       86       32       0        248      225      290      280      277      281      202      
4        229      162      221      248      0        113      228      32       266      37       129      
5        184      151      192      225      113      0        118      125      152      115      209      
6        238      239      259      290      228      118      0        233      56       220      325      
7        260      194      253      280      32       125      233      0        275      13       155      
8        223      242      249      277      266      152      56       275      0        264      348      
9        258      195      252      281      37       115      220      13       264      0        165      
10       213      139      189      202      129      209      325      155      348      165      0        
;



Table delta(i,j)                 Distance
         0        1        2        3        4        5        6        7        8        9        10       
0        0        36       5        22       67       38       73       79       82       93       78       
1        36       0        32       23       39       37       58       100      60       93       49       
2        5        32       0        22       66       39       74       84       82       96       77       
3        22       23       22       0        45       19       52       77       60       77       57       
4        67       39       66       45       0        40       30       102      23       73       11       
5        38       37       39       19       40       0        36       65       48       58       51       
6        73       58       74       52       30       36       0        80       16       43       33       
7        79       100      84       77       102      65       80       0        97       55       110      
8        82       60       82       60       23       48       16       97       0        57       21       
9        93       93       96       77       73       58       43       55       57       0        76       
10       78       49       77       57       11       51       33       110      21       76       0        
;

