

sets
i        orders          /0*10/
k        routes          /1*10/
p        positions       /0*10/
;

alias(i,j)
alias(i,h)
alias(i,hh)
alias(i,jj)
alias(k,kk)
                            Parameters

rho(i)	Processing time
/
0	0
1	55
2	71
3	11
4	42
5	29
6	35
7	65
8	87
9	25
10	24
/

gamma(i)	Duedate
/
0	0
1	2
2	61
3	3
4	60
5	79
6	12
7	50
8	12
9	30
10	68
/

sigma(i)	Size
/
0	0
1	6
2	7
3	5
4	3
5	7
6	2
7	3
8	1
9	5
10	2
/

epsilon(i)	Priority
/
0	0
1	9
2	8
3	1
4	9
5	8
6	3
7	7
8	1
9	3
10	7
/

psi	Vehicle Capacity
/ 8 /
;

Table kappa(i,j)                 Setup
         0        1        2        3        4        5        6        7        8        9        10       
0        0        176      203      397      407      513      333      427      510      241      575      
1        176      0        163      224      275      670      483      514      345      383      740      
2        203      163      0        341      431      709      534      367      358      293      661      
3        397      224      341      0        164      855      667      708      230      604      964      
4        407      275      431      164      0        783      602      789      393      643      979      
5        513      670      709      855      783      0        188      733      1015     525      506      
6        333      483      534      667      602      188      0        624      828      401      516      
7        427      514      367      708      789      733      624      0        680      224      421      
8        510      345      358      230      393      1015     828      680      0        651      1018     
9        241      383      293      604      643      525      401      224      651      0        368      
10       575      740      661      964      979      506      516      421      1018     368      0        
;



Table delta(i,j)                 Distance
         0        1        2        3        4        5        6        7        8        9        10       
0        0        330      450      300      930      660      600      240      300      750      480      
1        330      0        23       21       34       16       31       11       20       18       16       
2        450      23       0        6        43       37       14       23       19       40       15       
3        300      21       6        0        37       33       11       17       12       36       18       
4        930      34       43       37       0        24       39       24       24       27       47       
5        660      16       37       33       24       0        41       15       25       3        32       
6        600      31       14       11       39       41       0        25       16       44       29       
7        240      11       23       17       24       15       25       0        10       19       23       
8        300      20       19       12       24       25       16       10       0        29       26       
9        750      18       40       36       27       3        44       19       29       0        34       
10       480      16       15       18       47       32       29       23       26       34       0        
;

