

sets
i        orders          /0*10/
k        routes          /1*10/
p        positions       /0*10/
;

alias(i,j)
alias(i,h)
alias(i,hh)
alias(i,jj)
alias(k,kk)
                            Parameters

rho(i)	Processing time
/
0	0
1	33
2	64
3	44
4	74
5	97
6	23
7	86
8	66
9	85
10	39
/

gamma(i)	Duedate
/
0	0
1	62
2	17
3	58
4	19
5	14
6	91
7	63
8	40
9	65
10	73
/

sigma(i)	Size
/
0	0
1	8
2	3
3	9
4	2
5	8
6	5
7	1
8	2
9	1
10	3
/

epsilon(i)	Priority
/
0	0
1	1
2	9
3	8
4	2
5	3
6	6
7	3
8	6
9	9
10	3
/

psi	Vehicle Capacity
/ 14 /
;

Table kappa(i,j)                 Setup
         0        1        2        3        4        5        6        7        8        9        10       
0        0        682      1032     702      735      579      632      823      1006     1277     738      
1        682      0        391      111      264      571      380      425      353      782      466      
2        1032     391      0        332      326      947      740      709      47       889      795      
3        702      111      332      0        153      670      487      536      304      874      577      
4        735      264      326      153      0        802      631      689      318      1016     726      
5        579      571      947      670      802      0        213      359      903      766      232      
6        632      380      740      487      631      213      0        193      695      645      119      
7        823      425      709      536      689      359      193      0        661      453      127      
8        1006     353      47       304      318      903      695      661      0        847      748      
9        1277     782      889      874      1016     766      645      453      847      0        549      
10       738      466      795      577      726      232      119      127      748      549      0        
;



Table delta(i,j)                 Distance
         0        1        2        3        4        5        6        7        8        9        10       
0        0        870      1350     750      990      900      510      960      540      630      1020     
1        870      0        23       8        6        22       13       9        11       23       22       
2        1350     23       0        22       28       19       28       31       32       46       14       
3        750      8        22       0        14       15       7        16       10       24       16       
4        990      6        28       14       0        29       18       3        14       21       29       
5        900      22       19       15       29       0        17       31       23       38       5        
6        510      13       28       7        18       17       0        19       6        20       20       
7        960      9        31       16       3        31       19       0        14       19       31       
8        540      11       32       10       14       23       6        14       0        14       26       
9        630      23       46       24       21       38       20       19       14       0        40       
10       1020     22       14       16       29       5        20       31       26       40       0        
;

