
sets
i        orders          /0*5/
k        routes          /1*5/
p        positions       /0*5/
;

alias(i,j)
alias(i,h)
alias(i,hh)
alias(i,jj)
alias(k,kk)
                
                    Parameters

rho(i)	Processing time
/
0	0
1	63
2	95
3	24
4	98
5	76
/

gamma(i)	Duedate
/
0	0
1	96
2	41
3	86
4	26
5	35
/

sigma(i)	Size
/
0	0
1	7
2	1
3	7
4	8
5	3
/

epsilon(i)	Priority
/
0	0
1	6
2	6
3	8
4	6
5	4
/

psi	Vehicle Capacity
/ 11 /
;

Table kappa(i,j)                 Setup
         0        1        2        3        4        5        
0        0        17       41       15       26       52       
1        17       0        24       15       17       36       
2        41       24       0        36       24       12       
3        15       15       36       0        31       48       
4        26       17       24       31       0        32       
5        52       36       12       48       32       0        
;



Table delta(i,j)                 Distance
         0        1        2        3        4        5        
0        0        970      710      890      820      130      
1        970      0        30       15       53       89       
2        710      30       0        18       32       61       
3        890      15       18       0        38       79       
4        820      53       32       38       0        69       
5        130      89       61       79       69       0        
;

