
sets
i        orders          /0*5/
k        routes          /1*5/
p        positions       /0*5/
;

alias(i,j)
alias(i,h)
alias(i,hh)
alias(i,jj)
alias(k,kk)
                
                    Parameters

rho(i)	Processing time
/
0	0
1	50
2	40
3	18
4	16
5	86
/

gamma(i)	Duedate
/
0	0
1	23
2	91
3	94
4	36
5	7
/

sigma(i)	Size
/
0	0
1	3
2	4
3	6
4	8
5	7
/

epsilon(i)	Priority
/
0	0
1	8
2	3
3	7
4	8
5	3
/

psi	Vehicle Capacity
/ 29 /
;

Table kappa(i,j)                 Setup
         0        1        2        3        4        5        
0        0        25       29       70       67       37       
1        25       0        22       63       59       27       
2        29       22       0        43       39       8        
3        70       63       43       0        4        35       
4        67       59       39       4        0        32       
5        37       27       8        35       32       0        
;



Table delta(i,j)                 Distance
         0        1        2        3        4        5        
0        0        680      360      610      440      690      
1        680      0        35       47       41       8        
2        360      35       0        32       37       34       
3        610      47       32       0        68       41       
4        440      41       37       68       0        47       
5        690      8        34       41       47       0        
;

