

sets
i        orders          /0*20/
k        routes          /1*20/
p        positions       /0*20/
;

alias(i,j)
alias(i,h)
alias(i,hh)
alias(i,jj)
alias(k,kk)
                            Parameters

rho(i)	Processing time
/
0	0
1	61
2	44
3	63
4	77
5	58
6	95
7	58
8	81
9	32
10	18
11	62
12	24
13	91
14	76
15	92
16	72
17	17
18	23
19	92
20	93
/

gamma(i)	Duedate
/
0	0
1	44
2	73
3	7
4	90
5	9
6	65
7	60
8	28
9	88
10	53
11	53
12	38
13	49
14	5
15	84
16	82
17	17
18	18
19	2
20	55
/

sigma(i)	Size
/
0	0
1	3
2	4
3	8
4	4
5	9
6	1
7	6
8	9
9	2
10	2
11	5
12	2
13	4
14	9
15	9
16	2
17	3
18	3
19	8
20	9
/

epsilon(i)	Priority
/
0	0
1	3
2	3
3	3
4	4
5	7
6	3
7	8
8	5
9	2
10	6
11	3
12	3
13	6
14	9
15	7
16	5
17	9
18	2
19	9
20	3
/

psi	Vehicle Capacity
/ 84 /
;

Table kappa(i,j)                 Setup
         0        1        2        3        4        5        6        7        8        9        10       11       12       13       14       15       16       17       18       19       20       
0        0        1523     1511     1615     200      1548     579      873      1059     439      757      924      746      1005     219      1438     631      360      497      1268     471      
1        1523     0        130      1573     1387     326      965      754      717      1220     916      2373     912      1190     1725     1284     1232     1179     1309     1698     1976     
2        1511     130      0        1682     1363     197      940      797      792      1240     859      2384     857      1267     1720     1390     1274     1158     1339     1782     1973     
3        1615     1573     1682     0        1677     1866     1543     1115     966      1211     1750     1870     1731     639      1652     293      996      1564     1119     496      1772     
4        200      1387     1363     1677     0        1383     423      804      1006     466      569      1119     560      1045     412      1472     681      209      569      1376     656      
5        1548     326      197      1866     1383     0        969      921      949      1326     839      2447     842      1421     1763     1573     1387     1188     1437     1941     2017     
6        579      965      940      1543     423      969      0        484      693      468      246      1488     228      911      794      1290     640      219      607      1364     1048     
7        873      754      797      1115     804      921      484      0        210      489      648      1640     630      537      1043     840      478      611      559      1053     1280     
8        1059     717      792      966      1006     949      693      210      0        645      841      1767     824      474      1214     678      568      818      681      991      1440     
9        439      1220     1240     1211     466      1326     468      489      645      0        714      1155     696      580      570      1009     217      380      139      937      795      
10       757      916      859      1750     569      839      246      648      841      714      0        1681     19       1131     975      1484     883      410      853      1601     1224     
11       924      2373     2384     1870     1119     2447     1488     1640     1767     1155     1681     0        1670     1473     706      1833     1201     1277     1087     1383     471      
12       746      912      857      1731     560      842      228      630      824      696      19       1670     0        1112     965      1466     864      397      835      1582     1214     
13       1005     1190     1267     639      1045     1421     911      537      474      580      1131     1473     1112     0        1082     432      374      925      511      521      1251     
14       219      1725     1720     1652     412      1763     794      1043     1214     570      975      706      965      1082     0        1508     718      578      578      1255     254      
15       1438     1284     1390     293      1472     1573     1290     840      678      1009     1484     1833     1466     432      1508     0        806      1337     942      565      1663     
16       631      1232     1274     996      681      1387     640      478      568      217      883      1201     864      374      718      806      0        591      140      730      910      
17       360      1179     1158     1564     209      1188     219      611      818      380      410      1277     397      925      578      1337     591      0        512      1317     831      
18       497      1309     1339     1119     569      1437     607      559      681      139      853      1087     835      511      578      942      140      512      0        812      774      
19       1268     1698     1782     496      1376     1941     1364     1053     991      937      1601     1383     1582     521      1255     565      730      1317     812      0        1334     
20       471      1976     1973     1772     656      2017     1048     1280     1440     795      1224     471      1214     1251     254      1663     910      831      774      1334     0        
;



Table delta(i,j)                 Distance
         0        1        2        3        4        5        6        7        8        9        10       11       12       13       14       15       16       17       18       19       20       
0        0        1430     1640     1100     1320     1850     120      1100     2120     2120     2010     1940     1010     1340     290      1420     1150     2220     1980     670      1020     
1        1430     0        161      78       155      132      156      152      68       99       60       74       86       49       132      141      40       99       82       96       140      
2        1640     161      0        206      35       56       171      58       194      132      177      235      85       198      183      23       175      151      132      109      62       
3        1100     78       206      0        188      195      120      175      137      177      134      90       120      36       86       183      39       178      160      104      162      
4        1320     155      35       188      0        81       138      23       199      149      183      229      70       185      153      24       161      167      146      85       30       
5        1850     132      56       195      81       0        195      100      148      78       132      202      86       177      196      57       158      97       82       119      97       
6        120      156      171      120      138      195      0        116      224      224      214      205      113      145      35       150      127      234      210      78       109      
7        1100     152      58       175      23       100      116      0        203      161      187      225      65       176      132      43       153      178      155      70       12       
8        2120     68       194      137      199      148      224      203      0        80       17       77       140      101      201      179      104      67       68       159      192      
9        2120     99       132      177      149      78       224      161      80       0        65       150      114      148      212      126      138      18       17       146      154      
10       2010     60       177      134      183      132      214      187      17       65       0        85       125      99       192      163      99       55       52       146      176      
11       1940     74       235      90       229      202      205      225      77       150      85       0        160      60       173      216      79       141      134      163      212      
12       1010     86       85       120      70       86       113      65       140      114      125      160      0        114      110      62       91       127      103      34       53       
13       1340     49       198      36       185      177      145      176      101      148      99       60       114      0        113      176      23       146      130      109      163      
14       290      132      183      86       153      196      35       132      201      212      192      173      110      113      0        160      99       220      197      76       123      
15       1420     141      23       183      24       57       150      43       179      126      163      216      62       176      160      0        153      144      123      85       43       
16       1150     40       175      39       161      158      127      153      104      138      99       79       91       23       99       153      0        139      120      85       140      
17       2220     99       151      178      167      97       234      178      67       18       55       141      127      146      220      144      139      0        24       157      170      
18       1980     82       132      160      146      82       210      155      68       17       52       134      103      130      197      123      120      24       0        133      146      
19       670      96       109      104      85       119      78       70       159      146      146      163      34       109      76       85       85       157      133      0        58       
20       1020     140      62       162      30       97       109      12       192      154      176      212      53       163      123      43       140      170      146      58       0        
;

