

sets
i        orders          /0*20/
k        routes          /1*20/
p        positions       /0*20/
;

alias(i,j)
alias(i,h)
alias(i,hh)
alias(i,jj)
alias(k,kk)
                            Parameters

rho(i)	Processing time
/
0	0
1	69
2	74
3	96
4	85
5	3
6	52
7	20
8	3
9	93
10	38
11	55
12	17
13	37
14	43
15	76
16	26
17	43
18	42
19	11
20	39
/

gamma(i)	Duedate
/
0	0
1	75
2	41
3	16
4	24
5	77
6	68
7	10
8	93
9	51
10	11
11	17
12	63
13	3
14	5
15	14
16	92
17	80
18	82
19	71
20	64
/

sigma(i)	Size
/
0	0
1	8
2	9
3	7
4	3
5	8
6	2
7	7
8	7
9	2
10	3
11	5
12	3
13	7
14	5
15	2
16	6
17	2
18	5
19	7
20	9
/

epsilon(i)	Priority
/
0	0
1	1
2	2
3	2
4	9
5	7
6	2
7	6
8	2
9	8
10	4
11	8
12	7
13	8
14	4
15	8
16	3
17	6
18	9
19	5
20	6
/

psi	Vehicle Capacity
/ 26 /
;

Table kappa(i,j)                 Setup
         0        1        2        3        4        5        6        7        8        9        10       11       12       13       14       15       16       17       18       19       20       
0        0        1359     914      1819     2041     1561     1865     1391     1201     885      2159     968      1938     1830     2017     517      1610     1511     955      324      1360     
1        1359     0        915      770      718      850      1005     1818     420      858      1504     393      702      808      1514     853      380      304      446      1371     726      
2        914      915      0        1004     1611     674      979      918      1079     1157     1246     643      1209     1001     1114     713      950      873      524      1140     495      
3        1819     770      1004     0        1039     397      293      1649     1189     1587     797      973      304      45       883      1406     403      466      915      1944     512      
4        2041     718      1611     1039     0        1334     1332     2482     879      1351     1829     1100     765      1083     1921     1524     736      772      1164     1994     1301     
5        1561     850      674      397      1334     0        305      1252     1222     1524     688      882      683      375      664      1227     603      598      783      1738     207      
6        1865     1005     979      293      1332     305      0        1466     1412     1766     511      1128     586      249      591      1512     670      710      1045     2032     504      
7        1391     1818     918      1649     2482     1252     1466     0        1993     1995     1390     1559     1930     1624     1164     1500     1765     1712     1442     1710     1200     
8        1201     420      1079     1189     879      1222     1412     1993     0        485      1898     435      1111     1225     1884     694      799      723      557      1119     1062     
9        885      858      1157     1587     1351     1524     1766     1995     485      0        2212     642      1561     1617     2155     499      1229     1139     744      705      1331     
10       2159     1504     1246     797      1829     688      511      1390     1898     2212     0        1571     1066     752      230      1891     1181     1216     1470     2376     883      
11       968      393      643      973      1100     882      1128     1559     435      642      1571     0        1011     999      1521     472      670      571      124      1007     693      
12       1938     702      1209     304      765      683      586      1930     1111     1561     1066     1011     0        344      1176     1477     341      439      989      2016     749      
13       1830     808      1001     45       1083     375      249      1624     1225     1617     752      999      344      0        839      1425     445      504      936      1961     507      
14       2017     1514     1114     883      1921     664      591      1164     1884     2155     230      1521     1176     839      0        1795     1229     1246     1411     2254     829      
15       517      853      713      1406     1524     1227     1512     1500     694      499      1891     472      1477     1425     1795     0        1139     1039     493      540      1021     
16       1610     380      950      403      736      603      670      1765     799      1229     1181     670      341      445      1229     1139     0        99       656      1677     569      
17       1511     304      873      466      772      598      710      1712     723      1139     1216     571      439      504      1246     1039     99       0        557      1577     531      
18       955      446      524      915      1164     783      1045     1442     557      744      1470     124      989      936      1411     493      656      557      0        1033     587      
19       324      1371     1140     1944     1994     1738     2032     1710     1119     705      2376     1007     2016     1961     2254     540      1677     1577     1033     0        1531     
20       1360     726      495      512      1301     207      504      1200     1062     1331     883      693      749      507      829      1021     569      531      587      1531     0        
;



Table delta(i,j)                 Distance
         0        1        2        3        4        5        6        7        8        9        10       11       12       13       14       15       16       17       18       19       20       
0        0        1310     790      420      870      900      940      690      750      700      1000     690      640      1050     100      600      940      1010     930      980      910      
1        1310     0        120      89       210      214      149      198      85       142      166      106      188      88       133      164      184      67       127      160      45       
2        790      120      0        62       160      161      29       112      36       144      175      16       138      148      89       139      66       57       15       172      106      
3        420      89       62       0        128      132      88       108      40       86       117      47       105      87       47       92       108      62       77       113      55       
4        870      210      160      128      0        5        166      69       162      84       90       154      23       153      81       51       143      189      173      94       166      
5        900      214      161      132      5        0        166      67       165      90       96       156      26       158      84       56       142      191      174      99       170      
6        940      149      29       88       166      166      0        108      65       163      194      45       145      175      104      154      45       84       23       191      134      
7        690      198      112      108      69       67       108      0        128      118      138      112      58       171      72       88       76       156      122      139      161      
8        750      85       36       40       162      165      65       128      0        127      158      21       139      117      83       131      99       28       45       154      71       
9        700      142      144      86       84       90       163      118      127      0        31       130      70       70       60       34       164      145      159      28       96       
10       1000     166      175      117      90       96       194      138      158      31       0        162      84       84       90       50       192      175      190      6        122      
11       690      106      16       47       154      156      45       112      21       130      162      0        131      131      78       129      78       47       30       158      89       
12       640      188      138      105      23       26       145      58       139      70       84       131      0        136      57       36       127      165      152      86       144      
13       1050     88       148      87       153      158      175      171      117      70       84       131      136      0        99       102      192      121      161      78       52       
14       100      133      89       47       81       84       104      72       83       60       90       78       57       99       0        50       103      108      104      88       91       
15       600      164      139      92       51       56       154      88       131      34       50       129      36       102      50       0        145      154      154      51       119      
16       940      184      66       108      143      142      45       76       99       164      192      78       127      192      103      145      0        124      67       191      161      
17       1010     67       57       62       189      191      84       156      28       145      175      47       165      121      108      154      124      0        61       170      69       
18       930      127      15       77       173      174      23       122      45       159      190      30       152      161      104      154      67       61       0        187      117      
19       980      160      172      113      94       99       191      139      154      28       6        158      86       78       88       51       191      170      187      0        116      
20       910      45       106      55       166      170      134      161      71       96       122      89       144      52       91       119      161      69       117      116      0        
;

