

sets
i        orders          /0*20/
k        routes          /1*20/
p        positions       /0*20/
;

alias(i,j)
alias(i,h)
alias(i,hh)
alias(i,jj)
alias(k,kk)
                            Parameters

rho(i)	Processing time
/
0	0
1	59
2	64
3	40
4	23
5	43
6	76
7	7
8	77
9	86
10	18
11	3
12	39
13	88
14	70
15	16
16	85
17	33
18	42
19	42
20	20
/

gamma(i)	Duedate
/
0	0
1	44
2	94
3	13
4	62
5	58
6	35
7	93
8	11
9	11
10	67
11	29
12	13
13	60
14	60
15	22
16	98
17	19
18	13
19	72
20	12
/

sigma(i)	Size
/
0	0
1	5
2	9
3	2
4	3
5	8
6	4
7	3
8	1
9	9
10	8
11	5
12	9
13	2
14	7
15	7
16	6
17	1
18	8
19	8
20	9
/

epsilon(i)	Priority
/
0	0
1	4
2	4
3	6
4	9
5	3
6	4
7	1
8	7
9	9
10	8
11	1
12	5
13	4
14	7
15	3
16	2
17	4
18	9
19	4
20	3
/

psi	Vehicle Capacity
/ 73 /
;

Table kappa(i,j)                 Setup
         0        1        2        3        4        5        6        7        8        9        10       11       12       13       14       15       16       17       18       19       20       
0        0        1005     231      725      1147     1415     525      1360     662      864      1155     605      1826     606      743      1288     1246     998      1359     1027     1094     
1        1005     0        778      1720     1464     1494     1505     1728     1636     1869     1505     399      1765     1439     1556     2116     2076     939      382      1696     97       
2        231      778      0        956      1114     1333     732      1353     888      1091     1132     379      1726     735      920      1433     1391     856      1128     1168     865      
3        725      1720     956      0        1529     1876     422      1651     137      254      1512     1323     2298     754      528      1100     1068     1607     2082     841      1812     
4        1147     1464     1114     1529     0        369      1107     263      1567     1459     52       1250     777      776      1827     1015     989      566      1592     2146     1490     
5        1415     1494     1333     1876     369      0        1455     450      1903     1821     406      1373     423      1131     2132     1362     1340     561      1531     2438     1496     
6        525      1505     732      422      1107     1455     0        1236     473      409      1090     1109     1877     333      809      833      794      1220     1835     1147     1587     
7        1360     1728     1353     1651     263      450      1236     0        1708     1544     228      1510     764      904      2002     945      929      818      1846     2330     1753     
8        662      1636     888      137      1567     1903     473      1708     0        391      1555     1243     2326     803      395      1215     1182     1596     2004     717      1729     
9        864      1869     1091     254      1459     1821     409      1544     391      0        1434     1469     2237     694      781      883      856      1627     2215     1087     1956     
10       1155     1505     1132     1512     52       406      1090     228      1555     1434     0        1282     805      758      1824     967      942      615      1640     2146     1534     
11       605      399      379      1323     1250     1373     1109     1510     1243     1469     1282     0        1716     1071     1201     1763     1721     823      760      1385     489      
12       1826     1765     1726     2298     777      423      1877     764      2326     2237     805      1716     0        1550     2551     1710     1694     895      1719     2853     1747     
13       606      1439     735      754      776      1131     333      904      803      694      758      1071     1550     0        1112     698      656      961      1725     1446     1509     
14       743      1556     920      528      1827     2132     809      2002     395      781      1824     1201     2551     1112     0        1602     1567     1742     1937     337      1653     
15       1288     2116     1433     1100     1015     1362     833      945      1215     883      967      1763     1710     698      1602     0        42       1463     2372     1932     2179     
16       1246     2076     1391     1068     989      1340     794      929      1182     856      942      1721     1694     656      1567     42       0        1429     2332     1898     2139     
17       998      939      856      1607     566      561      1220     818      1596     1627     615      823      895      961      1742     1463     1429     0        1027     2017     949      
18       1359     382      1128     2082     1592     1531     1835     1846     2004     2215     1640     760      1719     1725     1937     2372     2332     1027     0        2075     285      
19       1027     1696     1168     841      2146     2438     1147     2330     717      1087     2146     1385     2853     1446     337      1932     1898     2017     2075     0        1792     
20       1094     97       865      1812     1490     1496     1587     1753     1729     1956     1534     489      1747     1509     1653     2179     2139     949      285      1792     0        
;



Table delta(i,j)                 Distance
         0        1        2        3        4        5        6        7        8        9        10       11       12       13       14       15       16       17       18       19       20       
0        0        1650     1350     220      2010     1860     1100     770      1060     1160     630      1480     380      730      560      1310     280      890      910      630      470      
1        1650     0        49       145      157      83       128      208      65       159      148      195      162      202      176      186      146      127      181      150      152      
2        1350     49       0        113      117      60       78       164      29       109      104      145      142      159      160      136      111      79       134      139      111      
3        220      145      113      0        181      163      91       80       84       101      48       136      47       75       68       120      11       69       84       66       35       
4        2010     157      117      181      0        78       91       180      133      95       140      97       226      177      247      103      173      112      136      234      156      
5        1860     83       60       163      78       0        96       197      87       121      140      145      199      192      218      143      159      110      157      198      152      
6        1100     128      78       91       91       96       0        101      71       31       50       69       137      96       158      58       82       21       61       148      65       
7        770      208      164      80       180      197      101      0        142      85       60       97       114      5        130      82       72       87       44       140      56       
8        1060     65       29       84       133      87       71       142      0        101      82       140      113      136      131      128      83       64       117      110      87       
9        1160     159      109      101      95       121      31       85       101      0        53       40       149      81       170      27       91       40       41       165      69       
10       630      148      104      48       140      140      50       60       82       53       0        88       96       55       116      71       37       31       40       113      16       
11       1480     195      145      136      97       145      69       97       140      40       88       0        183      96       204      17       125      80       58       202      102      
12       380      162      142      47       226      199      137      114      113      149      96       183      0        111      21       166      58       116      128      27       81       
13       730      202      159      75       177      192      96       5        136      81       55       96       111      0        127      80       67       82       40       136      50       
14       560      176      160      68       247      218      158      130      131      170      116      204      21       127      0        187      78       137      148      28       101      
15       1310     186      136      120      103      143      58       82       128      27       71       17       166      80       187      0        109      66       42       185      85       
16       280      146      111      11       173      159      82       72       83       91       37       125      58       67       78       109      0        60       73       77       24       
17       890      127      79       69       112      110      21       87       64       40       31       80       116      82       137      66       60       0        54       128      45       
18       910      181      134      84       136      157      61       44       117      41       40       58       128      40       148      42       73       54       0        150      49       
19       630      150      139      66       234      198      148      140      110      165      113      202      27       136      28       185      77       128      150      0        101      
20       470      152      111      35       156      152      65       56       87       69       16       102      81       50       101      85       24       45       49       101      0        
;

