

sets
i        orders          /0*5/
k        routes          /1*5/
p        positions       /0*5/
;

alias(i,j)
alias(i,h)
alias(i,hh)
alias(i,jj)
alias(k,kk)
                            Parameters

rho(i)	Processing time
/
0	0
1	4
2	26
3	7
4	41
5	97
/

gamma(i)	Duedate
/
0	0
1	57
2	95
3	93
4	4
5	16
/

sigma(i)	Size
/
0	0
1	2
2	8
3	7
4	5
5	1
/

epsilon(i)	Priority
/
0	0
1	4
2	8
3	8
4	2
5	8
/

psi	Vehicle Capacity
/ 36 /
;

Table kappa(i,j)                 Setup
         0        1        2        3        4        5        
0        0        29       45       36       44       53       
1        29       0        19       10       37       30       
2        45       19       0        9        29       12       
3        36       10       9        0        30       19       
4        44       37       29       30       0        25       
5        53       30       12       19       25       0        
;



Table delta(i,j)                 Distance
         0        1        2        3        4        5        
0        0        1260     1320     1950     930      1440     
1        1260     0        7        30       36       25       
2        1320     7        0        24       32       18       
3        1950     30       24       0        44       19       
4        930      36       32       44       0        24       
5        1440     25       18       19       24       0        
;

