
sets
i        orders          /0*80/
k        routes          /1*80/
p        positions       /0*80/
;

alias(i,j)
alias(i,h)
alias(i,hh)
alias(i,jj)
alias(k,kk)
                
                    Parameters

rho(i)	Processing time
/
0	0
1	19
2	56
3	48
4	90
5	43
6	53
7	35
8	60
9	91
10	28
11	96
12	11
13	51
14	9
15	61
16	71
17	38
18	90
19	86
20	4
21	89
22	47
23	35
24	25
25	50
26	94
27	15
28	62
29	74
30	23
31	81
32	28
33	9
34	20
35	90
36	6
37	99
38	54
39	11
40	54
41	85
42	93
43	11
44	50
45	72
46	63
47	52
48	7
49	4
50	23
51	98
52	9
53	5
54	45
55	95
56	84
57	37
58	29
59	64
60	44
61	36
62	36
63	96
64	11
65	52
66	1
67	8
68	44
69	9
70	59
71	9
72	60
73	32
74	42
75	35
76	43
77	7
78	17
79	14
80	74
/

gamma(i)	Duedate
/
0	0
1	39
2	81
3	5
4	93
5	80
6	18
7	86
8	27
9	18
10	76
11	80
12	72
13	59
14	44
15	86
16	72
17	56
18	69
19	63
20	7
21	12
22	43
23	13
24	29
25	72
26	19
27	31
28	74
29	33
30	46
31	11
32	25
33	40
34	67
35	52
36	8
37	68
38	82
39	27
40	72
41	3
42	37
43	84
44	31
45	38
46	9
47	91
48	71
49	46
50	21
51	58
52	62
53	15
54	69
55	95
56	24
57	18
58	52
59	3
60	37
61	49
62	77
63	55
64	83
65	18
66	19
67	9
68	26
69	20
70	58
71	86
72	47
73	58
74	97
75	25
76	90
77	20
78	3
79	52
80	52
/

sigma(i)	Size
/
0	0
1	9
2	8
3	3
4	6
5	7
6	1
7	2
8	4
9	7
10	7
11	1
12	7
13	7
14	7
15	7
16	1
17	3
18	2
19	4
20	7
21	1
22	6
23	7
24	6
25	9
26	4
27	4
28	2
29	5
30	1
31	4
32	9
33	4
34	9
35	7
36	7
37	6
38	4
39	2
40	7
41	5
42	5
43	7
44	1
45	1
46	3
47	2
48	3
49	8
50	1
51	3
52	4
53	4
54	4
55	8
56	4
57	1
58	8
59	6
60	5
61	8
62	2
63	1
64	6
65	4
66	4
67	4
68	6
69	9
70	5
71	1
72	9
73	1
74	5
75	2
76	5
77	1
78	8
79	4
80	1
/

epsilon(i)	Priority
/
0	0
1	1
2	9
3	8
4	6
5	5
6	5
7	2
8	3
9	4
10	4
11	3
12	3
13	8
14	4
15	5
16	1
17	2
18	5
19	1
20	6
21	4
22	3
23	5
24	3
25	6
26	9
27	9
28	5
29	5
30	5
31	4
32	1
33	5
34	3
35	2
36	7
37	3
38	5
39	2
40	2
41	8
42	3
43	6
44	3
45	4
46	7
47	5
48	6
49	6
50	4
51	4
52	4
53	7
54	7
55	8
56	1
57	4
58	7
59	8
60	3
61	9
62	3
63	1
64	8
65	7
66	1
67	5
68	3
69	4
70	6
71	1
72	8
73	6
74	2
75	6
76	8
77	9
78	4
79	1
80	3
/

psi	Vehicle Capacity
/ 30 /
;

Table kappa(i,j)                 Setup
         0        1        2        3        4        5        6        7        8        9        10       11       12       13       14       15       16       17       18       19       20       21       22       23       24       25       26       27       28       29       30       31       32       33       34       35       36       37       38       39       40       41       42       43       44       45       46       47       48       49       50       51       52       53       54       55       56       57       58       59       60       61       62       63       64       65       66       67       68       69       70       71       72       73       74       75       76       77       78       79       80       
0        0        672      127      180      1489     1269     656      627      1380     588      1340     531      561      829      1381     905      1262     763      1419     611      972      837      650      652      1376     267      771      18       1621     864      1744     952      1325     1469     1350     677      1151     529      1471     1022     1255     752      771      959      889      1076     699      1217     1580     1869     1139     687      664      96       545      690      1207     919      560      820      1841     1089     677      813      816      619      706      826      607      1436     1379     1407     1172     852      1018     275      1171     625      532      1366     1197     
1        672      0        661      797      1989     1571     70       1299     1465     874      1294     317      1175     248      1998     992      1924     1141     1556     472      312      1233     1302     1044     1957     746      1159     654      1664     526      2277     283      1510     1877     1560     1321     1718     391      2013     739      1906     343      1340     1457     1532     1662     1311     1609     2188     2454     598      762      1257     690      493      377      1650     1459     372      1029     2477     1683     1322     1397     383      127      602      1477     597      2051     1987     1310     1235     685      1114     574      1841     1264     1183     1978     1706     
2        127      661      0        136      1411     1154     658      671      1253     462      1213     581      660      783      1347     777      1264     891      1293     514      943      728      641      780      1325     395      898      125      1493     929      1677     930      1201     1370     1227     756      1254     446      1405     918      1320     682      878      1076     965      1174     794      1113     1542     1821     1177     562      767      224      443      746      1328     1030     622      693      1820     1042     661      758      743      632      796      898      703      1520     1467     1281     1044     941      890      379      1189     709      611      1329     1310     
3        180      797      136      0        1309     1108     793      546      1259     468      1251     700      582      917      1217     807      1127     882      1286     624      1079     670      505      775      1203     416      886      191      1504     1039     1565     1067     1185     1292     1204     654      1172     568      1293     1014     1203     807      807      1022     857      1088     708      1044     1414     1697     1303     618      693      257      550      862      1284     964      734      696      1686     918      525      637      868      764      886      787      787      1416     1367     1328     1064     1032     910      454      1053     612      511      1200     1247     
4        1489     1989     1411     1309     0        663      2013     1232     1139     1127     1391     1990     1552     1989     542      1199     901      2024     1030     1581     2185     768      979      1945     348      1688     2018     1500     1279     2340     308      2196     923      323      864      1451     1891     1619     169      1713     1543     1812     1719     1960     1486     1796     1579     471      536      594      2566     1312     1629     1556     1528     2156     2212     1851     2033     1056     864      513      935      702      1844     2005     2195     1430     2094     1855     1860     1499     1180     2341     1150     1762     1045     1470     1418     514      2072     
5        1269     1571     1154     1108     663      0        1613     1320     479      722      729      1668     1570     1503     1076     623      1331     1973     382      1108     1697     442      1055     1871     900      1525     1973     1273     650      2017     958      1720     264      384      214      1538     2064     1180     799      1123     1848     1316     1784     2029     1657     1966     1650     220      1153     1258     2170     814      1673     1360     1078     1829     2298     1940     1724     542      1499     840      1019     781      1332     1623     1934     1585     1849     2149     2132     836      529      2075     537      1533     1413     1531     1446     1044     2205     
6        656      70       658      793      2013     1613     0        1278     1522     908      1357     253      1138     317      2003     1045     1916     1083     1610     525      358      1263     1297     988      1969     706      1102     638      1724     459      2298     322      1561     1911     1609     1289     1672     436      2031     807      1874     412      1296     1405     1499     1618     1273     1643     2196     2467     559      810      1217     664      538      307      1593     1410     305      1073     2478     1692     1319     1406     453      60       532      1446     530      2011     1945     1375     1292     615      1168     532      1827     1231     1154     1984     1653     
7        627      1299     671      546      1232     1320     1278     0        1620     909      1686     1115     329      1451     919      1249     688      811      1607     1169     1599     909      271      749      992      639      801      645      1861     1395     1404     1580     1486     1350     1481     224      745      1114     1147     1547     661      1353     490      735      352      648      349      1170     1120     1432     1715     1115     397      616      1094     1251     997      633      1124     1097     1311     727      313      568      1414     1237     1178     277      1070     903      865      1778     1467     1310     1324     794      563      238      202      916      887      
8        1380     1465     1253     1259     1139     479      1522     1620     0        794      287      1647     1807     1326     1543     495      1765     2138     132      999      1503     722      1381     2029     1374     1648     2144     1378     245      1970     1426     1538     215      839      276      1818     2359     1098     1278     839      2216     1148     2034     2267     1972     2264     1912     693      1630     1733     2046     739      1918     1476     1001     1790     2533     2193     1710     563      1977     1281     1353     1155     1141     1550     1946     1897     1880     2502     2474     381      230      2074     370      1604     1824     1797     1701     1511     2472     
9        588      874      462      468      1127     722      908      909      794      0        791      945      1035     863      1240     346      1293     1344     830      456      1058     360      733      1235     1152     856      1350     587      1037     1295     1425     1069     740      1003     770      1075     1612     493      1172     698      1560     689      1263     1487     1257     1522     1152     735      1407     1638     1467     234      1147     685      401      1107     1750     1422     1001     231      1732     914      724      653      727      911      1215     1182     1134     1812     1772     875      596      1354     442      830      1281     1044     944      1214     1704     
10       1340     1294     1213     1251     1391     729      1357     1686     287      791      0        1516     1826     1122     1749     445      1930     2102     420      854      1284     848      1473     1991     1594     1601     2111     1333     386      1815     1687     1325     483      1106     550      1864     2403     962      1518     601      2317     958      2054     2274     2038     2312     1943     927      1856     1985     1849     655      1938     1434     877      1645     2534     2213     1581     589      2204     1462     1453     1290     938      1393     1825     1963     1772     2586     2551     110      237      1943     362      1529     1967     1835     1735     1718     2495     
11       531      317      581      700      1990     1668     253      1115     1647     945      1516     0        931      564      1912     1154     1782     831      1720     661      606      1276     1179     739      1903     496      850      515      1865     353      2259     565      1655     1928     1696     1092     1437     554      1987     1011     1672     621      1068     1160     1297     1389     1060     1664     2111     2398     609      909      998      505      646      165      1341     1173     65       1145     2372     1618     1208     1337     673      192      311      1250     284      1787     1719     1548     1418     428      1279     324      1676     1033     966      1897     1407     
12       561      1175     660      582      1552     1570     1138     329      1807     1035     1826     931      0        1369     1246     1381     986      481      1815     1171     1487     1135     574      425      1321     435      471      577      2053     1157     1733     1458     1701     1646     1707     174      593      1091     1473     1578     741      1311     227      462      366      515      138      1444     1445     1758     1498     1200     111      502      1102     1040     731      387      922      1253     1618     1053     618      867      1374     1087     921      326      818      881      821      1907     1627     1040     1476     610      837      118      134      1244     668      
13       829      248      783      917      1989     1503     317      1451     1326     863      1122     564      1369     0        2064     890      2034     1379     1430     408      196      1221     1412     1279     2000     955      1397     811      1504     747      2288     217      1403     1839     1459     1502     1932     383      2034     534      2084     186      1550     1683     1715     1870     1507     1574     2245     2493     727      693      1459     869      463      619      1887     1677     621      967      2552     1741     1426     1459     185      376      849      1655     846      2250     2189     1123     1103     924      1002     791      1970     1448     1360     2042     1933     
14       1381     1998     1347     1217     542      1076     2003     919      1543     1240     1749     1912     1246     2064     0        1442     380      1726     1458     1679     2249     948      744      1669     195      1507     1715     1397     1726     2238     548      2247     1336     834      1290     1104     1451     1681     378      1922     1046     1909     1361     1581     1074     1361     1230     855      203      512      2519     1467     1295     1420     1611     2070     1810     1467     1940     1271     492      325      709      604      1955     1979     2049     1035     1942     1352     1368     1859     1516     2190     1437     1627     547      1141     1122     32       1647     
15       905      992      777      807      1199     623      1045     1249     495      346      445      1154     1381     890      1442     0        1563     1668     568      520      1081     493      1052     1557     1317     1170     1675     900      725      1483     1507     1108     518      987      571      1421     1959     612      1288     514      1892     704      1608     1829     1599     1869     1498     738      1582     1767     1586     245      1493     1000     512      1301     2091     1767     1217     175      1924     1128     1036     910      713      1067     1451     1524     1385     2152     2114     529      271      1581     125      1114     1576     1391     1290     1413     2050     
16       1262     1924     1264     1127     901      1331     1916     688      1765     1293     1930     1782     986      2034     380      1563     0        1449     1701     1684     2205     1085     623      1409     556      1325     1435     1280     1974     2079     926      2194     1573     1161     1539     823      1091     1662     747      1992     667      1902     1056     1255     743      1007     939      1117     529      831      2389     1528     1010     1277     1611     1927     1465     1140     1798     1388     631      490      608      652      1956     1882     1866     720      1759     972      989      2037     1693     1999     1588     1471     178      871      880      400      1292     
17       763      1141     891      882      2024     1973     1083     811      2138     1344     2102     831      481      1379     1726     1668     1449     0        2168     1322     1437     1530     1045     111      1803     501      22       769      2381     909      2214     1395     2066     2095     2083     627      675      1219     1952     1731     1055     1386     412      362      738      662      511      1874     1924     2238     1261     1448     439      668      1269     866      509      422      790      1575     2081     1532     1089     1328     1448     1022     662      738      593      1061     986      2166     1934     729      1780     611      1288     586      612      1725     593      
18       1419     1556     1293     1286     1030     382      1610     1607     132      830      420      1720     1815     1430     1458     568      1701     2168     0        1085     1611     698      1357     2060     1283     1686     2172     1418     272      2051     1309     1644     128      722      168      1812     2351     1179     1175     958      2182     1249     2039     2276     1955     2255     1912     603      1534     1622     2143     811      1923     1515     1080     1869     2545     2198     1782     600      1879     1212     1326     1112     1246     1634     2014     1882     1943     2474     2450     511      327      2146     443      1655     1771     1796     1703     1426     2474     
19       611      472      514      624      1581     1108     525      1169     999      456      854      661      1171     408      1679     520      1684     1322     1085     0        604      813      1076     1211     1603     830      1334     597      1208     971      1881     620      1037     1434     1088     1270     1762     109      1629     413      1827     233      1382     1562     1478     1686     1306     1168     1854     2092     1068     294      1275     687      75       794      1801     1529     726      567      2170     1353     1081     1077     276      551      970      1409     921      2034     1981     890      769      1088     642      714      1641     1223     1125     1655     1805     
20       972      312      943      1079     2185     1697     358      1599     1503     1058     1284     606      1487     196      2249     1081     2205     1437     1611     604      0        1417     1582     1345     2191     1058     1457     953      1670     690      2483     53       1590     2035     1648     1631     2029     573      2228     684      2216     381      1652     1763     1843     1974     1623     1771     2433     2685     585      889      1569     998      657      607      1947     1768     649      1163     2735     1928     1597     1644     368      416      845      1786     867      2363     2299     1274     1284     890      1190     886      2132     1574     1492     2228     2011     
21       837      1233     728      670      768      442      1263     909      722      360      848      1276     1135     1221     948      493      1085     1530     698      813      1417     0        660      1429     830      1086     1531     843      957      1629     1070     1429     576      652      574      1118     1654     853      825      982      1494     1043     1354     1596     1257     1558     1223     388      1094     1299     1822     549      1241     925      761      1441     1866     1512     1327     322      1433     635      631      443      1077     1262     1522     1183     1431     1780     1754     953      611      1666     503      1107     1120     1106     1016     919      1783     
22       650      1302     641      505      979      1055     1297     271      1381     733      1473     1179     574      1412     744      1052     623      1045     1357     1076     1582     660      0        969      775      764      1038     667      1618     1497     1177     1571     1234     1080     1224     495      1008     1044     910      1415     843      1286     758      1004     602      910      618      900      946      1248     1789     959      658      679      1001     1333     1268     904      1203     888      1192     493      44       297      1342     1265     1305     530      1198     1121     1093     1571     1246     1447     1112     884      565      502      440      733      1157     
23       652      1044     780      775      1945     1871     988      749      2029     1235     1991     739      425      1279     1669     1557     1409     111      2060     1211     1345     1429     969      0        1735     390      123      657      2272     850      2144     1304     1960     2004     1978     586      725      1109     1879     1621     1065     1280     411      426      725      698      483      1779     1869     2181     1203     1336     407      557      1158     788      607      462      703      1466     2041     1460     1012     1245     1342     928      600      713      520      1102     1029     2055     1824     686      1670     503      1254     538      547      1666     670      
24       1376     1957     1325     1203     348      900      1969     992      1374     1152     1594     1903     1321     2000     195      1317     556      1803     1283     1603     2191     830      775      1735     0        1533     1793     1391     1548     2240     414      2193     1163     640      1114     1196     1589     1618     191      1813     1211     1836     1461     1692     1196     1497     1325     681      265      497      2502     1370     1383     1427     1540     2065     1932     1580     1936     1151     612      287      735      566      1878     1951     2066     1149     1961     1521     1532     1704     1365     2210     1299     1636     710      1225     1191     166      1779     
25       267      746      395      416      1688     1525     706      639      1648     856      1601     496      435      955      1507     1170     1325     501      1686     830      1058     1086     764      390      1533     0        511      270      1889     756      1922     1027     1591     1700     1614     595      977      732      1649     1243     1175     924      595      740      800      917      567      1457     1710     2012     1080     946      511      171      772      617      971      723      493      1087     1937     1245     801      990      987      653      544      753      437      1305     1241     1664     1438     683      1285     175      1203     536      473      1497     987      
26       771      1159     898      886      2018     1973     1102     801      2144     1350     2111     850      471      1397     1715     1675     1435     22       2172     1334     1457     1531     1038     123      1793     511      0        777      2387     931      2205     1415     2070     2092     2086     614      652      1233     1944     1744     1035     1402     394      339      720      640      496      1873     1912     2226     1284     1457     424      676      1281     887      491      400      810      1581     2066     1524     1082     1323     1463     1041     684      721      614      1038     963      2175     1941     751      1787     626      1273     573      603      1714     571      
27       18       654      125      191      1500     1273     638      645      1378     587      1333     515      577      811      1397     900      1280     769      1418     597      953      843      667      657      1391     270      777      0        1618     849      1757     934      1325     1477     1351     694      1166     513      1484     1009     1273     736      785      970      907      1092     714      1224     1596     1884     1123     680      679      100      532      674      1217     932      545      818      1858     1104     694      827      799      601      695      844      597      1452     1396     1399     1168     841      1014     266      1189     642      550      1382     1209     
28       1621     1664     1493     1504     1279     650      1724     1861     245      1037     386      1865     2053     1504     1726     725      1974     2381     272      1208     1670     957      1618     2272     1548     1889     2387     1618     0        2178     1544     1709     400      961      437      2061     2602     1312     1431     988      2449     1334     2279     2512     2212     2507     2156     871      1794     1864     2230     966      2163     1718     1218     2003     2779     2438     1929     807      2136     1484     1589     1381     1318     1756     2169     2138     2107     2738     2712     425      454      2293     605      1839     2043     2042     1946     1694     2717     
29       864      526      929      1039     2340     2017     459      1395     1970     1295     1815     353      1157     747      2238     1483     2079     909      2051     971      690      1629     1497     850      2240     756      931      849      2178     0        2604     637      1992     2281     2036     1330     1575     872      2332     1264     1885     870      1242     1269     1518     1546     1270     2017     2440     2732     353      1241     1199     818      971      188      1391     1312     306      1488     2685     1953     1529     1677     907      422      249      1484     341      1951     1879     1835     1740     213      1608     613      1959     1271     1223     2225     1500     
30       1744     2277     1677     1565     308      958      2298     1404     1426     1425     1687     2259     1733     2288     548      1507     926      2214     1309     1881     2483     1070     1177     2144     414      1922     2205     1757     1544     2604     0        2493     1211     587      1149     1610     1994     1914     273      2021     1593     2113     1876     2106     1607     1903     1739     777      428      327      2845     1617     1797     1804     1826     2424     2344     1993     2298     1364     673      684      1135     934      2147     2286     2445     1562     2342     1897     1915     1793     1482     2591     1457     2012     1095     1639     1602     533      2188     
31       952      283      930      1067     2196     1720     322      1580     1538     1069     1325     565      1458     217      2247     1108     2194     1395     1644     620      53       1429     1571     1304     2193     1027     1415     934      1709     637      2493     0        1620     2053     1676     1604     1994     579      2235     726      2190     404      1618     1724     1816     1940     1593     1788     2433     2689     536      909      1538     973      668      558      1905     1732     606      1183     2732     1928     1588     1643     398      379      796      1761     820      2332     2267     1317     1317     838      1219     853      2117     1548     1467     2226     1972     
32       1325     1510     1201     1185     923      264      1561     1486     215      740      483      1655     1701     1403     1336     518      1573     2066     128      1037     1590     576      1234     1960     1163     1591     2070     1325     400      1992     1211     1620     0        626      68       1694     2231     1126     1063     960      2055     1218     1924     2163     1833     2134     1796     482      1417     1518     2104     752      1809     1420     1024     1807     2432     2083     1716     515      1763     1085     1202     985      1222     1581     1942     1760     1867     2348     2325     585      325      2077     400      1570     1643     1679     1587     1303     2357     
33       1469     1877     1370     1292     323      384      1911     1350     839      1003     1106     1928     1646     1839     834      987      1161     2095     722      1434     2035     652      1080     2004     640      1700     2092     1477     961      2281     587      2053     626      0        562      1575     2062     1490     486      1497     1764     1655     1839     2085     1648     1964     1699     268      856      903      2470     1146     1737     1549     1392     2093     2348     1984     1979     873      1187     702      1038     783      1677     1913     2167     1584     2073     2075     2072     1211     914      2312     914      1743     1283     1583     1514     803      2227     
34       1350     1560     1227     1204     864      214      1609     1481     276      770      550      1696     1707     1459     1290     571      1539     2083     168      1088     1648     574      1224     1978     1114     1614     2086     1351     437      2036     1149     1676     68       562      0        1692     2227     1173     1007     1025     2037     1274     1928     2169     1826     2130     1798     434      1365     1458     2156     799      1814     1444     1071     1850     2438     2086     1756     552      1710     1049     1191     966      1279     1627     1979     1753     1902     2333     2312     651      391      2116     457      1599     1615     1680     1590     1258     2358     
35       677      1321     756      654      1451     1538     1289     224      1818     1075     1864     1092     174      1502     1104     1421     823      627      1812     1270     1631     1118     495      586      1196     595      614      694      2061     1330     1610     1604     1694     1575     1692     0        541      1200     1358     1668     585      1429     268      511      213      448      129      1393     1300     1613     1668     1262     190      634      1198     1208     773      409      1087     1279     1455     942      537      793      1492     1240     1094     158      991      764      713      1950     1653     1214     1506     768      668      59       145      1106     667      
36       1151     1718     1254     1172     1891     2064     1672     745      2359     1612     2403     1437     593      1932     1451     1959     1091     675      2351     1762     2029     1654     1008     725      1589     977      652      1166     2602     1575     1994     1994     2231     2062     2227     541      0        1679     1771     2171     485      1892     384      316      413      98       463      1905     1620     1921     1928     1789     486      1083     1695     1507     398      265      1411     1820     1671     1381     1046     1295     1955     1615     1325     480      1244     389      314      2488     2194     1403     2046     1144     913      567      668      1462     206      
37       529      391      446      568      1619     1180     436      1114     1098     493      962      554      1091     383      1681     612      1662     1219     1179     109      573      853      1044     1109     1618     732      1233     513      1312     872      1914     579      1126     1490     1173     1200     1679     0        1656     511      1766     241      1297     1470     1410     1606     1228     1222     1862     2111     990      374      1193     598      102      692      1703     1441     619      638      2169     1358     1054     1076     300      455      862      1343     812      1962     1907     999      868      982      736      610      1607     1150     1054     1658     1714     
38       1471     2013     1405     1293     169      799      2031     1147     1278     1172     1518     1987     1473     2034     378      1288     747      1952     1175     1629     2228     825      910      1879     191      1649     1944     1484     1431     2332     273      2235     1063     486      1007     1358     1771     1656     0        1797     1401     1862     1626     1861     1373     1677     1487     590      369      479      2576     1375     1542     1530     1571     2152     2107     1750     2026     1133     706      420      868      661      1899     2019     2172     1322     2069     1712     1722     1627     1298     2317     1252     1739     901      1383     1341     352      1958     
39       1022     739      918      1014     1713     1123     807      1547     839      698      601      1011     1578     534      1922     514      1992     1731     958      413      684      982      1415     1621     1813     1243     1744     1009     988      1264     2021     726      960      1497     1025     1668     2171     511      1797     0        2209     396      1793     1976     1871     2093     1712     1253     2075     2275     1257     463      1685     1100     477      1112     2214     1941     1076     664      2411     1599     1411     1349     358      854      1320     1800     1289     2431     2381     591      637      1419     586      1121     1974     1624     1524     1894     2218     
40       1255     1906     1320     1203     1543     1848     1874     661      2216     1560     2317     1672     741      2084     1046     1892     667      1055     2182     1827     2216     1494     843      1065     1211     1175     1035     1273     2449     1885     1593     2190     2055     1764     2037     585      485      1766     1401     2209     0        2001     653      747      375      431      616      1658     1190     1477     2231     1774     685      1218     1753     1778     883      647      1663     1730     1199     1062     866      1071     2064     1825     1640     429      1543     312      321      2414     2089     1745     1955     1350     501      642      724      1064     690      
41       752      343      682      807      1812     1316     412      1353     1148     689      958      621      1311     186      1909     704      1902     1386     1249     233      381      1043     1286     1280     1836     924      1402     736      1334     870      2113     404      1218     1655     1274     1429     1892     241      1862     396      2001     0        1508     1664     1641     1822     1449     1390     2086     2325     898      508      1409     810      297      716      1885     1645     685      782      2399     1584     1295     1306     63       458      927      1576     903      2188     2131     968      922      1023     817      778      1849     1378     1284     1885     1912     
42       771      1340     878      807      1719     1784     1296     490      2034     1263     2054     1068     227      1550     1361     1608     1056     412      2039     1382     1652     1354     758      411      1461     595      394      785      2279     1242     1876     1618     1924     1839     1928     268      384      1297     1626     1793     653      1508     0        246      327      322      140      1649     1553     1866     1593     1425     116      699      1315     1153     514      159      1048     1481     1684     1210     801      1056     1571     1241     995      336      902      719      651      2134     1855     1093     1704     765      888      256      338      1364     441      
43       959      1457     1076     1022     1960     2029     1405     735      2267     1487     2274     1160     462      1683     1581     1829     1255     362      2276     1562     1763     1596     1004     426      1692     740      339      970      2512     1269     2106     1724     2163     2085     2169     511      316      1470     1861     1976     747      1664     246      0        512      322      386      1896     1767     2079     1622     1634     356      876      1500     1215     269      115      1127     1709     1871     1448     1047     1302     1727     1346     1021     546      946      706      630      2350     2082     1091     1929     892      1081     503      582      1587     249      
44       889      1532     965      857      1486     1657     1499     352      1972     1257     2038     1297     366      1715     1074     1599     743      738      1955     1478     1843     1257     602      725      1196     800      720      907      2212     1518     1607     1816     1833     1648     1826     213      413      1410     1373     1871     375      1641     327      512      0        315      249      1493     1257     1567     1862     1454     323      847      1405     1406     737      397      1289     1449     1364     973      637      883      1704     1450     1277     75       1177     560      516      2128     1820     1388     1677     975      570      268      356      1081     586      
45       1076     1662     1174     1088     1796     1966     1618     648      2264     1522     2312     1389     515      1870     1361     1869     1007     662      2255     1686     1974     1558     910      698      1497     917      640      1092     2507     1546     1903     1940     2134     1964     2130     448      98       1606     1677     2093     431      1822     322      322      315      0        380      1806     1534     1838     1899     1703     413      1012     1617     1468     464      239      1366     1728     1597     1285     948      1197     1886     1563     1297     382      1210     405      333      2398     2102     1383     1954     1087     828      478      579      1372     286      
46       699      1311     794      708      1579     1650     1273     349      1912     1152     1943     1060     138      1507     1230     1498     939      511      1912     1306     1623     1223     618      483      1325     567      496      714      2156     1270     1739     1593     1796     1699     1798     129      463      1228     1487     1712     616      1449     140      386      249      380      0        1511     1425     1738     1615     1326     75       640      1237     1162     651      289      1048     1364     1570     1071     661      916      1513     1220     1028     230      928      743      683      2026     1739     1139     1589     742      777      118      210      1232     561      
47       1217     1609     1113     1044     471      220      1643     1170     693      735      927      1664     1444     1574     855      738      1117     1874     603      1168     1771     388      900      1779     681      1457     1873     1224     871      2017     777      1788     482      268      434      1393     1905     1222     590      1253     1658     1390     1649     1896     1493     1806     1511     0        937      1060     2202     882      1542     1301     1125     1829     2163     1800     1715     612      1284     628      859      609      1415     1645     1909     1424     1816     1963     1951     1036     710      2053     681      1489     1208     1393     1315     823      2057     
48       1580     2188     1542     1414     536      1153     2196     1120     1630     1407     1856     2111     1445     2245     203      1582     529      1924     1534     1854     2433     1094     946      1869     265      1710     1912     1596     1794     2440     428      2433     1417     856      1365     1300     1620     1862     369      2075     1190     2086     1553     1767     1257     1534     1425     937      0        313      2717     1629     1490     1621     1788     2270     1988     1653     2140     1416     348      505      911      791      2130     2173     2252     1223     2145     1487     1511     1966     1629     2393     1565     1828     707      1338     1322     214      1820     
49       1869     2454     1821     1697     594      1258     2467     1432     1733     1638     1985     2398     1758     2493     512      1767     831      2238     1622     2092     2685     1299     1248     2181     497      2012     2226     1884     1864     2732     327      2689     1518     903      1458     1613     1921     2111     479      2275     1477     2325     1866     2079     1567     1838     1738     1060     313      0        2999     1847     1804     1915     2031     2558     2296     1963     2430     1611     382      779      1211     1062     2365     2448     2551     1535     2445     1764     1794     2093     1771     2694     1731     2124     1009     1652     1634     517      2123     
