
sets
i        orders          /0*80/
k        routes          /1*80/
p        positions       /0*80/
;

alias(i,j)
alias(i,h)
alias(i,hh)
alias(i,jj)
alias(k,kk)
                
                    Parameters

rho(i)	Processing time
/
0	0
1	29
2	73
3	82
4	46
5	79
6	50
7	32
8	63
9	43
10	86
11	92
12	97
13	85
14	36
15	78
16	77
17	38
18	59
19	7
20	21
21	53
22	48
23	5
24	40
25	93
26	69
27	48
28	60
29	35
30	59
31	23
32	46
33	83
34	69
35	25
36	26
37	87
38	32
39	95
40	22
41	15
42	3
43	55
44	53
45	50
46	74
47	82
48	81
49	74
50	82
51	84
52	56
53	30
54	24
55	88
56	62
57	18
58	17
59	66
60	7
61	45
62	53
63	32
64	54
65	3
66	80
67	62
68	24
69	14
70	31
71	14
72	61
73	46
74	81
75	78
76	59
77	87
78	9
79	36
80	80
/

gamma(i)	Duedate
/
0	0
1	81
2	96
3	2
4	67
5	83
6	15
7	82
8	19
9	90
10	64
11	15
12	62
13	8
14	72
15	8
16	91
17	46
18	25
19	86
20	46
21	79
22	74
23	4
24	83
25	28
26	73
27	48
28	61
29	82
30	28
31	3
32	52
33	35
34	19
35	3
36	17
37	34
38	52
39	52
40	66
41	65
42	97
43	13
44	30
45	62
46	56
47	51
48	37
49	66
50	74
51	50
52	72
53	46
54	70
55	5
56	69
57	87
58	35
59	76
60	32
61	78
62	36
63	54
64	19
65	71
66	62
67	54
68	50
69	62
70	12
71	41
72	86
73	81
74	26
75	9
76	79
77	63
78	88
79	89
80	98
/

sigma(i)	Size
/
0	0
1	2
2	5
3	3
4	4
5	3
6	2
7	3
8	8
9	6
10	1
11	8
12	5
13	4
14	5
15	1
16	1
17	6
18	2
19	5
20	8
21	5
22	6
23	8
24	7
25	8
26	9
27	6
28	6
29	5
30	9
31	1
32	2
33	4
34	9
35	3
36	6
37	3
38	2
39	1
40	9
41	6
42	5
43	1
44	8
45	1
46	2
47	9
48	4
49	3
50	7
51	8
52	7
53	7
54	5
55	2
56	5
57	4
58	3
59	2
60	3
61	9
62	5
63	1
64	8
65	6
66	6
67	8
68	6
69	8
70	6
71	5
72	2
73	1
74	6
75	4
76	5
77	6
78	7
79	9
80	9
/

epsilon(i)	Priority
/
0	0
1	9
2	3
3	1
4	2
5	6
6	1
7	6
8	7
9	7
10	1
11	2
12	3
13	8
14	3
15	1
16	4
17	5
18	8
19	7
20	6
21	4
22	6
23	6
24	4
25	8
26	5
27	4
28	3
29	4
30	9
31	4
32	8
33	1
34	1
35	7
36	4
37	8
38	6
39	2
40	1
41	4
42	2
43	6
44	7
45	9
46	6
47	3
48	1
49	6
50	1
51	7
52	7
53	1
54	3
55	5
56	1
57	6
58	3
59	7
60	6
61	6
62	8
63	4
64	8
65	6
66	5
67	8
68	5
69	3
70	9
71	2
72	4
73	9
74	3
75	1
76	3
77	6
78	5
79	9
80	8
/

psi	Vehicle Capacity
/ 33 /
;

Table kappa(i,j)                 Setup
         0        1        2        3        4        5        6        7        8        9        10       11       12       13       14       15       16       17       18       19       20       21       22       23       24       25       26       27       28       29       30       31       32       33       34       35       36       37       38       39       40       41       42       43       44       45       46       47       48       49       50       51       52       53       54       55       56       57       58       59       60       61       62       63       64       65       66       67       68       69       70       71       72       73       74       75       76       77       78       79       80       
0        0        2002     1983     1604     2214     1304     219      621      993      1354     1587     1716     1740     1847     120      1653     1142     349      1499     2000     1383     2208     1191     2098     1318     1709     2243     2409     328      1694     2052     1481     2163     1162     860      1495     763      1442     2010     671      1614     223      1580     1512     967      1172     1913     1915     1226     2572     1726     991      966      1627     1221     2013     791      97       286      1297     1169     920      2319     1499     1885     1391     2098     391      266      238      1046     1276     795      536      1008     1986     779      713      1707     1222     2132     
1        2002     0        1632     400      221      1058     1800     2558     2416     1748     1134     650      317      1210     1982     2053     1201     1821     1114     192      640      534      1370     175      2231     1665     609      461      2052     1998     1814     2199     1854     1842     1164     970      1337     1442     907      1566     711      1838     683      1792     2750     2025     453      292      883      578      365      1190     2067     487      817      35       1640     2064     1734     1615     2222     1602     2086     622      910      1553     1767     1611     1825     2086     2392     1809     1331     1959     2229     2010     2303     1705     296      1818     495      
2        1983     1632     0        1464     1676     2112     1788     2193     1612     700      584      999      1378     422      1880     688      2121     2089     660      1455     1346     1275     810      1807     1140     305      1233     1647     1770     599      182      976      238      931      1411     788      1890     545      770      1318     975      1761     1963     576      2117     1059     1991     1847     1815     1859     1320     1960     1267     1235     1677     1668     1194     1969     1739     701      1250     1065     470      1175     727      2595     148      1756     2018     1872     1540     807      1285     1538     1387     420      1655     2265     1565     862      1248     
3        1604     400      1464     0        609      810      1401     2157     2037     1439     901      488      176      1055     1582     1772     914      1440     854      413      244      717      1037     526      1892     1428     779      816      1651     1730     1639     1881     1700     1501     763      706      969      1160     863      1173     489      1438     526      1507     2355     1679     544      431      564      968      206      857      1698     233      462      416      1259     1665     1335     1301     1867     1234     1934     303      809      1335     1609     1214     1436     1685     2018     1485     937      1565     1858     1796     1914     1360     130      1486     647      
4        2214     221      1676     609      0        1269     2010     2762     2588     1873     1229     747      492      1260     2191     2154     1418     2041     1225     255      840      453      1514     247      2371     1746     523      252      2252     2093     1858     2323     1885     1985     1368     1089     1558     1554     916      1754     829      2045     887      1900     2940     2171     608      464      1104     359      525      1412     2230     647      1039     224      1816     2274     1944     1744     2374     1768     2112     789      949      1754     1801     1824     2043     2291     2559     1942     1523     2149     2393     2073     2485     1927     515      1956     446      
5        1304     1058     2112     810      1269     0        1178     1925     2093     1840     1529     1253     983      1751     1345     2211     180      1002     1451     1173     793      1515     1442     1057     2150     1983     1581     1518     1507     2198     2266     2215     2349     1799     829      1329     548      1667     1645     1249     1212     1243     391      1960     2242     1936     742      826      296      1600     1016     318      1854     1011     435      1047     1411     1394     1132     1709     2066     1462     2573     991      1569     525      2260     973      1053     1485     2107     1840     1060     1543     1985     2358     1911     745      813      1816     1449     
6        219      1800     1788     1401     2010     1178     0        774      978      1184     1373     1497     1531     1634     183      1506     1031     368      1284     1791     1174     1991     986      1903     1220     1523     2025     2199     332      1539     1866     1364     1976     1011     647      1276     630      1243     1790     469      1395     70       1418     1343     1063     1050     1739     1729     1061     2367     1515     860      868      1413     1040     1813     610      264      67       1114     1084     735      2142     1283     1666     1344     1908     209      274      309      1015     1116     575      449      942      1818     773      702      1508     1065     1915     
7        621      2558     2193     2157     2762     1925     774      0        735      1497     1937     2179     2274     2170     593      1686     1764     950      1861     2531     1921     2692     1504     2670     1230     1891     2717     2935     513      1754     2212     1431     2324     1268     1394     1900     1382     1701     2411     1047     2074     725      2190     1640     417      1183     2514     2502     1834     3114     2251     1611     951      2140     1815     2573     1069     531      836      1498     1069     1181     2429     2002     2284     1985     2279     982      880      473      817      1394     1253     684      888      2074     578      1301     2271     1337     2618     
8        993      2416     1612     2037     2588     2093     978      735      0        926      1521     1893     2102     1702     884      1009     1971     1321     1470     2335     1793     2402     1111     2562     522      1308     2407     2709     670      1088     1589     726      1697     706      1338     1560     1567     1214     2017     883      1792     908      2244     1035     513      553      2505     2446     1904     2912     2064     1784     378      1940     1833     2440     777      907      999      983      373      821      1764     1799     1896     2320     1668     1150     1226     756      84       817      1118     552      228      1409     213      1676     2165     768      2336     
9        1354     1748     700      1439     1873     1840     1184     1497     926      0        668      1127     1436     794      1241     371      1792     1528     651      1618     1231     1590     413      1917     523      395      1579     1936     1101     372      718      450      831      231      1022     784      1466     330      1143     741      1044     1143     1824     158      1422     377      1977     1870     1567     2151     1384     1605     568      1265     1446     1779     576      1323     1149     139      586      457      967      1144     1034     2246     782      1210     1444     1209     860      109      816      862      698      633      955      1776     1566     162      1534     
10       1587     1134     584      901      1229     1529     1373     1937     1521     668      0        486      844      265      1504     925      1546     1619     92       981      764      922      434      1309     1189     533      911      1272     1449     866      748      1109     823      832      878      204      1347     338      495      925      427      1365     1384     673      1972     1015     1441     1309     1232     1488     787      1393     1143     684      1094     1168     867      1597     1313     558      1229     758      1052     602      375      2020     732      1290     1562     1535     1471     755      810      1252     1299     895      1487     1742     1013     785      868      
11       1716     650      999      488      747      1253     1497     2179     1893     1127     486      0        380      579      1660     1410     1322     1646     477      496      471      517      789      825      1633     1015     537      821      1667     1352     1178     1577     1229     1253     871      346      1252     806      392      1133     105      1512     1013     1153     2292     1439     993      848      972      1031     322      1215     1522     255      840      684      1149     1753     1430     1001     1648     1076     1463     273      322      1776     1139     1353     1615     1730     1855     1200     934      1517     1685     1362     1817     1665     572      1218     446      
12       1740     317      1378     176      492      983      1531     2274     2102     1436     844      380      0        959      1709     1750     1090     1595     814      260      357      541      1053     480      1915     1377     603      668      1763     1700     1558     1886     1609     1525     884      666      1135     1136     721      1262     416      1563     677      1487     2448     1708     613      469      741      840      58       1032     1751     171      636      345      1327     1795     1464     1302     1905     1286     1843     305      686      1507     1519     1353     1586     1805     2077     1494     1031     1657     1912     1735     1994     1531     202      1502     470      
13       1847     1210     422      1055     1260     1751     1634     2170     1702     794      265      579      959      0        1760     959      1782     1885     358      1034     964      879      671      1385     1313     519      847      1250     1694     883      604      1196     650      997      1140     432      1605     489      380      1180     567      1624     1567     745      2175     1168     1573     1427     1455     1465     901      1638     1328     823      1316     1245     1106     1853     1575     719      1380     989      884      779      311      2254     560      1556     1828     1784     1644     897      1075     1487     1475     814      1692     2004     1149     939      843      
14       120      1982     1880     1582     2191     1345     183      593      884      1241     1504     1660     1709     1760     0        1535     1191     440      1417     1969     1353     2161     1097     2086     1198     1602     2193     2377     214      1578     1944     1361     2056     1046     825      1423     797      1342     1939     580      1557     148      1597     1400     901      1052     1921     1912     1241     2547     1692     1028     846      1587     1223     1995     686      94       247      1189     1049     815      2208     1455     1814     1471     1993     389      348      144      933      1161     729      416      890      1872     671      802      1691     1106     2085     
15       1653     2053     688      1772     2154     2211     1506     1686     1009     371      925      1410     1750     959      1535     0        2164     1862     938      1906     1578     1824     775      2225     494      441      1800     2187     1367     89       609      302      707      494      1394     1084     1833     614      1337     1089     1341     1457     2183     265      1522     507      2315     2200     1936     2403     1695     1977     739      1581     1813     2085     914      1609     1478     503      637      808      754      1471     1249     2616     697      1556     1774     1479     929      398      1185     1129     807      400      1111     2130     1896     443      1778     
16       1142     1201     2121     914      1418     180      1031     1764     1971     1792     1546     1322     1090     1782     1191     2164     0        830      1462     1300     851      1630     1407     1215     2065     1969     1693     1663     1363     2157     2267     2144     2356     1730     770      1352     405      1648     1714     1154     1268     1098     558      1921     2092     1854     915      988      354      1757     1117     193      1754     1093     482      1194     1325     1235     990      1665     1970     1388     2575     1051     1627     474      2268     831      886      1333     1990     1781     988      1419     1877     2339     1781     565      938      1752     1561     
17       349      1821     2089     1440     2041     1002     368      950      1321     1528     1619     1646     1595     1885     440      1862     830      0        1527     1851     1247     2103     1278     1894     1588     1843     2148     2256     652      1890     2183     1731     2291     1368     778      1489     497      1545     1984     790      1553     431      1318     1685     1314     1417     1668     1693     979      2400     1592     705      1237     1509     1008     1827     952      446      384      1444     1451     1071     2470     1398     1865     1043     2218     333      96       580      1366     1468     813      813      1306     2157     1110     364      1525     1419     2026     
18       1499     1114     660      854      1225     1451     1284     1861     1470     651      92       477      814      358      1417     938      1462     1527     0        972      699      947      366      1287     1164     574      944      1286     1369     886      817      1099     898      794      785      149      1257     329      555      840      402      1277     1321     677      1910     980      1398     1271     1155     1500     758      1307     1092     648      1017     1147     792      1511     1224     530      1193     688      1124     551      430      1937     808      1199     1471     1452     1423     729      718      1177     1251     945      1425     1650     971      753      888      
19       2000     192      1455     413      255      1173     1791     2531     2335     1618     981      496      260      1034     1969     1906     1300     1851     972      0        617      358      1258     357      2116     1505     431      408      2019     1847     1637     2069     1673     1729     1144     834      1383     1302     718      1511     574      1822     821      1649     2696     1915     636      474      962      585      280      1263     1976     398      872      227      1566     2055     1723     1489     2118     1515     1903     540      728      1685     1586     1612     1844     2063     2306     1686     1284     1906     2138     1841     2236     1771     362      1700     309      
20       1383     640      1346     244      840      793      1174     1921     1793     1231     764      471      357      964      1353     1578     851      1247     699      617      0        858      821      771      1663     1266     908      1025     1413     1543     1512     1665     1585     1274     529      559      807      976      862      928      419      1207     622      1313     2111     1449     749      660      504      1194     346      747      1458     267      369      659      1015     1438     1107     1091     1632     995      1815     199      777      1310     1494     996      1233     1451     1775     1268     692      1321     1617     1641     1669     1216     372      1264     782      
21       2208     534      1275     717      453      1515     1991     2692     2402     1590     922      517      541      879      2161     1824     1630     2103     947      358      858      0        1292     667      2110     1393     74       372      2179     1753     1454     2030     1468     1742     1350     842      1663     1260     505      1648     622      2012     1175     1586     2809     1928     988      826      1282     586      524      1572     2028     593      1176     564      1665     2252     1924     1476     2140     1590     1688     710      575      2033     1389     1833     2083     2238     2361     1675     1441     2034     2190     1687     2333     2066     702      1701     76       
22       1191     1370     810      1037     1514     1442     986      1504     1111     413      434      789      1053     671      1097     775      1407     1278     366      1258     821      1292     0        1532     861      582      1296     1610     1023     756      913      845      1018     472      645      449      1115     268      922      520      692      967      1411     519      1543     657      1569     1469     1161     1818     1005     1227     736      882      1037     1399     435      1190     934      274      861      324      1211     751      797      1872     941      945      1208     1114     1069     448      480      819      898      938      1059     1467     1166     450      1227     
23       2098     175      1807     526      247      1057     1903     2670     2562     1917     1309     825      480      1385     2086     2225     1215     1894     1287     357      771      667      1532     0        2394     1840     740      494      2169     2172     1989     2366     2028     2003     1281     1141     1401     1613     1075     1700     885      1945     667      1964     2879     2186     362      231      928      543      532      1233     2219     652      886      141      1784     2165     1839     1782     2380     1753     2259     781      1083     1524     1941     1707     1906     2197     2541     1975     1463     2090     2379     2186     2441     1747     402      1982     641      
24       1318     2231     1140     1892     2371     2150     1220     1230     522      523      1189     1633     1915     1313     1198     494      2065     1588     1164     2116     1663     2110     861      2394     0        849      2101     2450     1000     577      1092     204      1195     390      1326     1287     1687     852      1667     911      1543     1158     2211     579      1032     218      2411     2322     1909     2663     1867     1872     352      1744     1807     2260     740      1254     1212     634      162      695      1246     1612     1558     2478     1176     1328     1493     1108     439      434      1092     783      344      893      653      1905     2022     415      2052     
25       1709     1665     305      1428     1746     1983     1523     1891     1308     395      533      1015     1377     519      1602     441      1969     1843     574      1505     1266     1393     582      1840     849      0        1365     1760     1480     363      342      701      454      626      1221     722      1696     322      899      1057     961      1491     1889     273      1812     754      1971     1841     1692     1977     1320     1795     961      1216     1558     1699     918      1689     1479     413      950      789      630      1125     818      2439     392      1513     1766     1585     1237     502      1062     1245     1082     376      1350     2049     1543     557      1351     
26       2243     609      1233     779      523      1581     2025     2717     2407     1579     911      537      603      847      2193     1800     1693     2148     944      431      908      74       1296     740      2101     1365     0        418      2204     1727     1410     2014     1420     1738     1388     848      1715     1249     468      1670     642      2044     1246     1567     2823     1924     1062     900      1343     626      581      1630     2032     641      1234     639      1680     2284     1958     1469     2136     1600     1637     750      551      2101     1342     1872     2125     2266     2364     1667     1469     2053     2192     1649     2344     2120     771      1695     132      
27       2409     461      1647     816      252      1518     2199     2935     2709     1936     1272     821      668      1250     2377     2187     1663     2256     1286     408      1025     372      1610     494      2450     1760     418      0        2422     2118     1826     2382     1838     2073     1552     1165     1782     1609     877      1907     918      2229     1138     1943     3088     2260     856      715      1341     216      685      1647     2341     795      1265     471      1950     2463     2132     1816     2469     1889     2055     935      942      2006     1759     2021     2251     2469     2674     2016     1684     2301     2504     2059     2622     2160     741      2037     408      
28       328      2052     1770     1651     2252     1507     332      513      670      1101     1449     1667     1763     1694     214      1367     1363     652      1369     2019     1413     2179     1023     2169     1000     1480     2204     2422     0        1417     1817     1172     1930     890      888      1397     960      1247     1911     538      1562     264      1727     1257     739      871      2035     2010     1371     2603     1739     1189     653      1627     1335     2068     589      254      374      1069     847      713      2066     1489     1784     1670     1872     534      558      111      719      1011     740      240      681      1722     458      1010     1768     955      2105     
29       1694     1998     599      1730     2093     2198     1539     1754     1088     372      866      1352     1700     883      1578     89       2157     1890     886      1847     1543     1753     756      2172     577      363      1727     2118     1417     0        520      390      619      532      1388     1034     1838     569      1262     1108     1287     1493     2154     237      1602     570      2274     2154     1918     2335     1644     1973     803      1533     1792     2031     939      1654     1508     492      715      826      678      1427     1178     2615     608      1578     1804     1528     1009     423      1187     1177     881      322      1181     2147     1851     474      1709     
30       2052     1814     182      1639     1858     2266     1866     2212     1589     718      748      1178     1558     604      1944     609      2267     2183     817      1637     1512     1454     913      1989     1092     342      1410     1826     1817     520      0        910      113      944      1539     952      2017     646      950      1400     1151     1834     2132     572      2101     1045     2169     2027     1971     2037     1499     2101     1267     1412     1833     1850     1260     2030     1821     754      1219     1132     307      1347     910      2741     91       1852     2108     1923     1513     818      1394     1579     1371     267      1656     2381     1742     876      1429     
31       1481     2199     976      1881     2323     2215     1364     1431     726      450      1109     1577     1886     1196     1361     302      2144     1731     1099     2069     1665     2030     845      2366     204      701      2014     2382     1172     390      910      0        1009     415      1386     1234     1782     773      1565     1007     1495     1307     2241     451      1235     314      2414     2313     1959     2597     1834     1952     520      1714     1848     2229     829      1424     1349     584      362      756      1046     1590     1464     2575     997      1452     1638     1283     643      397      1158     945      543      697      853      2032     2010     405      1977     
32       2163     1854     238      1700     1885     2349     1976     2324     1697     831      823      1229     1609     650      2056     707      2356     2291     898      1673     1585     1468     1018     2028     1195     454      1420     1838     1930     619      113      1009     0        1057     1637     1026     2115     750      970      1510     1211     1945     2201     684      2209     1155     2223     2077     2053     2046     1551     2193     1378     1470     1915     1890     1372     2142     1931     867      1325     1243     234      1413     944      2830     90       1960     2217     2036     1619     931      1498     1693     1480     334      1767     2483     1798     988      1448     
33       1162     1842     931      1501     1985     1799     1011     1268     706      231      832      1253     1525     997      1046     494      1730     1368     794      1729     1274     1742     472      2003     390      626      1738     2073     890      532      944      415      1057     0        970      907      1373     510      1324     606      1160     962      1833     373      1195     186      2023     1931     1544     2284     1477     1538     339      1354     1435     1870     428      1123     984      278      398      341      1178     1222     1207     2165     1011     1067     1279     1000     647      126      742      649      479      832      725      1645     1631     69       1681     
34       860      1164     1411     763      1368     829      647      1394     1338     1022     878      871      884      1140     825      1394     770      778      785      1144     529      1350     645      1281     1326     1221     1388     1552     888      1388     1539     1386     1637     970      0        722      478      900      1206     455      776      678      907      1153     1603     1110     1172     1130     584      1723     867      584      1051     766      496      1180     596      911      580      896      1254     633      1843     639      1089     1228     1553     484      743      922      1336     1013     235      823      1195     1583     1188     864      879      987      1273     
35       1495     970      788      706      1089     1329     1276     1900     1560     784      204      346      666      432      1423     1084     1352     1489     149      834      559      842      449      1141     1287     722      848      1165     1397     1034     952      1234     1026     907      722      0        1178     471      516      859      260      1278     1180     822      1979     1094     1249     1122     1032     1377     611      1206     1185     499      893      1002     841      1517     1213     656      1303     753      1256     403      390      1825     936      1169     1440     1472     1518     854      701      1222     1347     1091     1498     1581     822      872      778      
36       763      1337     1890     969      1558     548      630      1382     1567     1466     1347     1252     1135     1605     797      1833     405      497      1257     1383     807      1663     1115     1401     1687     1696     1715     1782     960      1838     2017     1782     2115     1373     478      1178     0        1375     1623     777      1173     695      825      1607     1693     1482     1171     1196     482      1915     1141     230      1364     1075     519      1340     953      850      586      1350     1583     1033     2321     985      1517     793      2032     427      525      936      1588     1440     650      1015     1480     2052     1376     412      1043     1405     1588     
37       1442     1442     545      1160     1554     1667     1243     1701     1214     330      338      806      1136     489      1342     614      1648     1545     329      1302     976      1260     268      1613     852      322      1249     1609     1247     569      646      773      750      510      900      471      1375     0        817      774      730      1219     1592     350      1687     687      1704     1586     1378     1824     1082     1473     838      967      1246     1474     660      1433     1193     231      901      534      946      858      705      2118     673      1212     1473     1345     1157     421      748      1025     987      691      1205     1734     1283     456      1205     
38       2010     907      770      863      916      1645     1790     2411     2017     1143     495      392      721      380      1939     1337     1714     1984     555      718      862      505      922      1075     1667     899      468      877      1911     1262     950      1565     970      1324     1206     516      1623     817      0        1375     452      1794     1389     1114     2465     1504     1319     1161     1364     1091     669      1602     1639     638      1231     943      1344     2033     1726     1047     1718     1244     1195     662      127      2168     888      1673     1942     1988     1966     1239     1214     1729     1794     1182     1980     2036     924      1273     479      
39       671      1566     1318     1173     1754     1249     469      1047     883      741      925      1133     1262     1180     580      1089     1154     790      840      1511     928      1648     520      1700     911      1057     1670     1907     538      1108     1400     1007     1510     606      455      859      777      774      1375     0        1028     447      1363     896      1185     704      1622     1569     1031     2097     1232     961      605      1114     951      1586     178      673      421      654      817      283      1681     973      1248     1570     1440     469      709      613      881      690      237      394      742      1367     742      1041     1298     647      1574     
40       1614     711      975      489      829      1212     1395     2074     1792     1044     427      105      416      567      1557     1341     1268     1553     402      574      419      622      692      885      1543     961      642      918      1562     1287     1151     1495     1211     1160     776      260      1173     730      452      1028     0        1409     1001     1080     2188     1346     1019     882      923      1126     359      1150     1423     260      787      744      1044     1650     1328     915      1553     973      1444     221      358      1730     1120     1256     1519     1626     1755     1112     830      1412     1585     1319     1713     1586     591      1128     550      
41       223      1838     1761     1438     2045     1243     70       725      908      1143     1365     1512     1563     1624     148      1457     1098     431      1277     1822     1207     2012     967      1945     1158     1491     2044     2229     264      1493     1834     1307     1945     962      678      1278     695      1219     1794     447      1409     0        1474     1302     999      993      1790     1776     1117     2401     1544     925      805      1439     1090     1852     573      240      113      1080     1019     701      2105     1307     1669     1415     1879     270      336      254      945      1071     582      382      875      1777     703      771      1548     1019     1936     
42       1580     683      1963     526      887      391      1418     2190     2244     1824     1384     1013     677      1567     1597     2183     558      1318     1321     821      622      1175     1411     667      2211     1889     1246     1138     1727     2154     2132     2241     2201     1833     907      1180     825      1592     1389     1363     1001     1474     0        1921     2465     1993     358      436      356      1210     723      617      1956     757      411      668      1499     1661     1361     1686     2152     1517     2433     789      1335     870      2110     1208     1351     1727     2244     1847     1138     1713     2102     2264     2083     1112     481      1835     1116     
43       1512     1792     576      1507     1900     1960     1343     1640     1035     158      673      1153     1487     745      1400     265      1921     1685     677      1649     1313     1586     519      1964     579      273      1567     1943     1257     237      572      451      684      373      1153     822      1607     350      1114     896      1080     1302     1921     0        1542     483      2050     1935     1681     2159     1432     1737     697      1318     1555     1824     734      1481     1307     257      676      613      809      1206     1016     2381     641      1365     1601     1365     964      248      957      1017     811      474      1087     1927     1631     305      1536     
44       967      2750     2117     2355     2940     2242     1063     417      513      1422     1972     2292     2448     2175     901      1522     2092     1314     1910     2696     2111     2809     1543     2879     1032     1812     2823     3088     739      1602     2101     1235     2209     1195     1603     1979     1693     1687     2465     1185     2188     999      2465     1542     0        1059     2766     2733     2110     3281     2417     1923     855      2298     2069     2770     1143     870      1112     1462     886      1225     2277     2156     2340     2357     2179     1270     1233     758      593      1313     1418     791      731      1922     484      1676     2477     1261     2738     
45       1172     2025     1059     1679     2171     1936     1050     1183     553      377      1015     1439     1708     1168     1052     507      1854     1417     980      1915     1449     1928     657      2186     218      754      1924     2260     871      570      1045     314      1155     186      1110     1094     1482     687      1504     704      1346     993      1993     483      1059     0        2195     2108     1692     2471     1661     1661     233      1538     1589     2054     530      1119     1035     457      214      478      1246     1404     1389     2275     1120     1139     1324     982      484      270      876      637      328      890      614      1719     1809     231      1867     
46       1913     453      1991     544      608      742      1739     2514     2505     1977     1441     993      613      1573     1921     2315     915      1668     1398     636      749      988      1569     362      2411     1971     1062     856      2035     2274     2169     2414     2223     2023     1172     1249     1171     1704     1319     1622     1019     1790     358      2050     2766     2195     0        162      690      889      671      972      2190     758      700      424      1737     1991     1679     1838     2373     1732     2457     847      1297     1175     2133     1532     1695     2045     2496     2017     1387     1994     2344     2336     2360     1471     428      2014     946      
47       1915     292      1847     431      464      826      1729     2502     2446     1870     1309     848      469      1427     1912     2200     988      1693     1271     474      660      826      1469     231      2322     1841     900      715      2010     2154     2027     2313     2077     1931     1130     1122     1196     1586     1161     1569     882      1776     436      1935     2733     2108     162      0        716      775      527      1016     2118     625      693      265      1671     1987     1666     1732     2292     1655     2311     729      1144     1294     1987     1527     1710     2029     2432     1917     1331     1951     2275     2202     2311     1527     304      1918     783      
48       1226     883      1815     564      1104     296      1061     1834     1904     1567     1232     972      741      1455     1241     1936     354      979      1155     962      504      1282     1161     928      1909     1692     1343     1341     1371     1918     1971     1959     2053     1544     584      1032     482      1378     1364     1031     923      1117     356      1681     2110     1692     690      716      0        1456     764      307      1633     739      139      882      1180     1306     1004     1432     1838     1214     2278     704      1282     806      1963     852      1004     1370     1909     1575     819      1366     1774     2067     1737     822      603      1555     1211     
49       2572     578      1859     968      359      1600     2367     3114     2912     2151     1488     1031     840      1465     2547     2403     1757     2400     1500     585      1194     586      1818     543      2663     1977     626      216      2603     2335     2037     2597     2046     2284     1723     1377     1915     1824     1091     2097     1126     2401     1210     2159     3281     2471     889      775      1456     0        865      1763     2547     983      1396     575      2148     2631     2300     2029     2679     2091     2261     1124     1159     2063     1969     2182     2402     2645     2879     2229     1869     2491     2710     2273     2819     2278     874      2249     625      
