
sets
i        orders          /0*80/
k        routes          /1*80/
p        positions       /0*80/
;

alias(i,j)
alias(i,h)
alias(i,hh)
alias(i,jj)
alias(k,kk)
                
                    Parameters

rho(i)	Processing time
/
0	0
1	50
2	74
3	7
4	95
5	94
6	58
7	50
8	91
9	34
10	62
11	1
12	14
13	17
14	14
15	41
16	2
17	31
18	75
19	78
20	3
21	86
22	51
23	64
24	58
25	76
26	11
27	5
28	23
29	84
30	27
31	63
32	4
33	54
34	87
35	51
36	50
37	6
38	67
39	98
40	59
41	34
42	91
43	92
44	59
45	9
46	98
47	69
48	13
49	65
50	15
51	7
52	7
53	33
54	30
55	42
56	57
57	34
58	86
59	66
60	84
61	32
62	64
63	34
64	30
65	78
66	99
67	19
68	32
69	47
70	33
71	94
72	65
73	91
74	44
75	4
76	42
77	20
78	50
79	79
80	98
/

gamma(i)	Duedate
/
0	0
1	5
2	79
3	24
4	99
5	62
6	89
7	14
8	65
9	5
10	9
11	58
12	38
13	44
14	3
15	69
16	93
17	77
18	64
19	8
20	34
21	58
22	68
23	32
24	8
25	74
26	22
27	48
28	17
29	67
30	2
31	4
32	98
33	77
34	17
35	50
36	3
37	13
38	19
39	8
40	39
41	44
42	64
43	36
44	11
45	82
46	81
47	64
48	43
49	4
50	55
51	25
52	48
53	99
54	65
55	98
56	20
57	91
58	29
59	53
60	39
61	98
62	72
63	94
64	11
65	39
66	43
67	32
68	59
69	87
70	67
71	73
72	73
73	40
74	48
75	12
76	43
77	39
78	97
79	84
80	94
/

sigma(i)	Size
/
0	0
1	7
2	7
3	1
4	3
5	1
6	4
7	4
8	2
9	7
10	7
11	1
12	1
13	5
14	1
15	8
16	5
17	8
18	7
19	3
20	5
21	9
22	9
23	9
24	4
25	4
26	9
27	2
28	9
29	2
30	4
31	2
32	2
33	7
34	2
35	2
36	5
37	9
38	7
39	6
40	5
41	5
42	9
43	2
44	1
45	6
46	6
47	8
48	3
49	9
50	2
51	7
52	4
53	8
54	7
55	7
56	9
57	2
58	5
59	3
60	2
61	4
62	1
63	3
64	9
65	9
66	1
67	4
68	2
69	3
70	5
71	2
72	5
73	1
74	3
75	7
76	3
77	4
78	7
79	9
80	5
/

epsilon(i)	Priority
/
0	0
1	6
2	4
3	3
4	9
5	6
6	3
7	9
8	7
9	8
10	5
11	1
12	4
13	5
14	8
15	8
16	2
17	8
18	1
19	4
20	2
21	2
22	3
23	9
24	2
25	4
26	4
27	1
28	6
29	1
30	3
31	8
32	7
33	9
34	7
35	7
36	2
37	1
38	1
39	3
40	6
41	8
42	5
43	2
44	9
45	1
46	5
47	2
48	1
49	8
50	1
51	5
52	5
53	9
54	8
55	5
56	5
57	9
58	4
59	6
60	4
61	2
62	8
63	9
64	5
65	4
66	6
67	3
68	8
69	9
70	4
71	4
72	6
73	3
74	5
75	9
76	1
77	7
78	4
79	9
80	5
/

psi	Vehicle Capacity
/ 41 /
;

Table kappa(i,j)                 Setup
         0        1        2        3        4        5        6        7        8        9        10       11       12       13       14       15       16       17       18       19       20       21       22       23       24       25       26       27       28       29       30       31       32       33       34       35       36       37       38       39       40       41       42       43       44       45       46       47       48       49       50       51       52       53       54       55       56       57       58       59       60       61       62       63       64       65       66       67       68       69       70       71       72       73       74       75       76       77       78       79       80       
0        0        2239     1188     576      2256     895      1435     2458     1650     906      1489     1931     1770     575      1869     960      1652     481      1253     1031     1475     1693     2797     1221     1282     527      1214     2093     1662     281      533      2045     726      1784     2178     1500     2168     193      1854     502      1231     1593     1103     2410     663      2176     623      355      2218     843      1442     870      617      603      2405     526      1935     1569     1256     1148     2426     1239     1568     2094     1438     1159     1278     198      947      1810     2972     2059     1442     2382     2374     1565     1500     803      2655     503      1920     
1        2239     0        1518     1701     456      1747     1748     422      1045     1950     1464     689      594      1693     1224     1291     1630     1761     1004     1897     1089     1316     611      1417     1070     1735     1258     1342     1773     2021     2021     216      1834     716      326      1776     895      2068     527      2265     1122     917      1138     480      1639     1123     2213     1940     463      1400     1836     1369     1627     1841     272      1746     575      1592     1144     1898     749      1005     1739     1285     1548     1304     1290     2043     1837     1760     792      1022     1099     224      646      715      1712     2011     527      2061     991      
2        1188     1518     0        1003     1323     321      1872     1884     1578     468      301      944      1351     697      699      865      1963     919      691      385      1429     1800     1921     101      1154     979      287      2124     560      1153     712      1404     1362     1473     1631     1938     1934     1000     1406     1537     1141     1415     720      1473     594      2065     1586     838      1284     819      436      741      872      586      1767     724      1007     407      1211     381      1388     886      467      2094     1743     1269     1393     1020     354      681      2071     931      424      1726     1368     839      1898     1572     1756     1386     809      
3        576      1701     1003     0        1780     831      1003     1892     1082     969      1285     1498     1201     339      1575     411      1177     143      768      1050     904      1156     2282     987      706      57       891      1553     1559     322      696      1498     364      1208     1613     1072     1595     459      1285     608      655      1016     602      1928     426      1614     613      432      1744     315      1388     375      133      598      1848     344      1476     1410     680      1155     1990     697      1463     1548     948      594      721      411      939      1685     2461     1704     1089     1827     1923     1074     1053     569      2151     417      1561     
4        2256     456      1323     1780     0        1605     2051     861      1384     1787     1187     380      909      1683     857      1379     1974     1805     1014     1707     1379     1672     599      1229     1274     1801     1116     1759     1447     2080     1939     572      1990     1066     773      2090     1334     2070     871      2380     1316     1224     1178     155      1606     1557     2354     1922     39       1464     1556     1412     1679     1766     704      1734     327      1289     1360     1681     307      1109     1433     1704     1854     1518     1543     2058     1671     1405     749      612      906      655      203      706      2027     2191     433      2179     623      
5        895      1747     321      831      1605     0        1791     2083     1622     211      607      1232     1485     493      1019     833      1920     716      808      230      1456     1805     2198     390      1181     793      495      2164     774      906      394      1607     1195     1582     1815     1860     2040     716      1552     1291     1155     1480     767      1758     408      2141     1358     561      1566     747      571      685      713      295      1981     501      1281     674      1218     324      1695     954      679      2141     1691     1236     1370     745      121      919      2355     1250     700      1943     1668     1038     1829     1390     2036     1164     1125     
6        1435     1748     1872     1003     2051     1791     0        1702     708      1955     2096     1936     1160     1325     2243     1008     251      1145     1308     2020     672      492      2348     1818     830      1057     1655     805      2425     1165     1699     1540     711      1033     1493     69       1123     1407     1221     1065     809      835      1192     2159     1389     999      934      1428     2028     1057     2300     1132     1093     1595     1745     1341     1854     2246     744      2113     2340     1098     2336     834      199      624      536      1349     1908     2524     2524     2261     1764     1752     2245     1473     75       671      2275     948      2134     
7        2458     422      1884     1892     861      2083     1702     0        1007     2292     1862     1109     691      1951     1644     1499     1533     1977     1292     2252     1114     1222     745      1783     1198     1935     1609     1123     2181     2213     2314     479      1950     722      281      1714     653      2303     606      2402     1252     945      1395     843      1913     874      2329     2194     874      1619     2230     1607     1842     2135     157      2002     992      1997     1251     2265     1130     1230     2143     1064     1512     1396     1341     2270     2182     2175     892      1444     1478     205      1032     1049     1651     2097     757      2202     1412     
8        1650     1045     1578     1082     1384     1622     708      1007     0        1825     1720     1339     475      1281     1746     807      591      1207     895      1844     179      290      1640     1496     442      1137     1305     547      2072     1374     1693     843      1014     329      785      731      524      1540     523      1470     474      182      865      1478     1295     537      1375     1482     1366     920      2009     956      1090     1536     1038     1321     1239     1877     420      1907     1685     692      1997     519      511      490      382      1493     1742     2137     1816     1697     1327     1044     1585     924      667      1123     1572     1285     1587     
9        906      1950     468      969      1787     211      1955     2292     1825     0        705      1410     1697     633      1136     1027     2098     839      1020     132      1656     1999     2383     558      1383     923      692      2363     777      979      373      1815     1324     1793     2026     2025     2250     751      1764     1353     1354     1687     976      1938     568      2348     1438     622      1748     932      546      877      864      375      2187     625      1467     729      1416     245      1855     1163     689      2342     1867     1423     1559     794      115      930      2536     1388     882      2149     1836     1244     1998     1505     2220     1253     1272     
10       1489     1464     301      1285     1187     607      2096     1862     1720     705      0        813      1419     992      433      1091     2163     1211     828      589      1590     1968     1783     298      1326     1266     441      2259     353      1452     1001     1391     1636     1563     1634     2160     2013     1302     1460     1834     1324     1546     909      1326     888      2168     1879     1140     1151     1068     373      987      1152     886      1729     1023     904      157      1395     526      1192     1043     289      2223     1951     1478     1591     1322     605      428      1917     697      409      1684     1191     869      2116     1851     1614     1678     598      
11       1931     689      944      1498     380      1232     1936     1109     1339     1410     813      0        895      1356     534      1123     1905     1502     737      1328     1285     1628     979      851      1112     1511     752      1800     1094     1780     1579     687      1753     1063     934      1984     1434     1741     892      2107     1144     1160     904      528      1271     1636     2097     1587     342      1187     1185     1123     1385     1411     962      1405     121      924      1201     1301     496      886      1070     1750     1748     1347     1403     1735     1294     1072     1127     371      532      913      444      471      1925     1965     813      1911     305      
12       1770     594      1351     1201     909      1485     1160     691      475      1697     1419     895      0        1280     1355     814      1066     1289     678      1682     495      763      1204     1255     510      1245     1063     905      1769     1522     1664     381      1272     168      415      1193     593      1619     85       1719     564      325      741      1004     1255     762      1653     1518     891      935      1754     932      1155     1488     662      1330     786      1573     571      1719     1210     560      1708     857      961      725      698      1584     1596     1808     1383     1264     1010     650      1110     554      1129     1435     1118     1517     1169     
13       575      1693     697      339      1683     493      1325     1951     1281     633      992      1356     1280     0        1329     484      1479     226      692      711      1104     1412     2233     700      853      299      653      1796     1239     463      411      1511     701      1331     1670     1394     1762     387      1361     842      812      1175     558      1837     104      1819     889      246      1645     364      1056     349      231      272      1881     52       1360     1104     861      816      1851     722      1143     1782     1247     829      966      378      600      1372     2406     1498     876      1852     1798     1000     1369     898      2087     689      1357     
14       1869     1224     699      1575     857      1019     2243     1644     1746     1136     433      534      1355     1329     0        1289     2263     1529     937      1022     1651     2021     1426     649      1421     1567     684      2252     599      1792     1411     1211     1897     1517     1461     2301     1929     1677     1372     2162     1436     1563     1072     975      1227     2116     2187     1513     827      1305     750      1226     1444     1277     1496     1369     652      471      1503     956      792      1146     603      2207     2074     1621     1711     1689     1033     547      1542     280      496      1447     811      822      2249     2116     1258     1987     235      
15       960      1291     865      411      1379     833      1008     1499     807      1027     1091     1123     814      484      1289     0        1102     478      387      1062     633      972      1871     809      371      444      652      1338     1416     729      890      1090     631      850      1218     1073     1277     805      897      1001     333      692      224      1525     487      1341     978      709      1345     122      1297     150      343      729      1445     529      1087     1239     390      1139     1605     285      1328     1319     878      408      539      771      954      1517     2050     1371     794      1423     1532     675      1033     846      1741     799      1231     
16       1652     1630     1963     1177     1974     1920     251      1533     591      2098     2163     1905     1066     1479     2263     1102     0        1321     1345     2151     620      315      2214     1899     845      1234     1724     560      2503     1375     1871     1432     926      918      1350     218      919      1607     1113     1307     840      753      1255     2069     1531     770      1180     1609     1954     1173     2398     1240     1249     1751     1593     1501     1812     2316     769      2236     2273     1128     2418     594      231      694      572      1550     2040     2590     2385     2249     1802     1606     2173     1460     176      913      2156     1178     2130     
17       481      1761     919      143      1805     716      1145     1977     1207     839      1211     1502     1289     226      1529     478      1321     0        791      928      1028     1294     2328     915      812      88       845      1690     1464     277      553      1565     485      1311     1696     1214     1713     336      1373     633      762      1129     633      1956     326      1742     667      290      1768     362      1282     396      135      464      1924     216      1492     1326     796      1036     1998     758      1368     1683     1091     724      855      295      818      1597     2505     1679     1057     1900     1936     1103     1196     674      2191     467      1537     
18       1253     1004     691      768      1014     808      1308     1292     895      1020     828      737      678      692      937      387      1345     791      0        1005     761      1139     1544     603      501      786      410      1440     1178     1065     1025     831      1019     786      1018     1367     1248     1073     744      1374     506      726      167      1165     635      1373     1360     938      978      453      1117     397      664      844      1206     744      708      985      576      1047     1224     217      1102     1407     1145     685      781      1054     918      1252     1719     990      457      1174     1155     312      1317     1233     1402     1176     852      
19       1031     1897     385      1050     1707     230      2020     2252     1844     132      589      1328     1682     711      1022     1062     2151     928      1005     0        1681     2033     2306     483      1404     1008     643      2388     645      1089     499      1773     1411     1788     1992     2089     2249     871      1745     1468     1380     1698     983      1856     633      2358     1547     733      1669     978      414      915      937      474      2142     712      1393     601      1445     117      1759     1167     557      2363     1921     1466     1600     911      112      798      2454     1281     809      2102     1745     1203     2059     1600     2141     1359     1170     
20       1475     1089     1429     904      1379     1456     672      1114     179      1656     1590     1285     495      1104     1651     633      620      1028     761      1681     0        377      1697     1352     277      959      1164     707      1939     1200     1515     876      857      396      867      711      694      1362     564      1315     301      174      710      1487     1119     716      1228     1303     1356     743      1864     783      911      1360     1124     1143     1195     1747     243      1748     1670     548      1861     686      474      317      228      1315     1577     2013     1876     1629     1208     1122     1574     841      649      985      1613     1125     1511     
21       1693     1316     1800     1156     1672     1805     492      1222     290      1999     1968     1628     763      1412     2021     972      315      1294     1139     2033     377      0        1898     1725     646      1214     1539     400      2316     1411     1821     1122     994      608      1034     494      631      1612     804      1428     659      468      1079     1761     1444     528      1315     1582     1654     1068     2236     1121     1197     1679     1278     1444     1529     2124     591      2107     1974     924      2237     404      326      582      445      1559     1926     2390     2069     1983     1585     1290     1873     1203     433      1048     1841     1266     1871     
22       2797     611      1921     2282     599      2198     2348     745      1640     2383     1783     979      1204     2233     1426     1871     2214     2328     1544     2306     1697     1898     0        1826     1678     2311     1705     1857     2025     2596     2518     827      2438     1314     864      2372     1388     2617     1132     2861     1728     1523     1696     456      2165     1614     2815     2478     637      1972     2148     1931     2196     2342     635      2285     917      1877     1754     2281     665      1586     2019     1799     2149     1914     1901     2598     2268     1967     181      1156     1501     613      618      1233     2308     2620     168      2657     1201     
23       1221     1417     101      987      1229     390      1818     1783     1496     558      298      851      1255     700      649      809      1899     915      603      483      1352     1725     1826     0        1078     968      193      2042     606      1162     770      1303     1338     1381     1531     1883     1841     1029     1309     1542     1069     1330     647      1380     596      1976     1582     866      1190     776      513      696      854      628      1666     734      911      433      1140     482      1305     805      519      2010     1682     1207     1327     1044     442      712      1978     863      326      1625     1281     738      1841     1552     1662     1382     735      
24       1282     1070     1154     706      1274     1181     830      1198     442      1383     1326     1112     510      853      1421     371      845      812      501      1404     277      646      1678     1078     0        755      893      983      1672     1023     1262     855      765      501      925      884      909      1148     595      1209     53       322      433      1401     858      971      1146     1070     1245     489      1589     517      684      1100     1172     896      1040     1481     88       1470     1544     283      1591     959      653      244      293      1107     1301     1751     1860     1431     957      1158     1456     645      829      941      1571     1007     1303     
25       527      1735     979      57       1801     793      1057     1935     1137     923      1266     1511     1245     299      1567     444      1234     88       786      1008     959      1214     2311     968      755      0        883      1611     1530     285      641      1535     402      1257     1655     1126     1648     403      1329     601      704      1068     623      1951     392      1670     619      375      1765     339      1354     390      127      549      1888     297      1494     1387     732      1114     2005     730      1435     1605     1005     650      778      356      898      1659     2490     1705     1087     1866     1940     1096     1109     599      2178     419      1563     
26       1214     1258     287      891      1116     495      1655     1609     1305     692      441      752      1063     653      684      652      1724     845      410      643      1164     1539     1705     193      893      883      0        1850     779      1111     827      1130     1225     1187     1351     1719     1648     1020     1119     1478     888      1137     469      1271     555      1782     1502     860      1077     640      706      559      760      661      1499     696      790      592      959      661      1233     616      697      1817     1511     1037     1152     1024     579      868      1864     846      230      1459     1195     560      1674     1443     1545     1303     706      
27       2093     1342     2124     1553     1759     2164     805      1123     547      2363     2259     1800     905      1796     2252     1338     560      1690     1440     2388     707      400      1857     2042     983      1611     1850     0        2612     1811     2207     1187     1391     738      1020     778      470      2010     910      1816     1009     714      1412     1818     1820     254      1698     1976     1750     1443     2556     1488     1587     2059     1223     1831     1688     2417     947      2453     2066     1238     2539     58       692      969      835      1958     2284     2671     2013     2169     1860     1249     1962     1433     731      1429     1836     1661     2074     
28       1662     1773     560      1559     1447     774      2425     2181     2072     777      353      1094     1769     1239     599      1416     2503     1464     1178     645      1939     2316     2025     606      1672     1530     779      2612     0        1677     1136     1719     1920     1915     1966     2490     2363     1488     1808     2063     1667     1898     1248     1571     1139     2521     2124     1336     1414     1378     237      1299     1429     1069     2043     1259     1199     196      1738     536      1389     1391     96       2576     2288     1813     1931     1520     716      153      2141     876      760      1996     1411     1217     2448     2128     1857     1926     825      
29       281      2021     1153     322      2080     906      1165     2213     1374     979      1452     1780     1522     463      1792     729      1375     277      1065     1089     1200     1411     2596     1162     1023     285      1111     1811     1677     0        629      1819     453      1524     1935     1231     1895     260      1607     386      970      1326     904      2231     566      1897     458      357      2043     624      1477     668      401      617      2170     429      1768     1555     989      1204     2275     1015     1581     1812     1158     884      999      203      988      1817     2774     1951     1329     2149     2213     1376     1227     565      2461     280      1810     
30       533      2021     712      696      1939     394      1699     2314     1693     373      1001     1579     1664     411      1411     890      1871     553      1025     499      1515     1821     2518     770      1262     641      827      2207     1136     629      0        1856     1021     1728     2037     1768     2167     385      1741     990      1222     1583     924      2094     410      2230     1083     281      1900     773      912      747      626      180      2231     376      1611     1060     1272     615      2058     1104     1044     2194     1640     1239     1375     432      421      1287     2683     1634     1052     2198     2022     1307     1750     1180     2363     908      1504     
31       2045     216      1404     1498     572      1607     1540     479      843      1815     1391     687      381      1511     1211     1090     1432     1565     831      1773     876      1122     827      1303     855      1535     1130     1187     1719     1819     1856     0        1620     514      249      1570     770      1879     319      2054     907      705      952      642      1463     988      2000     1757     564      1203     1755     1178     1430     1676     375      1563     566      1531     928      1786     879      807      1675     1132     1340     1088     1075     1851     1705     1725     1008     1051     1000     342      775      571      1506     1796     736      1850     991      
32       726      1834     1362     364      1990     1195     711      1950     1014     1324     1636     1753     1272     701      1897     631      926      485      1019     1411     857      994      2438     1338     765      402      1225     1391     1920     453      1021     1620     0        1230     1683     778      1537     700      1355     457      713      1012     855      2129     790      1505     381      741      1957     592      1752     671      491      949      1934     700      1711     1766     701      1517     2230     881      1825     1398     716      554      632      641      1300     2043     2619     1999     1403     1922     2153     1296     775      218      2323     273      1858     
33       1784     716      1473     1208     1066     1582     1033     722      329      1793     1563     1063     168      1331     1517     850      918      1311     786      1788     396      608      1314     1381     501      1257     1187     738      1915     1524     1728     514      1230     0        472      1060     461      1646     196      1685     553      223      819      1152     1318     607      1608     1559     1050     972      1887     983      1181     1556     728      1377     954      1718     539      1833     1370     632      1849     691      835      676      619      1607     1697     1959     1491     1432     1154     728      1268     707      996      1375     1243     1488     1335     
34       2178     326      1631     1613     773      1815     1493     281      785      2026     1634     934      415      1670     1461     1218     1350     1696     1018     1992     867      1034     864      1531     925      1655     1351     1020     1966     1935     2037     249      1683     472      0        1513     569      2022     330      2133     979      694      1116     807      1634     797      2064     1913     773      1338     1996     1326     1561     1858     256      1721     813      1776     982      2012     1073     949      1920     963      1296     1132     1088     1989     1918     1974     1035     1294     1238     259      969      792      1449     1839     820      1932     1239     
35       1500     1776     1938     1072     2090     1860     69       1714     731      2025     2160     1984     1193     1394     2301     1073     218      1214     1367     2089     711      494      2372     1883     884      1126     1719     778      2490     1231     1768     1570     778      1060     1513     0        1120     1475     1250     1121     865      869      1254     2195     1458     984      989      1496     2067     1125     2367     1199     1162     1664     1763     1410     1901     2310     798      2181     2381     1155     2401     812      237      685      590      1417     1977     2588     2547     2314     1824     1772     2285     1524     64       728      2303     1010     2187     
36       2168     895      1934     1595     1334     2040     1123     653      524      2250     2013     1434     593      1762     1929     1277     919      1713     1248     2249     694      631      1388     1841     909      1648     1648     470      2363     1895     2167     770      1537     461      569      1120     0        2049     559      1992     954      586      1275     1376     1759     229      1894     1978     1330     1398     2345     1419     1590     2000     754      1805     1316     2166     916      2295     1638     1087     2301     412      952      1011     907      2004     2156     2398     1543     1805     1603     783      1534     1146     1061     1636     1372     1809     1728     
37       193      2068     1000     459      2070     716      1407     2303     1540     751      1302     1741     1619     387      1677     805      1607     336      1073     871      1362     1612     2617     1029     1148     403      1020     2010     1488     260      385      1879     700      1646     2022     1475     2049     0        1702     605      1099     1466     929      2224     470      2074     702      163      2032     684      1275     700      465      421      2243     336      1747     1387     1132     988      2235     1076     1394     2007     1383     1054     1180     58       779      1634     2791     1865     1249     2218     2184     1384     1467     826      2472     538      1727     
38       1854     527      1406     1285     871      1552     1221     606      523      1764     1460     892      85       1361     1372     897      1113     1373     744      1745     564      804      1132     1309     595      1329     1119     910      1808     1607     1741     319      1355     196      330      1250     559      1702     0        1803     649      390      816      956      1333     746      1736     1599     856      1018     1802     1012     1239     1564     578      1410     779      1612     654      1778     1176     639      1749     859      1022     807      774      1668     1661     1840     1311     1264     1051     569      1073     591      1186     1516     1053     1602     1176     
39       502      2265     1537     608      2380     1291     1065     2402     1470     1353     1834     2107     1719     842      2162     1001     1307     633      1374     1468     1315     1428     2861     1542     1209     601      1478     1816     2063     386      990      2054     457      1685     2133     1121     1992     605      1803     0        1155     1468     1207     2526     946      1949     138      735      2345     920      1861     983      728      1000     2381     812      2082     1941     1151     1584     2598     1279     1967     1830     1125     1009     1089     559      1369     2203     3042     2307     1687     2366     2529     1675     1138     394      2737     204      2164     
40       1231     1122     1141     655      1316     1155     809      1252     474      1354     1324     1144     564      812      1436     333      840      762      506      1380     301      659      1728     1069     53       704      888      1009     1667     970      1222     907      713      553      979      865      954      1099     649      1155     0        368      422      1446     821      1008     1094     1024     1287     448      1577     482      636      1063     1225     854      1075     1479     71       1449     1583     290      1585     987      639      204      275      1057     1275     1751     1910     1455     964      1211     1496     674      812      891      1620     953      1325     
41       1593     917      1415     1016     1224     1480     835      945      182      1687     1546     1160     325      1175     1563     692      753      1129     726      1698     174      468      1523     1330     322      1068     1137     714      1898     1326     1583     705      1012     223      694      869      586      1466     390      1468     368      0        714      1326     1176     661      1388     1392     1203     811      1843     836      1004     1418     950      1219     1063     1703     336      1755     1520     532      1825     680      636      459      396      1423     1599     1959     1702     1516     1148     948      1422     741      805      1152     1442     1274     1405     
42       1103     1138     720      602      1178     767      1192     1395     865      976      909      904      741      558      1072     224      1255     633      167      983      710      1079     1696     647      433      623      469      1412     1248     904      924      952      855      819      1116     1254     1275     929      816      1207     422      714      0        1327     518      1375     1193     804      1142     286      1156     236      502      747      1322     610      875      1062     492      1042     1391     187      1164     1384     1042     570      683      906      885      1337     1872     1147     579      1294     1321     473      1208     1071     1558     1008     1007     
43       2410     480      1473     1928     155      1758     2159     843      1478     1938     1326     528      1004     1837     975      1525     2069     1956     1165     1856     1487     1761     456      1380     1401     1951     1271     1818     1571     2231     2094     642      2129     1152     807      2195     1376     2224     956      2526     1446     1326     1327     0        1761     1603     2497     2077     194      1613     1692     1562     1829     1921     688      1888     483      1420     1485     1827     288      1251     1563     1762     1961     1646     1662     2211     1823     1520     598      713      1058     642      198      854      2132     2327     288      2324     747      
44       663      1639     594      426      1606     408      1389     1913     1295     568      888      1271     1255     104      1227     487      1531     326      635      633      1119     1444     2165     596      858      392      555      1820     1139     566      410      1463     790      1318     1634     1458     1759     470      1333     946      821      1176     518      1761     0        1829     992      316      1568     377      962      340      305      242      1836     141      1281     1001     876      732      1765     695      1043     1803     1300     863      1000     470      521      1270     2336     1401     781      1806     1715     935      1430     992      2016     792      1261     
45       2176     1123     2065     1614     1557     2141     999      874      537      2348     2168     1636     762      1819     2116     1341     770      1742     1373     2358     716      528      1614     1976     971      1670     1782     254      2521     1897     2230     988      1505     607      797      984      229      2074     746      1949     1008     661      1375     1603     1829     0        1840     2020     1551     1456     2486     1489     1628     2071     982      1859     1520     2324     958      2413     1862     1191     2454     199      853      1020     898      2025     2260     2566     1766     2008     1761     1011     1757     1313     930      1574     1601     1779     1923     
46       623      2213     1586     613      2354     1358     934      2329     1375     1438     1879     2097     1653     889      2187     978      1180     667      1360     1547     1228     1315     2815     1582     1146     619      1502     1698     2124     458      1083     2000     381      1608     2064     989      1894     702      1736     138      1094     1388     1193     2497     992      1840     0        816      2320     912      1930     981      742      1074     2315     865      2065     1993     1082     1662     2583     1245     2028     1714     1005     933      1000     651      1445     2260     2997     2316     1703     2304     2510     1653     1008     269      2697     200      2174     
47       355      1940     838      432      1922     561      1428     2194     1482     622      1140     1587     1518     246      1513     709      1609     290      938      733      1303     1582     2478     866      1070     375      860      1976     1336     357      281      1757     741      1559     1913     1496     1978     163      1599     735      1024     1392     804      2077     316      2020     816      0        1884     586      1128     587      392      267      2126     194      1598     1229     1065     849      2080     964      1241     1968     1381     1008     1141     184      634      1480     2650     1704     1089     2098     2031     1245     1481     899      2330     633      1566     
48       2218     463      1284     1744     39       1566     2028     874      1366     1748     1151     342      891      1645     827      1345     1954     1768     978      1669     1356     1654     637      1190     1245     1765     1077     1750     1414     2043     1900     564      1957     1050     773      2067     1330     2032     856      2345     1287     1203     1142     194      1568     1551     2320     1884     0        1428     1520     1375     1642     1727     717      1696     288      1254     1332     1643     320      1076     1399     1696     1831     1490     1517     2020     1632     1375     789      587      866      668      219      670      2005     2159     472      2144     592      
49       843      1400     819      315      1464     747      1057     1619     920      932      1068     1187     935      364      1305     122      1173     362      453      978      743      1068     1972     776      489      339      640      1443     1378     624      773      1203     592      972      1338     1125     1398     684      1018     920      448      811      286      1613     377      1456     912      586      1428     0        1242     81       227      617      1562     407      1162     1209     500      1062     1677     396      1287     1426     945      490      626      652      868      1488     2150     1410     810      1538     1608     758      1089     811      1838     723      1268     
