

sets
i        orders          /0*20/
k        routes          /1*20/
p        positions       /0*20/
;

alias(i,j)
alias(i,h)
alias(i,hh)
alias(i,jj)
alias(k,kk)
                            Parameters

rho(i)	Processing time
/
0	0
1	27
2	94
3	80
4	51
5	21
6	39
7	30
8	48
9	70
10	23
11	7
12	76
13	30
14	55
15	51
16	28
17	83
18	13
19	47
20	7
/

gamma(i)	Duedate
/
0	0
1	43
2	57
3	22
4	95
5	10
6	34
7	43
8	20
9	13
10	77
11	55
12	96
13	19
14	60
15	26
16	56
17	7
18	12
19	96
20	63
/

sigma(i)	Size
/
0	0
1	1
2	6
3	1
4	3
5	9
6	9
7	3
8	7
9	2
10	6
11	7
12	3
13	5
14	5
15	3
16	3
17	2
18	8
19	6
20	6
/

epsilon(i)	Priority
/
0	0
1	1
2	4
3	6
4	4
5	3
6	2
7	5
8	9
9	5
10	3
11	4
12	2
13	3
14	7
15	2
16	2
17	7
18	4
19	3
20	2
/

psi	Vehicle Capacity
/ 84 /
;

Table kappa(i,j)                 Setup
         0        1        2        3        4        5        6        7        8        9        10       11       12       13       14       15       16       17       18       19       20       
0        0        1782     1804     98       1172     814      945      1239     1813     2062     2097     224      992      1211     1296     1171     2034     987      1368     1716     1369     
1        1782     0        1413     1818     740      1059     854      1038     157      830      1872     1750     1370     675      1143     630      261      1008     1774     1322     531      
2        1804     1413     0        1762     977      1665     1219     643      1566     807      463      1617     816      1013     537      1182     1462     1793     712      108      1602     
3        98       1818     1762     0        1182     882      971      1218     1857     2058     2039     149      946      1225     1266     1198     2066     1062     1297     1677     1424     
4        1172     740      977      1182     0        720      280      382      841      908      1422     1084     641      65       510      213      946      822      1096     869      664      
5        814      1059     1665     882      720      0        448      1024     1052     1582     2081     878      1052     713      1141     577      1320     200      1564     1557     575      
6        945      854      1219     971      280      448      0        583      913      1180     1645     896      697      291      706      227      1096     578      1203     1111     579      
7        1239     1038     643      1218     382      1024     583      0        1165     878      1062     1087     383      437      128      594      1192     1161     739      537      1046     
8        1813     157      1566     1857     841      1052     913      1165     0        982      2026     1800     1481     776      1276     701      322      972      1904     1474     488      
9        2062     830      807      2058     908      1582     1180     878      982      0        1199     1941     1252     889      895      1005     761      1624     1426     763      1244     
10       2097     1872     463      2039     1422     2081     1645     1062     2026     1199     0        1889     1119     1464     940      1632     1905     2223     787      565      2061     
11       224      1750     1617     149      1084     878      896      1087     1800     1941     1889     0        801      1131     1129     1122     1992     1069     1148     1534     1390     
12       992      1370     816      946      641      1052     697      383      1481     1252     1119     801      0        706      362      820      1551     1230     513      734      1261     
13       1211     675      1013     1225     65       713      291      437      776      889      1464     1131     706      0        563      168      886      800      1158     906      610      
14       1296     1143     537      1266     510      1141     706      128      1276     895      940      1129     362      563      0        723      1283     1284     631      435      1173     
15       1171     630      1182     1198     213      577      227      594      701      1005     1632     1122     820      168      723      0        869      642      1297     1074     453      
16       2034     261      1462     2066     946      1320     1096     1192     322      761      1905     1992     1551     886      1283     869      0        1266     1911     1384     785      
17       987      1008     1793     1062     822      200      578      1161     972      1624     2223     1069     1230     800      1284     642      1266     0        1744     1685     484      
18       1368     1774     712      1297     1096     1564     1203     739      1904     1426     787      1148     513      1158     631      1297     1911     1744     0        696      1748     
19       1716     1322     108      1677     869      1557     1111     537      1474     763      565      1534     734      906      435      1074     1384     1685     696      0        1496     
20       1369     531      1602     1424     664      575      579      1046     488      1244     2061     1390     1261     610      1173     453      785      484      1748     1496     0        
;



Table delta(i,j)                 Distance
         0        1        2        3        4        5        6        7        8        9        10       11       12       13       14       15       16       17       18       19       20       
0        0        219      200      177      104      184      152      238      165      195      242      170      186      123      142      142      212      154      46       232      172      
1        219      0        136      48       155      118      120      41       107      53       26       51       35       171      84       117      26       137      193      72       155      
2        200      136      0        101      96       23       205      178      201      84       160      107      137      233      94       194      110      220      203      204      246      
3        177      48       101      0        107      79       113      85       105      26       75       9        36       154      36       105      35       130      157      104      154      
4        104      155      96       107      0        82       157      189      161      113      182      105      133      164      72       145      139      168      115      199      194      
5        184      118      23       79       82       0        181      159      178      65       142      85       115      210      71       171      92       197      184      183      223      
6        152      120      205      113      157      181      0        114      16       139      131      104      88       53       110      12       134      17       109      91       41       
7        238      41       178      85       189      159      114      0        98       94       24       84       56       168      117      115      68       128      206      37       141      
8        165      107      201      105      161      178      16       98       0        131      116      96       77       70       108      23       123      30       124      75       49       
9        195      53       84       26       113      65       139      94       131      0        78       35       57       180      52       131      28       156      179      120      179      
10       242      26       160      75       182      142      131      24       116      78       0        78       56       183      111      129      50       146      213      62       161      
11       170      51       107      9        105      85       104      84       96       35       78       0        32       144      33       95       43       120      149      101      145      
12       186      35       137      36       133      115      88       56       77       57       56       32       0        136      62       83       46       105      158      69       126      
13       123      171      233      154      164      210      53       168      70       180      183      144      136      0        140      54       181      43       77       144      51       
14       142      84       94       36       72       71       110      117      108      52       111      33       62       140      0        100      71       126      128      129      152      
15       142      117      194      105      145      171      12       115      23       131      129      95       83       54       100      0        128      26       101      95       52       
16       212      26       110      35       139      92       134      68       123      28       50       43       46       181      71       128      0        151      192      98       172      
17       154      137      220      130      168      197      17       128      30       156      146      120      105      43       126      26       151      0        109      102      26       
18       46       193      203      157      115      184      109      206      124      179      213      149      158      77       128      101      192      109      0        194      126      
19       232      72       204      104      199      183      91       37       75       120      62       101      69       144      129      95       98       102      194      0        110      
20       172      155      246      154      194      223      41       141      49       179      161      145      126      51       152      52       172      26       126      110      0        
;

