
sets
i        orders          /0*10/
k        routes          /1*10/
p        positions       /0*10/
;

alias(i,j)
alias(i,h)
alias(i,hh)
alias(i,jj)
alias(k,kk)
                
                    Parameters

rho(i)	Processing time
/
0	0
1	14
2	76
3	71
4	53
5	4
6	85
7	40
8	34
9	72
10	95
/

gamma(i)	Duedate
/
0	0
1	17
2	70
3	92
4	80
5	11
6	25
7	84
8	86
9	79
10	75
/

sigma(i)	Size
/
0	0
1	3
2	9
3	8
4	8
5	2
6	2
7	6
8	9
9	1
10	2
/

epsilon(i)	Priority
/
0	0
1	8
2	7
3	9
4	5
5	6
6	5
7	6
8	4
9	6
10	7
/

psi	Vehicle Capacity
/ 27 /
;

Table kappa(i,j)                 Setup
         0        1        2        3        4        5        6        7        8        9        10       
0        0        106      200      80       22       40       79       276      157      69       231      
1        106      0        287      175      123      69       43       351      262      176      276      
2        200      287      0        208      201      222      275      87       106      146      130      
3        80       175      208      0        57       118      136      294      125      66       279      
4        22       123      201      57       0        61       89       281      146      61       245      
5        40       69       222      118      61       0        54       292      193      107      231      
6        79       43       275      136      89       54       0        347      235      148      284      
7        276      351      87       294      281      292      347      0        192      230      114      
8        157      262      106      125      146      193      235      192      0        87       221      
9        69       176      146      66       61       107      148      230      87       0        214      
10       231      276      130      279      245      231      284      114      221      214      0        
;



Table delta(i,j)                 Distance
         0        1        2        3        4        5        6        7        8        9        10       
0        0        720      970      760      290      710      1050     460      580      40       450      
1        720      0        54       40       79       37       51       45       42       75       61       
2        970      54       0        20       116      25       15       51       93       97       107      
3        760      40       20       0        96       5        30       31       75       76       87       
4        290      79       116      96       0        91       122      68       49       33       27       
5        710      37       25       5        91       0        34       26       71       72       82       
6        1050     51       15       30       122      34       0        61       93       106      109      
7        460      45       51       31       68       26       61       0        63       46       67       
8        580      42       93       75       49       71       93       63       0        62       23       
9        40       75       97       76       33       72       106      46       62       0        50       
10       450      61       107      87       27       82       109      67       23       50       0        
;

