
sets
i        orders          /0*10/
k        routes          /1*10/
p        positions       /0*10/
;

alias(i,j)
alias(i,h)
alias(i,hh)
alias(i,jj)
alias(k,kk)
                
                    Parameters

rho(i)	Processing time
/
0	0
1	94
2	15
3	29
4	80
5	72
6	75
7	43
8	80
9	65
10	78
/

gamma(i)	Duedate
/
0	0
1	4
2	14
3	60
4	17
5	93
6	86
7	73
8	14
9	35
10	82
/

sigma(i)	Size
/
0	0
1	6
2	5
3	5
4	4
5	2
6	2
7	1
8	7
9	6
10	5
/

epsilon(i)	Priority
/
0	0
1	3
2	3
3	3
4	7
5	9
6	9
7	2
8	1
9	3
10	8
/

psi	Vehicle Capacity
/ 31 /
;

Table kappa(i,j)                 Setup
         0        1        2        3        4        5        6        7        8        9        10       
0        0        89       126      145      208      174      147      52       94       162      210      
1        89       0        203      89       205      195      142      80       115      190      213      
2        126      203      0        217      195      138      163      126      120      123      187      
3        145      89       217      0        135      148      84       101      97       149      147      
4        208      205      195      135      0        58       64       157      114      72       15       
5        174      195      138      148      58       0        64       129      84       14       49       
6        147      142      163      84       64       64       0        95       55       66       71       
7        52       80       126      101      157      129      95       0        45       120      160      
8        94       115      120      97       114      84       55       45       0        76       115      
9        162      190      123      149      72       14       66       120      76       0        63       
10       210      213      187      147      15       49       71       160      115      63       0        
;



Table delta(i,j)                 Distance
         0        1        2        3        4        5        6        7        8        9        10       
0        0        55       16       25       89       66       89       69       104      16       76       
1        55       0        39       41       35       22       78       74       56       70       23       
2        16       39       0        18       73       51       82       66       89       31       60       
3        25       41       18       0        71       59       64       47       81       35       64       
4        89       35       73       71       0        39       82       88       29       104      24       
5        66       22       51       59       39       0        100      96       67       83       15       
6        89       78       82       64       82       100      0        25       67       92       94       
7        69       74       66       47       88       96       25       0        81       70       94       
8        104      56       89       81       29       67       67       81       0        116      52       
9        16       70       31       35       104      83       92       70       116      0        92       
10       76       23       60       64       24       15       94       94       52       92       0        
;

