
sets
i        orders          /0*10/
k        routes          /1*10/
p        positions       /0*10/
;

alias(i,j)
alias(i,h)
alias(i,hh)
alias(i,jj)
alias(k,kk)
                
                    Parameters

rho(i)	Processing time
/
0	0
1	20
2	54
3	92
4	71
5	43
6	38
7	54
8	67
9	99
10	73
/

gamma(i)	Duedate
/
0	0
1	96
2	97
3	5
4	17
5	38
6	13
7	79
8	55
9	16
10	60
/

sigma(i)	Size
/
0	0
1	6
2	9
3	8
4	9
5	5
6	5
7	4
8	9
9	4
10	3
/

epsilon(i)	Priority
/
0	0
1	1
2	6
3	8
4	8
5	3
6	2
7	3
8	8
9	5
10	2
/

psi	Vehicle Capacity
/ 13 /
;

Table kappa(i,j)                 Setup
         0        1        2        3        4        5        6        7        8        9        10       
0        0        166      106      200      158      144      141      198      204      234      136      
1        166      0        87       194      183      61       31       38       172      71       112      
2        106      87       0        129      105      40       81       106      119      141      43       
3        200      194      129      0        45       133      202      188      31       210      87       
4        158      183      105      45       0        122      185      187      64       215      70       
5        144      61       40       133      122      0        70       68       114      102      51       
6        141      31       81       202      185      70       0        69       185      101      116      
7        198      38       106      188      187      68       69       0        163      36       118      
8        204      172      119      31       64       114      185      163      0        182      76       
9        234      71       141      210      215      102      101      36       182      0        148      
10       136      112      43       87       70       51       116      118      76       148      0        
;



Table delta(i,j)                 Distance
         0        1        2        3        4        5        6        7        8        9        10       
0        0        3        4        92       46       25       34       98       18       101      34       
1        3        0        2        95       43       23       37       101      21       104      37       
2        4        2        0        96       45       26       38       102      22       105      38       
3        92       95       96       0        115      99       59       6        73       13       58       
4        46       43       45       115      0        21       60       122      53       128      67       
5        25       23       26       99       21       0        41       106      32       111      47       
6        34       37       38       59       60       41       0        65       16       69       10       
7        98       101      102      6        122      106      65       0        80       9        64       
8        18       21       22       73       53       32       16       80       0        83       16       
9        101      104      105      13       128      111      69       9        83       0        67       
10       34       37       38       58       67       47       10       64       16       67       0        
;

