
sets
i        orders          /0*10/
k        routes          /1*10/
p        positions       /0*10/
;

alias(i,j)
alias(i,h)
alias(i,hh)
alias(i,jj)
alias(k,kk)
                
                    Parameters

rho(i)	Processing time
/
0	0
1	30
2	89
3	53
4	4
5	60
6	91
7	42
8	39
9	40
10	36
/

gamma(i)	Duedate
/
0	0
1	98
2	94
3	84
4	54
5	82
6	67
7	8
8	53
9	64
10	15
/

sigma(i)	Size
/
0	0
1	9
2	8
3	5
4	9
5	6
6	9
7	4
8	6
9	3
10	4
/

epsilon(i)	Priority
/
0	0
1	2
2	5
3	4
4	5
5	6
6	3
7	3
8	8
9	9
10	6
/

psi	Vehicle Capacity
/ 36 /
;

Table kappa(i,j)                 Setup
         0        1        2        3        4        5        6        7        8        9        10       
0        0        87       107      110      123      187      82       252      69       99       141      
1        87       0        63       78       57       133      48       175      57       11       137      
2        107      63       0        16       118      80       25       148      38       63       78       
3        110      78       16       0        134      77       34       154      41       80       61       
4        123      57       118      134      0        176      106      194      113      54       194      
5        187      133      80       77       176      0        105      91       117      128      92       
6        82       48       25       34       106      105      0        171      16       53       89       
7        252      175      148      154      194      91       171      0        186      165      183      
8        69       57       38       41       113      117      16       186      0        64       87       
9        99       11       63       80       54       128      53       165      64       0        140      
10       141      137      78       61       194      92       89       183      87       140      0        
;



Table delta(i,j)                 Distance
         0        1        2        3        4        5        6        7        8        9        10       
0        0        87       106      61       91       61       51       58       109      54       62       
1        87       0        31       28       57       31       59       28       26       71       35       
2        106      31       0        57       88       45       65       53       44       73       65       
3        61       28       57       0        46       26       50       8        47       62       10       
4        91       57       88       46       0        72       96       55       52       108      37       
5        61       31       45       26       72       0        28       17       58       40       36       
6        51       59       65       50       96       28       0        41       86       12       58       
7        58       28       53       8        55       17       41       0        51       53       18       
8        109      26       44       47       52       58       86       51       0        97       49       
9        54       71       73       62       108      40       12       53       97       0        70       
10       62       35       65       10       37       36       58       18       49       70       0        
;

