

sets
i        orders          /0*10/
k        routes          /1*10/
p        positions       /0*10/
;

alias(i,j)
alias(i,h)
alias(i,hh)
alias(i,jj)
alias(k,kk)
                            Parameters

rho(i)	Processing time
/
0	0
1	4
2	1
3	92
4	9
5	34
6	6
7	46
8	64
9	21
10	31
/

gamma(i)	Duedate
/
0	0
1	33
2	25
3	99
4	25
5	44
6	39
7	77
8	3
9	83
10	42
/

sigma(i)	Size
/
0	0
1	7
2	8
3	5
4	6
5	5
6	6
7	5
8	1
9	3
10	3
/

epsilon(i)	Priority
/
0	0
1	6
2	3
3	2
4	8
5	6
6	5
7	1
8	2
9	9
10	4
/

psi	Vehicle Capacity
/ 49 /
;

Table kappa(i,j)                 Setup
         0        1        2        3        4        5        6        7        8        9        10       
0        0        244      107      243      299      190      177      171      478      155      72       
1        244      0        265      115      496      74       265      74       492      392      178      
2        107      265      0        214      231      238      76       208      372      153      104      
3        243      115      214      0        429      160      184      134      377      363      172      
4        299      496      231      429      0        468      246      439      381      172      331      
5        190      74       238      160      468      0        259      33       522      345      137      
6        177      265      76       184      246      259      0        226      301      217      148      
7        171      74       208      134      439      33       226      0        489      323      111      
8        478      492      372      377      381      522      301      489      0        472      444      
9        155      392      153      363      172      345      217      323      472      0        213      
10       72       178      104      172      331      137      148      111      444      213      0        
;



Table delta(i,j)                 Distance
         0        1        2        3        4        5        6        7        8        9        10       
0        0        800      1170     630      330      900      600      830      430      780      450      
1        800      0        45       59       57       82       42       11       37       5        57       
2        1170     45       0        72       87       79       87       36       76       50       102      
3        630      59       72       0        30       30       77       53       46       61       78       
4        330      57       87       30       0        60       56       56       25       56       51       
5        900      82       79       30       60       0        106      73       76       85       109      
6        600      42       87       77       56       106      0        52       31       37       19       
7        830      11       36       53       56       73       52       0        41       16       66       
8        430      37       76       46       25       76       31       41       0        35       33       
9        780      5        50       61       56       85       37       16       35       0        53       
10       450      57       102      78       51       109      19       66       33       53       0        
;

