

sets
i        orders          /0*10/
k        routes          /1*10/
p        positions       /0*10/
;

alias(i,j)
alias(i,h)
alias(i,hh)
alias(i,jj)
alias(k,kk)
                            Parameters

rho(i)	Processing time
/
0	0
1	84
2	80
3	25
4	17
5	41
6	92
7	37
8	40
9	96
10	20
/

gamma(i)	Duedate
/
0	0
1	67
2	12
3	14
4	83
5	62
6	56
7	20
8	93
9	88
10	80
/

sigma(i)	Size
/
0	0
1	3
2	5
3	9
4	3
5	4
6	6
7	6
8	5
9	6
10	1
/

epsilon(i)	Priority
/
0	0
1	3
2	7
3	4
4	7
5	2
6	9
7	6
8	3
9	1
10	1
/

psi	Vehicle Capacity
/ 20 /
;

Table kappa(i,j)                 Setup
         0        1        2        3        4        5        6        7        8        9        10       
0        0        423      295      219      192      193      256      165      343      14       274      
1        423      0        286      310      386      458      411      317      235      435      255      
2        295      286      0        360      140      445      458      130      396      298      41       
3        219      310      360      0        339      152      107      265      134      233      322      
4        192      386      140      339      0        375      415      81       419      189      145      
5        193      458      445      152      375      0        93       323      277      202      413      
6        256      411      458      107      415      93       0        349      202      267      421      
7        165      317      130      265      81       323      349      0        338      168      111      
8        343      235      396      134      419      277      202      338      0        357      354      
9        14       435      298      233      189      202      267      168      357      0        279      
10       274      255      41       322      145      413      421      111      354      279      0        
;



Table delta(i,j)                 Distance
         0        1        2        3        4        5        6        7        8        9        10       
0        0        600      890      530      640      470      850      310      730      130      950      
1        600      0        43       94       20       60       26       52       76       57       36       
2        890      43       0        101      26       62       48       92       61       91       49       
3        530      94       101      0        86       38       120      84       51       66       129      
4        640      20       26       86       0        49       38       65       59       65       44       
5        470      60       62       38       49       0        85       71       26       57       93       
6        850      26       48       120      38       85       0        72       97       80       10       
7        310      52       92       84       65       71       72       0        96       18       82       
8        730      76       61       51       59       26       97       96       0        83       103      
9        130      57       91       66       65       57       80       18       83       0        91       
10       950      36       49       129      44       93       10       82       103      91       0        
;

