

sets
i        orders          /0*10/
k        routes          /1*10/
p        positions       /0*10/
;

alias(i,j)
alias(i,h)
alias(i,hh)
alias(i,jj)
alias(k,kk)
                            Parameters

rho(i)	Processing time
/
0	0
1	63
2	50
3	51
4	93
5	48
6	12
7	78
8	91
9	84
10	84
/

gamma(i)	Duedate
/
0	0
1	82
2	38
3	54
4	77
5	56
6	73
7	43
8	66
9	97
10	91
/

sigma(i)	Size
/
0	0
1	9
2	6
3	2
4	3
5	4
6	3
7	9
8	5
9	5
10	5
/

epsilon(i)	Priority
/
0	0
1	1
2	5
3	7
4	3
5	2
6	5
7	6
8	4
9	9
10	2
/

psi	Vehicle Capacity
/ 12 /
;

Table kappa(i,j)                 Setup
         0        1        2        3        4        5        6        7        8        9        10       
0        0        506      155      203      24       30       614      413      441      521      470      
1        506      0        431      495      505      503      292      291      294      311      319      
2        155      431      0        83       174      177      478      270      297      377      323      
3        203      495      83       0        226      231      498      289      313      388      332      
4        24       505      174      226      0        6        625      426      454      534      484      
5        30       503      177      231      6        0        625      428      456      536      486      
6        614      292      478      498      625      625      0        209      185      116      170      
7        413      291      270      289      426      428      209      0        27       108      60       
8        441      294      297      313      454      456      185      27       0        80       35       
9        521      311      377      388      534      536      116      108      80       0        56       
10       470      319      323      332      484      486      170      60       35       56       0        
;



Table delta(i,j)                 Distance
         0        1        2        3        4        5        6        7        8        9        10       
0        0        710      610      720      560      1130     510      1120     790      490      980      
1        710      0        68       113      106      93       21       96       74       58       114      
2        610      68       0        50       50       53       53       51       18       13       47       
3        720      113      50       0        18       85       95       81       58       55       41       
4        560      106      50       18       0        95       85       91       63       50       57       
5        1130     93       53       85       95       0        89       5        34       63       52       
6        510      21       53       95       85       89       0        91       64       42       100      
7        1120     96       51       81       91       5        91       0        33       63       46       
8        790      74       18       58       63       34       64       33       0        30       40       
9        490      58       13       55       50       63       42       63       30       0        59       
10       980      114      47       41       57       52       100      46       40       59       0        
;

