

sets
i        orders          /0*10/
k        routes          /1*10/
p        positions       /0*10/
;

alias(i,j)
alias(i,h)
alias(i,hh)
alias(i,jj)
alias(k,kk)
                            Parameters

rho(i)	Processing time
/
0	0
1	72
2	27
3	20
4	99
5	5
6	46
7	60
8	26
9	43
10	96
/

gamma(i)	Duedate
/
0	0
1	69
2	24
3	28
4	60
5	77
6	17
7	27
8	77
9	37
10	87
/

sigma(i)	Size
/
0	0
1	5
2	2
3	2
4	1
5	4
6	1
7	4
8	3
9	9
10	5
/

epsilon(i)	Priority
/
0	0
1	2
2	3
3	1
4	7
5	4
6	2
7	8
8	1
9	7
10	1
/

psi	Vehicle Capacity
/ 10 /
;

Table kappa(i,j)                 Setup
         0        1        2        3        4        5        6        7        8        9        10       
0        0        364      231      53       446      460      301      368      165      447      206      
1        364      0        151      382      446      578      190      134      253      229      365      
2        231      151      0        239      466      558      105      224      101      328      305      
3        53       382      239      0        498      511      292      403      155      488      259      
4        446      446      466      498      0        175      570      319      510      271      243      
5        460      578      558      511      175      0        663      464      572      437      265      
6        301      190      105      292      570      663      0        303      137      407      407      
7        368      134      224      403      319      464      303      0        315      104      293      
8        165      253      101      155      510      572      137      315      0        415      307      
9        447      229      328      488      271      437      407      104      415      0        328      
10       206      365      305      259      243      265      407      293      307      328      0        
;



Table delta(i,j)                 Distance
         0        1        2        3        4        5        6        7        8        9        10       
0        0        870      710      360      650      870      220      380      1020     1030     590      
1        870      0        17       52       59       57       104      65       15       65       38       
2        710      17       0        35       55       60       89       47       33       71       21       
3        360      52       35       0        52       69       55       21       67       84       24       
4        650      59       55       52       0        22       68       73       66       38       65       
5        870      57       60       69       22       0        91       90       59       16       76       
6        220      104      89       55       68       91       0        60       117      106      79       
7        380      65       47       21       73       90       60       0        81       105      28       
8        1020     15       33       67       66       59       117      81       0        63       53       
9        1030     65       71       84       38       16       106      105      63       0        89       
10       590      38       21       24       65       76       79       28       53       89       0        
;

