
sets
i        orders          /0*10/
k        routes          /1*10/
p        positions       /0*10/
;

alias(i,j)
alias(i,h)
alias(i,hh)
alias(i,jj)
alias(k,kk)
                
                    Parameters

rho(i)	Processing time
/
0	0
1	79
2	20
3	37
4	37
5	15
6	85
7	77
8	17
9	86
10	28
/

gamma(i)	Duedate
/
0	0
1	32
2	98
3	50
4	87
5	26
6	72
7	4
8	95
9	64
10	52
/

sigma(i)	Size
/
0	0
1	1
2	4
3	6
4	7
5	5
6	7
7	6
8	7
9	1
10	3
/

epsilon(i)	Priority
/
0	0
1	3
2	2
3	3
4	9
5	3
6	7
7	9
8	8
9	7
10	3
/

psi	Vehicle Capacity
/ 20 /
;

Table kappa(i,j)                 Setup
         0        1        2        3        4        5        6        7        8        9        10       
0        0        60       60       68       109      29       59       81       46       62       54       
1        60       0        96       67       52       40       64       45       75       98       6        
2        60       96       0        49       130      85       42       86       21       2        90       
3        68       67       49       0        85       79       10       39       34       49       62       
4        109      52       130      85       0        92       88       45       109      131      56       
5        29       40       85       79       92       0        71       76       68       88       37       
6        59       64       42       10       88       71       0        43       25       43       58       
7        81       45       86       39       45       76       43       0        67       87       43       
8        46       75       21       34       109      68       25       67       0        22       69       
9        62       98       2        49       131      88       43       87       22       0        91       
10       54       6        90       62       56       37       58       43       69       91       0        
;



Table delta(i,j)                 Distance
         0        1        2        3        4        5        6        7        8        9        10       
0        0        48       80       70       93       89       78       68       90       60       68       
1        48       0        45       28       98       63       104      62       114      37       75       
2        80       45       0        18       77       22       103      43       109      23       63       
3        70       28       18       0        87       39       106      51       114      25       70       
4        93       98       77       87       0        60       45       36       43       63       25       
5        89       63       22       39       60       0        93       33       97       30       53       
6        78       104      103      106      45       93       0        60       12       82       40       
7        68       62       43       51       36       33       60       0        66       26       20       
8        90       114      109      114      43       97       12       66       0        89       45       
9        60       37       23       25       63       30       82       26       89       0        44       
10       68       75       63       70       25       53       40       20       45       44       0        
;

