
sets
i        orders          /0*10/
k        routes          /1*10/
p        positions       /0*10/
;

alias(i,j)
alias(i,h)
alias(i,hh)
alias(i,jj)
alias(k,kk)
                
                    Parameters

rho(i)	Processing time
/
0	0
1	57
2	57
3	37
4	40
5	16
6	70
7	42
8	28
9	18
10	22
/

gamma(i)	Duedate
/
0	0
1	48
2	47
3	40
4	81
5	52
6	8
7	7
8	90
9	65
10	64
/

sigma(i)	Size
/
0	0
1	5
2	3
3	2
4	7
5	3
6	7
7	3
8	6
9	6
10	6
/

epsilon(i)	Priority
/
0	0
1	7
2	3
3	2
4	5
5	6
6	3
7	2
8	4
9	6
10	7
/

psi	Vehicle Capacity
/ 7 /
;

Table kappa(i,j)                 Setup
         0        1        2        3        4        5        6        7        8        9        10       
0        0        46       46       57       88       87       76       54       85       63       104      
1        46       0        22       10       81       86       78       36       41       50       91       
2        46       22       0        27       102      106      97       57       59       71       113      
3        57       10       27       0        82       89       82       39       32       51       90       
4        88       81       102      82       0        12       16       44       76       31       18       
5        87       86       106      89       12       0        10       50       86       37       27       
6        76       78       97       82       16       10       0        42       82       31       34       
7        54       36       57       39       44       50       42       0        45       13       56       
8        85       41       59       32       76       86       82       45       0        52       77       
9        63       50       71       51       31       37       31       13       52       0        43       
10       104      91       113      90       18       27       34       56       77       43       0        
;



Table delta(i,j)                 Distance
         0        1        2        3        4        5        6        7        8        9        10       
0        0        35       10       44       79       68       40       65       16       96       84       
1        35       0        25       15       48       87       33       74       26       76       70       
2        10       25       0        34       69       70       32       63       9        87       76       
3        44       15       34       0        35       84       25       67       31       61       55       
4        79       48       69       35       0        107      50       84       65       45       49       
5        68       87       70       84       107      0        59       25       63       91       74       
6        40       33       32       25       50       59       0        42       24       56       44       
7        65       74       63       67       84       25       42       0        55       65       49       
8        16       26       9        31       65       63       24       55       0        80       68       
9        96       76       87       61       45       91       56       65       80       0        16       
10       84       70       76       55       49       74       44       49       68       16       0        
;

