
sets
i        orders          /0*10/
k        routes          /1*10/
p        positions       /0*10/
;

alias(i,j)
alias(i,h)
alias(i,hh)
alias(i,jj)
alias(k,kk)
                
                    Parameters

rho(i)	Processing time
/
0	0
1	42
2	4
3	49
4	91
5	65
6	40
7	90
8	27
9	31
10	48
/

gamma(i)	Duedate
/
0	0
1	75
2	11
3	80
4	10
5	26
6	31
7	38
8	79
9	15
10	42
/

sigma(i)	Size
/
0	0
1	3
2	6
3	2
4	2
5	8
6	8
7	6
8	1
9	1
10	6
/

epsilon(i)	Priority
/
0	0
1	9
2	8
3	7
4	8
5	9
6	1
7	8
8	8
9	6
10	3
/

psi	Vehicle Capacity
/ 23 /
;

Table kappa(i,j)                 Setup
         0        1        2        3        4        5        6        7        8        9        10       
0        0        21       69       104      68       28       70       125      45       44       90       
1        21       0        48       85       59       9        49       110      26       30       70       
2        69       48       0        60       75       44       3        93       26       48       23       
3        104      85       60       0        60       76       56       35       80       61       68       
4        68       59       75       60       0        51       73       65       74       31       96       
5        28       9        44       76       51       0        44       100      28       20       68       
6        70       49       3        56       73       44       0        90       29       47       24       
7        125      110      93       35       65       100      90       0        110      81       103      
8        45       26       26       80       74       28       29       110      0        43       46       
9        44       30       48       61       31       20       47       81       43       0        72       
10       90       70       23       68       96       68       24       103      46       72       0        
;



Table delta(i,j)                 Distance
         0        1        2        3        4        5        6        7        8        9        10       
0        0        26       26       46       57       89       43       28       86       69       21       
1        26       0        17       20       31       91       21       9        82       46       47       
2        26       17       0        35       41       73       18       26       66       45       43       
3        46       20       35       0        14       105      28       18       93       41       67       
4        57       31       41       14       0        104      27       31       90       31       78       
5        89       91       73       105      104      0        77       100      20       83       91       
6        43       21       18       28       27       77       0        29       65       26       62       
7        28       9        26       18       31       100      29       0        91       52       49       
8        86       82       66       93       90       20       65       91       0        66       93       
9        69       46       45       41       31       83       26       52       66       0        89       
10       21       47       43       67       78       91       62       49       93       89       0        
;

