

sets
i        orders          /0*20/
k        routes          /1*20/
p        positions       /0*20/
;

alias(i,j)
alias(i,h)
alias(i,hh)
alias(i,jj)
alias(k,kk)
                            Parameters

rho(i)	Processing time
/
0	0
1	11
2	88
3	47
4	87
5	42
6	94
7	73
8	21
9	36
10	99
11	29
12	37
13	80
14	20
15	36
16	93
17	20
18	42
19	63
20	32
/

gamma(i)	Duedate
/
0	0
1	35
2	86
3	44
4	46
5	62
6	49
7	90
8	84
9	93
10	97
11	5
12	51
13	21
14	39
15	49
16	34
17	1
18	13
19	47
20	84
/

sigma(i)	Size
/
0	0
1	3
2	7
3	3
4	2
5	1
6	2
7	5
8	3
9	8
10	5
11	1
12	1
13	6
14	2
15	2
16	5
17	1
18	9
19	1
20	3
/

epsilon(i)	Priority
/
0	0
1	5
2	1
3	1
4	3
5	4
6	2
7	2
8	9
9	8
10	5
11	7
12	4
13	2
14	3
15	5
16	7
17	9
18	6
19	4
20	2
/

psi	Vehicle Capacity
/ 61 /
;

Table kappa(i,j)                 Setup
         0        1        2        3        4        5        6        7        8        9        10       11       12       13       14       15       16       17       18       19       20       
0        0        410      810      540      462      825      167      610      618      322      902      937      597      940      441      613      891      748      729      739      871      
1        410      0        418      458      184      499      574      413      225      96       517      604      338      530      296      417      489      446      327      338      479      
2        810      418      0        560      368      555      977      675      193      491      413      605      575      237      471      678      97       255      277      281      61       
3        540      458      560      0        287      931      674      870      455      412      886      1025     796      785      162      874      657      346      686      697      604      
4        462      184      368      287      0        644      627      596      200      182      613      740      516      553      135      600      461      295      411      422      426      
5        825      499      555      931      644      0        957      283      503      585      202      112      238      421      777      283      534      766      283      276      581      
6        167      574      977      674      627      957      0        716      785      488      1052     1069     722      1103     595      719      1058     910      887      896      1038     
7        610      413      675      870      596      283      716      0        542      464      457      382      99       630      707      3        693      815      416      417      721      
8        618      225      193      455      200      503      785      542      0        297      430      584      446      353      327      545      273      275      234      244      254      
9        322      96       491      412      182      585      488      464      297      0        613      693      402      622      252      468      569      474      423      434      552      
10       902      517      413      886      613      202      1052     457      430      613      0        202      381      230      747      457      366      655      202      191      423      
11       937      604      605      1025     740      112      1069     382      584      693      202      0        347      432      874      381      567      834      352      343      622      
12       597      338      575      796      516      238      722      99       446      402      381      347      0        538      634      102      595      720      318      320      622      
13       940      530      237      785      553      421      1103     630      353      622      230      432      538      0        676      632      157      493      232      226      222      
14       441      296      471      162      135      777      595      707      327      252      747      874      634      676      0        711      568      323      545      556      524      
15       613      417      678      874      600      283      719      3        545      468      457      381      102      632      711      0        696      818      418      419      724      
16       891      489      97       657      461      534      1058     693      273      569      366      567      595      157      568      696      0        343      278      279      64       
17       748      446      255      346      295      766      910      815      275      474      655      834      720      493      323      818      343      0        484      491      281      
18       729      327      277      686      411      283      887      416      234      423      202      352      318      232      545      418      278      484      0        11       313      
19       739      338      281      697      422      276      896      417      244      434      191      343      320      226      556      419      279      491      11       0        315      
20       871      479      61       604      426      581      1038     721      254      552      423      622      622      222      524      724      64       281      313      315      0        
;



Table delta(i,j)                 Distance
         0        1        2        3        4        5        6        7        8        9        10       11       12       13       14       15       16       17       18       19       20       
0        0        250      880      430      1050     290      790      620      250      260      240      650      680      80       760      290      360      310      560      690      460      
1        250      0        88       43       122      39       96       87       6        3        9        66       93       19       78       21       60       44       55       74       56       
2        880      88       0        46       81       61       62       115      94       85       79       23       118      93       13       67       111      60       33       24       48       
3        430      43       46       0        88       19       62       84       49       40       34       23       89       47       35       22       71       22       13       30       21       
4        1050     122      81       88       0        82       26       80       125      121      114      78       79       113      73       105      100      77       84       65       67       
5        290      39       61       19       82       0        56       65       43       38       31       37       71       35       48       23       52       5        30       40       18       
6        790      96       62       62       26       56       0        67       99       94       88       55       68       88       52       79       80       51       59       43       41       
7        620      87       115      84       80       65       67       0        86       88       85       96       6        68       101      84       32       62       92       90       69       
8        250      6        94       49       125      43       99       86       0        9        15       71       92       18       84       27       58       48       61       79       61       
9        260      3        85       40       121      38       94       88       9        0        6        63       94       21       75       18       61       43       52       71       55       
10       240      9        79       34       114      31       88       85       15       6        0        56       91       22       69       12       60       37       46       64       48       
11       650      66       23       23       78       37       55       96       71       63       56       0        100      70       12       44       89       38       10       13       26       
12       680      93       118      89       79       71       68       6        92       94       91       100      0        74       105      90       38       67       97       94       73       
13       80       19       93       47       113      35       88       68       18       21       22       70       74       0        82       30       40       38       60       75       53       
14       760      78       13       35       73       48       52       101      84       75       69       12       105      82       0        57       98       47       22       11       34       
15       290      21       67       22       105      23       79       84       27       18       12       44       90       30       57       0        63       29       34       52       38       
16       360      60       111      71       100      52       80       32       58       61       60       89       38       40       98       63       0        51       82       88       63       
17       310      44       60       22       77       5        51       62       48       43       37       38       67       38       47       29       51       0        31       38       15       
18       560      55       33       13       84       30       59       92       61       52       46       10       97       60       22       34       82       31       0        21       24       
19       690      74       24       30       65       40       43       90       79       71       64       13       94       75       11       52       88       38       21       0        24       
20       460      56       48       21       67       18       41       69       61       55       48       26       73       53       34       38       63       15       24       24       0        
;

