
sets
i        orders          /0*10/
k        routes          /1*10/
p        positions       /0*10/
;

alias(i,j)
alias(i,h)
alias(i,hh)
alias(i,jj)
alias(k,kk)
                
                    Parameters

rho(i)	Processing time
/
0	0
1	20
2	42
3	89
4	50
5	1
6	62
7	28
8	96
9	94
10	82
/

gamma(i)	Duedate
/
0	0
1	14
2	11
3	73
4	91
5	65
6	52
7	86
8	82
9	17
10	85
/

sigma(i)	Size
/
0	0
1	5
2	8
3	1
4	6
5	9
6	5
7	8
8	1
9	6
10	9
/

epsilon(i)	Priority
/
0	0
1	5
2	9
3	2
4	9
5	7
6	6
7	2
8	9
9	8
10	2
/

psi	Vehicle Capacity
/ 22 /
;

Table kappa(i,j)                 Setup
         0        1        2        3        4        5        6        7        8        9        10       
0        0        181      55       76       122      171      120      110      111      80       160      
1        181      0        222      223      198      176      109      228      75       184      28       
2        55       222      0        30       100      164      138      70       159      65       198      
3        76       223      30       0        74       141      128      40       168      47       197      
4        122      198      100      74       0        68       88       45       166      42       170      
5        171      176      164      141      68       0        78       113      172      99       149      
6        120      109      138      128      88       78       0        123      94       83       81       
7        110      228      70       40       45       113      123      0        184      45       200      
8        111      75       159      168      166      172      94       184      0        139      64       
9        80       184      65       47       42       99       83       45       139      0        157      
10       160      28       198      197      170      149      81       200      64       157      0        
;



Table delta(i,j)                 Distance
         0        1        2        3        4        5        6        7        8        9        10       
0        0        3480     1080     2840     3080     1340     3080     500      1100     2040     1560     
1        3480     0        201      184      162      152      23       168      179      189      109      
2        1080     201      0        107      129      120      178      38       23       61       91       
3        2840     184      107      0        33       192      163      116      90       45       102      
4        3080     162      129      33       0        196      142      130      109      72       98       
5        1340     152      120      192      196      0        138      86       117      160      99       
6        3080     23       178      163      142      138      0        146      156      166      86       
7        500      168      38       116      130      86       146      0        30       77       63       
8        1100     179      23       90       109      117      156      30       0        48       70       
9        2040     189      61       45       72       160      166      77       48       0        87       
10       1560     109      91       102      98       99       86       63       70       87       0        
;

