
sets
i        orders          /0*10/
k        routes          /1*10/
p        positions       /0*10/
;

alias(i,j)
alias(i,h)
alias(i,hh)
alias(i,jj)
alias(k,kk)
                
                    Parameters

rho(i)	Processing time
/
0	0
1	27
2	37
3	33
4	90
5	17
6	92
7	61
8	18
9	81
10	64
/

gamma(i)	Duedate
/
0	0
1	70
2	93
3	85
4	83
5	18
6	8
7	87
8	37
9	74
10	26
/

sigma(i)	Size
/
0	0
1	2
2	4
3	7
4	4
5	8
6	9
7	1
8	5
9	4
10	7
/

epsilon(i)	Priority
/
0	0
1	7
2	3
3	6
4	6
5	6
6	3
7	1
8	1
9	6
10	6
/

psi	Vehicle Capacity
/ 30 /
;

Table kappa(i,j)                 Setup
         0        1        2        3        4        5        6        7        8        9        10       
0        0        150      45       134      97       172      190      108      139      176      211      
1        150      0        104      143      52       33       67       107      17       46       77       
2        45       104      0        119      52       126      147      84       94       132      167      
3        134      143      119      0        120      177      127      40       127      130      150      
4        97       52       52       120      0        77       102      80       43       84       119      
5        172      33       126      177      77       0        87       140      50       68       90       
6        190      67       147      127      102      87       0        106      62       21       23       
7        108      107      84       40       80       140      106      0        90       103      129      
8        139      17       94       127      43       50       62       90       0        42       77       
9        176      46       132      130      84       68       21       103      42       0        35       
10       211      77       167      150      119      90       23       129      77       35       0        
;



Table delta(i,j)                 Distance
         0        1        2        3        4        5        6        7        8        9        10       
0        0        1080     1440     1300     2600     760      1940     2800     2500     1400     1260     
1        1080     0        60       17       77       33       72       105      150      76       46       
2        1440     60       0        75       91       83       132      163      195      25       104      
3        1300     17       75       0        74       35       57       88       146      93       36       
4        2600     77       91       74       0        108      113      118      219      117      108      
5        760      33       83       35       108      0        60       101      117      92       26       
6        1940     72       132      57       113      60       0        44       115      147      34       
7        2800     105      163      88       118      101      44       0        146      182      77       
8        2500     150      195      146      219      117      115      146      0        196      110      
9        1400     76       25       93       117      92       147      182      196      0        116      
10       1260     46       104      36       108      26       34       77       110      116      0        
;

