
sets
i        orders          /0*10/
k        routes          /1*10/
p        positions       /0*10/
;

alias(i,j)
alias(i,h)
alias(i,hh)
alias(i,jj)
alias(k,kk)
                
                    Parameters

rho(i)	Processing time
/
0	0
1	23
2	15
3	14
4	84
5	99
6	94
7	20
8	36
9	2
10	90
/

gamma(i)	Duedate
/
0	0
1	28
2	20
3	96
4	57
5	98
6	39
7	22
8	70
9	35
10	29
/

sigma(i)	Size
/
0	0
1	9
2	8
3	4
4	7
5	7
6	6
7	5
8	5
9	8
10	4
/

epsilon(i)	Priority
/
0	0
1	6
2	6
3	8
4	5
5	5
6	4
7	4
8	8
9	3
10	6
/

psi	Vehicle Capacity
/ 33 /
;

Table kappa(i,j)                 Setup
         0        1        2        3        4        5        6        7        8        9        10       
0        0        54       180      164      141      142      200      148      105      142      98       
1        54       0        136      123      93       92       147      106      51       89       94       
2        180      136      0        21       43       137      76       33       112      112      218      
3        164      123      21       0        37       138      92       17       107      114      210      
4        141      93       43       37       0        101      75       24       69       78       175      
5        142      92       137      138      101      0        96       125      46       24       109      
6        200      147      76       92       75       96       0        91       100      75       201      
7        148      106      33       17       24       125      91       0        91       102      193      
8        105      51       112      107      69       46       100      91       0        37       107      
9        142      89       112      114      78       24       75       102      37       0        126      
10       98       94       218      210      175      109      201      193      107      126      0        
;



Table delta(i,j)                 Distance
         0        1        2        3        4        5        6        7        8        9        10       
0        0        2040     2020     3280     2180     2140     4740     1720     3900     3180     3800     
1        2040     0        66       62       94       80       135      123      98       115      165      
2        2020     66       0        101      28       138      165      69       111      60       103      
3        3280     62       101      0        126      122      72       169      45       121      172      
4        2180     94       28       126      0        163      187      52       131      51       82       
5        2140     80       138      122      163      0        183      172      167      194      241      
6        4740     135      165      72       187      183      0        235      58       165      211      
7        1720     123      69       169      52       172      235      0        180      99       113      
8        3900     98       111      45       131      167      58       180      0        107      154      
9        3180     115      60       121      51       194      165      99       107      0        52       
10       3800     165      103      172      82       241      211      113      154      52       0        
;

