
sets
i        orders          /0*10/
k        routes          /1*10/
p        positions       /0*10/
;

alias(i,j)
alias(i,h)
alias(i,hh)
alias(i,jj)
alias(k,kk)
                
                    Parameters

rho(i)	Processing time
/
0	0
1	44
2	65
3	61
4	24
5	52
6	90
7	80
8	27
9	94
10	57
/

gamma(i)	Duedate
/
0	0
1	59
2	19
3	41
4	34
5	91
6	84
7	69
8	38
9	6
10	37
/

sigma(i)	Size
/
0	0
1	5
2	1
3	3
4	4
5	1
6	8
7	8
8	1
9	2
10	7
/

epsilon(i)	Priority
/
0	0
1	6
2	5
3	1
4	9
5	9
6	5
7	4
8	7
9	3
10	1
/

psi	Vehicle Capacity
/ 35 /
;

Table kappa(i,j)                 Setup
         0        1        2        3        4        5        6        7        8        9        10       
0        0        129      127      104      54       14       196      241      112      193      138      
1        129      0        81       115      119      130      135      163      75       74       89       
2        127      81       0        48       85       119      71       114      142      148      12       
3        104      115      48       0        51       92       99       146      158      188      53       
4        54       119      85       51       0        41       149      195      136      193      95       
5        14       130      119      92       41       0        187      233      121      198      130      
6        196      135      71       99       149      187      0        47       207      184      59       
7        241      163      114      146      195      233      47       0        238      196      102      
8        112      75       142      158      136      121      207      238      0        100      153      
9        193      74       148      188      193      198      184      196      100      0        153      
10       138      89       12       53       95       130      59       102      153      153      0        
;



Table delta(i,j)                 Distance
         0        1        2        3        4        5        6        7        8        9        10       
0        0        2700     1760     4260     2500     700      3160     780      440      1920     1080     
1        2700     0        160      92       75       111      78       110      156      45       82       
2        1760     160      0        204      188      113      215      66       97       116      97       
3        4260     92       204      0        163      196      154      178      235      118      160      
4        2500     75       188      163      0        91       34       123      140      87       91       
5        700      111      113      196      91       0        124      50       50       79       39       
6        3160     78       215      154      34       124      0        152      174      105      119      
7        780      110      66       178      123      50       152      0        60       66       32       
8        440      156      97       235      140      50       174      60       0        117      75       
9        1920     45       116      118      87       79       105      66       117      0        42       
10       1080     82       97       160      91       39       119      32       75       42       0        
;

