

sets
i        orders          /0*40/
k        routes          /1*40/
p        positions       /0*40/
;

alias(i,j)
alias(i,h)
alias(i,hh)
alias(i,jj)
alias(k,kk)
                            Parameters

rho(i)	Processing time
/
0	0
1	86
2	61
3	22
4	1
5	49
6	4
7	69
8	43
9	68
10	24
11	45
12	3
13	42
14	49
15	67
16	83
17	42
18	29
19	46
20	27
21	37
22	27
23	61
24	84
25	76
26	66
27	26
28	58
29	93
30	40
31	84
32	58
33	74
34	69
35	33
36	34
37	31
38	2
39	77
40	22
/

gamma(i)	Duedate
/
0	0
1	41
2	45
3	30
4	52
5	43
6	10
7	65
8	89
9	78
10	28
11	97
12	73
13	35
14	29
15	49
16	12
17	95
18	24
19	54
20	26
21	55
22	17
23	71
24	43
25	84
26	93
27	76
28	37
29	8
30	11
31	15
32	16
33	64
34	16
35	79
36	36
37	7
38	75
39	61
40	70
/

sigma(i)	Size
/
0	0
1	4
2	7
3	5
4	4
5	9
6	9
7	5
8	5
9	1
10	5
11	5
12	2
13	8
14	3
15	8
16	6
17	5
18	1
19	8
20	8
21	6
22	6
23	4
24	2
25	4
26	5
27	4
28	8
29	6
30	4
31	1
32	9
33	4
34	4
35	3
36	5
37	6
38	4
39	3
40	9
/

epsilon(i)	Priority
/
0	0
1	2
2	5
3	9
4	8
5	8
6	2
7	4
8	1
9	6
10	2
11	2
12	9
13	7
14	6
15	1
16	8
17	1
18	7
19	7
20	3
21	2
22	6
23	1
24	8
25	4
26	5
27	2
28	7
29	9
30	4
31	6
32	8
33	4
34	8
35	1
36	4
37	5
38	1
39	7
40	4
/

psi	Vehicle Capacity
/ 110 /
;

Table kappa(i,j)                 Setup
         0        1        2        3        4        5        6        7        8        9        10       11       12       13       14       15       16       17       18       19       20       21       22       23       24       25       26       27       28       29       30       31       32       33       34       35       36       37       38       39       40       
0        0        655      1588     752      1376     1115     1928     522      1392     527      1862     1024     1457     1796     1226     868      77       1748     409      1523     1970     1559     987      2182     1459     271      1743     92       656      1215     807      1289     1782     1584     1358     779      1637     1477     1298     713      422      
1        655      0        1008     889      1306     1212     1326     323      739      533      1583     634      1059     1591     1399     812      725      1581     744      872      1459     910      333      1674     1099     413      1199     714      112      564      288      1453     1543     1016     848      833      1028     970      672      350      541      
2        1588     1008     0        1868     2130     2145     1262     1073     498      1528     2156     1364     1597     2250     2348     1732     1665     2281     1752     455      1648     744      790      1816     1679     1317     1387     1667     955      724      1113     2395     2171     1215     1280     1794     1067     1346     880      886      1549     
3        752      889      1868     0        639      368      1671     1035     1486     359      1204     678      964      1096     520      245      736      1031     350      1614     1543     1512     1087     1731     923      837      1394     694      979      1238     765      579      1104     1301     1032     105      1433     1119     1208     1181     397      
4        1376     1306     2130     639      0        368      1507     1548     1663     888      636      767      702      480      493      527      1369     400      987      1768     1219     1569     1359     1357     616      1406     1184     1327     1416     1413     1065     485      516      1185     953      596      1364     972      1298     1649     973      
5        1115     1212     2145     368      368      0        1735     1392     1720     707      1001     830      948      848      211      413      1092     762      707      1840     1512     1689     1354     1672     878      1204     1426     1051     1312     1465     1033     250      883      1382     1122     385      1543     1176     1393     1527     761      
6        1928     1326     1262     1671     1507     1735     0        1628     843      1515     1180     1001     804      1354     1936     1431     1983     1431     1803     819      451      545      1025     568      890      1729     324      1958     1390     814      1121     1953     1255     370      638      1565     298      560      658      1549     1608     
7        522      323      1073     1035     1548     1392     1628     0        946      685      1885     941      1376     1877     1555     1027     599      1857     786      1068     1781     1170     605      1996     1411     257      1519     607      238      831      606      1614     1836     1333     1172     1008     1330     1294     969      191      640      
8        1392     739      498      1486     1663     1720     843      946      0        1182     1657     905      1100     1754     1930     1314     1463     1789     1446     133      1179     298      422      1363     1183     1135     909      1453     742      255      724      1971     1674     727      783      1399     600      848      383      807      1231     
9        527      533      1528     359      888      707      1515     685      1182     0        1335     535      944      1278     877      361      547      1237     289      1314     1485     1257     766      1692     938      518      1283     510      620      948      463      935      1259     1150     897      322      1244     1007     959      823      108      
10       1862     1583     2156     1204     636      1001     1180     1885     1657     1335     0        949      566      208      1121     1007     1874     312      1521     1723     771      1460     1496     833      497      1815     877      1834     1694     1448     1297     1102     125      982      877      1128     1166     812      1277     1930     1440     
11       1024     634      1364     678      767      830      1001     941      905      535      949      0        445      967      1041     452      1061     968      815      1017     952      860      598      1161     470      907      750      1029     744      651      349      1077     912      631      367      574      755      472      563      981      639      
12       1457     1059     1597     964      702      948      804      1376     1100     944      566      445      0        656      1141     720      1488     700      1197     1176     580      931      935      768      92       1352     484      1453     1166     883      771      1153     573      492      317      862      678      285      717      1396     1052     
13       1796     1591     2250     1096     480      848      1354     1877     1754     1278     208      967      656      0        944      928      1800     105      1431     1832     964      1582     1547     1039     571      1780     1039     1759     1703     1530     1313     919      98       1119     972      1033     1307     930      1371     1942     1377     
14       1226     1399     2348     520      493      211      1936     1555     1930     877      1121     1041     1141     944      0        617      1192     847      819      2050     1693     1900     1558     1843     1066     1350     1623     1152     1494     1675     1235     63       997      1588     1329     565      1751     1379     1604     1701     915      
15       868      812      1732     245      527      413      1431     1027     1314     361      1007     452      720      928      617      0        872      881      515      1437     1298     1306     941      1488     683      879      1149     831      917      1060     620      663      919      1063     794      142      1202     876      1004     1142     452      
16       77       725      1665     736      1369     1092     1983     599      1463     547      1874     1061     1488     1800     1192     872      0        1748     386      1595     2011     1625     1056     2222     1485     348      1789     41       730      1282     862      1255     1790     1634     1403     773      1693     1521     1360     791      439      
17       1748     1581     2281     1031     400      762      1431     1857     1789     1237     312      968      700      105      847      881      1748     0        1373     1872     1054     1631     1559     1137     611      1746     1112     1707     1693     1557     1310     819      193      1178     1013     976      1367     982      1406     1931     1332     
18       409      744      1752     350      987      707      1803     786      1446     289      1521     815      1197     1431     819      515      386      1373     0        1579     1755     1540     1024     1958     1177     550      1565     345      804      1221     742      882      1430     1437     1180     398      1534     1287     1245     959      215      
19       1523     872      455      1614     1768     1840     819      1068     133      1314     1723     1017     1176     1832     2050     1437     1595     1872     1579     0        1193     289      556      1364     1263     1264     932      1586     871      377      854      2089     1748     764      860      1526     612      910      471      921      1364     
20       1970     1459     1648     1543     1219     1512     451      1781     1179     1485     771      952      580      964      1693     1298     2011     1054     1755     1193     0        903      1222     215      636      1820     278      1979     1547     1064     1197     1697     865      472      618      1440     582      496      876      1747     1591     
21       1559     910      744      1512     1569     1689     545      1170     298      1257     1460     860      931      1582     1900     1306     1625     1631     1540     289      903      0        577      1077     1021     1322     644      1609     944      346      798      1934     1494     484      625      1414     323      652      304      1058     1326     
22       987      333      790      1087     1359     1354     1025     605      422      766      1496     598      935      1547     1558     941      1056     1559     1024     556      1222     577      0        1432     998      745      948      1043     371      231      323      1604     1482     755      657      1007     728      766      368      530      809      
23       2182     1674     1816     1731     1357     1672     568      1996     1363     1692     833      1161     768      1039     1843     1488     2222     1137     1958     1364     215      1077     1432     0        811      2035     484      2190     1761     1265     1412     1841     944      678      833      1631     764      711      1080     1959     1798     
24       1459     1099     1679     923      616      878      890      1411     1183     938      497      470      92       571      1066     683      1485     611      1177     1263     636      1021     998      811      0        1370     568      1448     1208     961      811      1075     492      584      402      825      771      377      800      1442     1046     
25       271      413      1317     837      1406     1204     1729     257      1135     518      1815     907      1352     1780     1350     879      348      1746     550      1264     1820     1322     745      2035     1370     0        1574     352      393      976      625      1411     1751     1402     1201     830      1432     1324     1080     447      443      
26       1743     1199     1387     1394     1184     1426     324      1519     909      1283     877      750      484      1039     1623     1149     1789     1112     1565     932      278      644      948      484      568      1574     0        1760     1283     786      949      1637     942      195      387      1289     321      278      598      1476     1384     
27       92       714      1667     694      1327     1051     1958     607      1453     510      1834     1029     1453     1759     1152     831      41       1707     345      1586     1979     1609     1043     2190     1448     352      1760     0        726      1267     839      1216     1750     1607     1373     732      1670     1490     1340     799      402      
28       656      112      955      979      1416     1312     1390     238      742      620      1694     744      1166     1703     1494     917      730      1693     804      871      1547     944      371      1761     1208     393      1283     726      0        600      397      1549     1655     1096     943      930      1092     1064     732      238      613      
29       1215     564      724      1238     1413     1465     814      831      255      948      1448     651      883      1530     1675     1060     1282     1557     1221     377      1064     346      231      1265     961      976      786      1267     600      0        484      1716     1454     591      573      1149     525      659      189      735      1006     
30       807      288      1113     765      1065     1033     1121     606      724      463      1297     349      771      1313     1235     620      862      1310     742      854      1197     798      323      1412     811      625      949      839      397      484      0        1283     1261     780      579      684      831      702      508      632      528      
31       1289     1453     2395     579      485      250      1953     1614     1971     935      1102     1077     1153     919      63       663      1255     819      882      2089     1697     1934     1604     1841     1075     1411     1637     1216     1549     1716     1283     0        977      1609     1354     619      1776     1399     1640     1758     975      
32       1782     1543     2171     1104     516      883      1255     1836     1674     1259     125      912      573      98       997      919      1790     193      1430     1748     865      1494     1482     944      492      1751     942      1750     1655     1454     1261     977      0        1027     890      1033     1214     842      1290     1893     1361     
33       1584     1016     1215     1301     1185     1382     370      1333     727      1150     982      631      492      1119     1588     1063     1634     1178     1437     764      472      484      755      678      584      1402     195      1607     1096     591      780      1609     1027     0        269      1196     188      212      403      1284     1246     
34       1358     848      1280     1032     953      1122     638      1172     783      897      877      367      317      972      1329     794      1403     1013     1180     860      618      625      657      833      402      1201     387      1373     943      573      579      1354     890      269      0        927      421      122      400      1158     997      
35       779      833      1794     105      596      385      1565     1008     1399     322      1128     574      862      1033     565      142      773      976      398      1526     1440     1414     1007     1631     825      830      1289     732      930      1149     684      619      1033     1196     927      0        1329     1014     1110     1142     387      
36       1637     1028     1067     1433     1364     1543     298      1330     600      1244     1166     755      678      1307     1751     1202     1693     1367     1534     612      582      323      728      764      771      1432     321      1670     1092     525      831      1776     1214     188      421      1329     0        394      361      1255     1332     
37       1477     970      1346     1119     972      1176     560      1294     848      1007     812      472      285      930      1379     876      1521     982      1287     910      496      652      766      711      377      1324     278      1490     1064     659      702      1399     842      212      122      1014     394      0        475      1275     1109     
38       1298     672      880      1208     1298     1393     658      969      383      959      1277     563      717      1371     1604     1004     1360     1406     1245     471      876      304      368      1080     800      1080     598      1340     732      189      508      1640     1290     403      400      1110     361      475      0        897      1033     
39       713      350      886      1181     1649     1527     1549     191      807      823      1930     981      1396     1942     1701     1142     791      1931     959      921      1747     1058     530      1959     1442     447      1476     799      238      735      632      1758     1893     1284     1158     1142     1255     1275     897      0        795      
40       422      541      1549     397      973      761      1608     640      1231     108      1440     639      1052     1377     915      452      439      1332     215      1364     1591     1326     809      1798     1046     443      1384     402      613      1006     528      975      1361     1246     997      387      1332     1109     1033     795      0        
;



Table delta(i,j)                 Distance
         0        1        2        3        4        5        6        7        8        9        10       11       12       13       14       15       16       17       18       19       20       21       22       23       24       25       26       27       28       29       30       31       32       33       34       35       36       37       38       39       40       
0        0        2280     2160     5100     5460     9180     4350     1860     5760     8700     2820     7140     2970     1710     9000     4890     2310     2400     7170     3030     6690     6240     1140     2520     2250     8400     5400     2880     6570     5550     6600     2610     2610     10830    10170    9780     7440     8250     8820     4260     5160     
1        2280     0        66       172      139      298      89       99       212      291      168      304      73       103      285      189      11       126      312      56       266      148      115      119      77       283      149      49       292      185      229      162      156      379      283      331      318      212      254      140      152      
2        2160     66       0        224      204      357      81       127      255      345      160      308      132      125      346      228      76       150      304      39       294      213      100      151      11       336      212      39       282      238      279      129      114      425      348      384      315      275      320      193      213      
3        5100     172      224      0        102      135      259      111      54       121      182      229      100      119      132      57       161      107      268      229      136      154      183      93       233      111      73       221      258      14       57       230      243      207      233      159      262      205      161      31       47       
4        5460     139      204      102      0        181      205      146      156      184      238      323      82       156      159      155      128      161      354      190      238      51       211      144      215      181      30       183      340      105      148      265      269      289      158      226      351      108      115      87       55       
5        9180     298      357      135      181      0        379      246      134      32       309      305      226      254      31       164      287      239      358      355      192      219      317      227      365      44       157      347      355      121      96       362      377      128      213      57       344      233      134      164      146      
6        4350     89       81       259      205      379      0        186      301      374      237      383      159      187      362      279      99       212      383      44       354      193      178      207      87       367      223      49       362      271      316      210      194      466      322      416      392      243      313      227      233      
7        1860     99       127      111      146      246      186      0        130      229      92       207      70       9        242      101      93       27       223      145      169      184      73       23       133      218      135      138      205      125      158      123      134      299      304      264      226      250      249      86       121      
8        5760     212      255      54       156      134      301      130      0        109      176      187      144      135      143      31       201      114      232      266      84       208      194      107      262      96       127      259      226      53       38       233      251      169      278      137      223      256      200      78       101      
9        8700     291      345      121      184      32       374      229      109      0        285      274      217      236      58       140      279      219      327      347      161      227      298      209      354      13       157      340      325      107      72       341      357      109      237      42       313      249      156      151      141      
10       2820     168      160      182      238      309      237      92       176      285      0        150      162      82       312      145      166      79       145      193      169      276      60       95       158      273      224      189      125      196      213      63       86       329      395      312      155      343      336      167      207      
11       7140     304      308      229      323      305      383      207      187      274      150      0        270      201      323      172      299      181      58       339      113      372      209      193      308      261      298      334      67       235      221      203      228      264      462      281      40       430      387      235      273      
12       2970     73       132      100      82       226      159      70       144      217      162      270      0        79       213      126      61       91       291      130      209      115      129      77       142      210      82       122      274      112      157      182      186      307      240      258      292      181      195      68       81       
13       1710     103      125      119      156      254      187      9        135      236      82       201      79       0        251      105      97       25       215      146      169      194      64       27       130      225      145      139      198      133      165      113      125      304      314      270      219      260      259      95       131      
14       9000     285      346      132      159      31       362      242      143      58       312      323      213      251      0        170      273      239      373      341      210      193      315      225      355      67       138      333      368      118      105      362      376      159      182      88       361      203      103      157      132      
15       4890     189      228      57       155      164      279      101      31       140      145      172      126      105      170      0        179      84       213      242      85       206      163      78       234      127      128      235      204      63       68       201      219      198      290      168      205      260      216      69       102      
16       2310     11       76       161      128      287      99       93       201      279      166      299      61       97       273      179      0        120      309      68       257      139      116      112      87       271      137      60       290      173      218      164      160      368      274      319      315      204      243      129      141      
17       2400     126      150      107      161      239      212      27       114      219      79       181      91       25       239      84       120      0        199      171      144      203      79       16       155      208      145      164      183      121      147      123      138      282      317      251      201      268      257      88       127      
18       7170     312      304      268      354      358      383      223      232      327      145      58       291      215      373      213      309      199      0        339      167      400      205      214      302      314      332      335      22       276      268      184      208      322      501      336      21       462      429      269      309      
19       3030     56       39       229      190      355      44       145      266      347      193      339      130      146      341      242      68       171      339      0        315      190      134      168      48       339      203      7        318      241      285      167      153      434      324      388      348      248      303      197      209      
20       6690     266      294      136      238      192      354      169      84       161      169      113      209      169      210      85       257      144      167      315      0        290      210      147      298      148      210      308      167      137      111      232      255      165      361      169      153      341      282      154      184      
21       6240     148      213      154      51       219      193      184      208      227      276      372      115      194      193      206      139      203      400      190      290      0        242      187      224      226      81       184      385      156      199      295      295      334      135      269      399      66       121      137      107      
22       1140     115      100      183      211      317      178      73       194      298      60       209      129      64       315      163      116      79       205      134      210      242      0        90       99       287      205      130      183      197      226      53       61       359      369      331      215      309      320      159      193      
23       2520     119      151      93       144      227      207      23       107      209      95       193      77       27       225      78       112      16       214      168      147      187      90       0        156      197      129      161      198      107      137      137      150      276      300      242      215      251      241      72       111      
24       2250     77       11       233      215      365      87       133      262      354      158      308      142      130      355      234      87       155      302      48       298      224      99       156      0        344      222      49       280      246      287      123      107      432      359      392      313      286      330      202      222      
25       8400     283      336      111      181      44       367      218      96       13       273      261      210      225      67       127      271      208      314      339      148      226      287      197      344      0        153      332      311      98       60       328      346      108      244      48       300      252      162      143      136      
26       5400     149      212      73       30       157      223      135      127      157      224      298      82       145      138      128      137      145      332      203      210      81       205      129      222      153      0        196      320      75       118      258      265      260      171      199      328      132      114      63       26       
27       2880     49       39       221      183      347      49       138      259      340      189      334      122      139      333      235      60       164      335      7        308      184      130      161      49       332      196      0        314      234      278      165      152      427      318      380      344      242      296      189      201      
28       6570     292      282      258      340      355      362      205      226      325      125      67       274      198      368      204      290      183      22       318      167      385      183      198      280      311      320      314      0        267      263      162      186      327      490      337      40       448      420      256      297      
29       5550     185      238      14       105      121      271      125      53       107      196      235      112      133      118      63       173      121      276      241      137      156      197      107      246      98       75       234      267      0        47       244      258      196      227      146      269      203      152      45       50       
30       6600     229      279      57       148      96       316      158      38       72       213      221      157      165      105      68       218      147      268      285      111      199      226      137      287      60       118      278      263      47       0        268      285      150      251      105      258      239      171      89       95       
31       2610     162      129      230      265      362      210      123      233      341      63       203      182      113      362      201      164      123      184      167      232      295      53       137      123      328      258      165      162      244      268      0        25       391      423      370      199      361      372      208      245      
32       2610     156      114      243      269      377      194      134      251      357      86       228      186      125      376      219      160      138      208      153      255      295      61       150      107      346      265      152      186      258      285      25       0        412      426      388      223      362      380      220      254      
33       10830    379      425      207      289      128      466      299      169      109      329      264      307      304      159      198      368      282      322      434      165      334      359      276      432      108      260      427      327      196      150      391      412      0        341      71       303      358      262      239      241      
34       10170    283      348      233      158      213      322      304      278      237      395      462      240      314      182      290      274      317      501      324      361      135      369      300      359      244      171      318      490      227      251      423      426      341      0        270      495      79       81       234      193      
35       9780     331      384      159      226      57       416      264      137      42       312      281      258      270      88       168      319      251      336      388      169      269      331      242      392      48       199      380      337      146      105      370      388      71       270      0        321      288      191      191      183      
36       7440     318      315      262      351      344      392      226      223      313      155      40       292      219      361      205      315      201      21       348      153      399      215      215      313      300      328      344      40       269      258      199      223      303      495      321      0        460      422      265      304      
37       8250     212      275      205      108      233      243      250      256      249      343      430      181      260      203      260      204      268      462      248      341      66       309      251      286      252      132      242      448      203      239      361      362      358      79       288      460      0        106      195      158      
38       8820     254      320      161      115      134      313      249      200      156      336      387      195      259      103      216      243      257      429      303      282      121      320      241      330      162      114      296      420      152      171      372      380      262      81       191      422      106      0        169      129      
39       4260     140      193      31       87       164      227      86       78       151      167      235      68       95       157      69       129      88       269      197      154      137      159      72       202      143      63       189      256      45       89       208      220      239      234      191      265      195      169      0        41       
40       5160     152      213      47       55       146      233      121      101      141      207      273      81       131      132      102      141      127      309      209      184      107      193      111      222      136      26       201      297      50       95       245      254      241      193      183      304      158      129      41       0        
;

