

sets
i        orders          /0*10/
k        routes          /1*10/
p        positions       /0*10/
;

alias(i,j)
alias(i,h)
alias(i,hh)
alias(i,jj)
alias(k,kk)
                            Parameters

rho(i)	Processing time
/
0	0
1	34
2	80
3	43
4	99
5	12
6	40
7	67
8	59
9	16
10	7
/

gamma(i)	Duedate
/
0	0
1	58
2	50
3	39
4	70
5	5
6	61
7	37
8	46
9	93
10	33
/

sigma(i)	Size
/
0	0
1	9
2	7
3	1
4	8
5	3
6	5
7	3
8	6
9	1
10	5
/

epsilon(i)	Priority
/
0	0
1	8
2	5
3	1
4	3
5	6
6	7
7	9
8	1
9	3
10	6
/

psi	Vehicle Capacity
/ 33 /
;

Table kappa(i,j)                 Setup
         0        1        2        3        4        5        6        7        8        9        10       
0        0        68       77       32       23       116      74       87       90       69       87       
1        68       0        32       59       45       65       24       37       59       43       33       
2        77       32       0        54       56       39       57       10       26       17       11       
3        32       59       54       0        27       91       75       64       60       42       66       
4        23       45       56       27       0        96       53       65       73       52       65       
5        116      65       39       91       96       0        86       30       34       48       32       
6        74       24       57       75       53       86       0        60       84       68       57       
7        87       37       10       64       65       30       60       0        26       24       4        
8        90       59       26       60       73       34       84       26       0        21       31       
9        69       43       17       42       52       48       68       24       21       0        27       
10       87       33       11       66       65       32       57       4        31       27       0        
;



Table delta(i,j)                 Distance
         0        1        2        3        4        5        6        7        8        9        10       
0        0        146      148      294      38       243      24       290      222      232      188      
1        146      0        252      231      129      299      164      294      259      212      42       
2        148      252      0        273      186      115      159      201      120      188      290      
3        294      231      273      0        308      217      319      134      175      86       230      
4        38       129      186      308      0        278      39       318      253      253      169      
5        243      299      115      217      278      0        260      103      46       137      328      
6        24       164      159      319      39       260      0        312      242      256      205      
7        290      294      201      134      318      103      312      0        80       84       312      
8        222      259      120      175      253      46       242      80       0        92       285      
9        232      212      188      86       253      137      256      84       92       0        228      
10       188      42       290      230      169      328      205      312      285      228      0        
;

