

sets
i        orders          /0*40/
k        routes          /1*40/
p        positions       /0*40/
;

alias(i,j)
alias(i,h)
alias(i,hh)
alias(i,jj)
alias(k,kk)
                            Parameters

rho(i)	Processing time
/
0	0
1	51
2	62
3	60
4	23
5	15
6	7
7	63
8	26
9	16
10	12
11	1
12	29
13	44
14	52
15	66
16	72
17	1
18	63
19	68
20	88
21	92
22	52
23	81
24	29
25	71
26	70
27	46
28	33
29	2
30	42
31	2
32	45
33	64
34	73
35	11
36	5
37	84
38	5
39	1
40	71
/

gamma(i)	Duedate
/
0	0
1	9
2	90
3	12
4	67
5	66
6	8
7	36
8	89
9	71
10	80
11	58
12	24
13	23
14	82
15	26
16	90
17	70
18	84
19	71
20	80
21	28
22	94
23	24
24	85
25	25
26	71
27	75
28	53
29	77
30	63
31	17
32	95
33	92
34	48
35	18
36	26
37	52
38	63
39	38
40	84
/

sigma(i)	Size
/
0	0
1	9
2	6
3	6
4	2
5	6
6	2
7	1
8	6
9	9
10	7
11	1
12	2
13	9
14	9
15	7
16	9
17	2
18	1
19	1
20	4
21	8
22	1
23	6
24	8
25	1
26	7
27	6
28	9
29	9
30	5
31	2
32	7
33	1
34	9
35	9
36	6
37	5
38	6
39	5
40	9
/

epsilon(i)	Priority
/
0	0
1	5
2	3
3	7
4	9
5	9
6	7
7	2
8	6
9	4
10	3
11	4
12	6
13	4
14	9
15	1
16	8
17	6
18	5
19	1
20	2
21	2
22	4
23	9
24	5
25	6
26	6
27	8
28	6
29	7
30	7
31	9
32	6
33	5
34	3
35	1
36	3
37	1
38	7
39	1
40	3
/

psi	Vehicle Capacity
/ 177 /
;

Table kappa(i,j)                 Setup
         0        1        2        3        4        5        6        7        8        9        10       11       12       13       14       15       16       17       18       19       20       21       22       23       24       25       26       27       28       29       30       31       32       33       34       35       36       37       38       39       40       
0        0        2313     2686     3258     840      2700     2078     1961     1250     1145     1562     3172     2918     3446     3542     1777     2213     1275     3908     2423     2034     2860     1268     1092     3497     3221     2891     2715     874      3577     3181     1178     1357     1740     2201     3856     1946     2390     3570     1691     1991     
1        2313     0        1633     1169     1473     1294     622      1811     2426     2251     1757     972      1513     1134     1234     1799     1355     3272     1728     2527     1602     910      2516     2359     1184     1012     924      516      3068     1767     1843     1191     2261     1892     307      1542     1013     259      1504     1201     1923     
2        2686     1633     0        2638     2087     2926     1091     3228     1958     1872     3027     1474     3146     2040     2031     1034     2903     3937     1838     1231     689      2499     3513     2006     2134     1509     2505     2049     3560     3314     507      2126     1726     3217     1903     2362     2499     1392     2934     2564     927      
3        3258     1169     2638     0        2450     920      1775     1994     3574     3394     2171     1340     949      914      1034     2966     1410     3966     1795     3666     2748     410      3053     3495     857      1338     376      653      3882     694      2686     2081     3421     2198     1108     1071     1403     1317     336      1693     3079     
4        840      1473     2087     2450     0        1998     1289     1541     1385     1207     1190     2351     2234     2607     2703     1406     1589     1915     3097     2204     1535     2063     1436     1250     2657     2398     2093     1884     1631     2832     2544     396      1347     1402     1370     3016     1237     1558     2772     1045     1631     
5        2700     1294     2926     920      1998     0        1870     1109     3314     3130     1358     1973     246      1725     1856     2929     553      3193     2591     3723     2811     617      2235     3202     1696     1991     640      996      3184     901      3121     1601     3212     1338     1031     1968     763      1544     1088     1011     3096     
6        2078     622      1091     1775     1289     1870     0        2154     1912     1750     1991     1122     2102     1519     1581     1195     1813     3201     1834     1905     980      1532     2597     1871     1594     1171     1547     1125     2914     2389     1413     1170     1724     2168     838      1927     1409     470      2105     1492     1305     
7        1961     1811     3228     1994     1541     1109     2154     0        2915     2743     398      2736     1224     2660     2790     2854     585      2145     3453     3680     2874     1619     1164     2772     2657     2768     1650     1814     2222     1969     3563     1236     2889     257      1509     2975     798      2056     2195     663      3066     
8        1250     2426     1958     3574     1385     3314     1912     2915     0        184      2544     2990     3559     3431     3488     927      2960     2444     3610     1261     1282     3240     2492     158      3507     3038     3264     2933     1970     4075     2459     1753     232      2751     2475     3837     2579     2366     3910     2421     1051     
9        1145     2251     1872     3394     1207     3130     1750     2743     184      0        2376     2840     3374     3270     3330     840      2777     2377     3475     1298     1186     3057     2362     135      3344     2888     3082     2755     1915     3892     2378     1571     215      2584     2293     3677     2395     2199     3731     2240     995      
10       1562     1757     3027     2171     1190     1358     1991     398      2544     2376     0        2721     1519     2729     2854     2554     805      1834     3464     3373     2609     1771     883      2397     2739     2758     1804     1873     1860     2253     3401     939      2532     212      1478     3077     811      1979     2412     559      2772     
11       3172     972      1474     1340     2351     1973     1122     2736     2990     2840     2721     0        2124     569      558      2157     2218     4217     759      2662     1840     1384     3487     2967     665      49       1373     981      3979     2032     1390     2129     2783     2844     1242     899      1944     801      1572     2162     2183     
12       2918     1513     3146     949      2234     246      2102     1224     3559     3374     1519     2124     0        1820     1949     3173     725      3350     2699     3965     3051     740      2379     3445     1780     2137     754      1166     3368     745      3322     1838     3458     1469     1263     2020     996      1757     1040     1227     3338     
13       3446     1134     2040     914      2607     1725     1519     2660     3431     3270     2729     569      1820     0        131      2652     2094     4379     883      3209     2356     1107     3562     3390     95       542      1084     855      4197     1568     1951     2317     3238     2813     1305     413      1918     1087     1071     2180     2702     
14       3542     1234     2031     1034     2703     1856     1581     2790     3488     3330     2854     558      1949     131      0        2689     2225     4492     760      3219     2384     1238     3683     3452     179      522      1215     982      4302     1674     1910     2423     3290     2941     1421     351      2044     1166     1171     2303     2728     
15       1777     1799     1034     2966     1406     2929     1195     2854     927      840      2554     2157     3173     2652     2689     0        2713     3052     2720     826      356      2696     2811     973      2736     2203     2714     2313     2632     3556     1538     1621     695      2764     1946     3040     2293     1664     3298     2237     226      
16       2213     1355     2903     1410     1589     553      1813     585      2960     2777     805      2218     725      2094     2225     2713     0        2640     2911     3533     2660     1034     1682     2833     2085     2246     1065     1263     2644     1449     3181     1207     2888     793      1049     2396     422      1613     1623     545      2904     
17       1275     3272     3937     3966     1915     3193     3201     2145     2444     2377     1834     4217     3350     4379     4492     3052     2640     0        4975     3674     3301     3557     982      2297     4410     4263     3591     3557     491      4087     4421     2088     2592     1889     3074     4766     2564     3416     4230     2274     3266     
18       3908     1728     1838     1795     3097     2591     1834     3453     3610     3475     3464     759      2699     883      760      2720     2911     4975     0        3069     2374     1974     4244     3607     938      716      1954     1648     4727     2425     1538     2887     3390     3577     1987     861      2673     1559     1915     2905     2696     
19       2423     2527     1231     3666     2204     3723     1905     3680     1261     1298     3373     2662     3965     3209     3219     826      3533     3674     3069     0        924      3437     3565     1391     3301     2701     3452     3024     3214     4294     1606     2445     1083     3584     2715     3561     3112     2348     3988     3063     630      
20       2034     1602     689      2748     1535     2811     980      2874     1282     1186     2609     1840     3051     2356     2384     356      2660     3301     2374     924      0        2513     2969     1320     2444     1885     2527     2102     2903     3370     1197     1672     1051     2814     1794     2733     2238     1430     3073     2228     345      
21       2860     910      2499     410      2063     617      1532     1619     3240     3057     1771     1384     740      1107     1238     2696     1034     3557     1974     3437     2513     0        2649     3151     1081     1397     33       454      3472     860      2624     1686     3100     1809     767      1369     993      1115     710      1283     2830     
22       1268     2516     3513     3053     1436     2235     2597     1164     2492     2362     883      3487     2379     3562     3683     2811     1682     982      4244     3565     2969     2649     0        2334     3581     3528     2683     2714     1138     3121     3950     1426     2561     911      2271     3928     1669     2703     3296     1389     3037     
23       1092     2359     2006     3495     1250     3202     1871     2772     158      135      2397     2967     3445     3390     3452     973      2833     2297     3607     1391     1320     3151     2334     0        3464     3016     3177     2860     1827     3979     2512     1626     316      2604     2390     3799     2459     2315     3830     2292     1123     
24       3497     1184     2134     857      2657     1696     1594     2657     3507     3344     2739     665      1780     95       179      2736     2085     4410     938      3301     2444     1081     3581     3464     0        637      1056     867      4238     1496     2046     2358     3316     2817     1337     359      1927     1153     993      2195     2789     
25       3221     1012     1509     1338     2398     1991     1171     2768     3038     2888     2758     49       2137     542      522      2203     2246     4263     716      2701     1885     1397     3528     3016     637      0        1385     1002     4026     2028     1411     2174     2830     2879     1279     859      1978     847      1562     2199     2227     
26       2891     924      2505     376      2093     640      1547     1650     3264     3082     1804     1373     754      1084     1215     2714     1065     3591     1954     3452     2527     33       2683     3177     1056     1385     0        457      3505     843      2623     1717     3123     1842     790      1340     1026     1124     679      1317     2846     
27       2715     516      2049     653      1884     996      1125     1814     2933     2755     1873     981      1166     855      982      2313     1263     3557     1648     3024     2102     454      2714     2860     867      1002     457      0        3410     1276     2170     1546     2774     1959     514      1214     1062     679      987      1327     2430     
28       874      3068     3560     3882     1631     3184     2914     2222     1970     1915     1860     3979     3368     4197     4302     2632     2644     491      4727     3214     2903     3472     1138     1827     4238     4026     3505     3410     0        4085     4055     1880     2130     1966     2906     4597     2490     3181     4169     2204     2838     
29       3577     1767     3314     694      2832     901      2389     1969     4075     3892     2253     2032     745      1568     1674     3556     1449     4087     2425     4294     3370     860      3121     3979     1496     2028     843      1276     4085     0        3379     2438     3945     2213     1619     1617     1632     1956     514      1900     3689     
30       3181     1843     507      2686     2544     3121     1413     3563     2459     2378     3401     1390     3322     1951     1910     1538     3181     4421     1538     1606     1197     2624     3950     2512     2046     1411     2623     2170     4055     3379     0        2538     2226     3581     2140     2205     2798     1584     2949     2904     1416     
31       1178     1191     2126     2081     396      1601     1170     1236     1753     1571     939      2129     1838     2317     2423     1621     1207     2088     2887     2445     1672     1686     1426     1626     2358     2174     1717     1546     1880     2438     2538     0        1689     1146     1034     2718     842      1328     2396     669      1836     
32       1357     2261     1726     3421     1347     3212     1724     2889     232      215      2532     2783     3458     3238     3290     695      2888     2592     3390     1083     1051     3100     2561     316      3316     2830     3123     2774     2130     3945     2226     1689     0        2742     2332     3640     2493     2185     3757     2359     820      
33       1740     1892     3217     2198     1402     1338     2168     257      2751     2584     212      2844     1469     2813     2941     2764     793      1889     3577     3584     2814     1809     911      2604     2817     2879     1842     1959     1966     2213     3581     1146     2742     0        1602     3146     904      2125     2416     694      2982     
34       2201     307      1903     1108     1370     1031     838      1509     2475     2293     1478     1242     1263     1305     1421     1946     1049     3074     1987     2715     1794     767      2271     2390     1337     1279     790      514      2906     1619     2140     1034     2332     1602     0        1695     711      564      1441     919      2095     
35       3856     1542     2362     1071     3016     1968     1927     2975     3837     3677     3077     899      2020     413      351      3040     2396     4766     861      3561     2733     1369     3928     3799     359      859      1340     1214     4597     1617     2205     2718     3640     3146     1695     0        2266     1500     1103     2539     3078     
36       1946     1013     2499     1403     1237     763      1409     798      2579     2395     811      1944     996      1918     2044     2293     422      2564     2673     3112     2238     993      1669     2459     1927     1978     1026     1062     2490     1632     2798     842      2493     904      711      2266     0        1261     1678     290      2482     
37       2390     259      1392     1317     1558     1544     470      2056     2366     2199     1979     801      1757     1087     1166     1664     1613     3416     1559     2348     1430     1115     2703     2315     1153     847      1124     679      3181     1956     1584     1328     2185     2125     564      1500     1261     0        1643     1430     1764     
38       3570     1504     2934     336      2772     1088     2105     2195     3910     3731     2412     1572     1040     1071     1171     3298     1623     4230     1915     3988     3073     710      3296     3830     993      1562     679      987      4169     514      2949     2396     3757     2416     1441     1103     1678     1643     0        1967     3407     
39       1691     1201     2564     1693     1045     1011     1492     663      2421     2240     559      2162     1227     2180     2303     2237     545      2274     2905     3063     2228     1283     1389     2292     2195     2199     1317     1327     2204     1900     2904     669      2359     694      919      2539     290      1430     1967     0        2440     
40       1991     1923     927      3079     1631     3096     1305     3066     1051     995      2772     2183     3338     2702     2728     226      2904     3266     2696     630      345      2830     3037     1123     2789     2227     2846     2430     2838     3689     1416     1836     820      2982     2095     3078     2482     1764     3407     2440     0        
;



Table delta(i,j)                 Distance
         0        1        2        3        4        5        6        7        8        9        10       11       12       13       14       15       16       17       18       19       20       21       22       23       24       25       26       27       28       29       30       31       32       33       34       35       36       37       38       39       40       
0        0        1330     1420     880      1010     2800     1600     1140     1220     4460     1950     2390     2570     3940     2140     1410     2050     2090     3240     2000     4200     2990     1000     3320     3820     1870     1420     3370     2490     4280     2640     2690     1460     2540     2780     2730     390      3150     3340     2110     1900     
1        1330     0        99       46       153      150      126      36       221      314      167      191      211      261      191      223      159      128      240      100      352      237      56       230      277      127      116      204      126      296      251      154      119      122      160      231      139      224      202      133      59       
2        1420     99       0        104      214      176      218      123      261      369      69       288      309      317      284      275      256      227      338      198      450      336      135      323      368      225      19       241      136      353      343      244      208      164      155      328      171      321      232      233      112      
3        880      46       104      0        116      195      116      30       178      357      173      191      211      305      181      184      157      141      258      122      365      245      31       256      305      130      115      250      169      340      240      187      105      168      202      230      94       245      248      145      104      
4        1010     153      214      116      0        297      88       117      77       426      278      156      170      378      123      71       127      153      254      162      336      217      96       274      323      123      220      342      278      409      165      231      77       266      313      184      63       249      345      153      209      
5        2800     150      176      195      297      0        242      181      369      197      209      271      288      146      292      369      253      201      261      167      373      289      202      223      253      222      194      65       42       181      348      151      242      32       52       306      289      241      56       207      90       
6        1600     126      218      116      88       242      0        95       163      345      287      79       98       300      65       148      45       66       169      83       260      139      84       186      235      35       231      276      235      328      125      148      13       210      271      116      132      162      282      65       167      
7        1140     36       123      30       117      181      95       0        187      333      193      166      186      281      160      188      133      111      228      92       336      217      21       226      275      103      137      231      161      315      221      157      86       152      195      205      111      215      232      116      92       
8        1220     221      261      178      77       369      163      187      0        504      317      220      231      456      182      30       197      229      323      239      393      280      166      348      395      198      263      417      347      487      207      309      153      339      380      241      89       320      419      228      279      
9        4460     314      369      357      426      197      345      333      504      0        406      325      332      52       363      493      328      280      249      264      320      303      350      200      185      312      388      133      239      17       398      198      352      205      239      341      443      235      148      283      264      
10       1950     167      69       173      278      209      287      193      317      406      0        357      378      355      353      334      325      295      403      265      517      404      204      385      428      294      57       273      167      390      413      304      277      206      171      397      229      386      259      301      168      
11       2390     191      288      191      156      271      79       166      220      325      357      0        20       288      41       198      34       71       103      107      182      61       160      137      180      63       303      287      275      310      78       136      93       240      310      40       209      104      298      65       215      
12       2570     211      309      211      170      288      98       186      231      332      378      20       0        297      49       206      54       90       99       126      165      48       180      138      178      83       324      301      294      318      66       149      111      257      328      19       226      104      313      84       234      
13       3940     261      317      305      378      146      300      281      456      52       355      288      297      0        323      446      287      237      224      217      309      274      299      174      172      268      336      85       188      35       364      154      306      153      191      308      392      207      103      240      212      
14       2140     191      284      181      123      292      65       160      182      363      353      41       49       323      0        157      39       93       145      125      213      98       150      178      222      70       297      315      291      347      60       169      76       260      326      61       181      146      324      87       225      
15       1410     223      275      184      71       369      148      188      30       493      334      198      206      446      157      0        177      214      301      229      366      255      167      329      376      183      278      413      349      476      178      296      140      338      384      215      104      300      416      213      280      
16       2050     159      256      157      127      253      45       133      197      328      325      34       54       287      39       177      0        53       127      86       215      93       126      152      199      32       270      276      253      312      96       132      59       221      288      72       177      123      285      48       189      
17       2090     128      227      141      153      201      66       111      229      280      295      71       90       237      93       214      53       0        117      35       224      108      113      124      174      31       244      222      204      264      147      82       76       169      238      109      189      106      231      6        144      
18       3240     240      338      258      254      261      169      228      323      249      403      103      99       224      145      301      127      117      0        140      115      56       231      50       79       137      355      252      280      237      158      109      182      235      310      100      301      19       268      114      239      
19       2000     100      198      122      162      167      83       92       239      264      265      107      126      217      125      229      86       35       140      0        252      141      100      134      183      56       216      193      168      247      181      71       88       135      203      144      186      125      201      41       109      
20       4200     352      450      365      336      373      260      336      393      320      517      182      165      309      213      366      215      224      115      252      0        121      335      149      137      236      468      355      395      312      191      224      274      349      423      152      391      134      373      220      354      
21       2990     237      336      245      217      289      139      217      280      303      404      61       48       274      98       255      93       108      56       141      121      0        214      103      135      115      352      291      301      290      101      139      152      260      334      44       270      68       305      103      249      
22       1000     56       135      31       96       202      84       21       166      350      204      160      180      299      150      167      126      113      231      100      335      214      0        233      283      99       147      251      182      332      209      169      73       172      216      199      93       219      252      117      113      
23       3320     230      323      256      274      223      186      226      348      200      385      137      138      174      178      329      152      124      50       134      149      103      233      0        50       151      342      207      248      187      202      80       197      202      274      144      313      35       224      122      216      
24       3820     277      368      305      323      253      235      275      395      185      428      180      178      172      222      376      199      174      79       183      137      135      283      50       0        201      387      224      282      176      237      124      247      235      305      179      363      76       243      172      259      
25       1870     127      225      130      123      222      35       103      198      312      294      63       83       268      70       183      32       31       137      56       236      115      99       151      201      0        240      249      221      295      128      114      46       190      256      103      164      129      257      30       156      
26       1420     116      19       115      220      194      231      137      263      388      57       303      324      336      297      278      270      244      355      216      468      352      147      342      387      240      0        259      153      371      356      263      220      182      169      343      174      339      249      249      131      
27       3370     204      241      250      342      65       276      231      417      133      273      287      301      85       315      413      276      222      252      193      355      291      251      207      224      249      259      0        107      118      365      153      278      83       106      316      343      233      19       227      147      
28       2490     126      136      169      278      42       235      161      347      239      167      275      294      188      291      349      253      204      280      168      395      301      182      248      282      221      153      107      0        223      349      171      232      46       36       312      263      261      96       210      69       
29       4280     296      353      340      409      181      328      315      487      17       390      310      318      35       347      476      312      264      237      247      312      290      332      187      176      295      371      118      223      0        384      181      335      188      224      327      425      222      134      267      247      
30       2640     251      343      240      165      348      125      221      207      398      413      78       66       364      60       178      96       147      158      181      191      101      209      202      237      128      356      365      349      384      0        214      135      316      384      58       228      166      376      141      285      
31       2690     154      244      187      231      151      148      157      309      198      304      136      149      154      169      296      132      82       109      71       224      139      169      80       124      114      263      153      171      181      214      0        155      126      200      163      257      90       166      86       136      
32       1460     119      208      105      77       242      13       86       153      352      277      93       111      306      76       140      59       76       182      88       274      152      73       197      247      46       220      278      232      335      135      155      0        209      268      129      119      174      283      75       163      
33       2540     122      164      168      266      32       210      152      339      205      206      240      257      153      260      338      221      169      235      135      349      260      172      202      235      190      182      83       46       188      316      126      209      0        74       275      261      216      80       175      64       
34       2780     160      155      202      313      52       271      195      380      239      171      310      328      191      326      384      288      238      310      203      423      334      216      274      305      256      169      106      36       224      384      200      268      74       0        347      295      290      90       245      105      
35       2730     231      328      230      184      306      116      205      241      341      397      40       19       308      61       215      72       109      100      144      152      44       199      144      179      103      343      316      312      327      58       163      129      275      347      0        241      108      329      103      253      
36       390      139      171      94       63       289      132      111      89       443      229      209      226      392      181      104      177      189      301      186      391      270      93       313      363      164      174      343      263      425      228      257      119      261      295      241      0        293      342      190      198      
37       3150     224      321      245      249      241      162      215      320      235      386      104      104      207      146      300      123      106      19       125      134      68       219      35       76       129      339      233      261      222      166      90       174      216      290      108      293      0        248      103      221      
38       3340     202      232      248      345      56       282      232      419      148      259      298      313      103      324      416      285      231      268      201      373      305      252      224      243      257      249      19       96       134      376      166      283      80       90       329      342      248      0        237      144      
39       2110     133      233      145      153      207      65       116      228      283      301      65       84       240      87       213      48       6        114      41       220      103      117      122      172      30       249      227      210      267      141      86       75       175      245      103      190      103      237      0        150      
40       1900     59       112      104      209      90       167      92       279      264      168      215      234      212      225      280      189      144      239      109      354      249      113      216      259      156      131      147      69       247      285      136      163      64       105      253      198      221      144      150      0        
;

