

sets
i        orders          /0*10/
k        routes          /1*10/
p        positions       /0*10/
;

alias(i,j)
alias(i,h)
alias(i,hh)
alias(i,jj)
alias(k,kk)
                            Parameters

rho(i)	Processing time
/
0	0
1	57
2	60
3	17
4	81
5	10
6	46
7	93
8	99
9	61
10	36
/

gamma(i)	Duedate
/
0	0
1	6
2	47
3	46
4	39
5	67
6	41
7	29
8	67
9	4
10	85
/

sigma(i)	Size
/
0	0
1	2
2	7
3	9
4	5
5	1
6	2
7	3
8	3
9	1
10	8
/

epsilon(i)	Priority
/
0	0
1	1
2	5
3	5
4	3
5	9
6	9
7	5
8	9
9	6
10	6
/

psi	Vehicle Capacity
/ 12 /
;

Table kappa(i,j)                 Setup
         0        1        2        3        4        5        6        7        8        9        10       
0        0        526      434      397      773      1034     234      718      590      908      270      
1        526      0        524      923      889      685      613      786      850      1078     280      
2        434      524      0        710      387      688      664      304      331      564      482      
3        397      923      710      0        920      1383     412      912      674      984      657      
4        773      889      387      920      0        771      1006     112      252      194      868      
5        1034     685      688      1383     771      0        1215     673      926      940      901      
6        234      613      664      412      1006     1215     0        952      815      1136     335      
7        718      786      304      912      112      673      952      0        283      306      785      
8        590      850      331      674      252      926      815      283      0        324      750      
9        908      1078     564      984      194      940      1136     306      324      0        1036     
10       270      280      482      657      868      901      335      785      750      1036     0        
;



Table delta(i,j)                 Distance
         0        1        2        3        4        5        6        7        8        9        10       
0        0        370      390      830      170      360      940      550      750      420      240      
1        370      0        14       77       43       43       96       76       50       77       61       
2        390      14       0        91       49       55       110      86       64       81       63       
3        830      77       91       0        69       47       24       55       43       94       92       
4        170      43       49       69       0        22       78       38       69       36       25       
5        360      43       55       47       22       0        59       33       51       53       47       
6        940      96       110      24       78       59       0        51       67       95       98       
7        550      76       86       55       38       33       51       0        79       43       50       
8        750      50       64       43       69       51       67       79       0        104      94       
9        420      77       81       94       36       53       95       43       104      0        18       
10       240      61       63       92       25       47       98       50       94       18       0        
;

