

sets
i        orders          /0*10/
k        routes          /1*10/
p        positions       /0*10/
;

alias(i,j)
alias(i,h)
alias(i,hh)
alias(i,jj)
alias(k,kk)
                            Parameters

rho(i)	Processing time
/
0	0
1	3
2	51
3	3
4	57
5	3
6	2
7	20
8	73
9	72
10	21
/

gamma(i)	Duedate
/
0	0
1	12
2	79
3	87
4	62
5	57
6	52
7	58
8	85
9	13
10	90
/

sigma(i)	Size
/
0	0
1	7
2	3
3	1
4	2
5	3
6	4
7	3
8	7
9	6
10	4
/

epsilon(i)	Priority
/
0	0
1	9
2	2
3	5
4	8
5	1
6	7
7	9
8	6
9	3
10	8
/

psi	Vehicle Capacity
/ 55 /
;

Table kappa(i,j)                 Setup
         0        1        2        3        4        5        6        7        8        9        10       
0        0        888      488      794      709      845      631      168      1108     36       237      
1        888      0        633      705      325      87       503      936      378      862      1060     
2        488      633      0        311      330      556      173      422      702      451      533      
3        794      705      311      0        391      617      251      703      594      757      797      
4        709      325      330      391      0        239      180      704      399      675      826      
5        845      87       556      617      239      0        418      879      340      816      1003     
6        631      503      173      251      180      418      0        588      528      594      703      
7        168      936      422      703      704      879      588      0        1101     151      124      
8        1108     378      702      594      399      340      528      1101     0        1075     1221     
9        36       862      451      757      675      816      594      151      1075     0        239      
10       237      1060     533      797      826      1003     703      124      1221     239      0        
;



Table delta(i,j)                 Distance
         0        1        2        3        4        5        6        7        8        9        10       
0        0        740      720      760      260      490      870      570      310      580      610      
1        740      0        2        29       76       55       27       19       58       65       43       
2        720      2        0        31       75       52       26       17       56       63       41       
3        760      29       31       0        67       76       57       40       73       88       69       
4        260      76       75       67       0        70       96       63       53       81       78       
5        490      55       52       76       70       0        51       37       17       13       17       
6        870      27       26       57       96       51       0        32       62       57       34       
7        570      19       17       40       63       37       32       0        39       49       29       
8        310      58       56       73       53       17       62       39       0        27       32       
9        580      65       63       88       81       13       57       49       27       0        23       
10       610      43       41       69       78       17       34       29       32       23       0        
;

