

sets
i        orders          /0*10/
k        routes          /1*10/
p        positions       /0*10/
;

alias(i,j)
alias(i,h)
alias(i,hh)
alias(i,jj)
alias(k,kk)
                            Parameters

rho(i)	Processing time
/
0	0
1	78
2	17
3	60
4	49
5	60
6	41
7	8
8	96
9	4
10	94
/

gamma(i)	Duedate
/
0	0
1	57
2	21
3	29
4	67
5	20
6	38
7	33
8	91
9	52
10	89
/

sigma(i)	Size
/
0	0
1	7
2	8
3	5
4	1
5	7
6	9
7	3
8	1
9	2
10	8
/

epsilon(i)	Priority
/
0	0
1	3
2	1
3	1
4	1
5	5
6	8
7	6
8	7
9	2
10	8
/

psi	Vehicle Capacity
/ 70 /
;

Table kappa(i,j)                 Setup
         0        1        2        3        4        5        6        7        8        9        10       
0        0        324      575      226      143      143      500      552      357      705      348      
1        324      0        310      431      264      277      196      367      654      566      663      
2        575      310      0        569      454      463      135      599      930      799      923      
3        226      431      569      0        169      156      546      742      487      913      441      
4        143      264      454      169      0        13       403      577      494      755      474      
5        143      277      463      156      13       0        414      590      490      767      468      
6        500      196      135      546      403      414      0        464      845      665      847      
7        552      367      599      742      577      590      464      0        743      203      789      
8        357      654      930      487      494      490      845      743      0        819      81       
9        705      566      799      913      755      767      665      203      819      0        880      
10       348      663      923      441      474      468      847      789      81       880      0        
;



Table delta(i,j)                 Distance
         0        1        2        3        4        5        6        7        8        9        10       
0        0        1130     740      590      1080     680      1170     220      740      960      370      
1        1130     0        97       104      26       44       6        98       52       22       93       
2        740      97       0        18       76       68       103      82       47       74       38       
3        590      104      18       0        86       68       110      70       52       81       25       
4        1080     26       76       86       0        43       31       97       36       14       81       
5        680      44       68       68       43       0        49       55       25       29       51       
6        1170     6        103      110      31       49       0        102      57       28       99       
7        220      98       82       70       97       55       102      0        68       84       44       
8        740      52       47       52       36       25       57       68       0        29       45       
9        960      22       74       81       14       29       28       84       29       0        72       
10       370      93       38       25       81       51       99       44       45       72       0        
;

