

sets
i        orders          /0*10/
k        routes          /1*10/
p        positions       /0*10/
;

alias(i,j)
alias(i,h)
alias(i,hh)
alias(i,jj)
alias(k,kk)
                            Parameters

rho(i)	Processing time
/
0	0
1	10
2	16
3	70
4	99
5	87
6	60
7	85
8	81
9	73
10	14
/

gamma(i)	Duedate
/
0	0
1	26
2	97
3	75
4	94
5	24
6	30
7	63
8	9
9	60
10	35
/

sigma(i)	Size
/
0	0
1	1
2	7
3	6
4	9
5	3
6	7
7	8
8	2
9	9
10	7
/

epsilon(i)	Priority
/
0	0
1	1
2	1
3	6
4	9
5	4
6	9
7	9
8	9
9	6
10	8
/

psi	Vehicle Capacity
/ 59 /
;

Table kappa(i,j)                 Setup
         0        1        2        3        4        5        6        7        8        9        10       
0        0        102      215      447      237      694      1143     518      575      951      734      
1        102      0        175      401      137      766      1192     551      646      1013     833      
2        215      175      0        233      171      681      1062     415      564      905      834      
3        447      401      233      0        336      716      992      389      616      884      966      
4        237      137      171      336      0        843      1233     586      725      1074     954      
5        694      766      681      716      843      0        503      333      120      272      408      
6        1143     1192     1062     992      1233     503      0        647      598      244      847      
7        518      551      415      389      586      333      647      0        251      501      656      
8        575      646      564      616      725      120      598      251      0        381      415      
9        951      1013     905      884      1074     272      244      501      381      0        605      
10       734      833      834      966      954      408      847      656      415      605      0        
;



Table delta(i,j)                 Distance
         0        1        2        3        4        5        6        7        8        9        10       
0        0        101      168      243      183      220      183      88       306      255      234      
1        101      0        68       272      131      148      114      102      245      156      266      
2        168      68       0        296      118      111      87       145      206      88       293      
3        243      272      296      0        192      235      225      173      242      343      10       
4        183      131      118      192      0        50       34       105      123      151      190      
5        220      148      111      235      50       0        37       150      97       112      235      
6        183      114      87       225      34       37       0        117      131      118      223      
7        88       102      145      173      105      150      117      0        225      219      166      
8        306      245      206      242      123      97       131      225      0        180      246      
9        255      156      88       343      151      112      118      219      180      0        341      
10       234      266      293      10       190      235      223      166      246      341      0        
;

