

sets
i        orders          /0*40/
k        routes          /1*40/
p        positions       /0*40/
;

alias(i,j)
alias(i,h)
alias(i,hh)
alias(i,jj)
alias(k,kk)
                            Parameters

rho(i)	Processing time
/
0	0
1	6
2	16
3	25
4	72
5	15
6	95
7	30
8	27
9	70
10	43
11	70
12	53
13	38
14	23
15	46
16	46
17	25
18	10
19	49
20	20
21	97
22	63
23	54
24	76
25	5
26	81
27	69
28	93
29	68
30	99
31	26
32	66
33	90
34	23
35	15
36	77
37	63
38	97
39	25
40	59
/

gamma(i)	Duedate
/
0	0
1	86
2	71
3	75
4	69
5	13
6	24
7	81
8	73
9	81
10	11
11	7
12	58
13	56
14	47
15	31
16	93
17	79
18	91
19	88
20	41
21	98
22	4
23	45
24	24
25	36
26	38
27	95
28	84
29	39
30	14
31	15
32	59
33	14
34	43
35	43
36	46
37	51
38	62
39	8
40	30
/

sigma(i)	Size
/
0	0
1	2
2	9
3	6
4	9
5	7
6	3
7	8
8	3
9	9
10	4
11	2
12	4
13	9
14	8
15	2
16	5
17	3
18	4
19	1
20	9
21	4
22	5
23	4
24	4
25	7
26	8
27	4
28	8
29	8
30	9
31	8
32	6
33	6
34	6
35	8
36	3
37	2
38	7
39	4
40	9
/

epsilon(i)	Priority
/
0	0
1	2
2	2
3	4
4	4
5	4
6	1
7	8
8	7
9	4
10	4
11	1
12	8
13	7
14	5
15	4
16	1
17	9
18	9
19	6
20	2
21	6
22	9
23	5
24	8
25	9
26	1
27	1
28	3
29	7
30	1
31	9
32	1
33	4
34	8
35	5
36	8
37	5
38	4
39	7
40	8
/

psi	Vehicle Capacity
/ 20 /
;

Table kappa(i,j)                 Setup
         0        1        2        3        4        5        6        7        8        9        10       11       12       13       14       15       16       17       18       19       20       21       22       23       24       25       26       27       28       29       30       31       32       33       34       35       36       37       38       39       40       
0        0        1781     384      1568     518      803      449      2060     2062     2026     607      1168     808      1052     1710     598      915      1873     1163     1828     1602     482      652      1600     414      528      638      544      152      1056     363      1163     1728     507      1472     1367     1175     1775     1427     1395     1603     
1        1781     0        2008     214      1848     1555     1718     1331     1492     1505     1246     2000     1303     2187     317      1936     1640     188      719      666      958      1765     1870     281      1511     1253     1691     2029     1640     775      1667     2383     1443     1720     561      725      2166     817      497      765      1383     
2        384      2008     0        1804     281      1188     335      2039     2006     1964     763      900      1183     716      1883     299      763      2072     1464     1932     1640     316      394      1791     499      807      487      185      514      1241     747      797      1655     368      1776     1478     861      1847     1592     1492     1538     
3        1568     214      1804     0        1653     1354     1521     1345     1489     1495     1045     1849     1100     2017     349      1745     1477     356      517      703      911      1570     1683     233      1309     1040     1506     1832     1427     584      1453     2212     1390     1527     423      618      2007     822      381      668      1314     
4        518      1848     281      1653     0        1279     139      1767     1728     1685     617      655      1216     545      1689     102      482      1891     1382     1702     1387     84       134      1610     370      749      212      189      590      1073     862      684      1376     127      1688     1259     657      1604     1400     1265     1260     
5        803      1555     1188     1354     1279     0        1167     2343     2407     2385     954      1874     256      1824     1634     1373     1537     1710     837      1891     1830     1216     1400     1498     993      693      1320     1343     691      1115     442      1954     2133     1218     1055     1495     1924     1914     1422     1546     2010     
6        449      1718     335      1521     139      1167     0        1711     1686     1646     480      725      1089     662      1570     241      475      1767     1242     1601     1305     56       236      1486     230      611      191      310      490      943      766      814      1340     57       1549     1151     757      1513     1280     1162     1219     
7        2060     1331     2039     1345     1767     2343     1711     0        188      226      1487     1442     2107     1746     1020     1797     1305     1182     1676     665      514      1723     1692     1112     1647     1704     1554     1940     1991     1235     2187     1919     440      1671     1747     864      1629     522      1024     808      524      
8        2062     1492     2006     1489     1728     2407     1686     188      0        51       1514     1342     2180     1652     1177     1748     1252     1352     1784     832      609      1692     1642     1259     1647     1746     1518     1893     2006     1316     2219     1815     353      1642     1879     964      1524     675      1149     905      467      
9        2026     1505     1964     1495     1685     2385     1646     226      51       0        1485     1292     2161     1602     1189     1703     1208     1369     1776     849      603      1651     1598     1266     1612     1720     1476     1849     1973     1302     2189     1765     309      1601     1880     956      1473     688      1148     897      427      
10       607      1246     763      1045     617      954      480      1487     1514     1485     0        1005     785      1065     1126     714      626      1309     779      1221     1007     532      671      1029     265      261      510      789      511      478      704      1244     1207     494      1078     759      1109     1169     837      787      1081     
11       1168     2000     900      1849     655      1874     725      1442     1342     1292     1005     0        1761     313      1756     601      389      1981     1750     1630     1240     686      521      1724     882      1238     555      725      1214     1296     1490     476      1003     668      2020     1290     189      1483     1504     1266     925      
12       808      1303     1183     1100     1216     256      1089     2107     2180     2161     785      1761     0        1751     1377     1316     1400     1455     584      1638     1593     1143     1325     1242     886      529      1216     1314     668      873      497      1900     1920     1135     822      1252     1834     1666     1168     1305     1799     
13       1052     2187     716      2017     545      1824     662      1746     1652     1602     1065     313      1751     0        1969     455      551      2189     1842     1883     1505     609      426      1921     872      1256     556      531      1135     1441     1405     197      1309     616      2133     1505     166      1746     1700     1490     1225     
14       1710     317      1883     349      1689     1634     1570     1020     1177     1189     1126     1756     1377     1969     0        1769     1417     226      817      361      646      1611     1691     136      1385     1199     1512     1877     1582     654      1661     2166     1130     1562     772      466      1930     501      290      491      1076     
15       598      1936     299      1745     102      1373     241      1797     1748     1703     714      601      1316     455      1769     0        495      1974     1483     1766     1439     185      105      1694     472      852      263      145      682      1162     950      584      1394     219      1788     1331     580      1661     1482     1334     1283     
16       915      1640     763      1477     482      1537     475      1305     1252     1208     626      389      1400     551      1417     495      0        1637     1360     1344     982      463      389      1371     553      871      286      640      921      913      1190     749      899      421      1632     953      531      1218     1149     939      788      
17       1873     188      2072     356      1891     1710     1767     1182     1352     1369     1309     1981     1455     2189     226      1974     1637     0        873      520      859      1811     1900     281      1573     1351     1720     2076     1739     831      1790     2387     1338     1764     745      690      2154     685      493      717      1291     
18       1163     719      1464     517      1382     837      1242     1676     1784     1776     779      1750     584      1842     817      1483     1360     873      0        1118     1175     1298     1449     680      1012     657      1289     1536     1012     513      978      2023     1591     1266     311      820      1875     1183     662      879      1486     
19       1828     666      1932     703      1702     1891     1601     665      832      849      1221     1630     1638     1883     361      1766     1344     520      1118     0        401      1633     1675     472      1454     1359     1502     1891     1719     806      1847     2078     844      1581     1122     461      1816     175      469      440      820      
20       1602     958      1640     911      1387     1830     1305     514      609      603      1007     1240     1593     1505     646      1439     982      859      1175     401      0        1329     1341     693      1199     1205     1178     1573     1517     720      1694     1697     485      1276     1280     355      1428     243      548      297      433      
21       482      1765     316      1570     84       1216     56       1723     1692     1651     532      686      1143     609      1611     185      463      1811     1298     1633     1329     0        184      1530     286      667      177      265      534      990      810      758      1343     53       1603     1187     709      1540     1322     1195     1224     
22       652      1870     394      1683     134      1400     236      1692     1642     1598     671      521      1325     426      1691     105      389      1900     1449     1675     1341     184      0        1622     452      837      180      251      716      1099     991      583      1289     192      1750     1247     527      1566     1407     1247     1177     
23       1600     281      1791     233      1610     1498     1486     1112     1259     1266     1029     1724     1242     1921     136      1694     1371     281      680      472      693      1530     1622     0        1292     1083     1442     1796     1469     551      1536     2118     1177     1483     650      444      1893     589      221      483      1110     
24       414      1511     499      1309     370      993      230      1647     1647     1612     265      882      886      872      1385     472      553      1573     1012     1454     1199     286      452      1292     0        385      331      529      378      742      638      1035     1315     260      1320     995      948      1386     1095     1015     1190     
25       528      1253     807      1040     749      693      611      1704     1746     1720     261      1238     529      1256     1199     852      871      1351     657      1359     1205     667      837      1083     385      0        705      888      388      557      491      1421     1453     646      969      911      1323     1337     926      951      1328     
26       638      1691     487      1506     212      1320     191      1554     1518     1476     510      555      1216     556      1512     263      286      1720     1289     1502     1178     177      180      1442     331      705      0        394      664      922      939      734      1168     135      1585     1069     618      1399     1227     1071     1050     
27       544      2029     185      1832     189      1343     310      1940     1893     1849     789      725      1314     531      1877     145      640      2076     1536     1891     1573     265      251      1796     529      888      394      0        654      1254     907      620      1539     314      1846     1449     676      1792     1587     1455     1427     
28       152      1640     514      1427     590      691      490      1991     2006     1973     511      1214     668      1135     1582     682      921      1739     1012     1719     1517     534      716      1469     378      388      664      654      0        933      276      1262     1683     546      1320     1261     1244     1678     1304     1293     1557     
29       1056     775      1241     584      1073     1115     943      1235     1316     1302     478      1296     873      1441     654      1162     913      831      513      806      720      990      1099     551      742      557      922      1254     933      0        1040     1634     1090     946      734      380      1443     803      371      431      980      
30       363      1667     747      1453     862      442      766      2187     2219     2189     704      1490     497      1405     1661     950      1190     1790     978      1847     1694     810      991      1536     638      491      939      907      276      1040     0        1524     1909     822      1266     1403     1518     1829     1401     1443     1782     
31       1163     2383     797      2212     684      1954     814      1919     1815     1765     1244     476      1900     197      2166     584      749      2387     2023     2078     1697     758      583      2118     1035     1421     734      620      1262     1634     1524     0        1479     775      2318     1702     291      1939     1897     1687     1401     
32       1728     1443     1655     1390     1376     2133     1340     440      353      309      1207     1003     1920     1309     1130     1394     899      1338     1591     844      485      1343     1289     1177     1315     1453     1168     1539     1683     1090     1909     1479     0        1294     1737     792      1189     669      1016     735      126      
33       507      1720     368      1527     127      1218     57       1671     1642     1601     494      668      1135     616      1562     219      421      1764     1266     1581     1276     53       192      1483     260      646      135      314      546      946      822      775      1294     0        1570     1136     705      1488     1274     1143     1175     
34       1472     561      1776     423      1688     1055     1549     1747     1879     1880     1078     2020     822      2133     772      1788     1632     745      311      1122     1280     1603     1750     650      1320     969      1585     1846     1320     734      1266     2318     1737     1570     0        944      2156     1228     732      1002     1645     
35       1367     725      1478     618      1259     1495     1151     864      964      956      759      1290     1252     1505     466      1331     953      690      820      461      355      1187     1247     444      995      911      1069     1449     1261     380      1403     1702     792      1136     944      0        1464     426      237      59       704      
36       1175     2166     861      2007     657      1924     757      1629     1524     1473     1109     189      1834     166      1930     580      531      2154     1875     1816     1428     709      527      1893     948      1323     618      676      1244     1443     1518     291      1189     705      2156     1464     0        1670     1672     1443     1114     
37       1775     817      1847     822      1604     1914     1513     522      675      688      1169     1483     1666     1746     501      1661     1218     685      1183     175      243      1540     1566     589      1386     1337     1399     1792     1678     803      1829     1939     669      1488     1228     426      1670     0        521      386      647      
38       1427     497      1592     381      1400     1422     1280     1024     1149     1148     837      1504     1168     1700     290      1482     1149     493      662      469      548      1322     1407     221      1095     926      1227     1587     1304     371      1401     1897     1016     1274     732      237      1672     521      0        287      935      
39       1395     765      1492     668      1265     1546     1162     808      905      897      787      1266     1305     1490     491      1334     939      717      879      440      297      1195     1247     483      1015     951      1071     1455     1293     431      1443     1687     735      1143     1002     59       1443     386      287      0        649      
40       1603     1383     1538     1314     1260     2010     1219     524      467      427      1081     925      1799     1225     1076     1283     788      1291     1486     820      433      1224     1177     1110     1190     1328     1050     1427     1557     980      1782     1401     126      1175     1645     704      1114     647      935      649      0        
;



Table delta(i,j)                 Distance
         0        1        2        3        4        5        6        7        8        9        10       11       12       13       14       15       16       17       18       19       20       21       22       23       24       25       26       27       28       29       30       31       32       33       34       35       36       37       38       39       40       
0        0        183      89       176      190      59       210      91       92       140      216      220      74       165      52       184      101      94       123      52       129      139      164      183      190      119      107      185      158      120      123      200      142      257      142      129      205      226      47       77       128      
1        183      0        153      53       19       125      104      92       113      54       35       53       123      51       133      13       95       128      116      145      95       138      28       20       7        135      140      118      58       121      70       69       82       80       43       102      59       42       155      106      55       
2        89       153      0        121      168      84       137      94       42       136      178      170      41       113      87       148      119      138      158      42       152      52       126      164      158      34       21       105      105      42       83       139      80       209      127      156      148      191      111      77       104      
3        176      53       121      0        73       125      55       98       88       86       61       48       104      11       134      41       114      150      147      128      128      93       31       73       53       95       103      64       17       81       52       26       41       87       69       135      29       76       161      103      60       
4        190      19       168      73       0        131      123      98       126      53       42       65       135      70       139      31       96       126      110      156      89       156      46       7        20       152      156      137      77       138      85       87       100      85       47       95       76       41       158      114      66       
5        59       125      84       125      131      0        168      33       59       81       159      165      45       114      8        128      45       54       77       45       76       118      109      124      132      99       91       151      109      93       73       151      99       201      84       79       153      168      37       22       71       
6        210      104      137      55       123      168      0        147      118      141      97       71       136      64       177      91       165      201      201      158      182      90       86       125      102      103      115      36       64       95       97       36       69       99       124      189      49       112      205      146      112      
7        91       92       94       98       98       33       147      0        57       49       127      135      53       87       41       96       25       56       66       66       57       115      78       91       99       99       94       135      83       89       50       125      81       170      51       62       125      135      64       19       40       
8        92       113      42       88       126      59       118      57       0        94       140      136      18       78       66       109      82       108      123      41       114      59       87       122      118      42       37       94       71       34       42       110      51       175      85       119      117      152      94       43       62       
9        140      54       136      86       53       81       141      49       94       0        89       105      97       77       88       63       43       74       63       114      43       141      55       46       61       130      129      142      78       117      62       110      91       134      17       50       105      93       105      67       37       
10       216      35       178      61       42       159      97       127      140      89       0        27       153      65       168      32       131      164      150      176      130      154      53       48       28       154      161      120      73       141      97       62       100      44       78       136      47       15       191      139      88       
11       220      53       170      48       65       165      71       135      136      105      27       0        151      57       174      42       143      179      168      175      148      139      56       70       47       143      152      99       65       130      96       39       89       38       91       155      25       41       199      144      94       
12       74       123      41       104      135      45       136      53       18       97       153      151      0        94       51       121      77       98       117      24       110      73       99       130      129      54       45       112      86       50       55       127      68       189      91       114      133      164      78       35       69       
13       165      51       113      11       70       114      64       87       78       77       65       57       94       0        123      41       103      139      137      118      118      89       25       70       53       88       96       68       8        75       41       38       34       96       60       125      40       80       150      91       49       
14       52       133      87       134      139      8        177      41       66       88       168      174      51       123      0        136      49       53       78       46       80       124      118      132      140      105      96       159      118      100      82       160      108      210      92       81       162      176      29       31       80       
15       184      13       148      41       31       128      91       96       109      63       32       42       121      41       136      0        102      136      126      144      105      130      22       33       12       128      133      106      48       114      66       56       74       74       49       112      46       43       160      107      56       
16       101      95       119      114      96       45       165      25       82       43       131      143      77       103      49       102      0        36       41       86       33       140      88       89       102      124      119      157      101      114      70       140      103      175      52       37       138      136      62       42       54       
17       94       128      138      150      126      54       201      56       108      74       164      179      98       139      53       136      36       0        29       99       41       168      124      119      136      150      144      191      137      142      105      176      137      208      87       38       174      168      47       65       90       
18       123      116      158      147      110      77       201      66       123      63       150      168      117      137      78       126      41       29       0        122      20       181      118      103      123      165      160      196      136      155      110      172      142      194      79       14       168      151      76       81       89       
19       52       145      42       128      156      45       158      66       41       114      176      175      24       118      46       144      86       99       122      0        119      88       122      151      152      68       56       132      111      68       78       151      92       213      110      123      157      187      68       47       90       
20       129      95       152      128      89       76       182      57       114      43       130      148      110      118      80       105      33       41       20       119      0        169      98       82       102      155      151      180      118      144      94       153      126      174      59       7        148      131      85       75       72       
21       139      138      52       93       156      118      90       115      59       141      154      139      73       89       124      130      140      168      181      88       169      0        110      154      141      20       32       55       81       25       79       102      56       176      127      175      114      169      152      102      104      
22       164      28       126      31       46       109      86       78       87       55       53       56       99       25       118      22       88       124      118      122      98       110      0        45       32       107      112      94       30       93       44       54       54       92       39       105      50       65       142      87       37       
23       183      20       164      73       7        124      125      91       122      46       48       70       130      70       132      33       89       119      103      151      82       154      45       0        24       149      152      138      76       135      81       90       98       91       41       88       79       48       151      107      61       
24       190      7        158      53       20       132      102      99       118      61       28       47       129      53       140      12       102      136      123      152      102      141      32       24       0        139      144      118      60       125      75       66       85       72       50       109      55       35       162      112      62       
25       119      135      34       95       152      99       103      99       42       130      154      143      54       88       105      128      124      150      165      68       155      20       107      149      139      0        13       71       80       14       69       109      54       181      118      160      120      169      132      85       94       
26       107      140      21       103      156      91       115      94       37       129      161      152      45       96       96       133      119      144      160      56       151      32       112      152      144      13       0        83       88       21       71       119      62       190      119      156      129      175      123      79       95       
27       185      118      105      64       137      151      36       135      94       142      120      99       112      68       159      106      157      191      196      132      180      55       94       138      118      71       83       0        64       65       86       59       54       132      125      186      74       136      188      130      107      
28       158      58       105      17       77       109      64       83       71       78       73       65       86       8        118      48       101      137      136      111      118      81       30       76       60       80       88       64       0        67       35       42       26       104      61       125      46       88       145      86       47       
29       120      121      42       81       138      93       95       89       34       117      141      130      50       75       100      114      114      142      155      68       144      25       93       135      125      14       21       65       67       0        56       97       41       169      104      149      107      155      128      77       80       
30       123      70       83       52       85       73       97       50       42       62       97       96       55       41       82       66       70       105      110      78       94       79       44       81       75       69       71       86       35       56       0        78       32       134      48       101      81       109      110      50       25       
31       200      69       139      26       87       151      36       125      110      110      62       39       127      38       160      56       140      176      172      151      153      102      54       90       66       109      119      59       42       97       78       0        60       74       93       160      14       77       188      129      86       
32       142      82       80       41       100      99       69       81       51       91       100      89       68       34       108      74       103      137      142      92       126      56       54       98       85       54       62       54       26       41       32       60       0        128      75       133      68       114      137      78       55       
33       257      80       209      87       85       201      99       170      175      134      44       38       189      96       210      74       175      208      194      213      174      176      92       91       72       181      190      132      104      169      134      74       128      0        122      180      61       45       234      180      129      
34       142      43       127      69       47       84       124      51       85       17       78       91       91       60       92       49       52       87       79       110      59       127      39       41       50       118      119      125      61       104      48       93       75       122      0        66       89       84       112      66       24       
35       129      102      156      135      95       79       189      62       119      50       136      155      114      125      81       112      37       38       14       123      7        175      105      88       109      160      156      186      125      149      101      160      133      180      66       0        155      137      84       79       79       
36       205      59       148      29       76       153      49       125      117      105      47       25       133      40       162      46       138      174      168      157      148      114      50       79       55       120      129      74       46       107      81       14       68       61       89       155      0        63       189      131      85       
37       226      42       191      76       41       168      112      135      152      93       15       41       164      80       176      43       136      168      151      187      131      169      65       48       35       169      175      136      88       155      109      77       114      45       84       137      63       0        197      148      97       
38       47       155      111      161      158      37       205      64       94       105      191      199      78       150      29       160      62       47       76       68       85       152      142      151      162      132      123      188      145      128      110      188      137      234      112      84       189      197      0        59       105      
39       77       106      77       103      114      22       146      19       43       67       139      144      35       91       31       107      42       65       81       47       75       102      87       107      112      85       79       130      86       77       50       129      78       180      66       79       131      148      59       0        50       
40       128      55       104      60       66       71       112      40       62       37       88       94       69       49       80       56       54       90       89       90       72       104      37       61       62       94       95       107      47       80       25       86       55       129      24       79       85       97       105      50       0        
;

