

sets
i        orders          /0*5/
k        routes          /1*5/
p        positions       /0*5/
;

alias(i,j)
alias(i,h)
alias(i,hh)
alias(i,jj)
alias(k,kk)
                            Parameters

rho(i)	Processing time
/
0	0
1	49
2	41
3	65
4	46
5	27
/

gamma(i)	Duedate
/
0	0
1	41
2	51
3	58
4	12
5	64
/

sigma(i)	Size
/
0	0
1	1
2	3
3	1
4	6
5	2
/

epsilon(i)	Priority
/
0	0
1	3
2	1
3	4
4	8
5	5
/

psi	Vehicle Capacity
/ 44 /
;

Table kappa(i,j)                 Setup
         0        1        2        3        4        5        
0        0        43       226      57       229      142      
1        43       0        269      97       269      181      
2        226      269      0        180      100      118      
3        57       97       180      0        204      122      
4        229      269      100      204      0        87       
5        142      181      118      122      87       0        
;



Table delta(i,j)                 Distance
         0        1        2        3        4        5        
0        0        230      140      180      270      140      
1        230      0        11       8        6        20       
2        140      11       0        4        14       19       
3        180      8        4        0        10       21       
4        270      6        14       10       0        27       
5        140      20       19       21       27       0        
;

