

sets
i        orders          /0*40/
k        routes          /1*40/
p        positions       /0*40/
;

alias(i,j)
alias(i,h)
alias(i,hh)
alias(i,jj)
alias(k,kk)
                            Parameters

rho(i)	Processing time
/
0	0
1	61
2	42
3	90
4	52
5	30
6	68
7	61
8	50
9	24
10	67
11	17
12	31
13	45
14	38
15	26
16	65
17	65
18	86
19	45
20	93
21	37
22	33
23	89
24	2
25	20
26	88
27	15
28	42
29	83
30	3
31	19
32	77
33	59
34	81
35	3
36	68
37	38
38	6
39	31
40	1
/

gamma(i)	Duedate
/
0	0
1	24
2	83
3	83
4	5
5	87
6	22
7	60
8	39
9	71
10	77
11	25
12	42
13	26
14	63
15	7
16	62
17	28
18	50
19	73
20	16
21	87
22	58
23	76
24	34
25	15
26	19
27	99
28	17
29	13
30	32
31	27
32	29
33	92
34	16
35	56
36	52
37	87
38	92
39	9
40	89
/

sigma(i)	Size
/
0	0
1	6
2	5
3	9
4	7
5	9
6	4
7	4
8	9
9	9
10	3
11	9
12	9
13	7
14	1
15	4
16	3
17	3
18	6
19	6
20	5
21	9
22	4
23	2
24	1
25	2
26	3
27	2
28	9
29	7
30	5
31	6
32	9
33	3
34	2
35	6
36	8
37	5
38	8
39	3
40	5
/

epsilon(i)	Priority
/
0	0
1	5
2	9
3	7
4	2
5	9
6	9
7	3
8	6
9	3
10	6
11	3
12	1
13	3
14	1
15	4
16	2
17	3
18	2
19	3
20	1
21	8
22	4
23	3
24	5
25	9
26	7
27	4
28	3
29	4
30	1
31	1
32	8
33	1
34	3
35	7
36	8
37	4
38	9
39	4
40	2
/

psi	Vehicle Capacity
/ 42 /
;

Table kappa(i,j)                 Setup
         0        1        2        3        4        5        6        7        8        9        10       11       12       13       14       15       16       17       18       19       20       21       22       23       24       25       26       27       28       29       30       31       32       33       34       35       36       37       38       39       40       
0        0        2496     1810     2778     2377     3255     2621     1662     2359     3835     1747     2617     4167     1133     4583     3563     3986     2810     2197     4239     1527     2432     3598     927      387      1271     3098     3591     1029     2715     1172     2096     3339     3539     4062     3495     2543     2414     3297     4548     3561     
1        2496     0        1061     1435     1903     1514     874      1387     792      1606     750      1796     1687     1967     2114     2572     1870     1115     1957     1947     1496     1767     2420     1648     2881     1428     1566     1948     1508     612      1914     1417     2624     1554     1928     1071     1675     2086     819      2106     2752     
2        1810     1061     0        2222     2384     1458     816      326      1532     2040     715      2414     2506     967      2890     3343     2923     1001     1002     2450     1584     959      1999     1267     2185     540      2447     1828     812      1598     909      1867     3299     1729     2984     2116     966      1187     1834     3116     3471     
3        2778     1435     2222     0        778      2935     2307     2496     696      2834     1534     499      2479     2830     2882     1144     1349     2550     3222     3070     1255     3112     3856     1880     3095     2295     323      3364     2153     879      2795     699      1196     2917     1427     1457     3052     3393     1531     2263     1316     
4        2377     1903     2384     778      0        3404     2708     2589     1121     3452     1675     319      3208     2735     3623     1186     2098     2967     3366     3731     937      3338     4244     1604     2631     2274     1037     3840     2037     1494     2715     522      994      3456     2175     2201     3318     3565     2226     3041     1205     
5        3255     1514     1458     2935     3404     0        729      1605     2306     849      1892     3311     1699     2259     1929     4053     2976     477      1475     1224     2835     1116     988      2690     3621     1986     3020     435      2270     2066     2202     2899     4131     378      3005     1991     940      1424     1697     2633     4247     
6        2621     874      816      2307     2708     729      0        1054     1640     1225     1162     2640     1780     1741     2131     3446     2604     261      1285     1636     2105     1003     1552     1982     2999     1356     2438     1155     1604     1478     1681     2194     3488     930      2649     1661     870      1350     1350     2534     3622     
7        1662     1387     326      2496     2589     1605     1054     0        1816     2271     964      2649     2799     686      3171     3599     3246     1189     783      2684     1730     852      1987     1293     2019     437      2735     1929     766      1914     626      2083     3532     1917     3307     2442     918      994      2158     3437     3713     
8        2359     792      1532     696      1121     2306     1640     1816     0        2335     866      1005     2187     2210     2617     1837     1630     1892     2528     2631     976      2416     3192     1432     2715     1658     919      2740     1571     440      2169     675      1850     2337     1705     1262     2358     2697     1188     2267     1993     
9        3835     1606     2040     2834     3452     849      1225     2271     2335     0        2234     3285     922      2955     1086     3856     2494     1096     2298     412      3095     1945     1665     3128     4217     2579     2826     981      2809     1971     2896     3000     4006     478      2504     1560     1769     2267     1344     1917     4082     
10       1747     750      715      1534     1675     1892     1162     964      866      2234     0        1699     2433     1359     2856     2637     2411     1418     1714     2611     948      1663     2616     911      2131     801      1784     2313     786      1061     1315     1155     2584     2058     2479     1770     1646     1902     1552     2821     2758     
11       2617     1796     2414     499      319      3311     2640     2649     1005     3285     1699     0        2974     2869     3380     985      1785     2895     3412     3540     1117     3351     4191     1790     2892     2375     725      3745     2171     1313     2843     584      885      3329     1861     1954     3313     3601     2012     2749     1066     
12       4167     1687     2506     2479     3208     1699     1780     2799     2187     922      2433     2974     0        3473     432      3333     1758     1771     3026     822      3111     2698     2584     3335     4554     3001     2372     1900     3153     1752     3414     2851     3549     1368     1747     1025     2530     3041     999      1003     3580     
13       1133     1967     967      2830     2735     2259     1741     686      2210     2955     1359     2869     3473     0        3852     3853     3764     1867     1065     3368     1802     1319     2480     1180     1439     559      3110     2544     699      2411     59       2285     3724     2588     3830     3039     1447     1281     2773     4063     3925     
14       4583     2114     2890     2882     3623     1929     2131     3171     2617     1086     2856     3380     432      3852     0        3682     2037     2085     3334     814      3544     2992     2722     3762     4970     3398     2754     2047     3563     2180     3793     3278     3917     1565     2013     1425     2819     3326     1428     1098     3934     
15       3563     2572     3343     1144     1186     4053     3446     3599     1837     3856     2637     985      3333     3853     3682     0        1720     3686     4346     4033     2096     4251     4990     2769     3811     3349     1038     4474     3155     1987     3826     1568     364      4000     1774     2339     4195     4524     2513     2806     259      
16       3986     1870     2923     1349     2098     2976     2604     3246     1630     2494     2411     1785     1758     3764     2037     1720     0        2767     3815     2550     2524     3591     3964     3059     4335     3205     1061     3332     3176     1352     3716     2016     2016     2789     78       984      3472     3927     1284     1085     1980     
17       2810     1115     1001     2550     2967     477      261      1189     1892     1096     1418     2895     1771     1867     2085     3686     2767     0        1255     1507     2364     930      1305     2216     3183     1539     2669     895      1809     1706     1808     2455     3737     730      2806     1800     769      1277     1490     2601     3867     
18       2197     1957     1002     3222     3366     1475     1285     783      2528     2298     1714     3412     3026     1065     3334     4346     3815     1255     0        2693     2512     359      1437     2039     2498     1174     3436     1636     1496     2547     1026     2856     4297     1850     3868     2919     536      224      2611     3820     4472     
19       4239     1947     2450     3070     3731     1224     1636     2684     2631     412      2611     3540     822      3368     814      4033     2550     1507     2693     0        3443     2336     1921     3514     4622     2988     3024     1257     3212     2237     3309     3304     4212     846      2548     1695     2160     2649     1541     1809     4269     
20       1527     1496     1584     1255     937      2835     2105     1730     976      3095     948      1117     3111     1802     3544     2096     2524     2364     2512     3443     0        2539     3555     673      1839     1370     1577     3259     1108     1406     1784     568      1931     2977     2602     2234     2550     2724     2127     3242     2139     
21       2432     1767     959      3112     3338     1116     1003     852      2416     1945     1663     3351     2698     1319     2992     4251     3591     930      359      2336     2539     0        1165     2144     2756     1287     3300     1285     1617     2375     1271     2818     4233     1492     3639     2663     177      349      2352     3523     4395     
22       3598     2420     1999     3856     4244     988      1552     1987     3192     1665     2616     4191     2584     2480     2722     4990     3964     1305     1437     1921     3555     1165     0        3255     3919     2424     3969     684      2750     3007     2434     3725     5040     1227     3992     2979     1069     1255     2685     3563     5172     
23       927      1648     1267     1880     1604     2690     1982     1293     1432     3128     911      1790     3335     1180     3762     2769     3059     2216     2039     3514     673      2144     3255     0        1287     866      2195     3083     543      1796     1173     1226     2598     2910     3134     2594     2196     2261     2416     3642     2809     
24       387      2881     2185     3095     2631     3621     2999     2019     2715     4217     2131     2892     4554     1439     4970     3811     4335     3183     2498     4622     1839     2756     3919     1287     0        1644     3417     3946     1414     3083     1485     2401     3563     3913     4411     3872     2877     2707     3679     4924     3786     
25       1271     1428     540      2295     2274     1986     1356     437      1658     2579     801      2375     3001     559      3398     3349     3205     1539     1174     2988     1370     1287     2424     866      1644     0        2565     2336     330      1853     514      1793     3247     2268     3272     2498     1355     1396     2243     3533     3439     
26       3098     1566     2447     323      1037     3020     2438     2735     919      2826     1784     725      2372     3110     2754     1038     1061     2669     3436     3024     1577     3300     3969     2195     3417     2565     0        3439     2444     963      3072     1022     1188     2962     1138     1351     3226     3596     1488     2039     1255     
27       3591     1948     1828     3364     3840     435      1155     1929     2740     981      2313     3745     1900     2544     2047     4474     3332     895      1636     1257     3259     1285     684      3083     3946     2336     3439     0        2637     2490     2490     3334     4560     552      3355     2351     1122     1528     2071     2882     4673     
28       1029     1508     812      2153     2037     2270     1604     766      1571     2809     786      2171     3153     699      3563     3155     3176     1809     1496     3212     1108     1617     2750     543      1414     330      2444     2637     0        1836     677      1587     3025     2531     3247     2553     1683     1719     2325     3603     3225     
29       2715     612      1598     879      1494     2066     1478     1914     440      1971     1061     1313     1752     2411     2180     1987     1352     1706     2547     2237     1406     2375     3007     1796     3083     1853     963      2490     1836     0        2364     1099     2074     2037     1419     827      2287     2687     753      1854     2182     
30       1172     1914     909      2795     2715     2202     1681     626      2169     2896     1315     2843     3414     59       3793     3826     3716     1808     1026     3309     1784     1271     2434     1173     1485     514      3072     2490     677      2364     0        2259     3702     2529     3782     2985     1396     1244     2718     4007     3901     
31       2096     1417     1867     699      522      2899     2194     2083     675      3000     1155     584      2851     2285     3278     1568     2016     2455     2856     3304     568      2818     3725     1226     2401     1793     1022     3334     1587     1099     2259     0        1454     2970     2095     1888     2796     3052     1852     2830     1646     
32       3339     2624     3299     1196     994      4131     3488     3532     1850     4006     2584     885      3549     3724     3917     364      2016     3737     4297     4212     1931     4233     5040     2598     3563     3247     1188     4560     3025     2074     3702     1454     0        4111     2076     2535     4191     4486     2674     3094     224      
33       3539     1554     1729     2917     3456     378      930      1917     2337     478      2058     3329     1368     2588     1565     4000     2789     730      1850     846      2977     1492     1227     2910     3913     2268     2962     552      2531     2037     2529     2970     4111     0        2810     1813     1315     1803     1544     2337     4210     
34       4062     1928     2984     1427     2175     3005     2649     3307     1705     2504     2479     1861     1747     3830     2013     1774     78       2806     3868     2548     2602     3639     3992     3134     4411     3272     1138     3355     3247     1419     3782     2095     2076     2810     0        1015     3518     3977     1319     1037     2033     
35       3495     1071     2116     1457     2201     1991     1661     2442     1262     1560     1770     1954     1025     3039     1425     2339     984      1800     2919     1695     2234     2663     2979     2594     3872     2498     1351     2351     2553     827      2985     1888     2535     1813     1015     0        2532     3007     311      1053     2579     
36       2543     1675     966      3052     3318     940      870      918      2358     1769     1646     3313     2530     1447     2819     4195     3472     769      536      2160     2550     177      1069     2196     2877     1355     3226     1122     1683     2287     1396     2796     4191     1315     3518     2532     0        510      2220     3369     4347     
37       2414     2086     1187     3393     3565     1424     1350     994      2697     2267     1902     3601     3041     1281     3326     4524     3927     1277     224      2649     2724     349      1255     2261     2707     1396     3596     1528     1719     2687     1244     3052     4486     1803     3977     3007     510      0        2697     3872     4656     
38       3297     819      1834     1531     2226     1697     1350     2158     1188     1344     1552     2012     999      2773     1428     2513     1284     1490     2611     1541     2127     2352     2685     2416     3679     2243     1488     2071     2325     753      2718     1852     2674     1544     1319     311      2220     2697     0        1290     2741     
39       4548     2106     3116     2263     3041     2633     2534     3437     2267     1917     2821     2749     1003     4063     1098     2806     1085     2601     3820     1809     3242     3523     3563     3642     4924     3533     2039     2882     3603     1854     4007     2830     3094     2337     1037     1053     3369     3872     1290     0        3065     
40       3561     2752     3471     1316     1205     4247     3622     3713     1993     4082     2758     1066     3580     3925     3934     259      1980     3867     4472     4269     2139     4395     5172     2809     3786     3439     1255     4673     3225     2182     3901     1646     224      4210     2033     2579     4347     4656     2741     3065     0        
;



Table delta(i,j)                 Distance
         0        1        2        3        4        5        6        7        8        9        10       11       12       13       14       15       16       17       18       19       20       21       22       23       24       25       26       27       28       29       30       31       32       33       34       35       36       37       38       39       40       
0        0        6840     7860     5550     6000     8910     8220     8280     7260     8610     6540     5130     10110    2670     540      8760     3900     8790     5250     3540     7320     5160     5310     4890     2760     3120     6180     5010     5730     2490     3060     5430     5220     3270     7050     2430     1110     3750     5070     2730     6060     
1        6840     0        146      279      256      155      244      198      280      78       119      228      110      288      246      167      212      172      190      123      17       216      58       65       174      321      27       73       149      167      144      290      184      138      296      164      192      264      96       216      82       
2        7860     146      0        204      165      301      110      54       171      213      45       155      178      278      277      30       312      318      311      150      142      141      176      163      260      367      163      188      280      245      160      219      305      155      195      240      240      223      101      197      79       
3        5550     279      204      0        41       412      138      178      70       357      184      52       362      129      187      222      305      419      337      172      288      66       262      241      254      263      275      263      334      237      156      16       334      159      53       232      195      63       183      98       204      
4        6000     256      165      41       0        397      97       136      41       334      151      33       331      161      207      182      311      406      337      161      263      41       247      225      257      288      255      250      328      240      149      58       333      150      42       234      203      92       160      109      176      
5        8910     155      301      412      397      0        399      354      427      99       274      366      186      380      313      321      205      24       152      240      160      355      150      172      208      356      145      149      113      214      258      420      149      254      439      216      261      380      239      328      235      
6        8220     244      110      138      97       399      0        58       78       317      124      111      288      253      284      111      362      412      376      194      244      104      258      239      307      372      254      266      355      290      192      155      371      190      105      284      266      185      165      186      163      
7        8280     198      54       178      136      354      58       0        130      267      83       136      231      274      289      52       345      369      350      176      195      125      222      205      290      379      212      232      324      275      181      194      344      177      157      269      260      211      135      198      123      
8        7260     280      171      70       41       427      78       130      0        358      167      73       345      198      248      182      351      437      376      196      285      77       278      257      297      328      283      283      364      280      186      85       371      187      27       274      244      130      188      151      199      
9        8610     78       213      357      334      99       317      267      358      0        194      307      90       357      305      228      236      122      198      195      73       294      110      128      215      369      85       119      151      213      216      368      192      210      374      212      250      339      174      289      159      
10       6540     119      45       184      151      274      124      83       167      194      0        132      180      240      233      76       267      288      268      104      120      118      138      122      214      322      130      149      240      200      115      198      262      109      187      194      194      191      55       159      39       
11       5130     228      155      52       33       366      111      136      73       307      132      0        310      142      178      176      278      374      304      128      237      14       216      194      224      263      226      218      295      207      115      66       299      117      75       201      171      75       132      80       152      
12       10110    110      178      362      331      186      288      231      345      90       180      310      0        392      356      182      314      210      282      227      93       296      166      175      282      431      134      180      236      276      248      375      276      241      366      274      302      360      188      315      160      
13       2670     288      278      129      161      380      253      274      198      357      240      142      392      0        80       305      218      379      265      165      303      150      247      229      181      135      272      240      279      170      144      119      263      151      182      166      120      68       207      81       239      
14       540      246      277      187      207      313      284      289      248      305      233      178      356      80       0        307      138      309      186      135      263      181      195      181      106      89       225      185      205      98       119      182      186      125      239      97       55       125      186      98       219      
15       8760     167      30       222      182      321      111      52       182      228      76       176      182      305      307      0        342      339      339      181      161      163      203      191      290      397      187      216      306      275      191      239      333      185      207      270      270      248      131      224      107      
16       3900     212      312      305      311      205      362      345      351      236      267      278      314      218      138      342      0        193      55       169      229      274      154      156      55       154      184      139      92       72       170      304      57       172      350      78       109      250      211      206      235      
17       8790     172      318      419      406      24       412      369      437      122      288      374      210      379      309      339      193      0        139      246      178      364      159      180      202      346      158      155      104      210      263      425      136      259      448      213      259      383      250      331      249      
18       5250     190      311      337      337      152      376      350      376      198      268      304      282      265      186      339      55       139      0        182      206      298      137      148      85       209      163      124      46       100      189      339      6        189      378      105      148      288      214      239      232      
19       3540     123      150      172      161      240      194      176      196      195      104      128      227      165      135      181      169      246      182      0        137      120      91       70       114      221      110      91       167      98       21       179      177      15       203      92       90       144      52       93       84       
20       7320     17       142      288      263      160      244      195      285      73       120      237      93       303      263      161      229      178      206      137      0        224      76       82       192      338      45       90       164      185      158      300      199      152      302      182      209      276      106      229      86       
21       5160     216      141      66       41       355      104      125      77       294      118      14       296      150      181      163      274      364      298      120      224      0        205      183      219      267      214      208      287      203      108      80       293      109      84       197      169      86       119      82       138      
22       5310     58       176      262      247      150      258      222      278      110      138      216      166      247      195      203      154      159      137      91       76       205      0        21       116      265      32       14       103      110      110      270      131      106      289      107      140      234      92       183      99       
23       4890     65       163      241      225      172      239      205      257      128      122      194      175      229      181      191      156      180      148      70       82       183      21       0        112      256      43       27       118      103      89       249      142      85       268      100      127      214      73       163      84       
24       2760     174      260      254      257      208      307      290      297      215      214      224      282      181      106      290      55       202      85       114      192      219      116      112      0        154      148      102      99       16       114      254      83       116      297      22       62       203      158      155      184      
25       3120     321      367      263      288      356      372      379      328      369      322      263      431      135      89       397      154      346      209      221      338      267      265      256      154      0        297      253      243      156      207      254      211      213      316      157      132      200      273      185      305      
26       6180     27       163      275      255      145      254      212      283      85       130      226      134      272      225      187      184      158      163      110      45       214      32       43       148      297      0        45       123      142      130      285      156      125      297      139      170      254      95       203      90       
27       5010     73       188      263      250      149      266      232      283      119      149      218      180      240      185      216      139      155      124      91       90       208      14       27       102      253      45       0        91       97       109      270      117      105      292      95       130      232      100      180      110      
28       5730     149      280      334      328      113      355      324      364      151      240      295      236      279      205      306      92       104      46       167      164      287      103      118      99       243      123      91       0        109      179      338      41       178      370      112      158      291      190      240      202      
29       2490     167      245      237      240      214      290      275      280      213      200      207      276      170      98       275      72       210      100      98       185      203      110      103      16       156      142      97       109      0        98       239      97       100      280      6        49       188      144      139      171      
30       3060     144      160      156      149      258      192      181      186      216      115      115      248      144      119      191      170      263      189      21       158      108      110      89       114      207      130      109      179      98       0        162      185      6        191      91       79       124      67       73       100      
31       5430     290      219      16       58       420      155      194      85       368      198      66       375      119      182      239      304      425      339      179      300      80       270      249      254      254      285      270      338      239      162      0        336      165      64       233      194      56       194      99       216      
32       5220     184      305      334      333      149      371      344      371      192      262      299      276      263      186      333      57       136      6        177      199      293      131      142      83       211      156      117      41       97       185      336      0        185      374      102      145      285      209      236      226      
33       3270     138      155      159      150      254      190      177      187      210      109      117      241      151      125      185      172      259      189      15       152      109      106      85       116      213      125      105      178      100      6        165      185      0        192      94       85       129      61       78       94       
34       7050     296      195      53       42       439      105      157      27       374      187      75       366      182      239      207      350      448      378      203      302      84       289      268      297      316      297      292      370      280      191      64       374      192      0        275      241      116      201      145      216      
35       2430     164      240      232      234      216      284      269      274      212      194      201      274      166      97       270      78       213      105      92       182      197      107      100      22       157      139      95       112      6        91       233      102      94       275      0        46       183      138      134      166      
36       1110     192      240      195      203      261      266      260      244      250      194      171      302      120      55       270      109      259      148      90       209      169      140      127      62       132      170      130      158      49       79       194      145      85       241      46       0        141      142      96       174      
37       3750     264      223      63       92       380      185      211      130      339      191      75       360      68       125      248      250      383      288      144      276      86       234      214      203      200      254      232      291      188      124      56       285      129      116      183      141      0        172      52       200      
38       5070     96       101      183      160      239      165      135      188      174      55       132      188      207      186      131      211      250      214      52       106      119      92       73       158      273      95       100      190      144      67       194      209      61       201      138      142      172      0        128      33       
39       2730     216      197      98       109      328      186      198      151      289      159      80       315      81       98       224      206      331      239      93       229      82       183      163      155      185      203      180      240      139      73       99       236      78       145      134      96       52       128      0        159      
40       6060     82       79       204      176      235      163      123      199      159      39       152      160      239      219      107      235      249      232      84       86       138      99       84       184      305      90       110      202      171      100      216      226      94       216      166      174      200      33       159      0        
;

