

sets
i        orders          /0*10/
k        routes          /1*10/
p        positions       /0*10/
;

alias(i,j)
alias(i,h)
alias(i,hh)
alias(i,jj)
alias(k,kk)
                            Parameters

rho(i)	Processing time
/
0	0
1	80
2	65
3	91
4	67
5	40
6	57
7	74
8	47
9	48
10	94
/

gamma(i)	Duedate
/
0	0
1	18
2	64
3	60
4	10
5	10
6	25
7	85
8	30
9	24
10	46
/

sigma(i)	Size
/
0	0
1	3
2	5
3	6
4	5
5	1
6	6
7	7
8	6
9	6
10	9
/

epsilon(i)	Priority
/
0	0
1	4
2	6
3	5
4	7
5	6
6	4
7	2
8	2
9	1
10	8
/

psi	Vehicle Capacity
/ 44 /
;

Table kappa(i,j)                 Setup
         0        1        2        3        4        5        6        7        8        9        10       
0        0        182      456      405      494      501      195      458      248      474      439      
1        182      0        293      392      355      486      304      466      73       479      404      
2        456      293      0        376      103      434      484      457      270      460      348      
3        405      392      376      0        318      97       268      83       442      91       54       
4        494      355      103      318      0        357      480      392      349      391      278      
5        501      486      434      97       357      0        351      69       533      54       89       
6        195      304      484      268      480      351      0        294      377      312      317      
7        458      466      457      83       392      69       294      0        520      18       114      
8        248      73       270      442      349      533      377      520      0        532      447      
9        474      479      460      91       391      54       312      18       532      0        113      
10       439      404      348      54       278      89       317      114      447      113      0        
;



Table delta(i,j)                 Distance
         0        1        2        3        4        5        6        7        8        9        10       
0        0        2750     2010     2390     3210     3260     1660     2330     2490     1380     1220     
1        2750     0        233      229      56       62       132      213      179      242      272      
2        2010     233      0        358      289      295      230      345      80       65       297      
3        2390     229      358      0        232      233      131      15       351      321      135      
4        3210     56       289      232      0        6        164      217      232      298      300      
5        3260     62       295      233      6        0        169      219      237      304      304      
6        1660     132      230      131      164      169      0        116      221      202      139      
7        2330     213      345      15       217      219      116      0        337      310      135      
8        2490     179      80       351      232      237      221      337      0        131      321      
9        1380     242      65       321      298      304      202      310      131      0        243      
10       1220     272      297      135      300      304      139      135      321      243      0        
;

