

sets
i        orders          /0*80/
k        routes          /1*80/
p        positions       /0*80/
;

alias(i,j)
alias(i,h)
alias(i,hh)
alias(i,jj)
alias(k,kk)
                            Parameters

rho(i)	Processing time
/
0	0
1	32
2	72
3	34
4	9
5	16
6	22
7	91
8	29
9	77
10	52
11	50
12	22
13	72
14	12
15	36
16	19
17	78
18	84
19	4
20	65
21	83
22	23
23	64
24	94
25	59
26	4
27	71
28	98
29	57
30	3
31	72
32	42
33	18
34	86
35	42
36	29
37	55
38	14
39	56
40	5
41	96
42	90
43	51
44	89
45	76
46	72
47	17
48	99
49	85
50	42
51	50
52	92
53	31
54	89
55	23
56	1
57	8
58	85
59	69
60	8
61	94
62	82
63	78
64	65
65	9
66	34
67	99
68	77
69	84
70	41
71	52
72	69
73	60
74	98
75	82
76	60
77	9
78	7
79	44
80	20
/

gamma(i)	Duedate
/
0	0
1	12
2	45
3	3
4	36
5	94
6	8
7	48
8	34
9	12
10	4
11	22
12	60
13	4
14	62
15	52
16	33
17	89
18	92
19	79
20	62
21	13
22	55
23	61
24	39
25	26
26	84
27	41
28	58
29	85
30	68
31	64
32	61
33	8
34	5
35	5
36	40
37	95
38	36
39	6
40	76
41	56
42	44
43	38
44	39
45	87
46	71
47	89
48	36
49	67
50	14
51	17
52	36
53	65
54	31
55	15
56	89
57	42
58	67
59	82
60	32
61	63
62	42
63	79
64	79
65	74
66	47
67	43
68	14
69	42
70	57
71	63
72	77
73	3
74	29
75	53
76	74
77	31
78	91
79	48
80	36
/

sigma(i)	Size
/
0	0
1	8
2	6
3	1
4	8
5	2
6	8
7	7
8	1
9	5
10	6
11	9
12	9
13	6
14	3
15	8
16	5
17	7
18	8
19	3
20	7
21	4
22	7
23	3
24	5
25	3
26	8
27	6
28	8
29	9
30	9
31	3
32	1
33	8
34	2
35	4
36	1
37	3
38	4
39	8
40	1
41	6
42	1
43	2
44	2
45	3
46	8
47	2
48	5
49	9
50	3
51	4
52	8
53	1
54	4
55	2
56	3
57	9
58	3
59	5
60	3
61	7
62	4
63	9
64	7
65	6
66	5
67	3
68	3
69	6
70	8
71	8
72	2
73	6
74	1
75	1
76	8
77	9
78	7
79	2
80	9
/

epsilon(i)	Priority
/
0	0
1	5
2	9
3	8
4	7
5	5
6	1
7	5
8	7
9	4
10	1
11	7
12	3
13	4
14	9
15	2
16	6
17	3
18	2
19	5
20	5
21	4
22	6
23	3
24	2
25	1
26	2
27	9
28	9
29	5
30	8
31	3
32	7
33	6
34	1
35	5
36	7
37	9
38	2
39	5
40	3
41	5
42	2
43	4
44	8
45	2
46	2
47	6
48	4
49	4
50	5
51	2
52	9
53	3
54	8
55	8
56	6
57	4
58	5
59	7
60	9
61	2
62	8
63	3
64	9
65	8
66	7
67	8
68	6
69	7
70	6
71	8
72	9
73	1
74	3
75	6
76	4
77	2
78	9
79	2
80	4
/

psi	Vehicle Capacity
/ 10 /
;

Table kappa(i,j)                 Setup
         0        1        2        3        4        5        6        7        8        9        10       11       12       13       14       15       16       17       18       19       20       21       22       23       24       25       26       27       28       29       30       31       32       33       34       35       36       37       38       39       40       41       42       43       44       45       46       47       48       49       50       51       52       53       54       55       56       57       58       59       60       61       62       63       64       65       66       67       68       69       70       71       72       73       74       75       76       77       78       79       80       
0        0        385      289      177      387      473      66       305      547      555      658      332      557      333      525      121      469      95       191      752      213      404      621      322      663      428      328      370      783      626      446      541      597      389      445      161      410      74       464      233      772      293      74       402      179      632      360      572      505      336      723      317      489      112      449      209      346      366      84       414      311      376      177      499      657      696      234      419      750      404      203      252      289      589      509      460      604      309      258      93       542      
1        385      0        594      213      460      500      349      526      563      721      705      188      392      155      470      329      187      334      575      578      194      129      532      666      665      189      685      456      939      810      631      752      761      563      155      273      591      364      536      482      561      175      387      626      223      781      259      729      769      403      566      700      628      373      512      206      177      36       322      382      541      705      208      486      564      640      619      530      515      424      568      269      116      371      448      339      548      591      643      477      789      
2        289      594      0        393      297      374      273      124      428      314      484      603      572      476      470      270      593      273      261      726      474      552      561      98       522      692      137      280      524      365      218      273      351      198      582      444      200      363      331      119      772      560      356      153      375      392      430      335      217      293      690      247      287      398      331      476      614      589      370      396      112      113      407      422      591      593      248      274      772      350      136      344      533      632      465      483      523      40       268      236      257      
3        177      213      393      0        344      414      136      348      488      577      620      226      423      166      431      122      298      123      367      624      101      230      520      456      603      304      474      332      806      661      474      589      620      407      272      136      434      178      428      290      632      182      199      453      26       647      225      589      586      282      600      487      492      203      407      111      233      201      136      320      361      500      21       422      556      612      409      401      602      334      355      144      140      440      412      333      515      396      434      267      613      
4        387      460      297      344      0        88       324      173      160      264      278      562      285      306      173      275      373      300      490      429      445      363      266      395      276      622      434      18       478      353      190      309      302      134      376      467      159      447      84       206      476      520      456      219      317      320      211      269      362      62       393      531      169      486      64       456      564      474      424      116      186      395      366      128      298      317      501      71       479      59       387      206      460      352      168      209      234      265      527      409      366      
5        473      500      374      414      88       0        410      251      74       262      209      623      243      346      105      358      381      384      579      356      514      388      187      471      191      674      511      107      449      347      223      327      292      188      393      543      204      531      59       292      410      582      542      271      388      299      241      260      401      138      318      614      172      570      45       525      623      519      506      119      261      464      436      51       216      229      588      105      421      80       473      270      518      317      110      195      149      339      614      497      395      
6        66       349      273      136      324      410      0        262      484      510      599      330      491      278      458      54       413      28       240      685      202      352      555      325      600      421      339      308      740      586      402      504      553      340      391      174      363      123      404      192      707      288      132      365      130      586      295      526      481      272      656      352      438      163      388      203      342      336      109      348      271      373      144      434      591      631      277      362      685      339      219      187      268      525      442      394      538      285      303      137      514      
7        305      526      124      348      173      251      262      0        307      250      380      573      452      391      345      234      494      249      348      601      444      463      437      222      408      653      261      156      478      323      141      243      292      91       489      435      106      378      211      72       648      529      378      105      325      328      327      267      242      175      565      365      191      417      208      449      581      529      371      276      16       225      367      298      467      473      348      154      649      227      230      260      487      514      341      366      400      92       372      288      265      
8        547      563      428      488      160      74       484      307      0        254      142      693      259      410      114      433      429      458      646      326      586      445      156      522      117      741      563      177      408      331      247      330      275      232      444      618      240      606      96       357      389      653      616      306      461      271      304      246      420      213      288      673      180      645      101      598      693      584      581      181      316      508      510      77       176      165      652      153      411      153      535      344      587      333      131      238      108      390      677      568      405      
9        555      721      314      577      264      262      510      250      254      0        215      803      504      569      359      476      634      495      575      575      678      627      409      380      285      873      419      265      230      89       108      84       43       171      640      679      146      628      205      322      642      760      629      162      552      78       475      21       192      318      538      548      95       667      227      686      809      732      619      369      244      340      598      308      424      383      562      193      665      313      450      457      708      578      370      455      359      276      582      533      163      
10       658      705      484      620      278      209      599      380      142      215      0        832      385      552      249      552      569      576      729      392      721      588      249      567      81       882      609      292      289      260      269      299      213      290      586      746      284      722      195      444      465      791      730      338      594      188      446      197      407      338      357      731      197      762      214      732      832      726      702      323      383      539      642      220      248      183      727      238      500      289      609      478      727      457      269      379      202      444      750      664      378      
11       332      188      603      226      562      623      330      573      693      803      832      0        565      296      618      340      372      331      502      759      130      307      693      652      805      98       660      553      1031     887      701      815      846      633      340      173      661      278      645      512      746      44       298      679      251      872      397      815      807      500      744      639      717      267      623      127      18       152      249      514      585      702      206      621      727      796      551      624      703      542      536      356      106      554      596      496      700      613      570      422      836      
12       557      392      572      423      285      243      491      452      259      504      385      565      0        274      146      438      214      463      714      201      497      263      153      670      319      581      706      298      667      586      463      570      530      417      241      556      439      590      303      464      215      535      608      502      403      530      199      499      641      279      180      786      415      622      285      511      558      424      553      175      466      677      440      196      178      263      738      340      201      226      635      304      462      74       134      98       187      544      765      616      638      
13       333      155      476      166      306      346      278      391      410      569      552      296      274      0        323      237      135      254      518      473      224      77       396      558      515      331      584      303      784      658      482      604      609      415      114      290      444      344      381      358      473      263      365      485      155      627      106      576      631      250      454      624      475      369      357      239      292      174      302      228      406      589      178      334      430      500      554      376      439      269      479      132      191      278      302      199      405      466      581      415      647      
14       525      470      470      431      173      105      458      345      114      359      249      618      146      323      0        404      321      431      653      256      523      346      97       568      196      654      607      190      523      440      328      429      384      292      340      567      309      574      164      376      306      581      587      376      406      384      220      354      507      196      220      703      274      610      150      536      615      495      543      113      358      565      452      53       132      181      668      210      316      127      556      290      511      220      21       133      83       437      695      564      499      
15       121      329      270      122      275      358      54       234      433      476      552      340      438      237      404      0        370      26       285      631      210      313      500      337      550      424      357      259      706      555      369      478      519      305      351      203      330      173      356      171      653      296      184      340      106      550      243      490      467      220      602      387      399      211      339      215      349      321      150      293      246      378      137      380      536      578      318      317      633      286      244      134      263      473      388      340      484      274      345      183      495      
16       469      187      593      298      373      381      413      494      429      634      569      372      214      135      321      370      0        388      653      392      337      71       364      681      516      373      710      376      831      722      562      682      669      500      32       411      527      476      431      474      374      351      497      578      290      680      168      636      725      330      382      757      538      498      407      352      362      222      434      265      510      706      307      352      392      474      689      443      330      320      610      251      280      184      301      190      389      578      716      550      735      
17       95       334      273      123      300      384      28       249      458      495      576      331      463      254      431      26       388      0        265      657      201      329      527      333      575      419      351      284      725      572      387      493      538      324      368      185      348      147      381      182      678      288      158      354      112      569      267      509      476      246      628      372      419      186      364      204      341      324      127      319      260      378      134      407      563      604      300      340      657      312      233      158      260      497      414      365      510      281      327      162      507      
18       191      575      261      367      490      579      240      348      646      575      729      502      714      518      653      285      653      265      0        899      396      592      751      230      754      600      211      472      784      626      475      534      613      438      631      329      449      224      552      289      929      467      204      412      367      653      527      596      462      457      866      139      537      237      544      389      518      555      259      553      346      290      368      616      785      808      50       497      914      526      125      418      476      756      642      616      724      299      68       103      506      
19       752      578      726      624      429      356      685      601      326      575      392      759      201      473      256      631      392      657      899      0        697      452      170      824      311      765      863      446      678      643      571      655      589      544      423      757      559      789      409      630      75       732      806      625      603      575      399      564      746      445      38       957      507      821      401      712      751      612      752      346      614      820      641      305      151      212      918      461      124      379      809      500      659      207      262      293      218      693      945      804      731      
20       213      194      474      101      445      514      202      444      586      678      721      130      497      224      523      210      337      201      396      697      0        266      607      526      701      219      537      434      907      760      574      687      721      507      306      79       533      174      530      381      697      86       197      549      128      748      308      690      676      383      677      528      594      179      508      14       140      166      136      414      456      575      80       519      643      704      442      503      661      433      413      243      81       502      503      415      607      483      464      306      706      
21       404      129      552      230      363      388      352      463      445      627      588      307      263      77       346      313      71       329      592      452      266      0        403      636      542      318      662      363      835      716      546      668      665      481      41       340      509      407      431      433      440      282      429      554      225      680      152      632      701      312      439      700      532      428      407      280      298      160      365      269      479      666      238      367      435      512      629      434      399      318      556      207      210      247      324      213      421      541      655      489      715      
22       621      532      561      520      266      187      555      437      156      409      249      693      153      396      97       500      364      527      751      170      607      403      0        658      174      720      698      284      537      482      400      487      427      375      388      656      388      668      239      472      232      658      683      455      496      417      299      400      576      294      132      798      337      704      232      621      688      561      636      207      448      651      540      139      36       110      765      292      257      224      652      381      587      216      112      196      50       526      792      662      562      
23       322      666      98       456      395      471      325      222      522      380      567      652      670      558      568      337      681      333      230      824      526      636      658      0        612      745      41       378      568      413      298      322      412      290      668      483      287      390      426      210      870      611      377      229      443      453      522      401      236      390      787      168      370      419      427      526      665      657      407      494      210      60       468      519      687      687      199      369      869      448      124      430      593      729      563      579      619      132      212      246      282      
24       663      665      522      603      276      191      600      408      117      285      81       805      319      515      196      550      516      575      754      311      701      542      174      612      0        847      653      293      368      339      319      369      288      324      535      734      324      723      202      465      384      766      732      385      577      268      410      269      473      330      276      770      245      761      214      713      803      689      698      290      415      589      625      183      168      101      757      256      420      269      639      459      698      387      217      329      131      483      781      680      448      
25       428      189      692      304      622      674      421      653      741      873      882      98       581      331      654      424      373      419      600      765      219      318      720      745      847      0        755      615      1098     959      774      892      915      706      342      271      734      376      703      595      743      135      396      757      327      939      437      883      891      561      755      737      784      365      680      219      82       159      345      559      666      794      287      665      752      827      649      688      695      595      631      418      166      557      632      526      734      699      668      518      917      
26       328      685      137      474      434      511      339      261      563      419      609      660      706      584      607      357      710      351      211      863      537      662      698      41       653      755      0        417      602      450      339      359      450      331      696      489      328      391      467      244      908      620      377      271      462      492      553      441      268      427      827      131      412      418      468      536      674      675      412      531      249      86       483      559      728      728      174      410      907      486      125      458      607      764      602      614      660      172      183      244      314      
27       370      456      280      332      18       107      308      156      177      265      292      553      298      303      190      259      376      284      472      446      434      363      284      378      293      615      417      0        484      354      185      306      305      126      378      453      152      431      97       187      491      510      440      209      306      325      212      272      354      53       410      513      171      471      79       444      555      469      409      126      170      380      354      146      316      336      482      73       493      72       368      197      452      364      184      219      252      249      509      390      360      
28       783      939      524      806      478      449      740      478      408      230      289      1031     667      784      523      706      831      725      784      678      907      835      537      568      368      1098     602      484      0        159      337      250      187      401      842      909      376      856      403      550      752      988      856      382      780      159      684      216      336      538      644      733      314      895      428      915      1036     953      849      567      471      516      827      481      537      466      763      410      789      517      659      680      934      740      540      642      489      489      780      754      290      
29       626      810      365      661      353      347      586      323      331      89       260      887      586      658      440      555      722      572      626      643      760      716      482      413      339      959      450      354      159      0        186      92       56       254      729      758      226      700      292      394      712      843      699      224      636      72       564      87       190      407      606      581      184      739      315      768      893      820      695      457      315      365      681      391      492      440      606      282      739      401      501      544      793      661      453      542      431      330      623      595      147      
30       446      631      218      474      190      223      402      141      247      108      269      701      463      482      328      369      562      387      475      571      574      546      400      298      319      774      339      185      337      186      0        121      151      68       564      572      40       519      164      213      630      657      520      68       449      186      397      125      178      234      533      463      73       559      179      581      707      639      511      306      136      271      495      274      423      403      466      124      644      248      351      362      608      535      333      398      354      179      487      426      176      
31       541      752      273      589      309      327      504      243      330      84       299      815      570      604      429      478      682      493      534      655      687      668      487      322      369      892      359      306      250      92       121      0        97       189      685      678      160      615      267      312      720      771      613      139      565      137      518      102      110      355      617      490      155      654      287      693      822      759      612      422      233      275      609      376      504      466      514      240      740      364      409      483      726      644      437      513      438      240      531      505      79       
32       597      761      351      620      302      292      553      292      275      43       213      846      530      609      384      519      669      538      613      589      721      665      427      412      288      915      450      305      187      56       151      97       0        214      676      722      189      671      238      364      658      802      671      202      594      41       513      33       208      358      552      580      133      710      261      728      851      773      662      403      286      369      641      335      438      389      598      232      684      348      488      498      750      605      397      487      376      314      617      574      171      
33       389      563      198      407      134      188      340      91       232      171      290      633      417      415      292      305      500      324      438      544      507      481      375      290      324      706      331      126      401      254      68       189      214      0        500      508      28       460      137      160      598      589      463      85       382      245      333      185      228      169      507      446      101      500      143      514      639      570      449      251      93       277      427      240      401      396      436      83       606      194      318      294      540      486      293      344      333      159      460      379      235      
34       445      155      582      272      376      393      391      489      444      640      586      340      241      114      340      351      32       368      631      423      306      41       388      668      535      342      696      378      842      729      564      685      676      500      0        381      528      449      440      464      406      318      470      576      265      689      166      643      723      330      412      738      544      469      415      321      330      190      406      274      505      696      280      366      417      498      668      448      363      327      593      238      248      215      318      207      410      569      695      528      735      
35       161      273      444      136      467      543      174      435      618      679      746      173      556      290      567      203      411      185      329      757      79       340      656      483      734      271      489      453      909      758      572      678      722      508      381      0        533      105      551      367      762      138      125      539      160      753      361      694      655      407      735      466      601      102      531      67       189      245      76       454      445      536      116      555      692      747      378      517      729      465      364      277      159      568      547      469      650      459      397      248      689      
36       410      591      200      434      159      204      363      106      240      146      284      661      439      444      309      330      527      348      449      559      533      509      388      287      324      734      328      152      376      226      40       160      189      28       528      533      0        482      149      178      615      617      484      66       409      222      361      162      203      197      521      447      88       522      159      541      666      599      473      275      104      268      454      256      413      402      443      100      625      218      326      322      568      509      312      368      344      160      466      395      207      
37       74       364      363      178      447      531      123      378      606      628      722      278      590      344      574      173      476      147      224      789      174      407      668      390      723      376      391      431      856      700      519      615      671      460      449      105      482      0        528      306      803      243      22       476      191      705      390      644      579      393      762      361      559      39       511      167      294      339      42       461      385      445      169      553      704      750      273      486      776      459      267      289      256      614      556      495      655      384      292      147      616      
38       464      536      331      428      84       59       404      211      96       205      195      645      303      381      164      356      431      381      552      409      530      431      239      426      202      703      467      97       403      292      164      267      238      137      440      551      149      528      0        263      466      604      536      216      402      249      280      205      342      146      372      576      113      567      24       540      647      553      507      165      219      414      450      110      265      262      556      56       480      113      439      289      543      376      170      250      196      294      582      477      335      
39       233      482      119      290      206      292      192      72       357      322      444      512      464      358      376      171      474      182      289      630      381      433      472      210      465      595      244      187      550      394      213      312      364      160      464      367      178      306      263      0        670      468      306      172      270      400      312      339      295      186      595      327      261      345      255      386      520      480      300      289      79       232      307      334      504      520      295      209      665      250      181      226      431      520      368      371      440      109      322      220      324      
40       772      561      772      632      476      410      707      648      389      642      465      746      215      473      306      653      374      678      929      75       697      440      232      870      384      743      908      491      752      712      630      720      658      598      406      762      615      803      466      670      0        723      821      681      614      645      413      632      807      484      108      996      569      833      455      711      736      596      765      381      662      870      647      358      220      286      951      515      58       422      846      519      650      195      307      313      282      741      979      831      795      
41       293      175      560      182      520      582      288      529      653      760      791      44       535      263      581      296      351      288      467      732      86       282      658      611      766      135      620      510      988      843      657      771      802      589      318      138      617      243      604      468      723      0        264      634      207      829      361      771      763      458      715      604      674      237      581      85       54       139      211      476      541      660      162      582      693      760      516      581      681      502      496      314      73       529      559      462      664      569      536      384      792      
42       74       387      356      199      456      542      132      378      616      629      730      298      608      365      587      184      497      158      204      806      197      429      683      377      732      396      377      440      856      699      520      613      671      463      470      125      484      22       536      306      821      264      0        475      211      706      408      646      573      404      779      341      563      41       520      189      314      362      65       475      385      434      191      565      719      762      253      492      795      470      254      305      279      633      571      512      668      379      272      132      611      
43       402      626      153      453      219      271      365      105      306      162      338      679      502      485      376      340      578      354      412      625      549      554      455      229      385      757      271      209      382      224      68       139      202      85       576      539      66       476      216      172      681      634      475      0        430      241      410      183      147      248      588      395      141      515      225      555      686      631      473      335      94       204      472      323      480      467      401      165      691      278      287      357      592      571      377      428      411      114      421      372      162      
44       179      223      375      26       317      388      130      325      461      552      594      251      403      155      406      106      290      112      367      603      128      225      496      443      577      327      462      306      780      636      449      565      594      382      265      160      409      191      402      270      614      207      211      430      0        621      204      564      564      255      579      482      466      219      380      138      257      214      151      294      338      484      48       396      532      587      407      375      585      308      346      118      161      423      387      311      490      377      432      265      590      
45       632      781      392      647      320      299      586      328      271      78       188      872      530      627      384      550      680      569      653      575      748      680      417      453      268      939      492      325      159      72       186      137      41       245      689      753      222      705      249      400      645      829      706      241      621      0        528      60       247      379      538      622      155      744      273      757      877      794      695      414      323      410      668      337      425      370      639      251      675      362      528      521      774      605      398      494      367      354      658      611      208      
46       360      259      430      225      211      241      295      327      304      475      446      397      199      106      220      243      168      267      527      399      308      152      299      522      410      437      553      212      684      564      397      518      513      333      166      361      361      390      280      312      413      361      408      410      204      528      0        480      557      163      374      614      380      422      256      322      395      280      353      122      343      543      244      227      334      399      556      282      390      167      464      109      291      229      198      107      302      412      583      426      568      
47       572      729      335      589      269      260      526      267      246      21       197      815      499      576      354      490      636      509      596      564      690      632      400      401      269      883      441      272      216      87       125      102      33       185      643      694      162      644      205      339      632      771      646      183      564      60       480      0        212      326      527      570      100      684      228      698      820      741      635      370      262      362      610      304      412      368      583      199      656      315      470      466      718      574      366      455      349      296      603      552      181      
48       505      769      217      586      362      401      481      242      420      192      407      807      641      631      507      467      725      476      462      746      676      701      576      236      473      891      268      354      336      190      178      110      208      228      723      655      203      579      342      295      807      763      573      147      564      247      557      212      0        395      708      398      239      615      357      680      816      771      584      479      227      181      603      453      596      567      435      301      823      421      342      501      726      712      512      572      528      196      449      453      46       
49       336      403      293      282      62       138      272      175      213      318      338      500      279      250      196      220      330      246      457      445      383      312      294      390      330      561      427      53       538      407      234      355      358      169      330      407      197      393      146      186      484      458      404      248      255      379      163      326      395      0        411      512      225      431      124      394      502      415      368      104      191      400      304      163      328      360      472      127      479      70       363      144      398      339      185      190      270      267      500      368      404      
