

sets
i        orders          /0*80/
k        routes          /1*80/
p        positions       /0*80/
;

alias(i,j)
alias(i,h)
alias(i,hh)
alias(i,jj)
alias(k,kk)
                            Parameters

rho(i)	Processing time
/
0	0
1	97
2	54
3	17
4	49
5	91
6	89
7	76
8	33
9	71
10	35
11	5
12	82
13	20
14	64
15	44
16	35
17	91
18	73
19	46
20	37
21	85
22	30
23	28
24	37
25	70
26	88
27	77
28	98
29	82
30	48
31	7
32	18
33	82
34	16
35	78
36	5
37	12
38	78
39	61
40	31
41	17
42	85
43	26
44	68
45	21
46	16
47	68
48	57
49	79
50	70
51	42
52	63
53	60
54	23
55	32
56	67
57	56
58	61
59	16
60	49
61	45
62	57
63	11
64	35
65	34
66	15
67	39
68	96
69	4
70	89
71	97
72	15
73	36
74	57
75	84
76	18
77	82
78	11
79	93
80	81
/

gamma(i)	Duedate
/
0	0
1	27
2	44
3	72
4	53
5	65
6	42
7	39
8	6
9	69
10	17
11	89
12	82
13	5
14	9
15	61
16	31
17	16
18	81
19	71
20	75
21	46
22	87
23	11
24	18
25	74
26	48
27	9
28	75
29	5
30	31
31	31
32	69
33	90
34	91
35	18
36	79
37	56
38	26
39	78
40	31
41	95
42	95
43	78
44	47
45	67
46	6
47	98
48	83
49	82
50	59
51	59
52	35
53	89
54	24
55	64
56	55
57	38
58	96
59	26
60	29
61	21
62	59
63	7
64	37
65	37
66	27
67	35
68	68
69	33
70	56
71	2
72	5
73	30
74	6
75	74
76	96
77	84
78	39
79	81
80	24
/

sigma(i)	Size
/
0	0
1	8
2	1
3	1
4	3
5	8
6	4
7	5
8	7
9	1
10	7
11	9
12	4
13	6
14	7
15	7
16	8
17	6
18	9
19	8
20	5
21	4
22	5
23	9
24	4
25	6
26	7
27	2
28	6
29	2
30	7
31	1
32	8
33	7
34	6
35	7
36	4
37	3
38	8
39	9
40	7
41	3
42	2
43	5
44	4
45	6
46	3
47	5
48	5
49	1
50	4
51	1
52	6
53	1
54	6
55	9
56	5
57	5
58	7
59	5
60	6
61	8
62	3
63	2
64	1
65	5
66	8
67	2
68	1
69	2
70	4
71	1
72	9
73	2
74	5
75	8
76	7
77	1
78	1
79	7
80	3
/

epsilon(i)	Priority
/
0	0
1	9
2	5
3	8
4	8
5	3
6	2
7	7
8	4
9	8
10	9
11	9
12	7
13	1
14	4
15	9
16	8
17	4
18	2
19	4
20	7
21	6
22	7
23	7
24	1
25	9
26	5
27	4
28	1
29	1
30	8
31	4
32	4
33	8
34	2
35	4
36	5
37	2
38	2
39	4
40	1
41	6
42	7
43	6
44	4
45	3
46	8
47	1
48	8
49	9
50	6
51	2
52	3
53	8
54	7
55	9
56	9
57	6
58	3
59	8
60	3
61	9
62	5
63	9
64	5
65	4
66	3
67	8
68	5
69	9
70	1
71	4
72	3
73	5
74	7
75	8
76	3
77	6
78	1
79	1
80	8
/

psi	Vehicle Capacity
/ 121 /
;

Table kappa(i,j)                 Setup
         0        1        2        3        4        5        6        7        8        9        10       11       12       13       14       15       16       17       18       19       20       21       22       23       24       25       26       27       28       29       30       31       32       33       34       35       36       37       38       39       40       41       42       43       44       45       46       47       48       49       50       51       52       53       54       55       56       57       58       59       60       61       62       63       64       65       66       67       68       69       70       71       72       73       74       75       76       77       78       79       80       
0        0        4029     2577     2701     5310     5043     3974     2864     2922     1206     2021     5190     2021     3548     3164     5170     4472     4310     768      1294     3512     3188     2229     1393     5307     2508     3501     2439     1287     305      4068     5595     3133     4297     3446     3357     2716     3914     3893     5412     5911     2575     5100     726      5342     1490     1662     3521     2822     3539     3243     2118     1977     3465     1460     2760     2494     3354     2945     787      2474     2349     5931     5687     5678     5133     1356     5578     1230     4996     328      391      1807     602      2659     539      5627     681      3342     4108     4335     
1        4029     0        6484     6679     4127     3921     617      3090     5821     4833     3049     1734     5797     2007     4696     1815     1676     3186     3956     4216     2349     2248     2329     4633     6928     4929     3439     4456     2768     3903     2040     1872     5852     1120     6016     3446     6196     6441     4914     3975     2942     2398     4224     3438     1956     5514     4272     1982     4467     7428     4368     6148     4074     6268     5111     3069     5339     1689     3970     4763     6502     5239     2759     3798     4301     2573     5168     3962     3309     6673     3993     4078     2226     3695     1725     4491     1598     4700     3201     165      4662     
2        2577     6484     0        390      7688     6322     6317     5289     2111     2588     3780     7377     2280     5510     3598     7325     6562     6767     3069     3310     6052     5088     4338     2000     4711     2632     5859     3027     3730     2814     6635     7846     2397     6531     2684     5707     3043     2956     4309     7831     7835     5125     7429     3052     7913     1228     3624     6088     3407     2492     3942     1056     2970     2411     2524     5190     3742     5931     3914     1790     897      3638     7935     7186     8067     7014     1316     6970     3224     4446     2762     2424     4280     2791     4904     2049     8062     1916     5748     6538     5033     
3        2701     6679     390      0        7670     6676     6542     5305     2501     2532     4064     7638     2086     5794     3974     7591     6835     6782     3111     3289     6113     5376     4589     2301     5093     3007     5849     3386     3912     2911     6718     8096     2787     6779     3073     5695     2794     3336     4692     7827     8136     5198     7397     3241     8040     1249     3578     6172     3774     2119     4311     868      3300     2794     2427     5209     3581     6034     4267     1926     598      3487     8226     7527     8051     7317     1550     7319     3465     4830     2847     2600     4459     2986     5140     2197     8267     2022     5754     6741     5410     
4        5310     4127     7688     7670     0        7925     4717     2446     8149     5142     5927     5749     5827     5855     7755     5860     5799     1097     4652     4382     2111     5901     5342     6617     10126    7508     1830     7208     4793     5014     2100     5671     8314     5246     8590     1981     5631     9067     8255     310      7000     2917     373      5265     2953     6460     4098     2369     7430     7221     7586     6843     6696     8689     5284     2551     4486     2719     7164     6021     7207     4500     6767     7916     382      6701     6642     8057     5593     9828     5032     5634     4460     5476     4998     5828     4683     5852     1968     4284     8276     
5        5043     3921     6322     6676     7925     0        3304     6198     4542     6246     3024     2952     7019     2086     2836     2808     2346     6884     5556     6079     5897     2160     3070     4448     3980     3734     6776     3296     4142     5171     5836     3438     4370     2872     4302     6718     7758     4496     2364     7818     2332     5422     7952     4355     5788     6014     6353     5581     2939     8343     2427     6633     3412     4681     6503     6125     7406     5230     2408     5330     6851     7266     2623     976      8148     1775     5279     674      3814     3846     5264     4773     4032     4441     3094     5139     4479     5413     6521     3793     1622     
6        3974     617      6317     6542     4717     3304     0        3485     5471     4895     2705     1349     5852     1436     4233     1391     1086     3746     4019     4348     2853     1729     2020     4395     6405     4557     3905     4065     2686     3892     2619     1648     5476     552      5615     3895     6326     6022     4390     4576     2459     2741     4797     3321     2536     5429     4455     2495     4030     7462     3880     6079     3728     5890     5179     3450     5550     2172     3499     4661     6420     5439     2322     3199     4903     2001     5003     3352     3096     6159     3988     3963     2185     3564     1423     4390     1792     4621     3657     495      4093     
7        2864     3090     5289     5305     2446     6198     3485     0        5719     2822     3708     4802     3641     4142     5473     4864     4494     1478     2225     2037     1024     4043     3256     4182     7821     5122     673      4867     2471     2569     1717     4958     5895     4026     6182     559      3686     6659     6052     2555     5942     782      2249     2857     3277     4069     1833     1300     5134     5196     5365     4514     4350     6261     3014     105      2605     1454     4958     3584     4888     2555     5805     6441     2814     5401     4200     6492     3243     7516     2590     3190     2275     3052     3104     3384     4388     3419     478      3248     6201     
8        2922     5821     2111     2501     8149     4542     5471     5719     0        3700     2775     6241     3898     4309     1706     6155     5377     7099     3677     4150     6191     3890     3492     1541     2683     931      6379     1445     3451     3226     6619     6762     293      5513     615      6242     4749     1026     2306     8217     6406     5274     7969     2891     7580     2568     4523     6100     1659     4564     2122     2900     1748     543      3796     5614     5087     5844     2265     2421     2921     4952     6574     5480     8503     5596     1863     5215     2671     2395     3241     2553     3927     2673     4097     2494     7261     2609     6197     5823     3075     
9        1206     4833     2588     2532     5142     6246     4895     2822     3700     0        3223     6184     964      4673     4281     6181     5529     4287     878      785      3717     4338     3357     2332     6274     3512     3328     3545     2306     1097     4372     6542     3957     5286     4288     3174     1524     4726     5031     5306     7003     2866     4865     1899     5822     1374     1045     3843     3949     2599     4404     1703     3125     4216     285      2733     1398     3781     4129     1288     2072     1259     6995     6870     5523     6250     1849     6772     2432     5967     998      1527     2725     1809     3704     1299     6412     1106     3250     4938     5516     
10       2021     3049     3780     4064     5927     3024     2705     3708     2775     3223     0        3616     4020     1731     1839     3555     2785     4830     2554     3093     3829     1312     726      1783     4210     1882     4370     1427     1278     2150     4102     4106     2804     2807     2982     4268     4738     3423     2347     5923     4080     3040     5833     1334     4861     3149     3397     3641     1535     5436     1665     3804     1026     3220     3482     3613     4410     3330     1251     2402     4084     4267     4162     3680     6238     3267     2526     3558     791      3918     2241     1778     1469     1423     1323     2177     4498     2451     4135     3048     2536     
11       5190     1734     7377     7638     5749     2952     1349     4802     6241     6184     3616     0        7130     1934     4767     146      866      4879     5316     5674     4081     2358     3050     5394     6651     5309     5173     4795     3914     5145     3718     538      6190     898      6267     5178     7642     6617     4708     5561     1252     4076     5886     4497     3099     6596     5795     3714     4651     8718     4358     7255     4569     6588     6469     4773     6894     3423     4054     5821     7578     6781     1031     2461     5875     1208     6087     2726     4177     6450     5243     5125     3458     4719     2535     5557     1546     5806     4933     1569     4205     
12       2021     5797     2280     2086     5827     7019     5852     3641     3898     964      4020     7130     0        5563     4808     7123     6455     5064     1841     1670     4592     5208     4243     2792     6568     3935     4068     4081     3229     1996     5264     7498     4181     6232     4512     3917     854      4902     5574     6022     7915     3783     5521     2746     6746     1330     1808     4748     4502     1638     4999     1229     3735     4360     689      3563     1506     4710     4780     1742     1511     1425     7921     7699     6209     7147     2082     7577     3236     6271     1896     2247     3674     2602     4630     1889     7375     1623     4031     5902     6139     
13       3548     2007     5510     5794     5855     2086     1436     4142     4309     4673     1731     1934     5563     0        2893     1855     1074     4802     3866     4328     3811     428      1320     3512     4981     3377     4701     2864     2382     3579     3780     2452     4265     1256     4358     4649     6191     4729     2971     5760     2375     3361     5871     2823     3961     4838     4544     3499     2742     7071     2509     5498     2641     4667     4952     4075     5643     3148     2162     4072     5795     5511     2435     2335     6090     1585     4252     2353     2397     4743     3679     3398     2107     3002     1079     3824     3079     4090     4445     1918     2658     
14       3164     4696     3598     3974     7755     2836     4233     5473     1706     4281     1839     4767     4808     2893     0        4664     3906     6660     3894     4444     5665     2518     2509     2015     2372     968      6144     736      3002     3416     5937     5302     1545     4148     1534     6032     5640     1850     766      7759     4776     4850     7648     2734     6600     3583     4801     5481     349      5855     431      4113     1196     1892     4473     5374     5645     5168     734      3077     4254     5500     4971     3777     8072     3985     2789     3508     2249     2078     3478     2786     3296     2647     3034     2990     5964     3223     5920     4658     1435     
15       5170     1815     7325     7591     5860     2808     1391     4864     6155     6181     3555     146      7123     1855     4664     0        780      4977     5317     5686     4164     2282     3008     5336     6525     5224     5249     4709     3900     5133     3818     659      6099     901      6170     5251     7648     6514     4589     5677     1141     4129     5991     4471     3234     6563     5816     3798     4555     8703     4251     7223     4496     6494     6466     4832     6918     3500     3955     5788     7542     6803     945      2315     5992     1061     6041     2580     4136     6326     5232     5094     3457     4688     2511     5526     1693     5778     5008     1649     4076     
16       4472     1676     6562     6835     5799     2346     1086     4494     5377     5529     2785     866      6455     1074     3906     780      0        4832     4680     5086     3927     1502     2272     4568     5846     4445     4955     3931     3226     4459     3704     1397     5324     558      5401     4935     7021     5754     3876     5652     1502     3726     5884     3760     3451     5832     5249     3573     3785     8011     3500     6494     3716     5721     5813     4448     6357     3242     3189     5059     6804     6235     1466     2122     5977     920      5286     2299     3394     5633     4558     4370     2829     3966     1825     4802     2202     5059     4703     1526     3421     
17       4310     3186     6767     6782     1097     6884     3746     1478     7099     4287     4830     4879     5064     4802     6660     4977     4832     0        3700     3505     1017     4827     4246     5577     9032     6432     1013     6121     3710     4022     1161     4874     7254     4290     7524     1158     5001     7999     7158     1118     6117     1835     1068     4208     2450     5548     3270     1302     6336     6562     6488     5985     5612     7635     4464     1576     3866     1654     6067     5049     6358     3849     5909     6929     1417     5746     5659     7050     4513     8735     4051     4613     3364     4428     3913     4839     4007     4888     1037     3350     7185     
18       768      3956     3069     3111     4652     5556     4019     2225     3677     878      2554     5316     1841     3866     3894     5317     4680     3700     0        554      3003     3558     2568     2159     6071     3273     2825     3180     1483     481      3621     5667     3896     4419     4211     2676     2340     4677     4605     4778     6165     2099     4419     1235     5015     1863     907      3079     3547     3472     3938     2376     2698     4219     1160     2125     1855     2978     3610     1373     2753     1712     6146     6117     5027     5429     1999     6044     1792     5761     440      1158     1860     1253     2862     1206     5539     1199     2693     4060     4995     
19       1294     4216     3310     3289     4382     6079     4348     2037     4150     785      3093     5674     1670     4328     4444     5686     5086     3505     554      0        2939     4042     3055     2661     6598     3799     2559     3726     1960     1028     3602     5993     4382     4784     4702     2406     1982     5163     5158     4537     6583     2113     4118     1785     5076     2082     373      3080     4098     3295     4493     2480     3249     4686     999      1948     1329     3041     4164     1765     2852     1191     6544     6610     4762     5869     2388     6550     2341     6288     970      1685     2259     1807     3292     1655     5767     1576     2471     4335     5549     
20       3512     2349     6052     6113     2111     5897     2853     1024     6191     3717     3829     4081     4592     3811     5665     4164     3927     1017     3003     2939     0        3818     3231     4695     8038     5483     1117     5149     2757     3246     693      4157     6329     3405     6587     1158     4695     7060     6147     2093     5287     938      2072     3307     2253     4863     2794     367      5347     6179     5482     5368     4646     6720     3937     1071     3628     685      5059     4284     5745     3573     5108     5991     2410     4847     4868     6093     3560     7743     3292     3775     2371     3544     2898     4051     3460     4140     908      2514     6167     
21       3188     2248     5088     5376     5901     2160     1729     4043     3890     4338     1312     2358     5208     428      2518     2282     1502     4827     3558     4042     3818     0        989      3088     4682     2958     4636     2447     2082     3241     3865     2872     3854     1641     3957     4570     5862     4339     2667     5829     2773     3273     5890     2462     4200     4439     4281     3532     2345     6692     2153     5098     2214     4259     4614     3968     5367     3182     1784     3678     5388     5232     2850     2569     6158     1968     3838     2533     2007     4432     3340     3015     1887     2625     941      3436     3446     3705     4381     2184     2448     
22       2229     2329     4338     4589     5342     3070     2020     3256     3492     3357     726      3050     4243     1320     2509     3008     2272     4246     2568     3055     3231     989      0        2381     4859     2607     3891     2151     1094     2261     3440     3508     3529     2192     3708     3806     4878     4147     2921     5315     3683     2527     5278     1505     4138     3560     3303     3009     2228     5760     2270     4222     1746     3945     3635     3170     4382     2682     1846     2787     4535     4246     3715     3554     5637     2905     3039     3501     1127     4576     2361     2100     991      1697     607      2531     3809     2790     3645     2335     2960     
23       1393     4633     2000     2301     6617     4448     4395     4182     1541     2332     1783     5394     2792     3512     2015     5336     4568     5577     2159     2661     4695     3088     2381     0        3955     1180     4839     1293     2016     1695     5165     5874     1741     4564     2052     4701     3628     2521     2782     6693     5838     3767     6431     1391     6247     1597     3034     4633     1716     3917     2230     2188     1036     2085     2493     4076     3727     4401     2073     1072     2405     3585     5935     5257     6975     5018     831      5070     1325     3646     1719     1015     2540     1151     2971     1039     6172     1235     4660     4666     3375     
24       5307     6928     4711     5093     10126    3980     6405     7821     2683     6274     4210     6651     6568     4981     2372     6525     5846     9032     6071     6598     8038     4682     4859     3955     0        2799     8494     2958     5356     5591     8299     7184     2393     6209     2068     8376     7422     1758     2014     10131    6294     7217     10014    5013     8870     5241     6969     7850     2697     7202     2596     5577     3475     2300     6407     7720     7673     7533     3017     4988     5571     7533     6563     4917     10445    5627     4500     4570     4578     310      5634     4915     5668     4877     5347     4994     8026     5167     8275     6866     2454     
25       2508     4929     2632     3007     7508     3734     4557     5122     931      3512     1882     5309     3935     3377     968      5224     4445     6432     3273     3799     5483     2958     2607     1180     2799     0        5794     514      2726     2794     5858     5830     923      4585     1118     5666     4782     1582     1708     7549     5498     4597     7358     2268     6731     2665     4170     5357     795      4902     1318     3164     872      1338     3672     5019     4906     5078     1372     2247     3291     4763     5656     4642     7848     4683     1871     4398     1923     2488     2835     2116     3149     2102     3204     2216     6343     2414     5592     4923     2403     
26       3501     3439     5859     5849     1830     6776     3905     673      6379     3328     4370     5173     4068     4701     6144     5249     4955     1013     2825     2559     1117     4636     3891     4839     8494     5794     0        5540     3142     3200     1706     5269     6559     4455     6849     153      3987     7325     6716     1978     6359     1369     1599     3527     3233     4632     2293     1479     5806     5550     6030     5032     5023     6922     3488     775      2853     1750     5620     4196     5400     2835     6195     6964     2207     5872     4819     7036     3917     8189     3213     3839     2922     3717     3694     4009     4569     4024     256      3603     6847     
27       2439     4456     3027     3386     7208     3296     4065     4867     1445     3545     1427     4795     4081     2864     736      4709     3931     6121     3180     3726     5149     2447     2151     1293     2958     514      5540     0        2416     2700     5483     5317     1414     4077     1560     5421     4908     1996     1496     7232     4992     4291     7078     2059     6288     2881     4087     4998     422      5180     948      3438     517      1825     3737     4765     4913     4704     895      2345     3609     4768     5146     4180     7538     4175     2093     3950     1624     2651     2757     2057     2785     1944     2736     2254     5845     2489     5326     4443     2089     
28       1287     2768     3730     3912     4793     4142     2686     2471     3451     2306     1278     3914     3229     2382     3002     3900     3226     3710     1483     1960     2757     2082     1094     2016     5356     2726     3142     2416     0        1234     3169     4309     3576     3018     3830     3030     3814     4303     3593     4825     4696     1876     4662     678      4242     2753     2213     2649     2664     4804     2904     3397     1903     3972     2589     2372     3287     2396     2507     1996     3743     3151     4692     4649     5127     3948     2421     4593     803      5053     1333     1311     550      942      1401     1723     4361     1941     2919     2836     3814     
29       305      3903     2814     2911     5014     5171     3892     2569     3226     1097     2150     5145     1996     3579     3416     5133     4459     4022     481      1028     3246     3241     2261     1695     5591     2794     3200     2700     1234     0        3821     5529     3436     4247     3747     3056     2621     4216     4132     5120     5920     2313     4800     816      5133     1673     1387     3273     3070     3574     3471     2267     2221     3769     1374     2465     2285     3124     3153     1037     2634     2140     5924     5776     5383     5159     1636     5683     1366     5281     100      683      1707     786      2634     816      5500     898      3046     3991     4542     
30       4068     2040     6635     6718     2100     5836     2619     1717     6619     4372     4102     3718     5264     3780     5937     3818     3704     1161     3621     3602     693      3865     3440     5165     8299     5858     1706     5483     3169     3821     0        3717     6735     3154     6974     1781     5386     7441     6352     1982     4958     1522     2184     3777     1564     5469     3475     547      5637     6861     5711     5997     4998     7136     4601     1765     4321     780      5287     4852     6374     4267     4748     5817     2312     4611     5414     5956     3953     8013     3876     4298     2708     4028     3006     4607     2899     4719     1541     2201     6288     
31       5595     1872     7846     8096     5671     3438     1648     4958     6762     6542     4106     538      7498     2452     5302     659      1397     4874     5667     5993     4157     2872     3508     5874     7184     5830     5269     5317     4309     5529     3717     0        6716     1316     6798     5290     7972     7151     5246     5462     1474     4270     5840     4919     2879     7026     6087     3791     5181     9103     4895     7683     5076     7116     6827     4940     7174     3532     4587     6253     8013     7067     1171     2864     5764     1667     6546     3156     4630     6985     5626     5554     3826     5150     2963     5986     1174     6228     5040     1721     4735     
32       3133     5852     2397     2787     8314     4370     5476     5895     293      3957     2804     6190     4181     4265     1545     6099     5324     7254     3896     4382     6329     3854     3529     1741     2393     923      6559     1414     3576     3436     6735     6716     0        5489     332      6425     5034     781      2086     8372     6300     5423     8144     3048     7647     2852     4755     6223     1555     4856     1974     3193     1788     415      4063     5790     5349     5956     2165     2672     3214     5213     6479     5320     8663     5497     2133     5044     2782     2104     3457     2756     4031     2843     4127     2729     7259     2859     6371     5846     2863     
33       4297     1120     6531     6779     5246     2872     552      4026     5513     5286     2807     898      6232     1256     4148     901      558      4290     4419     4784     3405     1641     2192     4564     6209     4585     4455     4077     3018     4247     3154     1316     5489     0        5598     4443     6748     5978     4210     5095     1916     3273     5337     3611     2916     5715     4915     3046     3986     7821     3766     6373     3799     5896     5571     3987     6018     2724     3416     4941     6700     5903     1800     2680     5420     1457     5230     2856     3314     5980     4346     4243     2560     3838     1650     4675     1825     4920     4207     967      3826     
34       3446     6016     2684     3073     8590     4302     5615     6182     615      4288     2982     6267     4512     4358     1534     6170     5401     7524     4211     4702     6587     3957     3708     2052     2068     1118     6849     1560     3830     3747     6974     6798     332      5598     0        6716     5364     476      1965     8642     6311     5689     8427     3327     7841     3182     5076     6469     1617     5158     1965     3511     1989     384      4395     6077     5681     6194     2215     3001     3519     5544     6504     5265     8936     5519     2465     4976     3029     1783     3771     3065     4265     3132     4297     3053     7387     3188     6656     6001     2747     
35       3357     3446     5707     5695     1981     6718     3895     559      6242     3174     4268     5178     3917     4649     6032     5251     4935     1158     2676     2406     1158     4570     3806     4701     8376     5666     153      5421     3030     3056     1781     5290     6425     4443     6716     0        3845     7193     6611     2132     6353     1297     1744     3398     3325     4480     2140     1511     5691     5404     5924     4878     4903     6785     3334     657      2714     1760     5517     4048     5246     2693     6196     6926     2359     5850     4672     6990     3798     8070     3067     3699     2830     3584     3629     3863     4619     3876     251      3609     6756     
36       2716     6196     3043     2794     5631     7758     6326     3686     4749     1524     4738     7642     854      6191     5640     7648     7021     5001     2340     1982     4695     5862     4878     3628     7422     4782     3987     4908     3814     2621     5386     7972     5034     6748     5364     3845     0        5750     6404     5859     8506     3995     5297     3422     6924     2182     1957     4907     5327     1591     5815     1990     4541     5206     1256     3626     1146     4930     5576     2563     2196     1151     8486     8394     6006     7763     2935     8293     3946     7125     2523     2997     4196     3316     5203     2680     7736     2426     4004     6316     6948     
37       3914     6441     2956     3336     9067     4496     6022     6659     1026     4726     3423     6617     4902     4729     1850     6514     5754     7999     4677     5163     7060     4339     4147     2521     1758     1582     7325     1996     4303     4216     7441     7151     781      5978     476      7193     5750     0        2132     9118     6591     6165     8904     3804     8284     3573     5536     6939     1994     5447     2268     3851     2447     550      4821     6554     6113     6661     2568     3445     3824     5978     6800     5470     9413     5815     2888     5165     3501     1506     4238     3535     4732     3608     4728     3509     7781     3633     7133     6420     2895     
38       3893     4914     4309     4692     8255     2364     4390     6052     2306     5031     2347     4708     5574     2971     766      4589     3876     7158     4605     5158     6147     2667     2921     2782     2014     1708     6716     1496     3593     4132     6352     5246     2086     4210     1965     6611     6404     2132     0        8236     4517     5386     8174     3412     6860     4348     5508     5931     1082     6609     689      4869     1916     2350     5229     5956     6384     5602     1096     3841     4998     6239     4751     3338     8556     3777     3553     3033     2893     1771     4200     3523     3811     3352     3364     3747     6033     3985     6482     4851     781      
39       5412     3975     7831     7827     310      7818     4576     2555     8217     5306     5923     5561     6022     5760     7759     5677     5652     1118     4778     4537     2093     5829     5315     6693     10131    7549     1978     7232     4825     5120     1982     5462     8372     5095     8642     2132     5859     9118     8236     0        6814     2953     675      5326     2698     6606     4268     2313     7439     7445     7573     7010     6725     8753     5461     2657     4712     2656     7150     6139     7377     4720     6572     7773     330      6544     6754     7926     5628     9836     5144     5723     4463     5546     4941     5936     4447     5974     2085     4129     8227     
40       5911     2942     7835     8136     7000     2332     2459     5942     6406     7003     4080     1252     7915     2375     4776     1141     1502     6117     6165     6583     5287     2773     3683     5838     6294     5498     6359     4992     4696     5920     4958     1474     6300     1916     6311     6353     8506     6591     4517     6814     0        5189     7133     5188     4320     7211     6751     4922     4750     9442     4345     7871     4891     6666     7286     5904     7859     4615     4141     6446     8162     7737     331      1531     7127     822      6607     1869     4772     6140     6021     5773     4324     5375     3302     6199     2648     6465     6113     2777     3867     
41       2575     2398     5125     5198     2917     5422     2741     782      5274     2866     3040     4076     3783     3361     4850     4129     3726     1835     2099     2113     938      3273     2527     3767     7217     4597     1369     4291     1876     2313     1522     4270     5423     3273     5689     1297     3995     6165     5386     2953     5189     0        2797     2384     2963     3948     2041     981      4520     5403     4705     4475     3780     5808     3107     725      3019     936      4289     3350     4852     2937     5064     5659     3252     4628     3930     5709     2678     6917     2363     2837     1575     2615     2331     3114     3810     3210     1119     2548     5486     
42       5100     4224     7429     7397     373      7952     4797     2249     7969     4865     5833     5886     5521     5871     7648     5991     5884     1068     4419     4118     2072     5890     5278     6431     10014    7358     1599     7078     4662     4800     2184     5840     8144     5337     8427     1744     5297     8904     8174     675      7133     2797     0        5100     3198     6200     3819     2371     7317     6888     7498     6562     6563     8511     4996     2354     4154     2722     7079     5791     6922     4174     6911     7989     716      6794     6416     8115     5456     9713     4812     5436     4364     5300     4970     5608     4892     5618     1772     4385     8229     
43       726      3438     3052     3241     5265     4355     3321     2857     2891     1899     1334     4497     2746     2823     2734     4471     3760     4208     1235     1785     3307     2462     1505     1391     5013     2268     3527     2059     678      816      3777     4919     3048     3611     3327     3398     3422     3804     3412     5326     5188     2384     5100     0        4910     2109     2113     3242     2385     4255     2733     2764     1548     3426     2166     2753     3085     3017     2386     1340     3099     2941     5215     4972     5615     4408     1742     4873     557      4704     908      643      1229     264      1962     1069     5026     1309     3329     3500     3766     
44       5342     1956     7913     8040     2953     5788     2536     3277     7580     5822     4861     3099     6746     3961     6600     3234     3451     2450     5015     5076     2253     4200     4138     6247     8870     6731     3233     6288     4242     5133     1564     2879     7647     2916     7841     3325     6924     8284     6860     2698     4320     2963     3198     4910     0        6806     4988     2016     6348     8365     6294     7378     5859     8061     6068     3320     5877     2041     5886     6126     7752     5817     4040     5507     2969     4232     6634     5728     4943     8609     5202     5503     3707     5174     3570     5864     1777     6018     3093     2044     6618     
45       1490     5514     1228     1249     6460     6014     5429     4069     2568     1374     3149     6596     1330     4838     3583     6563     5832     5548     1863     2082     4863     4439     3560     1597     5241     2665     4632     2881     2753     1673     5469     7026     2852     5715     3182     4480     2182     3573     4348     6606     7211     3948     6200     2109     6806     0        2399     4923     3303     2329     3825     661      2618     3034     1352     3972     2633     4791     3666     774      991      2513     7267     6782     6839     6407     795      6617     2443     4946     1604     1471     3288     1876     4064     1040     7111     813      4525     5588     4969     
46       1662     4272     3624     3578     4098     6353     4455     1833     4523     1045     3397     5795     1808     4544     4801     5816     5249     3270     907      373      2794     4281     3303     3034     6969     4170     2293     4087     2213     1387     3475     6087     4755     4915     5076     2140     1957     5536     5508     4268     6751     2041     3819     2113     4988     2399     0        2974     4454     3386     4838     2745     3604     5058     1195     1754     1108     2977     4500     2130     3109     987      6695     6850     4480     6059     2750     6805     2664     6658     1336     2054     2446     2156     3487     2028     5790     1941     2233     4401     5879     
47       3521     1982     6088     6172     2369     5581     2495     1300     6100     3843     3641     3714     4748     3499     5481     3798     3573     1302     3079     3080     367      3532     3009     4633     7850     5357     1479     4998     2649     3273     547      3791     6223     3046     6469     1511     4907     6939     5931     2313     4922     981      2371     3242     2016     4923     2974     0        5172     6356     5275     5456     4505     6621     4078     1327     3871     351      4851     4304     5833     3806     4742     5648     2639     4492     4868     5758     3442     7560     3328     3754     2213     3491     2630     4060     3115     4172     1260     2148     5914     
48       2822     4467     3407     3774     7430     2939     4030     5134     1659     3949     1535     4651     4502     2742     349      4555     3785     6336     3547     4098     5347     2345     2228     1716     2697     795      5806     422      2664     3070     5637     5181     1555     3986     1617     5691     5327     1994     1082     7439     4750     4520     7317     2385     6348     3303     4454     5172     0        5597     537      3855     849      1941     4147     5034     5307     4864     610      2764     4018     5162     4925     3849     7751     3943     2514     3603     1903     2398     3133     2446     2975     2299     2777     2664     5786     2904     5583     4438     1670     
49       3539     7428     2492     2119     7221     8343     7462     5196     4564     2599     5436     8718     1638     7071     5855     8703     8011     6562     3472     3295     6179     6692     5760     3917     7202     4902     5550     5180     4804     3574     6861     9103     4856     7821     5158     5404     1591     5447     6609     7445     9442     5403     6888     4255     8365     2329     3386     6356     5597     0        6128     1742     4945     4902     2327     5126     2735     6335     5990     3035     1642     2726     9470     9098     7597     8655     3091     8941     4686     6932     3477     3676     5278     4069     6195     3261     9011     2989     5548     7530     7268     
