

sets
i        orders          /0*40/
k        routes          /1*40/
p        positions       /0*40/
;

alias(i,j)
alias(i,h)
alias(i,hh)
alias(i,jj)
alias(k,kk)
                            Parameters

rho(i)	Processing time
/
0	0
1	70
2	1
3	12
4	86
5	33
6	43
7	19
8	5
9	38
10	69
11	65
12	59
13	19
14	76
15	1
16	94
17	40
18	79
19	66
20	59
21	38
22	63
23	85
24	82
25	62
26	89
27	59
28	63
29	4
30	34
31	41
32	68
33	50
34	78
35	19
36	41
37	90
38	25
39	76
40	20
/

gamma(i)	Duedate
/
0	0
1	49
2	94
3	6
4	47
5	89
6	10
7	30
8	41
9	15
10	28
11	11
12	43
13	55
14	10
15	41
16	75
17	63
18	88
19	77
20	42
21	49
22	9
23	3
24	5
25	3
26	75
27	77
28	40
29	90
30	47
31	36
32	69
33	74
34	3
35	99
36	14
37	85
38	82
39	17
40	80
/

sigma(i)	Size
/
0	0
1	6
2	4
3	4
4	2
5	1
6	5
7	8
8	2
9	1
10	9
11	2
12	6
13	2
14	8
15	9
16	5
17	9
18	2
19	6
20	6
21	4
22	3
23	9
24	6
25	5
26	7
27	4
28	4
29	3
30	7
31	9
32	8
33	9
34	9
35	9
36	8
37	3
38	1
39	8
40	1
/

epsilon(i)	Priority
/
0	0
1	5
2	2
3	9
4	3
5	7
6	1
7	4
8	1
9	1
10	5
11	2
12	4
13	4
14	2
15	5
16	6
17	8
18	5
19	6
20	9
21	4
22	3
23	6
24	2
25	1
26	2
27	9
28	7
29	9
30	1
31	1
32	2
33	5
34	6
35	5
36	1
37	6
38	5
39	7
40	2
/

psi	Vehicle Capacity
/ 125 /
;

Table kappa(i,j)                 Setup
         0        1        2        3        4        5        6        7        8        9        10       11       12       13       14       15       16       17       18       19       20       21       22       23       24       25       26       27       28       29       30       31       32       33       34       35       36       37       38       39       40       
0        0        2229     3870     3495     2636     1194     4518     628      3835     3417     723      3673     2626     3379     1151     3067     4237     2299     3207     3274     417      3281     1175     3000     721      657      1981     3962     4837     2304     4512     2888     2880     2529     2879     2409     3520     3288     4797     2687     3439     
1        2229     0        3426     3281     2599     1287     3464     1613     1950     1240     1905     2531     1096     1165     2387     1000     2567     3051     1117     3717     2250     2700     1103     2205     1588     1853     1589     2301     3207     2976     3170     806      2156     2446     649      1201     2959     2651     3112     1541     2729     
2        3870     3426     0        456      1240     2963     1161     3516     2621     3342     3152     1259     2383     3946     2832     4206     2223     1973     4252     1430     3499     726      3244     1223     3339     3234     2072     2165     2342     1890     1652     4056     1272     1340     3582     2225     468      775      2443     1897     725      
3        3495     3281     456      0        864      2667     1573     3186     2754     3364     2788     1443     2305     3925     2423     4129     2459     1520     4190     1023     3111     679      2964     1156     3008     2876     1811     2355     2670     1439     2000     3967     1159     990      3517     2095     545      756      2754     1811     801      
4        2636     2599     1240     864      0        1826     2102     2325     2580     2947     1925     1550     1780     3415     1596     3526     2516     948      3607     1148     2259     799      2134     901      2147     2012     1031     2327     2909     842      2338     3348     809      154      2947     1501     963      849      2949     1331     1005     
5        1194     1287     2963     2667     1826     0        3432     623      2648     2327     646      2542     1434     2435     1105     2269     3045     1941     2395     2778     1052     2291     322      1922     478      624      905      2769     3651     1890     3362     2074     1813     1684     1903     1217     2551     2279     3607     1513     2414     
6        4518     3464     1161     1573     2102     3432     0        4046     2029     2960     3800     938      2371     3628     3635     4016     1410     2994     4023     2586     4202     1308     3646     1519     3880     3860     2547     1492     1285     2897     610      3907     1637     2133     3403     2365     1156     1274     1418     2002     1114     
7        628      1613     3516     3186     2325     623      4046     0        3223     2789     524      3164     2024     2772     1145     2494     3655     2220     2631     3147     676      2871     547      2530     178      421      1503     3377     4267     2197     3985     2308     2417     2196     2263     1831     3125     2866     4219     2135     3008     
8        3835     1950     2621     2754     2580     2648     2029     3223     0        999      3251     1363     1217     1669     3437     2139     712      3457     2112     3630     3682     2084     2687     1702     3114     3257     2132     538      1308     3352     1516     2081     1774     2483     1602     1485     2228     2005     1189     1363     1956     
9        3417     1240     3342     3364     2947     2327     2960     2789     999      0        2973     2156     1186     675      3329     1148     1711     3674     1114     4084     3370     2690     2246     2212     2727     2947     2170     1512     2295     3578     2495     1113     2232     2815     690      1497     2896     2618     2164     1617     2623     
10       723      1905     3152     2788     1925     646      3800     524      3251     2973     0        2969     2034     3065     621      2859     3591     1711     2990     2656     435      2558     815      2285     398      105      1277     3321     4173     1695     3814     2666     2164     1813     2536     1780     2797     2565     4144     2020     2716     
11       3673     2531     1259     1443     1550     2542     938      3164     1363     2156     2969     0        1436     2800     2899     3139     1023     2499     3161     2407     3390     832      2735     721      3005     3019     1693     915      1358     2393     850      3016     846      1519     2517     1430     899      756      1400     1070     651      
12       2626     1096     2383     2305     1780     1434     2371     2024     1217     1186     2034     1436     0        1642     2258     1828     1646     2489     1885     2926     2465     1670     1503     1166     1905     2039     1005     1366     2275     2393     2120     1673     1146     1641     1212     317      1915     1611     2211     494      1667     
13       3379     1165     3946     3925     3415     2435     3628     2772     1669     675      3065     2800     1642     0        3517     550      2381     4042     471      4563     3415     3265     2268     2770     2753     3017     2520     2187     2951     3955     3170     607      2770     3272     534      1915     3489     3198     2814     2125     3221     
14       1151     2387     2832     2423     1596     1105     3635     1145     3437     3329     621      2899     2258     3517     0        3375     3664     1148     3499     2123     735      2336     1364     2180     1015     724      1314     3410     4195     1154     3748     3179     2054     1522     2983     1959     2543     2362     4190     2105     2521     
15       3067     1000     4206     4129     3526     2269     4016     2494     2139     1148     2859     3139     1828     550      3375     0        2848     4043     142      4665     3163     3498     2044     2994     2508     2795     2553     2630     3442     3965     3601     195      2972     3376     626      2044     3739     3437     3313     2321     3484     
16       4237     2567     2223     2459     2516     3045     1410     3655     712      1711     3591     1023     1646     2381     3664     2848     0        3454     2823     3430     4027     1851     3146     1621     3523     3616     2359     279      640      3347     840      2782     1729     2456     2293     1828     1914     1774     565      1576     1674     
17       2299     3051     1973     1520     948      1941     2994     2220     3457     3674     1711     2499     2489     4042     1148     4043     3454     0        4146     980      1882     1726     2259     1833     2061     1816     1522     3252     3857     107      3277     3851     1728     997      3530     2176     1838     1785     3897     2125     1935     
18       3207     1117     4252     4190     3607     2395     4023     2631     2112     1114     2990     3161     1885     471      3499     142      2823     4146     0        4749     3299     3550     2175     3047     2642     2928     2647     2615     3407     4066     3592     324      3031     3458     673      2116     3788     3488     3273     2379     3528     
19       3274     3717     1430     1023     1148     2778     2586     3147     3630     4084     2656     2407     2926     4563     2123     4665     3430     980      4749     0        2858     1580     3100     1933     2979     2759     2128     3293     3685     969      3022     4483     1878     1293     4093     2649     1540     1659     3763     2467     1757     
20       417      2250     3499     3111     2259     1052     4202     676      3682     3370     435      3390     2465     3415     735      3163     4027     1882     3299     2858     0        2939     1148     2696     662      428      1703     3757     4606     1889     4237     2975     2573     2162     2894     2215     3168     2952     4579     2455     3107     
21       3281     2700     726      679      799      2291     1308     2871     2084     2690     2558     832      1670     3265     2336     3498     1851     1726     3550     1580     2939     0        2555     503      2697     2629     1387     1714     2160     1624     1552     3343     545      824      2877     1499     267      80       2218     1179     208      
22       1175     1103     3244     2964     2134     322      3646     547      2687     2246     815      2735     1503     2268     1364     2044     3146     2259     2175     3100     1148     2555     0        2156     488      754      1172     2867     3768     2211     3531     1851     2055     1989     1746     1343     2819     2537     3712     1676     2665     
23       3000     2205     1223     1156     901      1922     1519     2530     1702     2212     2285     721      1166     2770     2180     2994     1621     1833     3047     1933     2696     503      2156     0        2362     2343     1028     1425     2058     1725     1567     2839     125      835      2374     1005     754      447      2081     675      530      
24       721      1588     3339     3008     2147     478      3880     178      3114     2727     398      3005     1905     2753     1015     2508     3523     2061     2642     2979     662      2697     488      2362     0        307      1334     3247     4129     2034     3832     2318     2248     2018     2234     1695     2950     2693     4085     1988     2835     
25       657      1853     3234     2876     2012     624      3860     421      3257     2947     105      3019     2039     3017     724      2795     3616     1816     2928     2759     428      2629     754      2343     307      0        1326     3344     4204     1798     3860     2604     2223     1896     2491     1796     2872     2634     4172     2051     2784     
26       1981     1589     2072     1811     1031     905      2547     1503     2132     2170     1277     1693     1005     2520     1314     2553     2359     1522     2647     2128     1703     1387     1172     1028     1334     1326     0        2100     2914     1434     2536     2367     914      877      2014     688      1649     1373     2897     790      1509     
27       3962     2301     2165     2355     2327     2769     1492     3377     538      1512     3321     915      1366     2187     3410     2630     279      3252     2615     3293     3757     1714     2867     1425     3247     3344     2100     0        915      3145     984      2553     1524     2255     2057     1552     1813     1635     845      1312     1555     
28       4837     3207     2342     2670     2909     3651     1285     4267     1308     2295     4173     1358     2275     2951     4195     3442     640      3857     3407     3685     4606     2160     3768     2058     4129     4204     2914     915      0        3751     696      3390     2179     2876     2910     2435     2146     2091     161      2153     1958     
29       2304     2976     1890     1439     842      1890     2897     2197     3352     3578     1695     2393     2393     3955     1154     3965     3347     107      4066     969      1889     1624     2211     1725     2034     1798     1434     3145     3751     0        3174     3774     1620     890      3446     2081     1740     1681     3790     2022     1832     
30       4512     3170     1652     2000     2338     3362     610      3985     1516     2495     3814     850      2120     3170     3748     3601     840      3277     3592     3022     4237     1552     3531     1567     3832     3860     2536     984      696      3174     0        3513     1693     2329     3011     2194     1496     1492     816      1856     1344     
31       2888     806      4056     3967     3348     2074     3907     2308     2081     1113     2666     3016     1673     607      3179     195      2782     3851     324      4483     2975     3343     1851     2839     2318     2604     2367     2553     3390     3774     3513     0        2812     3197     504      1875     3588     3284     3266     2164     3336     
32       2880     2156     1272     1159     809      1813     1637     2417     1774     2232     2164     846      1146     2770     2054     2972     1729     1728     3031     1878     2573     545      2055     125      2248     2223     914      1524     2179     1620     1693     2812     0        730      2358     955      808      503      2198     652      612      
33       2529     2446     1340     990      154      1684     2133     2196     2483     2815     1813     1519     1641     3272     1522     3376     2456     997      3458     1293     2162     824      1989     835      2018     1896     877      2255     2876     890      2329     3197     730      0        2800     1357     1020     862      2908     1204     1022     
34       2879     649      3582     3517     2947     1903     3403     2263     1602     690      2536     2517     1212     534      2983     626      2293     3530     673      4093     2894     2877     1746     2374     2234     2491     2014     2057     2910     3446     3011     504      2358     2800     0        1449     3117     2816     2792     1706     2859     
35       2409     1201     2225     2095     1501     1217     2365     1831     1485     1497     1780     1430     317      1915     1959     2044     1828     2176     2116     2649     2215     1499     1343     1005     1695     1796     688      1552     2435     2081     2194     1875     955      1357     1449     0        1758     1450     2390     364      1532     
36       3520     2959     468      545      963      2551     1156     3125     2228     2896     2797     899      1915     3489     2543     3739     1914     1838     3788     1540     3168     267      2819     754      2950     2872     1649     1813     2146     1740     1496     3588     808      1020     3117     1758     0        307      2223     1429     275      
37       3288     2651     775      756      849      2279     1274     2866     2005     2618     2565     756      1611     3198     2362     3437     1774     1785     3488     1659     2952     80       2537     447      2693     2634     1373     1635     2091     1681     1492     3284     503      862      2816     1450     307      0        2147     1122     160      
38       4797     3112     2443     2754     2949     3607     1418     4219     1189     2164     4144     1400     2211     2814     4190     3313     565      3897     3273     3763     4579     2218     3712     2081     4085     4172     2897     845      161      3790     816      3266     2198     2908     2792     2390     2223     2147     0        2124     2021     
39       2687     1541     1897     1811     1331     1513     2002     2135     1363     1617     2020     1070     494      2125     2105     2321     1576     2125     2379     2467     2455     1179     1676     675      1988     2051     790      1312     2153     2022     1856     2164     652      1204     1706     364      1429     1122     2124     0        1189     
40       3439     2729     725      801      1005     2414     1114     3008     1956     2623     2716     651      1667     3221     2521     3484     1674     1935     3528     1757     3107     208      2665     530      2835     2784     1509     1555     1958     1832     1344     3336     612      1022     2859     1532     275      160      2021     1189     0        
;



Table delta(i,j)                 Distance
         0        1        2        3        4        5        6        7        8        9        10       11       12       13       14       15       16       17       18       19       20       21       22       23       24       25       26       27       28       29       30       31       32       33       34       35       36       37       38       39       40       
0        0        466      800      447      990      216      642      454      1058     613      838      19       272      490      427      928      1146     554      681      107      665      788      765      403      564      646      427      395      415      873      307      145      544      456      656      439      568      587      877      821      544      
1        466      0        342      236      746      258      942      101      832      935      968      452      194      63       226      1013     1006     117      587      377      824      960      902      447      961      194      887      723      733      1122     257      371      424      743      201      126      642      985      983      866      959      
2        800      342      0        425      818      585      1267     401      904      1265     1240     788      533      345      518      1263     1125     246      802      703      1116     1248     1180     752      1302     240      1226     1059     1067     1428     534      686      669      1073     227      372      924      1326     1244     1110     1301     
3        447      236      425      0        983      251      1042     326      1068     1024     1137     442      261      300      430      1197     1237     211      801      340      978      1114     1066     609      1006     400      865      801      817      1250     140      306      634      842      401      110      814      1029     1160     1057     990      
4        990      746      818      983      0        893      971      661      87       1003     717      970      816      683      595      665      316      810      352      970      709      779      699      610      1152     627      1263     917      906      991      969      996      446      869      635      872      572      1169     684      542      1187     
5        216      258      585      251      893      0        791      271      971      772      911      205      80       293      298      982      1101     338      638      120      745      880      838      398      758      447      643      549      565      1004     126      117      476      591      456      224      599      781      939      853      745      
6        642      942      1267     1042     971      791      0        866      993      51       363      636      790      923      750      480      933      1059     636      733      269      275      323      520      243      1040     503      247      228      242      914      779      656      201      1054     988      414      247      420      484      299      
7        454      101      401      326      661      271      866      0        745      863      872      438      193      58       128      914      910      211      486      383      732      868      807      358      905      196      860      658      666      1036     314      389      323      671      208      218      547      929      885      766      908      
8        1058     832      904      1068     87       971      993      745      0        1027     712      1039     895      769      673      648      242      897      399      1044     725      782      704      669      1185     715      1313     959      946      991      1051     1072     514      906      723      958      608      1201     674      540      1223     
9        613      935      1265     1024     1003     772      51       863      1027     0        413      609      776      920      751      529      976      1051     663      708      308      325      370      525      192      1042     453      223      207      285      894      753      670      192      1056     975      438      197      469      528      248      
10       838      968      1240     1137     717      911      363      872      712      413      0        825      877      928      744      116      599      1083     461      899      172      88       73       528      605      999      841      497      474      280      1036     944      571      419      1013     1054     326      610      56       174      659      
11       19       452      788      442      970      205      636      438      1039     609      825      0        257      475      409      914      1128     542      662      103      653      777      752      385      566      630      438      389      409      866      302      145      525      448      641      429      552      589      864      806      548      
12       272      194      533      261      816      80       790      193      895      776      877      257      0        220      221      941      1032     292      574      190      717      853      806      353      781      376      693      556      569      991      169      196      408      589      386      198      557      805      902      806      774      
13       490      63       345      300      683      293      923      58       769      920      928      475      220      0        185      968      945      157      533      410      790      925      863      416      958      155      904      714      722      1094     312      410      373      728      166      189      603      982      940      819      960      
14       427      226      518      430      595      298      750      128      673      751      744      409      221      185      0        787      816      339      371      384      605      740      679      234      810      291      798      556      561      911      381      405      204      560      305      328      419      833      757      640      819      
15       928      1013     1263     1197     665      982      480      914      648      529      116      914      941      968      787      0        506      1125     463      981      272      204      174      588      721      1023     955      605      583      370      1105     1026     598      528      1036     1108     383      727      60       153      775      
16       1146     1006     1125     1237     316      1101     933      910      242      976      599      1128     1032     945      816      506      0        1087     467      1154     668      682      615      743      1154     919      1329     962      945      874      1197     1188     624      896      928      1129     615      1166     549      449      1200     
17       554      117      246      211      810      338      1059     211      897      1051     1083     542      292      157      339      1125     1087     0        688      456      941      1077     1017     565      1071     195      981      837      847      1240     293      440      530      860      194      129      758      1095     1096     976      1066     
18       681      587      802      801      352      638      636      486      399      663      461      662      574      533      371      463      467      688      0        686      391      495      416      279      801      564      914      564      553      703      742      721      167      517      577      699      225      819      452      310      835      
19       107      377      703      340      970      120      733      383      1044     708      899      103      190      410      384      981      1154     456      686      0        728      857      826      420      669      565      530      486      505      958      200      46       535      540      575      336      607      693      934      863      650      
20       665      824      1116     978      709      745      269      732      725      308      172      653      717      790      605      272      668      941      391      728      0        136      100      377      487      878      693      334      312      318      871      774      457      257      892      900      194      498      215      223      535      
21       788      960      1248     1114     779      880      275      868      782      325      88       777      853      925      740      204      682      1077     495      857      136      0        80       513      518      1008     760      428      405      212      1006     903      583      351      1023     1037     324      523      145      243      573      
22       765      902      1180     1066     699      838      323      807      704      370      73       752      806      863      679      174      615      1017     416      826      100      80       0        458      558      940      782      430      408      293      964      871      512      353      954      984      260      566      116      168      610      
23       403      447      752      609      610      398      520      358      669      525      528      385      353      416      234      588      743      565      279      420      377      513      458      0        610      521      661      353      352      678      517      460      174      339      535      526      205      631      550      455      629      
24       564      961      1302     1006     1152     758      243      905      1185     192      605      566      781      958      810      721      1154     1071     801      669      487      518      558      610      0        1096     284      256      258      455      868      710      775      284      1110     977      579      23       661      710      57       
25       646      194      240      400      627      447      1040     196      715      1042     999      630      376      155      291      1023     919      195      564      565      878      1008     940      521      1096     0        1056     846      851      1192     449      563      428      851      14       299      684      1120     1003     870      1102     
26       427      887      1226     865      1263     643      503      860      1313     453      841      438      693      904      798      955      1329     981      914      530      693      760      782      661      284      1056     0        368      386      734      726      558      835      439      1068     866      716      297      895      910      231      
27       395      723      1059     801      917      549      247      658      959      223      497      389      556      714      556      605      962      837      564      486      334      428      430      353      256      846      368      0        23       480      670      531      521      77       859      755      353      278      547      545      277      
28       415      733      1067     817      906      565      228      666      946      207      474      409      569      722      561      583      945      847      553      505      312      405      408      352      258      851      386      23       0        458      687      550      517      55       865      768      339      279      524      524      283      
29       873      1122     1428     1250     991      1004     242      1036     991      285      280      866      991      1094     911      370      874      1240     703      958      318      212      293      678      455      1192     734      480      458      0        1129     1005     775      418      1206     1185     512      450      325      451      513      
30       307      257      534      140      969      126      914      314      1051     894      1036     302      169      312      381      1105     1197     293      742      200      871      1006     964      517      868      449      726      670      687      1129     0        167      576      716      455      164      721      891      1063     972      851      
31       145      371      686      306      996      117      779      389      1072     753      944      145      196      410      405      1026     1188     440      721      46       774      903      871      460      710      563      558      531      550      1005     167      0        566      586      572      316      650      733      979      906      689      
32       544      424      669      634      446      476      656      323      514      670      571      525      408      373      204      598      624      530      167      535      457      583      512      174      775      428      835      521      517      775      576      566      0        495      442      532      262      796      575      448      798      
33       456      743      1073     842      869      591      201      671      906      192      419      448      589      728      560      528      896      860      517      540      257      351      353      339      284      851      439      77       55       418      716      586      495      0        865      787      297      303      469      471      317      
34       656      201      227      401      635      456      1054     208      723      1056     1013     641      386      166      305      1036     928      194      577      575      892      1023     954      535      1110     14       1068     859      865      1206     455      572      442      865      0        302      698      1133     1017     883      1115     
35       439      126      372      110      872      224      988      218      958      975      1054     429      198      189      328      1108     1129     129      699      336      900      1037     984      526      977      299      866      755      768      1185     164      316      532      787      302      0        728      1000     1073     965      967      
36       568      642      924      814      572      599      414      547      608      438      326      552      557      603      419      383      615      758      225      607      194      324      260      205      579      684      716      353      339      512      721      650      262      297      698      728      0        596      345      256      615      
37       587      985      1326     1029     1169     781      247      929      1201     197      610      589      805      982      833      727      1166     1095     819      693      498      523      566      631      23       1120     297      278      279      450      891      733      796      303      1133     1000     596      0        667      721      66       
38       877      983      1244     1160     684      939      420      885      674      469      56       864      902      940      757      60       549      1096     452      934      215      145      116      550      661      1003     895      547      524      325      1063     979      575      469      1017     1073     345      667      0        147      715      
39       821      866      1110     1057     542      853      484      766      540      528      174      806      806      819      640      153      449      976      310      863      223      243      168      455      710      870      910      545      524      451      972      906      448      471      883      965      256      721      147      0        759      
40       544      959      1301     990      1187     745      299      908      1223     248      659      548      774      960      819      775      1200     1066     835      650      535      573      610      629      57       1102     231      277      283      513      851      689      798      317      1115     967      615      66       715      759      0        
;

