
sets
i        orders          /0*5/
k        routes          /1*5/
p        positions       /0*5/
;

alias(i,j)
alias(i,h)
alias(i,hh)
alias(i,jj)
alias(k,kk)
                
                    Parameters

rho(i)	Processing time
/
0	0
1	54
2	85
3	85
4	20
5	83
/

gamma(i)	Duedate
/
0	0
1	64
2	55
3	89
4	16
5	12
/

sigma(i)	Size
/
0	0
1	9
2	9
3	8
4	7
5	3
/

epsilon(i)	Priority
/
0	0
1	9
2	2
3	3
4	6
5	6
/

psi	Vehicle Capacity
/ 29 /
;

Table kappa(i,j)                 Setup
         0        1        2        3        4        5        
0        0        60       139      161      97       119      
1        60       0        102      142      47       123      
2        139      102      0        56       56       86       
3        161      142      56       0        104      61       
4        97       47       56       104      0        104      
5        119      123      86       61       104      0        
;



Table delta(i,j)                 Distance
         0        1        2        3        4        5        
0        0        1190     1070     950      790      1370     
1        1190     0        12       128      45       125      
2        1070     12       0        118      36       119      
3        950      128      118      0        119      51       
4        790      45       36       119      0        134      
5        1370     125      119      51       134      0        
;

