
sets
i        orders          /0*5/
k        routes          /1*5/
p        positions       /0*5/
;

alias(i,j)
alias(i,h)
alias(i,hh)
alias(i,jj)
alias(k,kk)
                
                    Parameters

rho(i)	Processing time
/
0	0
1	53
2	87
3	96
4	81
5	50
/

gamma(i)	Duedate
/
0	0
1	6
2	86
3	50
4	65
5	33
/

sigma(i)	Size
/
0	0
1	7
2	6
3	5
4	7
5	9
/

epsilon(i)	Priority
/
0	0
1	7
2	6
3	7
4	8
5	8
/

psi	Vehicle Capacity
/ 39 /
;

Table kappa(i,j)                 Setup
         0        1        2        3        4        5        
0        0        104      27       58       106      10       
1        104      0        102      47       97       112      
2        27       102      0        62       82       36       
3        58       47       62       0        95       65       
4        106      97       82       95       0        117      
5        10       112      36       65       117      0        
;



Table delta(i,j)                 Distance
         0        1        2        3        4        5        
0        0        690      1080     610      920      380      
1        690      0        177      33       86       84       
2        1080     177      0        161      161      115      
3        610      33       161      0        53       90       
4        920      86       161      53       0        128      
5        380      84       115      90       128      0        
;

