

sets
i        orders          /0*80/
k        routes          /1*80/
p        positions       /0*80/
;

alias(i,j)
alias(i,h)
alias(i,hh)
alias(i,jj)
alias(k,kk)
                            Parameters

rho(i)	Processing time
/
0	0
1	68
2	50
3	33
4	76
5	40
6	25
7	74
8	3
9	5
10	65
11	90
12	41
13	59
14	9
15	44
16	77
17	74
18	71
19	63
20	58
21	84
22	15
23	2
24	56
25	4
26	52
27	32
28	60
29	99
30	26
31	21
32	55
33	81
34	52
35	28
36	89
37	86
38	47
39	94
40	8
41	9
42	50
43	74
44	59
45	61
46	48
47	69
48	85
49	3
50	19
51	96
52	89
53	11
54	95
55	28
56	97
57	15
58	88
59	20
60	14
61	72
62	90
63	11
64	80
65	16
66	21
67	4
68	13
69	18
70	19
71	14
72	40
73	3
74	10
75	92
76	53
77	75
78	34
79	18
80	61
/

gamma(i)	Duedate
/
0	0
1	18
2	15
3	93
4	94
5	59
6	64
7	4
8	91
9	58
10	85
11	44
12	68
13	92
14	27
15	34
16	73
17	82
18	7
19	76
20	5
21	57
22	49
23	88
24	78
25	29
26	69
27	70
28	70
29	51
30	61
31	19
32	19
33	38
34	88
35	90
36	82
37	61
38	66
39	93
40	88
41	36
42	21
43	71
44	91
45	39
46	22
47	21
48	51
49	44
50	23
51	16
52	99
53	88
54	61
55	79
56	27
57	49
58	79
59	14
60	92
61	98
62	30
63	58
64	50
65	82
66	60
67	7
68	42
69	42
70	22
71	20
72	3
73	52
74	60
75	17
76	74
77	76
78	55
79	38
80	49
/

sigma(i)	Size
/
0	0
1	9
2	1
3	5
4	7
5	4
6	7
7	7
8	3
9	6
10	4
11	3
12	6
13	4
14	6
15	7
16	7
17	2
18	2
19	1
20	4
21	7
22	1
23	2
24	9
25	5
26	3
27	2
28	7
29	1
30	7
31	3
32	9
33	1
34	3
35	5
36	3
37	2
38	3
39	1
40	8
41	4
42	5
43	3
44	2
45	9
46	4
47	3
48	1
49	6
50	8
51	6
52	4
53	6
54	8
55	2
56	7
57	1
58	8
59	1
60	6
61	1
62	4
63	5
64	7
65	6
66	6
67	2
68	2
69	1
70	7
71	4
72	5
73	2
74	3
75	5
76	1
77	5
78	2
79	6
80	7
/

epsilon(i)	Priority
/
0	0
1	6
2	8
3	8
4	4
5	5
6	8
7	3
8	1
9	3
10	4
11	7
12	2
13	7
14	1
15	2
16	6
17	2
18	7
19	3
20	4
21	3
22	8
23	6
24	5
25	1
26	9
27	9
28	6
29	9
30	3
31	8
32	4
33	4
34	6
35	4
36	4
37	3
38	5
39	6
40	9
41	5
42	4
43	9
44	9
45	6
46	3
47	4
48	3
49	3
50	3
51	5
52	3
53	7
54	2
55	2
56	1
57	6
58	5
59	4
60	7
61	7
62	1
63	6
64	2
65	4
66	6
67	3
68	9
69	9
70	4
71	4
72	5
73	8
74	6
75	3
76	2
77	8
78	5
79	8
80	2
/

psi	Vehicle Capacity
/ 45 /
;

Table kappa(i,j)                 Setup
         0        1        2        3        4        5        6        7        8        9        10       11       12       13       14       15       16       17       18       19       20       21       22       23       24       25       26       27       28       29       30       31       32       33       34       35       36       37       38       39       40       41       42       43       44       45       46       47       48       49       50       51       52       53       54       55       56       57       58       59       60       61       62       63       64       65       66       67       68       69       70       71       72       73       74       75       76       77       78       79       80       
0        0        505      234      659      605      172      476      554      682      512      715      319      132      557      545      222      472      49       333      593      133      396      549      261      207      569      613      75       469      498      451      119      602      479      242      196      352      606      596      189      186      492      534      489      698      500      367      59       723      213      569      491      653      358      237      485      117      501      519      728      659      194      363      610      225      470      289      441      767      292      604      305      604      447      351      421      270      495      133      284      712      
1        505      0        400      158      515      591      178      453      179      743      469      294      441      783      781      345      92       508      192      93       524      353      94       245      411      579      126      537      90       230      640      547      565      427      318      374      631      585      289      342      398      38       787      832      255      527      589      481      523      355      160      623      591      260      586      770      509      824      109      580      461      547      704      496      459      598      218      352      522      219      349      730      580      419      193      573      624      89       379      429      379      
2        234      400      0        528      371      212      297      320      576      377      486      374      296      422      415      66       331      273      307      465      348      166      404      226      27       347      526      207      330      300      285      189      374      245      86       304      239      380      388      260      314      405      414      435      521      276      212      263      490      306      399      301      424      164      453      385      328      431      366      494      427      406      305      376      58       276      210      211      536      200      383      337      378      213      207      232      224      351      219      60       498      
3        659      158      528      0        543      731      246      491      86       836      442      445      599      871      873      481      196      664      350      66       682      439      124      401      544      631      125      685      199      278      732      691      603      489      454      532      744      626      282      500      556      183      881      945      155      592      695      638      507      513      158      702      616      370      743      874      667      932      164      576      457      705      823      519      586      680      370      424      486      368      348      865      620      490      325      664      751      176      536      545      325      
4        605      515      371      543      0        531      337      64       625      387      189      670      659      403      413      403      424      645      562      513      718      226      447      515      398      114      620      567      427      285      306      535      65       128      398      647      395      89       263      597      663      545      431      549      433      135      334      634      150      642      388      244      76       318      822      454      698      522      412      125      123      774      482      28       386      237      473      192      213      457      200      590      83       159      395      262      470      426      575      322      289      
5        172      591      212      731      531      0        509      494      770      352      678      471      302      395      381      250      534      219      452      666      300      367      610      369      191      467      712      97       532      513      309      56       511      421      276      356      197      509      598      335      352      588      368      317      733      406      230      231      669      370      610      362      563      376      397      316      287      329      573      656      614      359      191      544      164      346      377      410      723      374      587      145      509      390      406      299      103      555      275      228      706      
6        476      178      297      246      337      509      0        275      314      590      315      384      459      626      627      265      87       495      266      196      538      193      126      259      317      403      291      482      90       54       485      477      387      253      239      413      499      407      143      367      436      208      635      699      225      355      448      473      360      400      102      459      413      132      624      627      520      686      85       409      293      579      581      318      352      435      213      181      370      202      187      633      402      249      129      417      514      90       378      303      257      
7        554      453      320      491      64       494      275      0        571      396      192      606      601      419      426      346      362      592      497      457      663      165      389      451      346      142      562      521      365      225      304      493      113      74       338      586      378      135      217      536      603      483      441      548      391      129      316      579      175      580      334      250      139      254      766      456      643      524      353      175      124      717      467      58       341      236      409      129      230      394      160      566      129      106      331      249      443      365      516      275      267      
8        682      179      576      86       625      770      314      571      0        903      528      433      606      940      940      523      248      680      355      118      688      506      188      420      589      709      78       716      248      352      798      726      684      563      496      534      801      706      366      509      558      189      948      1003     237      667      756      653      593      514      237      773      699      426      738      936      675      993      228      661      543      703      878      601      635      750      397      495      572      398      432      909      701      562      369      731      800      232      552      600      411      
9        512      743      377      836      387      352      590      396      903      0        576      749      628      46       38       444      658      561      684      785      646      397      716      603      384      275      869      441      658      560      104      396      330      360      461      662      159      312      597      624      665      758      46       172      770      267      165      567      533      669      681      145      367      483      747      76       630      141      675      482      509      706      180      413      332      162      585      413      598      573      551      306      316      350      557      172      248      672      573      327      663      
10       715      469      486      442      189      678      315      192      528      576      0        697      738      593      603      495      392      748      579      434      810      320      381      558      513      303      546      693      397      263      492      670      251      258      480      708      571      273      180      659      728      506      620      736      300      316      508      731      69       698      313      433      231      371      907      642      790      710      360      145      69       859      659      163      518      423      512      275      55       498      128      758      268      288      424      441      634      384      653      451      126      
11       319      294      374      445      670      471      384      606      433      749      697      0        202      794      786      310      323      296      118      386      272      449      378      158      365      690      355      383      318      433      659      415      699      549      299      126      599      712      527      135      143      262      783      776      546      621      584      270      734      107      431      672      740      351      306      746      264      780      370      771      666      275      642      662      416      646      197      478      753      213      568      615      709      525      278      605      547      340      195      431      638      
12       132      441      296      599      659      302      459      601      606      628      738      202      0        674      663      255      432      97       251      534      83       435      503      205      275      644      532      206      427      494      556      247      668      530      263      76       469      676      594      99       58       419      654      619      665      573      473      74       759      96       538      587      717      367      168      609      68       630      481      776      691      120      490      659      312      564      247      476      793      257      616      437      673      500      329      516      395      453      85       355      713      
13       557      783      422      871      403      395      626      419      940      46       593      794      674      0        18       488      696      606      728      822      691      434      752      648      429      289      908      486      697      594      143      440      343      390      505      708      205      323      626      670      711      799      40       183      800      292      210      612      546      715      716      171      376      523      791      98       675      148      711      490      527      751      217      431      378      192      629      448      611      617      577      340      328      382      598      210      292      709      619      371      685      
14       545      781      415      873      413      381      627      426      940      38       603      786      663      18       0        482      696      593      722      822      678      434      753      642      421      299      907      472      696      596      142      427      353      394      500      698      193      334      631      661      701      796      23       165      805      298      203      600      557      705      718      177      388      521      778      80       662      131      712      502      536      738      201      440      370      196      623      450      622      612      583      323      339      385      595      209      278      709      609      366      693      
15       222      345      66       481      403      250      265      346      523      444      495      310      255      488      482      0        284      253      241      417      317      181      360      159      68       395      468      218      282      279      350      213      415      275      26       250      304      424      375      203      263      346      481      499      490      324      279      236      508      249      364      363      463      138      419      451      298      495      324      522      442      371      366      404      119      337      145      224      548      136      381      386      421      245      156      295      280      305      172      121      491      
16       472      92       331      196      424      534      87       362      248      658      392      323      432      696      696      284      0        484      206      134      514      263      77       226      347      487      212      492      5        140      554      495      473      335      257      375      553      493      213      334      399      121      702      755      233      435      508      459      442      359      109      534      500      178      590      689      497      744      49       494      377      547      630      406      390      509      187      261      447      181      267      668      488      327      128      486      555      22       358      352      317      
17       49       508      273      664      645      219      495      592      680      561      748      296      97       606      593      253      484      0        327      598      84       432      559      263      247      614      609      122      480      522      500      167      645      519      270      169      401      650      621      174      155      491      583      534      713      544      416      27       760      188      584      539      696      385      189      533      68       548      532      767      694      145      410      649      270      518      297      476      801      303      633      345      648      487      367      469      318      506      128      326      739      
18       333      192      307      350      562      452      266      497      355      684      579      118      251      728      722      241      206      327      0        286      333      348      267      85       306      592      282      380      201      315      587      400      595      445      222      182      545      611      408      154      206      168      722      735      434      526      519      299      618      163      315      591      634      245      394      692      320      734      255      657      550      354      601      551      359      565      100      371      635      114      450      598      606      424      166      527      510      225      200      357      520      
19       593      93       465      66       513      666      196      457      118      785      434      386      534      822      822      417      134      598      286      0        617      388      70       334      480      593      112      619      135      235      681      625      570      446      390      467      686      592      262      435      492      123      830      888      177      549      639      571      495      449      126      655      588      311      680      819      602      877      110      560      440      641      764      491      524      632      303      377      482      301      327      802      587      444      261      613      689      116      469      486      328      
20       133      524      348      682      718      300      538      663      688      646      810      272      83       691      678      317      514      84       333      617      0        499      586      287      323      693      613      205      510      571      584      250      722      590      330      153      486      728      672      182      131      502      667      614      747      622      501      86       826      173      619      622      772      440      106      616      19       629      563      838      759      61       492      721      351      601      329      542      863      338      690      419      726      559      409      552      402      535      160      404      790      
21       396      353      166      439      226      367      193      165      506      397      320      449      435      434      434      181      263      432      348      388      499      0        319      291      193      244      476      373      264      169      292      352      249      100      172      420      312      263      236      371      437      373      441      510      392      181      258      417      327      416      288      270      292      104      601      434      479      495      278      340      263      553      398      223      203      245      252      45       370      237      220      469      259      76       187      224      345      276      350      139      339      
22       549      94       404      124      447      610      126      389      188      716      381      378      503      752      753      360      77       559      267      70       586      319      0        299      421      524      173      570      80       166      611      572      502      376      333      443      620      524      203      405      467      132      760      821      167      479      572      534      438      426      68       585      522      246      658      751      570      809      41       500      380      616      699      425      463      562      262      307      432      257      266      742      518      374      205      543      627      55       433      421      286      
23       261      245      226      401      515      369      259      451      420      603      558      158      205      648      642      159      226      263      85       334      287      291      299      0        222      531      352      300      222      301      509      318      541      392      144      153      461      554      400      108      176      231      640      650      460      463      438      237      589      140      333      518      583      197      366      609      271      650      276      620      520      321      516      508      275      492      47       322      614      60       431      514      550      367      135      451      425      248      134      278      517      
24       207      411      27       544      398      191      317      346      589      384      513      365      275      429      421      68       347      247      306      480      323      193      421      222      0        370      536      180      345      323      296      164      398      272      93       287      239      404      413      245      296      414      419      431      542      299      219      238      517      291      419      317      449      185      429      386      304      428      383      521      455      382      298      403      52       292      213      238      563      204      409      321      402      240      220      246      212      367      201      80       524      
25       569      579      347      631      114      467      403      142      709      275      303      690      644      289      299      395      487      614      592      593      693      244      524      531      370      0        695      520      489      358      203      483      55       152      397      645      306      42       360      598      658      605      318      441      534      71       249      607      258      644      473      138      101      348      799      344      674      412      486      212      237      752      387      141      344      136      495      229      323      480      302      503      44       168      430      174      392      494      565      289      401      
26       613      126      526      125      620      712      291      562      78       869      546      355      532      908      907      468      212      609      282      112      613      476      173      352      536      695      0        652      211      337      765      665      675      544      443      459      758      697      373      436      482      123      913      959      277      646      716      582      607      439      237      746      696      386      660      897      601      950      208      671      551      626      830      599      584      721      335      471      594      338      438      853      691      539      320      698      749      201      482      555      438      
27       75       537      207      685      567      97       482      521      716      441      693      383      206      486      472      218      492      122      380      619      205      373      570      300      180      520      652      0        489      497      386      45       557      446      242      264      282      558      590      248      257      529      461      414      708      453      303      134      695      279      580      431      609      356      305      411      190      426      536      692      633      265      288      575      181      411      318      419      742      318      590      233      557      414      365      362      196      514      189      246      704      
28       469      90       330      199      427      532      90       365      248      658      397      318      427      697      696      282      5        480      201      135      510      264      80       222      345      489      211      489      0        144      554      493      476      337      255      370      553      496      218      330      394      118      702      754      238      437      508      455      446      354      114      535      503      177      585      689      493      744      54       498      381      542      629      409      388      510      183      262      451      177      271      666      490      329      126      487      554      26       354      351      322      
29       498      230      300      278      285      513      54       225      352      560      263      433      494      594      596      279      140      522      315      235      571      169      166      301      323      358      337      497      144      0        456      487      338      211      256      453      482      359      100      406      475      261      606      680      224      314      428      501      306      441      121      425      361      141      661      603      552      664      128      355      239      614      567      266      351      402      254      146      319      241      135      629      353      212      166      389      507      141      411      296      218      
30       451      640      285      732      306      309      485      304      798      104      492      659      556      143      142      350      554      500      587      681      584      292      611      509      296      203      765      386      554      456      0        342      258      261      366      581      117      244      498      540      587      655      149      244      669      175      83       501      456      586      578      66       303      379      688      152      567      220      570      415      423      645      186      330      248      69       488      310      520      475      454      309      247      247      455      67       214      567      493      231      569      
31       119      547      189      691      535      56       477      493      726      396      670      415      247      440      427      213      495      167      400      625      250      352      572      318      164      483      665      45       493      487      342      0        522      418      239      300      237      522      577      279      295      542      416      372      703      417      259      177      667      313      577      389      574      347      351      366      235      383      537      661      608      311      244      546      152      370      330      397      717      328      571      200      522      386      367      321      151      517      219      219      688      
32       602      565      374      603      65       511      387      113      684      330      251      699      668      343      353      415      473      645      595      570      722      249      502      541      398      55       675      557      476      338      258      522      0        150      413      664      358      23       326      615      678      593      372      496      497      105      299      636      203      661      447      193      52       349      827      400      702      468      466      157      188      780      440      94       378      190      501      225      268      486      264      555      17       174      430      224      440      477      587      319      355      
33       479      427      245      489      128      421      253      74       563      360      258      549      530      390      394      275      335      519      445      446      590      100      376      392      272      152      544      446      337      211      261      418      150      0        270      519      318      165      237      470      535      452      406      500      410      103      257      506      249      515      331      218      191      199      694      413      571      479      337      248      192      646      407      130      266      198      351      77       301      336      195      500      161      32       281      198      376      343      447      200      313      
34       242      318      86       454      398      276      239      338      496      461      480      299      263      505      500      26       257      270      222      390      330      172      333      144      93       397      443      242      255      256      366      239      413      270      0        250      326      424      353      201      265      321      499      522      465      327      297      251      496      247      338      374      460      116      429      472      310      518      297      513      429      381      390      396      143      348      124      213      533      114      363      412      421      241      129      307      306      278      178      134      470      
35       196      374      304      532      647      356      413      586      534      662      708      126      76       708      698      250      375      169      182      467      153      420      443      153      287      645      459      264      370      453      581      300      664      519      250      0        505      674      553      49       24       350      691      669      608      574      501      144      734      20       483      604      710      339      215      650      142      677      424      759      666      173      537      644      333      580      199      457      763      212      582      497      671      491      287      534      441      395      89       364      670      
36       352      631      239      744      395      197      499      378      801      159      571      599      469      205      193      304      553      401      545      686      486      312      620      461      239      306      758      282      553      482      117      237      358      318      326      505      0        349      542      470      508      640      186      201      705      260      62       407      545      514      598      179      407      375      588      148      470      193      579      513      502      547      89       416      186      170      449      344      606      440      511      197      350      295      438      134      97       570      417      202      630      
37       606      585      380      626      89       509      407      135      706      312      273      712      676      323      334      424      493      650      611      592      728      263      524      554      404      42       697      558      496      359      244      522      23       165      424      674      349      0        349      626      688      613      353      480      521      106      291      642      223      672      469      179      58       365      833      383      708      451      488      171      210      786      429      117      381      179      516      242      288      501      288      546      5        187      447      216      434      498      596      323      378      
38       596      289      388      282      263      598      143      217      366      597      180      527      594      626      631      375      213      621      408      262      672      236      203      400      413      360      373      590      218      100      498      577      326      237      353      553      542      349      0        506      575      326      644      733      174      335      484      600      235      541      136      454      334      237      762      649      653      714      180      298      178      715      630      237      434      435      353      198      233      341      65       705      343      251      266      433      581      204      511      373      118      
39       189      342      260      500      597      335      367      536      509      624      659      135      99       670      661      203      334      174      154      435      182      371      405      108      245      598      436      248      330      406      540      279      615      470      201      49       470      626      506      0        69       321      656      642      568      527      462      147      685      46       441      561      661      289      257      617      167      647      384      709      616      212      508      594      293      536      153      408      714      165      534      479      622      442      240      491      413      355      59       319      624      
40       186      398      314      556      663      352      436      603      558      665      728      143      58       711      701      263      399      155      206      492      131      437      467      176      296      658      482      257      394      475      587      295      678      535      265      24       508      688      575      69       0        374      694      667      632      587      506      131      753      43       507      613      725      358      191      650      121      675      448      776      685      149      535      661      339      589      222      475      783      234      603      490      685      506      309      542      440      419      95       374      693      
41       492      38       405      183      545      588      208      483      189      758      506      262      419      799      796      346      121      491      168      123      502      373      132      231      414      605      123      529      118      261      655      542      593      452      321      350      640      613      326      321      374      0        801      840      292      550      601      464      559      331      198      642      621      276      559      782      488      833      145      614      496      522      710      527      463      616      211      376      559      214      384      730      608      442      202      589      627      122      363      438      417      
42       534      787      414      881      431      368      635      441      948      46       620      783      654      40       23       481      702      583      722      830      667      441      760      640      419      318      913      461      702      606      149      416      372      406      499      691      186      353      644      656      694      801      0        142      817      313      202      590      576      700      727      191      408      526      766      59       651      108      719      523      553      727      184      457      367      208      623      459      641      612      597      304      358      396      599      217      265      716      603      367      708      
43       489      832      435      945      549      317      699      548      1003     172      736      776      619      183      165      499      755      534      735      888      614      510      821      650      431      441      959      414      754      680      244      372      496      500      522      669      201      480      733      642      667      840      142      0        900      420      252      548      698      681      798      304      537      577      704      97       602      34       780      651      667      671      134      573      379      313      644      538      762      635      695      205      483      482      638      301      229      772      584      403      811      
44       698      255      521      155      433      733      225      391      237      770      300      546      665      800      805      490      233      713      434      177      747      392      167      460      542      534      277      708      238      224      669      703      497      410      465      608      705      521      174      568      632      292      817      900      0        509      649      689      368      592      129      628      500      357      823      819      730      883      183      442      329      780      791      406      575      609      419      362      339      411      233      854      515      421      347      604      732      212      590      520      177      
45       500      527      276      592      135      406      355      129      667      267      316      621      573      292      298      324      435      544      526      549      622      181      479      463      299      71       646      453      437      314      175      417      105      103      327      574      260      106      335      527      587      550      313      420      509      0        199      536      285      573      434      121      157      285      728      327      603      395      440      254      247      681      347      156      275      107      428      174      347      413      285      455      104      108      368      127      338      444      494      218      396      
46       367      589      212      695      334      230      448      316      756      165      508      584      473      210      203      279      508      416      519      639      501      258      572      438      219      249      716      303      508      428      83       259      299      257      297      501      62       291      484      462      506      601      202      252      649      199      0        418      483      507      546      131      349      330      605      181      483      237      531      453      440      562      151      354      169      117      421      287      544      410      450      256      292      235      399      74       144      524      412      164      569      
47       59       481      263      638      634      231      473      579      653      567      731      270      74       612      600      236      459      27       299      571      86       417      534      237      238      607      582      134      455      501      501      177      636      506      251      144      407      642      600      147      131      464      590      548      689      536      418      0        745      162      560      538      687      365      192      542      66       560      507      755      679      145      421      637      265      516      272      460      784      278      615      363      640      475      344      467      328      481      102      318      718      
48       723      523      490      507      150      669      360      175      593      533      69       734      759      546      557      508      442      760      618      495      826      327      438      589      517      258      607      695      446      306      456      667      203      249      496      734      545      223      235      685      753      559      576      698      368      285      483      745      0        726      371      394      174      395      926      602      806      670      414      77       68       878      632      129      515      387      543      284      65       528      175      737      218      281      457      412      616      436      673      449      195      
49       213      355      306      513      642      370      400      580      514      669      698      107      96       715      705      249      359      188      163      449      173      416      426      140      291      644      439      279      354      441      586      313      661      515      247      20       514      672      541      46       43       331      700      681      592      573      507      162      726      0        467      608      707      331      232      659      163      688      408      752      657      191      548      638      338      583      187      451      754      201      571      512      669      487      275      537      453      379      97       366      658      
