

sets
i        orders          /0*80/
k        routes          /1*80/
p        positions       /0*80/
;

alias(i,j)
alias(i,h)
alias(i,hh)
alias(i,jj)
alias(k,kk)
                            Parameters

rho(i)	Processing time
/
0	0
1	89
2	78
3	54
4	46
5	82
6	24
7	29
8	82
9	71
10	63
11	8
12	29
13	47
14	32
15	29
16	44
17	89
18	30
19	52
20	80
21	88
22	16
23	12
24	59
25	97
26	63
27	11
28	46
29	22
30	5
31	97
32	3
33	5
34	28
35	85
36	89
37	12
38	54
39	46
40	75
41	99
42	1
43	62
44	35
45	82
46	44
47	50
48	6
49	41
50	34
51	94
52	45
53	81
54	68
55	39
56	26
57	37
58	39
59	34
60	66
61	57
62	34
63	12
64	46
65	82
66	14
67	3
68	49
69	43
70	21
71	65
72	76
73	49
74	97
75	72
76	83
77	34
78	15
79	60
80	11
/

gamma(i)	Duedate
/
0	0
1	79
2	97
3	1
4	70
5	65
6	11
7	48
8	5
9	76
10	44
11	59
12	65
13	10
14	56
15	53
16	89
17	64
18	78
19	77
20	20
21	3
22	56
23	47
24	8
25	1
26	91
27	85
28	98
29	56
30	64
31	15
32	15
33	30
34	78
35	94
36	86
37	35
38	11
39	16
40	24
41	66
42	54
43	39
44	61
45	5
46	13
47	73
48	99
49	41
50	49
51	96
52	15
53	33
54	39
55	85
56	71
57	71
58	51
59	56
60	88
61	4
62	53
63	4
64	74
65	16
66	13
67	49
68	59
69	65
70	3
71	12
72	74
73	4
74	78
75	37
76	93
77	25
78	24
79	2
80	16
/

sigma(i)	Size
/
0	0
1	3
2	1
3	4
4	9
5	9
6	4
7	2
8	5
9	4
10	6
11	7
12	9
13	2
14	8
15	8
16	3
17	4
18	5
19	9
20	5
21	4
22	7
23	3
24	5
25	1
26	6
27	3
28	2
29	3
30	7
31	2
32	3
33	7
34	8
35	2
36	1
37	8
38	7
39	9
40	8
41	7
42	7
43	3
44	3
45	9
46	6
47	4
48	6
49	7
50	3
51	5
52	6
53	9
54	4
55	9
56	6
57	3
58	6
59	9
60	2
61	8
62	4
63	5
64	2
65	8
66	6
67	7
68	3
69	7
70	3
71	1
72	5
73	6
74	3
75	1
76	6
77	4
78	5
79	2
80	6
/

epsilon(i)	Priority
/
0	0
1	5
2	2
3	4
4	3
5	6
6	9
7	7
8	5
9	9
10	3
11	8
12	3
13	6
14	2
15	7
16	3
17	2
18	4
19	7
20	9
21	5
22	8
23	3
24	3
25	5
26	8
27	1
28	7
29	2
30	9
31	2
32	4
33	2
34	1
35	3
36	9
37	9
38	5
39	8
40	6
41	7
42	9
43	1
44	7
45	8
46	9
47	2
48	1
49	5
50	4
51	1
52	4
53	7
54	9
55	9
56	1
57	4
58	8
59	2
60	2
61	8
62	1
63	4
64	3
65	1
66	8
67	9
68	5
69	1
70	3
71	3
72	7
73	6
74	8
75	6
76	7
77	9
78	6
79	4
80	4
/

psi	Vehicle Capacity
/ 18 /
;

Table kappa(i,j)                 Setup
         0        1        2        3        4        5        6        7        8        9        10       11       12       13       14       15       16       17       18       19       20       21       22       23       24       25       26       27       28       29       30       31       32       33       34       35       36       37       38       39       40       41       42       43       44       45       46       47       48       49       50       51       52       53       54       55       56       57       58       59       60       61       62       63       64       65       66       67       68       69       70       71       72       73       74       75       76       77       78       79       80       
0        0        281      563      498      359      197      604      713      463      63       528      148      400      132      132      496      670      491      453      545      398      351      58       785      513      585      534      198      275      500      492      322      372      346      532      386      603      447      341      367      209      718      584      844      630      726      76       699      123      480      102      502      389      538      182      241      253      456      394      425      831      251      101      288      556      151      652      311      538      174      390      517      217      225      748      207      674      720      644      422      791      
1        281      0        700      468      613      190      386      572      339      242      677      341      180      312      280      455      472      623      443      784      623      138      256      822      529      489      708      253      505      588      705      499      149      439      767      570      365      631      552      586      195      524      742      826      691      545      242      597      398      536      358      632      614      316      220      275      50       373      145      480      801      149      219      533      474      138      499      168      525      227      386      710      463      305      814      260      435      655      723      509      785      
2        563      700      0        367      362      740      732      629      524      535      42       416      656      438      455      385      725      77       341      321      264      639      620      318      279      493      98       450      327      144      214      242      654      262      300      193      775      150      259      259      505      743      62       460      188      720      635      545      497      214      473      68       265      708      484      425      650      459      696      248      472      555      526      351      463      653      624      567      331      480      359      153      388      397      243      442      817      479      155      201      402      
3        498      468      367      0        554      594      370      283      176      440      372      382      349      380      368      19       358      312      50       625      489      355      535      360      91       134      435      301      445      223      510      346      361      213      603      382      418      408      426      456      317      378      428      362      258      358      540      225      517      153      464      314      483      357      326      258      424      111      399      144      341      327      408      489      100      496      261      301      59       331      107      472      466      274      370      292      453      222      304      197      317      
4        359      613      362      554      0        554      829      834      630      374      320      276      667      304      337      565      863      328      506      190      98       627      412      672      507      684      280      396      120      403      180      207      648      342      181      191      850      212      130      109      452      899      344      793      522      891      432      778      240      437      261      336      97       778      415      407      571      586      684      414      797      515      393      81       650      503      798      561      557      405      473      235      149      364      604      395      912      750      506      370      734      
5        197      190      740      594      554      0        575      746      500      205      708      328      366      303      285      586      659      664      558      742      595      319      142      924      635      645      722      310      472      656      687      507      334      497      729      574      555      636      535      563      277      711      768      956      777      729      122      758      314      621      299      675      586      505      277      349      202      519      335      562      936      274      215      485      624      99       675      321      645      277      494      709      414      357      900      320      625      802      800      575      908      
6        604      386      732      370      829      575      0        252      211      544      731      573      211      552      522      350      95       669      390      949      794      260      606      690      462      276      788      446      708      588      841      642      243      515      928      699      59       743      720      756      405      145      792      618      623      177      598      327      689      518      635      674      785      70       440      424      378      273      241      488      583      354      507      750      292      503      184      294      419      451      383      816      698      466      723      443      85       422      671      541      601      
7        713      572      629      283      834      746      252      0        252      650      642      630      396      619      598      270      170      586      328      907      772      434      734      490      354      149      708      520      721      492      791      627      425      491      885      665      310      690      707      738      506      150      692      386      472      111      732      98       763      428      708      587      765      296      531      482      546      262      444      427      348      480      613      765      184      657      75       426      300      540      364      750      733      514      544      513      296      198      523      479      382      
8        463      339      524      176      630      500      211      252      0        400      521      393      186      379      353      157      232      459      184      741      587      205      482      529      264      150      577      274      511      382      631      435      205      306      719      490      250      532      515      550      254      271      583      500      434      270      480      259      522      312      466      464      579      184      282      241      304      66       238      278      471      229      362      554      139      408      189      178      233      291      172      605      510      279      545      268      296      318      479      331      466      
9        63       242      535      440      374      205      544      650      400      0        503      122      343      97       83       436      609      460      396      553      398      295      97       739      460      523      516      138      276      459      488      301      316      302      538      369      546      431      334      364      146      656      562      791      586      664      106      637      158      433      116      471      389      479      119      181      207      394      341      376      776      190      38       297      495      131      589      250      482      112      332      505      225      171      707      147      615      660      604      379      738      
10       528      677      42       372      320      708      731      642      521      503      0        382      643      405      424      390      729      62       341      288      222      623      586      358      288      502      67       425      286      150      177      205      638      242      267      152      771      108      217      216      482      750      65       495      220      729      601      561      458      218      435      57       222      703      458      403      627      457      681      242      505      534      496      309      470      623      632      550      342      453      352      119      347      372      285      417      816      502      192      191      436      
11       148      341      416      382      276      328      573      630      393      122      382      0        395      29       61       384      621      342      333      442      283      353      204      641      380      489      393      126      164      353      368      178      374      203      426      246      586      309      214      247      177      663      440      711      484      663      219      598      135      339      82       353      273      515      140      152      297      367      408      286      700      240      126      195      457      251      578      290      412      129      276      383      130      116      601      129      652      603      496      277      655      
12       400      180      656      349      667      366      211      396      186      343      643      395      0        370      338      332      293      583      342      813      651      50       397      709      429      332      689      271      548      523      716      505      32       403      793      572      203      626      576      612      218      344      708      686      600      365      388      432      496      460      445      590      642      141      255      265      167      240      52       411      657      157      308      586      325      292      322      106      409      266      301      705      525      307      718      272      273      502      641      455      652      
13       132      312      438      380      304      303      552      619      379      97       405      29       370      0        33       381      604      364      332      471      312      327      185      653      385      481      419      106      193      368      397      204      348      214      455      273      564      335      243      276      152      647      465      717      498      649      198      593      144      349      88       374      302      493      115      138      268      357      381      294      705      214      97       223      450      223      565      266      414      104      273      411      156      107      616      111      630      602      512      290      662      
14       132      280      455      368      337      285      522      598      353      83       424      61       338      33       0        367      576      379      321      503      343      294      178      656      381      462      442      79       225      376      426      227      315      218      486      298      532      360      272      306      120      620      485      712      503      623      189      575      169      350      113      390      333      462      82       116      236      336      348      294      699      181      72       256      432      199      541      233      406      71       260      437      189      94       623      85       599      590      520      296      659      
15       496      455      385      19       565      586      350      270      157      436      390      384      332      381      367      0        339      329      58       640      502      339      531      377      111      120      452      298      454      241      525      357      345      222      618      395      398      424      437      468      310      360      447      372      277      342      535      217      519      172      466      332      495      337      321      255      412      93       383      158      350      316      403      498      86       487      245      288      76       326      107      488      473      274      389      289      433      223      323      212      329      
16       670      472      725      358      863      659      95       170      232      609      729      621      293      604      576      339      0        668      389      968      818      340      678      641      446      239      790      497      744      581      855      666      325      534      945      718      147      755      746      781      464      51       786      552      595      81       672      258      745      511      690      672      810      159      497      469      459      282      329      492      515      420      571      787      264      582      117      360      398      508      398      824      741      509      684      493      126      359      645      546      543      
17       491      623      77       312      328      664      669      586      459      460      62       342      583      364      379      329      668      0        280      331      235      563      547      345      231      443      123      372      271      95       214      175      579      185      308      141      709      123      209      219      427      690      125      467      193      670      562      508      432      159      404      10       233      640      406      347      572      395      621      180      474      478      450      301      411      576      573      491      286      402      290      165      328      320      282      364      754      454      179      129      408      
18       453      443      341      50       506      558      390      328      184      396      341      333      342      332      321      58       389      280      0        584      444      340      492      378      88       179      401      258      396      198      469      299      348      164      562      338      434      368      379      410      280      413      401      398      258      397      497      274      468      128      416      284      437      368      285      215      397      118      389      103      381      297      365      440      144      459      301      279      87       289      64       435      416      227      377      249      475      270      300      157      350      
19       545      784      321      625      190      742      949      907      741      553      288      442      813      471      503      640      968      331      584      0        162      778      600      636      556      760      223      547      279      425      117      309      798      434      22       250      979      217      237      200      607      997      274      781      509      982      620      835      430      481      444      333      171      906      572      547      739      685      836      481      794      669      567      256      726      684      885      708      610      563      570      169      329      505      555      544      1035     785      476      428      724      
20       398      623      264      489      98       595      794      772      587      398      222      283      651      312      343      502      818      235      444      162      0        616      455      577      431      622      183      385      123      316      96       152      636      285      143      108      821      115      75       38       445      850      246      702      429      838      474      708      293      359      296      242      9        748      410      386      578      536      674      345      708      507      408      115      588      530      742      546      484      401      420      141      182      343      506      382      878      672      410      296      643      
21       351      138      639      355      627      319      260      434      205      295      623      353      50       327      294      339      340      563      340      778      616      0        347      715      428      356      665      232      510      511      684      473      21       380      759      542      253      598      541      577      175      391      688      703      597      410      338      461      449      450      398      572      607      191      213      232      118      250      58       399      676      113      260      545      344      243      360      72       414      223      292      677      483      273      717      234      323      524      635      438      665      
22       58       256      620      535      412      142      606      734      482      97       586      204      397      185      178      531      678      547      492      600      455      347      0        835      557      612      592      233      333      553      550      380      366      397      588      444      599      506      399      426      229      727      643      887      681      739      19       727      173      529      160      558      447      538      210      277      238      483      383      472      872      259      127      345      586      118      669      318      578      204      428      575      274      268      801      243      670      754      697      474      835      
23       785      822      318      360      672      924      690      490      529      739      358      641      709      653      656      377      641      345      378      636      577      715      835      0        292      414      415      614      612      291      532      506      721      438      616      486      746      461      554      564      650      636      362      164      158      601      845      392      756      305      717      336      576      696      646      574      775      469      760      363      192      675      716      645      402      826      524      658      301      647      437      470      663      569      85       604      761      293      166      363      123      
24       513      529      279      91       507      635      462      354      264      460      288      380      429      385      381      111      446      231      88       556      431      428      557      292      0        213      353      328      409      137      439      302      437      183      533      323      509      338      376      402      358      463      341      331      171      441      565      279      510      74       462      232      426      447      358      286      482      198      477      98       320      382      433      451      183      536      345      367      54       360      144      395      441      288      289      318      544      243      214      136      278      
25       585      489      493      134      684      645      276      149      150      523      502      489      332      481      462      120      239      443      179      760      622      356      612      414      213      0        566      387      572      351      644      477      354      342      737      516      332      543      557      589      383      250      555      358      355      227      613      114      624      284      569      445      616      286      403      346      453      129      384      279      326      371      487      616      34       550      131      326      161      411      216      605      587      374      448      379      350      169      406      331      332      
26       534      708      98       435      280      722      788      708      577      516      67       393      689      419      442      452      790      123      401      223      183      665      592      415      353      566      0        454      272      216      117      215      681      285      202      148      826      87       201      189      514      813      63       558      286      793      609      629      450      282      436      121      186      756      487      438      658      515      723      300      570      570      514      286      534      642      696      592      408      481      405      55       336      403      338      448      874      570      253      246      500      
27       198      253      450      301      396      310      446      520      274      138      425      126      271      106      79       298      497      372      258      547      385      232      233      614      328      387      454      0        277      349      458      248      253      192      528      319      460      379      310      346      60       541      489      656      468      544      239      501      248      311      192      382      375      388      34       43       203      259      290      252      639      122      106      314      358      213      462      165      345      33       195      458      255      52       590      9        525      522      491      268      605      
28       275      505      327      445      120      472      708      721      511      276      286      164      548      193      225      454      744      271      396      279      123      510      333      612      409      572      272      277      0        325      216      109      530      232      263      134      730      186      71       92       335      781      331      715      455      774      352      670      178      345      173      281      114      657      298      287      461      469      566      312      714      398      288      43       538      407      681      442      455      288      358      246      64       244      553      276      791      651      449      275      657      
29       500      588      144      223      403      656      588      492      382      459      150      353      523      368      376      241      581      95       198      425      316      511      553      291      137      351      216      349      325      0        308      217      524      158      402      212      632      211      275      294      397      600      205      391      133      578      565      413      464      70       426      95       313      566      383      316      537      316      566      112      393      438      442      362      320      562      482      441      192      382      222      260      373      299      247      340      673      361      144      81       332      
30       492      705      214      510      180      687      841      791      631      488      177      368      716      397      426      525      855      214      469      117      96       684      550      532      439      644      117      458      216      308      0        211      703      325      94       143      873      101      154      124      519      883      177      672      398      867      568      718      390      364      390      217      104      801      487      452      657      574      743      366      682      580      495      212      610      618      770      612      493      478      459      63       277      412      455      454      927      669      369      312      614      
31       322      499      242      346      207      507      642      627      435      301      205      178      505      204      227      357      666      175      299      309      152      473      380      506      302      477      215      248      109      217      211      0        492      135      288      71       670      133      80       114      309      699      262      607      348      689      396      570      257      236      230      186      144      597      278      241      450      385      532      207      605      369      299      149      443      426      594      402      351      271      270      211      156      201      452      243      726      545      347      167      548      
32       372      149      654      361      648      334      243      425      205      316      638      374      32       348      315      345      325      579      348      798      636      21       366      721      437      354      681      253      530      524      703      492      0        397      778      561      232      616      561      597      196      376      704      704      607      396      357      456      470      462      420      587      626      173      234      251      135      254      42       412      676      134      281      566      344      260      351      90       420      244      303      695      504      292      726      254      303      523      646      453      668      
33       346      439      262      213      342      497      515      491      306      302      242      203      403      214      218      222      534      185      164      434      285      380      397      438      183      342      285      192      232      158      325      135      397      0        412      184      548      228      216      249      244      565      308      509      284      553      408      437      328      135      282      194      277      477      227      163      388      251      438      85       502      293      283      276      307      403      458      308      225      224      136      304      258      141      404      184      601      421      302      77       453      
34       532      767      300      603      181      729      928      885      719      538      267      426      793      455      486      618      945      308      562      22       143      759      588      616      533      737      202      528      263      402      94       288      778      412      0        228      958      194      218      182      588      974      254      760      487      959      607      813      419      459      431      311      153      885      554      528      721      663      817      459      772      651      551      243      703      669      863      688      588      545      548      148      315      486      535      525      1013     763      455      405      702      
35       386      570      193      382      191      574      699      665      490      369      152      246      572      273      298      395      718      141      338      250      108      542      444      486      323      516      148      319      134      212      143      71       561      184      228      0        731      62       68       82       380      748      200      602      332      734      461      600      307      250      289      150      103      658      350      310      522      435      601      237      605      440      369      160      482      496      638      470      375      342      320      139      195      271      423      314      785      564      320      187      542      
36       603      365      775      418      850      555      59       310      250      546      771      586      203      564      532      398      147      709      434      979      821      253      599      746      509      332      826      460      730      632      873      670      232      548      958      731      0        777      746      782      413      193      833      677      674      228      590      386      696      562      643      715      812      72       450      443      364      316      221      529      642      356      509      770      345      491      243      299      470      461      420      852      714      486      777      458      71       481      721      581      659      
37       447      631      150      408      212      636      743      690      532      431      108      309      626      335      360      424      755      123      368      217      115      598      506      461      338      543      87       379      186      211      101      133      616      228      194      62       777      0        115      109      439      782      144      590      315      766      522      618      363      264      349      129      115      705      410      367      582      474      657      265      597      498      431      203      509      558      669      525      393      403      359      79       250      329      391      373      828      572      295      211      531      
38       341      552      259      426      130      535      720      707      515      334      217      214      576      243      272      437      746      209      379      237      75       541      399      554      376      557      201      310      71       275      154      80       561      216      218      68       746      115      0        36       370      779      260      667      399      769      417      648      249      306      240      219      66       673      336      310      505      465      599      284      668      432      340      92       523      464      674      470      426      328      350      176      135      268      491      307      804      619      389      239      607      
39       367      586      259      456      109      563      756      738      550      364      216      247      612      276      306      468      781      219      410      200      38       577      426      564      402      589      189      346      92       294      124      114      597      249      182      82       782      109      36       0        406      814      251      683      412      803      444      677      269      331      266      227      29       710      372      347      540      500      636      313      687      469      373      97       554      495      707      507      454      363      384      156      155      304      497      343      840      644      397      265      624      
40       209      195      505      317      452      277      405      506      254      146      482      177      218      152      120      310      464      427      280      607      445      175      229      650      358      383      514      60       335      397      519      309      196      244      588      380      413      439      370      406      0        511      547      678      509      518      229      498      284      352      230      437      435      343      37       81       145      254      232      293      659      63       108      370      358      178      443      113      367      48       217      519      307      110      632      65       480      531      537      317      630      
41       718      524      743      378      899      711      145      150      271      656      750      663      344      647      620      360      51       690      413      997      850      391      727      636      463      250      813      541      781      600      883      699      376      565      974      748      193      782      779      814      511      0        805      536      603      40       722      245      789      531      734      693      842      211      543      511      510      314      381      517      498      469      618      824      280      633      119      409      412      553      429      849      781      550      685      536      157      347      653      571      531      
42       584      742      62       428      344      768      792      692      583      562      65       440      708      465      485      447      786      125      401      274      246      688      643      362      341      555      63       489      331      205      177      262      704      308      254      200      833      144      260      251      547      805      0        511      245      782      659      607      507      275      489      119      249      765      523      468      692      518      746      305      526      599      557      347      525      685      686      616      394      517      415      114      394      437      281      482      877      541      206      255      455      
43       844      826      460      362      793      956      618      386      500      791      495      711      686      717      712      372      552      467      398      781      702      703      887      164      331      358      558      656      715      391      672      607      704      509      760      602      677      590      667      683      678      536      511      0        275      497      894      294      837      376      792      461      700      640      684      613      784      453      738      424      38       689      762      753      360      857      437      658      311      687      462      612      758      619      248      646      677      196      305      445      59       
44       630      691      188      258      522      777      623      472      434      586      220      484      600      498      503      277      595      193      258      509      429      597      681      158      171      355      286      468      455      133      398      348      607      284      487      332      674      315      399      412      509      603      245      275      0        574      692      380      597      157      559      186      427      615      501      430      642      369      648      215      284      542      566      489      333      681      483      534      204      500      307      339      504      420      123      458      703      301      50       207      216      
45       726      545      720      358      891      729      177      111      270      664      729      663      365      649      623      342      81       670      397      982      838      410      739      601      441      227      793      544      774      578      867      689      396      553      959      734      228      766      769      803      518      40       782      497      574      0        734      209      792      511      736      672      831      238      548      511      528      305      405      500      459      480      625      818      258      648      97       421      388      558      419      831      778      548      652      538      197      310      625      554      494      
46       76       242      635      540      432      122      598      732      480      106      601      219      388      198      189      535      672      562      497      620      474      338      19       845      565      613      609      239      352      565      568      396      357      408      607      461      590      522      417      444      229      722      659      894      692      734      0        728      192      539      178      572      465      529      213      282      226      484      372      482      878      254      132      364      588      103      667      313      584      208      433      593      293      277      812      248      661      758      709      485      843      
47       699      597      545      225      778      758      327      98       259      637      561      598      432      593      575      217      258      508      274      835      708      461      727      392      279      114      629      501      670      413      718      570      456      437      813      600      386      618      648      677      498      245      607      294      380      209      728      0        734      354      680      508      703      357      518      459      564      244      482      364      257      484      601      714      142      664      144      437      225      525      323      673      690      485      446      492      383      101      430      413      286      
48       123      398      497      517      240      314      689      763      522      158      458      135      496      144      169      519      745      432      468      430      293      449      173      756      510      624      450      248      178      464      390      257      470      328      419      307      696      363      249      269      284      789      507      837      597      792      192      734      0        462      55       443      285      627      248      282      365      500      498      413      829      339      190      178      592      273      709      397      545      238      412      424      114      250      707      253      764      738      601      395      781      
49       480      536      214      153      437      621      518      428      312      433      218      339      460      349      350      172      511      159      128      481      359      450      529      305      74       284      282      311      345      70       364      236      462      135      459      250      562      264      306      331      352      531      275      376      157      511      539      354      462      0        418      161      354      496      344      273      487      246      504      58       371      387      411      385      252      524      414      383      128      344      159      322      383      264      280      301      602      313      186      69       319      
