
sets
i        orders          /0*40/
k        routes          /1*40/
p        positions       /0*40/
;

alias(i,j)
alias(i,h)
alias(i,hh)
alias(i,jj)
alias(k,kk)
                
                    Parameters

rho(i)	Processing time
/
0	0
1	52
2	63
3	71
4	97
5	5
6	75
7	16
8	55
9	38
10	85
11	73
12	50
13	62
14	44
15	36
16	10
17	24
18	62
19	38
20	57
21	89
22	36
23	27
24	14
25	30
26	72
27	96
28	94
29	4
30	14
31	74
32	75
33	73
34	50
35	73
36	20
37	46
38	79
39	25
40	15
/

gamma(i)	Duedate
/
0	0
1	56
2	90
3	50
4	29
5	78
6	57
7	31
8	71
9	75
10	13
11	66
12	56
13	12
14	83
15	70
16	58
17	61
18	64
19	19
20	43
21	5
22	96
23	83
24	39
25	14
26	5
27	10
28	19
29	34
30	83
31	49
32	14
33	32
34	39
35	49
36	13
37	58
38	58
39	11
40	3
/

sigma(i)	Size
/
0	0
1	8
2	8
3	2
4	9
5	3
6	2
7	4
8	9
9	9
10	4
11	4
12	7
13	5
14	7
15	3
16	4
17	5
18	4
19	2
20	6
21	7
22	7
23	2
24	7
25	7
26	4
27	9
28	5
29	9
30	1
31	6
32	2
33	2
34	6
35	6
36	9
37	1
38	6
39	8
40	1
/

epsilon(i)	Priority
/
0	0
1	4
2	1
3	2
4	2
5	8
6	9
7	9
8	1
9	1
10	6
11	5
12	6
13	9
14	1
15	2
16	6
17	4
18	8
19	5
20	4
21	7
22	9
23	9
24	6
25	8
26	7
27	6
28	4
29	5
30	8
31	6
32	6
33	7
34	2
35	9
36	5
37	6
38	8
39	3
40	3
/

psi	Vehicle Capacity
/ 38 /
;

Table kappa(i,j)                 Setup
         0        1        2        3        4        5        6        7        8        9        10       11       12       13       14       15       16       17       18       19       20       21       22       23       24       25       26       27       28       29       30       31       32       33       34       35       36       37       38       39       40       
0        0        827      449      442      855      406      322      242      523      625      846      500      956      803      363      272      480      622      656      224      509      885      549      136      127      360      430      872      360      109      584      571      425      536      171      677      143      747      349      971      580      
1        827      0        451      421      629      546      534      697      451      352      761      1196     160      414      485      922      691      205      892      1020     579      212      880      963      945      502      894      66       1008     721      349      787      837      666      995      440      776      171      491      582      655      
2        449      451      0        56       462      96       129      446      90       454      514      746      543      640      103      476      598      270      500      670      532      592      767      578      577      306      446      511      558      366      137      720      669      616      595      243      466      322      261      544      284      
3        442      421      56       0        507      142      122      410      137      399      566      776      526      586      79       501      548      228      555      659      479      548      721      575      569      257      488      478      588      350      148      670      628      564      597      279      442      309      213      578      341      
4        855      629      462      507      0        458      577      905      372      840      152      936      593      990      565      747      1055     585      426      1077     977      839      1228     961      977      765      597      691      782      801      391      1176     1132     1066     959      237      911      464      720      162      292      
5        406      546      96       142      458      0        128      455      125      536      481      655      631      726      139      390      637      366      419      630      586      688      793      525      532      352      350      607      468      342      214      759      687      663      535      272      452      410      306      566      226      
6        322      534      129      122      577      128      0        329      213      446      609      671      647      639      49       393      510      333      531      542      464      641      665      453      449      230      413      588      485      237      262      631      560      539      475      369      338      431      184      670      354      
7        242      697      446      410      905      455      329      0        536      424      936      743      846      583      342      499      241      505      814      345      269      705      348      343      302      196      625      728      594      169      555      343      233      294      394      688      109      665      218      989      675      
8        523      451      90       137      372      125      213      536      0        517      430      770      518      695      193      512      686      299      454      747      616      617      857      647      651      395      447      515      585      449      102      808      760      701      660      155      552      299      350      457      223      
9        625      352      454      399      840      536      446      424      517      0        935      1088     512      193      408      813      348      258      954      769      233      287      532      751      718      267      859      354      911      518      455      435      505      315      795      606      527      420      290      852      737      
10       846      761      514      566      152      481      609      936      430      935      0        845      739      1099     608      692      1111     689      309      1060     1046     966      1274     935      959      820      521      825      709      809      479      1233     1168     1130     925      334      923      592      774      302      266      
11       500      1196     746      776      936      655      671      743      770      1088     845      0        1286     1278     719      278      980      1002     542      540      1006     1311     1028     437      489      825      343      1254     187      588      868      1066     906      1037     384      874      641      1065     797      1094     660      
12       956      160      543      526      593      631      647      846      518      512      739      1286     0        556      600      1020     852      342      922      1158     739      325      1040     1092     1078     650      965      172      1099     853      418      947      996      826      1119     456      919      221      634      508      691      
13       803      414      640      586      990      726      639      583      695      193      1099     1278     556      0        600      1004     436      409      1141     924      335      244      589      922      885      453      1053     384      1102     699      622      480      602      382      970      764      691      538      481      978      918      
14       363      485      103      79       565      139      49       342      193      408      608      719      600      600      0        441      503      284      556      579      447      593      667      496      490      214      454      539      533      271      226      625      567      526      520      346      366      385      168      648      363      
15       272      922      476      501      747      390      393      499      512      813      692      278      1020     1004     441      0        740      725      437      414      750      1033     821      282      325      553      189      979      98       333      605      839      697      792      252      636      413      798      523      892      455      
16       480      691      598      548      1055     637      510      241      686      348      1111     980      852      436      503      740      0        544      1031     526      114      627      190      563      515      291      859      701      835      408      672      121      165      62       617      822      339      719      337      1109     864      
17       622      205      270      228      585      366      333      505      299      258      689      1002     342      409      284      725      544      0        754      818      441      322      733      758      741      310      716      255      815      516      214      654      672      533      789      355      577      175      292      594      521      
18       656      892      500      555      426      419      531      814      454      954      309      542      922      1141     556      437      1031     754      0        843      995      1071     1163     712      746      761      248      958      427      657      548      1148     1045     1066     688      466      767      726      716      588      237      
19       224      1020     670      659      1077     630      542      345      747      769      1060     540      1158     924      579      414      526      818      843      0        597      1049     513      132      101      524      600      1058     470      309      804      576      402      588      168      901      246      957      529      1196     797      
20       509      579      532      479      977      586      464      269      616      233      1046     1006     739      335      447      750      114      441      995      597      0        513      301      612      569      234      846      586      847      419      588      213      276      92       663      741      379      615      280      1020     810      
21       885      212      592      548      839      688      641      705      617      287      966      1311     325      244      593      1033     627      322      1071     1049     513      0        801      1017     989      528      1037     159      1126     776      523      697      788      584      1057     637      803      375      536      794      835      
22       549      880      767      721      1228     793      665      348      857      532      1274     1028     1040     589      667      821      190      733      1163     513      301      801      0        591      539      465      966      886      908      510      852      109      124      217      645      999      410      908      508      1291     1018     
23       136      963      578      575      961      525      453      343      647      751      935      437      1092     922      496      282      563      758      712      132      612      1017     591      0        52       489      468      1007     343      243      715      636      471      624      54       797      233      881      482      1086     676      
24       127      945      577      569      977      532      449      302      651      718      959      489      1078     885      490      325      515      741      746      101      569      989      539      52       0        461      506      987      391      224      712      586      419      577      105      804      193      871      458      1097     696      
25       360      502      306      257      765      352      230      196      395      267      820      825      650      453      214      553      291      310      761      524      234      528      465      489      461      0        623      535      651      251      388      413      379      311      531      534      278      473      46       827      578      
26       430      894      446      488      597      350      413      625      447      859      521      343      965      1053     454      189      859      716      248      600      846      1037     966      468      506      623      0        956      188      457      549      968      843      903      441      535      558      747      584      752      316      
27       872      66       511      478      691      607      588      728      515      354      825      1254     172      384      539      979      701      255      958      1058     586      159      886      1007     987      535      956      0        1067     764      414      789      853      670      1041     506      813      237      529      637      721      
28       360      1008     558      588      782      468      485      594      585      911      709      187      1099     1102     533      98       835      815      427      470      847      1126     908      343      391      651      188      1067     0        429      682      931      784      887      301      696      503      878      621      934      495      
29       109      721      366      350      801      342      237      169      449      518      809      588      853      699      271      333      408      516      657      309      419      776      510      243      224      251      457      764      429      0        497      512      388      458      281      604      114      648      240      904      543      
30       584      349      137      148      391      214      262      555      102      455      479      868      418      622      226      605      672      214      548      804      588      523      852      715      712      388      549      414      682      497      0        792      766      678      733      153      591      197      348      439      312      
31       571      787      720      670      1176     759      631      343      808      435      1233     1066     947      480      625      839      121      654      1148     576      213      697      109      636      586      413      968      789      931      512      792      0        174      121      690      942      428      828      459      1227     985      
32       425      837      669      628      1132     687      560      233      760      505      1168     906      996      602      567      697      165      672      1045     402      276      788      124      471      419      379      843      853      784      388      766      174      0        221      525      907      286      844      418      1204     908      
33       536      666      616      564      1066     663      539      294      701      315      1130     1037     826      382      526      792      62       533      1066     588      92       584      217      624      577      311      903      670      887      458      678      121      221      0        677      830      397      707      358      1111     889      
34       171      995      595      597      959      535      475      394      660      795      925      384      1119     970      520      252      617      789      688      168      663      1057     645      54       105      531      441      1041     301      281      733      690      525      677      0        806      284      906      521      1089     670      
35       677      440      243      279      237      272      369      688      155      606      334      874      456      764      346      636      822      355      466      901      741      637      999      797      804      534      535      506      696      604      153      942      907      830      806      0        708      269      491      301      237      
36       143      776      466      442      911      452      338      109      552      527      923      641      919      691      366      413      339      577      767      246      379      803      410      233      193      278      558      813      503      114      591      428      286      397      284      708      0        725      285      1009     657      
37       747      171      322      309      464      410      431      665      299      420      592      1065     221      538      385      798      719      175      726      957      615      375      908      881      871      473      747      237      878      648      197      828      844      707      906      269      725      0        447      440      489      
38       349      491      261      213      720      306      184      218      350      290      774      797      634      481      168      523      337      292      716      529      280      536      508      482      458      46       584      529      621      240      348      459      418      358      521      491      285      447      0        787      531      
39       971      582      544      578      162      566      670      989      457      852      302      1094     508      978      648      892      1109     594      588      1196     1020     794      1291     1086     1097     827      752      637      934      904      439      1227     1204     1111     1089     301      1009     440      787      0        439      
40       580      655      284      341      292      226      354      675      223      737      266      660      691      918      363      455      864      521      237      797      810      835      1018     676      696      578      316      721      495      543      312      985      908      889      670      237      657      489      531      439      0        
;



Table delta(i,j)                 Distance
         0        1        2        3        4        5        6        7        8        9        10       11       12       13       14       15       16       17       18       19       20       21       22       23       24       25       26       27       28       29       30       31       32       33       34       35       36       37       38       39       40       
0        0        6000     4780     3310     1690     2400     6330     9030     7390     10950    10040    3330     4320     2260     7070     9480     6580     10460    3480     230      5190     5050     3780     4360     6080     5520     11100    5580     4630     2240     1600     8100     10480    7130     4250     7950     5860     7750     10780    4790     8330     
1        6000     0        420      397      749      456      767      532      536      839      827      678      739      471      768      858      600      900      323      615      163      772      318      708      196      774      835      133      624      407      540      465      450      629      692      749      858      677      780      514      536      
2        4780     420      0        544      644      526      970      935      880      1221     1181     334      838      529      1010     1179     884      1246     484      476      490      900      508      825      577      928      1223     292      792      276      327      856      752      929      810      1042     991      988      1173     94       917      
3        3310     397      544      0        420      94       427      573      413      772      694      594      344      111      467      661      360      746      76       354      253      386      80       317      316      401      785      433      254      304      390      479      831      411      301      514      477      474      750      600      502      
4        1690     749      644      420      0        327      601      983      793      1133     1027     449      372      310      689      950      683      1057     461      167      648      446      487      391      727      502      1153     720      458      393      319      891      1200     738      386      799      510      796      1128     638      901      
5        2400     456      526      94       327      0        452      666      499      856      770      525      318      17       508      725      427      817      139      263      330      375      161      300      402      402      871      468      272      260      320      573      901      482      285      574      466      544      837      569      593      
6        6330     767      970      427      601      452      0        608      381      607      475      959      234      454      97       368      226      482      496      654      603      169      480      209      603      111      636      839      180      713      759      544      1131     250      215      234      173      276      634      1020     501      
7        9030     532      935      573      983      666      608      0        228      320      358      1120     747      682      541      452      385      437      562      925      451      727      529      707      359      689      309      664      594      811      932      93       652      358      698      431      774      354      251      1023     107      
8        7390     536      880      413      793      499      381      228      0        359      301      1001     524      513      322      322      156      368      430      763      399      499      397      484      340      461      372      652      373      697      800      165      798      137      477      237      545      156      338      957      123      
9        10950    839      1221     772      1133     856      607      320      359      0        141      1360     816      869      512      276      450      187      789      1118     731      768      756      779      651      714      35       967      683      1056     1160     373      958      396      777      373      778      344      83       1303     305      
10       10040    827      1181     694      1027     770      475      358      301      141      0        1288     693      782      378      136      346      79       723      1027     699      640      692      659      631      585      175      948      570      990      1085     378      1011     291      658      241      644      231      200      1258     299      
11       3330     678      334      594      449      525      959      1120     1001     1360     1288     0        765      517      1027     1251     951      1339     571      315      677      838      604      768      774      884      1371     576      783      308      205      1030     1071     1004     756      1100     920      1067     1330     270      1072     
12       4320     739      838      344      372      318      234      747      524      816      693      765      0        312      328      598      379      710      421      450      585      75       421      40       622      130      842      776      154      564      577      666      1158     426      51       453      156      472      830      870      646      
13       2260     471      529      111      310      17       454      682      513      869      782      517      312      0        513      735      438      827      156      249      346      371      178      296      419      401      884      479      274      260      312      589      917      492      281      583      462      555      852      569      608      
14       7070     768      1010     467      689      508      97       541      322      512      378      1027     328      513      0        271      180      385      527      729      606      266      507      299      591      208      542      854      244      765      824      488      1102     185      303      139      266      193      543      1067     435      
15       9480     858      1179     661      950      725      368      452      322      276      136      1251     598      735      271      0        301      115      702      971      715      537      674      567      663      479      311      970      493      965      1046     446      1095     251      569      153      528      190      335      1249     369      
16       6580     600      884      360      683      427      226      385      156      450      346      951      379      438      180      301      0        389      402      681      443      347      375      340      416      305      471      697      235      663      746      318      922      55       335      158      389      117      453      950      278      
17       10460    900      1246     746      1057     817      482      437      368      187      79       1339     710      827      385      115      389      0        780      1069     767      651      749      678      704      593      223      1019     598      1046     1134     456      1090     335      679      258      643      272      261      1320     377      
18       3480     323      484      76       461      139      496      562      430      789      723      571      421      156      527      702      402      780      0        369      190      463      33       393      265      475      799      356      327      267      374      469      763      451      378      560      553      512      759      547      503      
19       230      615      476      354      167      263      654      925      763      1118     1027     315      450      249      729      971      681      1069     369      0        538      524      400      456      628      572      1134     568      485      231      153      832      1062     736      445      818      604      798      1101     473      856      
20       5190     163      490      253      648      330      603      451      399      731      699      677      585      346      606      715      443      767      190      538      0        613      173      552      97       613      733      255      463      374      503      367      578      476      537      596      698      528      683      574      426      
21       5050     772      900      386      446      375      169      727      499      768      640      838      75       371      266      537      347      651      463      524      613      0        458      75       639      59       795      819      154      628      648      651      1177     388      90       399      91       428      788      936      623      
22       3780     318      508      80       487      161      480      529      397      756      692      604      421      178      507      674      375      749      33       400      173      458      0        391      241      467      766      363      317      299      407      436      750      422      376      534      547      484      726      574      470      
23       4360     708      825      317      391      300      209      707      484      779      659      768      40       296      299      567      340      678      393      456      552      75       391      0        586      116      805      750      113      553      576      625      1122     387      15       420      166      435      791      861      606      
24       6080     196      577      316      727      402      603      359      340      651      631      774      622      419      591      663      416      704      265      628      97       639      241      586      0        630      650      317      485      470      600      280      537      438      572      558      718      484      598      664      345      
25       5520     774      928      401      502      402      111      689      461      714      585      884      130      401      208      479      305      593      475      572      613      59       467      116      630      0        743      830      150      660      690      617      1166     342      127      343      89       377      737      969      584      
26       11100    835      1223     785      1153     871      636      309      372      35       175      1371     842      884      542      311      471      223      799      1134     733      795      766      805      650      743      0        965      706      1064     1171     370      937      419      802      403      808      369      60       1307     306      
27       5580     133      292      433      720      468      839      664      652      967      948      576      776      479      854      970      697      1019     356      568      255      819      363      750      317      830      965      0        681      341      466      594      504      731      734      851      909      784      911      386      663      
28       4630     624      792      254      458      272      180      594      373      683      570      783      154      274      244      493      235      598      327      485      463      154      317      113      485      150      706      681      0        532      582      511      1023     287      104      341      235      340      689      840      494      
29       2240     407      276      304      393      260      713      811      697      1056     990      308      564      260      765      965      663      1046     267      231      374      628      299      553      470      660      1064     341      532      0        134      721      842      714      538      818      718      776      1022     309      764      
30       1600     540      327      390      319      320      759      932      800      1160     1085     205      577      312      824      1046     746      1134     374      153      503      648      407      576      600      690      1171     466      582      134      0        840      970      799      563      895      734      862      1133     320      877      
31       8100     465      856      479      891      573      544      93       165      373      378      1030     666      589      488      446      318      456      469      832      367      651      436      625      280      617      370      594      511      721      840      0        649      302      616      394      704      313      317      942      79       
32       10480    450      752      831      1200     901      1131     652      798      958      1011     1071     1158     917      1102     1095     922      1090     763      1062     578      1177     750      1122     537      1166     937      504      1023     842      970      649      0        928      1108     1035     1255     954      877      841      725      
33       7130     629      929      411      738      482      250      358      137      396      291      1004     426      492      185      251      55       335      451      736      476      388      422      387      438      342      419      731      287      714      799      302      928      0        384      120      421      62       404      997      251      
34       4250     692      810      301      386      285      215      698      477      777      658      756      51       281      303      569      335      679      378      445      537      90       376      15       572      127      802      734      104      538      563      616      1108     384      0        421      181      433      788      846      598      
35       7950     749      1042     514      799      574      234      431      237      373      241      1100     453      583      139      153      158      258      560      818      596      399      534      420      558      343      403      851      341      818      895      394      1035     120      421      0        405      81       405      1108     329      
36       5860     858      991      477      510      466      173      774      545      778      644      920      156      462      266      528      389      643      553      604      698      91       547      166      718      89       808      909      235      718      734      704      1255     421      181      405      0        450      807      1026     667      
37       7750     677      988      474      796      544      276      354      156      344      231      1067     472      555      193      190      117      272      512      798      528      428      484      435      484      377      369      784      340      776      862      313      954      62       433      81       450      0        360      1058     250      
38       10780    780      1173     750      1128     837      634      251      338      83       200      1330     830      852      543      335      453      261      759      1101     683      788      726      791      598      737      60       911      689      1022     1133     317      877      404      788      405      807      360      0        1258     259      
39       4790     514      94       600      638      569      1020     1023     957      1303     1258     270      870      569      1067     1249     950      1320     547      473      574      936      574      861      664      969      1307     386      840      309      320      942      841      997      846      1108     1026     1058     1258     0        1000     
40       8330     536      917      502      901      593      501      107      123      305      299      1072     646      608      435      369      278      377      503      856      426      623      470      606      345      584      306      663      494      764      877      79       725      251      598      329      667      250      259      1000     0        
;

