

sets
i        orders          /0*20/
k        routes          /1*20/
p        positions       /0*20/
;

alias(i,j)
alias(i,h)
alias(i,hh)
alias(i,jj)
alias(k,kk)
                            Parameters

rho(i)	Processing time
/
0	0
1	70
2	30
3	56
4	61
5	56
6	20
7	13
8	61
9	42
10	19
11	7
12	33
13	74
14	93
15	51
16	91
17	89
18	51
19	86
20	82
/

gamma(i)	Duedate
/
0	0
1	61
2	6
3	64
4	23
5	39
6	76
7	37
8	80
9	76
10	90
11	7
12	44
13	53
14	73
15	1
16	18
17	2
18	9
19	43
20	60
/

sigma(i)	Size
/
0	0
1	5
2	3
3	4
4	6
5	2
6	8
7	3
8	3
9	1
10	4
11	7
12	7
13	3
14	7
15	7
16	2
17	1
18	3
19	2
20	8
/

epsilon(i)	Priority
/
0	0
1	6
2	4
3	8
4	7
5	7
6	1
7	1
8	5
9	9
10	7
11	3
12	5
13	1
14	6
15	8
16	1
17	3
18	2
19	3
20	3
/

psi	Vehicle Capacity
/ 100 /
;

Table kappa(i,j)                 Setup
         0        1        2        3        4        5        6        7        8        9        10       11       12       13       14       15       16       17       18       19       20       
0        0        368      541      556      346      256      890      325      305      173      137      107      749      562      645      778      611      663      200      740      395      
1        368      0        602      319      590      315      708      237      234      360      325      471      786      521      717      850      589      531      435      751      759      
2        541      602      0        439      301      322      509      757      741      701      654      601      209      156      115      252      136      309      740      202      786      
3        556      319      439      0        591      338      388      554      548      628      582      661      564      299      534      646      360      235      698      516      938      
4        346      590      301      591      0        285      788      649      630      519      483      360      479      412      365      479      425      564      532      492      489      
5        256      315      322      338      285      0        637      436      419      392      343      347      527      309      436      574      364      408      443      507      607      
6        890      708      509      388      788      637      0        942      934      995      947      985      476      375      528      562      373      231      1060     420      1233     
7        325      237      757      554      649      436      942      0        20       205      203      391      959      713      872      1010     777      751      269      933      646      
8        305      234      741      548      630      419      934      20       0        189      184      371      943      699      856      993      763      741      254      918      629      
9        173      360      701      628      519      392      995      205      189      0        49       198      910      700      809      945      756      779      74       896      440      
10       137      325      654      582      483      343      947      203      184      49       0        187      863      651      763      899      707      730      116      848      452      
11       107      471      601      661      360      347      985      391      371      198      187      0        805      643      696      824      686      755      182      803      289      
12       749      786      209      564      479      527      476      959      943      910      863      805      0        272      113      89       206      360      949      57       969      
13       562      521      156      299      412      309      375      713      699      700      651      643      272      0        236      348      67       156      752      231      868      
14       645      717      115      534      365      436      528      872      856      809      763      696      113      236      0        137      184      365      845      136      855      
15       778      850      252      646      479      574      562      1010     993      945      899      824      89       348      137      0        285      448      978      147      962      
16       611      589      136      360      425      364      373      777      763      756      707      686      206      67       184      285      0        182      805      163      898      
17       663      531      309      235      564      408      231      751      741      779      730      755      360      156      365      448      182      0        840      305      1001     
18       200      435      740      698      532      443      1060     269      254      74       116      182      949      752      845      978      805      840      0        939      381      
19       740      751      202      516      492      507      420      933      918      896      848      803      57       231      136      147      163      305      939      0        981      
20       395      759      786      938      489      607      1233     646      629      440      452      289      969      868      855      962      898      1001     381      981      0        
;



Table delta(i,j)                 Distance
         0        1        2        3        4        5        6        7        8        9        10       11       12       13       14       15       16       17       18       19       20       
0        0        143      141      78       50       190      18       145      54       58       150      195      152      143      42       153      59       147      57       172      75       
1        143      0        11       100      97       76       153      131      143      137      34       119      44       64       143      30       85       115      88       55       68       
2        141      11       0        105      97       67       150      140      137      140      45       130      33       75       138      42       85       125      88       67       68       
3        78       100      105      0        38       170      96       70       116      40       90       117      131      72       107      96       44       70       39       106      50       
4        50       97       97       38       0        154      65       108      78       49       100      148      115      93       70       104      12       106      8        121      29       
5        190      76       67       170      154      0        193      207      167      202      107      188      39       139      172      101      141      191      146      121      126      
6        18       153      150      96       65       193      0        164      41       76       163      212      157      159      29       166      71       166      71       186      86       
7        145      131      140      70       108      207      164      0        186      92       103      70       172      69       177      109      111      18       107      102      112      
8        54       143      137      116      78       167      41       186      0        109      161      224      136      166      12       163      78       185      81       186      87       
9        58       137      140      40       49       202      76       92       109      0        130      151      162      112      97       136      62       98       57       146      76       
10       150      34       45       90       100      107      163      103      161      130      0        84       78       33       159      6        91       86       92       24       77       
11       195      119      130      117      148      188      212      70       224      151      84       0        162      61       218      88       146      55       144      67       139      
12       152      44       33       131      115      39       157      172      136      162      78       162      0        108      139      73       102      158      107      97       86       
13       143      64       75       72       93       139      159      69       166      112      33       61       108      0        161      39       89       52       88       36       79       
14       42       143      138      107      70       172      29       177      12       97       159      218      139      161      0        161      72       177      74       183      82       
15       153      30       42       96       104      101      166      109      163      136      6        88       73       39       161      0        94       92       96       25       80       
16       59       85       85       44       12       141      71       111      78       62       91       146      102      89       72       94       0        107      5        114      16       
17       147      115      125      70       106      191      166      18       185      98       86       55       158      52       177      92       107      0        104      84       105      
18       57       88       88       39       8        146      71       107      81       57       92       144      107      88       74       96       5        104      0        114      20       
19       172      55       67       106      121      121      186      102      186      146      24       67       97       36       183      25       114      84       114      0        100      
20       75       68       68       50       29       126      86       112      87       76       77       139      86       79       82       80       16       105      20       100      0        
;

