
sets
i        orders          /0*20/
k        routes          /1*20/
p        positions       /0*20/
;

alias(i,j)
alias(i,h)
alias(i,hh)
alias(i,jj)
alias(k,kk)
                
                    Parameters

rho(i)	Processing time
/
0	0
1	83
2	55
3	75
4	84
5	20
6	22
7	39
8	68
9	62
10	71
11	60
12	82
13	23
14	84
15	95
16	52
17	33
18	99
19	41
20	74
/

gamma(i)	Duedate
/
0	0
1	92
2	68
3	26
4	9
5	77
6	57
7	79
8	60
9	88
10	12
11	6
12	5
13	63
14	26
15	68
16	81
17	9
18	68
19	84
20	99
/

sigma(i)	Size
/
0	0
1	4
2	7
3	7
4	2
5	5
6	4
7	6
8	2
9	6
10	7
11	2
12	6
13	1
14	2
15	5
16	4
17	1
18	5
19	6
20	7
/

epsilon(i)	Priority
/
0	0
1	1
2	4
3	4
4	3
5	6
6	4
7	9
8	1
9	1
10	3
11	7
12	6
13	7
14	1
15	9
16	6
17	9
18	7
19	6
20	6
/

psi	Vehicle Capacity
/ 20 /
;

Table kappa(i,j)                 Setup
         0        1        2        3        4        5        6        7        8        9        10       11       12       13       14       15       16       17       18       19       20       
0        0        197      51       74       137      121      171      161      193      92       42       143      77       114      67       145      64       117      197      111      153      
1        197      0        150      137      61       171      64       128      7        182      205      264      126      212      156      59       145      80       118      86       144      
2        51       150      0        56       93       88       120      114      147      68       57       144      48       100      29       104      50       72       148      64       109      
3        74       137      56       0        76       140      132      151      131      124      104      199      14       156      84       78       10       61       177      62       152      
4        137      61       93       76       0        137      69       115      56       138      150      222      65       171      105      16       84       20       125      29       125      
5        121      171      88       140      137      0        112      61       172      32       90       95       129      44       59       153      136      121      101      111      44       
6        171      64       120      132      69       112      0        63       68       129      166      207      118      156      114      81       137      73       58       70       80       
7        161      128      114      151      115      61       63       0        131      89       141      154      137      105      94       130      152      107      40       99       18       
8        193      7        147      131      56       172      68       131      0        181      202      264      121      212      154      53       139      75       123      82       146      
9        92       182      68       124      138      32       129      89       181      0        58       84       115      33       40       153      118      119      129      109      74       
10       42       205      57       104      150      90       166      141      202      58       0        101      101      73       51       161      95       129      180      121      129      
11       143      264      144      199      222      95       207      154      264      84       101      0        192      52       120      237      191      203      191      193      135      
12       77       126      48       14       65       129      118      137      121      115      101      192      0        147      75       69       19       48       163      48       138      
13       114      212      100      156      171      44       156      105      212      33       73       52       147      0        72       186      150      153      144      142      87       
14       67       156      29       84       105      59       114      94       154      40       51       120      75       72       0        119      79       85       131      75       86       
15       145      59       104      78       16       153      81       130      53       153      161      237      69       186      119      0        87       33       138      43       141      
16       64       145      50       10       84       136      137      152      139      118      95       191      19       150      79       87       0        67       179      67       151      
17       117      80       72       61       20       121      73       107      75       119      129      203      48       153      85       33       67       0        124      10       114      
18       197      118      148      177      125      101      58       40       123      129      180      191      163      144      131      138      179      124      0        118      56       
19       111      86       64       62       29       111      70       99       82       109      121      193      48       142      75       43       67       10       118      0        105      
20       153      144      109      152      125      44       80       18       146      74       129      135      138      87       86       141      151      114      56       105      0        
;



Table delta(i,j)                 Distance
         0        1        2        3        4        5        6        7        8        9        10       11       12       13       14       15       16       17       18       19       20       
0        0        10620    12060    12690    13380    2760     5100     6480     4440     9120     7710     8160     6360     7020     5970     3750     11190    15750    11790    9450     7050     
1        10620    0        190      71       252      310      186      144      471      340      442      334      205      464      524      426      403      260      210      191      119      
2        12060    190      0        183      441      401      281      211      546      224      366      490      346      406      599      419      261      123      29       91       223      
3        12690    71       183      0        276      381      257      209      542      372      489      398      274      517      596      489      428      217      209      217      189      
4        13380    252      441      276      0        361      304      324      495      565      631      245      234      637      539      559      637      494      462      433      286      
5        2760     310      401      381      361      0        127      193      161      354      337      181      133      321      214      216      429      518      398      324      196      
6        5100     186      281      257      304      127      0        70       286      291      329      224      89       333      340      262      367      394      283      215      70       
7        6480     144      211      209      324      193      70       0        347      244      313      289      146      328      401      282      319      325      213      146      38       
8        4440     471      546      542      495      161      286      347      0        449      376      265      286      339      53       222      514      667      539      462      356      
9        9120     340      224      372      565      354      291      244      449      0        150      510      380      198      493      255      76       328      197      155      281      
10       7710     442      366      489      631      337      329      313      376      150      0        515      412      53       410      154      173      476      341      284      351      
11       8160     334      490      398      245      181      224      289      265      510      515      0        144      502      302      397      587      588      498      436      268      
12       6360     205      346      274      234      133      89       146      286      380      412      144      0        411      337      326      456      448      354      292      124      
13       7020     464      406      517      637      321      333      328      339      198      53       502      411      0        368      117      226      521      383      321      364      
14       5970     524      599      596      539      214      340      401      53       493      410      302      337      368      0        255      556      720      591      513      410      
15       3750     426      419      489      559      216      262      282      222      255      154      397      326      117      255      0        308      541      402      328      312      
16       11190    403      261      428      637      429      367      319      514      76       173      587      456      226      556      308      0        345      232      213      355      
17       15750    260      123      217      494      518      394      325      667      328      476      588      448      521      720      541      345      0        139      214      330      
18       11790    210      29       209      462      398      283      213      539      197      341      498      354      383      591      402      232      139      0        77       230      
19       9450     191      91       217      433      324      215      146      462      155      284      436      292      321      513      328      213      214      77       0        171      
20       7050     119      223      189      286      196      70       38       356      281      351      268      124      364      410      312      355      330      230      171      0        
;

