
sets
i        orders          /0*20/
k        routes          /1*20/
p        positions       /0*20/
;

alias(i,j)
alias(i,h)
alias(i,hh)
alias(i,jj)
alias(k,kk)
                
                    Parameters

rho(i)	Processing time
/
0	0
1	78
2	15
3	77
4	41
5	87
6	12
7	25
8	21
9	2
10	65
11	5
12	23
13	51
14	22
15	56
16	98
17	79
18	69
19	62
20	76
/

gamma(i)	Duedate
/
0	0
1	7
2	2
3	20
4	53
5	96
6	76
7	31
8	21
9	92
10	18
11	80
12	76
13	80
14	20
15	10
16	5
17	27
18	41
19	23
20	46
/

sigma(i)	Size
/
0	0
1	1
2	7
3	6
4	8
5	7
6	9
7	8
8	8
9	8
10	7
11	1
12	6
13	9
14	4
15	1
16	2
17	5
18	8
19	4
20	8
/

epsilon(i)	Priority
/
0	0
1	9
2	1
3	3
4	8
5	1
6	5
7	6
8	3
9	6
10	8
11	5
12	2
13	9
14	4
15	1
16	3
17	9
18	5
19	1
20	1
/

psi	Vehicle Capacity
/ 36 /
;

Table kappa(i,j)                 Setup
         0        1        2        3        4        5        6        7        8        9        10       11       12       13       14       15       16       17       18       19       20       
0        0        72       100      176      32       88       149      113      83       60       161      133      147      99       76       72       106      201      28       139      69       
1        72       0        109      194      88       20       106      152      50       112      147      89       96       62       122      115      59       149      45       69       141      
2        100      109      0        84       132      107      90       59       65       64       67       83       102      65       56       50       80       142      105      137      134      
3        176      194      84       0        206      190      144      73       147      122      81       146      162      142      107      107      156      181      187      212      187      
4        32       88       132      206      0        107      178      140      112      86       194      162      175      128      102      100      133      229      44       158      64       
5        88       20       107      190      107      0        89       156      43       120      136      73       78       50       129      121      43       130      63       50       157      
6        149      106      90       144      178      89       0        149      65       144      67       16       19       50       143      135      47       54       135      79       207      
7        113      152      59       73       140      156      149      0        118      54       110      142      161      122      38       41       137      199      131      193      114      
8        83       50       65       147      112      43       65       118      0        92       96       49       64       15       97       89       24       117      70       75       145      
9        60       112      64       122      86       120      144      54       92       0        131      132      151      103      16       16       116      199      81       166      71       
10       161      147      67       81       194      136      67       110      96       131      0        73       86       85       122      116      94       100      160      142      201      
11       133      89       83       146      162      73       16       142      49       132      73       0        19       34       132      124      30       68       119      69       193      
12       147      96       102      162      175      78       19       161      64       151      86       19       0        50       151      143      41       54       131      60       209      
13       99       62       65       142      128      50       50       122      15       103      85       34       50       0        105      97       15       102      86       72       159      
14       76       122      56       107      102      129      143      38       97       16       122      132      151      105      0        8        119      196      95       172      83       
15       72       115      50       107      100      121      135      41       89       16       116      124      143      97       8        0        111      189      90       164      86       
16       106      59       80       156      133      43       47       137      24       116      94       30       41       15       119      111      0        95       90       57       170      
17       201      149      142      181      229      130      54       199      117      199      100      68       54       102      196      189      95       0        185      99       261      
18       28       45       105      187      44       63       135      131      70       81       160      119      131      86       95       90       90       185      0        114      96       
19       139      69       137      212      158      50       79       193      75       166      142      69       60       72       172      164      57       99       114      0        208      
20       69       141      134      187      64       157      207      114      145      71       201      193      209      159      83       86       170      261      96       208      0        
;



Table delta(i,j)                 Distance
         0        1        2        3        4        5        6        7        8        9        10       11       12       13       14       15       16       17       18       19       20       
0        0        4440     18150    8550     6390     7440     15750    11670    7530     3270     13410    1530     10350    14040    16800    7350     9750     14670    4560     3450     16230    
1        4440     0        521      220      220      140      380      251      133      176      429      101      326      325      426      224      197      342      189      36       427      
2        18150    521      0        319      416      611      393      351      390      687      264      561      304      373      281      739      595      423      709      525      167      
3        8550     220      319      0        122      341      354      215      116      371      220      242      127      298      332      444      361      344      397      214      275      
4        6390     220      416      122      0        360      467      322      188      317      234      186      133      409      454      426      405      449      354      195      396      
5        7440     140      611      341      360      0        369      282      231      207      559      219      458      326      451      146      84       322      185      171      487      
6        15750    380      393      354      467      369      0        145      291      546      516      475      463      59       121      515      307      50       541      410      225      
7        11670    251      351      215      322      282      145      0        147      425      402      338      333      86       176      425      248      128      429      276      207      
8        7530     133      390      116      188      231      291      147      0        307      336      200      242      232      309      350      245      267      322      145      295      
9        3270     176      687      371      317      207      546      425      307      0        551      132      447      494      602      148      291      503      46       162      603      
10       13410    429      264      220      234      559      516      402      336      551      0        419      104      470      447      650      581      522      586      414      342      
11       1530     101      561      242      186      219      475      338      200      132      419      0        315      418      509      245      290      440      167      66       492      
12       10350    326      304      127      133      458      463      333      242      447      104      315      0        410      415      545      486      460      482      310      329      
13       14040    325      373      298      409      326      59       86       232      494      470      418      410      0        130      473      272      53       492      353      210      
14       16800    426      281      332      454      451      121      176      309      602      447      509      415      130      0        597      402      164      605      449      117      
15       7350     224      739      444      426      146      515      425      350      148      650      245      545      473      597      0        215      467      103      235      626      
16       9750     197      595      361      405      84       307      248      245      291      581      290      486      272      402      215      0        257      268      232      455      
17       14670    342      423      344      449      322      50       128      267      503      522      440      460      53       164      467      257      0        497      374      258      
18       4560     189      709      397      354      185      541      429      322      46       586      167      482      492      605      103      268      497      0        183      615      
19       3450     36       525      214      195      171      410      276      145      162      414      66       310      353      449      235      232      374      183      0        441      
20       16230    427      167      275      396      487      225      207      295      603      342      492      329      210      117      626      455      258      615      441      0        
;

