
sets
i        orders          /0*20/
k        routes          /1*20/
p        positions       /0*20/
;

alias(i,j)
alias(i,h)
alias(i,hh)
alias(i,jj)
alias(k,kk)
                
                    Parameters

rho(i)	Processing time
/
0	0
1	66
2	57
3	97
4	23
5	35
6	4
7	52
8	25
9	70
10	96
11	64
12	46
13	38
14	86
15	40
16	70
17	74
18	68
19	59
20	83
/

gamma(i)	Duedate
/
0	0
1	88
2	58
3	30
4	48
5	96
6	60
7	3
8	13
9	17
10	56
11	48
12	92
13	46
14	41
15	91
16	73
17	6
18	27
19	39
20	27
/

sigma(i)	Size
/
0	0
1	9
2	6
3	2
4	6
5	5
6	2
7	1
8	8
9	5
10	9
11	9
12	2
13	1
14	4
15	7
16	7
17	9
18	5
19	3
20	6
/

epsilon(i)	Priority
/
0	0
1	9
2	6
3	1
4	7
5	4
6	9
7	4
8	9
9	5
10	1
11	8
12	9
13	6
14	3
15	8
16	3
17	1
18	3
19	9
20	3
/

psi	Vehicle Capacity
/ 13 /
;

Table kappa(i,j)                 Setup
         0        1        2        3        4        5        6        7        8        9        10       11       12       13       14       15       16       17       18       19       20       
0        0        152      202      95       34       195      143      116      188      160      129      161      104      71       89       175      189      156      67       48       110      
1        152      0        75       121      122      138      12       114      43       69       80       151      120      134      156      167      114      187      93       112      59       
2        202      75       0        134      168      90       88       116      37       46       81       127      128      158      170      138      63       173      135      174      91       
3        95       121      134      0        65       101      121      22       137      87       52       66       9        27       37       81       100      76       50       101      61       
4        34       122      168      65       0        161      116      84       156      126      95       131      73       46       70       146      155      133      32       43       76       
5        195      138      90       101      161      0        147      79       119      69       74       52       92       128      126      55       26       98       135      188      106      
6        143      12       88       121      116      147      0        116      56       78       84       156      121      131      154      173      123      190      89       102      59       
7        116      114      116      22       84       79       116      0        123      70       37       50       13       50       55       66       78       73       62       117      57       
8        188      43       37       137      156      119      56       123      0        58       86       147      133      156      174      161      93       190      124      153      81       
9        160      69       46       87       126      69       78       70       58       0        35       89       81       112      124      104      45       132      93       139      52       
10       129      80       81       52       95       74       84       37       86       35       0        72       47       77       89       88       61       107      64       115      32       
11       161      151      127      66       131      52       156      50       147      89       72       0        58       90       81       17       68       47       112      166      101      
12       104      120      128      9        73       92       121      13       133      81       47       58       0        36       42       73       92       72       56       109      61       
13       71       134      158      27       46       128      131      50       156      112      77       90       36       0        26       103      128      87       46       88       76       
14       89       156      170      37       70       126      154      55       174      124      89       81       42       26       0        91       131      66       72       113      96       
15       175      167      138      81       146      55       173      66       161      104      88       17       73       103      91       0        77       44       129      182      118      
16       189      114      63       100      155      26       123      78       93       45       61       68       92       128      131      77       0        116      125      176      90       
17       156      187      173      76       133      98       190      73       190      132      107      47       72       87       66       44       116      0        126      175      131      
18       67       93       135      50       32       135      89       62       124      93       64       112      56       46       72       129      125      126      0        54       43       
19       48       112      174      101      43       188      102      117      153      139      115      166      109      88       113      182      176      175      54       0        87       
20       110      59       91       61       76       106      59       57       81       52       32       101      61       76       96       118      90       131      43       87       0        
;



Table delta(i,j)                 Distance
         0        1        2        3        4        5        6        7        8        9        10       11       12       13       14       15       16       17       18       19       20       
0        0        6840     2400     7290     960      6210     8730     13470    3600     14220    8190     11280    10470    13260    8130     4860     10110    7650     5730     1140     12360    
1        6840     0        180      384      242      385      456      667      319      564      500      574      431      654      497      390      538      420      37       189      556      
2        2400     180      0        221      110      208      285      487      139      435      342      456      303      474      341      232      358      248      144      59       396      
3        7290     384      221      0        268      68       78       346      138      235      338      511      128      317      341      267      193      51       352      259      175      
4        960      242      110      268      0        227      311      449      137      502      257      348      377      446      254      148      346      276      206      59       433      
5        6210     385      208      68       227      0        84       303      89       295      269      443      196      280      272      201      157      50       350      232      207      
6        8730     456      285      78       311      84       0        277      173      228      317      500      163      243      321      271      124      37       423      314      123      
7        13470    667      487      346      449      303      277      0        348      449      258      412      434      45       265      317      153      295      630      485      307      
8        3600     319      139      138      137      89       173      348      0        374      238      391      261      335      238      142      222      139      282      148      296      
9        14220    564      435      235      502      295      228      449      374      0        546      728      133      405      550      495      321      248      540      483      142      
10       8190     500      342      338      257      269      317      258      238      546      0        185      465      279      7        111      250      304      463      312      422      
11       11280    574      456      511      348      443      500      412      391      728      185      0        639      443      180      248      434      483      542      407      607      
12       10470    431      303      128      377      196      163      434      261      133      465      639      0        396      468      395      284      163      407      354      164      
13       13260    654      474      317      446      280      243      45       335      405      279      443      396      0        286      324      123      266      618      477      263      
14       8130     497      341      341      254      272      321      265      238      550      7        180      468      286      0        109      256      307      460      309      427      
15       4860     390      232      267      148      201      271      317      142      495      111      248      395      324      109      0        250      246      353      201      391      
16       10110    538      358      193      346      157      124      153      222      321      250      434      284      123      256      250      0        142      502      369      183      
17       7650     420      248      51       276      50       37       295      139      248      304      483      163      266      307      246      142      0        387      277      157      
18       5730     37       144      352      206      350      423      630      282      540      463      542      407      618      460      353      502      387      0        152      525      
19       1140     189      59       259      59       232      314      485      148      483      312      407      354      477      309      201      369      277      152      0        432      
20       12360    556      396      175      433      207      123      307      296      142      422      607      164      263      427      391      183      157      525      432      0        
;

