

sets
i        orders          /0*80/
k        routes          /1*80/
p        positions       /0*80/
;

alias(i,j)
alias(i,h)
alias(i,hh)
alias(i,jj)
alias(k,kk)
                            Parameters

rho(i)	Processing time
/
0	0
1	66
2	86
3	49
4	70
5	46
6	39
7	13
8	9
9	79
10	30
11	48
12	52
13	90
14	53
15	48
16	58
17	44
18	20
19	61
20	44
21	8
22	72
23	47
24	32
25	76
26	45
27	70
28	62
29	16
30	88
31	92
32	73
33	1
34	28
35	96
36	25
37	58
38	79
39	89
40	92
41	50
42	27
43	9
44	50
45	29
46	2
47	28
48	28
49	72
50	89
51	18
52	37
53	25
54	33
55	80
56	18
57	37
58	75
59	43
60	34
61	42
62	61
63	72
64	3
65	18
66	40
67	52
68	18
69	73
70	63
71	63
72	18
73	79
74	58
75	94
76	5
77	30
78	18
79	59
80	23
/

gamma(i)	Duedate
/
0	0
1	41
2	64
3	60
4	99
5	1
6	56
7	55
8	62
9	67
10	67
11	21
12	95
13	44
14	54
15	25
16	13
17	41
18	76
19	13
20	92
21	68
22	15
23	53
24	57
25	7
26	11
27	6
28	27
29	47
30	56
31	51
32	69
33	89
34	94
35	31
36	72
37	31
38	31
39	48
40	4
41	76
42	32
43	15
44	94
45	63
46	89
47	33
48	29
49	87
50	83
51	95
52	94
53	53
54	34
55	39
56	8
57	6
58	63
59	30
60	12
61	80
62	55
63	44
64	56
65	82
66	62
67	30
68	33
69	64
70	32
71	44
72	65
73	76
74	9
75	76
76	2
77	19
78	65
79	83
80	98
/

sigma(i)	Size
/
0	0
1	1
2	1
3	7
4	5
5	4
6	6
7	2
8	8
9	2
10	8
11	4
12	1
13	5
14	2
15	6
16	4
17	1
18	8
19	8
20	9
21	6
22	1
23	8
24	4
25	5
26	2
27	4
28	4
29	1
30	6
31	8
32	4
33	4
34	3
35	9
36	6
37	3
38	2
39	8
40	6
41	7
42	5
43	5
44	7
45	4
46	3
47	9
48	6
49	7
50	2
51	2
52	3
53	5
54	4
55	4
56	8
57	8
58	6
59	3
60	6
61	2
62	3
63	4
64	3
65	1
66	8
67	4
68	4
69	2
70	5
71	5
72	3
73	1
74	3
75	1
76	8
77	9
78	5
79	4
80	8
/

epsilon(i)	Priority
/
0	0
1	8
2	1
3	1
4	8
5	9
6	3
7	8
8	8
9	6
10	7
11	6
12	4
13	5
14	7
15	5
16	8
17	7
18	7
19	2
20	4
21	7
22	7
23	5
24	8
25	9
26	4
27	8
28	8
29	1
30	9
31	1
32	9
33	2
34	7
35	5
36	2
37	3
38	8
39	5
40	1
41	3
42	8
43	1
44	5
45	3
46	6
47	9
48	9
49	1
50	6
51	5
52	1
53	4
54	6
55	7
56	2
57	2
58	1
59	6
60	7
61	5
62	4
63	2
64	8
65	5
66	6
67	1
68	4
69	1
70	7
71	9
72	2
73	8
74	2
75	5
76	6
77	9
78	1
79	1
80	9
/

psi	Vehicle Capacity
/ 42 /
;

Table kappa(i,j)                 Setup
         0        1        2        3        4        5        6        7        8        9        10       11       12       13       14       15       16       17       18       19       20       21       22       23       24       25       26       27       28       29       30       31       32       33       34       35       36       37       38       39       40       41       42       43       44       45       46       47       48       49       50       51       52       53       54       55       56       57       58       59       60       61       62       63       64       65       66       67       68       69       70       71       72       73       74       75       76       77       78       79       80       
0        0        1477     3482     776      361      1313     1976     3581     3322     3428     1220     3657     3700     2609     2807     2406     1538     2415     2748     1884     2275     1150     2032     3146     1190     2583     1143     2597     2011     3478     1521     1278     3755     1850     3304     1440     3495     2105     2909     3117     3952     2549     2534     1901     3077     546      2153     1367     699      638      2928     2989     3477     3158     630      3997     1081     3853     1242     1268     1373     2303     1954     1903     3824     2019     3676     2919     3109     2667     3163     2360     1242     2363     2012     218      1896     1295     2208     1602     1330     
1        1477     0        2008     1408     1584     1894     1884     2734     2407     1956     1024     2233     2472     1135     2122     1870     1536     1467     1801     733      880      597      2266     1983     650      1394     1944     1533     985      2004     1605     2550     2297     1025     2473     2574     2253     1908     2454     1641     3358     1173     1804     1422     1601     1007     1270     574      1273     2043     2212     1696     2038     2095     928      3391     1021     3086     807      1586     1001     1289     1501     428      2518     2555     2348     2713     1639     1193     2507     2131     1244     1041     1177     1497     441      645      2551     170      2430     
2        3482     2008     0        3335     3586     3689     3279     2868     2558     434      2787     963      1869     923      2782     2850     3141     1902     2248     1927     1411     2422     3777     1857     2421     1448     3816     1980     2041     362      3234     4520     722      2103     2742     4500     1730     3208     3268     371      3699     1298     2580     2509     495      3010     2235     2333     3147     4050     2784     1446     801      2125     2928     3707     2855     3233     2588     3346     2674     2047     2556     1580     1641     4198     1477     3720     568      815      3035     3312     2989     1309     2076     3505     1625     2433     4071     1905     4352     
3        776      1408     3335     0        503      603      1205     2895     2667     3187     626      3305     3175     2415     2105     1688     778      2713     2135     1488     1975     1407     1271     2608     1477     2757     553      2048     1522     3252     750      1192     3461     2163     2622     1171     2987     1340     2155     2964     3202     2202     1861     2361     2875     547      1575     1007     1332     893      2228     2541     3155     2569     575      3248     510      3139     770      492      785      1761     2429     1806     3347     1339     3222     2143     2873     2542     2440     1592     539      2441     2337     579      1716     908      1475     1458     1025     
4        361      1584     3586     503      0        969      1699     3392     3156     3489     1069     3666     3617     2685     2604     2189     1280     2685     2608     1854     2297     1380     1702     3053     1434     2810     784      2495     1935     3547     1246     1001     3793     2118     3118     1116     3421     1839     2657     3216     3703     2552     2353     2218     3153     577      2030     1338     1047     469      2727     2945     3500     3035     658      3749     934      3641     1153     974      1231     2202     2276     2011     3768     1662     3633     2624     3170     2774     2943     2087     1030     2551     2287     151      1967     1250     1862     1681     995      
5        1313     1894     3689     603      969      0        886      2722     2556     3482     911      3511     3217     2770     1935     1514     634      3276     2116     1767     2283     1988     742      2657     2061     3281     267      2118     1711     3555     546      1096     3709     2737     2467     918      3054     1047     1851     3325     2878     2460     1764     2958     3207     1147     1655     1389     1927     1158     2057     2691     3391     2558     1166     2927     877      2905     1125     344      1015     1866     3027     2250     3436     735      3338     1719     3181     2934     2208     1255     700      2935     2911     1096     2121     1292     894      1905     784      
6        1976     1884     3279     1205     1699     886      0        1842     1700     2991     942      2902     2448     2414     1067     661      447      3350     1343     1422     1901     2223     507      1916     2301     3234     1152     1436     1246     3073     455      1975     3145     2884     1594     1762     2313     161      974      2943     2015     1983     951      3215     2784     1592     1052     1311     2435     2001     1185     2054     2822     1768     1561     2063     1035     2019     1115     725      897      1257     3292     2105     2703     979      2634     950      2725     2629     1322     388      789      2836     3048     1784     1921     1252     793      1816     1643     
7        3581     2734     2868     2895     3392     2722     1842     0        345      2444     2361     2035     1140     2404     794      1218     2151     3934     934      2001     2080     3301     2212     1023     3367     3618     2982     1221     1756     2528     2214     3816     2351     3680     277      3601     1182     1680     985      2688     832      1894     1046     4125     2479     3073     1501     2366     3812     3771     670      1461     2105     769      3005     839      2500     380      2377     2495     2212     1445     4203     2645     1463     2685     1528     1427     2353     2652     553      1520     2362     3215     3793     3434     2449     2391     2382     2578     3485     
8        3322     2407     2558     2667     3156     2556     1700     345      0        2140     2103     1767     940      2061     637      1044     1955     3588     610      1675     1735     2981     2123     701      3045     3273     2809     882      1436     2225     2027     3652     2079     3340     202      3457     928      1542     990      2361     1146     1549     808      3788     2153     2801     1199     2065     3515     3555     529      1131     1815     436      2730     1159     2243     725      2098     2300     1949     1121     3865     2303     1260     2609     1290     1476     2029     2311     587      1429     2129     2870     3451     3187     2109     2098     2327     2247     3333     
9        3428     1956     434      3187     3489     3482     2991     2444     2140     0        2603     550      1435     821      2405     2511     2901     2157     1872     1719     1213     2446     3496     1443     2460     1712     3633     1627     1785     87       2996     4380     392      2260     2329     4331     1296     2905     2893     460      3276     1026     2227     2698     371      2924     1938     2180     3176     3958     2397     1052     369      1712     2838     3283     2688     2805     2421     3138     2474     1737     2754     1543     1215     3938     1047     3358     318      840      2636     2985     2790     1479     2264     3424     1532     2279     3785     1825     4184     
10       1220     1024     2787     626      1069     911      942      2361     2103     2603     0        2690     2554     1865     1593     1207     531      2470     1541     885      1392     1283     1254     1988     1362     2417     1031     1429     896      2672     588      1797     2858     1972     2083     1728     2363     1018     1751     2420     2774     1597     1314     2279     2310     724      961      481      1535     1507     1712     1915     2547     1965     668      2817     139      2641     220      578      162      1139     2355     1347     2721     1533     2596     1869     2295     2023     1960     1273     221      2051     2140     1086     1210     388      1533     1009     1581     
11       3657     2233     963      3305     3666     3511     2902     2035     1767     550      2690     0        943      1166     2149     2341     2895     2666     1642     1820     1381     2780     3408     1113     2806     2231     3694     1469     1806     604      2990     4488     315      2706     1966     4401     852      2792     2629     987      2864     1114     2035     3160     834      3126     1876     2328     3498     4134     2115     848      219      1371     3039     2865     2795     2374     2537     3174     2543     1662     3222     1859     682      3877     535      3115     713      1278     2314     2825     2850     1955     2732     3622     1791     2419     3683     2080     4256     
12       3700     2472     1869     3175     3617     3217     2448     1140     940      1435     2554     943      0        1700     1483     1802     2583     3315     1108     1834     1615     3068     2925     567      3115     2924     3443     1127     1690     1508     2671     4283     1254     3214     1141     4135     219      2307     1911     1785     1951     1333     1498     3681     1586     3154     1601     2338     3720     4062     1408     783      1068     682      3072     1947     2685     1451     2470     2911     2393     1415     3752     2213     323      3414     409      2404     1449     1908     1527     2260     2653     2571     3284     3611     2067     2405     3164     2302     3999     
13       2609     1135     923      2415     2685     2770     2414     2404     2061     821      1865     1166     1700     0        2098     2068     2237     1615     1591     1018     513      1635     2900     1409     1654     1238     2893     1283     1168     868      2328     3602     1175     1558     2208     3577     1493     2362     2561     555      3189     528      1841     2020     469      2114     1406     1410     2363     3152     2132     978      952      1637     2029     3208     1932     2784     1665     2428     1755     1251     2086     722      1624     3302     1436     2970     507      253      2417     2498     2069     871      1604     2613     718      1510     3196     1009     3430     
14       2807     2122     2782     2105     2604     1935     1067     794      637      2405     1593     2149     1483     2098     0        425      1357     3461     534      1410     1658     2645     1486     1043     2717     3211     2193     819      1149     2492     1420     3032     2440     3124     531      2828     1399     907      488      2516     1238     1573     317      3543     2319     2315     853      1671     3089     2978     124      1355     2138     816      2253     1274     1731     1047     1637     1701     1453     896      3622     2131     1778     1974     1757     966      2218     2350     387      796      1576     2795     3258     2652     1925     1678     1700     1983     2707     
15       2406     1870     2850     1688     2189     1514     661      1218     1044     2511     1207     2341     1802     2068     425      0        933      3280     716      1217     1579     2346     1122     1292     2421     3078     1770     888      968      2597     995      2610     2609     2893     955      2413     1682     509      585      2546     1569     1570     311      3286     2364     1931     678      1362     2730     2555     548      1502     2292     1119     1875     1611     1341     1452     1282     1276     1080     818      3366     1957     2071     1612     2019     906      2282     2309     757      484      1167     2663     3039     2243     1752     1350     1368     1751     2290     
16       1538     1536     3141     778      1280     634      447      2151     1955     2901     531      2895     2583     2237     1357     933      0        2995     1486     1218     1731     1811     730      2023     1889     2920     864      1485     1116     2978     95       1710     3106     2502     1885     1551     2420     566      1377     2786     2423     1875     1151     2808     2650     1145     1026     967      1988     1623     1481     2066     2785     1929     1116     2470     602      2374     733      345      537      1239     2883     1816     2801     1067     2705     1398     2611     2427     1673     823      348      2539     2670     1353     1654     890      1017     1497     1415     
17       2415     1467     1902     2713     2685     3276     3350     3934     3588     2157     2470     2666     3315     1615     3461     3280     2995     0        3035     2066     1853     1316     3724     2993     1254     453      3265     2726     2323     2144     3058     3680     2545     566      3705     3792     3109     3371     3852     1697     4659     2059     3155     706      1831     2189     2624     2041     1803     3053     3530     2580     2448     3193     2142     4686     2440     4310     2261     3002     2465     2567     723      1330     3220     3978     3032     4156     1956     1416     3830     3586     2683     744      403      2549     1537     2107     4003     1546     3661     
18       2748     1801     2248     2135     2608     2116     1343     934      610      1872     1541     1642     1108     1591     534      716      1486     3035     0        1067     1190     2371     1830     576      2436     2750     2351     313      826      1959     1571     3195     1923     2753     678      3034     970      1208     1021     1987     1626     1062     405      3194     1787     2217     600      1460     2910     3029     545      826      1614     442      2142     1652     1679     1293     1511     1823     1381     512      3272     1724     1360     2316     1303     1489     1684     1844     826      1196     1598     2338     2872     2626     1524     1497     2084     1644     2900     
19       1884     733      1927     1488     1854     1767     1422     2001     1675     1719     885      1820     1834     1018     1410     1217     1218     2066     1067     0        517      1309     1892     1303     1371     1866     1913     809      261      1790     1310     2676     1975     1714     1739     2613     1623     1393     1786     1569     2638     714      1097     2140     1440     1340     560      519      1899     2319     1493     1104     1667     1381     1254     2670     979      2353     718      1423     754      555      2219     740      1940     2283     1791     2109     1415     1215     1791     1569     1071     1453     1848     1821     536      603      2189     580      2466     
20       2275     880      1411     1975     2297     2283     1901     2080     1735     1213     1392     1381     1615     513      1658     1579     1731     1853     1190     517      0        1466     2386     1180     1508     1560     2423     878      655      1281     1824     3167     1496     1635     1853     3119     1395     1850     2100     1055     2817     293      1377     2096     923      1747     906      971      2153     2767     1710     831      1204     1351     1660     2841     1475     2456     1207     1939     1269     774      2171     604      1639     2793     1468     2485     903      736      2006     1994     1585     1147     1730     2245     454      1067     2682     716      2971     
21       1150     597      2422     1407     1380     1988     2223     3301     2981     2446     1283     2780     3068     1635     2645     2346     1811     1316     2371     1309     1466     0        2516     2580     78       1435     1956     2118     1545     2482     1856     2382     2811     757      3034     2479     2849     2284     2929     2074     3883     1759     2329     997      2078     873      1810     984      730      1782     2745     2290     2576     2685     832      3919     1214     3643     1112     1745     1334     1859     1072     921      3106     2710     2933     3125     2140     1625     3033     2529     1470     1222     931      1252     1014     1003     2777     767      2346     
22       2032     2266     3777     1271     1702     742      507      2212     2123     3496     1254     3408     2925     2900     1486     1122     730      3724     1830     1892     2386     2516     0        2407     2594     3648     987      1941     1737     3578     666      1704     3653     3225     1990     1442     2801     623      1253     3436     2219     2484     1429     3513     3282     1766     1558     1696     2595     1893     1594     2560     3330     2242     1759     2269     1303     2325     1462     800      1265     1765     3587     2535     3190     489      3130     1011     3227     3106     1664     695      1049     3263     3394     1819     2364     1620     296      2223     1350     
23       3146     1983     1857     2608     3053     2657     1916     1023     701      1443     1988     1113     567      1409     1043     1292     2023     2993     576      1303     1180     2580     2407     0        2634     2644     2880     560      1136     1528     2112     3718     1415     2814     886      3575     398      1784     1518     1665     1845     936      981      3276     1456     2602     1033     1792     3202     3495     1002     441      1130     269      2520     1857     2120     1399     1910     2347     1826     850      3351     1782     787      2892     727      2007     1330     1651     1207     1769     2085     2256     2905     3051     1611     1854     2661     1814     3437     
24       1190     650      2421     1477     1434     2061     2301     3367     3045     2460     1362     2806     3115     1654     2717     2421     1889     1254     2436     1371     1508     78       2594     2634     0        1392     2025     2179     1611     2493     1934     2434     2829     692      3100     2538     2896     2362     3004     2078     3955     1799     2400     919      2090     940      1879     1059     725      1826     2816     2335     2600     2744     902      3991     1292     3711     1190     1822     1412     1924     994      948      3146     2785     2971     3203     2157     1632     3105     2607     1548     1198     864      1303     1054     1080     2854     819      2406     
25       2583     1394     1448     2757     2810     3281     3234     3618     3273     1712     2417     2231     2924     1238     3211     3078     2920     453      2750     1866     1560     1435     3648     2644     1392     0        3307     2437     2109     1696     2994     3812     2098     801      3404     3889     2724     3233     3632     1253     4375     1725     2917     1106     1399     2270     2404     1953     2045     3218     3268     2217     2015     2861     2210     4399     2413     3998     2199     2979     2383     2316     1140     1134     2808     3949     2621     3975     1528     1015     3565     3428     2638     417      703      2687     1331     2034     3937     1424     3751     
26       1143     1944     3816     553      784      267      1152     2982     2809     3633     1031     3694     3443     2893     2193     1770     864      3265     2351     1913     2423     1956     987      2880     2025     3307     0        2332     1888     3703     784      845      3878     2713     2725     707      3274     1312     2118     3447     3145     2620     2011     2895     3341     1087     1862     1487     1799     906      2316     2887     3563     2794     1124     3194     962      3171     1228     532      1160     2069     2960     2327     3652     878      3547     1979     3326     3040     2473     1522     846      2983     2887     925      2217     1387     1098     1978     563      
27       2597     1533     1980     2048     2495     2118     1436     1221     882      1627     1429     1469     1127     1283     819      888      1485     2726     313      809      878      2118     1941     560      2179     2437     2332     0        600      1713     1576     3165     1725     2459     979      3032     944      1323     1296     1700     1938     755      601      2906     1507     2055     475      1259     2696     2935     849      621      1406     575      1976     1963     1561     1590     1357     1800     1267     294      2983     1424     1319     2414     1221     1740     1412     1535     1137     1368     1527     2025     2573     2496     1228     1312     2214     1371     2893     
28       2011     985      2041     1522     1935     1711     1246     1756     1436     1785     896      1806     1690     1168     1149     968      1116     2323     826      261      655      1545     1737     1136     1611     2109     1888     600      0        1863     1211     2688     1997     1975     1490     2595     1488     1195     1530     1698     2378     759      836      2399     1547     1466     300      659      2097     2390     1232     1019     1679     1175     1384     2411     1015     2102     782      1371     742      317      2478     994      1833     2159     1701     1869     1499     1389     1531     1349     1044     1694     2109     1923     788      717      2032     837      2449     
29       3478     2004     362      3252     3547     3555     3073     2528     2225     87       2672     604      1508     868      2492     2597     2978     2144     1959     1790     1281     2482     3578     1528     2493     1696     3703     1713     1863     0        3073     4444     402      2269     2414     4400     1375     2989     2980     453      3360     1103     2314     2701     405      2979     2021     2245     3212     4015     2484     1139     440      1797     2894     3367     2755     2887     2488     3211     2545     1820     2756     1586     1279     4018     1115     3445     379      864      2723     3071     2862     1482     2267     3479     1584     2343     3867     1877     4252     
30       1521     1605     3234     750      1246     546      455      2214     2027     2996     588      2990     2671     2328     1420     995      95       3058     1571     1310     1824     1856     666      2112     1934     2994     784      1576     1211     3073     0        1630     3201     2559     1951     1464     2509     592      1412     2878     2458     1970     1227     2854     2743     1157     1120     1041     2000     1571     1544     2160     2880     2013     1134     2505     642      2427     798      284      613      1333     2928     1896     2892     980      2797     1400     2705     2516     1725     841      385      2616     2728     1329     1738     960      946      1573     1329     
31       1278     2550     4520     1192     1001     1096     1975     3816     3652     4380     1797     4488     4283     3602     3032     2610     1710     3680     3195     2676     3167     2382     1704     3718     2434     3812     845      3165     2688     4444     1630     0        4651     3114     3563     314      4109     2137     2920     4148     3921     3391     2856     3179     4065     1556     2692     2199     1962     666      3153     3702     4343     3638     1628     3970     1697     3986     1961     1372     1946     2894     3230     2967     4483     1386     4371     2715     4065     3718     3296     2326     1648     3544     3280     1132     2895     2101     1701     2624     356      
32       3755     2297     722      3461     3793     3709     3145     2351     2079     392      2858     315      1254     1175     2440     2609     3106     2545     1923     1975     1496     2811     3653     1415     2829     2098     3878     1725     1997     402      3201     4651     0        2651     2278     4583     1168     3043     2924     850      3180     1260     2308     3090     755      3238     2102     2464     3539     4263     2412     1107     322      1677     3151     3181     2954     2690     2691     3368     2719     1891     3147     1896     978      4112     845      3406     671      1226     2620     3092     3031     1871     2657     3737     1862     2560     3933     2156     4436     
33       1850     1025     2103     2163     2118     2737     2884     3680     3340     2260     1972     2706     3214     1558     3124     2893     2502     566      2753     1714     1635     757      3225     2814     692      801      2713     2459     1975     2269     2559     3114     2651     0        3432     3227     2998     2922     3476     1818     4352     1891     2809     466      1898     1631     2271     1579     1258     2489     3207     2441     2487     2979     1589     4383     1926     4046     1774     2478     1988     2255     538      1039     3174     3451     2988     3736     2000     1432     3506     3151     2177     794      174      1982     1231     1632     3497     1144     3097     
34       3304     2473     2742     2622     3118     2467     1594     277      202      2329     2083     1966     1141     2208     531      955      1885     3705     678      1739     1853     3034     1990     886      3100     3404     2725     979      1490     2414     1951     3563     2278     3432     0        3356     1130     1433     812      2534     981      1688     769      3872     2326     2795     1228     2092     3536     3502     409      1305     2009     617      2728     999      2223     614      2099     2230     1934     1184     3950     2402     1462     2471     1493     1290     2206     2460     393      1294     2088     2996     3550     3158     2202     2115     2179     2318     3237     
35       1440     2574     4500     1171     1116     918      1762     3601     3457     4331     1728     4401     4135     3577     2828     2413     1551     3792     3034     2613     3119     2479     1442     3575     2538     3889     707      3032     2595     4400     1464     314      4583     3227     3356     0        3971     1923     2680     4130     3661     3323     2676     3333     4032     1619     2565     2167     2138     889      2947     3594     4269     3475     1680     3711     1646     3752     1914     1235     1864     2774     3389     2978     4351     1087     4250     2444     4021     3712     3070     2092     1552     3596     3398     1262     2886     2066     1410     2630     147      
36       3495     2253     1730     2987     3421     3054     2313     1182     928      1296     2363     852      219      1493     1399     1682     2420     3109     970      1623     1395     2849     2801     398      2896     2724     3274     944      1488     1375     2509     4109     1168     2998     1130     3971     0        2178     1854     1614     2012     1114     1372     3464     1411     2949     1419     2130     3504     3870     1340     563      939      583      2866     2013     2492     1524     2270     2741     2202     1225     3535     1994     389      3287     365      2348     1274     1708     1498     2153     2471     2364     3070     3411     1847     2200     3050     2083     3833     
37       2105     1908     3208     1340     1839     1047     161      1680     1542     2905     1018     2792     2307     2362     907      509      566      3371     1208     1393     1850     2284     623      1784     2362     3233     1312     1323     1195     2989     592      2137     3043     2922     1433     1923     2178     0        822      2880     1867     1910     809      3269     2714     1699     973      1342     2536     2153     1025     1944     2722     1625     1661     1914     1125     1859     1171     871      949      1168     3347     2099     2568     1108     2506     850      2649     2585     1161     258      891      2830     3082     1918     1909     1294     890      1828     1805     
38       2909     2454     3268     2155     2657     1851     974      985      990      2893     1751     2629     1911     2561     488      585      1377     3852     1021     1786     2100     2929     1253     1518     3004     3632     2118     1296     1530     2980     1412     2920     2924     3476     812      2680     1854     822      0        2997     1046     2041     723      3871     2801     2467     1231     1945     3285     2975     516      1843     2624     1274     2418     1092     1876     1073     1850     1693     1639     1325     3951     2524     2220     1711     2217     494      2703     2810     433      596      1672     3215     3620     2730     2318     1929     1400     2333     2575     
39       3117     1641     371      2964     3216     3325     2943     2688     2361     460      2420     987      1785     555      2516     2546     2786     1697     1987     1569     1055     2074     3436     1665     2078     1253     3447     1700     1698     453      2878     4148     850      1818     2534     4130     1614     2880     2997     0        3508     977      2292     2248     209      2640     1910     1963     2803     3680     2531     1230     778      1925     2558     3521     2486     3063     2219     2983     2310     1733     2302     1213     1611     3848     1430     3433     341      451      2797     2997     2624     1029     1813     3136     1254     2063     3731     1534     3982     
40       3952     3358     3699     3202     3703     2878     2015     832      1146     3276     2774     2864     1951     3189     1238     1569     2423     4659     1626     2638     2817     3883     2219     1845     3955     4375     3145     1938     2378     3360     2458     3921     3180     4352     981      3661     2012     1867     1046     3508     0        2666     1555     4777     3299     3496     2088     2905     4299     4015     1146     2277     2938     1583     3442     50       2905     504      2849     2738     2650     2099     4856     3340     2268     2621     2349     1226     3176     3441     850      1629     2711     3964     4480     3775     3136     2905     2290     3215     3569     
41       2549     1173     1298     2202     2552     2460     1983     1894     1549     1026     1597     1114     1333     528      1573     1570     1875     2059     1062     714      293      1759     2484     936      1799     1725     2620     755      759      1103     1970     3391     1260     1891     1688     3323     1114     1910     2041     977      2666     0        1325     2356     804      2014     938      1215     2446     3021     1604     551      953      1137     1927     2687     1694     2274     1432     2117     1460     756      2429     880      1347     2916     1175     2463     743      781      1889     2020     1774     1327     1974     2508     745      1307     2776     1008     3177     
42       2534     1804     2580     1861     2353     1764     951      1046     808      2227     1314     2035     1498     1841     317      311      1151     3155     405      1097     1377     2329     1429     981      2400     2917     2011     601      836      2314     1227     2856     2308     2809     769      2676     1372     809      723      2292     1555     1325     0        3226     2102     2028     537      1358     2786     2747     417      1202     1994     817      1962     1591     1453     1340     1338     1495     1166     604      3305     1824     1762     1917     1708     1142     2012     2088     705      792      1323     2500     2945     2390     1617     1369     1679     1666     2547     
43       1901     1422     2509     2361     2218     2958     3215     4125     3788     2698     2279     3160     3681     2020     3543     3286     2808     706      3194     2140     2096     997      3513     3276     919      1106     2895     2906     2399     2701     2854     3179     3090     466      3872     3333     3464     3269     3871     2248     4777     2356     3226     0        2342     1814     2689     1939     1225     2524     3631     2906     2941     3435     1792     4810     2211     4487     2100     2735     2321     2690     79       1496     3640     3689     3453     4101     2450     1882     3928     3509     2468     1219     435      2071     1681     1976     3770     1561     3214     
44       3077     1601     495      2875     3153     3207     2784     2479     2153     371      2310     834      1586     469      2319     2364     2650     1831     1787     1440     923      2078     3282     1456     2090     1399     3341     1507     1547     405      2743     4065     755      1898     2326     4032     1411     2714     2801     209      3299     804      2102     2342     0        2583     1742     1868     2808     3621     2330     1022     616      1716     2498     3312     2385     2854     2117     2863     2192     1556     2401     1181     1426     3705     1242     3244     137      470      2594     2822     2508     1127     1910     3082     1187     1967     3575     1478     3884     
45       546      1007     3010     547      577      1147     1592     3073     2801     2924     724      3126     3154     2114     2315     1931     1145     2189     2217     1340     1747     873      1766     2602     940      2270     1087     2055     1466     2979     1157     1556     3238     1631     2795     1619     2949     1699     2467     2640     3496     2014     2028     1814     2583     0        1618     821      843      1039     2433     2444     2952     2619     86       3539     591      3362     706      966      862      1761     1881     1434     3278     1882     3131     2542     2605     2197     2683     1957     807      1988     1804     500      1395     749      1996     1107     1482     
46       2153     1270     2235     1575     2030     1655     1052     1501     1199     1938     961      1876     1601     1406     853      678      1026     2624     600      560      906      1810     1558     1033     1879     2404     1862     475      300      2021     1120     2692     2102     2271     1228     2565     1419     973      1231     1910     2088     938      537      2689     1742     1618     0        866      2316     2465     942      1040     1780     1006     1543     2121     1096     1833     912      1330     799      214      2769     1294     1791     2010     1684     1584     1676     1641     1238     1091     1052     1987     2407     2039     1087     898      1846     1129     2424     
47       1367     574      2333     1007     1338     1389     1311     2366     2065     2180     481      2328     2338     1410     1671     1362     967      2041     1460     519      971      984      1696     1792     1059     1953     1487     1259     659      2245     1041     2199     2464     1579     2092     2167     2130     1342     1945     1963     2905     1215     1358     1939     1868     821      866      0        1450     1806     1776     1623     2166     1833     736      2943     524      2690     264      1059     430      970      2018     866      2456     2008     2311     2163     1866     1553     2058     1573     701      1576     1740     1302     732      100      1984     532      2019     
48       699      1273     3147     1332     1047     1927     2435     3812     3515     3176     1535     3498     3720     2363     3089     2730     1988     1803     2910     1899     2153     730      2595     3202     725      2045     1799     2696     2097     3212     2000     1962     3539     1258     3536     2138     3504     2536     3285     2803     4299     2446     2786     1225     2808     843      2316     1450     0        1302     3201     2956     3297     3271     875      4341     1415     4126     1452     1797     1650     2414     1271     1643     3786     2657     3619     3383     2869     2355     3469     2795     1647     1908     1403     895      1712     1421     2808     1437     2030     
49       638      2043     4050     893      469      1158     2001     3771     3555     3958     1507     4134     4062     3152     2978     2555     1623     3053     3029     2319     2767     1782     1893     3495     1826     3218     906      2935     2390     4015     1571     666      4263     2489     3502     889      3870     2153     2975     3680     4015     3021     2747     2524     3621     1039     2465     1806     1302     0        3102     3404     3970     3462     1123     4063     1377     3997     1611     1286     1669     2646     2573     2471     4223     1729     4091     2877     3640     3236     3295     2386     1431     2982     2651     547      2434     1716     1990     2146     818      
