

sets
i        orders          /0*80/
k        routes          /1*80/
p        positions       /0*80/
;

alias(i,j)
alias(i,h)
alias(i,hh)
alias(i,jj)
alias(k,kk)
                            Parameters

rho(i)	Processing time
/
0	0
1	3
2	73
3	91
4	33
5	94
6	85
7	89
8	95
9	83
10	11
11	71
12	1
13	66
14	35
15	26
16	10
17	1
18	85
19	27
20	77
21	70
22	78
23	29
24	40
25	26
26	71
27	27
28	95
29	59
30	10
31	5
32	34
33	46
34	94
35	82
36	63
37	15
38	79
39	33
40	33
41	79
42	76
43	32
44	41
45	34
46	74
47	54
48	36
49	6
50	88
51	8
52	84
53	18
54	31
55	28
56	92
57	82
58	22
59	30
60	56
61	92
62	23
63	43
64	98
65	79
66	2
67	58
68	55
69	46
70	95
71	51
72	77
73	9
74	40
75	22
76	19
77	3
78	89
79	15
80	79
/

gamma(i)	Duedate
/
0	0
1	48
2	6
3	24
4	85
5	83
6	97
7	96
8	51
9	47
10	57
11	20
12	15
13	53
14	1
15	77
16	56
17	37
18	27
19	43
20	67
21	48
22	41
23	94
24	33
25	61
26	65
27	43
28	91
29	31
30	47
31	90
32	97
33	19
34	48
35	26
36	15
37	72
38	36
39	40
40	88
41	73
42	40
43	3
44	87
45	88
46	33
47	87
48	90
49	11
50	42
51	49
52	97
53	60
54	20
55	17
56	97
57	93
58	45
59	66
60	91
61	90
62	86
63	10
64	68
65	15
66	66
67	32
68	96
69	7
70	56
71	92
72	43
73	58
74	87
75	93
76	24
77	71
78	25
79	24
80	9
/

sigma(i)	Size
/
0	0
1	6
2	9
3	4
4	1
5	6
6	6
7	6
8	3
9	9
10	8
11	5
12	1
13	5
14	6
15	4
16	7
17	6
18	6
19	1
20	5
21	9
22	6
23	7
24	1
25	2
26	5
27	8
28	2
29	9
30	4
31	6
32	5
33	9
34	9
35	4
36	3
37	7
38	1
39	7
40	5
41	4
42	1
43	5
44	6
45	4
46	7
47	2
48	7
49	5
50	6
51	4
52	6
53	1
54	8
55	6
56	5
57	7
58	4
59	8
60	7
61	4
62	7
63	9
64	6
65	5
66	2
67	7
68	1
69	6
70	9
71	4
72	4
73	8
74	9
75	5
76	3
77	2
78	3
79	4
80	5
/

epsilon(i)	Priority
/
0	0
1	2
2	1
3	4
4	6
5	3
6	9
7	3
8	8
9	7
10	5
11	6
12	7
13	8
14	2
15	3
16	2
17	3
18	7
19	9
20	5
21	6
22	4
23	9
24	1
25	1
26	6
27	6
28	4
29	1
30	9
31	8
32	3
33	8
34	4
35	5
36	1
37	7
38	6
39	6
40	1
41	7
42	9
43	5
44	3
45	6
46	2
47	6
48	4
49	7
50	4
51	2
52	5
53	9
54	2
55	3
56	2
57	9
58	2
59	8
60	8
61	8
62	5
63	2
64	6
65	7
66	9
67	3
68	7
69	1
70	9
71	2
72	6
73	5
74	2
75	9
76	6
77	3
78	5
79	1
80	9
/

psi	Vehicle Capacity
/ 17 /
;

Table kappa(i,j)                 Setup
         0        1        2        3        4        5        6        7        8        9        10       11       12       13       14       15       16       17       18       19       20       21       22       23       24       25       26       27       28       29       30       31       32       33       34       35       36       37       38       39       40       41       42       43       44       45       46       47       48       49       50       51       52       53       54       55       56       57       58       59       60       61       62       63       64       65       66       67       68       69       70       71       72       73       74       75       76       77       78       79       80       
0        0        216      754      716      249      621      39       465      288      442      373      320      173      773      370      305      311      301      400      548      287      565      676      250      204      58       421      304      153      486      680      666      577      498      462      287      118      430      389      362      741      135      447      435      699      341      211      702      286      373      309      495      548      708      669      386      579      800      617      391      42       297      352      433      455      499      118      357      434      596      249      182      691      531      489      715      360      456      406      253      717      
1        216      0        560      677      345      590      222      393      130      360      380      406      116      661      475      287      420      372      438      405      324      574      575      391      18       205      205      184      67       340      504      602      366      290      251      235      263      329      490      259      671      265      343      442      594      325      216      644      104      181      369      284      332      673      630      384      456      742      512      390      179      166      395      469      370      550      300      225      489      421      328      125      629      377      506      672      153      349      336      157      639      
2        754      560      0        605      723      587      772      460      465      443      605      735      584      388      797      565      773      699      673      282      642      671      396      802      577      717      377      466      606      311      123      510      227      276      317      738      737      415      800      699      520      726      402      619      386      565      757      539      565      530      684      292      286      615      584      591      323      593      371      595      712      466      668      682      435      744      789      418      723      180      696      578      525      269      660      595      491      394      471      666      486      
3        716      677      605      0        501      96       755      285      555      320      345      451      591      253      460      415      486      443      343      377      434      192      208      561      691      658      672      494      661      410      485      98       667      622      634      910      615      357      448      933      101      596      348      289      221      377      871      66       765      803      430      646      706      16       48       330      308      97       243      326      686      513      384      319      312      308      655      465      345      475      487      578      80       413      254      9        752      346      340      834      125      
4        249      345      723      501      0        405      288      309      312      304      165      70       231      618      131      159      74       58       161      458      86       328      517      80       347      198      494      275      288      413      618      472      611      529      507      517      132      317      147      577      547      114      333      212      543      170      450      502      448      526      71       539      606      490      455      182      458      593      471      184      237      285      117      191      317      251      158      311      186      544      26       224      494      458      253      501      492      342      268      462      531      
5        621      590      587      96       405      0        659      205      472      241      249      357      499      284      372      321      394      348      249      331      338      114      208      467      603      563      603      409      570      351      464      99       617      563      571      821      519      281      362      848      157      500      275      193      229      282      779      108      681      725      334      586      650      87       50       234      269      188      216      230      591      430      288      227      235      229      559      386      257      437      391      486      107      364      164      95       674      275      255      746      159      
6        39       222      772      755      288      659      0        500      309      476      412      359      199      806      408      342      350      341      439      576      326      604      709      286      208      97       427      331      166      513      702      703      587      510      472      257      157      462      427      337      777      174      479      474      732      378      179      740      279      364      348      505      555      747      707      425      610      837      650      430      71       322      392      472      489      539      151      383      474      618      288      209      728      557      529      753      357      487      441      232      753      
7        465      393      460      285      309      205      500      0        270      36       156      296      317      313      348      166      337      267      216      177      224      235      213      388      408      409      399      209      384      166      340      210      433      369      372      628      385      77       348      648      281      368      75       159      238      141      594      251      480      520      250      391      458      283      239      139      153      350      162      141      429      229      221      222      32       286      434      181      263      284      286      304      237      196      203      279      469      78       59       550      253      
8        288      130      465      555      312      472      309      270      0        235      290      357      119      531      428      199      382      318      357      278      261      471      445      378      147      252      183      63       149      213      393      476      308      225      197      364      281      201      440      379      543      274      214      346      463      231      344      518      209      257      310      230      295      553      509      288      326      616      381      295      246      43       323      386      244      468      330      95       413      309      288      114      503      253      410      549      209      220      216      285      511      
9        442      360      443      320      304      241      476      36       235      0        163      300      288      331      356      152      340      267      229      162      218      267      233      384      375      387      364      175      353      140      327      242      402      337      338      595      369      42       358      614      312      352      44       179      257      134      563      284      445      484      251      357      425      319      274      148      153      382      176      152      404      194      227      241      13       310      419      145      281      265      279      276      269      175      230      314      433      50       38       517      282      
10       373      380      605      345      165      249      412      156      290      163      0        140      272      454      193      93       181      114      73       325      89       198      353      239      389      315      462      230      344      296      491      308      539      464      454      596      270      191      195      637      383      251      203      64       380      59       545      339      481      543      98       481      551      336      298      18       310      433      312      19       346      249      64       96       173      178      311      238      129      426      146      260      330      336      126      344      498      211      134      527      366      
11       320      406      735      451      70       357      359      296      357      300      140      0        290      591      71       175      41       39       107      460      99       269      491      110      410      268      540      311      352      424      625      433      644      564      545      586      202      321      84       645      506      184      335      169      518      170      521      459      510      585      51       576      645      438      407      158      450      545      452      157      307      324      77       133      310      182      223      338      119      555      79       282      453      467      197      452      548      344      266      529      494      
12       173      116      584      591      231      499      199      317      119      288      272      290      0        612      359      182      305      256      325      377      210      470      518      283      120      133      280      132      72       313      506      526      422      340      308      324      167      268      374      366      598      164      285      336      540      221      280      566      220      295      253      342      403      585      543      279      413      665      457      285      131      124      282      358      300      437      214      184      375      423      212      12       552      358      399      587      261      292      257      254      570      
13       773      661      388      253      618      284      806      313      531      331      454      591      612      0        627      479      632      568      491      263      534      397      101      693      678      718      579      485      671      325      285      185      515      499      526      892      699      344      621      891      152      681      327      426      75       453      875      191      724      735      552      524      568      268      255      436      204      211      155      435      734      499      514      480      318      506      748      437      518      314      596      600      183      299      428      243      683      319      368      812      130      
14       370      475      797      460      131      372      408      348      428      356      193      71       359      627      0        243      58       110      136      519      169      270      529      129      477      323      611      381      419      486      684      458      713      634      616      646      253      382      18       708      528      238      395      201      555      233      577      479      578      655      120      646      716      447      421      209      502      557      496      206      363      395      129      147      366      162      262      407      115      617      146      351      475      528      208      463      618      403      326      592      520      
15       305      287      565      415      159      321      342      166      199      152      93       175      182      479      243      0        210      136      158      299      77       288      379      239      297      247      377      143      254      254      459      361      470      391      375      507      219      158      251      545      436      202      175      155      404      39       459      397      388      450      123      404      474      408      367      97       304      495      326      104      272      160      125      187      165      269      268      164      214      385      132      170      386      299      219      412      406      184      114      436      412      
16       311      420      773      486      74       394      350      337      382      340      181      41       305      632      58       210      0        74       145      500      132      301      532      79       422      264      565      340      362      461      664      472      675      594      574      587      194      360      77       650      545      179      374      209      559      208      518      497      523      601      89       605      674      474      444      199      491      582      493      198      304      352      118      167      351      205      206      371      147      593      94       298      492      505      232      488      566      383      306      534      534      
17       301      372      699      443      58       348      341      267      318      267      114      39       256      568      110      136      74       0        102      426      59       270      468      125      376      247      501      271      320      387      590      417      605      524      506      559      186      285      122      615      492      167      300      155      494      134      497      446      476      549      16       536      606      432      398      132      419      536      425      133      284      285      59       134      278      197      216      299      132      519      53       247      439      431      195      444      511      309      232      499      477      
18       400      438      673      343      161      249      439      216      357      229      73       107      325      491      136      158      145      102      0        391      118      167      392      218      445      343      533      300      395      366      556      327      612      537      526      644      287      261      133      691      399      268      271      65       419      129      586      352      541      607      92       553      624      331      300      83       368      437      359      78       378      318      47       33       237      112      318      311      57       494      152      314      346      405      92       344      564      279      204      578      389      
19       548      405      282      377      458      331      576      177      278      162      325      460      377      263      519      299      500      426      391      0        373      397      198      538      423      500      319      244      425      65       165      279      290      250      270      632      499      140      520      628      322      485      125      337      207      291      621      319      461      472      410      275      331      382      343      310      70       402      140      314      506      254      389      399      153      463      551      192      440      110      431      367      302      38       378      368      420      116      193      552      285      
20       287      324      642      434      86       338      326      224      261      218      89       99       210      534      169      77       132      59       118      373      0        278      433      166      330      229      443      212      278      331      535      395      545      465      447      525      181      232      179      574      471      162      248      148      459      84       468      428      428      499      49       477      546      425      387      105      372      522      385      108      262      226      72       152      230      228      222      240      165      463      62       199      419      375      203      433      458      257      182      461      453      
21       565      574      671      192      328      114      604      235      471      267      198      269      470      397      270      288      301      270      167      397      278      0        314      379      584      507      625      408      542      400      547      212      667      604      604      794      454      309      257      833      271      434      309      133      338      249      743      221      673      728      259      625      693      177      157      190      347      289      308      184      541      428      214      137      266      116      486      398      155      507      320      458      222      424      75       196      680      313      265      724      273      
22       676      575      396      208      517      208      709      213      445      233      353      491      518      101      529      379      532      468      392      198      433      314      0        592      592      621      516      395      580      251      278      116      478      447      468      809      599      250      524      815      129      581      234      327      26       352      787      142      645      665      452      472      525      219      192      335      128      209      63       335      638      411      414      384      220      416      647      350      423      278      495      506      128      236      335      198      613      227      269      730      93       
23       250      391      802      561      80       467      286      388      378      384      239      110      283      693      129      239      79       125      218      538      166      379      592      0        390      211      558      348      328      492      699      541      683      600      576      533      139      397      148      603      615      129      413      277      619      250      460      568      490      572      141      608      674      549      518      257      538      655      549      258      251      356      182      243      396      284      136      387      225      623      106      279      562      538      307      562      543      423      348      488      601      
24       204      18       577      691      347      603      208      408      147      375      389      410      120      678      477      297      422      376      445      423      330      584      592      390      0        198      220      200      62       358      523      618      381      307      268      219      258      345      493      248      686      262      360      452      611      335      197      659      100      182      374      300      347      687      644      394      474      758      529      401      169      182      402      478      386      558      293      242      496      440      331      131      645      396      516      686      159      366      350      142      655      
25       58       205      717      658      198      563      97       409      252      387      315      268      133      718      323      247      264      247      343      500      229      507      621      211      198      0        402      258      138      439      637      608      552      470      437      323      72       377      341      392      683      85       395      377      644      283      253      645      291      377      253      471      528      650      611      328      527      742      563      333      40       254      296      377      400      445      95       311      380      554      194      139      634      484      432      657      357      403      351      278      660      
26       421      205      377      672      494      603      427      399      183      364      462      540      280      579      611      377      565      501      533      319      443      625      516      558      220      402      0        233      267      267      354      581      163      101      61       361      447      322      622      330      635      445      327      512      527      403      382      623      188      162      492      86       127      674      630      457      387      714      455      464      382      217      502      559      368      640      492      228      590      282      471      281      607      281      574      665      116      327      360      288      599      
27       304      184      466      494      275      409      331      209      63       175      230      311      132      485      381      143      340      271      300      244      212      408      395      348      200      258      233      0        185      182      379      418      336      254      234      420      270      146      391      439      486      260      161      284      415      171      392      459      271      320      261      265      334      491      447      228      283      558      332      235      262      20       269      327      186      408      322      53       356      297      249      122      445      227      348      489      272      167      154      341      455      
28       153      67       606      661      288      570      166      384      149      353      344      352      72       671      419      254      362      320      395      425      278      542      580      328      62       138      267      185      0        360      541      594      423      345      308      252      196      329      435      296      665      200      345      408      600      294      210      634      161      244      319      341      394      656      613      351      468      733      518      358      114      171      351      428      365      507      233      235      444      457      273      84       620      402      471      657      219      352      324      182      636      
29       486      340      311      410      413      351      513      166      213      140      296      424      313      325      486      254      461      387      366      65       331      400      251      492      358      439      267      182      360      0        206      316      268      212      224      568      443      105      490      566      368      430      96       320      264      254      556      357      399      414      372      236      299      413      371      283      123      447      188      288      444      190      357      380      136      450      495      129      420      131      386      304      341      46       369      402      362      90       162      488      332      
30       680      504      123      485      618      464      702      340      393      327      491      625      506      285      684      459      664      590      556      165      535      547      278      699      523      637      354      379      541      206      0        389      244      255      292      708      647      304      686      684      405      635      289      500      271      455      715      420      532      516      574      278      302      495      462      475      200      481      248      479      637      383      554      563      318      623      700      328      604      84       592      498      405      160      538      476      469      281      358      631      370      
31       666      602      510      98       472      99       703      210      476      242      308      433      526      185      458      361      472      417      327      279      395      212      116      541      618      608      581      418      594      316      389      0        569      527      541      838      574      275      449      855      75       555      263      264      135      326      804      42       685      718      402      551      610      106      75       291      210      140      145      288      632      437      359      310      232      324      618      383      344      377      454      513      26       316      252      89       666      260      269      760      62       
32       577      366      227      667      611      617      587      433      308      402      539      644      422      515      713      470      675      605      612      290      545      667      478      683      381      552      163      336      423      268      244      569      0        82       115      517      588      362      722      473      607      582      358      576      481      486      544      608      349      305      593      81       60       672      632      530      359      687      427      536      537      326      592      632      401      708      636      306      669      202      586      420      592      254      631      658      270      354      414      449      570      
33       498      290      276      622      529      563      510      369      225      337      464      564      340      499      634      391      594      524      537      250      465      604      447      600      307      470      101      254      345      212      255      527      82       0        41       463      506      295      643      430      573      500      294      505      454      409      481      567      289      261      513      25       88       626      584      456      321      652      390      462      457      244      514      559      337      636      554      227      594      190      504      337      550      211      562      614      217      292      344      389      536      
34       462      251      317      634      507      571      472      372      197      338      454      545      308      526      616      375      574      506      526      270      447      604      468      576      268      437      61       234      308      224      292      541      115      41       0        422      475      296      626      391      591      470      297      498      477      397      440      582      247      223      496      33       99       637      595      447      340      670      409      454      421      222      500      550      340      629      523      215      583      223      482      307      566      231      558      627      177      296      340      348      554      
35       287      235      738      910      517      821      257      628      364      595      596      586      324      892      646      507      587      559      644      632      525      794      809      533      219      323      361      420      252      568      708      838      517      463      422      0        395      565      664      89       906      409      579      660      827      546      81       879      176      215      562      446      465      906      862      603      688      978      746      610      283      401      597      677      605      753      405      460      689      630      508      336      864      601      722      906      247      584      570      80       875      
36       118      263      737      615      132      519      157      385      281      369      270      202      167      699      253      219      194      186      287      499      181      454      599      139      258      72       447      270      196      443      647      574      588      506      475      395      0        367      271      464      649      19       385      328      624      249      324      608      356      440      195      509      570      606      568      285      518      703      545      289      112      271      240      319      382      382      52       320      318      566      134      168      598      489      378      615      416      394      331      349      629      
37       430      329      415      357      317      281      462      77       201      42       191      321      268      344      382      158      360      285      261      140      232      309      250      397      345      377      322      146      329      105      304      275      362      295      296      565      367      0        385      580      341      351      18       216      272      151      538      317      410      446      270      316      384      356      312      177      151      414      189      182      390      163      252      275      46       347      418      108      314      235      291      256      302      146      269      351      394      27       56       486      310      
38       389      490      800      448      147      362      427      348      440      358      195      84       374      621      18       251      77       122      133      520      179      257      524      148      493      341      622      391      435      490      686      449      722      643      626      664      271      385      0        725      518      256      398      197      550      238      595      469      593      669      130      656      725      434      410      210      501      545      493      207      381      406      133      140      367      147      281      416      105      621      162      366      465      531      198      451      632      406      329      609      512      
39       362      259      699      933      577      848      337      648      379      614      637      645      366      891      708      545      650      615      691      628      574      833      815      603      248      392      330      439      296      566      684      855      473      430      391      89       464      580      725      0        920      475      592      701      830      584      169      897      170      169      615      410      416      931      887      642      689      994      751      649      352      419      647      724      623      803      479      471      740      610      565      377      882      594      764      928      214      596      593      115      887      
40       741      671      520      101      547      157      777      281      543      312      383      506      598      152      528      436      545      492      399      322      471      271      129      615      686      683      635      486      665      368      405      75       607      573      591      906      649      341      518      920      0        631      328      337      134      401      875      50       750      778      477      598      652      117      115      366      251      80       182      363      707      504      433      381      301      387      693      448      413      408      529      586      53       361      320      92       726      323      341      828      37       
41       135      265      726      596      114      500      174      368      274      352      251      184      164      681      238      202      179      167      268      485      162      434      581      129      262      85       445      260      200      430      635      555      582      500      470      409      19       351      256      475      631      0        369      309      606      231      339      589      361      445      176      504      567      587      549      266      502      684      528      270      125      262      220      300      365      364      67       308      299      554      115      164      579      476      359      595      418      378      314      360      610      
42       447      343      402      348      333      275      479      75       214      44       203      335      285      327      395      175      374      300      271      125      248      309      234      413      360      395      327      161      345      96       289      263      358      294      297      579      385      18       398      592      328      369      0        223      255      166      553      305      422      455      285      316      383      348      304      188      133      402      172      193      408      178      265      284      43       354      436      120      324      223      307      273      290      133      274      342      403      9        69       500      296      
43       435      442      619      289      212      193      474      159      346      179      64       169      336      426      201      155      209      155      65       337      148      133      327      277      452      377      512      284      408      320      500      264      576      505      498      660      328      216      197      701      337      309      223      0        354      117      609      291      543      602      141      523      593      278      243      58       308      380      295      51       409      304      96       63       185      132      366      284      104      443      198      324      284      354      64       289      555      230      161      590      325      
44       699      594      386      221      543      229      732      238      463      257      380      518      540      75       555      404      559      494      419      207      459      338      26       619      611      644      527      415      600      264      271      135      481      454      477      827      624      272      550      830      134      606      255      354      0        378      807      155      661      678      478      479      529      234      210      362      141      210      82       361      661      430      440      410      244      442      672      369      449      279      521      528      142      245      361      211      626      248      293      747      99       
45       341      325      565      377      170      282      378      141      231      134      59       170      221      453      233      39       208      134      129      291      84       249      352      250      335      283      403      171      294      254      455      326      486      409      397      546      249      151      238      584      401      231      166      117      378      0        499      362      425      485      119      424      495      370      329      59       288      459      303      66       309      190      106      155      146      237      296      182      186      385      145      209      351      297      182      374      439      175      98       475      379      
46       211      216      757      871      450      779      179      594      344      563      545      521      280      875      577      459      518      497      586      621      468      743      787      460      197      253      382      392      210      556      715      804      544      481      440      81       324      538      595      169      875      339      553      609      807      499      0        845      195      258      501      468      497      865      823      554      671      944      724      560      214      376      539      620      575      693      328      438      628      633      444      292      831      593      669      867      277      559      535      99       846      
47       702      644      539      66       502      108      740      251      518      284      339      459      566      191      479      397      497      446      352      319      428      221      142      568      659      645      623      459      634      357      420      42       608      567      582      879      608      317      469      897      50       589      305      291      155      362      845      0        727      760      431      592      650      78       66       323      249      99       181      320      670      478      387      332      274      337      651      425      364      413      485      553      16       356      271      56       708      302      309      801      60       
48       286      104      565      765      448      681      279      480      209      445      481      510      220      724      578      388      523      476      541      461      428      673      645      490      100      291      188      271      161      399      532      685      349      289      247      176      356      410      593      170      750      361      422      543      661      425      195      727      0        86       473      274      302      763      719      484      520      825      582      491      258      251      499      572      454      653      387      302      593      454      431      229      712      428      607      759      84       426      425      100      717      
49       373      181      530      803      526      725      364      520      257      484      543      585      295      735      655      450      601      549      607      472      499      728      665      572      182      377      162      320      244      414      516      718      305      261      223      215      440      446      669      169      778      445      455      602      678      485      258      760      86       0        545      241      250      803      758      544      537      855      602      551      344      300      568      637      491      719      473      339      661      444      508      303      744      436      666      797      52       458      471      159      743      
