
sets
i        orders          /0*40/
k        routes          /1*40/
p        positions       /0*40/
;

alias(i,j)
alias(i,h)
alias(i,hh)
alias(i,jj)
alias(k,kk)
                
                    Parameters

rho(i)	Processing time
/
0	0
1	84
2	93
3	96
4	74
5	19
6	23
7	19
8	64
9	65
10	92
11	50
12	3
13	93
14	95
15	3
16	59
17	85
18	50
19	99
20	90
21	39
22	88
23	95
24	92
25	27
26	9
27	46
28	18
29	25
30	56
31	94
32	76
33	69
34	80
35	79
36	33
37	19
38	74
39	24
40	4
/

gamma(i)	Duedate
/
0	0
1	10
2	64
3	76
4	55
5	42
6	14
7	66
8	78
9	53
10	46
11	6
12	26
13	31
14	48
15	5
16	96
17	50
18	12
19	79
20	34
21	26
22	51
23	66
24	24
25	5
26	3
27	7
28	98
29	67
30	15
31	9
32	78
33	2
34	6
35	72
36	36
37	39
38	58
39	94
40	31
/

sigma(i)	Size
/
0	0
1	8
2	4
3	8
4	2
5	4
6	2
7	6
8	5
9	3
10	8
11	3
12	3
13	3
14	5
15	7
16	4
17	3
18	9
19	6
20	9
21	3
22	4
23	2
24	2
25	5
26	9
27	2
28	5
29	6
30	2
31	9
32	5
33	4
34	9
35	4
36	3
37	9
38	3
39	9
40	7
/

epsilon(i)	Priority
/
0	0
1	4
2	7
3	8
4	7
5	8
6	5
7	9
8	7
9	2
10	1
11	7
12	6
13	6
14	2
15	5
16	4
17	7
18	9
19	6
20	1
21	9
22	8
23	1
24	7
25	6
26	3
27	9
28	7
29	2
30	5
31	7
32	7
33	5
34	9
35	3
36	6
37	4
38	8
39	6
40	1
/

psi	Vehicle Capacity
/ 21 /
;

Table kappa(i,j)                 Setup
         0        1        2        3        4        5        6        7        8        9        10       11       12       13       14       15       16       17       18       19       20       21       22       23       24       25       26       27       28       29       30       31       32       33       34       35       36       37       38       39       40       
0        0        322      373      536      217      739      703      404      331      109      622      503      119      291      526      442      352      438      519      434      424      459      431      227      419      409      31       93       316      434      201      674      204      430      207      146      589      548      360      506      411      
1        322      0        448      740      313      778      748      658      35       430      918      792      274      345      829      456      673      760      590      611      747      628      686      547      684      90       353      259      499      545      404      729      130      708      285      427      888      693      504      474      201      
2        373      448      0        327      166      369      333      327      424      392      615      495      268      105      562      91       531      627      153      197      606      204      347      434      757      485      377      305      148      99       574      306      349      405      189      296      597      249      98       172      340      
3        536      740      327      0        426      406      375      166      724      481      352      270      489      407      347      388      454      523      286      132      502      123      153      435      780      794      520      521      241      239      710      345      619      218      454      393      349      136      241      453      665      
4        217      313      166      426      0        535      500      357      298      265      635      508      103      74       559      225      462      560      319      298      541      317      383      344      626      372      228      140      186      249      415      473      196      418      28       192      609      389      194      289      278      
5        739      778      369      406      535      0        37       536      748      742      756      675      637      467      752      325      817      901      220      376      879      353      538      753      1099     788      740      675      451      312      941      70       703      609      556      641      756      277      391      309      612      
6        703      748      333      375      500      37       0        501      719      705      727      642      602      432      720      293      781      865      183      340      843      317      503      716      1061     762      703      639      413      274      904      33       671      575      521      604      725      244      353      283      586      
7        404      658      327      166      357      536      501      0        649      332      288      167      387      368      238      412      291      367      362      167      345      186      27       271      613      726      383      413      187      278      560      468      530      80       382      258      269      262      230      491      628      
8        331      35       424      724      298      748      719      649      0        438      914      788      271      324      828      428      680      769      563      594      754      610      677      553      707      80       362      260      484      523      428      700      130      702      271      427      885      672      486      442      165      
9        109      430      392      481      265      742      705      332      438      0        521      406      193      334      422      474      242      330      523      400      316      427      357      118      366      517      78       184      294      430      229      674      309      342      267      101      487      519      351      547      502      
10       622      918      615      352      635      756      727      288      914      521      0        127      644      654      103      697      327      324      626      436      313      445      267      412      650      994      594      660      475      555      717      697      788      217      658      491      36       488      517      774      912      
11       503      792      495      270      508      675      642      167      788      406      127      0        518      529      77       580      249      282      522      327      264      341      151      305      589      867      475      535      352      443      615      610      662      91       531      367      102      398      398      658      785      
12       119      274      268      489      103      637      602      387      271      193      644      518      0        177      557      328      421      515      420      370      499      393      415      295      537      351      136      37       249      343      313      574      144      434      89       156      614      473      278      389      310      
13       291      345      105      407      74       467      432      368      324      334      654      529      177      0        587      151      515      613      256      275      593      288      392      402      698      389      302      212      182      200      490      407      244      437      89       251      632      348      165      215      263      
14       526      829      562      347      559      752      720      238      828      422      103      77       557      587      0        649      224      231      597      402      217      417      225      310      553      908      497      570      416      516      614      688      699      158      580      401      67       476      466      728      838      
15       442      456      91       388      225      325      293      412      428      474      697      580      328      151      649      0        623      719      141      267      698      266      430      524      840      477      450      364      239      149      641      272      379      491      241      381      681      285      183      81       311      
16       352      673      531      454      462      817      781      291      680      242      327      249      421      515      224      623      0        98       620      441      78       465      301      127      341      759      321      421      390      525      398      747      550      242      474      272      291      549      453      703      729      
17       438      760      627      523      560      901      865      367      769      330      324      282      515      613      231      719      98       0        711      526      21       548      371      220      327      847      407      513      484      617      451      832      639      304      571      369      290      629      547      800      824      
18       519      590      153      286      319      220      183      362      563      523      626      522      420      256      597      141      620      711      0        195      689      181      372      543      884      616      520      457      237      96       721      154      499      441      342      423      616      160      174      179      453      
19       434      611      197      132      298      376      340      167      594      400      436      327      370      275      402      267      441      526      195      0        504      26       177      385      735      663      423      405      121      119      622      307      493      246      326      302      424      119      109      339      533      
20       424      747      606      502      541      879      843      345      754      316      313      264      499      593      217      698      78       21       689      504      0        526      350      203      337      834      393      497      463      595      447      810      625      283      553      351      278      607      525      779      807      
21       459      628      204      123      317      353      317      186      610      427      445      341      393      288      417      266      465      548      181      26       526      0        192      412      762      678      449      428      144      116      649      283      513      263      345      329      435      92       124      335      543      
22       431      686      347      153      383      538      503      27       677      357      267      151      415      392      225      430      301      371      372      177      350      192      0        291      629      753      410      440      210      292      584      471      557      71       409      285      251      261      249      508      654      
23       227      547      434      435      344      753      716      271      553      118      412      305      295      402      310      524      127      220      543      385      203      412      291      0        350      632      196      294      306      447      310      683      423      257      353      152      376      503      369      602      604      
24       419      684      757      780      626      1099     1061     613      707      366      650      589      537      698      553      840      341      327      884      735      337      762      629      350      0        773      400      512      648      788      282      1029     601      579      622      462      615      853      709      912      821      
25       409      90       485      794      372      788      762      726      80       517      994      867      351      389      908      477      759      847      616      663      834      678      753      632      773      0        440      340      557      585      492      746      210      781      345      507      965      735      554      480      180      
26       31       353      377      520      228      740      703      383      362      78       594      475      136      302      497      450      321      407      520      423      393      449      410      196      400      440      0        117      307      432      202      674      234      405      222      127      560      539      356      517      437      
27       93       259      305      521      140      675      639      413      260      184      660      535      37       212      570      364      421      513      457      405      497      428      440      294      512      340      117      0        284      381      279      612      130      454      123      169      629      510      314      423      320      
28       316      499      148      241      186      451      413      187      484      294      475      352      249      182      416      239      390      484      237      121      463      144      210      306      648      557      307      284      0        141      509      381      377      260      213      193      455      232      63       320      445      
29       434      545      99       239      249      312      274      278      523      430      555      443      343      200      516      149      525      617      96       119      595      116      292      447      788      585      432      381      141      0        634      243      442      358      275      329      541      149      79       220      438      
30       201      404      574      710      415      941      904      560      428      229      717      615      313      490      614      641      398      451      721      622      447      649      584      310      282      492      202      279      509      634      0        875      334      563      402      320      681      739      558      702      556      
31       674      729      306      345      473      70       33       468      700      674      697      610      574      407      688      272      747      832      154      307      810      283      471      683      1029     746      674      612      381      243      875      0        648      542      495      573      694      212      322      271      572      
32       204      130      349      619      196      703      671      530      130      309      788      662      144      244      699      379      550      639      499      493      625      513      557      423      601      210      234      130      377      442      334      648      0        578      168      298      758      585      391      416      221      
33       430      708      405      218      418      609      575      80       702      342      217      91       434      437      158      491      242      304      441      246      283      263      71       257      579      781      405      454      260      358      563      542      578      0        441      289      194      332      308      570      694      
34       207      285      189      454      28       556      521      382      271      267      658      531      89       89       580      241      474      571      342      326      553      345      409      353      622      345      222      123      213      275      402      495      168      441      0        202      631      416      222      300      259      
35       146      427      296      393      192      641      604      258      427      101      491      367      156      251      401      381      272      369      423      302      351      329      285      152      462      507      127      169      193      329      320      573      298      289      202      0        460      420      250      457      457      
36       589      888      597      349      609      756      725      269      885      487      36       102      614      632      67       681      291      290      616      424      278      435      251      376      615      965      560      629      455      541      681      694      758      194      631      460      0        483      499      759      887      
37       548      693      249      136      389      277      244      262      672      519      488      398      473      348      476      285      549      629      160      119      607      92       261      503      853      735      539      510      232      149      739      212      585      332      416      420      483      0        196      338      586      
38       360      504      98       241      194      391      353      230      486      351      517      398      278      165      466      183      453      547      174      109      525      124      249      369      709      554      356      314      63       79       558      322      391      308      222      250      499      196      0        263      424      
39       506      474      172      453      289      309      283      491      442      547      774      658      389      215      728      81       703      800      179      339      779      335      508      602      912      480      517      423      320      220      702      271      416      570      300      457      759      338      263      0        303      
40       411      201      340      665      278      612      586      628      165      502      912      785      310      263      838      311      729      824      453      533      807      543      654      604      821      180      437      320      445      438      556      572      221      694      259      457      887      586      424      303      0        
;



Table delta(i,j)                 Distance
         0        1        2        3        4        5        6        7        8        9        10       11       12       13       14       15       16       17       18       19       20       21       22       23       24       25       26       27       28       29       30       31       32       33       34       35       36       37       38       39       40       
0        0        10580    7090     6120     7660     990      9140     5890     11020    11930    5880     9810     3680     3900     5060     2870     13370    3780     13390    10560    10330    4840     5490     7490     8560     11570    11400    3600     10530    7270     4610     14160    4840     6520     8770     950      6860     4750     6340     7010     14440    
1        10580    0        385      680      491      1078     979      478      388      321      744      186      947      674      694      978      284      1026     389      613      533      635      789      580      203      234      529      910      557      517      645      380      580      521      261      1030     383      708      438      477      431      
2        7090     385      0        315      462      712      945      235      619      634      596      402      700      319      310      703      669      641      748      488      426      251      415      535      226      447      503      660      454      457      394      766      228      151      168      701      211      493      82       128      813      
3        6120     680      315      0        728      572      1154     454      932      949      773      717      767      328      111      735      952      389      1057     446      434      193      114      782      541      664      545      730      450      711      533      1057     313      164      422      648      488      636      317      202      1111     
4        7660     491      462      728      0        826      506      276      344      461      271      320      523      493      665      580      695      913      614      933      863      565      793      89       343      706      913      494      891      40       309      739      440      587      528      702      251      301      419      584      741      
5        990      1078     712      572      826      0        1007     624      1154     1236     669      1017     463      403      474      384      1360     290      1380     1018     1002     472      495      818      880      1157     1112     453      1021     789      517      1445     498      636      879      194      719      547      644      687      1477     
6        9140     979      945      1154     506      1007     0        719      687      832      385      794      548      846      1065     630      1125     1208     964      1429     1362     965      1187     419      849      1204     1418     554      1390     497      625      1133     841      1044     1032     821      737      529      884      1054     1107     
7        5890     478      235      454      276      624      719      0        545      613      361      392      487      238      389      506      750      655      755      722      662      289      516      328      274      624      736      448      689      256      175      827      167      325      368      553      97       263      165      335      854      
8        11020    388      619      932      344      1154     687      545      0        145      601      232      865      784      903      925      443      1199     287      985      906      814      1023     396      401      616      914      837      932      384      641      446      708      770      584      1043     467      646      622      744      427      
9        11930    321      634      949      461      1236     832      613      145      0        728      234      984      849      936      1038     304      1250     153      934      855      856      1048     525      408      528      846      953      878      500      735      301      764      784      561      1142     523      755      655      751      286      
10       5880     744      596      773      271      669      385      361      601      728      0        586      272      461      680      344      965      835      880      1084     1023     582      801      204      565      939      1094     252      1051     235      241      1010     461      674      715      505      409      145      525      692      1011     
11       9810     186      402      717      320      1017     794      392      232      234      586      0        815      622      702      857      381      1017     364      755      676      622      815      406      176      419      692      780      703      352      534      441      534      553      352      938      297      576      421      522      463      
12       3680     947      700      767      523      463      548      487      865      984      272      815      0        442      657      83       1196     695      1137     1157     1110     580      755      472      749      1111     1199     40       1136     484      312      1253     495      723      853      273      571      239      618      757      1262     
13       3900     674      319      328      493      403      846      238      784      849      461      622      442      0        224      420      957      420      986      721      682      138      340      520      477      766      780      405      706      464      223      1043     94       289      487      384      325      318      243      331      1078     
14       5060     694      310      111      665      474      1065     389      903      936      680      702      657      224      0        623      975      335      1056     549      529      101      127      710      531      715      638      622      548      643      439      1075     229      181      451      538      442      539      282      233      1123     
15       2870     978      703      735      580      384      630      506      925      1038     344      857      83       420      623      0        1236     628      1191     1142     1100     555      712      537      777      1129     1194     91       1125     540      333      1298     486      708      862      192      596      283      620      747      1311     
16       13370    284      669      952      695      1360     1125     750      443      304      965      381      1196     957      975      1236     0        1309     237      794      720      919      1064     776      481      347      674      1161     738      729      908      111      863      798      530      1304     653      957      723      752      184      
17       3780     1026     641      389      913      290      1208     655      1199     1250     835      1017     695      420      335      628      1309     0        1378     810      813      396      281      933      853      1047     926      673      826      882      622      1407     490      516      786      460      732      693      598      566      1453     
18       13390    389      748      1057     614      1380     964      755      287      153      880      364      1137     986      1056     1191     237      1378     0        984      906      982      1162     677      526      547      878      1106     927      653      884      183      899      894      648      1291     661      908      779      855      142      
19       10560    613      488      446      933      1018     1429     722      985      934      1084     755      1157     721      549      1142     794      810      984      0        79       590      534      1014     613      447      144      1117     57       935      869      906      661      434      414      1084     692      972      559      400      978      
20       10330    533      426      434      863      1002     1362     662      906      855      1023     676      1110     682      529      1100     720      813      906      79       0        556      533      945      538      373      113      1070     28       866      815      832      615      393      339      1054     626      917      502      353      903      
21       4840     635      251      193      565      472      965      289      814      856      582      622      580      138      101      555      919      396      982      590      556      0        229      608      457      687      659      543      579      542      341      1014     127      168      411      498      348      443      202      217      1058     
22       5490     789      415      114      793      495      1187     516      1023     1048     801      815      755      340      127      712      1064     281      1162     534      533      229      0        838      640      778      646      722      546      771      561      1167     357      268      533      599      566      659      401      312      1220     
23       7490     580      535      782      89       818      419      328      396      525      204      406      472      520      710      537      776      933      677      1014     945      608      838      0        431      796      998      447      973      78       313      813      481      651      613      677      324      274      484      653      810      
24       8560     203      226      541      343      880      849      274      401      408      565      176      749      477      531      777      481      853      526      613      538      457      640      431      0        373      575      711      566      357      443      566      384      377      199      826      180      513      254      346      603      
25       11570    234      447      664      706      1157     1204     624      616      528      939      419      1111     766      715      1129     347      1047     547      447      373      687      778      796      373      0        330      1072     390      726      799      459      674      534      279      1147     542      879      524      482      531      
26       11400    529      503      545      913      1112     1418     736      914      846      1094     692      1199     780      638      1194     674      926      878      144      113      659      646      998      575      330      0        1159     104      921      898      783      708      493      385      1157     688      996      583      449      858      
27       3600     910      660      730      494      453      554      448      837      953      252      780      40       405      622      91       1161     673      1106     1117     1070     543      722      447      711      1072     1159     0        1096     454      272      1219     455      683      813      268      532      203      578      717      1230     
28       10530    557      454      450      891      1021     1390     689      932      878      1051     703      1136     706      548      1125     738      826      927      57       28       579      546      973      566      390      104      1096     0        895      842      849      641      417      367      1076     654      944      529      378      921      
29       7270     517      457      711      40       789      497      256      384      500      235      352      484      464      643      540      729      882      653      935      866      542      771      78       357      726      921      454      895      0        273      775      416      575      535      662      245      261      408      576      779      
30       4610     645      394      533      309      517      625      175      641      735      241      534      312      223      439      333      908      622      884      869      815      341      561      313      443      799      898      272      842      273      0        976      222      445      541      407      262      105      314      469      996      
31       14160    380      766      1057     739      1445     1133     827      446      301      1010     441      1253     1043     1075     1298     111      1407     183      906      832      1014     1167     813      566      459      783      1219     849      775      976      0        950      900      634      1378     730      1016     814      855      78       
32       4840     580      228      313      440      498      841      167      708      764      461      534      495      94       229      486      863      490      899      661      615      127      357      481      384      674      708      455      641      416      222      950      0        228      396      472      242      327      150      262      986      
33       6520     521      151      164      587      636      1044     325      770      784      674      553      723      289      181      708      798      516      894      434      393      168      268      651      377      534      493      683      417      575      445      900      228      0        270      665      339      550      167      52       952      
34       8770     261      168      422      528      879      1032     368      584      561      715      352      853      487      451      862      530      786      648      414      339      411      533      613      199      279      385      813      367      535      541      634      396      270      0        869      306      632      247      222      690      
35       950      1030     701      648      702      194      821      553      1043     1142     505      938      273      384      538      192      1304     460      1291     1084     1054     498      599      677      826      1147     1157     268      1076     662      407      1378     472      665      869      0        650      404      622      711      1401     
36       6860     383      211      488      251      719      737      97       467      523      409      297      571      325      442      596      653      732      661      692      626      348      566      324      180      542      688      532      654      245      262      730      242      339      306      650      0        336      172      333      758      
37       4750     708      493      636      301      547      529      263      646      755      145      576      239      318      539      283      957      693      908      972      917      443      659      274      513      879      996      203      944      261      105      1016     327      550      632      404      336      0        415      574      1028     
38       6340     438      82       317      419      644      884      165      622      655      525      421      618      243      282      620      723      598      779      559      502      202      401      484      254      524      583      578      529      408      314      814      150      167      247      622      172      415      0        170      856      
39       7010     477      128      202      584      687      1054     335      744      751      692      522      757      331      233      747      752      566      855      400      353      217      312      653      346      482      449      717      378      576      469      855      262      52       222      711      333      574      170      0        908      
40       14440    431      813      1111     741      1477     1107     854      427      286      1011     463      1262     1078     1123     1311     184      1453     142      978      903      1058     1220     810      603      531      858      1230     921      779      996      78       986      952      690      1401     758      1028     856      908      0        
;

