
sets
i        orders          /0*40/
k        routes          /1*40/
p        positions       /0*40/
;

alias(i,j)
alias(i,h)
alias(i,hh)
alias(i,jj)
alias(k,kk)
                
                    Parameters

rho(i)	Processing time
/
0	0
1	85
2	79
3	16
4	75
5	11
6	83
7	95
8	39
9	80
10	25
11	72
12	79
13	31
14	38
15	33
16	3
17	6
18	30
19	30
20	57
21	41
22	74
23	44
24	14
25	7
26	82
27	73
28	30
29	35
30	66
31	18
32	53
33	30
34	49
35	12
36	69
37	14
38	88
39	31
40	80
/

gamma(i)	Duedate
/
0	0
1	8
2	61
3	18
4	11
5	16
6	91
7	31
8	79
9	20
10	99
11	37
12	55
13	16
14	10
15	84
16	48
17	89
18	65
19	73
20	28
21	54
22	23
23	69
24	8
25	56
26	33
27	66
28	8
29	23
30	2
31	87
32	19
33	80
34	66
35	42
36	13
37	67
38	2
39	89
40	34
/

sigma(i)	Size
/
0	0
1	3
2	8
3	8
4	7
5	3
6	9
7	2
8	1
9	9
10	9
11	8
12	4
13	8
14	5
15	6
16	8
17	4
18	9
19	1
20	7
21	9
22	1
23	9
24	9
25	3
26	7
27	9
28	1
29	8
30	7
31	5
32	4
33	9
34	3
35	4
36	5
37	1
38	9
39	2
40	7
/

epsilon(i)	Priority
/
0	0
1	6
2	2
3	8
4	2
5	3
6	3
7	8
8	8
9	1
10	8
11	7
12	9
13	9
14	6
15	1
16	1
17	4
18	5
19	3
20	9
21	6
22	7
23	8
24	4
25	7
26	9
27	2
28	2
29	2
30	8
31	2
32	6
33	6
34	7
35	3
36	1
37	1
38	6
39	9
40	3
/

psi	Vehicle Capacity
/ 40 /
;

Table kappa(i,j)                 Setup
         0        1        2        3        4        5        6        7        8        9        10       11       12       13       14       15       16       17       18       19       20       21       22       23       24       25       26       27       28       29       30       31       32       33       34       35       36       37       38       39       40       
0        0        244      290      556      152      285      499      222      301      501      451      354      570      481      285      522      331      550      112      330      141      524      258      419      260      260      641      343      275      566      385      371      513      311      658      733      268      280      323      342      114      
1        244      0        147      465      377      374      254      427      227      486      374      148      343      362      286      314      111      305      357      330      348      473      379      309      206      487      411      532      419      421      402      163      476      242      462      644      230      42       356      553      176      
2        290      147      0        319      373      283      295      400      374      344      521      89       431      219      170      426      240      330      394      204      336      327      305      163      350      473      367      481      351      289      543      290      331      389      368      499      111      126      241      518      277      
3        556      465      319      0        566      355      506      549      692      160      836      342      669      107      278      693      542      509      633      243      527      88       403      155      668      627      416      562      441      127      861      587      117      707      291      181      288      437      278      624      581      
4        152      377      373      566      0        227      628      75       452      470      598      455      714      516      291      671      474      675      104      322      40       512      182      458      411      110      741      197      172      609      514      518      493      462      729      729      305      405      294      190      267      
5        285      374      283      355      227      0        578      195      546      244      705      371      706      330      120      688      486      613      316      122      193      290      48       284      509      272      623      219      87       424      665      537      269      560      570      506      173      380      78       274      370      
6        499      254      295      506      628      578      0        672      365      598      439      209      163      402      464      203      192      54       611      492      596      556      597      382      373      737      220      767      642      405      543      188      572      375      345      654      406      222      533      796      418      
7        222      427      400      549      75       195      672      0        523      436      672      486      770      512      286      731      531      717      177      308      82       485      146      459      483      79       766      122      119      606      590      577      464      534      739      701      315      451      271      126      336      
8        301      227      374      692      452      546      365      523      0        703      158      366      347      590      489      275      184      419      380      536      442      697      534      537      40       555      575      644      563      645      184      177      697      15       663      872      440      259      552      642      187      
9        501      486      344      160      470      244      598      436      703      0        857      402      755      213      221      763      584      613      555      173      435      71       291      217      672      509      553      425      318      277      853      634      42       718      444      268      263      471      181      491      557      
10       451      374      521      836      598      705      439      672      158      857      0        499      358      731      646      276      299      485      515      693      592      848      692      681      196      696      659      793      719      777      157      266      850      144      770      1012     595      399      710      786      341      
11       354      148      89       342      455      371      209      486      366      402      499      0        354      235      255      360      201      241      464      283      419      371      394      194      351      558      287      570      441      279      547      244      382      381      315      514      198      109      324      606      315      
12       570      343      431      669      714      706      163      770      347      755      358      354      0        564      601      82       240      177      676      635      689      716      718      540      372      825      350      876      760      568      495      200      730      351      495      817      541      327      672      896      468      
13       481      362      219      107      516      330      402      512      590      213      731      235      564      0        226      586      435      410      569      209      476      157      374      61       568      592      339      549      418      94       763      479      178      605      246      281      215      332      253      605      492      
14       285      286      170      278      291      120      464      286      489      221      646      255      601      226      0        591      395      496      354      48       251      238      155      172      455      365      502      336      202      320      632      447      228      503      456      450      60       283      71       386      336      
15       522      314      426      693      671      688      203      731      275      763      276      360      82       586      591      0        203      234      623      629      649      731      694      553      303      781      413      842      734      601      414      154      742      277      548      850      531      308      662      857      414      
16       331      111      240      542      474      486      192      531      184      584      299      201      240      435      395      203      0        247      439      436      450      564      490      390      184      585      392      640      530      477      368      52       570      197      480      715      336      114      466      657      234      
17       550      305      330      509      675      613      54       717      419      613      485      241      177      410      496      234      247      0        662      520      643      566      634      397      427      783      179      808      681      399      595      242      584      428      318      646      439      271      563      840      472      
18       112      357      394      633      104      316      611      177      380      555      515      464      676      569      354      623      439      662      0        394      125      588      276      508      340      181      752      295      273      659      418      476      573      387      762      804      353      393      374      274      208      
19       330      330      204      243      322      122      492      308      536      173      693      283      635      209      48       629      436      520      394      0        283      194      166      163      504      386      510      341      209      302      681      488      182      551      449      409      100      323      47       396      384      
20       141      348      336      527      40       193      596      82       442      435      592      419      689      476      251      649      450      643      125      283      0        474      150      418      401      140      703      202      149      569      518      495      457      453      690      691      266      374      257      207      254      
21       524      473      327      88       512      290      556      485      697      71       848      371      716      157      238      731      564      566      588      194      474      0        339      177      669      561      492      486      372      209      856      612      28       712      376      216      266      452      218      550      566      
22       258      379      305      403      182      48       597      146      534      291      692      394      718      374      155      694      490      634      276      166      150      339      0        325      496      224      656      181      47       468      642      541      317      547      610      554      200      390      125      231      353      
23       419      309      163      155      458      284      382      459      537      217      681      194      540      61       172      553      390      397      508      163      418      177      325      0        513      538      355      504      371      151      706      436      190      552      285      336      155      282      210      557      431      
24       260      206      350      668      411      509      373      483      40       672      196      351      372      568      455      303      184      427      340      504      401      669      496      513      0        515      577      603      523      628      196      188      668      52       655      849      408      242      517      601      147      
25       260      487      473      627      110      272      737      79       555      509      696      558      825      592      365      781      585      783      181      386      140      561      224      538      515      0        840      132      190      686      599      629      539      564      818      776      393      514      349      93       373      
26       641      411      367      416      741      623      220      766      575      553      659      287      350      339      502      413      392      179      752      510      703      492      656      355      577      840      0        837      704      290      757      402      515      587      157      516      456      369      558      881      587      
27       343      532      481      562      197      219      767      122      644      425      793      570      876      549      336      842      640      808      295      341      202      486      181      504      603      132      837      0        133      642      711      688      461      655      790      693      381      551      295      67       456      
28       275      419      351      441      172      87       642      119      563      318      719      441      760      418      202      734      530      681      273      209      149      372      47       371      523      190      704      133      0        512      660      580      349      575      656      585      248      433      166      186      378      
29       566      421      289      127      609      424      405      606      645      277      777      279      568      94       320      601      477      399      659      302      569      209      468      151      628      686      290      642      512      0        824      515      236      660      167      249      306      386      346      699      566      
30       385      402      543      861      514      665      543      590      184      853      157      547      495      763      632      414      368      595      418      681      518      856      642      706      196      599      757      711      660      824      0        355      853      171      847      1042     591      438      687      692      297      
31       371      163      290      587      518      537      188      577      177      634      266      244      200      479      447      154      52       242      476      488      495      612      541      436      188      629      402      688      580      515      355      0        619      186      504      757      388      165      518      703      268      
32       513      476      331      117      493      269      572      464      697      42       850      382      730      178      228      742      570      584      573      182      457      28       317      190      668      539      515      461      349      236      853      619      0        712      403      237      261      457      200      525      560      
33       311      242      389      707      462      560      375      534      15       718      144      381      351      605      503      277      197      428      387      551      453      712      547      552      52       564      587      655      575      660      171      186      712      0        676      887      454      274      566      652      199      
34       658      462      368      291      729      570      345      739      663      444      770      315      495      246      456      548      480      318      762      449      690      376      610      285      655      818      157      790      656      167      847      504      403      676      0        363      425      421      495      842      631      
35       733      644      499      181      729      506      654      701      872      268      1012     514      817      281      450      850      715      646      804      409      691      216      554      336      849      776      516      693      585      249      1042     757      237      887      363      0        467      614      434      759      763      
36       268      230      111      288      305      173      406      315      440      263      595      198      541      215      60       531      336      439      353      100      266      266      200      155      408      393      456      381      248      306      591      388      261      454      425      467      0        224      131      425      299      
37       280      42       126      437      405      380      222      451      259      471      399      109      327      332      283      308      114      271      393      323      374      452      390      282      242      514      369      551      433      386      438      165      457      274      421      614      224      0        354      577      217      
38       323      356      241      278      294      78       533      271      552      181      710      324      672      253      71       662      466      563      374      47       257      218      125      210      517      349      558      295      166      346      687      518      200      566      495      434      131      354      0        352      390      
39       342      553      518      624      190      274      796      126      642      491      786      606      896      605      386      857      657      840      274      396      207      550      231      557      601      93       881      67       186      699      692      703      525      652      842      759      425      577      352      0        457      
40       114      176      277      581      267      370      418      336      187      557      341      315      468      492      336      414      234      472      208      384      254      566      353      431      147      373      587      456      378      566      297      268      560      199      631      763      299      217      390      457      0        
;



Table delta(i,j)                 Distance
         0        1        2        3        4        5        6        7        8        9        10       11       12       13       14       15       16       17       18       19       20       21       22       23       24       25       26       27       28       29       30       31       32       33       34       35       36       37       38       39       40       
0        0        1500     5410     5670     5730     3680     5040     6260     6610     6500     7190     5950     1730     6410     3230     3490     2600     6860     5310     2130     7770     4760     6410     4320     2380     2570     6010     4100     7190     6920     10010    2880     6890     6670     7730     7570     7260     6740     5150     4560     6740     
1        1500     0        517      527      541      409      522      510      568      598      648      492      44       574      415      367      300      682      517      84       671      327      591      494      307      346      580      461      634      589      858      246      541      662      627      616      634      532      574      495      527      
2        5410     517      0        1042     1058     904      144      395      302      1108     1142     954      477      1074     860      874      793      175      29       454      428      583      136      973      778      796      1098     950      304      365      837      764      814      154      903      937      334      863      1056     993      813      
3        5670     527      1042     0        31       297      1048     925      1029     91       192      264      565      127      442      258      343      1210     1043     588      1096     608      1101     354      398      434      85       316      1103     1027     1093     285      620      1189     648      579      1092     537      362      277      598      
4        5730     541      1058     31       0        284      1059     950      1052     105      211      296      580      153      430      251      340      1224     1058     605      1121     634      1120     335      393      426      55       298      1125     1051     1123     296      651      1203     680      611      1115     569      337      256      629      
5        3680     409      904      297      284      0        872      906      977      387      488      482      453      417      145      66       111      1054     897      492      1073     644      994      98       136      150      285      54       1043     993      1186     217      759      1035     816      765      1042     699      168      88       738      
6        5040     522      144      1048     1059     872      0        525      444      1121     1168     995      489      1095     806      852      764      192      114      478      572      663      276      930      739      748      1094     912      449      506      973      763      904      176      995      1020     478      941      1011     960      900      
7        6260     510      395      925      950      906      525      0        138      963      961      747      469      909      925      853      802      536      422      426      171      327      324      998      816      855      1001     960      207      106      450      704      488      519      565      619      182      562      1074     985      495      
8        6610     568      302      1029     1052     977      444      138      0        1073     1079     869      525      1023     977      929      868      418      331      485      132      449      202      1063     874      907      1101     1029     75       63       541      788      626      402      703      756      65       698      1143     1060     632      
9        6500     598      1108     91       105      387      1121     963      1073     0        108      249      634      71       533      349      433      1277     1110     653      1132     638      1159     440      489      525      133      403      1148     1067     1093     364      615      1256     630      556      1135     526      439      361      594      
10       7190     648      1142     192      211      488      1168     961      1079     108      0        215      679      77       633      443      521      1315     1148     692      1126     633      1182     546      579      619      240      508      1155     1066     1046     431      568      1294     570      491      1138     476      547      467      548      
11       5950     492      954      264      296      482      995      747      869      249      215      0        514      180      611      420      467      1129     962      518      911      420      982      567      525      574      348      521      944      853      844      333      366      1107     385      315      926      277      599      501      344      
12       1730     44       477      565      580      453      489      469      525      634      679      514      0        606      456      410      343      644      478      43       629      307      548      538      350      386      620      505      590      546      828      287      533      623      621      615      590      531      618      539      520      
13       6410     574      1074     127      153      417      1095     909      1023     71       77       180      606      0        561      369      445      1246     1078     621      1076     582      1118     481      503      544      195      440      1098     1014     1024     353      546      1225     559      484      1083     456      490      404      525      
14       3230     415      860      442      430      145      806      925      977      533      633      611      456      561      0        194      155      995      848      499      1085     702      964      136      113      69       428      143      1038     1002     1249     303      852      977      918      875      1042     803      211      198      832      
15       3490     367      874      258      251      66       852      853      929      349      443      420      410      369      194      0        92       1029     869      447      1021     582      957      164      142      176      264      118      997      942      1122     154      692      1009     749      699      994      633      227      132      671      
16       2600     300      793      343      340      111      764      802      868      433      521      467      343      445      155      92       0        944      787      383      967      556      882      195      59       107      356      161      934      887      1102     149      697      925      763      721      934      648      274      199      677      
17       6860     682      175      1210     1224     1054     192      536      418      1277     1315     1129     644      1246     995      1029     944      0        167      624      523      756      215      1116     923      935      1262     1096     390      480      957      928      983      21       1070     1107     425      1035     1198     1142     983      
18       5310     517      29       1043     1058     897      114      422      331      1110     1148     962      478      1078     848      869      787      167      0        457      458      599      164      964      770      786      1097     942      334      394      866      763      833      146      922      954      364      879      1047     986      831      
19       2130     84       454      588      605      492      478      426      485      653      692      518      43       621      499      447      383      624      457      0        587      275      517      578      391      429      647      544      551      505      788      316      507      603      597      596      550      513      657      576      496      
20       7770     671      428      1096     1121     1073     572      171      132      1132     1126     911      629      1076     1085     1021     967      523      458      587      0        493      312      1163     979      1015     1172     1126     133      84       439      874      624      510      689      753      98       706      1241     1153     634      
21       4760     327      583      608      634      644      663      327      449      638      633      420      307      582      702      582      556      756      599      275      493      0        581      741      588      637      688      698      524      433      547      427      245      735      337      357      506      280      809      712      239      
22       6410     591      136      1101     1120     994      276      324      202      1159     1182     982      548      1118     964      957      882      215      164      517      312      581      0        1070     875      898      1164     1042     180      264      742      834      792      201      875      920      214      852      1152     1082     794      
23       4320     494      973      354      335      98       930      998      1063     440      546      567      538      481      136      164      195      1116     964      578      1163     741      1070     0        195      181      319      47       1128     1082     1284     315      856      1097     911      859      1129     794      82       79       835      
24       2380     307      778      398      393      136      739      816      874      489      579      525      350      503      113      142      59       923      770      391      979      588      875      195      0        52       406      173      937      896      1135     201      743      904      812      773      939      698      277      221      723      
25       2570     346      796      434      426      150      748      855      907      525      619      574      386      544      69       176      107      935      786      429      1015     637      898      181      52       0        433      172      969      932      1183     253      795      917      864      825      973      750      263      226      775      
26       6010     580      1098     85       55       285      1094     1001     1101     133      240      348      620      195      428      264      356      1262     1097     647      1172     688      1164     319      406      433      0        289      1174     1101     1178     334      706      1241     734      664      1164     623      309      240      684      
27       4100     461      950      316      298      54       912      960      1029     403      508      521      505      440      143      118      161      1096     942      544      1126     698      1042     47       173      172      289      0        1095     1046     1240     271      809      1077     864      812      1095     748      114      55       788      
28       7190     634      304      1103     1125     1043     449      207      75       1148     1155     944      590      1098     1038     997      934      390      334      551      133      524      180      1128     937      969      1174     1095     0        109      570      858      696      377      770      826      36       770      1209     1128     703      
29       6920     589      365      1027     1051     993      506      106      63       1067     1066     853      546      1014     1002     942      887      480      394      505      84       433      264      1082     896      932      1101     1046     109      0        478      797      589      465      662      720      79       666      1160     1074     598      
30       10010    858      837      1093     1123     1186     973      450      541      1093     1046     844      828      1024     1249     1122     1102     957      866      788      439      547      742      1284     1135     1183     1178     1240     570      478      0        968      478      943      484      565      534      570      1348     1248     499      
31       2880     246      764      285      296      217      763      704      788      364      431      333      287      353      303      154      149      928      763      316      874      427      834      315      201      253      334      271      858      797      968      0        550      907      614      572      853      499      381      285      529      
32       6890     541      814      620      651      759      904      488      626      615      568      366      533      546      852      692      697      983      833      507      624      245      792      856      743      795      706      809      696      589      478      550      0        963      91       130      668      94       908      807      21       
33       6670     662      154      1189     1203     1035     176      519      402      1256     1294     1107     623      1225     977      1009     925      21       146      603      510      735      201      1097     904      917      1241     1077     377      465      943      907      963      0        1050     1087     412      1014     1179     1123     963      
34       7730     627      903      648      680      816      995      565      703      630      570      385      621      559      918      749      763      1070     922      597      689      337      875      911      812      864      734      864      770      662      484      614      91       1050     0        81       741      116      959      857      101      
35       7570     616      937      579      611      765      1020     619      756      556      491      315      615      484      875      699      721      1107     954      596      753      357      920      859      773      825      664      812      826      720      565      572      130      1087     81       0        799      84       901      800      125      
36       7260     634      334      1092     1115     1042     478      182      65       1135     1138     926      590      1083     1042     994      934      425      364      550      98       506      214      1129     939      973      1164     1095     36       79       534      853      668      412      741      799      0        744      1208     1126     676      
37       6740     532      863      537      569      699      941      562      698      526      476      277      531      456      803      633      648      1035     879      513      706      280      852      794      698      750      623      748      770      666      570      499      94       1014     116      84       744      0        842      740      76       
38       5150     574      1056     362      337      168      1011     1074     1143     439      547      599      618      490      211      227      274      1198     1047     657      1241     809      1152     82       277      263      309      114      1209     1160     1348     381      908      1179     959      901      1208     842      0        101      887      
39       4560     495      993      277      256      88       960      985      1060     361      467      501      539      404      198      132      199      1142     986      576      1153     712      1082     79       221      226      240      55       1128     1074     1248     285      807      1123     857      800      1126     740      101      0        785      
40       6740     527      813      598      629      738      900      495      632      594      548      344      520      525      832      671      677      983      831      496      634      239      794      835      723      775      684      788      703      598      499      529      21       963      101      125      676      76       887      785      0        
;

