
sets
i        orders          /0*40/
k        routes          /1*40/
p        positions       /0*40/
;

alias(i,j)
alias(i,h)
alias(i,hh)
alias(i,jj)
alias(k,kk)
                
                    Parameters

rho(i)	Processing time
/
0	0
1	73
2	18
3	43
4	20
5	39
6	25
7	96
8	39
9	67
10	6
11	12
12	24
13	54
14	19
15	86
16	21
17	91
18	19
19	82
20	9
21	39
22	20
23	2
24	12
25	32
26	27
27	35
28	36
29	38
30	75
31	4
32	25
33	70
34	36
35	21
36	60
37	66
38	54
39	76
40	29
/

gamma(i)	Duedate
/
0	0
1	6
2	72
3	93
4	15
5	14
6	41
7	74
8	12
9	49
10	92
11	38
12	22
13	59
14	74
15	68
16	47
17	22
18	5
19	97
20	3
21	32
22	75
23	71
24	96
25	75
26	66
27	82
28	59
29	20
30	58
31	58
32	76
33	43
34	37
35	39
36	94
37	10
38	85
39	51
40	68
/

sigma(i)	Size
/
0	0
1	9
2	3
3	4
4	3
5	9
6	6
7	3
8	4
9	1
10	8
11	8
12	9
13	2
14	6
15	5
16	1
17	8
18	4
19	8
20	6
21	5
22	8
23	4
24	6
25	6
26	7
27	7
28	9
29	8
30	4
31	7
32	6
33	1
34	6
35	7
36	3
37	6
38	8
39	4
40	3
/

epsilon(i)	Priority
/
0	0
1	8
2	9
3	2
4	5
5	2
6	1
7	6
8	9
9	2
10	2
11	8
12	2
13	3
14	4
15	8
16	9
17	8
18	2
19	2
20	3
21	7
22	8
23	1
24	9
25	3
26	9
27	1
28	9
29	5
30	2
31	7
32	6
33	7
34	3
35	2
36	2
37	5
38	9
39	4
40	9
/

psi	Vehicle Capacity
/ 15 /
;

Table kappa(i,j)                 Setup
         0        1        2        3        4        5        6        7        8        9        10       11       12       13       14       15       16       17       18       19       20       21       22       23       24       25       26       27       28       29       30       31       32       33       34       35       36       37       38       39       40       
0        0        360      68       718      520      30       482      634      277      493      191      642      544      154      757      744      409      702      293      350      475      68       396      58       646      649      388      267      344      711      116      835      413      724      434      446      218      108      694      353      432      
1        360      0        425      823      353      331      410      852      634      782      445      658      698      514      740      641      313      688      638      33       755      416      55       305      826      505      520      195      379      747      444      779      93       844      490      670      537      263      859      116      424      
2        68       425      0        742      584      95       540      633      210      473      212      684      563      91       801      799      472      747      252      413      459      19       463      127      656      710      421      334      397      749      116      883      481      746      478      452      202      177      706      422      485      
3        718      823      742      0        561      727      445      265      813      453      530      216      184      738      260      429      524      255      629      845      429      759      802      706      172      502      334      635      447      153      627      356      778      36       333      326      572      691      139      713      403      
4        520      353      584      561      0        503      122      687      774      713      457      356      502      649      408      288      117      363      685      385      680      588      308      467      628      153      369      262      240      444      526      431      271      591      282      552      571      420      642      244      195      
5        30       331      95       727      503      0        472      652      305      517      206      642      555      183      755      735      395      700      323      321      498      90       368      36       661      636      395      246      339      714      141      831      385      735      434      464      244      85       708      328      426      
6        482      410      540      445      122      472      0        565      711      601      378      253      380      591      330      264      98       277      599      439      568      548      376      437      505      174      254      261      151      343      462      378      346      474      162      436      489      397      521      294      80       
7        634      852      633      265      687      652      565      0        638      217      448      422      187      598      507      650      608      485      447      865      206      652      848      643      93       682      339      656      490      398      521      609      834      238      406      189      434      649      134      759      494      
8        277      634      210      813      774      305      711      638      0        434      337      806      629      127      927      957      657      876      191      620      435      217      673      336      688      886      534      537      561      856      249      1019     690      807      614      489      248      385      741      630      645      
9        493      782      473      453      713      517      601      217      434      0        338      546      299      417      654      760      610      618      247      787      33       493      792      519      291      754      346      600      479      554      376      758      788      434      442      171      274      540      342      712      521      
10       191      445      212      530      457      206      378      448      337      338      0        479      353      227      598      619      339      545      229      449      313      228      459      195      455      553      210      273      227      538      101      686      460      535      278      259      114      205      502      385      308      
11       642      658      684      216      356      642      253      422      806      546      479      0        251      706      120      227      345      73       647      685      516      697      628      613      337      286      272      488      311      89       579      218      598      250      207      380      559      585      330      543      239      
12       544      698      563      184      502      555      380      187      629      299      353      251      0        554      354      474      431      321      447      715      270      580      687      537      130      497      179      503      322      255      447      459      669      183      225      147      388      530      161      597      313      
13       154      514      91       738      649      183      591      598      127      417      227      706      554      0        825      842      533      773      178      503      409      104      550      212      632      764      435      410      442      762      130      914      567      736      506      427      168      260      684      505      528      
14       757      740      801      260      408      755      330      507      927      654      598      120      354      825      0        183      428      55       767      769      624      813      704      725      416      296      392      583      419      109      698      104      671      295      323      492      679      694      395      624      338      
15       744      641      799      429      288      735      264      650      957      760      619      227      474      842      183      0        353      173      822      672      728      808      596      701      565      141      442      521      402      276      712      154      559      465      348      589      720      661      554      529      314      
16       409      313      472      524      117      395      98       608      657      610      339      345      431      533      428      353      0        375      568      341      578      477      283      359      560      241      275      167      130      434      409      475      255      549      205      456      454      314      583      197      121      
17       702      688      747      255      363      700      277      485      876      618      545      73       321      773      55       173      375      0        719      716      588      759      653      670      397      263      341      529      363      103      645      145      621      291      269      453      629      639      383      572      282      
18       293      638      252      629      685      323      599      447      191      247      229      647      447      178      767      822      568      719      0        634      245      270      663      338      498      773      382      491      450      686      193      865      671      621      474      303      114      375      551      600      524      
19       350      33       413      845      385      321      439      865      620      787      449      685      715      503      769      672      341      716      634      0        761      403      88       297      842      538      536      212      399      773      441      809      126      866      512      682      536      258      877      145      449      
20       475      755      459      429      680      498      568      206      435      33       313      516      270      409      624      728      578      588      245      761      0        479      764      499      272      721      313      571      447      526      358      728      759      412      409      138      258      517      325      683      488      
21       68       416      19       759      588      90       548      652      217      493      228      697      580      104      813      808      477      759      270      403      479      0        456      125      674      716      436      335      406      763      134      895      475      763      490      470      221      175      724      419      495      
22       396      55       463      802      308      368      376      848      673      792      459      628      687      550      704      596      283      653      663      88       764      456      0        339      816      458      511      193      364      717      470      737      38       825      472      671      558      293      847      90       399      
23       58       305      127      706      467      36       437      643      336      519      195      613      537      212      725      701      359      670      338      297      499      125      339      0        647      601      372      210      307      687      148      799      355      715      405      454      250      50       693      295      393      
24       646      826      656      172      628      661      505      93       688      291      455      337      130      632      416      565      560      397      498      842      272      674      816      647      0        608      306      630      452      307      540      517      799      146      355      205      464      645      53       726      441      
25       649      505      710      502      153      636      174      682      886      754      553      286      497      764      296      141      241      263      773      538      721      716      458      601      608      0        412      405      326      362      637      293      421      536      313      584      663      556      610      397      248      
26       388      520      421      334      369      395      254      339      534      346      210      272      179      435      392      442      275      341      382      536      313      436      511      372      306      412      0        324      151      328      311      485      496      345      98       183      287      358      341      422      175      
27       267      195      334      635      262      246      261      656      537      600      273      488      503      410      583      521      167      529      491      212      571      335      193      210      630      405      324      0        188      573      305      640      188      654      302      478      380      161      664      112      249      
28       344      379      397      447      240      339      151      490      561      479      227      311      322      442      419      402      130      363      450      399      447      406      364      307      452      326      151      188      0        392      312      491      346      466      114      328      338      275      482      274      88       
29       711      747      749      153      444      714      343      398      856      554      538      89       255      762      109      276      434      103      686      773      526      763      717      687      307      362      328      573      392      0        640      211      688      189      282      399      607      662      286      632      325      
30       116      444      116      627      526      141      462      521      249      376      101      579      447      130      698      712      409      645      193      441      358      134      470      148      540      637      311      305      312      640      0        785      479      630      377      337      102      182      590      410      398      
31       835      779      883      356      431      831      378      609      1019     758      686      218      459      914      104      154      475      145      865      809      728      895      737      799      517      293      485      640      491      211      785      0        702      391      407      595      773      764      493      664      405      
32       413      93       481      778      271      385      346      834      690      788      460      598      669      567      671      559      255      621      671      126      759      475      38       355      799      421      496      188      346      688      479      702      0        802      450      661      563      307      827      76       374      
33       724      844      746      36       591      735      474      238      807      434      535      250      183      736      295      465      549      291      621      866      412      763      825      715      146      536      345      654      466      189      630      391      802      0        354      317      569      703      107      735      428      
34       434      490      478      333      282      434      162      406      614      442      278      207      225      506      323      348      205      269      474      512      409      490      472      405      355      313      98       302      114      282      377      407      450      354      0        274      372      380      378      382      88       
35       446      670      452      326      552      464      436      189      489      171      259      380      147      427      492      589      456      453      303      682      138      470      671      454      205      584      183      478      328      399      337      595      661      317      274      0        259      459      257      585      357      
36       218      537      202      572      571      244      489      434      248      274      114      559      388      168      679      720      454      629      114      536      258      221      558      250      464      663      287      380      338      607      102      773      563      569      372      259      0        279      516      490      415      
37       108      263      177      691      420      85       397      649      385      540      205      585      530      260      694      661      314      639      375      258      517      175      293      50       645      556      358      161      275      662      182      764      307      703      380      459      279      0        688      245      359      
38       694      859      706      139      642      708      521      134      741      342      502      330      161      684      395      554      583      383      551      877      325      724      847      693      53       610      341      664      482      286      590      493      827      107      378      257      516      688      0        756      462      
39       353      116      422      713      244      328      294      759      630      712      385      543      597      505      624      529      197      572      600      145      683      419      90       295      726      397      422      112      274      632      410      664      76       735      382      585      490      245      756      0        311      
40       432      424      485      403      195      426      80       494      645      521      308      239      313      528      338      314      121      282      524      449      488      495      399      393      441      248      175      249      88       325      398      405      374      428      88       357      415      359      462      311      0        
;



Table delta(i,j)                 Distance
         0        1        2        3        4        5        6        7        8        9        10       11       12       13       14       15       16       17       18       19       20       21       22       23       24       25       26       27       28       29       30       31       32       33       34       35       36       37       38       39       40       
0        0        11200    8370     10350    10440    8540     9320     9530     5200     5870     13530    4420     11700    5200     5280     1760     3030     8280     9440     11690    3390     6720     8850     14210    10300    12720    5810     10090    9450     4870     8290     10510    11310    12870    2550     4450     8780     8170     3650     3950     5320     
1        11200    0        284      304      437      413      191      392      602      775      663      745      680      686      790      1126     817      435      531      65       1113     776      1075     714      268      420      1166     558      382      835      385      286      749      433      986      676      779      781      848      772      1071     
2        8370     284      0        298      451      299      113      353      317      528      768      487      701      442      531      842      534      253      473      332      837      593      930      832      314      572      945      529      288      601      193      301      737      588      703      395      666      646      588      506      847      
3        10350    304      298      0        687      581      320      608      536      561      956      759      941      726      594      995      753      216      743      288      941      891      1229     1011     519      720      1233     789      108      887      206      21       994      734      845      631      958      942      853      767      1134     
4        10440    437      451      687      0        203      373      106      626      942      335      602      255      524      929      1118     766      705      134      498      1169     470      685      403      171      243      872      127      719      610      644      677      312      255      1011     642      384      408      691      648      792      
5        8540     413      299      581      203      0        266      100      423      748      537      418      420      343      731      919      568      547      175      478      966      366      665      606      194      418      766      238      587      458      489      578      443      433      809      440      379      372      515      461      676      
6        9320     191      113      320      373      266      0        289      418      640      672      554      628      497      645      948      629      344      423      249      949      608      928      734      216      464      986      469      346      649      283      314      676      480      812      487      646      636      658      580      890      
7        9530     392      353      608      106      100      289      0        520      836      441      514      347      438      822      1019     669      607      140      456      1065     425      688      510      133      320      831      180      631      542      547      602      387      334      909      540      388      397      608      558      745      
8        5200     602      317      536      626      423      418      520      0        354      960      255      828      261      322      530      221      354      575      649      549      493      837      1029     556      818      735      644      463      404      334      549      828      834      400      96       654      609      331      246      639      
9        5870     775      528      561      942      748      640      836      354      0        1275     574      1166     604      59       484      420      352      914      796      390      840      1175     1343     834      1097     1013     982      453      722      391      582      1175     1114     341      408      1008     962      611      543      925      
10       13530    663      768      956      335      537      672      441      960      1275     0        912      216      835      1264     1441     1090     1016     409      706      1500     717      798      69       456      249      1081     344      1011     888      955      942      303      240      1341     972      549      602      990      961      1019     
11       4420     745      487      759      602      418      554      514      255      574      912      0        736      77       528      536      201      601      502      803      626      282      602      980      604      834      482      568      702      150      571      768      708      849      463      170      479      422      103      50       385      
12       11700    680      701      941      255      420      628      347      828      1166     216      736      0        662      1146     1273     927      954      253      736      1348     514      585      272      423      346      866      184      974      692      894      931      96       347      1185     822      335      390      805      787      807      
13       5200     686      442      726      524      343      497      438      261      604      835      77       662      0        563      610      266      585      426      747      692      236      576      904      531      758      506      492      678      161      548      733      638      772      528      197      420      366      172      125      408      
14       5280     790      531      594      929      731      645      822      322      59       1264     528      1146     563      0        429      366      381      893      816      348      799      1130     1332     830      1095     958      962      488      674      413      614      1150     1111     284      366      973      925      560      494      872      
15       1760     1126     842      995      1118     919      948      1019     530      484      1441     536      1273     610      429      0        351      780      1033     1167     166      798      1043     1510     1078     1333     754      1101     895      617      794      1013     1244     1349     149      481      1004     944      484      486      699      
16       3030     817      534      753      766      568      629      669      221      420      1090     201      927      266      366      351      0        558      683      866      426      482      784      1159     734      985      592      752      672      324      548      766      904      1000     262      141      680      623      198      153      506      
17       8280     435      253      216      705      547      344      607      354      352      1016     601      954      585      381      780      558      0        722      449      726      786      1134     1078     560      805      1083     781      117      743      60       235      988      821      630      451      895      866      685      598      986      
18       9440     531      473      743      134      175      423      140      575      914      409      502      253      426      893      1033     683      722      0        596      1100     339      557      478      267      373      738      70       758      489      664      738      267      385      938      571      255      275      583      551      660      
19       11690    65       332      288      498      478      249      456      649      796      706      803      736      747      816      1167     866      449      596      0        1147     841      1140     753      330      458      1230     620      380      897      405      269      807      470      1025     727      844      847      907      829      1135     
20       3390     1113     837      941      1169     966      949      1065     549      390      1500     626      1348     692      348      166      426      726      1100     1147     0        903      1176     1570     1105     1368     907      1169     836      732      752      961      1330     1384     163      528      1105     1047     596      577      845      
21       6720     776      593      891      470      366      608      425      493      840      717      282      514      236      799      798      482      786      339      841      903      0        349      781      553      712      405      384      864      184      740      894      463      724      741      433      206      146      313      328      322      
22       8850     1075     930      1229     685      665      928      688      837      1175     798      602      585      576      1130     1043     784      1134     557      1140     1176     349      0        844      820      895      364      562      1209     459      1088     1229     494      901      1023     768      302      293      588      638      363      
23       14210    714      832      1011     403      606      734      510      1029     1343     69       980      272      904      1332     1510     1159     1078     478      753      1570     781      844      0        519      294      1138     412      1069     954      1018     997      353      283      1410     1041     608      662      1058     1029     1079     
24       10300    268      314      519      171      194      216      133      556      834      456      604      423      531      830      1078     734      560      267      330      1105     553      820      519      0        264      957      290      560      653      499      508      484      281      956      597      520      530      704      643      868      
25       12720    420      572      720      243      418      464      320      818      1097     249      834      346      758      1095     1333     985      805      373      458      1368     712      895      294      264      0        1111     341      784      852      746      705      439      16       1216     851      603      638      927      878      1034     
26       5810     1166     945      1233     872      766      986      831      735      1013     1081     482      866      506      958      754      592      1083     738      1230     907      405      364      1138     957      1111     0        774      1182     345      1052     1240     789      1122     776      643      531      482      408      490      98       
27       10090    558      529      789      127      238      469      180      644      982      344      568      184      492      962      1101     752      781      70       620      1169     384      562      412      290      341      774      0        810      546      722      782      208      350      1007     641      264      297      646      617      701      
28       9450     382      288      108      719      587      346      631      463      453      1011     702      974      678      488      895      672      117      758      380      836      864      1209     1069     560      784      1182     810      0        838      130      129      1018     799      746      560      953      931      791      704      1084     
29       4870     835      601      887      610      458      649      542      404      722      888      150      692      161      674      617      324      743      489      897      732      184      459      954      653      852      345      546      838      0        708      894      646      865      573      321      391      329      135      179      247      
30       8290     385      193      206      644      489      283      547      334      391      955      571      894      548      413      794      548      60       664      405      752      740      1088     1018     499      746      1052     722      130      708      0        221      929      762      646      431      842      815      660      573      954      
31       10510    286      301      21       677      578      314      602      549      582      942      768      931      733      614      1013     766      235      738      269      961      894      1229     997      508      705      1240     782      129      894      221      0        986      718      864      643      956      941      863      777      1141     
32       11310    749      737      994      312      443      676      387      828      1175     303      708      96       638      1150     1244     904      988      267      807      1330     463      494      353      484      439      789      208      1018     646      929      986      0        441      1166     811      267      326      766      758      736      
33       12870    433      588      734      255      433      480      334      834      1114     240      849      347      772      1111     1349     1000     821      385      470      1384     724      901      283      281      16       1122     350      799      865      762      718      441      0        1232     867      611      647      942      893      1045     
34       2550     986      703      845      1011     809      812      909      400      341      1341     463      1185     528      284      149      262      630      938      1025     163      741      1023     1410     956      1216     776      1007     746      573      646      864      1166     1232     0        369      942      884      438      414      706      
35       4450     676      395      631      642      440      487      540      96       408      972      170      822      197      366      481      141      451      571      727      528      433      768      1041     597      851      643      641      560      321      431      643      811      867      369      0        612      561      236      152      548      
36       8780     779      666      958      384      379      646      388      654      1008     549      479      335      420      973      1004     680      895      255      844      1105     206      302      608      520      603      531      264      953      391      842      956      267      611      942      612      0        61       519      527      471      
37       8170     781      646      942      408      372      636      397      609      962      602      422      390      366      925      944      623      866      275      847      1047     146      293      662      530      638      482      297      931      329      815      941      326      647      884      561      61       0        459      470      417      
38       3650     848      588      853      691      515      658      608      331      611      990      103      805      172      560      484      198      685      583      907      596      313      588      1058     704      927      408      646      791      135      660      863      766      942      438      236      519      459      0        86       316      
39       3950     772      506      767      648      461      580      558      246      543      961      50       787      125      494      486      153      598      551      829      577      328      638      1029     643      878      490      617      704      179      573      777      758      893      414      152      527      470      86       0        396      
40       5320     1071     847      1134     792      676      890      745      639      925      1019     385      807      408      872      699      506      986      660      1135     845      322      363      1079     868      1034     98       701      1084     247      954      1141     736      1045     706      548      471      417      316      396      0        
;

