
sets
i        orders          /0*40/
k        routes          /1*40/
p        positions       /0*40/
;

alias(i,j)
alias(i,h)
alias(i,hh)
alias(i,jj)
alias(k,kk)
                
                    Parameters

rho(i)	Processing time
/
0	0
1	93
2	35
3	40
4	53
5	99
6	7
7	30
8	54
9	60
10	63
11	85
12	75
13	44
14	77
15	34
16	30
17	43
18	39
19	31
20	9
21	88
22	82
23	3
24	63
25	52
26	2
27	45
28	64
29	62
30	11
31	68
32	2
33	81
34	47
35	58
36	52
37	38
38	60
39	41
40	94
/

gamma(i)	Duedate
/
0	0
1	55
2	83
3	77
4	74
5	98
6	40
7	21
8	45
9	28
10	47
11	18
12	81
13	13
14	89
15	68
16	1
17	70
18	73
19	41
20	57
21	83
22	69
23	24
24	83
25	7
26	18
27	86
28	14
29	41
30	29
31	25
32	8
33	39
34	56
35	75
36	89
37	36
38	18
39	40
40	45
/

sigma(i)	Size
/
0	0
1	9
2	1
3	6
4	2
5	6
6	9
7	1
8	7
9	6
10	3
11	4
12	4
13	4
14	9
15	9
16	2
17	7
18	1
19	4
20	5
21	4
22	8
23	7
24	1
25	4
26	3
27	1
28	5
29	1
30	9
31	9
32	6
33	5
34	7
35	9
36	1
37	7
38	7
39	9
40	5
/

epsilon(i)	Priority
/
0	0
1	9
2	1
3	1
4	7
5	7
6	7
7	7
8	3
9	8
10	5
11	4
12	9
13	5
14	1
15	9
16	8
17	8
18	4
19	6
20	5
21	9
22	2
23	4
24	9
25	6
26	6
27	6
28	3
29	8
30	3
31	4
32	3
33	3
34	5
35	7
36	7
37	3
38	1
39	7
40	3
/

psi	Vehicle Capacity
/ 26 /
;

Table kappa(i,j)                 Setup
         0        1        2        3        4        5        6        7        8        9        10       11       12       13       14       15       16       17       18       19       20       21       22       23       24       25       26       27       28       29       30       31       32       33       34       35       36       37       38       39       40       
0        0        514      176      401      305      536      473      395      570      416      364      162      344      175      138      719      578      515      297      510      253      600      221      557      453      198      338      178      443      296      195      403      272      132      73       182      521      238      121      550      445      
1        514      0        351      556      634      205      325      460      187      589      792      395      612      658      389      347      344      66       640      566      261      211      608      305      680      450      431      645      133      220      325      559      243      623      552      387      289      675      395      259      475      
2        176      351      0        442      325      361      402      286      394      468      455      154      429      307      39       606      496      343      411      525      97       424      348      390      532      137      228      294      307      147      94       445      121      303      201      63       430      331      86       446      440      
3        401      556      442      0        704      702      274      729      712      33       752      289      112      556      436      532      356      600      192      120      418      742      239      773      126      557      670      568      423      408      356      3        409      370      473      498      343      633      366      394      117      
4        305      634      325      704      0        548      724      249      593      721      180      433      648      209      303      927      821      601      594      808      416      614      516      512      757      191      232      181      624      466      412      707      441      389      236      266      755      133      359      770      736      
5        536      205      361      702      548      0        511      322      46       735      723      472      734      637      398      547      546      139      742      736      311      67       692      101      819      399      317      616      315      300      388      706      308      664      547      364      487      626      437      461      642      
6        473      325      402      274      724      511      0        653      506      306      831      311      367      648      421      271      107      383      427      248      324      533      433      601      398      539      602      648      196      283      311      277      301      518      540      464      69       703      372      119      166      
7        395      460      286      729      249      322      653      0        368      754      429      440      710      406      297      794      729      411      681      808      333      384      610      268      816      196      59       378      498      369      376      732      352      521      361      233      662      360      366      660      720      
8        570      187      394      712      593      46       506      368      0        745      768      496      750      677      432      520      532      123      762      739      335      31       716      134      831      440      363      656      309      318      412      715      329      695      585      401      476      669      466      446      645      
9        416      589      468      33       721      735      306      754      745      0        762      314      101      565      460      560      384      634      183      127      448      775      240      804      93       579      696      579      457      439      384      30       440      375      487      522      374      645      390      425      145      
10       364      792      455      752      180      723      831      429      768      762      0        521      674      196      423      1059     934      766      604      867      552      790      530      691      776      341      411      186      762      602      527      754      576      390      292      406      872      127      460      895      809      
11       162      395      154      289      433      472      311      440      496      314      521      0        277      337      146      559      416      412      270      380      161      527      220      521      378      270      381      338      300      181      84       293      166      233      229      208      359      394      78       391      302      
12       344      612      429      112      648      734      367      710      750      101      674      277      0        479      413      633      458      648      82       227      430      781      144      793      109      524      651      496      486      433      357      112      427      283      412      476      436      562      344      485      225      
13       175      658      307      556      209      637      648      406      677      565      196      337      479      0        269      890      753      646      412      671      401      704      337      632      584      239      363      29       605      449      359      558      423      199      111      278      695      87       286      723      614      
14       138      389      39       436      303      398      421      297      432      460      423      146      413      269      0        635      518      382      389      526      131      461      322      422      519      124      237      258      340      181      109      439      154      267      162      63       454      298      70       472      444      
15       719      347      606      532      927      547      271      794      520      560      1059     559      633      890      635      0        176      411      698      466      511      535      705      648      647      736      756      886      304      461      533      534      487      782      779      662      206      933      604      168      415      
16       578      344      496      356      821      546      107      729      532      384      934      416      458      753      518      176      0        409      524      297      410      555      537      643      473      632      682      753      240      364      410      358      387      625      645      557      67       806      474      86       239      
17       515      66       343      600      601      139      383      411      123      634      766      412      648      646      382      411      409      0        669      620      263      149      631      239      723      425      387      630      187      231      334      604      249      631      544      369      352      654      399      324      527      
18       297      640      411      192      594      742      427      681      762      183      604      270      82       412      389      698      524      669      0        310      431      794      77       792      173      489      623      432      521      444      354      192      433      214      358      451      495      498      325      543      299      
19       510      566      525      120      808      736      248      808      739      127      867      380      227      671      526      466      297      620      310      0        482      767      360      817      192      650      751      682      433      460      432      119      468      490      583      585      307      746      458      357      94       
20       253      261      97       418      416      311      324      333      335      448      552      161      430      401      131      511      410      263      431      482      0        366      381      362      524      225      279      390      210      50       77       422      24       368      292      150      343      428      136      354      391      
21       600      211      424      742      614      67       533      384      31       775      790      527      781      704      461      535      555      149      794      767      366      0        747      134      862      466      382      683      337      350      444      746      361      726      613      429      500      693      496      469      674      
22       221      608      348      239      516      692      433      610      716      240      530      220      144      337      322      705      537      631      77       360      381      747      0        735      247      416      552      355      498      401      303      240      386      139      280      382      499      421      262      543      331      
23       557      305      390      773      512      101      601      268      134      804      691      521      793      632      422      648      643      239      792      817      362      134      735      0        885      392      281      608      407      364      437      776      366      689      555      375      581      607      473      559      723      
24       453      680      532      126      757      819      398      816      831      93       776      378      109      584      519      647      473      723      173      192      524      862      247      885      0        632      757      601      549      521      455      123      518      386      520      582      466      668      449      517      235      
25       198      450      137      557      191      399      539      196      440      579      341      270      524      239      124      736      632      425      489      650      225      466      416      392      632      0        141      217      432      275      229      560      250      325      169      75       566      229      192      579      569      
26       338      431      228      670      232      317      602      59       363      696      411      381      651      363      237      756      682      387      623      751      279      382      552      281      757      141      0        337      455      319      319      674      300      466      309      174      614      328      307      616      664      
27       178      645      294      568      181      616      648      378      656      579      186      338      496      29       258      886      753      630      432      682      390      683      355      608      601      217      337      0        597      439      353      571      413      219      108      260      693      66       281      719      622      
28       443      133      307      423      624      315      196      498      309      457      762      300      486      605      340      304      240      187      521      433      210      337      498      407      549      432      455      597      0        159      248      427      186      534      494      359      175      638      322      163      341      
29       296      220      147      408      466      300      283      369      318      439      602      181      433      449      181      461      364      231      444      460      50       350      401      364      521      275      319      439      159      0        105      411      26       403      339      201      297      479      175      305      367      
30       195      325      94       356      412      388      311      376      412      384      527      84       357      359      109      533      410      334      354      432      77       444      303      437      455      229      319      353      248      105      0        359      85       298      247      157      346      400      74       367      346      
31       403      559      445      3        707      706      277      732      715      30       754      293      112      558      439      534      358      604      192      119      422      746      240      776      123      560      674      571      427      411      359      0        413      372      476      501      345      636      369      396      119      
32       272      243      121      409      441      308      301      352      329      440      576      166      427      423      154      487      387      249      433      468      24       361      386      366      518      250      300      413      186      26       85       413      0        382      313      175      319      452      152      329      376      
33       132      623      303      370      389      664      518      521      695      375      390      233      283      199      267      782      625      631      214      490      368      726      139      689      386      325      466      219      534      403      298      372      382      0        163      315      576      285      231      614      447      
34       73       552      201      473      236      547      540      361      585      487      292      229      412      111      162      779      645      544      358      583      292      613      280      555      520      169      309      108      494      339      247      476      313      163      0        183      585      166      174      612      519      
35       182      387      63       498      266      364      464      233      401      522      406      208      476      278      63       662      557      369      451      585      150      429      382      375      582      75       174      260      359      201      157      501      175      315      183      0        491      287      133      504      501      
36       521      289      430      343      755      487      69       662      476      374      872      359      436      695      454      206      67       352      495      307      343      500      499      581      466      566      614      693      175      297      346      345      319      576      585      491      0        745      413      51       232      
37       238      675      331      633      133      626      703      360      669      645      127      394      562      87       298      933      806      654      498      746      428      693      421      607      668      229      328      66       638      479      400      636      452      285      166      287      745      0        332      768      684      
38       121      395      86       366      359      437      372      366      466      390      460      78       344      286      70       604      474      399      325      458      136      496      262      473      449      192      307      281      322      175      74       369      152      231      174      133      413      332      0        437      379      
39       550      259      446      394      770      461      119      660      446      425      895      391      485      723      472      168      86       324      543      357      354      469      543      559      517      579      616      719      163      305      367      396      329      614      612      504      51       768      437      0        283      
40       445      475      440      117      736      642      166      720      645      145      809      302      225      614      444      415      239      527      299      94       391      674      331      723      235      569      664      622      341      367      346      119      376      447      519      501      232      684      379      283      0        
;



Table delta(i,j)                 Distance
         0        1        2        3        4        5        6        7        8        9        10       11       12       13       14       15       16       17       18       19       20       21       22       23       24       25       26       27       28       29       30       31       32       33       34       35       36       37       38       39       40       
0        0        6230     4990     9370     9380     1040     780      9350     10510    6770     4880     2700     10670    3910     6900     5370     6980     3790     2190     790      10910    3550     7100     10550    10640    6290     3620     10590    10630    5430     7670     1200     6040     9270     10570    4610     10700    4110     4600     6490     6110     
1        6230     0        954      888      318      688      699      872      460      675      256      363      444      478      1071     506      840      346      518      673      799      386      568      675      440      947      348      466      489      950      349      574      274      768      511      712      527      591      593      868      867      
2        4990     954      0        726      1261     397      452      736      1268     554      717      700      1368     884      203      557      425      839      715      541      1029     568      682      1073     1351     214      605      1279     1255     76       910      620      1043     809      1221     293      1228     392      419      330      278      
3        9370     888      726      0        1067     888      953      22       906      263      668      921      1110     1163     643      439      300      1042     1057     1015     375      660      320      502      1075     528      687      917      862      656      593      1014     1129     171      798      505      794      525      476      396      447      
4        9380     318      1261     1067     0        1006     1015     1047     290      905      545      672      135      728      1363     765      1091     619      810      984      866      694      768      705      149      1232     658      288      348      1251     473      880      443      916      408      1002     425      883      875      1136     1144     
5        1040     688      397      888      1006     0        67       888      1096     636      519      354      1131     494      591      518      630      474      323      150      1075     370      690      1055     1124     538      388      1105     1102     444      788      224      696      896      1090     393      1102     368      419      572      530      
6        780      699      452      953      1015     67       0        953      1122     699      552      348      1143     457      650      574      698      455      285      89       1131     410      747      1104     1139     602      423      1130     1131     503      828      183      681      956      1123     460      1136     431      481      639      597      
7        9350     872      736      22       1047     888      953      0        884      259      656      912      1089     1154     658      430      310      1031     1051     1013     354      652      305      479      1054     541      678      895      840      667      574      1010     1115     148      775      508      772      524      474      407      458      
8        10510    460      1268     906      290      1096     1122     884      0        810      579      812      241      934      1328     719      1007     806      975      1112     633      736      657      463      198      1190     710      11       61       1241     365      1022     682      739      132      982      145      876      851      1072     1093     
9        6770     675      554      263      905      636      699      259      810      0        432      660      975      902      543      183      197      786      794      756      477      400      153      525      946      406      429      821      780      498      451      750      893      267      730      280      732      268      217      272      306      
10       4880     256      717      668      545      519      552      656      579      432      0        309      651      528      819      254      586      393      480      558      672      157      354      595      635      693      131      588      582      705      282      490      461      578      571      459      583      339      337      611      610      
11       2700     363      700      921      672      354      348      912      812      660      309      0        803      242      863      482      754      143      173      311      978      260      632      904      803      768      235      820      832      722      583      211      346      862      839      547      853      445      477      739      716      
12       10670    444      1368     1110     135      1131     1143     1089     241      975      651      803      0        862      1457     850      1167     754      944      1114     867      805      830      699      42       1324     771      234      302      1353     527      1012     576      950      373      1099     387      983      970      1220     1232     
13       3910     478      884      1163     728      494      457      1154     934      902      528      242      862      0        1065     723      991      139      172      379      1199     502      868      1109     874      984      476      939      967      919      777      273      295      1098     989      775      1005     681      717      970      943      
14       6900     1071     203      643      1363     591      650      658      1328     543      819      863      1457     1065     0        611      364      1006     901      739      989      688      692      1064     1435     138      728      1339     1306     147      963      809      1196     762      1263     360      1267     480      487      272      238      
15       5370     506      557      439      765      518      574      430      719      183      254      482      850      723      611      0        334      603      625      617      557      221      173      547      826      475      247      730      701      523      355      593      711      393      665      265      671      176      138      371      381      
16       6980     840      425      300      1091     630      698      310      1007     197      586      754      1167     991      364      334      0        891      858      771      625      508      350      702      1139     236      545      1018     977      357      646      794      1031     398      926      237      928      310      277      97       147      
17       3790     346      839      1042     619      474      455      1031     806      786      393      143      754      139      1006     603      891      0        196      396      1062     388      739      969      762      911      356      812      836      863      637      283      226      968      854      689      870      585      614      880      859      
18       2190     518      715      1057     810      323      285      1051     975      794      480      173      944      172      901      625      858      196      0        211      1144     406      785      1075     949      827      390      982      999      753      756      101      419      1014     1008     630      1023     550      591      825      794      
19       790      673      541      1015     984      150      89       1013     1112     756      558      311      1114     379      739      617      771      396      211      0        1170     431      789      1131     1114     688      435      1120     1126     592      839      113      623      1007     1123     533      1137     489      539      718      677      
20       10910    799      1029     375      866      1075     1131     354      633      477      672      978      867      1199     989      557      625      1062     1144     1170     0        747      384      170      827      861      755      643      577      970      450      1133     1072     227      505      756      496      717      668      721      766      
21       3550     386      568      660      694      370      410      652      736      400      157      260      805      502      688      221      508      388      406      431      747      0        380      700      791      570      40       745      737      564      418      385      527      608      721      334      732      215      233      510      499      
22       7100     568      682      320      768      690      747      305      657      153      354      632      830      868      692      173      350      739      785      789      384      380      0        393      799      554      397      668      626      634      303      761      810      229      576      392      579      335      287      424      454      
23       10550    675      1073     502      705      1055     1104     479      463      525      595      904      699      1109     1064     547      702      969      1075     1131     170      700      393      0        658      929      699      473      407      1022     333      1079     950      333      335      785      325      721      677      792      830      
24       10640    440      1351     1075     149      1124     1139     1054     198      946      635      803      42       874      1435     826      1139     762      949      1114     827      791      799      658      0        1301     758      191      259      1334     496      1013     592      913      330      1079     344      964      949      1194     1208     
25       6290     947      214      528      1232     538      602      541      1190     406      693      768      1324     984      138      475      236      911      827      688      861      570      554      929      1301     0        610      1201     1168     138      825      743      1089     634      1124     236      1128     356      357      139      100      
26       3620     348      605      687      658      388      423      678      710      429      131      235      771      476      728      247      545      356      390      435      755      40       397      699      758      610      0        720      714      603      405      380      488      627      702      374      714      255      272      550      539      
27       10590    466      1279     917      288      1105     1130     895      11       821      588      820      234      939      1339     730      1018     812      982      1120     643      745      668      473      191      1201     720      0        68       1251     376      1030     685      750      140      993      153      886      862      1084     1104     
28       10630    489      1255     862      348      1102     1131     840      61       780      582      832      302      967      1306     701      977      836      999      1126     577      737      626      407      259      1168     714      68       0        1224     345      1040     725      693      72       966      85       864      836      1046     1070     
29       5430     950      76       656      1251     444      503      667      1241     498      705      722      1353     919      147      523      357      863      753      592      970      564      634      1022     1334     138      603      1251     1224     0        879      662      1059     747      1187     258      1193     370      389      260      209      
30       7670     349      910      593      473      788      828      574      365      451      282      583      527      777      963      355      646      637      756      839      450      418      303      333      496      825      405      376      345      879      0        772      623      447      313      620      321      520      491      708      728      
31       1200     574      620      1014     880      224      183      1010     1022     750      490      211      1012     273      809      593      794      283      101      113      1133     385      761      1079     1013     743      380      1030     1040     662      772      0        510      986      1043     560      1058     493      539      753      718      
32       6040     274      1043     1129     443      696      681      1115     682      893      461      346      576      295      1196     711      1031     226      419      623      1072     527      810      950      592      1089     488      685      725      1059     623      510      0        1025     760      857      778      741      760      1038     1024     
33       9270     768      809      171      916      896      956      148      739      267      578      862      950      1098     762      393      398      968      1014     1007     227      608      229      333      913      634      627      750      693      747      447      986      1025     0        628      547      624      528      477      495      541      
34       10570    511      1221     798      408      1090     1123     775      132      730      571      839      373      989      1263     665      926      854      1008     1123     505      721      576      335      330      1124     702      140      72       1187     313      1043     760      628      0        930      17       832      802      999      1025     
35       4610     712      293      505      1002     393      460      508      982      280      459      547      1099     775      360      265      237      689      630      533      756      334      392      785      1079     236      374      993      966      258      620      560      857      547      930      0        936      120      130      195      169      
36       10700    527      1228     794      425      1102     1136     772      145      732      583      853      387      1005     1267     671      928      870      1023     1137     496      732      579      325      344      1128     714      153      85       1193     321      1058     778      624      17       936      0        840      809      1002     1029     
37       4110     591      392      525      883      368      431      524      876      268      339      445      983      681      480      176      310      585      550      489      717      215      335      721      964      356      255      886      864      370      520      493      741      528      832      120      840      0        51       297      283      
38       4600     593      419      476      875      419      481      474      851      217      337      477      970      717      487      138      277      614      591      539      668      233      287      677      949      357      272      862      836      389      491      539      760      477      802      130      809      51       0        279      274      
39       6490     868      330      396      1136     572      639      407      1072     272      611      739      1220     970      272      371      97       880      825      718      721      510      424      792      1194     139      550      1084     1046     260      708      753      1038     495      999      195      1002     297      279      0        52       
40       6110     867      278      447      1144     530      597      458      1093     306      610      716      1232     943      238      381      147      859      794      677      766      499      454      830      1208     100      539      1104     1070     209      728      718      1024     541      1025     169      1029     283      274      52       0        
;

