
sets
i        orders          /0*40/
k        routes          /1*40/
p        positions       /0*40/
;

alias(i,j)
alias(i,h)
alias(i,hh)
alias(i,jj)
alias(k,kk)
                
                    Parameters

rho(i)	Processing time
/
0	0
1	49
2	15
3	22
4	17
5	50
6	43
7	18
8	63
9	63
10	22
11	24
12	88
13	53
14	28
15	76
16	49
17	56
18	28
19	18
20	10
21	91
22	46
23	87
24	8
25	4
26	19
27	50
28	25
29	43
30	15
31	98
32	1
33	88
34	84
35	39
36	67
37	1
38	43
39	16
40	34
/

gamma(i)	Duedate
/
0	0
1	49
2	48
3	19
4	28
5	4
6	10
7	13
8	71
9	45
10	4
11	53
12	35
13	5
14	56
15	78
16	83
17	55
18	87
19	60
20	3
21	5
22	77
23	93
24	73
25	84
26	73
27	57
28	35
29	59
30	46
31	18
32	97
33	39
34	80
35	93
36	98
37	39
38	68
39	79
40	11
/

sigma(i)	Size
/
0	0
1	5
2	2
3	8
4	4
5	2
6	9
7	9
8	5
9	6
10	6
11	8
12	9
13	8
14	1
15	5
16	4
17	6
18	1
19	8
20	7
21	3
22	9
23	3
24	6
25	7
26	2
27	3
28	4
29	1
30	1
31	2
32	3
33	3
34	3
35	1
36	6
37	4
38	5
39	4
40	9
/

epsilon(i)	Priority
/
0	0
1	1
2	7
3	5
4	8
5	8
6	4
7	5
8	7
9	8
10	2
11	5
12	9
13	3
14	7
15	9
16	1
17	6
18	3
19	1
20	1
21	1
22	8
23	1
24	8
25	2
26	6
27	6
28	7
29	7
30	8
31	7
32	6
33	4
34	2
35	5
36	9
37	1
38	2
39	8
40	1
/

psi	Vehicle Capacity
/ 42 /
;

Table kappa(i,j)                 Setup
         0        1        2        3        4        5        6        7        8        9        10       11       12       13       14       15       16       17       18       19       20       21       22       23       24       25       26       27       28       29       30       31       32       33       34       35       36       37       38       39       40       
0        0        326      267      108      168      219      359      283      114      36       304      141      244      187      223      115      222      236      376      271      82       131      172      214      317      112      198      126      285      133      102      167      347      169      276      161      362      146      171      341      205      
1        326      0        83       395      322      182      313      223      243      292      139      218      159      211      157      237      408      307      263      319      379      226      292      244      206      320      152      270      212      218      249      456      97       355      94       244      119      292      425      31       313      
2        267      83       0        322      240      185      243      146      208      231      77       189      77       202      160      165      325      223      204      237      309      152      277      160      139      243      75       241      136      185      210      381      84       273      126      163      103      270      346      82       229      
3        108      395      322      0        127      320      335      286      218      121      335      242      275      291      319      157      137      202      371      234      26       170      280      212      326      85       247      234      291      233      206      63       391      106      364      171      401      254      66       403      168      
4        168      322      240      127      0        310      208      165      233      149      230      246      174      294      300      111      87       75       245      108      133      112      317      95       207      56       171      264      172      235      223      164      293      33       321      78       298      294      116      322      41       
5        219      182      185      320      310      0        408      307      105      199      262      78       233      37       25       199      394      338      384      365      296      200      114      280      316      277      179      111      300      86       117      383      259      333      91       244      282      122      373      211      325      
6        359      313      243      335      208      408      0        100      377      329      173      374      175      410      386      256      238      133      70       103      342      243      464      147      106      260      228      414      108      366      372      364      229      232      368      201      216      447      310      293      167      
7        283      223      146      286      165      307      100      0        283      249      88       277      75       310      285      171      228      108      92       105      285      156      368      73       42       201      128      320      11       270      278      329      154      197      269      123      150      353      280      208      132      
8        114      243      208      218      233      105      377      283      0        99       269      29       220      73       112      129      309      279      372      312      194      138      87       233      305      189      161      37       280      25       12       280      292      249      174      184      311      69       276      265      257      
9        36       292      231      121      149      199      329      249      99       0        268      121      208      171      199      79       215      211      342      245      98       95       172      182      282      97       161      121      250      112      87       184      310      157      248      129      325      147      177      306      182      
10       304      139      77       335      230      262      173      88       269      268      0        254      61       274      237      191      306      189      127      192      328      175      345      136      66       251      110      305      77       249      268      388      66       264      203      164      67       335      345      121      206      
11       141      218      189      242      246      78       374      277      29       121      254      0        210      50       83       136      325      285      364      316      218      142      91       234      296      205      151      53       273      10       39       305      272      264      145      189      292      81       297      241      266      
12       244      159      77       275      174      233      175      75       220      208      61       210      0        238      211      130      255      147      153      160      267      114      302      86       85       190      59       257      67       204      217      328      119      208      195      104      126      289      287      152      157      
13       187      211      202      291      294      37       410      310      73       171      274      50       238      0        55       183      374      329      392      358      267      187      81       274      323      255      181      74       304      60       85       353      280      313      124      233      302      85       347      238      312      
14       223      157      160      319      300      25       386      285      112      199      237      83       211      55       0        189      385      322      360      348      297      188      136      262      292      270      159      125      278      90       122      383      234      324      69       230      256      141      369      186      311      
15       115      237      165      157      111      199      256      171      129      79       191      136      130      183      189      0        196      150      263      183      144      16       216      108      203      86       90       163      171      126      120      218      239      135      217      56       252      196      190      246      129      
16       222      408      325      137      87       394      238      228      309      215      306      325      255      374      385      196      0        121      292      137      157      198      387      170      270      119      258      335      238      314      297      137      371      61       409      165      373      362      83       406      99       
17       236      307      223      202      75       338      133      108      279      211      189      285      147      329      322      150      121      0        175      34       209      142      367      64       149      129      170      314      118      275      271      234      256      99       328      95       255      345      181      299      34       
18       376      263      204      371      245      384      70       92       372      342      127      364      153      392      360      263      292      175      0        154      373      248      455      163      68       289      212      409      93       357      368      408      171      274      331      215      155      441      356      239      207      
19       271      319      237      234      108      365      103      105      312      245      192      316      160      358      348      183      137      34       154      0        242      174      399      86       142      163      192      346      116      306      303      261      259      129      349      127      255      379      207      308      67       
20       82       379      309      26       133      296      342      285      194      98       328      218      267      267      297      144      157      209      373      242      0        158      254      211      325      84       234      208      290      209      181      86       382      118      344      166      393      228      92       389      175      
21       131      226      152      170      112      200      243      156      138      95       175      142      114      187      188      16       198      142      248      174      158      0        226      96       187      94       77       173      156      133      130      229      224      138      211      46       236      206      199      233      124      
22       172      292      277      280      317      114      464      368      87       172      345      91       302      81       136      216      387      367      455      399      254      226      0        321      388      268      243      53       364      98       95       337      358      329      205      272      379      26       344      319      344      
23       214      244      160      212      95       280      147      73       233      182      136      234      86       274      262      108      170      64       163      86       211      96       321      0        114      127      107      269      79       225      226      257      201      128      265      53       204      302      211      238      71       
24       317      206      139      326      207      316      106      42       305      282      66       296      85       323      292      203      270      149      68       142      325      187      388      114      0        242      144      342      35       289      302      371      125      239      266      160      116      374      323      186      174      
25       112      320      243      85       56       277      260      201      189      97       251      205      190      255      270      86       119      129      289      163      84       94       268      127      242      0        168      216      206      195      178      138      308      60       303      86       317      244      105      325      96       
26       198      152      75       247      171      179      228      128      161      161      110      151      59       181      159      90       258      170      212      192      234      77       243      107      144      168      0        198      123      144      159      306      149      203      158      92       164      230      272      157      167      
27       126      270      241      234      264      111      414      320      37       121      305      53       257      74       125      163      335      314      409      346      208      173      53       269      342      216      198      0        317      55       43       293      325      276      192      220      345      32       295      294      290      
28       285      212      136      291      172      300      108      11       280      250      77       273      67       304      278      171      238      118      93       116      290      156      364      79       35       206      123      317      0        266      276      336      143      205      260      126      139      349      288      196      141      
29       133      218      185      233      235      86       366      270      25       112      249      10       204      60       90       126      314      275      357      306      209      133      98       225      289      195      144      55       266      0        33       296      269      254      150      179      289      86       288      241      256      
30       102      249      210      206      223      117      372      278      12       87       268      39       217      85       122      120      297      271      368      303      181      130      95       226      302      178      159      43       276      33       0        268      294      238      183      177      313      75       264      270      248      
31       167      456      381      63       164      383      364      329      280      184      388      305      328      353      383      218      137      234      408      261      86       229      337      257      371      138      306      293      336      296      268      0        447      134      427      224      455      311      55       463      201      
32       347      97       84       391      293      259      229      154      292      310      66       272      119      280      234      239      371      256      171      259      382      224      358      201      125      308      149      325      143      269      294      447      0        327      183      223      23       353      406      69       272      
33       169      355      273      106      33       333      232      197      249      157      264      264      208      313      324      135      61       99       274      129      118      138      329      128      239      60       203      276      205      254      238      134      327      0        350      110      332      305      83       355      67       
34       276      94       126      364      321      91       368      269      174      248      203      145      195      124      69       217      409      328      331      349      344      211      205      265      266      303      158      192      260      150      183      427      183      350      0        245      206      210      407      125      324      
35       161      244      163      171      78       244      201      123      184      129      164      189      104      233      230      56       165      95       215      127      166      46       272      53       160      86       92       220      126      179      177      224      223      110      245      0        231      252      184      245      80       
36       362      119      103      401      298      282      216      150      311      325      67       292      126      302      256      252      373      255      155      255      393      236      379      204      116      317      164      345      139      289      313      455      23       332      206      231      0        373      412      90       274      
37       146      292      270      254      294      122      447      353      69       147      335      81       289      85       141      196      362      345      441      379      228      206      26       302      374      244      230      32       349      86       75       311      353      305      210      252      373      0        318      318      322      
38       171      425      346      66       116      373      310      280      276      177      345      297      287      347      369      190      83       181      356      207      92       199      344      211      323      105      272      295      288      288      264      55       406      83       407      184      412      318      0        429      150      
39       341      31       82       403      322      211      293      208      265      306      121      241      152      238      186      246      406      299      239      308      389      233      319      238      186      325      157      294      196      241      270      463      69       355      125      245      90       318      429      0        308      
40       205      313      229      168      41       325      167      132      257      182      206      266      157      312      311      129      99       34       207      67       175      124      344      71       174      96       167      290      141      256      248      201      272      67       324      80       274      322      150      308      0        
;



Table delta(i,j)                 Distance
         0        1        2        3        4        5        6        7        8        9        10       11       12       13       14       15       16       17       18       19       20       21       22       23       24       25       26       27       28       29       30       31       32       33       34       35       36       37       38       39       40       
0        0        773      1034     1062     1235     446      237      878      648      1023     740      389      429      1032     1134     654      324      799      583      425      855      505      1261     914      316      1066     77       525      932      1033     897      431      1029     1036     131      390      178      181      369      1041     763      
1        773      0        267      303      651      723      536      245      357      430      564      893      564      319      547      533      775      382      287      629      214      627      668      617      547      296      824      743      385      598      136      844      523      565      654      457      859      697      419      438      312      
2        1034     267      0        178      637      919      797      248      510      337      765      1110     823      286      555      754      997      448      492      832      342      809      644      765      782      122      1088     991      356      688      137      1105     461      644      911      723      1126     942      686      332      405      
3        1062     303      178      0        459      1020     828      401      629      514      660      1195     783      118      380      668      1078     597      581      928      247      918      465      628      850      59       1106     928      525      530      232      1061     638      484      949      710      1128     998      695      510      543      
4        1235     651      637      459      0        1340     1037     837      1008     971      566      1477     839      359      107      630      1358     1019     926      1246     447      1261     27       420      1126     517      1253     894      973      254      656      1061     1093     223      1155     844      1235     1236     883      968      954      
5        446      723      919      1020     1340     0        400      691      413      767      988      210      727      1040     1233     906      143      529      438      94       897      119      1362     1137     238      999      520      892      676      1205     798      848      723      1191     362      607      624      266      521      786      534      
6        237      536      797      828      1037     400      0        648      443      804      604      460      326      805      932      518      349      592      360      333      632      400      1062     765      172      831      294      496      715      860      660      481      823      855      121      218      354      202      154      820      547      
7        878      245      248      401      837      691      648      0        278      188      809      891      769      478      742      772      785      200      296      609      441      576      849      861      591      357      942      960      143      828      181      1039     279      791      748      642      999      757      577      198      161      
8        648      357      510      629      1008     413      443      278      0        381      811      613      665      672      904      749      510      151      115      332      565      300      1026     915      337      600      719      863      288      932      398      899      382      905      517      523      794      502      433      399      125      
9        1023     430      337      514      971      767      804      188      381      0        995      976      953      614      885      959      882      240      443      699      612      648      979      1039     718      459      1092     1145     93       993      338      1219     125      953      892      822      1158     883      750      19       260      
10       740      564      765      660      566      988      604      809      811      995      0        1063     311      559      490      87       953      904      697      905      424      951      593      176      750      705      738      328      944      322      676      496      1083     343      699      386      698      800      467      1003     832      
11       389      893      1110     1195     1477     210      460      891      613      976      1063     0        770      1203     1371     977      119      737      619      281      1046     329      1501     1226     353      1180     447      902      884      1317     983      820      933      1308     369      678      553      263      609      995      737      
12       429      564      823      783      839      727      326      769      665      953      311      770      0        715      746      226      667      795      554      656      539      716      866      487      494      808      427      197      880      617      699      281      1010     626      400      143      397      507      237      966      731      
13       1032     319      286      118      359      1040     805      478      672      614      559      1203     715      0        271      577      1084     665      606      947      179      947      370      513      851      176      1069     844      613      411      298      987      734      365      927      660      1081     988      662      612      604      
14       1134     547      555      380      107      1233     932      742      904      885      490      1371     746      271      0        546      1251     920      820      1139     340      1154     130      365      1019     440      1155     816      881      207      561      980      1004     164      1051     743      1141     1131     778      883      854      
15       654      533      754      668      630      906      518      772      749      959      87       977      226      577      546      0        868      851      634      824      423      873      658      260      667      707      654      274      903      395      654      434      1040     410      612      300      617      714      385      969      780      
16       324      775      997      1078     1358     143      349      785      510      882      953      119      667      1084     1251     868      0        642      505      183      926      248      1381     1114     233      1064     394      813      789      1200     868      747      850      1191     272      567      501      164      494      901      634      
17       799      382      448      597      1019     529      592      200      151      240      904      737      795      665      920      851      642      0        244      459      596      409      1033     987      487      556      871      992      147      980      368      1040     231      947      668      654      945      650      569      259      72       
18       583      287      492      581      926      438      360      296      115      443      697      619      554      606      820      634      505      244      0        346      479      340      945      805      296      562      650      751      355      832      363      796      470      807      453      412      715      461      325      460      188      
19       425      629      832      928      1246     94       333      609      332      699      905      281      656      947      1139     824      183      459      346      0        803      79       1268     1050     162      908      502      829      606      1115     708      800      667      1099     321      529      601      244      439      718      455      
20       855      214      342      247      447      897      632      441      565      612      424      1046     539      179      340      423      926      596      479      803      0        814      467      430      693      284      890      680      584      387      274      815      719      352      754      481      901      820      485      616      526      
21       505      627      809      918      1261     119      400      576      300      648      951      329      716      947      1154     873      248      409      340      79       814      0        1281     1089     227      894      582      895      556      1143     692      874      605      1125     398      585      680      324      491      667      417      
22       1261     668      644      465      27       1362     1062     849      1026     979      593      1501     866      370      130      658      1381     1033     945      1268     467      1281     0        447      1149     523      1280     922      984      281      669      1089     1102     251      1180     870      1263     1261     908      975      969      
23       914      617      765      628      420      1137     765      861      915      1039     176      1226     487      513      365      260      1114     987      805      1050     430      1089     447      0        901      681      914      490      1003     166      704      661      1140     201      866      548      874      965      621      1044     914      
24       316      547      782      850      1126     238      172      591      337      718      750      353      494      851      1019     667      233      487      296      162      693      227      1149     901      0        840      391      668      625      976      649      649      714      964      191      369      478      166      282      736      458      
25       1066     296      122      59       517      999      831      357      600      459      705      1180     808      176      440      707      1064     556      562      908      284      894      523      681      840      0        1114     961      475      588      201      1088     583      542      949      726      1142     993      704      454      506      
26       77       824      1088     1106     1253     520      294      942      719      1092     738      447      427      1069     1155     654      394      871      650      502      890      582      1280     914      391      1114     0        494      1001     1042     951      380      1101     1048     202      414      106      258      410      1109     832      
27       525      743      991      928      894      892      496      960      863      1145     328      902      197      844      816      274      813      992      751      829      680      895      922      490      668      961      494      0        1074     648      875      171      1206     671      540      339      423      648      432      1157     927      
28       932      385      356      525      973      676      715      143      288      93       944      884      880      613      881      903      789      147      355      606      584      556      984      1003     625      475      1001     1074     0        971      320      1140     138      933      801      746      1070     790      670      112      169      
29       1033     598      688      530      254      1205     860      828      932      993      322      1317     617      411      207      395      1200     980      832      1115     387      1143     281      166      976      588      1042     648      971      0        655      817      1104     47       970      650      1012     1062     707      995      909      
30       897      136      137      232      656      798      660      181      398      338      676      983      699      298      561      654      868      368      363      708      274      692      669      704      649      201      951      875      320      655      0        980      449      616      774      593      991      807      551      341      311      
31       431      844      1105     1061     1061     848      481      1039     899      1219     496      820      281      987      980      434      747      1040     796      800      815      874      1089     661      649      1088     380      171      1140     817      980      0        1265     839      485      397      289      586      471      1233     982      
32       1029     523      461      638      1093     723      823      279      382      125      1083     933      1010     734      1004     1040     850      231      470      667      719      605      1102     1140     714      583      1101     1206     138      1104     449      1265     0        1066     899      873      1176     875      793      134      282      
33       1036     565      644      484      223      1191     855      791      905      953      343      1308     626      365      164      410      1191     947      807      1099     352      1125     251      201      964      542      1048     671      933      47       616      839      1066     0        968      649      1023     1057     701      954      877      
34       131      654      911      949      1155     362      121      748      517      892      699      369      400      927      1051     612      272      668      453      321      754      398      1180     866      191      949      202      540      801      970      774      485      899      968      0        320      287      108      272      910      632      
35       390      457      723      710      844      607      218      642      523      822      386      678      143      660      743      300      567      654      412      529      481      585      870      548      369      726      414      339      746      650      593      397      873      649      320      0        420      417      96       836      592      
36       178      859      1126     1128     1235     624      354      999      794      1158     698      553      397      1081     1141     617      501      945      715      601      901      680      1263     874      478      1142     106      423      1070     1012     991      289      1176     1023     287      420      0        359      440      1175     902      
37       181      697      942      998      1236     266      202      757      502      883      800      263      507      988      1131     714      164      650      461      244      820      324      1261     965      166      993      258      648      790      1062     807      586      875      1057     108      417      359      0        355      902      624      
38       369      419      686      695      883      521      154      577      433      750      467      609      237      662      778      385      494      569      325      439      485      491      908      621      282      704      410      432      670      707      551      471      793      701      272      96       440      355      0        765      510      
39       1041     438      332      510      968      786      820      198      399      19       1003     995      966      612      883      969      901      259      460      718      616      667      975      1044     736      454      1109     1157     112      995      341      1233     134      954      910      836      1175     902      765      0        278      
40       763      312      405      543      954      534      547      161      125      260      832      737      731      604      854      780      634      72       188      455      526      417      969      914      458      506      832      927      169      909      311      982      282      877      632      592      902      624      510      278      0        
;

