
sets
i        orders          /0*40/
k        routes          /1*40/
p        positions       /0*40/
;

alias(i,j)
alias(i,h)
alias(i,hh)
alias(i,jj)
alias(k,kk)
                
                    Parameters

rho(i)	Processing time
/
0	0
1	82
2	20
3	7
4	49
5	14
6	19
7	52
8	46
9	69
10	96
11	76
12	52
13	69
14	26
15	14
16	95
17	55
18	88
19	74
20	34
21	77
22	23
23	69
24	87
25	22
26	10
27	56
28	90
29	88
30	66
31	75
32	88
33	98
34	98
35	64
36	59
37	17
38	30
39	12
40	53
/

gamma(i)	Duedate
/
0	0
1	70
2	94
3	52
4	4
5	49
6	21
7	47
8	37
9	7
10	4
11	49
12	30
13	13
14	26
15	1
16	69
17	79
18	17
19	40
20	69
21	24
22	61
23	81
24	79
25	26
26	70
27	33
28	37
29	82
30	70
31	16
32	26
33	90
34	79
35	40
36	13
37	72
38	86
39	43
40	73
/

sigma(i)	Size
/
0	0
1	3
2	6
3	5
4	6
5	3
6	3
7	4
8	2
9	1
10	4
11	1
12	1
13	9
14	6
15	3
16	6
17	6
18	9
19	5
20	2
21	8
22	8
23	3
24	9
25	3
26	8
27	6
28	4
29	8
30	8
31	7
32	5
33	4
34	3
35	9
36	9
37	2
38	2
39	6
40	8
/

epsilon(i)	Priority
/
0	0
1	1
2	3
3	9
4	2
5	2
6	3
7	9
8	2
9	6
10	7
11	3
12	5
13	4
14	3
15	5
16	5
17	6
18	5
19	1
20	5
21	8
22	2
23	7
24	5
25	3
26	8
27	7
28	5
29	2
30	9
31	3
32	8
33	3
34	2
35	9
36	1
37	3
38	9
39	6
40	1
/

psi	Vehicle Capacity
/ 35 /
;

Table kappa(i,j)                 Setup
         0        1        2        3        4        5        6        7        8        9        10       11       12       13       14       15       16       17       18       19       20       21       22       23       24       25       26       27       28       29       30       31       32       33       34       35       36       37       38       39       40       
0        0        229      225      138      92       149      353      20       110      43       310      147      341      352      217      65       186      82       67       121      156      107      130      255      281      79       305      296      210      165      205      133      211      201      286      137      211      227      289      218      232      
1        229      0        55       275      310      372      301      230      125      195      97       144      119      320      83       235      223      264      162      214      82       214      146      167      67       165      163      274      288      219      87       129      159      56       95       291      258      266      281      228      276      
2        225      55       0        242      313      373      354      231      114      199      85       177      119      371      134      216      260      242      162      181      68       235      115      219      117      176      218      323      323      177      37       102      107      101      149      311      296      217      328      178      316      
3        138      275      242      0        202      233      479      158      160      168      321      260      357      482      303      73       318      60       161      61       194      242      129      365      341      193      401      425      348      79       207      146      165      275      360      272      347      112      421      126      369      
4        92       310      313      202      0        62       361      82       200      115      397      196      426      353      280      142      196      141      151      205      245      125      223      294      353      145      353      301      188      250      296      225      303      273      352      93       206      306      290      304      223      
5        149      372      373      233      62       0        407      143      259      176      458      257      488      395      342      186      247      177      212      249      305      183      278      352      416      208      412      347      227      293      354      282      355      335      413      134      252      343      334      347      265      
6        353      301      354      479      361      407      0        336      336      313      380      220      380      29       219      408      168      432      318      434      333      248      385      135      267      285      155      60       182      464      376      369      442      253      230      273      155      527      73       498      143      
7        20       230      231      158      82       143      336      0        117      35       315      136      345      334      211      85       168      101      69       140      162      88       144      243      278      71       295      278      190      184      213      144      225      198      281      117      192      247      271      236      213      
8        110      125      114      160      200      259      336      117      0        88       200      118      231      344      143      111      196      140      50       103      46       143      50       210      185      77       241      289      247      128      97       37       124      115      201      211      231      191      289      164      253      
9        43       195      199      168      115      176      313      35       88       0        282      104      311      314      176      95       150      118      38       136      131      75       124      212      242      36       262      258      183      178      185      120      206      162      246      127      178      243      253      227      200      
10       310      97       85       321      397      458      380      315      200      282      0        242      35       402      175      301      320      327      246      261      153      310      198      251      113      256      228      361      385      249      114      186      166      152      151      387      354      277      370      237      372      
11       147      144      177      260      196      257      220      136      118      104      242      0        262      226      87       193      84       219      99       214      128      77       168      108      166      69       159      171      146      245      183      154      235      92       157      152      120      309      170      282      141      
12       341      119      119      357      426      488      380      345      231      311      35       262      0        403      187      335      335      361      275      297      184      333      233      257      115      283      225      367      402      285      150      220      202      170      149      411      369      312      377      272      385      
13       352      320      371      482      353      395      29       334      344      314      402      226      403      0        236      410      165      433      323      440      345      245      394      152      289      288      181      56       168      472      391      379      454      269      254      262      146      536      63       508      130      
14       217      83       134      303      280      342      219      211      143      176      175      87       187      236      0        247      149      276      155      247      122      164      184      84       80       140      98       190      215      265      158      167      226      34       71       239      181      322      197      288      197      
15       65       235      216      73       142      186      408      85       111      95       301      193      335      410      247      0        246      29       94       63       154      169      103      300      296      123      342      353      275      108      187      114      172      223      310      201      273      165      348      162      295      
16       186      223      260      318      196      247      168      168      196      150      320      84       335      165      149      246      0        267      164      281      212      80       246      114      229      128      177      110      66       318      267      233      318      167      208      117      36       383      103      360      57       
17       82       264      242      60       141      177      432      101      140      118      327      219      361      433      276      29       267      0        122      77       182      189      128      327      325      149      370      376      292      117      213      140      190      252      339      212      293      167      371      170      315      
18       67       162      162      161      151      212      318      69       50       38       246      99       275      323      155      94       164      122      0        117      93       99       89       205      214      35       248      266      207      154      147      84       171      136      222      162      196      219      263      199      219      
19       121      214      181      61       205      249      434      140      103      136      261      214      297      440      247      63       281      77       117      0        133      211      68       313      280      152      345      383      320      45       147      85       114      217      300      257      313      107      381      99       335      
20       156      82       68       194      245      305      333      162      46       131      153      128      184      345      122      154      212      182      93       133      0        174      65       200      147      111      220      292      270      144      58       48       109      89       167      247      248      200      294      166      269      
21       107      214      235      242      125      183      248      88       143      75       310      77       333      245      164      169      80       189      99       211      174      0        188      169      243      66       228      190      109      251      232      180      268      166      234      77       104      317      183      298      126      
22       130      146      115      129      223      278      385      144      50       124      198      168      233      394      184      103      246      128      89       68       65       188      0        257      212      122      283      339      295      81       84       17       82       153      233      251      280      142      339      114      303      
23       255      167      219      365      294      352      135      243      210      212      251      108      257      152      84       300      114      327      205      313      200      169      257      0        142      178      63       110      172      338      241      241      308      118      111      228      134      399      120      367      142      
24       281      67       117      341      353      416      267      278      185      242      113      166      115      289      80       296      229      325      214      280      147      243      212      142      0        208      114      252      295      286      152      195      224      80       37       319      260      333      262      294      274      
25       79       165      176      193      145      208      285      71       77       36       256      69       283      288      140      123      128      149      35       152      111      66       122      178      208      0        226      232      173      189      168      114      201      128      210      136      161      255      228      234      183      
26       305      163      218      401      353      412      155      295      241      262      228      159      225      181      98       342      177      370      248      345      220      228      283      63       114      226      0        154      234      364      248      265      319      131      77       290      196      420      167      385      202      
27       296      274      323      425      301      347      60       278      289      258      361      171      367      56       190      353      110      376      266      383      292      190      339      110      252      232      154      0        123      416      341      324      402      221      219      213      95       480      16       453      83       
28       210      288      323      348      188      227      182      190      247      183      385      146      402      168      215      275      66       292      207      320      270      109      295      172      295      173      234      123      0        360      327      285      372      233      273      95       38       426      109      407      39       
29       165      219      177      79       250      293      464      184      128      178      249      245      285      472      265      108      318      117      154      45       144      251      81       338      286      189      364      416      360      0        140      98       87       233      311      301      351      65       415      54       373      
30       205      87       37       207      296      354      376      213      97       185      114      183      150      391      158      187      267      213      147      147      58       232      84       241      152      168      248      341      327      140      0        74       72       123      183      305      304      181      345      142      325      
31       133      129      102      146      225      282      369      144      37       120      186      154      220      379      167      114      233      140      84       85       48       180      17       241      195      114      265      324      285      98       74       0        87       135      216      246      269      158      325      128      291      
32       211      159      107      165      303      355      442      225      124      206      166      235      202      454      226      172      318      190      171      114      109      268      82       308      224      201      319      402      372      87       72       87       0        191      255      333      354      112      404      72       376      
33       201      56       101      275      273      335      253      198      115      162      152      92       170      269      34       223      167      252      136      217      89       166      153      118      80       128      131      221      233      233      123      135      191      0        86       243      202      289      227      254      220      
34       286      95       149      360      352      413      230      281      201      246      151      157      149      254      71       310      208      339      222      300      167      234      233      111      37       210      77       219      273      311      183      216      255      86       0        307      237      361      230      324      249      
35       137      291      311      272      93       134      273      117      211      127      387      152      411      262      239      201      117      212      162      257      247      77       251      228      319      136      290      213      95       301      305      246      333      243      307      0        118      364      200      352      131      
36       211      258      296      347      206      252      155      192      231      178      354      120      369      146      181      273      36       293      196      313      248      104      280      134      260      161      196      95       38       351      304      269      354      202      237      118      0        416      83       394      22       
37       227      266      217      112      306      343      527      247      191      243      277      309      312      536      322      165      383      167      219      107      200      317      142      399      333      255      420      480      426      65       181      158      112      289      361      364      416      0        479      40       439      
38       289      281      328      421      290      334      73       271      289      253      370      170      377      63       197      348      103      371      263      381      294      183      339      120      262      228      167      16       109      415      345      325      404      227      230      200      83       479      0        453      70       
39       218      228      178      126      304      347      498      236      164      227      237      282      272      508      288      162      360      170      199      99       166      298      114      367      294      234      385      453      407      54       142      128      72       254      324      352      394      40       453      0        417      
40       232      276      316      369      223      265      143      213      253      200      372      141      385      130      197      295      57       315      219      335      269      126      303      142      274      183      202      83       39       373      325      291      376      220      249      131      22       439      70       417      0        
;



Table delta(i,j)                 Distance
         0        1        2        3        4        5        6        7        8        9        10       11       12       13       14       15       16       17       18       19       20       21       22       23       24       25       26       27       28       29       30       31       32       33       34       35       36       37       38       39       40       
0        0        393      729      528      869      655      852      399      771      472      359      1084     653      649      457      777      734      463      652      146      812      1043     816      1068     1086     454      1034     374      288      454      490      273      877      574      192      1032     1015     628      291      599      725      
1        393      0        963      137      477      725      882      73       420      234      629      813      275      623      366      392      785      612      262      502      565      650      799      897      899      325      785      164      193      224      489      343      485      635      201      639      923      903      578      303      421      
2        729      963      0        1047     1320     379      474      914      1110     834      370      1154     1229     548      673      1327     409      359      1195     590      946      1506     551      954      993      1165     1078     1042     975      1130     546      1001     1333     420      834      1516     775      136      437      929      998      
3        528      137      1047     0        340      771      905      142      302      237      734      721      187      643      401      281      820      689      147      629      496      516      810      843      839      402      703      263      318      286      534      466      348      684      337      509      900      1001     690      239      332      
4        869      477      1320     340      0        992      1076     474      244      490      1045     619      286      833      647      200      1021     964      244      965      517      187      965      845      825      660      639      568      641      549      776      781      13       918      677      197      973      1296     1009     393      365      
5        655      725      379      771      992      0        200      660      764      536      386      775      958      172      370      1036     80       203      912      566      571      1172     206      593      629      1001     699      850      807      933      237      887      1005     91       669      1189     443      429      430      600      645      
6        852      882      474      905      1076     200      0        812      835      668      580      735      1089     261      515      1152     120      403      1036     767      594      1246     116      494      535      1176     657      1020     986      1099     399      1076     1089     279      852      1269     302      566      629      702      713      
7        399      73       914      142      474      660      812      0        380      161      593      754      315      552      297      421      717      558      287      490      500      655      727      826      830      397      722      235      250      298      423      396      484      571      216      650      850      862      547      241      364      
8        771      420      1110     302      244      764      835      380      0        318      872      436      385      599      446      376      786      762      320      836      277      411      722      619      603      701      434      565      613      584      564      763      256      696      596      433      732      1100     847      191      122      
9        472      234      834      237      490      536      668      161      318      0        560      621      423      407      167      502      583      475      376      521      355      678      576      668      673      559      580      396      401      459      302      539      502      451      325      684      688      805      531      130      253      
10       359      629      370      734      1045     386      580      593      872      560      0        1048     903      468      433      1014     463      189      880      224      791      1232     586      936      965      798      981      685      612      771      359      631      1056     339      475      1234     818      280      68       680      781      
11       1084     813      1154     721      619      775      735      754      436      621      1048     0        821      613      643      797      751      880      757      1100     272      710      625      293      255      1123     77       974      1004     1007     689      1151     629      753      946      751      491      1196     1051     512      392      
12       653      275      1229     187      286      958      1089     315      385      423      903      821      0        828      588      126      1007     872      65       773      635      417      991      987      977      374      819      303      387      268      722      512      287      871      463      394      1065     1176     854      402      462      
13       649      623      548      643      833      172      261      552      599      407      468      613      828      0        256      895      187      282      776      596      399      1010     178      467      497      925      539      766      739      843      160      843      846      141      613      1029     368      582      492      448      479      
14       457      366      673      401      647      370      515      297      446      167      433      643      588      256      0        669      422      318      542      457      373      833      434      613      629      671      585      511      489      586      134      605      659      284      373      843      585      655      420      258      348      
15       777      392      1327     281      200      1036     1152     421      376      502      1014     797      126      895      669      0        1078     968      133      894      648      297      1048     995      980      487      806      429      513      388      804      636      197      953      586      270      1096     1282     967      450      477      
16       734      785      409      820      1021     80       120      717      786      583      463      751      1007     187      422      1078     0        283      957      647      571      1197     145      545      584      1069     674      916      877      997      296      962      1034     162      741      1216     379      480      510      634      665      
17       463      612      359      689      964      203      403      558      762      475      189      880      872      282      318      968      283      0        836      364      636      1151     398      749      780      848      810      710      654      796      204      713      976      149      511      1159     629      338      227      576      658      
18       652      262      1195     147      244      912      1036     287      320      376      880      757      65       776      542      133      957      836      0        764      570      396      936      922      912      418      753      325      402      306      677      538      248      827      459      381      1004     1148     834      343      397      
19       146      502      590      629      965      566      767      490      836      521      224      1100     773      596      457      894      647      364      764      0        829      1146     748      1045     1068     600      1042     511      429      594      447      419      974      496      312      1139     964      483      157      651      771      
20       812      565      946      496      517      571      594      500      277      355      791      272      635      399      373      648      571      636      570      829      0        667      478      352      344      886      225      729      749      775      435      892      529      527      679      696      456      967      788      263      173      
21       1043     650      1506     516      187      1172     1246     655      411      678      1232     710      417      1010     833      297      1197     1151     396      1146     667      0        1132     969      942      784      747      718      798      684      961      929      175      1101     851      48       1118     1483     1195     577      533      
22       816      799      551      810      965      206      116      727      722      576      586      625      991      178      434      1048     145      398      936      748      478      1132     0        402      441      1104     547      945      918      1020     335      1020     978      253      791      1156     237      625      625      597      600      
23       1068     897      954      843      845      593      494      826      619      668      936      293      987      467      613      995      545      749      922      1045     352      969      402      0        43       1222     230      1061     1068     1115     598      1202     857      603      975      1005     209      1022     957      605      524      
24       1086     899      993      839      825      629      535      830      603      673      965      255      977      497      629      980      584      780      912      1068     344      942      441      43       0        1224     197      1064     1074     1115     622      1210     836      635      986      980      253      1058     984      603      515      
25       454      325      1165     402      660      1001     1176     397      701      559      798      1123     374      925      671      487      1069     848      418      600      886      784      1104     1222     1224     0        1101     162      195      117      777      200      662      910      337      755      1245     1075     733      623      731      
26       1034     785      1078     703      639      699      657      722      434      580      981      77       819      539      585      806      674      810      753      1042     225      747      547      230      197      1101     0        948      972      987      622      1116     650      680      905      786      419      1122     986      481      370      
27       374      164      1042     263      568      850      1020     235      565      396      685      974      303      766      511      429      916      710      325      511      729      718      945      1061     1064     162      948      0        87       87       621      213      573      759      209      698      1082     965      624      467      581      
28       288      193      975      318      641      807      986      250      613      401      612      1004     387      739      489      513      877      654      402      429      749      798      918      1068     1074     195      972      87       0        165      587      149      647      717      142      780      1071     891      549      492      613      
29       454      224      1130     286      549      933      1099     298      584      459      771      1007     268      843      586      388      997      796      306      594      775      684      1020     1115     1115     117      987      87       165      0        701      252      552      842      296      658      1147     1052     711      512      617      
30       490      489      546      534      776      237      399      423      564      302      359      689      722      160      134      804      296      204      677      447      435      961      335      598      622      777      622      621      587      701      0        684      789      149      456      973      525      542      366      383      455      
31       273      343      1001     466      781      887      1076     396      763      539      631      1151     512      843      605      636      962      713      538      419      892      929      1020     1202     1210     200      1116     213      149      252      684      0        786      800      232      906      1190     902      564      638      761      
32       877      485      1333     348      13       1005     1089     484      256      502      1056     629      287      846      659      197      1034     976      248      974      529      175      978      857      836      662      650      573      647      552      789      786      0        931      685      184      986      1307     1020     406      378      
33       574      635      420      684      918      91       279      571      696      451      339      753      871      141      284      953      162      149      827      496      527      1101     253      603      635      910      680      759      717      842      149      800      931      0        579      1115     480      443      373      525      581      
34       192      201      834      337      677      669      852      216      596      325      475      946      463      613      373      586      741      511      459      312      679      851      791      975      986      337      905      209      142      296      456      232      685      579      0        839      958      755      415      440      567      
35       1032     639      1516     509      197      1189     1269     650      433      684      1234     751      394      1029     843      270      1216     1159     381      1139     696      48       1156     1005     980      755      786      698      780      658      973      906      184      1115     839      0        1150     1489     1194     590      556      
36       1015     923      775      900      973      443      302      850      732      688      818      491      1065     368      585      1096     379      629      1004     964      456      1118     237      209      253      1245     419      1082     1071     1147     525      1190     986      480      958      1150     0        858      852      664      620      
37       628      903      136      1001     1296     429      566      862      1100     805      280      1196     1176     582      655      1282     480      338      1148     483      967      1483     625      1022     1058     1075     1122     965      891      1052     542      902      1307     443      755      1489     858      0        342      913      996      
38       291      578      437      690      1009     430      629      547      847      531      68       1051     854      492      420      967      510      227      834      157      788      1195     625      957      984      733      986      624      549      711      366      564      1020     373      415      1194     852      342      0        656      763      
39       599      303      929      239      393      600      702      241      191      130      680      512      402      448      258      450      634      576      343      651      263      577      597      605      603      623      481      467      492      512      383      638      406      525      440      590      664      913      656      0        127      
40       725      421      998      332      365      645      713      364      122      253      781      392      462      479      348      477      665      658      397      771      173      533      600      524      515      731      370      581      613      617      455      761      378      581      567      556      620      996      763      127      0        
;

