
sets
i        orders          /0*40/
k        routes          /1*40/
p        positions       /0*40/
;

alias(i,j)
alias(i,h)
alias(i,hh)
alias(i,jj)
alias(k,kk)
                
                    Parameters

rho(i)	Processing time
/
0	0
1	71
2	4
3	95
4	81
5	60
6	56
7	53
8	79
9	84
10	38
11	99
12	49
13	23
14	34
15	10
16	49
17	64
18	27
19	69
20	3
21	4
22	90
23	3
24	52
25	22
26	42
27	14
28	11
29	70
30	47
31	78
32	97
33	45
34	92
35	74
36	15
37	34
38	72
39	39
40	97
/

gamma(i)	Duedate
/
0	0
1	94
2	66
3	93
4	7
5	15
6	15
7	10
8	23
9	31
10	11
11	19
12	83
13	32
14	44
15	4
16	45
17	94
18	57
19	24
20	1
21	23
22	17
23	20
24	43
25	44
26	39
27	58
28	2
29	89
30	25
31	96
32	84
33	84
34	55
35	49
36	74
37	36
38	31
39	61
40	11
/

sigma(i)	Size
/
0	0
1	2
2	6
3	8
4	3
5	6
6	6
7	7
8	1
9	5
10	2
11	2
12	9
13	3
14	7
15	7
16	4
17	4
18	3
19	6
20	1
21	8
22	9
23	9
24	3
25	2
26	1
27	5
28	8
29	6
30	9
31	7
32	7
33	1
34	4
35	8
36	6
37	5
38	1
39	5
40	5
/

epsilon(i)	Priority
/
0	0
1	4
2	2
3	5
4	4
5	8
6	7
7	3
8	2
9	8
10	3
11	9
12	1
13	2
14	3
15	5
16	5
17	6
18	1
19	8
20	4
21	5
22	5
23	5
24	1
25	9
26	4
27	4
28	3
29	2
30	5
31	5
32	3
33	8
34	4
35	8
36	3
37	6
38	6
39	6
40	8
/

psi	Vehicle Capacity
/ 42 /
;

Table kappa(i,j)                 Setup
         0        1        2        3        4        5        6        7        8        9        10       11       12       13       14       15       16       17       18       19       20       21       22       23       24       25       26       27       28       29       30       31       32       33       34       35       36       37       38       39       40       
0        0        388      121      204      352      268      300      289      120      82       246      149      177      173      319      245      150      169      120      177      83       349      144      341      254      264      92       65       318      330      44       135      181      107      330      346      224      274      193      308      133      
1        388      0        465      333      309      307      121      291      451      313      143      309      296      493      273      150      240      364      268      414      322      199      445      194      175      174      451      323      192      235      419      264      226      359      177      340      231      125      231      90       328      
2        121      465      0        186      339      255      358      282      18       194      332      166      297      53       318      315      230      138      208      110      146      373      50       367      359      369      30       171      347      343      77       242      239      228      363      321      256      341      304      377      144      
3        204      333      186      0        154      70       213      96       168      209      234      64       305      186      132      197      161      47       169      90       134      195      143      190      297      308      192      189      173      160      195      221      131      281      191      142      101      212      269      245      72       
4        352      309      339      154      0        85       202      63       321      334      278      202      409      330      43       231      258      201      281      233      272      111      292      115      355      364      346      321      118      74       348      327      212      409      132      36       152      225      355      241      218      
5        268      307      255      70       85       0        187      27       237      258      237      119      342      252      64       193      191      117      208      154      190      138      211      136      309      320      262      242      124      99       263      258      148      332      142      79       95       198      296      224      134      
6        300      121      358      213      202      187      0        173      343      238      95       194      263      380      162      61       151      246      183      296      223      106      332      97       170      177      348      240      85       129      323      201      121      301      77       230      111      35       196      39       215      
7        289      291      282      96       63       27       173      0        264      272      233      139      351      279      37       187      199      143      220      182      209      113      238      112      308      318      288      258      102      72       287      268      154      347      120      68       96       188      301      212      156      
8        120      451      18       168      321      237      343      264      0        189      319      149      293      53       300      301      218      120      198      93       134      356      34       350      350      361      38       165      329      326      78       235      225      228      346      303      239      327      296      363      128      
9        82       313      194      209      334      258      238      272      189      0        170      144      107      242      295      178      89       190      58       217      77       306      204      297      172      181      169      25       274      297      124      53       132      74       283      337      188      208      111      239      139      
10       246      143      332      234      278      237      95       233      319      170      0        190      170      365      234      46       101      252      127      299      186      197      318      188      78       86       314      181      171      212      279      122      106      220      169      299      142      60       102      76       205      
11       149      309      166      64       202      119      194      139      149      144      190      0        240      185      170      161      103      61       105      108      71       210      137      204      243      254      162      125      182      186      151      158      85       217      197      198      89       183      209      219      21       
12       177      296      297      305      409      342      263      351      293      107      170      240      0        346      367      203      151      293      136      324      182      355      311      345      123      126      268      132      324      357      221      84       197      83       328      419      257      228      68       247      240      
13       173      493      53       186      330      252      380      279      53       242      365      185      346      0        316      344      265      140      247      97       183      381      48       376      401      411      84       217      357      347      129      287      266      280      374      308      272      367      348      403      165      
14       319      273      318      132      43       64       162      37       300      295      234      170      367      316      0        188      216      180      241      219      237      83       275      84       312      321      323      283      81       41       320      285      170      370      97       68       110      183      312      201      188      
15       245      150      315      197      231      193      61       187      301      178      46       161      203      344      188      0        94       220      125      269      173      155      296      145      124      133      302      182      126      166      272      139      77       239      126      252      100      29       138      63       179      
16       150      240      230      161      258      191      151      199      218      89       101      103      151      265      216      94       0        164      32       206      84       218      219      209      141      152      212      89       186      212      179      68       46       159      194      267      106      123      108      157      112      
17       169      364      138      47       201      117      246      143      120      190      252      61       293      140      180      220      164      0        162      49       112      240      96       235      305      316      145      167      216      207      153      214      146      257      233      186      135      239      268      274      53       
18       120      268      208      169      281      208      183      220      198      58       127      105      136      247      241      125      32       162      0        200      64       248      203      239      153      163      188      57       216      240      151      52       74       130      225      287      132      155      107      188      108      
19       177      414      110      90       233      154      296      182      93       217      299      108      324      97       219      269      206      49       200      0        142      285      60       281      348      359      127      193      263      250      149      249      193      277      281      213      184      289      307      324      94       
20       83       322      146      134      272      190      223      209      134      77       186      71       182      183      237      173      84       112      64       142      0        266      139      258      217      227      128      55       235      247      99       108      102      146      247      270      141      201      168      237      62       
21       349      199      373      195      111      138      106      113      356      306      197      210      355      381      83       155      218      240      248      285      266      0        336      9        275      282      372      300      32       41       359      281      173      377      29       145      125      138      292      142      232      
22       144      445      50       143      292      211      332      238      34       204      318      137      311      48       275      296      219      96       203      60       139      336      0        330      356      367      72       179      311      303      106      245      218      251      328      273      224      319      306      355      117      
23       341      194      367      190      115      136      97       112      350      297      188      204      345      376      84       145      209      235      239      281      258      9        330      0        266      273      365      292      23       43       352      272      165      368      20       148      117      129      282      134      225      
24       254      175      359      297      355      309      170      308      350      172      78       243      123      401      312      124      141      305      153      348      217      275      356      266      0        11       337      191      249      290      295      119      166      195      246      375      214      137      64       142      254      
25       264      174      369      308      364      320      177      318      361      181      86       254      126      411      321      133      152      316      163      359      227      282      367      273      11       0        347      201      257      298      304      129      177      201      253      385      225      144      72       148      265      
26       92       451      30       192      346      262      348      288      38       169      314      162      268      84       323      302      212      145      188      127      128      372      72       365      337      347      0        146      344      345      47       218      227      198      359      331      251      329      279      365      140      
27       65       323      171      189      321      242      240      258      165      25       181      125      132      217      283      182      89       167      57       193      55       300      179      292      191      201      146      0        268      288      103      72       127      91       279      321      179      212      132      245      118      
28       318      192      347      173      118      124      85       102      329      274      171      182      324      357      81       126      186      216      216      263      235      32       311      23       249      257      344      268      0        45       330      250      141      345      18       149      94       112      262      123      203      
29       330      235      343      160      74       99       129      72       326      297      212      186      357      347      41       166      212      207      240      250      247      41       303      43       290      298      345      288      45       0        337      279      165      370      58       106      109      156      298      168      206      
30       44       419      77       195      348      263      323      287      78       124      279      151      221      129      320      272      179      153      151      149      99       359      106      352      295      304      47       103      330      337      0        175      202      151      344      338      235      300      235      335      131      
31       135      264      242      221      327      258      201      268      235      53       122      158      84       287      285      139      68       214      52       249      108      281      245      272      119      129      218      72       250      279      175      0        115      100      256      335      175      168      61       195      160      
32       181      226      239      131      212      148      121      154      225      132      106      85       197      266      170      77       46       146      74       193      102      173      218      165      166      177      227      127      141      165      202      115      0        205      151      222      60       102      147      138      102      
33       107      359      228      281      409      332      301      347      228      74       220      217      83       280      370      239      159      257      130      277      146      377      251      368      195      201      198      91       345      370      151      100      205      0        353      412      262      268      131      295      209      
34       330      177      363      191      132      142      77       120      346      283      169      197      328      374      97       126      194      233      225      281      247      29       328      20       246      253      359      279      18       58       344      256      151      353      0        163      108      109      264      114      219      
35       346      340      321      142      36       79       230      68       303      337      299      198      419      308      68       252      267      186      287      213      270      145      273      148      375      385      331      321      149      106      338      335      222      412      163      0        164      250      369      269      212      
36       224      231      256      101      152      95       111      96       239      188      142      89       257      272      110      100      106      135      132      184      141      125      224      117      214      225      251      179      94       109      235      175      60       262      108      164      0        111      205      143      111      
37       274      125      341      212      225      198      35       188      327      208      60       183      228      367      183      29       123      239      155      289      201      138      319      129      137      144      329      212      112      156      300      168      102      268      109      250      111      0        161      36       202      
38       193      231      304      269      355      296      196      301      296      111      102      209      68       348      312      138      108      268      107      307      168      292      306      282      64       72       279      132      262      298      235      61       147      131      264      369      205      161      0        179      215      
39       308      90       377      245      241      224      39       212      363      239      76       219      247      403      201      63       157      274      188      324      237      142      355      134      142      148      365      245      123      168      335      195      138      295      114      269      143      36       179      0        238      
40       133      328      144      72       218      134      215      156      128      139      205      21       240      165      188      179      112      53       108      94       62       232      117      225      254      265      140      118      203      206      131      160      102      209      219      212      111      202      215      238      0        
;



Table delta(i,j)                 Distance
         0        1        2        3        4        5        6        7        8        9        10       11       12       13       14       15       16       17       18       19       20       21       22       23       24       25       26       27       28       29       30       31       32       33       34       35       36       37       38       39       40       
0        0        910      311      757      170      958      666      730      764      395      416      933      914      111      988      328      886      532      466      1195     813      1005     339      252      1233     555      1061     338      866      309      249      96       415      493      457      1253     952      96       1037     230      1093     
1        910      0        1213     743      950      954      735      273      529      577      740      54       121      1015     983      680      160      566      914      328      348      202      685      709      334      1038     279      687      136      896      687      978      886      419      453      361      566      814      653      762      579      
2        311      1213     0        922      287      1073     934      1012     1063     663      603      1233     1207     232      1097     572      1175     768      556      1484     1076     1291     576      516      1529     576      1342     574      1176     426      530      280      523      794      762      1547     1174     405      1246     526      1323     
3        757      743      922      0        651      244      1130     479      1052     442      341      718      648      855      277      446      599      291      378      823      404      662      431      527      909      436      661      432      821      496      552      853      400      568      598      906      314      701      349      815      461      
4        170      950      287      651      0        829      820      732      891      383      320      965      933      223      856      287      898      480      316      1205     789      1012     290      242      1256     389      1059     288      930      161      264      242      270      535      511      1271     889      207      963      380      1037     
5        958      954      1073     244      829      0        1373     703      1295     680      549      921      847      1046     33       671      800      534      519      972      605      839      655      749      1067     515      820      655      1044     667      778      1052     559      812      842      1056     430      915      402      1044     535      
6        666      735      934      1130     820      1373     0        776      237      700      878      786      824      705      1407     745      833      839      1024     1059     911      927      761      691      1040     1147     1005     762      610      898      652      657      971      567      532      1075     1145     614      1246     439      1228     
7        730      273      1012     479      732      703      776      0        631      349      482      261      208      841      734      447      167      299      649      473      134      279      447      495      528      770      331      450      342      651      484      813      626      264      310      540      374      637      474      642      453      
8        764      529      1063     1052     891      1295     237      631      0        666      862      582      632      831      1328     739      649      774      1029     842      764      729      753      707      815      1159     807      754      395      929      668      782      980      490      471      850      1006     689      1105     537      1067     
9        395      577      663      442      383      680      700      349      666      0        198      586      550      507      714      103      515      159      373      822      418      629      108      148      873      505      678      111      579      320      145      486      331      193      196      888      567      310      659      381      702      
10       416      740      603      341      320      549      878      482      862      198      0        740      690      514      580      133      648      187      178      942      503      752      117      203      1007     309      786      116      762      185      236      512      145      389      394      1016     571      366      643      502      720      
11       933      54       1233     718      965      921      786      261      582      586      740      0        76       1040     950      689      121      560      910      283      317      148      692      723      300      1032     225      694      190      901      704      1005     885      440      478      324      524      837      608      795      529      
12       914      121      1207     648      933      847      824      208      632      550      690      76       0        1023     875      651      48       507      856      281      244      104      652      692      323      975      181      654      251      858      676      990      834      424      465      339      448      818      533      793      458      
13       111      1015     232      855      223      1046     705      841      831      507      514      1040     1023     0        1075     436      996      641      539      1304     925      1115     446      362      1340     610      1172     445      965      382      361      49       491      600      562      1361     1061     205      1144     295      1203     
14       988      983      1097     277      856      33       1407     734      1328     714      580      950      875      1075     0        703      828      567      545      994      635      865      687      781      1090     535      844      687      1075     695      810      1081     586      846      876      1078     453      946      419      1076     551      
15       328      680      572      446      287      671      745      447      739      103      133      689      651      436      703      0        614      204      289      920      503      727      16       81       974      420      773      16       680      218      107      423      242      288      282      988      624      258      709      373      766      
16       886      160      1175     599      898      800      833      167      649      515      648      121      48       996      828      614      0        463      812      309      196      118      615      659      360      930      185      617      281      819      645      965      792      401      444      373      406      791      493      775      426      
17       532      566      768      291      480      534      839      299      774      159      187      560      507      641      567      204      463      0        349      755      317      565      195      280      820      472      599      197      604      367      292      626      328      284      309      829      420      456      506      540      562      
18       466      914      556      378      316      519      1024     649      1029     373      178      910      856      539      545      289      812      349      0        1096     651      910      276      333      1167     132      936      274      939      158      372      553      54       565      567      1173     668      451      722      615      820      
19       1195     328      1484     823      1205     972      1059     473      842      822      942      283      281      1304     994      920      309      755      1096     0        445      193      920      967      99       1205     162      922      449      1119     954      1272     1082     706      747      84       542      1099     588      1073     466      
20       813      348      1076     404      789      605      911      134      764      418      503      317      244      925      635      503      196      317      651      445      0        265      499      565      521      759      285      501      447      684      563      901      638      382      428      524      242      724      341      752      321      
21       1005     202      1291     662      1012     839      927      279      729      629      752      148      104      1115     865      727      118      565      910      193      265      0        727      775      256      1023     78       729      338      927      762      1084     893      519      562      264      419      910      490      893      396      
22       339      685      576      431      290      655      761      447      753      108      117      692      652      446      687      16       615      195      276      920      499      727      0        95       975      407      771      2        687      211      123      434      229      298      293      988      615      271      698      390      758      
23       252      709      516      527      242      749      691      495      707      148      203      723      692      362      781      81       659      280      333      967      565      775      95       0        1015     458      825      95       693      223      38       346      280      296      278      1031     701      177      787      298      840      
24       1233     334      1529     909      1256     1067     1040     528      815      873      1007     300      323      1340     1090     974      360      820      1167     99       521      256      975      1015     0        1279     249      977      434      1179     999      1305     1149     740      778      38       637      1137     686      1095     565      
25       555      1038     576      436      389      515      1147     770      1159     505      309      1032     975      610      535      420      930      472      132      1205     759      1023     407      458      1279     0        1043     405      1069     254      497      632      178      698      699      1284     745      556      785      727      895      
26       1061     279      1342     661      1059     820      1005     331      807      678      786      225      181      1172     844      773      185      599      936      162      285      78       771      825      249      1043     0        773      415      965      816      1143     924      583      627      244      391      968      450      959      342      
27       338      687      574      432      288      655      762      450      754      111      116      694      654      445      687      16       617      197      274      922      501      729      2        95       977      405      773      0        690      209      122      433      228      300      295      990      616      270      699      389      760      
28       866      136      1176     821      930      1044     610      342      395      579      762      190      251      965      1075     680      281      604      939      449      447      338      687      693      434      1069     415      690      0        898      666      924      905      396      419      467      680      771      772      693      707      
29       309      896      426      496      161      667      898      651      929      320      185      901      858      382      695      218      819      367      158      1119     684      927      211      223      1179     254      965      209      898      0        261      394      109      505      494      1190     753      301      820      473      903      
30       249      687      530      552      264      778      652      484      668      145      236      704      676      361      810      107      645      292      372      954      563      762      123      38       999      497      816      122      666      261      0        340      319      271      248      1016     710      164      799      267      847      
31       96       978      280      853      242      1052     657      813      782      486      512      1005     990      49       1081     423      965      626      553      1272     901      1084     434      346      1305     632      1143     433      924      394      340      0        503      566      527      1327     1047     177      1132     247      1186     
32       415      886      523      400      270      559      971      626      980      331      145      885      834      491      586      242      792      328      54       1082     638      893      229      280      1149     178      924      228      905      109      319      503      0        524      523      1157     676      397      736      560      828      
33       493      419      794      568      535      812      567      264      490      193      389      440      424      600      846      288      401      284      565      706      382      519      298      296      740      698      583      300      396      505      271      566      524      0        46       761      594      396      694      378      701      
34       457      453      762      598      511      842      532      310      471      196      394      478      465      562      876      282      444      309      567      747      428      562      293      278      778      699      627      295      419      494      248      527      523      46       0        800      638      360      738      332      747      
35       1253     361      1547     906      1271     1056     1075     540      850      888      1016     324      339      1361     1078     988      373      829      1173     84       524      264      988      1031     38       1284     244      990      467      1190     1016     1327     1157     761      800      0        626      1157     670      1120     546      
36       952      566      1174     314      889      430      1145     374      1006     567      571      524      448      1061     453      624      406      420      668      542      242      419      615      701      637      745      391      616      680      753      710      1047     676      594      638      626      0        875      101      939      152      
37       96       814      405      701      207      915      614      637      689      310      366      837      818      205      946      258      791      456      451      1099     724      910      271      177      1137     556      968      270      771      301      164      177      397      396      360      1157     875      0        963      176      1012     
38       1037     653      1246     349      963      402      1246     474      1105     659      643      608      533      1144     419      709      493      506      722      588      341      490      698      787      686      785      450      699      772      820      799      1132     736      694      738      670      101      963      0        1034     133      
39       230      762      526      815      380      1044     439      642      537      381      502      795      793      295      1076     373      775      540      615      1073     752      893      390      298      1095     727      959      389      693      473      267      247      560      378      332      1120     939      176      1034     0        1062     
40       1093     579      1323     461      1037     535      1228     453      1067     702      720      529      458      1203     551      766      426      562      820      466      321      396      758      840      565      895      342      760      707      903      847      1186     828      701      747      546      152      1012     133      1062     0        
;

