
sets
i        orders          /0*80/
k        routes          /1*80/
p        positions       /0*80/
;

alias(i,j)
alias(i,h)
alias(i,hh)
alias(i,jj)
alias(k,kk)
                
                    Parameters

rho(i)	Processing time
/
0	0
1	44
2	93
3	45
4	14
5	15
6	42
7	21
8	81
9	70
10	66
11	44
12	36
13	10
14	40
15	66
16	76
17	41
18	64
19	50
20	81
21	46
22	27
23	15
24	69
25	64
26	6
27	31
28	99
29	34
30	51
31	66
32	79
33	73
34	87
35	92
36	51
37	31
38	7
39	75
40	81
41	46
42	27
43	78
44	42
45	10
46	77
47	86
48	36
49	65
50	77
51	67
52	26
53	4
54	67
55	1
56	39
57	61
58	81
59	39
60	93
61	8
62	65
63	63
64	94
65	39
66	31
67	24
68	38
69	22
70	93
71	49
72	83
73	61
74	14
75	15
76	1
77	91
78	31
79	28
80	35
/

gamma(i)	Duedate
/
0	0
1	5
2	60
3	71
4	93
5	16
6	57
7	82
8	10
9	2
10	75
11	82
12	67
13	84
14	32
15	91
16	65
17	32
18	53
19	74
20	37
21	5
22	97
23	45
24	81
25	45
26	10
27	81
28	44
29	81
30	78
31	23
32	53
33	16
34	81
35	43
36	66
37	20
38	58
39	27
40	71
41	6
42	68
43	14
44	76
45	85
46	31
47	88
48	24
49	29
50	55
51	68
52	90
53	34
54	61
55	31
56	44
57	45
58	72
59	17
60	17
61	83
62	59
63	59
64	83
65	96
66	47
67	71
68	93
69	77
70	94
71	10
72	1
73	13
74	28
75	58
76	86
77	35
78	81
79	16
80	94
/

sigma(i)	Size
/
0	0
1	1
2	3
3	5
4	1
5	9
6	4
7	7
8	6
9	7
10	6
11	7
12	5
13	1
14	4
15	4
16	9
17	3
18	8
19	9
20	3
21	8
22	2
23	9
24	3
25	1
26	2
27	3
28	7
29	4
30	6
31	6
32	3
33	5
34	1
35	7
36	9
37	9
38	6
39	1
40	2
41	4
42	4
43	7
44	2
45	7
46	7
47	5
48	7
49	5
50	2
51	8
52	2
53	7
54	7
55	3
56	4
57	3
58	6
59	9
60	7
61	5
62	8
63	8
64	5
65	6
66	5
67	9
68	1
69	2
70	8
71	1
72	8
73	1
74	5
75	4
76	4
77	4
78	6
79	1
80	8
/

epsilon(i)	Priority
/
0	0
1	9
2	9
3	9
4	1
5	6
6	5
7	3
8	6
9	7
10	7
11	4
12	4
13	7
14	1
15	9
16	5
17	8
18	9
19	7
20	2
21	6
22	2
23	5
24	3
25	1
26	8
27	6
28	3
29	5
30	6
31	9
32	5
33	7
34	6
35	3
36	4
37	1
38	9
39	2
40	2
41	7
42	8
43	1
44	5
45	2
46	4
47	4
48	2
49	4
50	7
51	3
52	6
53	1
54	2
55	2
56	8
57	9
58	5
59	8
60	6
61	7
62	9
63	7
64	5
65	9
66	4
67	3
68	8
69	3
70	7
71	4
72	2
73	3
74	1
75	5
76	6
77	2
78	4
79	3
80	9
/

psi	Vehicle Capacity
/ 31 /
;

Table kappa(i,j)                 Setup
         0        1        2        3        4        5        6        7        8        9        10       11       12       13       14       15       16       17       18       19       20       21       22       23       24       25       26       27       28       29       30       31       32       33       34       35       36       37       38       39       40       41       42       43       44       45       46       47       48       49       50       51       52       53       54       55       56       57       58       59       60       61       62       63       64       65       66       67       68       69       70       71       72       73       74       75       76       77       78       79       80       
0        0        1217     1952     532      651      1096     997      1232     1040     1330     1091     1883     2301     1543     1122     1745     373      900      318      1158     1532     422      900      222      1541     1108     834      754      815      1532     524      1767     1997     2000     162      1365     1018     1136     1199     580      125      816      2276     2254     1018     1762     1138     1621     617      1987     618      1392     1495     800      1050     1212     1090     636      141      1091     1785     1641     722      720      1311     1581     1336     1206     1819     1361     2077     1828     2074     643      1868     642      1639     1152     1200     1537     1230     
1        1217     0        1372     1135     1444     258      779      1813     635      1931     444      696      1837     374      1396     1614     1059     789      1300     75       1343     797      1874     1048     415      1349     661      1162     599      1753     1369     605      781      895      1379     1951     219      495      1099     1564     1129     479      1931     1626     1851     546      1125     411      995      1790     717      1945     953      1717     371      1506     344      1361     1336     359      959      432      1339     1195     1525     673      675      1973     929      205      1627     1507     871      1422     1381     1610     1323     1601     1832     1555     1477     
2        1952     1372     0        2212     1637     1190     960      1524     1971     1597     1798     1679     468      1574     1113     643      2055     2071     2212     1337     573      1705     1998     1731     1075     1081     1917     1295     1206     1099     2375     1108     1446     962      2081     1590     1495     968      799      1858     1827     1300     603      302      1820     1371     879      1285     2135     631      1840     1550     477      1853     1127     1134     1117     2430     2092     1713     477      1481     2458     2351     1047     729      730      1807     560      1206     286      377      1329     2473     142      1861     411      1317     1588     817      1081     
3        532      1135     2212     0        1173     1129     1268     1750     693      1852     826      1687     2616     1363     1574     2135     183      498      300      1102     1891     512      1425     629      1534     1550     523      1195     1005     1999     245      1739     1880     2019     598      1886     916      1275     1551     1111     590      923      2628     2509     1550     1654     1509     1539     162      2371     420      1910     1734     1331     1137     1676     1165     230      519      867      1939     1494     248      189      1763     1685     1511     1738     1947     1327     2387     2167     1996     288      2156     1173     1968     1645     1723     1955     1684     
4        651      1444     1637     1173     0        1227     841      581      1530     679      1509     2139     1886     1816     584      1253     999      1446     962      1370     1108     842      439      571      1627     593      1335     365      859      935      1170     1846     2157     1998     668      713      1312     1127     841      223      585      964      1812     1924     423      1934     758      1780     1229     1491     1114     740      1263     277      1131     639      1174     1286     729      1475     1633     1868     1374     1363     750      1522     1228     587      1697     1508     1680     1408     2182     1289     1521     225      1253     529      549      1016     674      
5        1096     258      1190     1129     1227     0        521      1563     781      1681     615      919      1645     621      1140     1371     1016     888      1238     189      1098     700      1663     900      445      1092     739      922      368      1495     1343     672      938      912      1257     1700     305      249      843      1366     992      286      1720     1464     1622     710      867      557      1014     1557     714      1693     740      1503     113      1249     89       1360     1227     531      830      646      1359     1228     1267     560      464      1735     825      284      1427     1282     989      1415     1179     1408     1092     1348     1585     1301     1219     
6        997      779      960      1268     841      521      0        1064     1186     1179     1063     1414     1347     1137     622      919      1103     1223     1251     708      652      756      1274     775      822      574      1069     483      284      977      1418     1027     1365     1158     1135     1195     763      322      340      1032     872      423      1366     1263     1182     1161     349      1009     1211     1136     935      1183     497      1111     408      729      438      1479     1139     992      816      1141     1516     1421     746      681      388      1265     869      757      1119     905      1365     1519     891      1056     704      840      1094     805      698      
7        1232     1813     1524     1750     581      1563     1064     0        2036     118      1980     2475     1629     2184     467      964      1572     1980     1543     1738     951      1372     613      1131     1880     515      1854     667      1219     507      1751     2074     2423     2149     1242     144      1733     1386     858      720      1160     1359     1499     1762     378      2224     786      2073     1794     1164     1644     160      1299     549      1452     400      1489     1867     1307     1931     1688     2202     1955     1940     477      1675     1387     289      1772     1819     1465     1197     2407     1870     1385     674      1113     232      73       729      453      
8        1040     635      1971     693      1530     781      1186     2036     0        2152     195      1020     2426     723      1713     2102     720      205      959      647      1830     690      1896     981      1043     1673     206      1378     911      2124     936      1203     1255     1507     1174     2180     476      1016     1526     1563     1015     763      2495     2241     1952     1049     1521     969      530      2308     428      2189     1518     1764     856      1827     859      878      1105     276      1586     870      820      667      1880     1303     1245     2115     1563     839      2206     2047     1396     944      1959     1621     1851     1865     2032     1988     1814     
9        1330     1931     1597     1852     679      1681     1179     118      2152     0        2098     2591     1674     2302     574      1013     1676     2094     1637     1856     1028     1484     644      1239     1993     622      1969     785      1337     539      1844     2184     2536     2252     1331     36       1851     1501     962      797      1262     1477     1531     1825     408      2338     893      2187     1901     1198     1757     83       1397     608      1569     495      1606     1963     1398     2049     1783     2318     2052     2042     557      1781     1496     263      1870     1935     1521     1258     2516     1962     1457     746      1189     341      129      788      546      
10       1091     444      1798     826      1509     615      1063     1980     195      2098     0        861      2258     546      1625     1967     815      379      1064     464      1693     697      1901     992      849      1583     303      1314     803      2025     1072     1008     1074     1312     1238     2124     312      859      1404     1569     1043     652      2335     2062     1933     863      1407     776      666      2163     478      2129     1355     1759     702      1740     698      1030     1176     86       1401     688      984      832      1783     1116     1078     2085     1374     646      2041     1895     1209     1096     1794     1625     1701     1795     1984     1869     1722     
11       1883     696      1679     1687     2139     919      1414     2475     1020     2591     861      0        2134     340      2034     2106     1662     1225     1911     769      1855     1461     2570     1732     648      1985     1164     1842     1285     2345     1933     572      323      807      2041     2608     867      1093     1689     2260     1807     1175     2282     1849     2540     309      1734     426      1528     2230     1312     2597     1400     2413     1026     2137     987      1891     1990     824      1202     273      1839     1686     2137     979      1167     2654     1124     656      1964     1932     502      1957     1743     2306     1785     2254     2501     2108     2101     
12       2301     1837     468      2616     1886     1645     1347     1629     2426     1674     2258     2134     0        2041     1311     666      2450     2515     2583     1799     783      2104     2184     2087     1542     1294     2360     1584     1616     1135     2760     1562     1884     1381     2414     1657     1951     1413     1103     2109     2178     1726     216      328      1977     1828     1170     1749     2553     486      2265     1609     910      2058     1573     1291     1568     2826     2436     2173     936      1946     2864     2766     1183     1197     1181     1918     1010     1674     228      480      1752     2864     469      2099     661      1464     1701     908      1243     
13       1543     374      1574     1363     1816     621      1137     2184     723      2302     546      340      2041     0        1759     1914     1327     922      1577     449      1649     1121     2244     1394     499      1711     843      1536     974      2099     1608     555      531      856      1701     2321     528      830      1440     1929     1467     852      2163     1788     2225     338      1475     315      1207     2066     977      2314     1219     2088     733      1867     700      1574     1650     496      1111     152      1530     1378     1878     844      957      2348     1053     404      1849     1772     678      1639     1611     1977     1605     1969     2205     1883     1834     
14       1122     1396     1113     1574     584      1140     622      467      1713     574      1625     2034     1311     1759     0        669      1391     1696     1437     1323     549      1113     888      951      1424     49       1554     378      827      426      1640     1611     1965     1681     1193     584      1349     940      391      803      1015     977      1228     1380     708      1772     319      1623     1577     908      1367     567      837      751      1027     114      1059     1738     1236     1565     1226     1763     1807     1757     189      1208     922      721      1308     1378     1114     838      1942     1757     983      789      707      235      515      434      110      
15       1745     1614     643      2135     1253     1371     919      964      2102     1013     1967     2106     666      1914     669      0        1957     2142     2048     1555     273      1633     1522     1547     1458     662      1988     994      1203     481      2241     1572     1937     1515     1836     999      1657     1123     591      1472     1627     1343     560      821      1311     1804     625      1681     2104     243      1845     954      706      1401     1270     632      1283     2325     1870     1889     995      1863     2380     2305     521      1136     957      1253     1091     1510     509      267      1856     2353     502      1456     325      800      1035     243      587      
16       373      1059     2055     183      999      1016     1103     1572     720      1676     815      1662     2450     1327     1391     1957     0        552      249      1017     1716     350      1273     447      1441     1368     523      1012     850      1815     329      1655     1826     1922     471      1710     841      1137     1376     952      413      784      2456     2355     1385     1595     1332     1470     245      2194     350      1733     1579     1170     1010     1493     1041     376      396      839      1804     1448     422      370      1580     1561     1368     1570     1819     1238     2222     1996     1930     418      1993     1013     1798     1463     1547     1774     1501     
17       900      789      2071     498      1446     888      1223     1980     205      2094     379      1225     2515     922      1696     2142     552      0        778      785      1875     609      1784     879      1204     1661     155      1341     939      2117     736      1379     1453     1678     1020     2124     597      1103     1555     1452     895      803      2567     2351     1861     1242     1538     1152     337      2359     336      2138     1604     1662     943      1809     955      674      947      447      1714     1066     614      462      1873     1435     1340     2033     1699     994      2290     2112     1589     740      2045     1512     1912     1827     1970     2007     1802     
18       318      1300     2212     300      962      1238     1251     1543     959      1637     1064     1911     2583     1577     1437     2048     249      778      0        1254     1825     543      1157     501      1672     1422     768      1065     1027     1850     207      1890     2073     2149     322      1673     1084     1333     1487     862      423      986      2570     2514     1304     1840     1432     1712     444      2290     600      1702     1743     1080     1219     1529     1254     326      245      1089     1998     1696     423      460      1626     1768     1553     1496     2021     1474     2357     2117     2172     327      2139     922      1923     1469     1507     1847     1546     
19       1158     75       1337     1102     1370     189      708      1738     647      1856     464      769      1799     449      1323     1555     1017     785      1254     0        1283     740      1801     983      433      1276     649      1086     524      1684     1332     638      839      917      1320     1877     192      433      1032     1492     1067     405      1886     1598     1776     604      1055     463      969      1736     682      1871     906      1644     301      1433     277      1331     1280     378      939      502      1315     1174     1454     655      627      1898     917      224      1586     1456     921      1390     1339     1538     1269     1527     1757     1490     1405     
20       1532     1343     573      1891     1108     1098     652      951      1830     1028     1693     1855     783      1649     549      273      1716     1875     1825     1283     0        1384     1437     1324     1206     524      1721     801      936      564      2011     1337     1704     1315     1637     1024     1383     850      340      1331     1410     1073     745      831      1251     1557     394      1428     1851     485      1585     986      463      1299     996      561      1009     2089     1663     1616     804      1605     2138     2056     474      899      693      1233     898      1245     572      302      1637     2121     437      1325     162      744      1015     281      508      
21       422      797      1705     512      842      700      756      1372     690      1484     697      1461     2104     1121     1113     1633     350      609      543      740      1384     0        1209     296      1140     1083     492      744      499      1539     676      1363     1578     1612     582      1515     596      792      1045     876      351      443      2117     2004     1263     1343     1008     1204     472      1866     273      1529     1228     1074     675      1222     711      725      539      683      1460     1219     760      672      1297     1225     1019     1429     1479     951      1875     1656     1661     769      1645     934      1456     1225     1361     1465     1222     
22       900      1874     1998     1425     439      1663     1274     613      1896     644      1901     2570     2184     2244     888      1522     1273     1784     1157     1801     1437     1209     0        915      2066     917      1693     790      1296     1106     1349     2285     2596     2432     835      679      1730     1566     1224     333      888      1395     2077     2268     237      2372     1140     2218     1518     1743     1469     727      1666     163      1570     893      1612     1477     913      1876     2046     2302     1578     1607     1001     1953     1658     406      2116     1946     1997     1722     2621     1460     1871     275      1595     722      544      1278     942      
23       222      1048     1731     629      571      900      775      1131     981      1239     992      1732     2087     1394     951      1547     447      879      501      983      1324     296      915      0        1345     931      779      573      598      1372     694      1572     1821     1794     370      1271     865      921      988      581      99       615      2070     2033     982      1587     931      1441     662      1789     555      1292     1272     784      844      1050     886      787      364      976      1563     1479     856      817      1140     1365     1115     1156     1599     1175     1862     1618     1887     809      1650     639      1426     1016     1111     1350     1061     
24       1541     415      1075     1534     1627     445      822      1880     1043     1993     849      648      1542     499      1424     1458     1441     1204     1672     433      1206     1140     2066     1345     0        1374     1076     1291     782      1706     1761     227      543      484      1703     2007     624      504      1059     1786     1437     730      1668     1290     1997     354      1112     223      1402     1590     1114     1991     752      1903     509      1520     465      1763     1672     767      612      412      1748     1607     1508     347      524      2087     559      211      1352     1293     556      1822     1118     1822     1139     1652     1914     1463     1479     
25       1108     1349     1081     1550     593      1092     574      515      1673     622      1583     1985     1294     1711     49       662      1368     1661     1422     1276     524      1083     917      931      1374     0        1518     357      783      457      1623     1562     1915     1633     1185     634      1304     891      344      815      999      933      1219     1353     744      1722     271      1573     1549     904      1334     616      792      775      979      157      1011     1719     1226     1522     1182     1714     1786     1732     214      1159     873      764      1263     1330     1093     818      1894     1739     954      805      678      283      561      434      141      
26       834      661      1917     523      1335     739      1069     1854     206      1969     303      1164     2360     843      1554     1988     523      155      768      649      1721     492      1693     779      1076     1518     0        1206     785      1973     768      1262     1367     1556     970      1999     457      949      1402     1360     810      648      2412     2199     1755     1147     1387     1044     363      2204     224      2010     1450     1564     790      1667     803      730      902      349      1568     980      691      541      1728     1291     1187     1922     1557     866      2135     1957     1492     795      1891     1419     1757     1693     1847     1856     1659     
27       754      1162     1295     1195     365      922      483      667      1378     785      1314     1842     1584     1536     378      994      1012     1341     1065     1086     801      744      790      573      1291     357      1206     0        562      803      1265     1505     1830     1641     842      810      1068     787      496      573      642      695      1537     1588     706      1615     419      1460     1202     1237     1007     814      901      628      817      482      857      1361     876      1264     1268     1569     1429     1379     567      1163     867      812      1332     1194     1368     1104     1842     1381     1187     587      930      487      676      782      488      
28       815      599      1206     1005     859      368      284      1219     911      1337     803      1285     1616     974      827      1203     850      939      1027     524      936      499      1296     598      782      783      785      562      0        1222     1175     1008     1301     1205     968      1359     521      323      617      1005     696      151      1645     1505     1255     1076     609      922      936      1421     653      1357     729      1135     275      941      318      1224     955      738      974      1013     1252     1149     981      767      527      1373     1004     650      1388     1185     1338     1269     1152     1044     984      1014     1235     1077     920      
29       1532     1753     1099     1999     935      1495     977      507      2124     539      2025     2345     1135     2099     426      481      1815     2117     1850     1684     564      1539     1106     1372     1706     457      1973     803      1222     0        2054     1864     2230     1871     1587     521      1735     1269     658      1132     1431     1373     994      1302     878      2061     628      1921     2004     660      1791     474      1006     1012     1383     322      1409     2157     1637     1959     1366     2081     2229     2183     244      1432     1183     790      1460     1702     991      739      2178     2173     957      1101     711      410      580      286      317      
30       524      1369     2375     245      1170     1343     1418     1751     936      1844     1072     1933     2760     1608     1640     2241     329      736      207      1332     2011     676      1349     694      1761     1623     768      1265     1175     2054     0        1971     2122     2244     520      1879     1150     1466     1672     1063     624      1114     2755     2676     1505     1895     1620     1777     407      2481     651      1909     1901     1280     1339     1733     1370     129      447      1112     2134     1738     236      323      1829     1891     1696     1698     2149     1556     2532     2299     2235     119      2309     1122     2103     1676     1714     2044     1749     
31       1767     605      1108     1739     1846     672      1027     2074     1203     2184     1008     572      1562     555      1611     1572     1655     1379     1890     638      1337     1363     2285     1572     227      1562     1262     1505     1008     1864     1971     0        366      306      1929     2196     823      719      1234     2009     1664     957      1711     1280     2209     268      1294     244      1601     1676     1320     2177     873      2122     735      1702     692      1966     1897     932      631      419      1945     1800     1680     438      691      2291     551      416      1394     1378     337      2027     1178     2045     1247     1843     2112     1606     1658     
32       1997     781      1446     1880     2157     938      1365     2423     1255     2536     1074     323      1884     531      1965     1937     1826     1453     2073     839      1704     1578     2596     1821     543      1915     1367     1830     1301     2230     2122     366      0        514      2159     2549     990      1046     1593     2304     1906     1221     2047     1583     2536     235      1651     382      1727     2033     1477     2532     1240     2434     1026     2059     983      2096     2117     1018     974      387      2057     1905     2042     805      1052     2630     886      654      1732     1736     178      2160     1527     2345     1612     2195     2458     1973     2017     
33       2000     895      962      2019     1998     912      1158     2149     1507     2252     1312     807      1381     856      1681     1515     1922     1678     2149     917      1315     1612     2432     1794     484      1633     1556     1641     1205     1871     2244     306      514      0        2160     2259     1108     888      1290     2180     1890     1183     1554     1073     2329     538      1363     549      1886     1576     1598     2233     867      2269     950      1758     910      2248     2135     1234     520      713      2232     2090     1717     480      777      2389     424      694      1244     1288     371      2307     1061     2209     1196     1917     2195     1595     1709     
34       162      1379     2081     598      668      1257     1135     1242     1174     1331     1238     2041     2414     1701     1193     1836     471      1020     322      1320     1637     582      835      370      1703     1185     970      842      968      1587     520      1929     2159     2160     0        1367     1179     1291     1311     543      272      976      2378     2382     985      1924     1245     1783     713      2079     761      1399     1631     760      1209     1273     1250     645      79       1243     1933     1802     745      774      1377     1736     1485     1178     1970     1523     2192     1937     2236     636      1991     602      1753     1191     1202     1619     1297     
35       1365     1951     1590     1886     713      1700     1195     144      2180     36       2124     2608     1657     2321     584      999      1710     2124     1673     1877     1024     1515     679      1271     2007     634      1999     810      1359     521      1879     2196     2549     2259     1367     0        1875     1517     970      834      1296     1500     1511     1814     443      2353     903      2203     1934     1180     1788     51       1401     644      1588     501      1624     1998     1434     2074     1786     2335     2087     2076     556      1790     1506     293      1873     1952     1508     1247     2527     1998     1449     783      1184     355      165      778      550      
36       1018     219      1495     916      1312     305      763      1733     476      1851     312      867      1951     528      1349     1657     841      597      1084     192      1383     596      1730     865      624      1304     457      1068     521      1735     1150     823      990      1108     1179     1875     0        547      1101     1409     939      375      2025     1766     1729     756      1111     629      778      1851     498      1875     1045     1578     389      1462     386      1142     1131     232      1118     623      1124     982      1497     838      770      1866     1102     414      1732     1583     1089     1203     1485     1459     1389     1534     1744     1566     1440     
37       1136     495      968      1275     1127     249      322      1386     1016     1501     859      1093     1413     830      940      1123     1137     1103     1333     433      850      792      1566     921      504      891      949      787      323      1269     1466     719      1046     888      1291     1517     547      0        610      1297     1019     352      1478     1254     1492     838      645      686      1180     1308     881      1504     503      1403     160      1044     161      1501     1276     777      667      822      1516     1397     1049     444      240      1584     688      438      1191     1036     1056     1551     944      1330     844      1162     1416     1061     1009     
38       1199     1099     799      1551     841      843      340      858      1526     962      1404     1689     1103     1440     391      591      1376     1555     1487     1032     340      1045     1224     988      1059     344      1402     496      617      658      1672     1234     1593     1290     1311     970      1101     610      0        1060     1076     762      1083     1091     1075     1412     83       1268     1514     820      1254     946      451      1070     732      470      755      1748     1333     1332     839      1424     1798     1717     449      820      542      1108     919      1043     881      630      1561     1781     691      1065     442      626      906      464      425      
39       580      1564     1858     1111     223      1366     1032     720      1563     797      1569     2260     2109     1929     803      1472     952      1452     862      1492     1331     876      333      581      1786     815      1360     573      1005     1132     1063     2009     2304     2180     543      834      1409     1297     1060     0        556      1089     2032     2146     442      2076     979      1923     1194     1709     1135     870      1474     220      1280     850      1324     1188     617      1547     1837     1995     1284     1298     963      1710     1420     634      1897     1651     1904     1631     2342     1180     1743     61       1476     722      671      1233     889      
40       125      1129     1827     590      585      992      872      1160     1015     1262     1043     1807     2178     1467     1015     1627     413      895      423      1067     1410     351      888      99       1437     999      810      642      696      1431     624      1664     1906     1890     272      1296     939      1019     1076     556      0        708      2155     2129     978      1671     1016     1527     647      1869     586      1320     1370     770      939      1109     980      726      266      1034     1663     1558     803      780      1204     1463     1214     1160     1698     1263     1953     1706     1976     741      1743     617      1516     1061     1133     1424     1124     
41       816      479      1300     923      964      286      423      1359     763      1477     652      1175     1726     852      977      1343     784      803      986      405      1073     443      1395     615      730      933      648      695      151      1373     1114     957      1221     1183     976      1500     375      352      762      1089     708      0        1767     1593     1373     989      758      838      835      1555     540      1500     823      1238     235      1091     274      1149     951      588      1019     906      1166     1052     1132     782      587      1501     1036     567      1499     1310     1275     1199     1258     1133     1109     1159     1371     1224     1071     
42       2276     1931     603      2628     1812     1720     1366     1499     2495     1531     2335     2282     216      2163     1228     560      2456     2567     2570     1886     745      2117     2077     2070     1668     1219     2412     1537     1645     994      2755     1711     2047     1554     2378     1511     2025     1478     1083     2032     2155     1767     0        536      1859     1973     1139     1882     2577     335      2299     1461     980      1960     1638     1192     1638     2830     2407     2252     1080     2078     2875     2786     1080     1321     1259     1784     1163     1782     317      460      1924     2864     553      2016     661      1354     1571     803      1148     
43       2254     1626     302      2509     1924     1464     1263     1762     2241     1825     2062     1849     328      1788     1380     821      2355     2351     2514     1598     831      2004     2268     2033     1290     1353     2199     1588     1505     1302     2676     1280     1583     1073     2382     1814     1766     1254     1091     2146     2129     1593     536      0        2080     1548     1170     1484     2429     719      2132     1770     775      2128     1409     1388     1396     2729     2394     1976     678      1680     2755     2645     1291     959      1013     2050     736      1446     320      566      1443     2773     402      2145     674      1569     1830     1036     1335     
44       1018     1851     1820     1550     423      1622     1182     378      1952     408      1933     2540     1977     2225     708      1311     1385     1861     1304     1776     1251     1263     237      982      1997     744      1755     706      1255     878      1505     2209     2536     2329     985      443      1729     1492     1075     442      978      1373     1859     2080     0        2320     993      2166     1624     1525     1533     490      1525     225      1520     693      1561     1630     1059     1898     1912     2268     1727     1738     795      1848     1552     193      1988     1898     1798     1524     2546     1621     1688     382      1411     513      308      1068     745      
45       1762     546      1371     1654     1934     710      1161     2224     1049     2338     863      309      1828     338      1772     1804     1595     1242     1840     604      1557     1343     2372     1587     354      1722     1147     1615     1076     2061     1895     268      235      538      1924     2353     756      838      1412     2076     1671     989      1973     1548     2320     0        1463     154      1504     1923     1247     2338     1098     2211     802      1870     760      1873     1882     799      894      186      1838     1688     1862     672      878      2421     817      426      1655     1625     346      1937     1434     2118     1482     1998     2255     1816     1831     
46       1138     1125     879      1509     758      867      349      786      1521     893      1407     1734     1170     1475     319      625      1332     1538     1432     1055     394      1008     1140     931      1112     271      1387     419      609      628      1620     1294     1651     1363     1245     903      1111     645      83       979      1016     758      1139     1170     993      1463     0        1317     1480     862      1229     882      532      987      754      408      781      1701     1270     1338     920      1466     1754     1679     403      888      603      1030     998      1083     950      692      1624     1731     768      983      511      554      832      469      367      
47       1621     411      1285     1539     1780     557      1009     2073     969      2187     776      426      1749     315      1623     1681     1470     1152     1712     463      1428     1204     2218     1441     223      1573     1044     1460     922      1921     1777     244      382      549      1783     2203     629      686      1268     1923     1527     838      1882     1484     2166     154      1317     0        1394     1812     1126     2189     975      2057     648      1723     606      1762     1743     705      813      196      1733     1586     1717     564      741      2267     747      272      1565     1515     460      1825     1335     1964     1362     1847     2103     1682     1684     
48       617      995      2135     162      1229     1014     1211     1794     530      1901     666      1528     2553     1207     1577     2104     245      337      444      969      1851     472      1518     662      1402     1549     363      1202     936      2004     407      1601     1727     1886     713      1934     778      1180     1514     1194     647      835      2577     2429     1624     1504     1480     1394     0        2335     301      1954     1657     1412     1035     1684     1059     369      635      711      1836     1341     346      216      1764     1574     1420     1807     1839     1192     2324     2116     1848     433      2088     1256     1916     1670     1773     1938     1687     
49       1987     1790     631      2371     1491     1557     1136     1164     2308     1198     2163     2230     486      2066     908      243      2194     2359     2290     1736     485      1866     1743     1789     1590     904      2204     1237     1421     660      2481     1676     2033     1576     2079     1180     1851     1308     820      1709     1869     1555     335      719      1525     1923     862      1812     2335     0        2070     1131     846      1629     1462     863      1470     2564     2114     2084     1063     2001     2616     2538     750      1251     1117     1449     1156     1667     402      298      1934     2593     515      1691     466      1021     1236     475      821      
