
sets
i        orders          /0*80/
k        routes          /1*80/
p        positions       /0*80/
;

alias(i,j)
alias(i,h)
alias(i,hh)
alias(i,jj)
alias(k,kk)
                
                    Parameters

rho(i)	Processing time
/
0	0
1	88
2	55
3	36
4	85
5	51
6	80
7	70
8	73
9	80
10	45
11	92
12	34
13	22
14	39
15	15
16	74
17	94
18	80
19	90
20	64
21	39
22	88
23	66
24	19
25	79
26	8
27	78
28	68
29	37
30	82
31	59
32	28
33	96
34	21
35	40
36	15
37	79
38	12
39	48
40	68
41	96
42	25
43	40
44	15
45	96
46	44
47	82
48	17
49	23
50	64
51	75
52	95
53	49
54	85
55	6
56	47
57	75
58	89
59	63
60	39
61	10
62	80
63	47
64	41
65	96
66	79
67	14
68	10
69	38
70	67
71	17
72	16
73	55
74	69
75	26
76	66
77	96
78	60
79	78
80	44
/

gamma(i)	Duedate
/
0	0
1	66
2	87
3	47
4	42
5	99
6	81
7	73
8	22
9	38
10	12
11	48
12	15
13	43
14	63
15	3
16	33
17	21
18	82
19	92
20	58
21	91
22	50
23	31
24	29
25	99
26	67
27	15
28	80
29	88
30	4
31	91
32	17
33	30
34	23
35	76
36	61
37	55
38	33
39	89
40	56
41	97
42	92
43	2
44	9
45	91
46	30
47	55
48	57
49	48
50	29
51	19
52	74
53	1
54	83
55	37
56	73
57	59
58	48
59	74
60	70
61	19
62	57
63	25
64	32
65	43
66	89
67	1
68	43
69	87
70	17
71	47
72	58
73	55
74	41
75	19
76	30
77	81
78	36
79	76
80	82
/

sigma(i)	Size
/
0	0
1	4
2	7
3	1
4	8
5	3
6	2
7	8
8	9
9	4
10	2
11	6
12	9
13	3
14	1
15	2
16	9
17	6
18	9
19	4
20	2
21	3
22	2
23	9
24	9
25	3
26	4
27	4
28	4
29	4
30	5
31	6
32	2
33	9
34	9
35	4
36	6
37	5
38	7
39	3
40	2
41	5
42	1
43	5
44	7
45	2
46	3
47	9
48	1
49	7
50	6
51	1
52	3
53	7
54	3
55	4
56	2
57	5
58	4
59	7
60	8
61	9
62	7
63	6
64	9
65	9
66	5
67	9
68	3
69	8
70	7
71	3
72	8
73	6
74	5
75	1
76	2
77	8
78	1
79	3
80	7
/

epsilon(i)	Priority
/
0	0
1	9
2	7
3	6
4	4
5	8
6	1
7	4
8	7
9	4
10	5
11	1
12	8
13	5
14	4
15	4
16	8
17	7
18	4
19	7
20	6
21	3
22	2
23	5
24	5
25	2
26	4
27	9
28	6
29	6
30	2
31	1
32	2
33	5
34	8
35	3
36	8
37	5
38	4
39	1
40	2
41	4
42	8
43	2
44	9
45	3
46	8
47	4
48	2
49	5
50	5
51	2
52	5
53	4
54	7
55	9
56	2
57	1
58	1
59	3
60	8
61	7
62	1
63	4
64	9
65	3
66	3
67	6
68	7
69	8
70	1
71	8
72	5
73	9
74	2
75	7
76	6
77	8
78	9
79	3
80	2
/

psi	Vehicle Capacity
/ 18 /
;

Table kappa(i,j)                 Setup
         0        1        2        3        4        5        6        7        8        9        10       11       12       13       14       15       16       17       18       19       20       21       22       23       24       25       26       27       28       29       30       31       32       33       34       35       36       37       38       39       40       41       42       43       44       45       46       47       48       49       50       51       52       53       54       55       56       57       58       59       60       61       62       63       64       65       66       67       68       69       70       71       72       73       74       75       76       77       78       79       80       
0        0        1221     730      1838     741      992      1841     1554     457      1344     1947     1469     640      687      556      1765     1674     1033     776      185      734      400      1702     1909     531      1380     555      178      1867     1469     1264     695      1837     739      1643     1663     1645     934      916      462      1450     965      1159     1432     684      260      672      1526     535      482      1046     1292     448      1267     1041     1491     1531     685      1205     185      1059     1611     1241     710      422      1724     1725     490      1246     592      529      2052     1049     1719     1248     1135     1529     1139     1486     1545     1915     
1        1221     0        594      2054     1146     1168     2797     2453     1334     2070     2166     1293     1651     1452     674      2783     2396     1456     1917     1090     1557     1545     2779     2297     1674     1752     1731     1114     2070     1601     1885     1053     1846     1000     2055     1947     2526     1161     2101     1025     2568     1485     2299     1741     540      966      694      2527     1374     1008     1232     1837     875      1855     2257     2378     1530     1759     168      1254     1767     2708     1316     1931     1138     2022     2349     790      158      1096     1745     3056     1826     2016     2344     2254     2020     1254     2449     2238     2753     
2        730      594      0        2115     1010     1159     2506     2189     1010     1884     2232     1486     1297     1198     358      2454     2224     1369     1343     562      1288     1114     2412     2287     1108     1719     1283     581      2138     1672     1741     914      1994     898      2022     1970     2273     1124     1646     434      2170     1354     1718     1738     300      525      568      2206     781      416      1230     1727     580      1724     1719     2119     1660     1175     517      830      1572     2327     1385     1426     549      2043     2225     241      560      892      1253     2740     1600     2037     1756     1670     1947     1293     2149     2075     2529     
3        1838     2054     2115     0        1140     956      1531     1248     1395     858      116      805      1411     1180     1764     1666     895      805      2427     1946     1182     1654     1818     336      2249     463      1732     1961     31       455      729      1224     341      1224     330      183      1241     993      1859     2195     1828     875      2715     406      1822     1769     1548     1495     2373     2205     885      636      1584     691      2354     1197     540      2435     2191     1659     913      1836     746      2021     2215     151      713      2014     2202     1287     1907     1802     994      152      2860     2734     470      827      1379     805      1268     
4        741      1146     1010     1140     0        256      1663     1314     398      925      1254     749      650      358      652      1669     1256     358      1456     817      460      728      1697     1280     1233     714      892      835      1166     736      751      98       1100     147      1013     979      1383     196      1201     1055     1530     351      1811     743      741      630      477      1414     1260     1065     305      722      447      727      1564     1238     790      1407     1231     587      621      1643     500      1188     1082     1048     1230     879      1257     151      1014     1932     683      1043     1927     1805     937      399      1325     1100     1606     
5        992      1168     1159     956      256      0        1736     1382     647      947      1072     494      861      551      809      1770     1251     306      1713     1053     638      975      1825     1147     1489     587      1131     1073     979      518      743      300      868      278      893      814      1439     59       1417     1272     1688     374      2065     588      867      855      592      1521     1501     1278     71       678      647      705      1806     1306     545      1663     1282     843      682      1784     252      1431     1310     888      1186     1068     1300     399      1262     2015     768      882      2183     2061     852      149      1421     1092     1631     
6        1841     2797     2506     1531     1663     1736     0        354      1499     808      1543     2021     1213     1345     2193     199      636      1434     1905     2025     1243     1445     409      1257     1886     1338     1338     2020     1555     1648     1023     1749     1834     1810     1217     1418     309      1712     1115     2302     625      1363     1985     1414     2319     1984     2104     323      2248     2323     1700     1121     1959     1072     1547     430      1816     2037     2860     1692     1056     498      1757     1433     2243     1396     821      2290     2891     1701     1477     285      981      1398     2147     2043     1110     1741     357      747      328      
7        1554     2453     2189     1248     1314     1382     354      0        1178     461      1279     1677     914      1008     1865     427      387      1080     1734     1733     908      1171     570      1016     1674     1003     1096     1731     1276     1314     676      1402     1529     1461     922      1116     94       1359     956      2016     637      1009     1878     1082     1987     1673     1763     259      2000     2036     1346     778      1629     725      1445     76       1482     1840     2523     1392     703      599      1407     1252     1968     1105     576      1980     2552     1360     1256     635      630      1106     2040     1926     798      1388     159      443      370      
8        457      1334     1010     1395     398      647      1499     1178     0        905      1501     1141     317      229      696      1461     1242     600      1078     604      290      329      1445     1452     871      933      497      611      1424     1057     809      412      1428     481      1186     1216     1263     587      828      885      1236     519      1420     990      825      499      648      1208     990      902      681      835      466      810      1165     1109     1146     1053     1376     272      608      1373     872      789      870      1275     1277     806      1410     305      615      1742     611      1270     1543     1419     1071     777      1143     1105     1522     
9        1344     2070     1884     858      925      947      808      461      905      0        915      1215     741      690      1537     884      340      641      1729     1506     615      1023     998      714      1606     545      1026     1511     888      856      215      1021     1099     1070     531      699      500      932      1049     1790     973      587      1958     627      1647     1398     1398     669      1851     1807     904      316      1305     264      1559     391      1023     1788     2157     1163     312      997      949      1271     1766     707      388      1701     2183     1004     1206     1093     295      706      2113     1990     387      937      553      201      686      
10       1947     2166     2232     116      1254     1072     1543     1279     1501     915      0        907      1504     1284     1880     1688     910      916      2523     2058     1280     1753     1849     300      2351     568      1825     2072     96       569      807      1339     405      1340     385      284      1263     1109     1937     2309     1876     982      2805     516      1938     1883     1664     1531     2483     2319     1001     721      1699     773      2436     1233     645      2537     2304     1767     1001     1873     861      2110     2327     231      721      2129     2315     1401     2001     1807     1076     235      2951     2826     532      943      1417     838      1264     
11       1469     1293     1486     805      749      494      2021     1677     1141     1215     907      0        1335     1025     1177     2095     1443     663      2206     1507     1097     1469     2186     1104     1979     692      1620     1529     813      405      1001     776      554      730      923      752      1712     554      1887     1691     2091     768      2560     630      1187     1300     943      1863     1957     1694     464      900      1077     951      2296     1605     266      2149     1444     1331     1036     2162     297      1922     1747     820      1318     1457     1447     884      1756     2307     1135     814      2677     2555     961      371      1753     1296     1846     
12       640      1651     1297     1411     650      861      1213     914      317      741      1504     1335     0        311      1003     1157     1053     702      1021     819      247      281      1131     1393     871      955      321      817      1442     1159     721      694      1516     765      1146     1227     1004     808      555      1102     919      597      1307     1030     1136     772      965      908      1117     1121     875      786      779      742      977      851      1281     1056     1688     480      511      1057     1044     619      1058     1272     1130     1077     1723     600      496      1442     461      1269     1449     1323     1010     964      855      939      1275     
13       687      1452     1198     1180     358      551      1345     1008     229      690      1284     1025     311      0        861      1332     1029     411      1259     831      106      483      1347     1224     1070     716      603      839      1211     875      580      423      1241     491      959      999      1086     499      866      1110     1172     314      1578     780      980      709      758      1076     1218     1126     564      606      625      580      1277     934      984      1255     1515     501      384      1289     736      908      1098     1055     1053     1011     1546     357      758      1604     402      1051     1711     1585     842      653      996      887      1333     
14       556      674      358      1764     652      809      2193     1865     696      1537     1880     1177     1003     861      0        2157     1877     1010     1301     458      957      872      2134     1929     1051     1362     1057     485      1788     1327     1387     556      1661     542      1664     1615     1946     771      1427     534      1910     997      1688     1382     136      296      234      1904     854      532      880      1370     235      1369     1598     1793     1327     1170     687      580      1225     2056     1044     1260     616      1687     1871     281      724      537      1073     2438     1260     1681     1757     1653     1589     949      1838     1726     2194     
15       1765     2783     2454     1666     1669     1770     199      427      1461     884      1688     2095     1157     1332     2157     0        778      1477     1759     1950     1227     1364     209      1411     1759     1428     1238     1942     1692     1739     1095     1749     1955     1813     1343     1540     425      1740     976      2220     445      1395     1814     1508     2287     1929     2088     256      2139     2242     1741     1200     1926     1145     1378     493      1907     1901     2835     1628     1089     302      1819     1296     2154     1525     969      2230     2868     1689     1361     287      1002     1527     1975     1875     1224     1792     348      864      522      
16       1674     2396     2224     895      1256     1251     636      387      1242     340      910      1443     1053     1029     1877     778      0        947      1996     1840     952      1333     948      634      1896     751      1309     1843     919      1049     511      1354     1202     1399     584      787      355      1244     1259     2124     1021     910      2186     815      1984     1737     1732     646      2170     2142     1199     575      1644     546      1766     364      1215     2074     2488     1495     651      986      1209     1522     2096     761      191      2041     2513     1342     1485     910      631      764      2346     2227     491      1216     542      159      403      
17       1033     1456     1369     805      358      306      1434     1080     600      641      916      663      702      411      1010     1477     947      0        1667     1141     455      893      1545     922      1469     359      1011     1156     834      464      437      454      832      480      654      634      1134     297      1238     1397     1432     107      1989     400      1095     971      824      1233     1568     1408     265      381      804      401      1679     1004     579      1653     1558     857      389      1513     367      1315     1411     700      894      1235     1580     493      1169     1715     483      695      2122     1996     581      317      1129     788      1324     
18       776      1917     1343     2427     1456     1713     1905     1734     1078     1729     2523     2206     1021     1259     1301     1759     1996     1667     0        843      1245     776      1615     2411     249      1966     707      817      2458     2130     1740     1435     2499     1490     2167     2244     1826     1653     791      917      1331     1574     386      2035     1412     1022     1447     1590     611      937      1755     1808     1225     1763     477      1698     2224     198      1860     878      1532     1503     1948     481      801      2292     2111     1127     1903     1323     527      2025     1474     2288     474      358      2030     1851     1607     1914     2098     
19       185      1090     562      1946     817      1053     2025     1733     604      1506     2058     1507     819      831      458      1950     1840     1141     843      0        891      585      1887     2040     594      1497     736      26       1973     1553     1411     752      1916     782      1772     1775     1824     998      1091     284      1632     1085     1230     1541     570      208      629      1711     450      303      1114     1430     434      1410     1170     1670     1598     713      1056     345      1212     1795     1305     864      271      1840     1881     321      1098     665      692      2237     1210     1835     1298     1195     1666     1202     1669     1707     2093     
20       734      1557     1288     1182     460      638      1243     908      290      615      1280     1097     247      106      957      1227     952      455      1245     891      0        472      1241     1196     1071     720      562      896      1213     913      534      529      1272     597      938      999      989      589      790      1174     1069     350      1547     792      1079     787      862      970      1256     1191     642      577      721      543      1224     835      1034     1258     1617     551      325      1183     803      864      1154     1049     991      1092     1648     462      729      1499     320      1045     1685     1559     811      727      892      815      1240     
21       400      1545     1114     1654     728      975      1445     1171     329      1023     1753     1469     281      483      872      1364     1333     893      776      585      472      0        1303     1661     600      1191     189      577      1685     1358     991      735      1725     801      1407     1471     1263     916      556      857      1056     798      1099     1260     1008     597      899      1128     838      878      1007     1046     680      1007     837      1113     1459     786      1556     292      779      1214     1195     462      799      1522     1411     879      1594     623      286      1652     739      1518     1228     1103     1276     1102     1093     1221     1538     
22       1702     2779     2412     1818     1697     1825     409      570      1445     998      1849     2186     1131     1347     2134     209      948      1545     1615     1887     1241     1303     0        1582     1639     1541     1156     1877     1846     1850     1198     1770     2091     1837     1490     1681     594      1790     853      2147     283      1455     1639     1625     2267     1888     2088     329      2036     2169     1804     1307     1910     1249     1209     621      2015     1768     2820     1582     1156     112      1900     1170     2072     1673     1140     2181     2855     1699     1258     414      1062     1674     1798     1704     1362     1863     445      1013     728      
23       1909     2297     2287     336      1280     1147     1257     1016     1452     714      300      1104     1393     1224     1929     1411     634      922      2411     2040     1196     1661     1582     0        2261     567      1703     2052     347      714      671      1373     677      1390     269      357      989      1171     1763     2308     1635     958      2663     559      2005     1885     1730     1274     2442     2320     1078     619      1726     654      2272     979      839      2447     2423     1724     883      1616     983      1971     2311     285      442      2156     2438     1414     1884     1515     936      291      2816     2691     384      1043     1163     592      969      
24       531      1674     1108     2249     1233     1489     1886     1674     871      1606     2351     1979     871      1070     1051     1759     1896     1469     249      594      1071     600      1639     2261     0        1786     587      568      2280     1928     1590     1204     2299     1256     2008     2068     1768     1430     786      691      1357     1382     636      1850     1164     773      1198     1563     431      713      1535     1647     978      1607     635      1629     2012     186      1623     647      1378     1531     1731     469      579      2120     1993     885      1666     1094     418      2037     1332     2116     717      606      1876     1631     1562     1798     2044     
25       1380     1752     1719     463      714      587      1338     1003     933      545      568      692      955      716      1362     1428     751      359      1966     1497     720      1191     1541     567      1786     0        1277     1510     494      311      347      807      588      822      306      283      1029     606      1433     1756     1492     415      2262     86       1438     1330     1163     1213     1916     1767     521      237      1161     297      1915     935      479      1972     1870     1199     480      1535     471      1571     1767     344      638      1593     1887     852      1449     1624     573      339      2404     2278     281      504      1098     604      1154     
26       555      1731     1283     1732     892      1131     1338     1096     497      1026     1825     1620     321      603      1057     1238     1309     1011     707      736      562      189      1156     1703     587      1277     0        724      1764     1474     1034     909      1834     978      1462     1549     1190     1073     369      990      896      909      986      1351     1193     775      1089     1016     910      1013     1155     1105     869      1058     676      1047     1588     765      1737     477      827      1061     1336     304      917      1593     1411     1044     1776     800      180      1524     767      1590     1127     1001     1323     1249     998      1215     1467     
27       178      1114     581      1961     835      1073     2020     1731     611      1511     2072     1529     817      839      485      1942     1843     1156     817      26       896      577      1877     2052     568      1510     724      0        1989     1571     1419     772      1935     803      1784     1790     1822     1018     1076     284      1620     1098     1203     1556     596      233      655      1705     428      304      1133     1440     458      1419     1146     1668     1618     686      1079     347      1219     1784     1325     844      259      1854     1887     342      1121     683      674      2230     1215     1849     1271     1168     1676     1222     1665     1711     2092     
28       1867     2070     2138     31       1166     979      1555     1276     1424     888      96       813      1442     1211     1788     1692     919      834      2458     1973     1213     1685     1846     347      2280     494      1764     1989     0        473      761      1249     331      1248     359      214      1267     1017     1891     2222     1858     905      2747     435      1844     1796     1570     1523     2402     2232     908      668      1609     723      2386     1225     550      2466     2208     1688     945      1864     765      2053     2243     182      736      2039     2218     1314     1938     1825     1026     183      2891     2765     501      848      1408     832      1289     
29       1469     1601     1672     455      736      518      1648     1314     1057     856      569      405      1159     875      1327     1739     1049     464      2130     1553     913      1358     1850     714      1928     311      1474     1571     473      0        652      807      370      795      517      357      1339     564      1679     1785     1789     564      2454     235      1375     1364     1104     1522     1995     1793     450      543      1163     601      2136     1246     168      2110     1736     1301     747      1840     292      1777     1817     430      916      1587     1747     887      1634     1934     846      423      2586     2461     561      379      1407     909      1453     
30       1264     1885     1741     729      751      743      1023     676      809      215      807      1001     721      580      1387     1095     511      437      1740     1411     534      991      1198     671      1590     347      1034     1419     761      652      0        849      926      891      431      554      716      733      1130     1690     1145     401      2004     433      1488     1280     1229     870      1790     1705     695      110      1160     51       1628     604      817      1776     1980     1079     212      1188     734      1309     1679     580      484      1574     2004     849      1213     1309     270      578      2153     2028     289      723      757      352      889      
31       695      1053     914      1224     98       300      1749     1402     412      1021     1339     776      694      423      556      1749     1354     454      1435     752      529      735      1770     1373     1204     807      909      772      1249     807      849      0        1165     71       1107     1066     1474     246      1235     978      1593     450      1798     831      643      557      379      1494     1200     986      362      820      360      826      1572     1327     846      1373     1135     557      715      1712     553      1197     1011     1137     1329     790      1161     113      1017     2015     773      1131     1908     1788     1034     450      1408     1198     1700     
32       1837     1846     1994     341      1100     868      1834     1529     1428     1099     405      554      1516     1241     1661     1955     1202     832      2499     1916     1272     1725     2091     677      2299     588      1834     1935     331      370      926      1165     0        1146     617      415      1534     919      2018     2139     2068     928      2818     503      1694     1722     1430     1763     2361     2146     803      818      1514     879      2489     1470     334      2481     1995     1671     1067     2096     619      2136     2177     443      1030     1930     2000     1252     1998     2112     1161     440      2953     2827     731      719      1646     1091     1589     
33       739      1000     898      1224     147      278      1810     1461     481      1070     1340     730      765      491      542      1813     1399     480      1490     782      597      801      1837     1390     1256     822      978      803      1248     795      891      71       1146     0        1126     1073     1531     231      1306     993      1663     490      1856     840      616      580      344      1558     1232     1000     345      855      369      865      1638     1385     820      1421     1089     612      768      1780     527      1263     1034     1145     1366     792      1113     178      1081     2077     830      1139     1963     1844     1061     426      1471     1242     1753     
34       1643     2055     2022     330      1013     893      1217     922      1186     531      385      923      1146     959      1664     1343     584      654      2167     1772     938      1407     1490     269      2008     306      1462     1784     359      517      431      1107     617      1126     0        204      920      913      1554     2039     1498     688      2435     317      1742     1616     1469     1166     2177     2051     826      360      1458     403      2057     868      669      2194     2175     1458     635      1506     754      1740     2043     183      419      1888     2191     1145     1641     1494     701      184      2584     2458     147      801      1050     478      976      
35       1663     1947     1970     183      979      814      1418     1116     1216     699      284      752      1227     999      1615     1540     787      634      2244     1775     999      1471     1681     357      2068     283      1549     1790     214      357      554      1066     415      1073     204      0        1119     846      1681     2030     1673     698      2533     236      1680     1604     1405     1354     2199     2040     743      456      1425     513      2173     1059     489      2254     2076     1482     732      1691     630      1839     2046     75       622      1857     2090     1123     1724     1697     814      68       2677     2551     319      698      1237     676      1180     
36       1645     2526     2273     1241     1383     1439     309      94       1263     500      1263     1712     1004     1086     1946     425      355      1134     1826     1824     989      1263     594      989      1768     1029     1190     1822     1267     1339     716      1474     1534     1531     920      1119     0        1418     1046     2107     698      1069     1965     1105     2067     1759     1838     312      2094     2126     1399     812      1710     764      1531     154      1507     1933     2599     1482     766      639      1450     1345     2060     1102     547      2067     2628     1435     1350     595      700      1103     2127     2014     805      1437     233      443      276      
37       934      1161     1124     993      196      59       1712     1359     587      932      1109     554      808      499      771      1740     1244     297      1653     998      589      916      1790     1171     1430     606      1073     1018     1017     564      733      246      919      231      913      846      1418     0        1364     1222     1646     349      2006     615      835      803      560      1490     1446     1229     115      676      598      698      1748     1282     600      1604     1269     784      656      1746     308      1373     1257     919      1188     1024     1289     341      1203     1990     738      913      2123     2001     862      205      1392     1085     1618     
38       916      2101     1646     1859     1201     1417     1115     956      828      1049     1937     1887     555      866      1427     976      1259     1238     791      1091     790      556      853      1763     786      1433     369      1076     1891     1679     1130     1235     2018     1306     1554     1681     1046     1364     0        1327     574      1131     928      1516     1563     1144     1451     799      1185     1350     1429     1224     1235     1168     511      930      1814     924      2107     846      954      747      1593     320      1241     1711     1401     1406     2146     1132     415      1252     866      1709     1089     972      1408     1516     821      1206     1313     
39       462      1025     434      2195     1055     1272     2302     2016     885      1790     2309     1691     1102     1110     534      2220     2124     1397     917      284      1174     857      2147     2308     691      1756     990      284      2222     1785     1690     978      2139     993      2039     2030     2107     1222     1327     0        1885     1350     1287     1794     591      426      759      1985     350      23       1337     1703     625      1686     1319     1953     1813     743      949      630      1493     2051     1521     1065     115      2097     2163     265      993      907      914      2507     1494     2092     1322     1237     1938     1420     1948     1990     2377     
40       1450     2568     2170     1828     1530     1688     625      637      1236     973      1876     2091     919      1172     1910     445      1021     1432     1331     1632     1069     1056     283      1635     1357     1492     896      1620     1858     1789     1145     1593     2068     1663     1498     1673     698      1646     574      1885     0        1332     1368     1579     2045     1650     1885     385      1760     1908     1677     1256     1694     1195     934      659      1949     1485     2598     1343     1056     173      1797     888      1806     1678     1205     1935     2634     1511     984      694      956      1678     1529     1431     1358     1746     479      1044     905      
41       965      1485     1354     875      351      374      1363     1009     519      587      982      768      597      314      997      1395     910      107      1574     1085     350      798      1455     958      1382     415      909      1098     905      564      401      450      928      490      688      698      1069     349      1131     1350     1332     0        1890     470      1092     927      829      1147     1501     1362     348      372      779      375      1574     933      685      1567     1579     784      307      1418     471      1212     1356     759      878      1204     1603     464      1070     1641     394      754      2024     1899     596      413      1047     752      1274     
42       1159     2299     1718     2715     1811     2065     1985     1878     1420     1958     2805     2560     1307     1578     1688     1814     2186     1989     386      1230     1547     1099     1639     2663     636      2262     986      1203     2747     2454     2004     1798     2818     1856     2435     2533     1965     2006     928      1287     1368     1890     0        2337     1799     1408     1831     1691     958      1306     2102     2083     1607     2033     437      1856     2559     544      2236     1246     1804     1528     2293     695      1171     2574     2323     1509     2279     1685     820      2052     1733     2571     162      79       2292     2198     1734     2127     2222     
43       1432     1741     1738     406      743      588      1414     1082     990      627      516      630      1030     780      1382     1508     815      400      2035     1541     792      1260     1625     559      1850     86       1351     1556     435      235      433      831      503      840      317      236      1105     615      1516     1794     1579     470      2337     0        1451     1368     1175     1296     1967     1804     518      323      1190     383      1994     1015     402      2036     1864     1253     564      1620     437      1648     1811     306      689      1622     1879     887      1521     1699     658      300      2477     2351     330      486      1180     673      1219     
44       684      540      300      1822     741      867      2319     1987     825      1647     1938     1187     1136     980      136      2287     1984     1095     1412     570      1079     1008     2267     2005     1164     1438     1193     596      1844     1375     1488     643      1694     616      1742     1680     2067     835      1563     591      2045     1092     1799     1451     0        427      275      2033     930      584      938      1463     360      1467     1725     1914     1360     1272     553      716      1335     2190     1086     1392     687      1754     1970     326      589      642      1206     2567     1376     1748     1861     1761     1676     997      1964     1831     2311     
45       260      966      525      1769     630      855      1984     1673     499      1398     1883     1300     772      709      296      1929     1737     971      1022     208      787      597      1888     1885     773      1330     775      233      1796     1364     1280     557      1722     580      1616     1604     1759     803      1144     426      1650     927      1408     1368     427      0        428      1681     656      436      919      1287     225      1273     1302     1604     1400     908      962      306      1093     1804     1107     965      454      1671     1760     307      1002     482      779      2214     1106     1666     1487     1379     1519     1005     1626     1596     2020     
46       672      694      568      1548     477      592      2104     1763     648      1398     1664     943      965      758      234      2088     1732     824      1447     629      862      899      2088     1730     1198     1163     1089     655      1570     1104     1229     379      1430     344      1469     1405     1838     560      1451     759      1885     829      1831     1175     275      428      0        1832     1059     758      663      1198     229      1205     1691     1688     1096     1336     761      629      1089     2019     817      1332     829      1479     1708     514      789      403      1142     2362     1139     1472     1914     1804     1406     724      1755     1577     2073     
47       1526     2527     2206     1495     1414     1521     323      259      1208     669      1531     1863     908      1076     1904     256      646      1233     1590     1711     970      1128     329      1274     1563     1213     1016     1705     1523     1522     870      1494     1763     1558     1166     1354     312      1490     799      1985     385      1147     1691     1296     2033     1681     1832     0        1925     2007     1495     979      1673     921      1253     298      1688     1716     2580     1384     843      342      1581     1114     1924     1349     835      1984     2613     1433     1153     534      753      1349     1853     1745     1035     1549     116      692      535      
48       535      1374     781      2373     1260     1501     2248     2000     990      1851     2483     1957     1117     1218     854      2139     2170     1568     611      450      1256     838      2036     2442     431      1916     910      428      2402     1995     1790     1200     2361     1232     2177     2199     2094     1446     1185     350      1760     1501     958      1967     930      656      1059     1925     0        366      1560     1824     881      1796     1060     1946     2046     419      1293     718      1581     1932     1753     882      243      2260     2237     607      1336     1109     779      2423     1560     2255     979      902      2061     1650     1908     2052     2370     
49       482      1008     416      2205     1065     1278     2323     2036     902      1807     2319     1694     1121     1126     532      2242     2142     1408     937      303      1191     878      2169     2320     713      1767     1013     304      2232     1793     1705     986      2146     1000     2051     2040     2126     1229     1350     23       1908     1362     1306     1804     584      436      758      2007     366      0        1344     1717     631      1701     1342     1973     1819     762      931      648      1509     2074     1527     1088     136      2108     2179     258      974      918      937      2529     1511     2103     1340     1256     1952     1426     1969     2007     2396     
