
sets
i        orders          /0*80/
k        routes          /1*80/
p        positions       /0*80/
;

alias(i,j)
alias(i,h)
alias(i,hh)
alias(i,jj)
alias(k,kk)
                
                    Parameters

rho(i)	Processing time
/
0	0
1	83
2	12
3	35
4	88
5	14
6	42
7	79
8	88
9	69
10	92
11	54
12	1
13	93
14	19
15	50
16	19
17	14
18	82
19	67
20	54
21	22
22	36
23	24
24	51
25	52
26	81
27	83
28	34
29	69
30	63
31	36
32	95
33	57
34	10
35	2
36	24
37	81
38	29
39	47
40	27
41	34
42	3
43	7
44	14
45	18
46	54
47	15
48	83
49	42
50	93
51	11
52	22
53	63
54	88
55	56
56	41
57	49
58	64
59	30
60	69
61	28
62	92
63	26
64	61
65	60
66	9
67	97
68	40
69	85
70	21
71	46
72	31
73	51
74	94
75	58
76	85
77	95
78	81
79	38
80	36
/

gamma(i)	Duedate
/
0	0
1	56
2	3
3	36
4	14
5	94
6	40
7	31
8	86
9	80
10	76
11	40
12	88
13	86
14	10
15	8
16	9
17	92
18	87
19	22
20	53
21	14
22	5
23	56
24	6
25	96
26	77
27	16
28	43
29	28
30	8
31	70
32	6
33	85
34	64
35	80
36	72
37	91
38	78
39	57
40	27
41	89
42	81
43	2
44	76
45	37
46	98
47	48
48	37
49	60
50	81
51	55
52	77
53	36
54	21
55	96
56	16
57	81
58	97
59	82
60	24
61	17
62	51
63	77
64	49
65	83
66	25
67	90
68	99
69	80
70	90
71	86
72	38
73	83
74	47
75	3
76	70
77	67
78	89
79	22
80	95
/

sigma(i)	Size
/
0	0
1	2
2	7
3	9
4	9
5	7
6	4
7	3
8	2
9	7
10	8
11	9
12	5
13	2
14	5
15	9
16	8
17	1
18	9
19	6
20	4
21	7
22	2
23	9
24	1
25	8
26	3
27	5
28	3
29	8
30	3
31	5
32	2
33	3
34	1
35	5
36	1
37	3
38	6
39	1
40	9
41	8
42	2
43	5
44	5
45	4
46	4
47	3
48	4
49	5
50	7
51	1
52	8
53	4
54	1
55	6
56	3
57	5
58	5
59	9
60	2
61	6
62	2
63	3
64	9
65	8
66	7
67	1
68	2
69	4
70	2
71	2
72	2
73	6
74	1
75	7
76	3
77	7
78	5
79	4
80	6
/

epsilon(i)	Priority
/
0	0
1	8
2	3
3	8
4	9
5	8
6	5
7	7
8	4
9	9
10	6
11	2
12	3
13	9
14	6
15	4
16	9
17	8
18	5
19	8
20	3
21	3
22	5
23	7
24	5
25	2
26	6
27	8
28	1
29	5
30	6
31	7
32	9
33	3
34	1
35	7
36	6
37	1
38	7
39	9
40	1
41	8
42	6
43	6
44	9
45	1
46	2
47	3
48	8
49	1
50	8
51	4
52	9
53	7
54	2
55	2
56	7
57	9
58	5
59	2
60	2
61	8
62	2
63	1
64	5
65	7
66	8
67	5
68	6
69	4
70	6
71	6
72	6
73	1
74	1
75	6
76	1
77	2
78	2
79	8
80	5
/

psi	Vehicle Capacity
/ 37 /
;

Table kappa(i,j)                 Setup
         0        1        2        3        4        5        6        7        8        9        10       11       12       13       14       15       16       17       18       19       20       21       22       23       24       25       26       27       28       29       30       31       32       33       34       35       36       37       38       39       40       41       42       43       44       45       46       47       48       49       50       51       52       53       54       55       56       57       58       59       60       61       62       63       64       65       66       67       68       69       70       71       72       73       74       75       76       77       78       79       80       
0        0        565      1651     1300     728      1646     2296     800      2593     1481     713      1854     1193     157      979      175      1589     1535     1878     424      242      2220     1335     2184     1789     1843     1613     1780     110      498      1338     1169     1172     2022     2161     1989     1825     1464     1911     1039     1008     1451     1434     1811     1318     1723     1895     908      2224     794      1337     1582     1513     806      298      2134     1323     1428     685      1071     1354     317      1284     1926     585      1998     1911     1290     659      488      1880     2012     1449     1623     2252     677      1673     91       1389     2108     664      
1        565      0        1090     746      194      1299     1999     365      2276     1789     285      1810     1067     700      1394     734      1080     1076     1647     987      615      1944     784      1802     1705     1864     1231     1426     455      388      1495     628      991      1562     1727     2056     1724     946      1465     481      490      1168     997      1511     1627     1780     1821     344      2052     907      1368     1693     952      1114     750      2030     759      937      1249     510      1429     881      1368     2089     989      2035     1794     767      1095     322      1853     1680     919      1059     1837     243      1925     624      836      1666     613      
2        1651     1090     0        491      926      1093     1683     1028     1856     2555     1068     2058     1442     1775     2323     1814     452      668      1579     2075     1649     1690     498      1306     1910     2210     970      1140     1543     1364     2120     512      1318     886      1091     2441     1893     412      874      661      687      1192     735      1332     2413     2202     2014     757      2002     1661     1856     2214     139      1986     1786     2119     386      538      2328     580      1961     1965     1929     2618     1960     2377     1912     466      2075     1313     2121     1359     354      214      1235     1078     2602     1714     286      1025     1372     
3        1300     746      491      0        646      1333     2007     571      2222     2442     631      2173     1464     1443     2113     1474     784      935      1801     1711     1358     1991     47       1678     2036     2288     1219     1419     1190     929      2067     461      1349     1300     1502     2508     2034     665      1254     265      564      1342     940      1583     2287     2246     2150     411      2236     1527     1856     2214     404      1803     1494     2302     129      758      1985     350      1946     1617     1899     2624     1718     2462     2075     563      1828     889      2229     1669     597      357      1641     652      2536     1346     424      1434     1214     
4        728      194      926      646      0        1123     1829     444      2100     1811     392      1711     965      848      1466     888      888      883      1497     1153     730      1779     690      1616     1596     1785     1050     1248     622      573      1471     443      874      1368     1535     1988     1610     754      1272     387      297      1012     807      1345     1652     1714     1713     239      1912     902      1306     1648     788      1159     867      1909     630      743      1401     351      1379     1039     1324     2053     1074     1959     1673     575      1186     507      1759     1504     730      922      1646     361      1923     796      660      1474     589      
5        1646     1299     1093     1333     1123     0        708      1535     977      1809     1504     1012     657      1685     1814     1736     642      425      487      2009     1490     670      1373     542      859      1195     122      133      1577     1687     1314     892      578      564      595      1426     831      700      443      1255     889      251      392      250      1711     1229     951      1201     915      1133     997      1307     1039     1476     1588     1029     1211     584      2154     1062     1112     1872     1113     1670     1597     1346     833      769      1698     1620     1078     381      770      1281     640      1479     1767     1737     930      568      1021     
6        2296     1999     1683     2007     1829     708      0        2243     304      2069     2213     983      1149     2310     2249     2361     1246     1072     465      2621     2110     110      2043     423      873      1195     801      596      2239     2387     1594     1587     1133     852      689      1377     815      1345     819      1955     1597     848      1080     490      2021     1307     884      1908     516      1654     1297     1468     1666     1952     2187     771      1880     1249     2721     1762     1391     2484     1427     1708     2131     1274     741      1452     2215     2320     1037     338      1415     1891     577      2187     1941     2388     1587     735      1638     
7        800      365      1028     571      444      1535     2243     0        2502     2146     90       2152     1406     956      1724     975      1169     1232     1933     1180     926      2201     592      1993     2040     2218     1448     1652     696      362      1861     706      1318     1689     1875     2415     2054     1030     1611     374      648      1447     1182     1768     1982     2139     2156     346      2353     1273     1728     2057     909      1464     1050     2354     645      1065     1467     530      1792     1104     1732     2454     1314     2390     2117     860      1413     333      2198     1911     981      927      1999     133      2289     825      845      1809     978      
8        2593     2276     1856     2222     2100     977      304      2502     0        2347     2477     1237     1453     2610     2548     2662     1442     1295     767      2923     2411     402      2255     550      1144     1443     1054     852      2533     2664     1881     1825     1435     979      783      1603     1085     1556     982      2196     1853     1141     1323     781      2308     1568     1137     2161     712      1958     1592     1740     1858     2255     2490     979      2093     1473     3025     2004     1681     2787     1721     1946     2436     1499     1001     1682     2519     2598     1285     596      1625     2069     643      2453     2205     2684     1797     844      1938     
9        1481     1789     2555     2442     1811     1809     2069     2146     2347     0        2058     1129     1178     1348     569      1369     2233     2044     1627     1428     1264     1959     2489     2242     1203     952      1878     1900     1539     1949     497      2069     1290     2372     2389     911      1262     2182     2249     2196     1909     1567     1928     1772     164      802      1226     2050     1681     915      817      612      2432     688      1184     1444     2393     2072     1282     2101     705      1358     696      633      899      991      1350     2089     850      1916     1096     1978     2218     2642     2393     2014     255      1528     2276     2372     1228     
10       713      285      1068     631      392      1504     2213     90       2477     2058     0        2087     1342     868      1633     888      1175     1221     1889     1099     836      2166     656      1977     1978     2147     1422     1624     608      299      1779     707      1258     1689     1869     2341     1994     1035     1605     407      628      1404     1163     1732     1894     2065     2094     345      2304     1190     1654     1979     943      1375     959      2296     691      1060     1385     539      1715     1019     1654     2374     1224     2319     2060     861      1322     259      2132     1883     991      982      1991     44       2203     741      866      1805     899      
11       1854     1810     2058     2173     1711     1012     983      2152     1237     1129     2087     0        746      1802     1441     1848     1627     1403     614      2052     1619     873      2219     1256     152      213      1126     1036     1843     2141     714      1713     841      1528     1469     424      190      1647     1425     2005     1621     866      1324     847      1117     332      100      1895     552      1065     530      517      1976     1231     1639     328      2073     1521     2057     1837     560      1928     625      728      1472     335      243      1647     1518     2082     66       996      1708     2221     1425     2048     968      1939     1839     1476     1237     
12       1193     1067     1442     1464     965      657      1149     1406     1453     1178     1342     746      0        1181     1160     1232     1071     870      699      1481     983      1059     1511     1162     638      829      708      769      1158     1412     699      1019     123      1207     1253     1045     660      1041     1082     1275     901      406      758      705      1065     782      754      1156     1032     507      414      772      1335     831      1046     969      1378     922      1572     1118     522      1345     498      1179     985      1003     736      987      1075     1350     793      926      1089     1570     1286     1303     1177     1284     1185     1225     532      
13       157      700      1775     1443     848      1685     2310     956      2610     1348     868      1802     1181     0        830      51       1683     1611     1877     329      199      2228     1479     2227     1749     1774     1662     1818     259      655      1243     1282     1177     2093     2222     1906     1788     1563     1978     1180     1115     1475     1505     1832     1187     1646     1850     1044     2203     737      1276     1494     1636     688      174      2095     1459     1517     552      1197     1280     197      1210     1820     449      1922     1878     1394     511      646      1823     2039     1554     1758     2304     830      1550     180      1506     2171     672      
14       979      1394     2323     2113     1466     1814     2249     1724     2548     569      1633     1441     1160     830      0        841      2084     1933     1784     864      798      2146     2156     2320     1460     1321     1848     1929     1057     1472     729      1812     1237     2344     2409     1363     1516     2002     2218     1851     1639     1563     1813     1854     435      1166     1523     1702     1963     701      963      969      2189     349      687      1769     2090     1912     716      1798     891      805      838      1158     409      1417     1612     1871     320      1450     1432     2075     2020     2368     2446     1591     812      1009     2037     2377     953      
15       175      734      1814     1474     888      1736     2361     975      2662     1369     888      1848     1232     51       841      0        1729     1660     1928     279      250      2280     1509     2278     1796     1817     1713     1869     284      662      1280     1323     1228     2142     2272     1946     1836     1608     2028     1212     1158     1526     1554     1883     1210     1687     1897     1078     2252     783      1321     1532     1675     718      212      2142     1493     1564     515      1235     1322     152      1252     1853     472      1963     1926     1438     525      658      1868     2091     1598     1793     2355     852      1576     170      1547     2221     723      
16       1589     1080     452      784      888      642      1246     1169     1442     2233     1175     1627     1071     1683     2084     1729     0        223      1128     2006     1520     1245     814      895      1476     1790     519      689      1491     1435     1769     468      951      526      723      2022     1455     139      470      811      591      765      316      880      2105     1796     1577     829      1550     1389     1481     1830     419      1736     1649     1671     654      173      2222     639      1592     1880     1570     2224     1765     1952     1469     317      1879     1374     1691     915      193      650      859      1167     2249     1667     360      655      1144     
17       1535     1076     668      935      883      425      1072     1232     1295     2044     1221     1403     870      1611     1933     1660     223      0        912      1939     1434     1058     971      765      1252     1568     303      489      1446     1453     1570     533      754      489      652      1800     1232     278      389      904      597      543      120      670      1922     1577     1353     885      1339     1232     1274     1618     615      1584     1555     1451     808      178      2134     714      1386     1808     1369     2008     1640     1729     1246     387      1752     1388     1467     734      349      856      769      1205     2046     1619     517      590      1018     
18       1878     1647     1579     1801     1497     487      465      1933     767      1627     1889     614      699      1877     1784     1928     1128     912      0        2180     1678     365      1843     645      474      823      609      459      1831     2025     1141     1347     705      929      855      1038     425      1185     837      1695     1311     486      869      257      1568     906      530      1620     435      1197     836      1042     1525     1488     1746     550      1684     1066     2266     1506     935      2045     967      1335     1673     944      389      1240     1754     1960     678      381      1254     1768     812      1858     1520     1969     1411     865      1213     
19       424      987      2075     1711     1153     2009     2621     1180     2923     1428     1099     2052     1481     329      864      279      2006     1939     2180     0        519      2537     1742     2552     2015     1999     1989     2142     532      833      1432     1593     1487     2422     2550     2105     2058     1884     2307     1454     1431     1794     1833     2149     1280     1860     2109     1328     2485     1004     1522     1689     1937     853      434      2358     1741     1842     295      1495     1507     137      1437     1972     594      2134     2151     1712     593      848      2066     2359     1872     2041     2632     1068     1659     365      1814     2500     991      
20       242      615      1649     1358     730      1490     2110     926      2411     1264     836      1619     983      199      798      250      1520     1434     1678     519      0        2029     1397     2032     1560     1603     1471     1623     276      686      1096     1143     977      1911     2034     1747     1598     1406     1794     1092     971      1277     1325     1633     1099     1481     1663     948      2007     555      1099     1339     1510     578      137      1906     1357     1351     702      1080     1112     383      1042     1686     389      1756     1686     1244     486      657      1643     1842     1403     1652     2113     794      1444     320      1371     1985     473      
21       2220     1944     1690     1991     1779     670      110      2201     402      1959     2166     873      1059     2228     2146     2280     1245     1058     365      2537     2029     0        2028     481      763      1085     774      571      2167     2330     1486     1560     1051     890      744      1269     705      1335     842      1925     1558     781      1055     434      1913     1197     774      1870     424      1561     1191     1358     1663     1853     2102     670      1866     1233     2629     1732     1283     2400     1321     1599     2038     1167     630      1431     2119     2263     928      330      1406     1895     646      2139     1830     2312     1576     783      1559     
22       1335     784      498      47       690      1373     2043     592      2255     2489     656      2219     1511     1479     2156     1509     814      971      1843     1742     1397     2028     0        1710     2082     2335     1259     1457     1225     952      2115     506      1396     1326     1529     2556     2079     699      1284     306      612      1386     980      1623     2333     2293     2196     453      2278     1574     1904     2261     423      1848     1533     2346     163      795      2019     397      1994     1650     1947     2672     1759     2508     2120     604      1869     915      2276     1705     630      346      1669     679      2583     1378     457      1461     1260     
23       2184     1802     1306     1678     1616     542      423      1993     550      2242     1977     1256     1162     2227     2320     2278     895      765      645      2552     2032     481      1710     0        1119     1467     575      410      2111     2189     1747     1299     1103     438      265      1676     1069     1014     432      1669     1348     774      813      473      2166     1550     1166     1648     898      1659     1429     1678     1308     1993     2130     1122     1549     941      2694     1480     1538     2415     1557     1980     2131     1579     1021     1151     2228     2123     1319     267      1081     1519     171      1957     2156     2274     1253     313      1564     
24       1789     1705     1910     2036     1596     859      873      2040     1144     1203     1978     152      638      1749     1460     1796     1476     1252     474      2015     1560     763      2082     1119     0        351      973      884      1770     2048     751      1576     722      1378     1324     573      59       1499     1274     1877     1491     718      1175     697      1171     437      116      1772     502      1014     508      595      1830     1220     1592     345      1934     1373     2041     1705     569      1887     623      861      1448     487      152      1504     1505     1988     218      855      1561     2075     1286     1940     1067     1876     1695     1329     1152     
25       1843     1864     2210     2288     1785     1195     1195     2218     1443     952      2147     213      829      1774     1321     1817     1790     1568     823      1999     1603     1085     2335     1467     351      0        1304     1230     1845     2172     594      1834     939      1726     1675     232      398      1799     1619     2104     1728     1025     1480     1047     961      155      311      1984     745      1049     509      356      2120     1155     1605     494      2196     1673     1974     1944     494      1882     565      515      1407     174      456      1782     1438     2117     158      1205     1857     2363     1635     2106     771      1923     1978     1680     1266     
26       1613     1231     970      1219     1050     122      801      1448     1054     1878     1422     1126     708      1662     1848     1713     519      303      609      1989     1471     774      1259     575      973      1304     0        205      1537     1620     1387     786      612      499      572      1535     947      579      374      1154     799      312      281      368      1772     1330     1068     1108     1036     1155     1074     1397     917      1505     1576     1151     1096     466      2149     960      1189     1853     1184     1769     1607     1458     953      657      1712     1553     1191     465      649      1159     642      1399     1849     1702     812      532      1011     
27       1780     1426     1140     1419     1248     133      596      1652     852      1900     1624     1036     769      1818     1929     1869     689      489      459      2142     1623     571      1457     410      884      1230     205      0        1710     1814     1403     991      699      497      489      1457     848      768      389      1359     1003     369      485      201      1808     1280     965      1313     864      1256     1083     1374     1101     1596     1720     1010     1295     662      2284     1166     1196     2005     1204     1721     1724     1371     835      860      1823     1748     1102     259      839      1338     517      1601     1842     1870     1006     473      1153     
28       110      455      1543     1190     622      1577     2239     696      2533     1539     608      1843     1158     259      1057     284      1491     1446     1831     532      276      2167     1225     2111     1770     1845     1537     1710     0        415      1362     1065     1127     1935     2079     2001     1802     1364     1826     929      907      1392     1348     1751     1375     1730     1878     798      2191     797      1336     1599     1405     855      369      2113     1213     1333     795      963      1361     427      1292     1956     653      2003     1886     1189     737      395      1872     1947     1348     1513     2173     571      1721     175      1283     2023     625      
29       498      388      1364     929      573      1687     2387     362      2664     1949     299      2141     1412     655      1472     662      1435     1453     2025     833      686      2330     952      2189     2048     2172     1620     1814     415      0        1736     969      1349     1935     2106     2347     2072     1297     1842     703      858      1551     1380     1898     1784     2072     2162     620      2421     1151     1664     1960     1236     1261     785      2381     990      1305     1126     815      1707     773      1641     2335     1068     2338     2147     1118     1152     66       2179     2068     1260     1281     2219     285      2121     497      1148     2044     906      
30       1338     1495     2120     2067     1471     1314     1594     1861     1881     497      1779     714      699      1243     729      1280     1769     1570     1141     1432     1096     1486     2115     1747     751      594      1387     1403     1362     1736     0        1658     818      1878     1892     673      810      1731     1756     1840     1511     1075     1457     1276     427      442      801      1701     1251     590      320      257      2004     578      1068     1043     2002     1615     1384     1718     209      1324     202      598      837      708      904      1656     854      1690     702      1484     1773     2228     1896     1735     482      1408     1849     1875     886      
31       1169     628      512      461      443      892      1587     706      1825     2069     707      1713     1019     1282     1812     1323     468      533      1347     1593     1143     1560     506      1299     1576     1834     786      991      1065     969      1658     0        900      983      1169     2058     1572     328      905      371      174      881      506      1140     1922     1800     1689     363      1782     1162     1422     1782     376      1478     1279     1841     361      360      1833     180      1519     1475     1478     2192     1447     2007     1613     154      1562     908      1771     1248     292      573      1295     699      2136     1239     229      1103     864      
32       1172     991      1318     1349     874      578      1133     1318     1435     1290     1258     841      123      1177     1237     1228     951      754      705      1487     977      1051     1396     1103     722      939      612      699      1127     1349     818      900      0        1112     1172     1159     736      919      986      1167     788      330      640      666      1172     900      838      1054     1074     556      537      895      1212     898      1054     1039     1260     799      1601     1005     644      1351     619      1302     1027     1113     803      865      1124     1286     892      883      966      1448     1216     1221     1298     1264     1062     1139     508      
33       2022     1562     886      1300     1368     564      852      1689     979      2372     1689     1528     1207     2093     2344     2142     526      489      929      2422     1911     890      1326     438      1378     1726     499      497      1935     1935     1878     983      1112     0        205      1951     1339     662      125      1336     1076     806      588      681      2270     1777     1452     1345     1278     1647     1561     1867     909      1999     2027     1467     1171     630      2605     1159     1676     2289     1676     2218     2087     1863     1317     829      2194     1871     1594     585      720      1101     348      1677     2330     2107     883      138      1474     
34       2161     1727     1091     1502     1535     595      689      1875     783      2389     1869     1469     1253     2222     2409     2272     723      652      855      2550     2034     744      1529     265      1324     1675     572      489      2079     2106     1892     1169     1172     205      0        1893     1278     856      264      1529     1249     847      733      634      2298     1743     1385     1529     1154     1723     1572     1852     1113     2070     2144     1366     1373     810      2718     1348     1685     2416     1693     2180     2179     1799     1243     1015     2283     2041     1533     479      916      1306     144      1855     2325     2248     1083     68       1581     
35       1989     2056     2441     2508     1988     1426     1377     2415     1603     911      2341     424      1045     1906     1363     1946     2022     1800     1038     2105     1747     1269     2556     1676     573      232      1535     1457     2001     2347     673      2058     1159     1951     1893     0        614      2030     1847     2317     1946     1257     1712     1270     960      276      510      2194     892      1204     687      416      2350     1252     1733     625      2419     1904     2050     2163     640      1997     709      350      1510     104      655      2010     1525     2294     359      1418     2087     2591     1846     2299     689      2065     2206     1900     1448     
36       1825     1724     1893     2034     1610     831      815      2054     1085     1262     1994     190      660      1788     1516     1836     1455     1232     425      2058     1598     705      2079     1069     59       398      947      848      1802     2072     810      1572     736      1339     1278     614      0        1483     1237     1881     1493     705      1159     657      1230     493      121      1779     447      1056     560      654      1817     1270     1633     311      1930     1358     2090     1706     625      1929     678      912      1496     524      96       1496     1555     2011     255      806      1547     2062     1237     1957     1125     1912     1685     1286     1181     
37       1464     946      412      665      754      700      1345     1030     1556     2182     1035     1647     1041     1563     2002     1608     139      278      1185     1884     1406     1335     699      1014     1499     1799     579      768      1364     1297     1731     328      919      662      856      2030     1483     0        598      674      459      780      325      947      2048     1792     1604     690      1615     1314     1455     1811     339      1656     1537     1717     537      126      2107     499      1563     1760     1536     2212     1669     1965     1506     179      1783     1236     1709     1009     70       583      989      1027     2213     1540     242      789      1052     
38       1911     1465     874      1254     1272     443      819      1611     982      2249     1605     1425     1082     1978     2218     2028     470      389      837      2307     1794     842      1284     432      1274     1619     374      389      1826     1842     1756     905      986      125      264      1847     1237     598      0        1268     985      682      477      583      2145     1665     1353     1265     1208     1522     1439     1749     877      1874     1909     1383     1125     546      2486     1085     1554     2174     1553     2106     1963     1761     1221     752      2071     1777     1491     520      661      1087     391      1591     2210     1997     831      201      1353     
39       1039     481      661      265      387      1255     1955     374      2196     2196     407      2005     1275     1180     1851     1212     811      904      1695     1454     1092     1925     306      1669     1877     2104     1154     1359     929      703      1840     371      1167     1336     1529     2317     1881     674      1268     0        389      1216     875      1500     2038     2049     1993     148      2127     1283     1649     2001     536      1546     1228     2165     290      728      1725     193      1732     1356     1681     2410     1453     2278     1932     518      1563     655      2059     1617     619      588      1659     418      2301     1089     473      1462     970      
40       1008     490      687      564      297      889      1597     648      1853     1909     628      1621     901      1115     1639     1158     591      597      1311     1431     971      1558     612      1348     1491     1728     799      1003     907      858      1511     174      788      1076     1249     1946     1493     459      985      389      0        830      535      1127     1759     1682     1606     311      1741     997      1292     1650     551      1306     1106     1775     490      447      1664     216      1383     1310     1338     2060     1272     1902     1543     282      1387     794      1676     1263     440      737      1366     610      1986     1083     403      1186     695      
41       1451     1168     1192     1342     1012     251      848      1447     1141     1567     1404     866      406      1475     1563     1526     765      543      486      1794     1277     781      1386     774      718      1025     312      369      1392     1551     1075     881      330      806      847      1257     705      780      682      1216     830      0        457      359      1464     1035     825      1135     912      887      761      1089     1112     1227     1366     959      1232     654      1923     1031     877      1657     872      1470     1356     1187     735      793      1454     1485     929      565      842      1357     886      1373     1537     1543     980      819      803      
42       1434     997      735      940      807      392      1080     1182     1323     1928     1163     1324     758      1505     1813     1554     316      120      869      1833     1325     1055     980      813      1175     1480     281      485      1348     1380     1457     506      640      588      733      1712     1159     325      477      875      535      457      0        642      1805     1481     1280     838      1302     1112     1165     1514     661      1464     1443     1394     819      200      2022     682      1277     1701     1257     1909     1522     1644     1181     377      1633     1314     1387     742      390      907      840      1144     1936     1520     542      676      901      
43       1811     1511     1332     1583     1345     250      490      1768     781      1772     1732     847      705      1832     1854     1883     880      670      257      2149     1633     434      1623     473      697      1047     368      201      1751     1898     1276     1140     666      681      634      1270     657      947      583      1500     1127     359      642      0        1693     1109     771      1439     670      1211     957      1219     1285     1534     1718     808      1462     833      2267     1308     1067     2012     1084     1547     1688     1181     637      1020     1780     1831     912      221      1017     1525     621      1705     1694     1903     1180     633      1160     
44       1318     1627     2413     2287     1652     1711     2021     1982     2308     164      1894     1117     1065     1187     435      1210     2105     1922     1568     1280     1099     1913     2333     2166     1171     961      1772     1808     1375     1784     427      1922     1172     2270     2298     960      1230     2048     2145     2038     1759     1464     1805     1693     0        806      1210     1891     1664     762      737      605      2288     523      1021     1441     2241     1941     1151     1948     633      1204     609      726      738      1028     1322     1947     695      1751     1093     1905     2081     2495     2311     1850     379      1367     2132     2277     1073     
45       1723     1780     2202     2246     1714     1229     1307     2139     1568     802      2065     332      782      1646     1166     1687     1796     1577     906      1860     1481     1197     2293     1550     437      155      1330     1280     1730     2072     442      1800     900      1777     1743     276      493      1792     1665     2049     1682     1035     1481     1109     806      0        432      1923     882      933      411      200      2104     1011     1474     641      2160     1667     1826     1898     369      1746     439      441      1266     276      567      1760     1292     2019     294      1284     1847     2343     1715     2023     637      1800     1957     1742     1172     
46       1895     1821     2014     2150     1713     951      884      2156     1137     1226     2094     100      754      1850     1523     1897     1577     1353     530      2109     1663     774      2196     1166     116      311      1068     965      1878     2162     801      1689     838      1452     1385     510      121      1604     1353     1993     1606     825      1280     771      1210     432      0        1888     455      1113     591      614      1937     1300     1690     251      2047     1479     2125     1820     635      1983     696      825      1535     414      146      1615     1587     2102     154      908      1668     2183     1336     2056     1069     1981     1804     1395     1263     
47       908      344      757      411      239      1201     1908     346      2161     2050     345      1895     1156     1044     1702     1078     829      885      1620     1328     948      1870     453      1648     1772     1984     1108     1313     798      620      1701     363      1054     1345     1529     2194     1779     690      1265     148      311      1135     838      1439     1891     1923     1888     0        2047     1139     1520     1868     624      1398     1085     2069     415      719      1593     195      1599     1225     1546     2276     1306     2159     1835     517      1416     564      1947     1573     646      715      1653     340      2158     963      528      1464     825      
48       2224     2052     2002     2236     1912     915      516      2353     712      1681     2304     552      1032     2203     1963     2252     1550     1339     435      2485     2007     424      2278     898      502      745      1036     864      2191     2421     1251     1782     1074     1278     1154     892      447      1615     1208     2127     1741     912      1302     670      1664     882      455      2047     0        1481     1007     1069     1954     1715     2055     267      2119     1498     2531     1939     1071     2354     1125     1236     1935     787      350      1675     1998     2357     589      692      1685     2195     1066     2271     1515     2314     1844     1184     1565     
49       794      907      1661     1527     902      1133     1654     1273     1958     915      1190     1065     507      737      701      783      1389     1232     1197     1004     555      1561     1574     1659     1014     1049     1155     1256     797      1151     590      1162     556      1647     1723     1204     1056     1314     1522     1283     997      887      1112     1211     762      933      1113     1139     1481     0        543      809      1532     353      577      1359     1479     1218     1068     1186     564      873      495      1188     478      1206     1148     1198     569      1102     1088     1431     1340     1734     1772     1146     1022     876      1377     1687     313      
