
sets
i        orders          /0*80/
k        routes          /1*80/
p        positions       /0*80/
;

alias(i,j)
alias(i,h)
alias(i,hh)
alias(i,jj)
alias(k,kk)
                
                    Parameters

rho(i)	Processing time
/
0	0
1	28
2	4
3	28
4	23
5	28
6	53
7	86
8	13
9	19
10	84
11	69
12	35
13	73
14	2
15	53
16	70
17	35
18	10
19	69
20	26
21	66
22	6
23	40
24	89
25	13
26	36
27	61
28	65
29	95
30	34
31	46
32	40
33	30
34	94
35	33
36	67
37	15
38	73
39	38
40	68
41	47
42	22
43	25
44	16
45	84
46	49
47	69
48	27
49	13
50	75
51	81
52	84
53	56
54	74
55	23
56	23
57	22
58	23
59	82
60	39
61	27
62	85
63	9
64	47
65	45
66	48
67	27
68	5
69	8
70	70
71	64
72	98
73	6
74	59
75	22
76	28
77	41
78	82
79	4
80	26
/

gamma(i)	Duedate
/
0	0
1	85
2	2
3	42
4	26
5	60
6	86
7	55
8	3
9	63
10	93
11	48
12	55
13	41
14	62
15	81
16	32
17	53
18	88
19	52
20	31
21	62
22	61
23	74
24	87
25	15
26	2
27	51
28	40
29	82
30	48
31	69
32	98
33	97
34	23
35	67
36	55
37	2
38	57
39	72
40	60
41	48
42	96
43	58
44	41
45	1
46	53
47	71
48	78
49	3
50	23
51	41
52	72
53	15
54	43
55	19
56	57
57	75
58	3
59	71
60	97
61	22
62	65
63	77
64	21
65	26
66	14
67	20
68	70
69	87
70	4
71	36
72	23
73	16
74	79
75	26
76	29
77	12
78	5
79	72
80	75
/

sigma(i)	Size
/
0	0
1	3
2	1
3	6
4	9
5	1
6	3
7	8
8	9
9	4
10	4
11	3
12	8
13	5
14	8
15	9
16	2
17	3
18	4
19	1
20	1
21	4
22	7
23	9
24	2
25	5
26	9
27	9
28	8
29	1
30	6
31	1
32	1
33	2
34	2
35	3
36	6
37	2
38	1
39	1
40	3
41	8
42	5
43	2
44	7
45	9
46	9
47	5
48	1
49	7
50	3
51	8
52	4
53	4
54	2
55	4
56	5
57	4
58	6
59	7
60	2
61	3
62	2
63	9
64	4
65	3
66	1
67	8
68	7
69	2
70	8
71	9
72	1
73	4
74	1
75	6
76	3
77	3
78	1
79	5
80	3
/

epsilon(i)	Priority
/
0	0
1	3
2	1
3	8
4	4
5	5
6	3
7	3
8	5
9	8
10	2
11	2
12	7
13	7
14	9
15	8
16	6
17	4
18	9
19	5
20	8
21	5
22	6
23	1
24	1
25	1
26	5
27	9
28	9
29	9
30	8
31	3
32	9
33	5
34	2
35	6
36	3
37	8
38	1
39	9
40	9
41	8
42	7
43	7
44	1
45	7
46	2
47	6
48	8
49	8
50	3
51	2
52	7
53	4
54	7
55	5
56	4
57	7
58	3
59	5
60	8
61	4
62	7
63	7
64	1
65	8
66	8
67	4
68	9
69	4
70	2
71	4
72	7
73	9
74	3
75	1
76	8
77	7
78	6
79	7
80	1
/

psi	Vehicle Capacity
/ 41 /
;

Table kappa(i,j)                 Setup
         0        1        2        3        4        5        6        7        8        9        10       11       12       13       14       15       16       17       18       19       20       21       22       23       24       25       26       27       28       29       30       31       32       33       34       35       36       37       38       39       40       41       42       43       44       45       46       47       48       49       50       51       52       53       54       55       56       57       58       59       60       61       62       63       64       65       66       67       68       69       70       71       72       73       74       75       76       77       78       79       80       
0        0        582      1330     651      842      732      549      505      901      721      1443     618      654      993      1482     119      1184     736      425      411      1590     1207     1745     817      992      960      597      1124     902      1236     1259     974      1640     1461     256      929      853      949      325      1106     1131     404      450      807      1402     876      1381     1065     1350     1524     1318     882      1187     1362     969      1140     1486     1381     567      1313     1070     1800     1007     838      762      1506     455      532      839      1318     973      876      1255     1719     1176     589      1926     293      848      1016     760      
1        582      0        1856     872      341      181      468      758      1249     1292     995      811      1144     945      1568     511      951      1213     803      866      1233     1772     2142     1296     678      391      460      1012     490      1388     1839     493      1682     2041     508      1000     559      1524     642      622      712      830      576      929      1967     719      1707     738      1871     1942     1019     391      676      1145     389      1721     1389     1706     789      1625     1629     2004     797      566      480      1899     637      116      544      1206     1545     908      996      1925     1734     1054     2272     683      1341     441      539      
2        1330     1856     0        1754     1990     2029     1531     1657     810      975      2379     1203     714      2202     1456     1358     1885     1367     1072     992      2340     1024     739      1374     2312     2168     1581     1676     2233     1232     558      2065     1630     901      1557     1341     1798     894      1225     2166     2101     1437     1715     1936     337      1653     817      1945     32       552      2061     2204     2269     1960     2237     606      1821     818      1184     846      1049     1332     2296     2157     2087     632      1687     1766     2162     1764     490      2056     1962     1284     1077     810      1018     1472     524      2232     1690     
3        651      872      1754     0        1214     898      1124     146      1522     836      1867     1269     1205     456      2133     745      1746     522      1068     1028     2090     1195     2303     585      739      1230     1156     1732     809      1888     1476     1365     2289     1530     445      1574     1369     1038     975      1495     1578     324      297      182      1708     1456     1992     1573     1781     2074     1850     896      1543     1936     1136     1348     2107     1992     1218     1932     1048     2441     631      622      614      2075     243      914      648      1931     1293     306      1807     2361     1134     1174     2514     361      1371     1260     1304     
4        842      341      1990     1214     0        385      463      1097     1283     1563     653      824      1281     1260     1422     742      682      1531     919      1012     902      2049     2161     1614     925      201      419      804      710      1291     2057     151      1505     2293     831      903      330      1789     775      282      377      1151     917      1268     2148     539      1694     442      2001     1982     713      568      347      869      358      1948     1157     1694     825      1608     1912     1904     1075     848      771      1924     977      321      820      978      1747     1238     710      1828     2018     1181     2250     1003     1466     264      379      
5        732      181      2029     898      385      0        639      806      1430     1420     1007     990      1320     880      1726     676      1055     1299     983      1042     1282     1892     2324     1381     545      335      625      1145     337      1556     1990     524      1831     2175     607      1165     675      1654     822      636      759      920      619      920      2130     858      1887     824      2046     2123     1098     216      663      1246     252      1870     1516     1886     970      1804     1747     2173     689      463      388      2081     684      293      434      1333     1704     872      1090     2095     1850     1231     2451     779      1517     361      678      
6        549      468      1531     1124     463      639      0        981      826      1218     933      368      829      1334     1108     430      637      1286     469      572      1044     1698     1713     1365     1138     654      55       610      958      919      1640     536      1233     1906     679      534      318      1427     346      647      623      942      845      1239     1706     334      1259     524      1541     1526     769      855      746      820      765      1539     989      1258     363      1175     1574     1536     1236     1012     922      1473     885      352      995      810      1322     1261     706      1457     1678     728      1822     809      1008     719      215      
7        505      758      1657     146      1097     806      981      0        1385     779      1749     1122     1079     545      1987     598      1608     525      925      890      1962     1182     2181     599      740      1130     1016     1588     769      1742     1418     1248     2143     1505     302      1427     1234     997      829      1379     1455     223      187      308      1635     1315     1858     1441     1683     1954     1716     835      1434     1797     1053     1290     1962     1858     1072     1796     1033     2300     666      604      575      1950     123      789      624      1787     1210     404      1670     2219     1127     1041     2386     220      1251     1166     1166     
8        901      1249     810      1522     1283     1430     826      1385     0        1077     1584     458      387      1894     773      855      1076     1373     484      495      1530     1427     893      1425     1847     1479     864      866      1708     505      1143     1327     958      1488     1156     531      1035     1175     631      1411     1323     1215     1351     1693     1081     864      480      1155     809      700      1252     1636     1515     1150     1588     1094     1042     480      465      412      1362     931      1892     1699     1614     651      1353     1138     1693     963      847      1774     1153     853      1444     366      1037     1165     389      1544     936      
9        721      1292     975      836      1563     1420     1218     779      1077     0        2146     1102     690      1292     1836     823      1812     392      841      732      2252     486      1632     403      1512     1678     1272     1690     1502     1566     640      1691     2018     755      821      1405     1536     234      887      1822     1832     564      903      1008     877      1504     1452     1742     1006     1405     1967     1528     1906     1965     1669     512      1998     1453     1051     1420     356      1977     1445     1366     1319     1437     853      1252     1382     1861     487      1141     1889     1905     461      733      1883     667      756      1732     1432     
10       1443     995      2379     1867     653      1007     933      1749     1584     2146     0        1184     1722     1884     1373     1330     544      2164     1381     1493     345      2629     2357     2246     1497     684      878      777      1281     1367     2562     502      1374     2838     1476     1069     616      2359     1278     374      313      1790     1570     1917     2599     726      1872     435      2382     2225     400      1132     352      603      850      2466     945      1871     1212     1787     2501     1895     1668     1455     1390     2145     1630     964      1424     828      2240     1878     489      1835     2607     1621     2369     1643     1875     687      726      
11       618      811      1203     1269     824      990      368      1122     458      1102     1184     0        543      1570     864      527      739      1280     261      370      1199     1548     1345     1351     1449     1020     405      590      1289     628      1396     875      1022     1700     842      319      595      1274     293      967      899      1010     1036     1417     1415     461      896      748      1209     1159     909      1202     1070     872      1132     1313     906      896      54       814      1445     1222     1520     1309     1221     1104     1057     697      1298     760      1074     1471     819      1141     1544     446      1461     912      691      1085     489      
12       654      1144     714      1205     1281     1320     829      1079     387      690      1722     543      0        1614     1151     658      1279     995      361      278      1740     1063     1103     1043     1647     1455     881      1107     1544     880      855      1365     1334     1171     903      783      1117     801      511      1474     1427     885      1085     1384     880      1004     803      1287     728      877      1451     1502     1574     1396     1523     778      1361     804      510      756      986      1303     1658     1492     1415     871      1073     1052     1492     1248     534      1482     1359     1228     1073     101      1308     866      197      1519     1006     
13       993      945      2202     456      1260     880      1334     545      1894     1292     1884     1570     1614     0        2421     1052     1895     959      1416     1401     2161     1628     2718     1009     454      1201     1351     1934     630      2197     1931     1403     2560     1969     739      1845     1503     1489     1291     1516     1637     765      543      288      2165     1642     2373     1682     2228     2492     1962     768      1535     2089     1053     1804     2315     2373     1526     2306     1484     2784     276      433      493      2484     543      1032     466      2133     1747     150      1941     2703     1564     1568     2914     749      1792     1209     1469     
14       1482     1568     1456     2133     1422     1726     1108     1987     773      1836     1373     864      1151     2421     0        1391     848      2095     1083     1158     1158     2200     1102     2156     2245     1615     1108     639      2057     270      1890     1380     185      2244     1705     578      1092     1947     1157     1394     1245     1865     1897     2281     1775     883      676      1066     1441     1057     972      1941     1484     776      1780     1855     472      675      914      620      2134     522      2343     2120     2030     956      1921     1455     2103     545      1611     2330     886      463      2217     1104     1036     1775     1154     1671     1055     
15       119      511      1358     745      742      676      430      598      855      823      1330     527      658      1052     1391     0        1065     855      371      390      1471     1309     1723     936      1000     874      478      1009     886      1153     1332     868      1544     1552     316      829      735      1047     239      998      1017     519      512      890      1456     757      1336     947      1375     1508     1199     846      1083     1244     901      1217     1375     1336     479      1264     1176     1731     1036     849      767      1482     530      444      845      1205     1034     946      1136     1650     1282     579      1891     398      856      933      641      
16       1184     951      1885     1746     682      1055     637      1608     1076     1812     544      739      1279     1895     848      1065     0        1918     982      1096     462      2276     1814     1997     1601     843      595      233      1389     823      2134     589      880      2440     1307     546      391      2001     927      566      407      1580     1457     1845     2133     310      1330     247      1885     1689     175      1249     646      194      1025     2052     486      1329     781      1246     2164     1368     1740     1510     1426     1606     1504     863      1485     321      1813     1846     79       1303     2266     1184     1826     1445     1406     886      442      
17       736      1213     1367     522      1531     1299     1286     525      1373     392      2164     1280     995      959      2095     855      1918     0        1026     939      2326     673      2010     82       1255     1603     1333     1840     1294     1828     996      1675     2270     1010     704      1599     1588     542      1011     1809     1854     382      698      670      1255     1608     1792     1800     1398     1782     2055     1355     1878     2092     1551     872      2184     1792     1226     1750     527      2299     1154     1125     1100     1806     635      1209     1148     2028     879      809      1990     2223     612      1008     2253     530      1104     1647     1497     
18       425      803      1072     1068     919      983      469      925      484      841      1381     261      361      1416     1083     371      982      1026     0        114      1435     1295     1359     1094     1367     1096     523      849      1238     826      1180     1005     1251     1465     676      575      768      1020     161      1117     1079     784      873      1230     1236     684      964      952      1084     1148     1146     1178     1216     1126     1172     1086     1166     964      209      893      1187     1375     1408     1217     1133     1116     880      703      1212     1021     859      1301     1061     1294     1287     261      1519     707      548      1160     657      
19       411      866      992      1028     1012     1042     572      890      495      732      1493     370      278      1401     1158     390      1096     939      114      0        1550     1181     1336     1003     1390     1181     627      960      1276     894      1070     1105     1331     1351     668      675      878      906      237      1220     1188     727      860      1197     1137     799      972      1064     1006     1118     1260     1228     1318     1239     1245     973      1269     972      320      907      1075     1415     1416     1237     1156     1096     859      774      1235     1129     750      1279     1175     1335     1174     190      1515     669      474      1244     767      
20       1590     1233     2340     2090     902      1282     1044     1962     1530     2252     345      1199     1740     2161     1158     1471     462      2326     1435     1550     0        2724     2213     2407     1800     983      994      665      1582     1214     2595     758      1121     2898     1671     998      739      2450     1365     655      524      1968     1793     2162     2594     751      1737     526      2339     2110     290      1434     669      399      1160     2512     693      1736     1239     1657     2607     1671     1964     1743     1670     2020     1848     1177     1713     630      2274     2139     382      1620     2710     1645     2188     1826     1867     998      830      
21       1207     1772     1024     1195     2049     1892     1698     1182     1427     486      2629     1548     1063     1628     2200     1309     2276     673      1295     1181     2724     0        1759     619      1922     2160     1752     2138     1942     1933     485      2178     2385     344      1286     1833     2017     274      1361     2308     2316     994      1336     1341     774      1973     1708     2220     1056     1554     2436     1983     2392     2420     2143     418      2420     1709     1500     1698     149      2250     1827     1786     1752     1614     1278     1737     1806     2297     613      1481     2354     2186     72       1134     2034     1121     1050     2213     1911     
22       1745     2142     739      2303     2161     2324     1713     2181     893      1632     2357     1345     1103     2718     1102     1723     1814     2010     1359     1336     2213     1759     0        2034     2724     2360     1747     1581     2596     999      1298     2187     1228     1633     2000     1304     1884     1602     1516     2254     2142     1979     2187     2484     1051     1688     485      1961     708      230      1976     2528     2357     1814     2478     1341     1563     486      1357     571      1771     748      2752     2572     2490     243      2176     2032     2569     1583     1182     2585     1877     736      1809     1156     281      1969     932      2425     1796     
23       817      1296     1374     585      1614     1381     1365     599      1425     403      2246     1351     1043     1009     2156     936      1997     82       1094     1003     2407     619      2034     0        1322     1685     1414     1915     1369     1888     974      1758     2333     961      787      1669     1669     520      1085     1892     1937     465      776      722      1242     1686     1833     1881     1405     1807     2135     1432     1961     2169     1632     854      2256     1834     1297     1794     477      2346     1215     1196     1174     1835     712      1292     1219     2101     884      862      2069     2271     555      1062     2282     613      1141     1729     1577     
24       992      678      2312     739      925      545      1138     740      1847     1512     1497     1449     1647     454      2245     1000     1601     1255     1367     1390     1800     1922     2724     1322     0        817      1137     1686     217      2054     2143     1051     2361     2246     755      1672     1219     1735     1215     1145     1285     948      613      648      2340     1395     2324     1367     2334     2508     1637     366      1145     1791     647      2016     2059     2324     1416     2247     1772     2666     184      155      233      2482     659      790      155      1876     1907     532      1634     2586     1864     1576     2885     860      1841     810      1215     
25       960      391      2168     1230     201      335      654      1130     1479     1678     684      1020     1455     1201     1615     874      843      1603     1096     1181     983      2160     2360     1685     817      0        614      989      600      1491     2204     255      1691     2422     898      1104     523      1909     944      328      478      1220     943      1255     2311     735      1895     596      2180     2179     842      451      333      1019     184      2090     1327     1895     1017     1809     2019     2102     985      771      708      2122     1007     429      740      1152     1901     1204     858      2027     2124     1357     2452     1073     1644     65       580      
26       597      460      1581     1156     419      625      55       1016     864      1272     878      405      881      1351     1108     478      595      1333     523      627      994      1752     1747     1414     1137     614      0        584      950      930      1695     484      1226     1961     714      540      264      1481     401      594      567      986      874      1266     1759     300      1288     472      1590     1564     721      841      693      781      734      1594     966      1288     406      1203     1628     1548     1242     1015     926      1508     917      346      997      785      1377     1283     662      1470     1733     780      1850     850      1058     679      163      
27       1124     1012     1676     1732     804      1145     610      1588     866      1690     777      590      1107     1934     639      1009     233      1840     849      960      665      2138     1581     1915     1686     989      584      0        1483     591      1959     745      702      2278     1286     336      477      1865     829      754      607      1528     1455     1849     1938     293      1098     427      1674     1459     398      1353     845      290      1162     1885     381      1096     640      1014     2035     1151     1808     1579     1491     1374     1495     908      1557     200      1641     1868     298      1084     2134     1018     1595     1404     1215     1041     472      
28       902      490      2233     809      710      337      958      769      1708     1502     1281     1289     1544     630      2057     886      1389     1294     1238     1276     1582     1942     2596     1369     217      600      950      1483     0        1878     2116     833      2166     2252     696      1491     1012     1733     1080     927      1068     949      605      763      2291     1195     2178     1152     2253     2387     1421     149      929      1578     433      1990     1853     2177     1261     2098     1792     2493     387      204      195      2353     664      606      172      1670     1858     672      1420     2414     1890     1466     2742     834      1742     595      1015     
29       1236     1388     1232     1888     1291     1556     919      1742     505      1566     1367     628      880      2197     270      1153     823      1828     826      894      1214     1933     999      1888     2054     1491     930      591      1878     0        1637     1276     454      1987     1469     392      973      1678     915      1315     1183     1610     1664     2041     1540     761      524      999      1221     903      979      1772     1414     815      1642     1596     598      522      674      447      1864     617      2138     1921     1832     809      1683     1272     1907     586      1350     2098     882      540      1949     833      1004     1527     891      1551     912      
30       1259     1839     558      1476     2057     1990     1640     1418     1143     640      2562     1396     855      1931     1890     1332     2134     996      1180     1070     2595     485      1298     974      2143     2204     1695     1959     2116     1637     0        2165     2073     359      1422     1629     1948     454      1295     2285     2258     1199     1530     1646     290      1854     1319     2131     589      1107     2306     2125     2380     2249     2228     128      2184     1320     1359     1326     549      1855     2084     1994     1942     1179     1485     1776     2008     2089     322      1780     2214     1799     548      950      1577     1287     757      2264     1837     
31       974      493      2065     1365     151      524      536      1248     1327     1691     502      875      1365     1403     1380     868      589      1675     1005     1105     758      2178     2187     1758     1051     255      484      745      833      1276     2165     0        1446     2412     979      899      305      1914     871      134      235      1297     1068     1418     2241     515      1712     341      2074     2019     591      687      216      764      438      2059     1074     1711     884      1625     2043     1878     1208     985      912      1954     1128     467      956      901      1850     1386     603      1805     2149     1264     2258     1149     1543     298      392      
32       1640     1682     1630     2289     1505     1831     1233     2143     958      2018     1374     1022     1334     2560     185      1544     880      2270     1251     1331     1121     2385     1228     2333     2361     1691     1226     702      2166     454      2073     1446     0        2428     1855     718      1175     2132     1315     1444     1287     2030     2044     2432     1953     974      835      1117     1615     1207     977      2043     1527     770      1863     2040     431      833      1073     787      2318     563      2468     2242     2153     1104     2071     1571     2223     560      1796     2475     904      527      2402     1285     1126     1934     1339     1743     1153     
33       1461     2041     901      1530     2293     2175     1906     1505     1488     755      2838     1700     1171     1969     2244     1552     2440     1010     1465     1351     2898     344      1633     961      2246     2422     1961     2278     2252     1987     359      2412     2428     0        1577     1954     2222     522      1560     2538     2529     1305     1649     1680     584      2149     1678     2415     930      1453     2608     2283     2628     2566     2422     395      2522     1679     1658     1686     484      2213     2160     2106     2066     1530     1594     1993     2124     2418     644      1820     2520     2157     415      1260     1914     1420     1099     2478     2112     
34       256      508      1557     445      831      607      679      302      1156     821      1476     842      903      739      1705     316      1307     704      676      668      1671     1286     2000     787      755      898      714      1286     696      1469     1422     979      1855     1577     0        1137     938      1055     556      1113     1173     322      196      576      1596     1012     1636     1147     1579     1778     1419     707      1177     1495     859      1297     1662     1636     795      1567     1140     2046     754      600      532      1761     215      512      605      1486     1163     629      1370     1965     1243     844      2183     174      1094     944      865      
35       929      1000     1341     1574     903      1165     534      1427     531      1405     1069     319      783      1845     578      829      546      1599     575      675      998      1833     1304     1669     1672     1104     540      336      1491     392      1629     899      718      1954     1137     0        593      1562     606      953      838      1327     1325     1714     1601     386      821      658      1340     1158     721      1382     1055     625      1251     1560     593      820      373      734      1739     1009     1766     1544     1454     1082     1353     885      1528     465      1313     1757     622      932      1834     700      1359     1223     880      1165     523      
36       853      559      1798     1369     330      675      318      1234     1035     1536     616      595      1117     1503     1092     735      391      1588     768      878      739      2017     1884     1669     1219     523      264      477      1012     973      1948     305      1175     2222     938      593      0        1746     661      375      310      1230     1075     1459     1997     213      1407     212      1804     1720     481      878      479      586      688      1851     841      1406     614      1320     1892     1580     1352     1122     1037     1653     1125     472      1097     658      1628     1456     442      1506     1997     1015     1952     1088     1282     580      110      
37       949      1524     894      1038     1789     1654     1427     997      1175     234      2359     1274     801      1489     1947     1047     2001     542      1020     906      2450     274      1602     520      1735     1909     1481     1865     1733     1678     454      1914     2132     522      1055     1562     1746     0        1088     2043     2047     788      1131     1202     724      1698     1493     1947     926      1384     2162     1761     2129     2146     1903     334      2152     1493     1226     1474     187      2031     1659     1592     1548     1432     1078     1481     1608     2025     420      1339     2080     1963     272      867      1868     899      811      1963     1639     
38       325      642      1225     975      775      822      346      829      631      887      1278     293      511      1291     1157     239      927      1011     161      237      1365     1361     1516     1085     1215     944      401      829      1080     915      1295     871      1315     1560     556      606      661      1088     0        989      969      720      752      1126     1373     617      1109     859      1239     1307     1080     1017     1085     1089     1013     1193     1177     1108     242      1034     1242     1492     1266     1068     982      1272     768      543      1061     1017     979      1186     1003     1411     1345     416      1669     619      704      1008     553      
39       1106     622      2166     1495     282      636      647      1379     1411     1822     374      967      1474     1516     1394     998      566      1809     1117     1220     655      2308     2254     1892     1145     328      594      754      927      1315     2285     134      1444     2538     1113     953      375      2043     989      0        163      1431     1198     1543     2353     566      1773     328      2174     2094     529      779      104      721      509      2181     1050     1773     982      1686     2174     1903     1310     1091     1022     2025     1259     601      1061     887      1968     1506     562      1833     2280     1373     2310     1283     1647     350      478      
40       1131     712      2101     1578     377      759      623      1455     1323     1832     313      899      1427     1637     1245     1017     407      1854     1079     1188     524      2316     2142     1937     1285     478      567      607      1068     1183     2258     235      1287     2529     1173     838      310      2047     969      163      0        1484     1281     1642     2307     460      1659     184      2107     1992     367      921      240      558      662      2160     888      1658     921      1572     2188     1759     1444     1221     1147     1919     1338     666      1191     728      1938     1616     399      1691     2293     1326     2184     1337     1589     507      421      
41       404      830      1437     324      1151     920      942      223      1215     564      1790     1010     885      765      1865     519      1580     382      784      727      1968     994      1979     465      948      1220     986      1528     949      1610     1199     1297     2030     1305     322      1327     1230     788      720      1431     1484     0        343      506      1412     1274     1678     1442     1463     1750     1706     991      1498     1761     1173     1071     1890     1679     957      1621     844      2142     886      803      761      1753     290      830      820      1723     987      620      1648     2063     944      859      2193     148      1047     1265     1146     
42       450      576      1715     297      917      619      845      187      1351     903      1570     1036     1085     543      1897     512      1457     698      873      860      1793     1336     2187     776      613      943      874      1455     605      1664     1530     1068     2044     1649     196      1325     1075     1131     752      1198     1281     343      0        393      1728     1174     1831     1277     1739     1963     1556     657      1250     1649     866      1403     1835     1831     990      1763     1187     2243     581      464      417      1950     65       616      478      1656     1295     434      1515     2162     1285     1031     2375     247      1271     978      1015     
43       807      929      1936     182      1268     920      1239     308      1693     1008     1917     1417     1384     288      2281     890      1845     670      1230     1197     2162     1341     2484     722      648      1255     1266     1849     763      2041     1646     1418     2432     1680     576      1714     1459     1202     1126     1543     1642     506      393      0        1884     1566     2166     1656     1963     2255     1936     874      1581     2038     1138     1519     2228     2166     1368     2104     1196     2606     508      561      579      2255     361      990      591      2050     1472     140      1900     2525     1277     1349     2692     528      1552     1277     1405     
44       1402     1967     337      1708     2148     2130     1706     1635     1081     877      2599     1415     880      2165     1775     1456     2133     1255     1236     1137     2594     774      1051     1242     2340     2311     1759     1938     2291     1540     290      2241     1953     584      1596     1601     1997     724      1373     2353     2307     1412     1728     1884     0        1876     1151     2163     361      882      2308     2284     2452     2226     2356     391      2117     1152     1387     1175     837      1669     2297     2187     2127     966      1688     1891     2197     2044     433      2015     2212     1621     838      981      1332     1480     727      2374     1887     
45       876      719      1653     1456     539      858      334      1315     864      1504     726      461      1004     1642     883      757      310      1608     684      799      751      1973     1688     1686     1395     735      300      293      1195     761      1854     515      974      2149     1012     386      213      1698     617      566      460      1274     1174     1566     1876     0        1207     292      1656     1533     463      1069     669      487      897      1766     673      1206     495      1119     1858     1367     1515     1286     1198     1461     1217     615      1264     490      1532     1580     386      1293     1960     905      1745     1143     1150     793      180      
46       1381     1707     817      1992     1694     1887     1259     1858     480      1452     1872     896      803      2373     676      1336     1330     1792     964      972      1737     1708     485      1833     2324     1895     1288     1098     2178     524      1319     1712     835      1678     1636     821      1407     1493     1109     1773     1659     1678     1831     2166     1151     1207     0        1477     797      383      1493     2097     1876     1338     2022     1315     1110     1        918      87       1678     541      2372     2177     2091     286      1832     1593     2169     1110     1095     2251     1394     480      1742     819      565      1638     696      1959     1323     
47       1065     738      1945     1573     442      824      524      1441     1155     1742     435      748      1287     1682     1066     947      247      1800     952      1064     526      2220     1961     1881     1367     596      472      427      1152     999      2131     341      1117     2415     1147     658      212      1947     859      328      184      1442     1277     1656     2163     292      1477     0        1948     1815     281      1010     419      427      778      2038     733      1476     777      1390     2098     1577     1513     1284     1203     1740     1330     665      1257     563      1809     1645     267      1509     2202     1187     2001     1300     1439     638      309      
48       1350     1871     32       1781     2001     2046     1541     1683     809      1006     2382     1209     728      2228     1441     1375     1885     1398     1084     1006     2339     1056     708      1405     2334     2180     1590     1674     2253     1221     589      2074     1615     930      1579     1340     1804     926      1239     2174     2107     1463     1739     1963     361      1656     797      1948     0        524      2060     2222     2277     1956     2251     638      1813     798      1192     829      1081     1308     2320     2179     2108     605      1711     1780     2184     1759     521      2083     1961     1261     1110     823      988      1497     535      2244     1697     
49       1524     1942     552      2074     1982     2123     1526     1954     700      1405     2225     1159     877      2492     1057     1508     1689     1782     1148     1118     2110     1554     230      1807     2508     2179     1564     1459     2387     903      1107     2019     1207     1453     1778     1158     1720     1384     1307     2094     1992     1750     1963     2255     882      1533     383      1815     524      0        1857     2324     2198     1711     2288     1138     1493     385      1165     456      1557     809      2532     2356     2275     103      1951     1834     2353     1487     964      2358     1757     775      1601     934      483      1743     703      2244     1626     
