

sets
i        orders          /0*20/
k        routes          /1*20/
p        positions       /0*20/
;

alias(i,j)
alias(i,h)
alias(i,hh)
alias(i,jj)
alias(k,kk)
                            Parameters

rho(i)	Processing time
/
0	0
1	49
2	82
3	91
4	96
5	15
6	87
7	69
8	21
9	83
10	49
11	18
12	30
13	32
14	39
15	65
16	95
17	54
18	96
19	76
20	48
/

gamma(i)	Duedate
/
0	0
1	63
2	70
3	94
4	35
5	42
6	94
7	68
8	9
9	73
10	91
11	80
12	57
13	32
14	61
15	68
16	98
17	97
18	63
19	99
20	45
/

sigma(i)	Size
/
0	0
1	1
2	6
3	1
4	9
5	2
6	8
7	8
8	8
9	9
10	4
11	7
12	7
13	2
14	8
15	9
16	2
17	7
18	4
19	8
20	1
/

epsilon(i)	Priority
/
0	0
1	8
2	3
3	8
4	7
5	7
6	9
7	7
8	6
9	6
10	5
11	8
12	1
13	8
14	8
15	7
16	3
17	7
18	5
19	7
20	7
/

psi	Vehicle Capacity
/ 13 /
;

Table kappa(i,j)                 Setup
         0        1        2        3        4        5        6        7        8        9        10       11       12       13       14       15       16       17       18       19       20       
0        0        139      138      12       123      117      98       86       151      57       155      114      72       144      55       99       22       147      63       45       189      
1        139      0        59       144      66       185      99       122      187      97       104      170      66       11       194      186      148      152      145      139      188      
2        138      59       0        138      17       142      140      157      135      120      44       125      80       70       188      150      155      96       168      157      129      
3        12       144      138      0        123      106      110      98       141      68       152      104      78       150      50       87       32       139      75       57       180      
4        123      66       17       123      0        126      134      149      122      110      43       110      71       77       171      134      141      86       157      145      122      
5        117      185      142      106      126      0        201      198      43       159      121      16       142      195      121      26       139      69       180      162      94       
6        98       99       140      110      134      201      0        27       223      43       178      193      68       95       147      189      90       203      61       67       245      
7        86       122      157      98       149      198      27       0        224      41       191      191      78       120      128      183      72       208      36       46       251      
8        151      187      135      141      122      43       223      224      0        183      102      37       158      198      163      69       173      41       212      194      52       
9        57       97       120      68       110      159      43       41       183      0        152      151      39       99       110      146      55       166      49       42       210      
10       155      104      44       152      43       121      178      191      102      152      0        104      113      115      196      137      175      61       197      183      87       
11       114      170      125      104      110      16       193      191      37       151      104      0        130      180      126      37       137      54       177      159      84       
12       72       66       80       78       71       142      68       78       158      39       113      130      0        71       128      135      81       135      88       78       177      
13       144      11       70       150      77       195      95       120      198      99       115      180      71       0        199      195      151      163      145      141      199      
14       55       194      188      50       171      121      147      128      163      110      196      126      128      199      0        96       56       173      95       81       210      
15       99       186      150      87       134      26       189      183      69       146      137      37       135      195      96       0        119      91       162      144      119      
16       22       148      155      32       141      139      90       72       173      55       175      137      81       151      56       119      0        170      44       27       211      
17       147      152      96       139      86       69       203      208      41       166      61       54       135      163      173      91       170      0        203      186      43       
18       63       145      168      75       157      180      61       36       212      49       197      177      88       145      95       162      44       203      0        18       246      
19       45       139      157      57       145      162      67       46       194      42       183      159      78       141      81       144      27       186      18       0        229      
20       189      188      129      180      122      94       245      251      52       210      87       84       177      199      210      119      211      43       246      229      0        
;



Table delta(i,j)                 Distance
         0        1        2        3        4        5        6        7        8        9        10       11       12       13       14       15       16       17       18       19       20       
0        0        189      158      71       112      56       109      98       8        201      194      190      167      65       12       170      166      155      132      53       180      
1        189      0        87       118      77       157      116      141      198      86       43       26       102      176      202      27       123      48       119      140      80       
2        158      87       0        104      75       152      142      72       165      43       125      109      18       176      170      96       37       43       159      128      23       
3        71       118      104      0        42       48       58       77       79       144      124      119      119      72       83       99       126      89       83       24       123      
4        112      77       75       42       0        85       66       82       121      109      89       81       93       108      125      61       106      48       84       65       90       
5        56       157      152      48       85       0        55       116      63       191      151      151      167      24       64       133      173      134      77       25       171      
6        109      116      142      58       66       55       0        134      117      173      100      104      159      66       119      89       171      110      25       57       155      
7        98       141      72       77       82       116      134      0        103      114      166      155      75       139      108      136      69       93       157      92       95       
8        8        198      165      79       121      63       117      103      0        208      203      199      174      70       5        179      171      163      139      62       187      
9        201      86       43       144      109      191      173      114      208      0        129      112      40       215      213      106      57       63       185      168      20       
10       194      43       125      124      89       151      100      166      203      129      0        16       142      166      206      30       162      82       94       141      121      
11       190      26       109      119      81       151      104      155      199      112      16       0        126      168      203      20       146      67       102      139      105      
12       167      102      18       119      93       167      159      75       174      40       142      126      0        191      179      113      21       60       177      142      27       
13       65       176      176      72       108      24       66       139      70       215      166      168      191      0        69       151      197      157      82       49       195      
14       12       202      170      83       125      64       119      108      5        213      206      203      179      69       0        183      177      167      141      65       192      
15       170      27       96       99       61       133      89       136      179      106      30       20       113      151      183      0        133      53       91       119      95       
16       166      123      37       126      106      173      171      69       171      57       162      146      21       197      177      133      0        80       190      148      47       
17       155      48       43       89       48       134      110      93       163      63       82       67       60       157      167      53       80       0        123      113      46       
18       132      119      159      83       84       77       25       157      139      185      94       102      177      82       141      91       190      123      0        82       169      
19       53       140      128      24       65       25       57       92       62       168      141      139      142      49       65       119      148      113      82       0        148      
20       180      80       23       123      90       171      155      95       187      20       121      105      27       195      192      95       47       46       169      148      0        
;

