

sets
i        orders          /0*20/
k        routes          /1*20/
p        positions       /0*20/
;

alias(i,j)
alias(i,h)
alias(i,hh)
alias(i,jj)
alias(k,kk)
                            Parameters

rho(i)	Processing time
/
0	0
1	79
2	14
3	96
4	42
5	59
6	50
7	83
8	63
9	9
10	84
11	50
12	77
13	47
14	93
15	78
16	18
17	55
18	97
19	89
20	98
/

gamma(i)	Duedate
/
0	0
1	2
2	87
3	68
4	54
5	77
6	1
7	2
8	89
9	25
10	9
11	8
12	71
13	90
14	58
15	69
16	69
17	44
18	89
19	17
20	99
/

sigma(i)	Size
/
0	0
1	7
2	6
3	9
4	9
5	3
6	2
7	5
8	6
9	9
10	4
11	8
12	9
13	7
14	4
15	5
16	9
17	2
18	9
19	3
20	6
/

epsilon(i)	Priority
/
0	0
1	6
2	1
3	6
4	1
5	8
6	2
7	4
8	4
9	4
10	4
11	2
12	1
13	2
14	3
15	8
16	5
17	4
18	4
19	9
20	2
/

psi	Vehicle Capacity
/ 15 /
;

Table kappa(i,j)                 Setup
         0        1        2        3        4        5        6        7        8        9        10       11       12       13       14       15       16       17       18       19       20       
0        0        101      185      97       76       154      124      170      140      143      58       121      152      114      122      46       54       190      96       81       114      
1        101      0        161      165      81       99       39       135      104      42       134      209      139      79       169      104      81       90       170      29       165      
2        185      161      0        148      225      68       129      28       57       171      156      204      34       83       115      223      131      166      159      141      123      
3        97       165      148      0        171      157      166      149      133      203      38       57       116      122      38       142      84       235      11       136      28       
4        76       81       225      171      0        173      119      203      170      112      133      196      196      142      192      41       104      165      172      85       185      
5        154      99       68       157      173      0        63       40       25       103      148      214      63       41       137      182      102      100      167      88       141      
6        124      39       129      166      119      63       0        101      73       44       142      217      113      56       161      138      87       69       174      43       160      
7        170      135      28       149      203      40       101      0        32       142      150      206      35       61       121      205      116      138      160      118      127      
8        140      104      57       133      170      25       73       32       0        116      126      190      41       28       112      173      86       122      143      85       115      
9        143      42       171      203      112      103      44       142      116      0        174      250      157      100      202      142      119      53       209      68       200      
10       58       134      156      38       133      148      142      150      126      174      0        75       121      108      67       104      55       212      39       106      58       
11       121      209      204      57       196      214      217      206      190      250      75       0        172      177      89       159      131      287      46       182      81       
12       152      139      34       116      196      63       113      35       41       157      121      172      0        59       86       191      98       162      127      116      92       
13       114      79       83       122      142      41       56       61       28       100      108      177      59       0        109      145      61       117      131      58       110      
14       122      169      115      38       192      137      161      121      112      202      67       89       86       109      0        169      92       226      48       139      10       
15       46       104      223      142      41       182      138      205      173      142      104      159      191      145      169      0        93       194      141      96       160      
16       54       81       131      84       104      102      87       116      86       119      55       131      98       61       92       93       0        156      89       51       87       
17       190      90       166      235      165      100      69       138      122      53       212      287      162      117      226      194      156      0        243      109      226      
18       96       170      159      11       172      167      174      160      143      209      39       46       127      131      48       141      89       243      0        141      38       
19       81       29       141      136      85       88       43       118      85       68       106      182      116      58       139      96       51       109      141      0        136      
20       114      165      123      28       185      141      160      127      115      200      58       81       92       110      10       160      87       226      38       136      0        
;



Table delta(i,j)                 Distance
         0        1        2        3        4        5        6        7        8        9        10       11       12       13       14       15       16       17       18       19       20       
0        0        3270     5250     5250     5730     6360     5220     1380     5010     5910     2190     570      5070     5610     5580     360      4650     840      3360     3300     4950     
1        3270     0        130      123      87       143      96       119      136      90       111      107      133      115      103      97       50       82       46       48       171      
2        5250     130      0        10       184      47       53       145      22       127      112      159      14       42       63       170      158      163      85       178      79       
3        5250     123      10       0        174      41       43       147      31       116      115      159      23       32       53       169      149      161      79       171      88       
4        5730     87       184      174      0        175      133      206      199      71       198      192      193      151      130      179      37       163      121      87       246      
5        6360     143      47       41       175      0        47       187      69       107      155      197      61       28       45       205      157      195      106      191      123      
6        5220     96       53       43       133      47       0        157      73       73       129      162      65       19       14       166      111      154      63       144      128      
7        1380     119      145      147      206      187      157      0        132      197      33       27       136      165      170      50       169      59       103      137      121      
8        5010     136      22       31       199      69       73       132      0        145      99       149      8        64       84       163      170      157      90       183      56       
9        5910     90       127      116      71       107      73       197      145      0        177      192      138      87       65       186      67       171      94       122      199      
10       2190     111      112      115      198      155      129      33       99       177      0        54       103      136      143      74       160      75       83       140      91       
11       570      107      159      159      192      197      162      27       149      192      54       0        152      174      175      23       155      34       102      116      146      
12       5070     133      14       23       193      61       65       136      8        138      103      152      0        56       76       165      164      159      87       180      65       
13       5610     115      42       32       151      28       19       165      64       87       136      174      56       0        22       179      130      169      79       162      121      
14       5580     103      63       53       130      45       14       170      84       65       143      175      76       22       0        178      112      166      74       149      140      
15       360      97       170      169      179      205      166      50       163      186      74       23       165      179      178      0        143      16       103      98       165      
16       4650     50       158      149      37       157      111      169      170      67       160      155      164      130      112      143      0        127      86       58       213      
17       840      82       163      161      163      195      154      59       157      171      75       34       159      169      166      16       127      0        91       83       166      
18       3360     46       85       79       121      106      63       103      90       94       83       102      87       79       74       103      86       91       0        93       127      
19       3300     48       178      171      87       191      144      137      183      122      140      116      180      162      149      98       58       83       93       0        213      
20       4950     171      79       88       246      123      128      121      56       199      91       146      65       121      140      165      213      166      127      213      0        
;

