

sets
i        orders          /0*40/
k        routes          /1*40/
p        positions       /0*40/
;

alias(i,j)
alias(i,h)
alias(i,hh)
alias(i,jj)
alias(k,kk)
                            Parameters

rho(i)	Processing time
/
0	0
1	71
2	22
3	39
4	33
5	4
6	78
7	40
8	27
9	9
10	44
11	78
12	29
13	94
14	17
15	3
16	9
17	54
18	7
19	69
20	56
21	99
22	67
23	58
24	61
25	89
26	14
27	71
28	64
29	32
30	87
31	41
32	84
33	67
34	48
35	70
36	30
37	27
38	70
39	3
40	97
/

gamma(i)	Duedate
/
0	0
1	71
2	85
3	46
4	98
5	70
6	57
7	82
8	84
9	64
10	8
11	90
12	76
13	58
14	19
15	33
16	71
17	82
18	56
19	60
20	11
21	30
22	99
23	80
24	12
25	59
26	13
27	23
28	70
29	53
30	85
31	55
32	52
33	46
34	56
35	98
36	57
37	70
38	85
39	44
40	22
/

sigma(i)	Size
/
0	0
1	9
2	2
3	2
4	3
5	8
6	4
7	4
8	3
9	5
10	4
11	6
12	2
13	2
14	4
15	9
16	6
17	2
18	3
19	1
20	7
21	2
22	8
23	9
24	2
25	3
26	7
27	9
28	2
29	2
30	4
31	4
32	7
33	2
34	8
35	2
36	1
37	8
38	1
39	7
40	7
/

epsilon(i)	Priority
/
0	0
1	1
2	2
3	4
4	8
5	9
6	4
7	6
8	3
9	4
10	4
11	2
12	2
13	5
14	2
15	7
16	2
17	3
18	4
19	4
20	6
21	1
22	5
23	4
24	4
25	7
26	2
27	3
28	7
29	7
30	5
31	7
32	5
33	8
34	2
35	6
36	3
37	8
38	6
39	5
40	9
/

psi	Vehicle Capacity
/ 79 /
;

Table kappa(i,j)                 Setup
         0        1        2        3        4        5        6        7        8        9        10       11       12       13       14       15       16       17       18       19       20       21       22       23       24       25       26       27       28       29       30       31       32       33       34       35       36       37       38       39       40       
0        0        71       244      58       252      15       196      272      118      178      120      162      261      274      120      165      128      51       251      343      143      177      279      93       237      74       116      164      136      363      238      280      66       318      138      94       347      77       270      101      146      
1        71       0        312      125      270      84       257      276      63       247      190      233      282      345      50       172      192      103      323      388      181      211      297      30       266      134      90       224      194      430      308      328      128      372      157      23       411      148      296      166      214      
2        244      312      0        187      267      229      208      322      337      65       151      106      261      45       356      266      194      213      67       209      190      199      281      326      224      222      306      212      135      121      15       160      221      146      238      336      119      184      248      148      166      
3        58       125      187      0        222      43       182      253      157      121      86       117      228      220      170      151      116      34       202      291      104      139      248      140      198      83       138      156      80       305      183      227      76       261      119      148      289      56       232      43       122      
4        252      270      267      222      0        242      390      57       239      237      288      287      15       312      277      100      332      204      326      167      118      86       27       256      43       305      191      370      170      326      276      141      297      199      115      284      283      275      38       203      326      
5        15       84       229      43       242      0        193      264      125      164      111      151      250      261      131      157      124      38       239      328      130      165      269      103      225      74       117      162      121      348      224      265      66       303      129      107      332      70       258      86       140      
6        196      257      208      182      390      193      0        430      313      176      102      114      393      203      307      332      68       213      160      402      273      304      414      285      358      123      310      33       221      313      194      342      130      348      299      275      325      127      390      187      63       
7        272      276      322      253      57       264      430      0        233      287      327      333      68       367      272      108      367      229      379      218      156      130      59       255      100      334      188      407      214      383      330      198      326      255      135      285      340      309      90       242      366      
8        118      63       337      157      239      125      313      233      0        274      236      273      253      374      39       139      246      126      359      377      175      198      264      32       244      190      48       280      207      449      335      322      182      373      137      59       424      195      270      190      264      
9        178      247      65       121      237      164      176      287      274      0        96       62       236      101      291      216      144      148      95       226      140      158      257      260      198      161      244      170      80       185      61       166      159      175      185      270      175      122      228      83       121      
10       120      190      151      86       288      111      102      327      236      96       0        48       291      169      240      232      49       120      137      315      171      202      312      213      256      72       223      83       120      271      140      252      73       269      199      213      269      42       290      85       38       
11       162      233      106      117      287      151      114      333      273      62       48       0        288      120      282      247      87       150      90       288      177      203      309      254      251      121      254      109      118      224      94       228      121      236      214      256      225      88       283      97       61       
12       261      282      261      228      15       250      393      68       253      236      291      288      0        306      291      113      336      212      322      152      124      90       21       269      37       312      205      374      171      315      271      129      304      186      126      297      272      281      22       207      329      
13       274      345      45       220      312      261      203      367      374      101      169      120      306      0        390      310      204      248      44       243      234      244      326      360      269      242      345      214      177      109      40       200      242      176      281      368      125      207      292      184      174      
14       120      50       356      170      277      131      307      272      39       291      240      282      291      390      0        177      242      143      370      411      206      231      303      30       281      184      86       274      230      471      352      354      178      403      172      32       449      197      307      208      264      
15       165      172      266      151      100      157      332      108      139      216      232      247      113      310      177      0        267      123      311      244      76       75       126      156      106      229      91       307      136      356      270      197      220      253      33       184      321      207      130      151      270      
16       128      192      194      116      332      124      68       367      246      144      49       87       336      204      242      267      0        146      167      365      213      246      357      219      302      57       242      39       167      311      181      302      64       318      235      212      313      60       336      129      30       
17       51       103      213      34       204      38       213      229      126      148      120      150      212      248      143      123      146      0        233      292      92       126      231      112      186      105      104      186      90       328      210      230      96       271      93       126      308      86       219      65       154      
18       251      323      67       202      326      239      160      379      359      95       137      90       322      44       370      311      167      233      0        277      235      251      343      341      285      210      334      172      175      152      54       228      211      213      280      346      169      179      311      171      136      
19       343      388      209      291      167      328      402      218      377      226      315      288      152      243      411      244      365      292      277      0        206      179      159      383      139      365      330      395      211      202      224      64       360      67       240      407      154      326      129      252      346      
20       143      181      190      104      118      130      273      156      175      140      171      177      124      234      206      76       213      92       235      206      0        35       144      178      95       187      132      252      61       285      194      148      180      197      48       200      254      157      128      86       210      
21       177      211      199      139      86       165      304      130      198      158      202      203      90       244      231      75       246      126      251      179      35       0        110      204      60       222      151      284      84       281      205      125      215      179      61       229      246      190      93       117      240      
22       279      297      281      248      27       269      414      59       264      257      312      309      21       326      303      126      357      231      343      159      144      110      0        282      58       332      217      395      193      331      291      143      324      199      142      310      287      301      35       228      350      
23       93       30       326      140      256      103      285      255      32       260      213      254      269      360      30       156      219      112      341      383      178      204      282      0        256      162      67       252      200      440      322      326      155      373      146      29       418      171      284      178      239      
24       237      266      224      198      43       225      358      100      244      198      256      251      37       269      281      106      302      186      285      139      95       60       58       256      0        282      196      340      136      284      234      102      274      160      109      282      242      249      34       173      294      
25       74       134      222      83       305      74       123      334      190      161      72       121      312      242      184      229      57       105      210      365      187      222      332      162      282      0        191      90       155      343      212      301      8        327      198      154      337      40       316      114      82       
26       116      90       306      138      191      117      310      188      48       244      223      254      205      345      86       91       242      104      334      330      132      151      217      67       196      191      0        280      172      412      306      277      182      329      90       96       385      185      222      163      256      
27       164      224      212      156      370      162      33       407      280      170      83       109      374      214      274      307      39       186      172      395      252      284      395      252      340      90       280      0        204      323      198      333      98       345      274      242      330      99       373      167      49       
28       136      194      135      80       170      121      221      214      207      80       120      118      171      177      230      136      167      90       175      211      61       84       193      200      136      155      172      204      0        241      137      147      149      181      105      216      218      118      169      41       157      
29       363      430      121      305      326      348      313      383      449      185      271      224      315      109      471      356      311      328      152      202      285      281      331      440      284      343      412      323      241      0        130      188      341      137      333      453      48       305      296      263      281      
30       238      308      15       183      276      224      194      330      335      61       140      94       271      40       352      270      181      210      54       224      194      205      291      322      234      212      306      198      137      130      0        174      211      162      241      331      132      175      259      145      153      
31       280      328      160      227      141      265      342      198      322      166      252      228      129      200      354      197      302      230      228      64       148      125      143      326      102      301      277      333      147      188      174      0        295      58       186      348      143      262      109      188      284      
32       66       128      221      76       297      66       130      326      182      159      73       121      304      242      178      220      64       96       211      360      180      215      324      155      274      8        182      98       149      341      211      295      0        323      190      148      335      37       308      108      87       
33       318      372      146      261      199      303      348      255      373      175      269      236      186      176      403      253      318      271      213      67       197      179      199      373      160      327      329      345      181      137      162      58       323      0        240      393      90       287      165      219      296      
34       138      157      238      119      115      129      299      135      137      185      199      214      126      281      172      33       235      93       280      240      48       61       142      146      109      198      90       274      105      333      241      186      190      240      0        172      301      175      139      118      237      
35       94       23       336      148      284      107      275      285      59       270      213      256      297      368      32       184      212      126      346      407      200      229      310      29       282      154      96       242      216      453      331      348      148      393      172      0        434      170      311      189      235      
36       347      411      119      289      283      332      325      340      424      175      269      225      272      125      449      321      313      308      169      154      254      246      287      418      242      337      385      330      218      48       132      143      335      90       301      434      0        298      252      246      285      
37       77       148      184      56       275      70       127      309      195      122      42       88       281      207      197      207      60       86       179      326      157      190      301      171      249      40       185      99       118      305      175      262      37       287      175      170      298      0        283      76       70       
38       270      296      248      232      38       258      390      90       270      228      290      283      22       292      307      130      336      219      311      129      128      93       35       284      34       316      222      373      169      296      259      109      308      165      139      311      252      283      0        207      327      
39       101      166      148      43       203      86       187      242      190      83       85       97       207      184      208      151      129      65       171      252      86       117      228      178      173      114      163      167      41       263      145      188      108      219      118      189      246      76       207      0        123      
40       146      214      166      122      326      140      63       366      264      121      38       61       329      174      264      270      30       154      136      346      210      240      350      239      294      82       256      49       157      281      153      284      87       296      237      235      285      70       327      123      0        
;



Table delta(i,j)                 Distance
         0        1        2        3        4        5        6        7        8        9        10       11       12       13       14       15       16       17       18       19       20       21       22       23       24       25       26       27       28       29       30       31       32       33       34       35       36       37       38       39       40       
0        0        188      104      113      168      142      282      263      262      180      260      180      104      278      319      349      364      205      264      132      164      110      129      251      90       40       288      238      144      308      89       62       83       256      34       355      66       120      299      242      273      
1        188      0        254      282      34       250      128      204      189      212      97       98       209      347      282      365      218      279      188      316      233      262      274      131      278      195      104      106      289      281      186      167      269      288      162      248      207      77       336      221      335      
2        104      254      0        37       224      56       310      241      248      133      298      275      56       187      274      274      376      121      251      90       98       8        24       344      114      69       338      263      40       259      72       88       122      185      136      344      48       177      219      204      185      
3        113      282      37       0        254      90       345      279      286      171      331      291      94       210      310      304      413      151      289      53       134      32       43       362      91       88       370      298      49       295      106      115      102      217      147      382      74       205      248      242      211      
4        168      34       224      254      0        217      123      177      163      178      96       119      177      313      253      333      213      245      163      291      199      232      243      162      258      169      120      91       258      252      154      138      251      254      147      232      179      49       303      189      301      
5        142      250      56       90       217      0        282      195      205      84       275      290      44       137      220      219      339      66       209      143      45       58       49       357      170      101      321      236      55       205      69       99       176      129      168      299      76       175      164      154      133      
6        282      128      310      345      123      282      0        136      117      211      31       225      254      330      206      309      90       282      113      391      247      317      322      237      370      272      72       47       334      213      239      237      365      259      266      131      273      163      300      177      315      
7        263      204      241      279      177      195      136      0        19       111      151      296      187      201      77       173      154      168      23       332      151      247      244      335      336      234      204      110      251      79       185      202      336      128      264      103      223      181      165      47       185      
8        262      189      248      286      163      205      117      19       0        121      131      283      193      219      94       193      139      183      4        338      162      254      253      319      338      236      185      92       260      98       188      202      337      147      260      96       226      172      184      64       204      
9        180      212      133      171      178      84       211      111      121      0        210      278      84       135      143      173      258      72       125      224      40       138      134      336      237      144      261      167      140      129      92       120      240      82       194      214      125      151      131      71       123      
10       260      97       298      331      96       275      31       151      131      210      0        194      243      336      225      324      121      282      129      375      243      305      312      207      350      254      54       43       324      230      225      219      344      267      242      161      258      140      310      186      321      
11       180      98       275      291      119      290      225      296      283      278      194      0        246      409      372      445      314      336      282      311      288      282      298      71       255      205      184      205      314      369      221      192      243      360      146      347      227      127      409      305      399      
12       104      209      56       94       177      44       254      187      193      84       243      246      0        175      227      245      319      101      196      145      59       63       68       312      152      64       286      207      82       214      24       55       155      152      127      289      42       132      194      154      169      
13       278      347      187      210      313      137      330      201      219      135      336      409      175      0        172      106      354      75       223      256      122      185      168      470      300      238      389      292      160      155      197      229      308      72       303      287      213      284      54       155      15       
14       319      282      274      310      253      220      206      77       94       143      225      372      227      172      0        109      196      171      96       364      176      278      270      413      380      285      277      186      272      17       233      257      383      108      326      119      268      253      123      77       158      
15       349      365      274      304      333      219      309      173      193      173      324      445      245      106      109      0        305      153      196      354      185      275      261      495      389      310      378      283      256      97       260      291      395      93       366      227      287      319      56       144      98       
16       364      218      376      413      213      339      90       154      139      258      121      314      319      354      196      305      0        322      135      463      298      383      385      320      450      348      142      126      394      210      309      313      446      282      352      82       345      249      313      202      339      
17       205      279      121      151      245      66       282      168      183      72       282      336      101      75       171      153      322      0        187      202      48       122      108      398      236      164      333      239      105      154      122      154      242      67       228      268      140      212      98       121      68       
18       264      188      251      289      163      209      113      23       4        125      129      282      196      223      96       196      135      187      0        341      165      257      256      318      340      238      182      89       264      101      191      204      339      151      262      93       229      173      188      68       208      
19       132      316      90       53       291      143      391      332      338      224      375      311      145      256      364      354      463      202      341      0        188      86       95       382      68       122      410      345      97       349      154      155      82       269      165      434      118      242      297      295      259      
20       164      233      98       134      199      45       247      151      162      40       243      288      59       122      176      185      298      48       165      188      0        101      95       350      208      124      293      202      100      161      77       109      213      92       184      254      101      164      135      109      114      
21       110      262      8        32       232      58       317      247      254      138      305      282      63       185      278      275      383      122      257      86       101      0        19       352      115      76       346      270      33       263      80       96       123      186      143      350      56       185      219      209      184      
22       129      274      24       43       243      49       322      244      253      134      312      298      68       168      270      261      385      108      256      95       95       19       0        368      131      94       355      275      15       254      89       109      140      174      161      347      71       197      205      204      168      
23       251      131      344      362      162      357      237      335      319      336      207      71       312      470      413      495      320      398      318      382      350      352      368      0        325      276      179      232      383      413      287      260      313      415      217      368      296      185      464      352      459      
24       90       278      114      91       258      170      370      336      338      237      350      255      152      300      380      389      450      236      340      68       208      115      131      325      0        102      378      326      141      367      150      137      13       299      116      433      113      210      334      306      300      
25       40       195      69       88       169      101      272      234      236      144      254      205      64       238      285      310      348      164      238      122      124      76       94       276      102      0        288      226      109      273      52       35       101      216      68       331      25       119      259      209      233      
26       288      104      338      370      120      321      72       204      185      261      54       184      286      389      277      378      142      333      182      410      293      346      355      179      378      288      0        97       368      283      266      256      371      320      265      201      296      169      364      240      375      
27       238      106      263      298      91       236      47       110      92       167      43       205      207      292      186      283      126      239      89       345      202      270      275      232      326      226      97       0        287      190      192      191      321      223      225      142      226      123      267      143      278      
28       144      289      40       49       258      55       334      251      260      140      324      314      82       160      272      256      394      105      264      97       100      33       15       383      141      109      368      287      0        256      103      125      150      173      177      354      87       212      200      209      162      
29       308      281      259      295      252      205      213      79       98       129      230      369      214      155      17       97       210      154      101      349      161      263      254      413      367      273      283      190      256      0        221      246      370      91       316      135      255      248      106      68       140      
30       89       186      72       106      154      69       239      185      188      92       225      221      24       197      233      260      309      122      191      154      77       80       89       287      150      52       266      192      103      221      0        32       151      167      107      284      38       109      212      157      190      
31       62       167      88       115      138      99       237      202      202      120      219      192      55       229      257      291      313      154      204      155      109      96       109      260      137      35       256      191      125      246      32       0        135      198      75       297      40       89       243      180      222      
32       83       269      122      102      251      176      365      336      337      240      344      243      155      308      383      395      446      242      339      82       213      123      140      313      13       101      371      321      150      370      151      135      0        304      107      432      114      203      340      308      307      
33       256      288      185      217      254      129      259      128      147      82       267      360      152      72       108      93       282      67       151      269      92       186      174      415      299      216      320      223      173      91       167      198      304      0        273      217      194      233      48       83       57       
34       34       162      136      147      147      168      266      264      260      194      242      146      127      303      326      366      352      228      262      165      184      143      161      217      116      68       265      225      177      316      107      75       107      273      0        350      93       102      318      249      296      
35       355      248      344      382      232      299      131      103      96       214      161      347      289      287      119      227      82       268      93       434      254      350      347      368      433      331      201      142      354      135      284      297      432      217      350      0        322      255      241      147      272      
36       66       207      48       74       179      76       273      223      226      125      258      227      42       213      268      287      345      140      229      118      101      56       71       296      113      25       296      226      87       255      38       40       114      194      93       322      0        130      235      193      208      
37       120      77       177      205      49       175      163      181      172      151      140      127      132      284      253      319      249      212      173      242      164      185      197      185      210      119      169      123      212      248      109      89       203      233      102      255      130      0        282      181      273      
38       299      336      219      248      303      164      300      165      184      131      310      409      194      54       123      56       313      98       188      297      135      219      205      464      334      259      364      267      200      106      212      243      340      48       318      241      235      282      0        124      43       
39       242      221      204      242      189      154      177      47       64       71       186      305      154      155      77       144      202      121      68       295      109      209      204      352      306      209      240      143      209      68       157      180      308      83       249      147      193      181      124      0        140      
40       273      335      185      211      301      133      315      185      204      123      321      399      169      15       158      98       339      68       208      259      114      184      168      459      300      233      375      278      162      140      190      222      307      57       296      272      208      273      43       140      0        
;

