
sets
i        orders          /0*5/
k        routes          /1*5/
p        positions       /0*5/
;

alias(i,j)
alias(i,h)
alias(i,hh)
alias(i,jj)
alias(k,kk)
                
                    Parameters

rho(i)	Processing time
/
0	0
1	72
2	28
3	91
4	42
5	70
/

gamma(i)	Duedate
/
0	0
1	70
2	56
3	47
4	61
5	3
/

sigma(i)	Size
/
0	0
1	7
2	1
3	5
4	8
5	9
/

epsilon(i)	Priority
/
0	0
1	9
2	5
3	4
4	7
5	4
/

psi	Vehicle Capacity
/ 28 /
;

Table kappa(i,j)                 Setup
         0        1        2        3        4        5        
0        0        46       4        42       29       8        
1        46       0        44       15       19       40       
2        4        44       0        41       26       4        
3        42       15       41       0        22       38       
4        29       19       26       22       0        22       
5        8        40       4        38       22       0        
;



Table delta(i,j)                 Distance
         0        1        2        3        4        5        
0        0        990      2310     810      780      630      
1        990      0        82       25       33       28       
2        2310     82       0        99       101      59       
3        810      25       99       0        9        39       
4        780      33       101      9        0        42       
5        630      28       59       39       42       0        
;

