

sets
i        orders          /0*5/
k        routes          /1*5/
p        positions       /0*5/
;

alias(i,j)
alias(i,h)
alias(i,hh)
alias(i,jj)
alias(k,kk)
                            Parameters

rho(i)	Processing time
/
0	0
1	33
2	35
3	71
4	77
5	96
/

gamma(i)	Duedate
/
0	0
1	39
2	55
3	93
4	29
5	87
/

sigma(i)	Size
/
0	0
1	1
2	2
3	4
4	3
5	4
/

epsilon(i)	Priority
/
0	0
1	6
2	2
3	4
4	2
5	5
/

psi	Vehicle Capacity
/ 12 /
;

Table kappa(i,j)                 Setup
         0        1        2        3        4        5        
0        0        243      126      260      175      184      
1        243      0        162      459      236      383      
2        126      162      0        297      240      221      
3        260      459      297      0        430      78       
4        175      236      240      430      0        357      
5        184      383      221      78       357      0        
;



Table delta(i,j)                 Distance
         0        1        2        3        4        5        
0        0        230      430      1430     1510     1220     
1        230      0        54       166      164      144      
2        430      54       0        130      110      102      
3        1430     166      130      0        121      33       
4        1510     164      110      121      0        91       
5        1220     144      102      33       91       0        
;

