

sets
i        orders          /0*80/
k        routes          /1*80/
p        positions       /0*80/
;

alias(i,j)
alias(i,h)
alias(i,hh)
alias(i,jj)
alias(k,kk)
                            Parameters

rho(i)	Processing time
/
0	0
1	56
2	16
3	77
4	55
5	16
6	88
7	75
8	47
9	35
10	54
11	19
12	22
13	98
14	4
15	64
16	74
17	90
18	20
19	63
20	78
21	13
22	58
23	47
24	97
25	91
26	69
27	22
28	50
29	92
30	62
31	94
32	31
33	78
34	42
35	77
36	1
37	24
38	45
39	81
40	5
41	23
42	32
43	36
44	30
45	63
46	90
47	30
48	93
49	82
50	95
51	83
52	18
53	54
54	67
55	51
56	25
57	92
58	65
59	70
60	98
61	40
62	89
63	75
64	68
65	46
66	58
67	2
68	65
69	75
70	43
71	43
72	5
73	68
74	25
75	5
76	95
77	23
78	12
79	21
80	61
/

gamma(i)	Duedate
/
0	0
1	87
2	38
3	40
4	73
5	88
6	16
7	81
8	28
9	35
10	31
11	43
12	11
13	31
14	37
15	87
16	47
17	27
18	35
19	65
20	59
21	95
22	38
23	97
24	60
25	28
26	98
27	54
28	32
29	90
30	7
31	43
32	12
33	19
34	20
35	35
36	26
37	68
38	38
39	51
40	79
41	43
42	69
43	6
44	62
45	27
46	37
47	13
48	19
49	41
50	49
51	20
52	89
53	88
54	17
55	21
56	10
57	15
58	25
59	58
60	50
61	97
62	97
63	15
64	2
65	71
66	65
67	86
68	25
69	98
70	41
71	94
72	38
73	74
74	91
75	9
76	96
77	36
78	97
79	4
80	56
/

sigma(i)	Size
/
0	0
1	6
2	6
3	6
4	5
5	4
6	7
7	2
8	1
9	3
10	8
11	9
12	5
13	2
14	3
15	7
16	6
17	9
18	9
19	3
20	3
21	3
22	2
23	2
24	9
25	1
26	2
27	3
28	4
29	2
30	8
31	9
32	2
33	8
34	6
35	3
36	3
37	1
38	3
39	6
40	7
41	3
42	3
43	4
44	1
45	3
46	5
47	6
48	8
49	7
50	4
51	2
52	6
53	9
54	7
55	6
56	1
57	6
58	1
59	8
60	1
61	4
62	9
63	3
64	3
65	6
66	5
67	9
68	1
69	5
70	1
71	8
72	4
73	7
74	1
75	2
76	7
77	5
78	5
79	3
80	8
/

epsilon(i)	Priority
/
0	0
1	2
2	5
3	2
4	4
5	5
6	5
7	4
8	2
9	4
10	3
11	3
12	3
13	1
14	1
15	8
16	8
17	5
18	4
19	4
20	7
21	9
22	2
23	3
24	3
25	3
26	5
27	5
28	7
29	2
30	7
31	3
32	9
33	6
34	2
35	6
36	7
37	9
38	6
39	1
40	7
41	6
42	8
43	2
44	9
45	1
46	1
47	8
48	4
49	5
50	5
51	5
52	6
53	4
54	3
55	2
56	3
57	8
58	9
59	1
60	4
61	1
62	9
63	7
64	4
65	7
66	3
67	8
68	5
69	3
70	3
71	4
72	1
73	4
74	7
75	5
76	4
77	9
78	8
79	7
80	7
/

psi	Vehicle Capacity
/ 62 /
;

Table kappa(i,j)                 Setup
         0        1        2        3        4        5        6        7        8        9        10       11       12       13       14       15       16       17       18       19       20       21       22       23       24       25       26       27       28       29       30       31       32       33       34       35       36       37       38       39       40       41       42       43       44       45       46       47       48       49       50       51       52       53       54       55       56       57       58       59       60       61       62       63       64       65       66       67       68       69       70       71       72       73       74       75       76       77       78       79       80       
0        0        3172     787      2074     2146     2634     947      1847     1105     1764     1083     2503     2402     1826     2415     3367     550      3102     2414     2235     1729     878      3679     3387     2633     1172     1744     3352     2919     1516     2143     2720     1193     2237     1449     3538     1409     1767     3207     1031     2620     3350     1279     2431     2170     1892     1917     3416     3318     1052     1699     1683     2525     2136     1517     2018     890      482      3678     3070     894      3377     1936     2845     638      1257     1861     2595     1256     1777     475      1323     3314     804      1816     2689     563      1516     3494     3083     2938     
1        3172     0        3384     1228     1281     1698     2380     1544     3496     1845     2169     1409     1041     1864     951      364      3188     2371     992      1659     3369     3949     2543     1484     821      2109     1456     1506     2892     3610     2277     1340     2853     3434     1796     612      1780     2443     289      2270     1125     1162     3343     1364     1587     3014     3226     691      1152     2750     2912     2230     2699     2449     2774     2873     2459     3083     749      1875     2421     679      3684     1164     3648     3669     1479     1145     1951     2225     3582     2738     1749     2418     3672     1813     2610     2876     1011     725      2826     
2        787      3384     0        2174     2587     2430     1555     2320     318      1662     1604     3017     2810     1692     2499     3503     275      2721     2807     2087     2517     707      3304     3244     2702     1279     2100     3202     2396     734      2822     2616     1960     1537     1895     3846     1789     2474     3482     1121     2591     3285     2065     2932     2063     1284     1245     3760     3255     697      2466     2348     2029     2842     1017     2777     932      1268     3994     2814     976      3723     1168     2782     459      475      1925     2564     1691     1488     592      877      3101     1036     1043     3282     1064     969      3897     3124     2432     
3        2074     1228     2174     0        1066     987      1488     1075     2270     642      1267     1534     1090     682      340      1331     1998     1738     1048     674      2778     2777     2164     1454     558      926      718      1434     2035     2385     2050     827      2129     2300     997      1758     873      2003     1377     1085     620      1327     2595     1437     556      1849     2054     1727     1296     1524     2388     1753     1731     2193     1565     2491     1269     2107     1909     1403     1238     1695     2487     862      2474     2442     252      603      1040     1053     2434     1514     1509     1275     2465     1986     1542     1666     1953     1010     1991     
4        2146     1281     2587     1066     0        2041     1231     306      2793     1571     1062     495      272      1642     1165     1604     2337     2799     304      1738     2088     3004     3190     2326     1294     1398     522      2322     3091     3037     1071     1814     1589     3195     703      1451     798      1170     1189     1525     1558     2091     2076     396      1619     2723     2902     1297     2067     2117     1634     949      2764     1236     2354     1623     1694     1935     1577     2426     1642     1258     3258     1767     2723     2982     1174     1555     907      1979     2606     2232     2468     1552     3202     924      1602     2443     1348     1633     3051     
5        2634     1698     2430     987      2041     0        2321     2062     2393     878      2118     2484     2018     809      920      1569     2356     760      1968     413      3681     3125     1188     824      916      1510     1695     779      1195     2333     3037     362      3005     1873     1931     2310     1778     2968     1954     1621     584      949      3436     2391     512      1544     1755     2362     924      1738     3324     2720     1025     3177     1491     3456     1744     2816     2446     454      1743     2341     2249     561      2838     2519     991      570      1918     943      2868     1569     682      1867     2281     2945     2205     1581     2654     1048     1131     
6        947      2380     1555     1488     1231     2321     0        925      1829     1487     223      1558     1499     1571     1798     2632     1280     2961     1518     1911     1381     1825     3488     2934     2010     890      928      2910     2986     2174     1272     2280     693      2645     584      2667     632      953      2365     875      2105     2814     1118     1488     1809     2202     2313     2525     2783     1360     1105     797      2593     1309     1778     1348     919      709      2800     2774     872      2486     2513     2346     1568     2014     1358     2085     454      1722     1421     1591     2948     695      2420     1751     492      1831     2574     2455     2978     
7        1847     1544     2320     1075     306      2062     925      0        2540     1472     763      700      576      1550     1256     1846     2064     2806     602      1718     1851     2711     3238     2448     1421     1188     384      2438     3034     2807     975      1881     1309     3034     424      1754     554      971      1478     1297     1641     2243     1799     612      1597     2562     2729     1603     2217     1894     1411     730      2686     1120     2173     1451     1453     1628     1882     2476     1400     1564     3055     1867     2434     2731     1117     1632     629      1858     2311     2034     2555     1292     2991     1045     1310     2257     1650     1807     3002     
8        1105     3496     318      2270     2793     2393     1829     2540     0        1703     1855     3241     3001     1718     2579     3585     574      2597     2993     2087     2834     878      3174     3217     2772     1429     2289     3172     2209     418      3102     2617     2269     1269     2117     3988     1995     2764     3616     1281     2625     3289     2384     3152     2081     1085     1005     3917     3260     745      2775     2626     1866     3130     913      3082     1101     1584     4138     2745     1152     3880     860      2796     707      190      2018     2597     1916     1455     877      828      3046     1249     732      3531     1337     839      4074     3173     2254     
9        1764     1845     1662     642      1571     878      1487     1472     1703     0        1304     2065     1664     85       898      1892     1539     1474     1631     472      2866     2325     2007     1629     1075     635      1090     1592     1575     1769     2399     971      2180     1667     1208     2396     1035     2249     2014     743      929      1630     2587     1965     412      1210     1412     2369     1599     971      2548     2011     1215     2514     929      2724     875      1939     2547     1326     869      2338     1846     1123     2028     1862     421      901      1135     419      2032     902      1552     989      1828     2488     1328     1030     2592     1470     1551     
10       1083     2169     1604     1267     1062     2118     223      763      1855     1304     0        1434     1322     1389     1575     2414     1336     2776     1337     1712     1566     1949     3293     2716     1787     743      713      2693     2834     2171     1284     2065     886      2568     379      2477     409      1018     2165     764      1885     2591     1332     1356     1607     2112     2240     2344     2561     1308     1249     820      2446     1349     1692     1457     851      913      2613     2571     799      2304     2481     2127     1677     2044     1145     1866     231      1571     1548     1515     2736     639      2397     1678     555      1754     2411     2232     2822     
11       2503     1409     3017     1534     495      2484     1558     700      3241     2065     1434     0        472      2134     1577     1768     2758     3244     527      2208     2090     3378     3600     2671     1665     1876     1011     2674     3569     3505     897      2225     1732     3690     1124     1359     1252     1157     1220     1993     1963     2403     2187     99       2091     3218     3395     1162     2382     2589     1626     1013     3251     1067     2844     1515     2153     2221     1451     2843     2100     1127     3742     2149     3110     3431     1663     1964     1327     2475     2975     2717     2849     1992     3682     464      1989     2932     1091     1927     3526     
12       2402     1041     2810     1090     272      2018     1499     576      3001     1664     1322     472      0        1726     1106     1381     2568     2778     56       1759     2333     3254     3128     2206     1193     1584     712      2208     3123     3224     1249     1753     1856     3319     953      1179     1025     1402     925      1722     1490     1947     2340     388      1644     2851     3040     1027     1925     2304     1873     1196     2819     1419     2502     1834     1899     2204     1305     2371     1849     987      3419     1677     2968     3189     1248     1492     1152     2081     2858     2395     2378     1775     3371     937      1852     2596     1095     1475     3078     
13       1826     1864     1692     682      1642     809      1571     1550     1718     85       1389     2134     1726     0        913      1894     1582     1390     1691     411      2951     2365     1926     1577     1078     713      1167     1538     1492     1763     2482     927      2264     1618     1293     2425     1120     2335     2043     812      907      1593     2669     2035     370      1168     1375     2405     1562     997      2633     2096     1135     2598     912      2809     936      2014     2575     1253     933      2374     1820     1089     2069     1872     478      879      1221     371      2081     904      1488     1060     1808     2561     1403     1014     2635     1457     1467     
14       2415     951      2499     340      1165     920      1798     1256     2579     898      1575     1577     1106     913      0        1006     2331     1676     1054     743      3043     3113     2028     1194     219      1265     951      1183     2076     2667     2215     650      2415     2494     1271     1526     1170     2220     1145     1423     392      1022     2890     1487     653      2065     2277     1529     993      1835     2633     1973     1821     2369     1825     2705     1605     2437     1674     1267     1576     1502     2732     611      2810     2747     575      389      1345     1273     2773     1798     1305     1616     2721     2041     1879     1927     1791     671      2021     
15       3367     364      3503     1331     1604     1569     2632     1846     3585     1892     2414     1768     1381     1894     1006     0        3328     2172     1329     1620     3689     4105     2277     1201     816      2252     1705     1230     2741     3658     2626     1207     3147     3391     2051     847      2011     2773     626      2413     1046     870      3637     1720     1572     2998     3213     985      867      2841     3238     2553     2593     2798     2804     3215     2599     3321     952      1664     2566     983      3688     1008     3802     3750     1578     1071     2188     2233     3753     2794     1491     2586     3690     2178     2813     2906     1312     522      2670     
16       550      3188     275      1998     2337     2356     1280     2064     574      1539     1336     2758     2568     1582     2331     3328     0        2721     2567     1989     2270     787      3304     3155     2541     1080     1862     3115     2459     972      2547     2508     1694     1698     1640     3629     1543     2200     3271     919      2459     3170     1827     2674     1950     1383     1384     3534     3139     633      2201     2073     2076     2567     1049     2508     730      1019     3776     2763     767      3497     1386     2662     488      746      1755     2432     1434     1432     522      874      3037     796      1268     3013     792      1026     3660     2974     2487     
17       3102     2371     2721     1738     2799     760      2961     2806     2597     1474     2776     3244     2778     1390     1676     2172     2721     0        2728     1094     4340     3427     584      1079     1647     2092     2431     1032     662      2414     3778     1059     3654     1700     2637     2977     2474     3684     2645     2165     1316     1368     4054     3152     1213     1556     1723     3055     1356     2090     4012     3438     780      3912     1704     4168     2242     3365     3104     510      2257     3038     2191     1209     3169     2677     1705     1307     2596     1326     3243     1852     766      2411     2264     3706     2760     1763     3362     1662     579      
18       2414     992      2807     1048     304      1968     1518     602      2993     1631     1337     527      56       1691     1054     1329     2567     2728     0        1715     2379     3260     3074     2150     1138     1571     706      2151     3079     3209     1303     1700     1893     3290     964      1152     1026     1450     885      1712     1437     1890     2379     444      1601     2823     3013     1007     1868     2290     1920     1241     2779     1474     2479     1886     1891     2226     1281     2318     1842     968      3398     1622     2973     3180     1213     1439     1160     2049     2866     2375     2323     1772     3352     991      1860     2573     1092     1418     3033     
19       2235     1659     2087     674      1738     413      1911     1718     2087     472      1712     2208     1759     411      743      1620     1989     1094     1715     0        3277     2769     1582     1166     838      1099     1339     1127     1364     2084     2686     530      2599     1778     1545     2255     1385     2591     1879     1214     578      1203     3025     2112     120      1378     1593     2270     1173     1390     2930     2344     1082     2818     1223     3076     1346     2404     2400     866      1341     2243     2073     712      2476     2230     610      550      1517     643      2491     1260     1080     1458     2082     2660     1794     1321     2534     1137     1318     
20       1729     3369     2517     2778     2088     3681     1381     1851     2834     2866     1566     2090     2333     2951     3043     3689     2270     4340     2379     3277     0        2393     4859     4228     3234     2267     2092     4210     4355     3242     1236     3601     688      3893     1781     3445     1913     939      3252     2232     3395     4061     469      2086     3170     3488     3561     3252     4033     2611     464      1138     3958     1093     3071     663      2230     1251     3542     4131     2194     3216     3651     3635     2279     2985     2696     3380     1763     3095     2075     2873     4280     2015     3537     1946     1695     3104     3162     3646     4351     
21       878      3949     707      2777     3004     3125     1825     2711     878      2325     1949     3378     3254     2365     3113     4105     787      3427     3260     2769     2393     0        4009     3933     3325     1852     2570     3892     3080     1237     3001     3292     1992     2136     2302     4361     2238     2615     4014     1692     3246     3955     1923     3304     2734     1957     1884     4252     3925     1386     2475     2552     2724     2980     1722     2806     1508     1271     4505     3517     1539     4213     1676     3448     303      896      2538     3219     2101     2187     403      1583     3800     1532     1544     3566     1402     1669     4349     3760     3121     
22       3679     2543     3304     2164     3190     1188     3488     3238     3174     2007     3293     3600     3128     1926     2028     2277     3304     584      3074     1582     4859     4009     0        1078     1942     2638     2879     1047     1091     2973     4213     1377     4179     2206     3119     3121     2964     4156     2831     2723     1638     1408     4595     3513     1693     2117     2271     3233     1410     2673     4511     3908     1327     4358     2287     4644     2810     3927     3230     764      2822     3223     2720     1460     3752     3247     2179     1638     3100     1901     3827     2436     794      2970     2803     4065     3318     2343     3555     1819     1016     
23       3387     1484     3244     1454     2326     824      2934     2448     3217     1629     2716     2671     2206     1577     1194     1201     3155     1079     2150     1166     4228     3933     1078     0        1033     2224     2142     50       1725     3152     3393     669      3584     2625     2448     2046     2327     3415     1773     2356     834      331      4048     2594     1218     2344     2548     2168     334      2549     3826     3168     1710     3552     2316     3899     2503     3510     2153     598      2493     2160     3043     593      3641     3344     1583     851      2493     1764     3658     2391     318      2593     3085     3129     2912     2404     2492     775      1644     
24       2633     821      2702     558      1294     916      2010     1421     2772     1075     1787     1665     1193     1078     219      816      2541     1647     1138     838      3234     3325     1942     1033     0        1480     1142     1028     2106     2842     2360     589      2616     2615     1472     1422     1379     2392     1052     1637     333      827      3095     1581     771      2202     2416     1454     799      2030     2816     2147     1886     2519     1990     2872     1817     2654     1565     1197     1789     1431     2883     484      3022     2935     786      346      1556     1424     2988     1977     1185     1833     2880     2128     2098     2092     1739     452      2045     
25       1172     2109     1279     926      1398     1510     890      1188     1429     635      743      1876     1584     713      1265     2252     1080     2092     1571     1099     2267     1852     2638     2224     1480     0        879      2192     2097     1640     1977     1556     1579     1870     802      2568     639      1753     2203     161      1448     2178     1962     1781     1018     1403     1554     2489     2146     720      1986     1537     1706     2064     995      2200     350      1305     2717     1961     313      2453     1867     1674     1549     1614     696      1423     647      832      1508     847      2176     369      1805     2229     695      1074     2646     1925     2088     
26       1744     1456     2100     718      522      1695     928      384      2289     1090     713      1011     712      1167     951      1705     1862     2431     706      1339     2092     2570     2879     2142     1142     879      0        2127     2650     2519     1346     1541     1478     2680     347      1795     335      1285     1464     1012     1316     1969     1963     913      1219     2208     2384     1681     1940     1599     1683     1036     2302     1482     1833     1774     1187     1626     1936     2120     1137     1643     2735     1552     2279     2477     734      1303     497      1483     2182     1709     2222     1067     2680     1406     1182     1921     1797     1567     2617     
27       3352     1506     3202     1434     2322     779      2910     2438     3172     1592     2693     2674     2208     1538     1183     1230     3115     1032     2151     1127     4210     3892     1047     50       1028     2192     2127     0        1676     3105     3387     638      3563     2575     2430     2074     2306     3403     1795     2322     815      363      4025     2596     1182     2295     2499     2192     363      2507     3811     3156     1660     3545     2270     3888     2467     3480     2182     548      2458     2183     2994     576      3601     3298     1557     830      2471     1720     3619     2347     275      2560     3036     3133     2881     2358     2516     791      1596     
28       2919     2892     2396     2035     3091     1195     2986     3034     2209     1575     2834     3569     3123     1492     2076     2741     2459     662      3079     1364     4355     3080     1091     1725     2106     2097     2650     1676     0        1948     3974     1552     3669     1123     2782     3505     2608     3816     3150     2122     1778     1991     4014     3471     1479     1123     1236     3557     1976     1867     4083     3582     399      4090     1411     4283     2144     3258     3640     1132     2173     3535     1649     1739     2855     2250     1923     1761     2694     1264     2965     1597     1419     2347     1743     4015     2686     1435     3846     2220     83       
29       1516     3610     734      2385     3037     2333     2174     2807     418      1769     2171     3505     3224     1763     2667     3658     972      2414     3209     2084     3242     1237     2973     3152     2842     1640     2519     3105     1948     0        3443     2601     2659     910      2393     4138     2253     3123     3759     1512     2651     3266     2796     3413     2102     858      711      4085     3238     920      3164     2968     1646     3483     861      3463     1355     1991     4288     2634     1409     4051     447      2794     1111     340      2136     2623     2200     1441     1290     871      2947     1539     316      3826     1688     763      4269     3210     2003     
30       2143     2277     2822     2050     1071     3037     1272     975      3102     2399     1284     897      1249     2482     2215     2626     2547     3778     1303     2686     1236     3001     4213     3393     2360     1977     1346     3387     3974     3443     0        2851     1071     3841     1200     2252     1375     400      2110     2034     2605     3163     1433     918      2566     3378     3517     2051     3138     2593     788      475      3610     172      2963     620      2135     1738     2337     3450     2083     2017     3766     2824     2781     3285     2078     2598     1330     2752     2607     2794     3520     1924     3679     714      1764     3031     1934     2703     3947     
31       2720     1340     2616     827      1814     362      2280     1881     2617     971      2065     2225     1753     927      650      1207     2508     1059     1700     530      3601     3292     1377     669      589      1556     1541     638      1552     2601     2851     0        2943     2210     1822     1952     1688     2827     1602     1689     263      672      3398     2137     559      1853     2067     2012     643      1918     3215     2578     1385     3001     1743     3315     1839     2842     2087     618      1828     1992     2558     205      2996     2758     923      261      1847     1167     3003     1789     681      1924     2579     2689     2243     1839     2310     688      1486     
32       1193     2853     1960     2129     1589     3005     693      1309     2269     2180     886      1732     1856     2264     2415     3147     1694     3654     1893     2599     688      1992     4179     3584     2616     1579     1478     3563     3669     2659     1071     2943     0        3248     1144     3024     1257     671      2778     1547     2750     3437     490      1698     2493     2827     2914     2850     3408     1956     507      723      3273     1012     2406     825      1555     727      3139     3458     1516     2812     3046     2992     1811     2435     2028     2733     1096     2407     1619     2211     3618     1336     2939     1742     1032     2446     2822     3045     3664     
33       2237     3434     1537     2300     3195     1873     2645     3034     1269     1667     2568     3690     3319     1618     2494     3391     1698     1700     3290     1778     3893     2136     2206     2625     2615     1870     2680     2575     1123     910      3841     2210     3248     0        2671     4020     2503     3584     3639     1807     2345     2814     3481     3591     1846     472      333      4015     2791     1292     3728     3386     932      3916     878      3991     1726     2671     4168     2044     1775     3985     535      2416     1973     1246     2088     2319     2514     1248     2129     1054     2363     1949     646      4079     2216     814      4253     2888     1193     
34       1449     1796     1895     997      703      1931     584      424      2117     1208     379      1124     953      1293     1271     2051     1640     2637     964      1545     1781     2302     3119     2448     1472     802      347      2430     2782     2393     1200     1822     1144     2671     0        2099     175      1047     1785     893      1615     2293     1623     1037     1430     2202     2356     1968     2264     1486     1396     804      2413     1307     1798     1530     1038     1290     2235     2372     984      1929     2657     1855     2019     2307     940      1599     205      1552     1905     1646     2503     868      2587     1437     899      1876     2047     1905     2760     
35       3538     612      3846     1758     1451     2310     2667     1754     3988     2396     2477     1359     1179     2425     1526     847      3629     2977     1152     2255     3445     4361     3121     2046     1422     2568     1795     2074     3505     4138     2252     1952     3024     4020     2099     0        2130     2506     382      2725     1735     1716     3501     1358     2176     3588     3798     213      1712     3250     2980     2334     3307     2421     3323     2873     2914     3376     150      2477     2870     240      4243     1774     4066     4169     2003     1754     2284     2793     3977     3269     2330     2838     4223     1646     2977     3424     502      1319     3438     
36       1409     1780     1789     873      798      1778     632      554      1995     1035     409      1252     1025     1120     1170     2011     1543     2474     1026     1385     1913     2238     2964     2327     1379     639      335      2306     2608     2253     1375     1688     1257     2503     175      2130     0        1216     1798     743      1493     2190     1723     1160     1272     2032     2190     2014     2160     1339     1546     976      2237     1483     1632     1695     901      1309     2271     2223     848      1976     2503     1735     1948     2185     787      1476     178      1376     1848     1486     2366     753      2437     1591     847      1712     2119     1823     2586     
37       1767     2443     2474     2003     1170     2968     953      971      2764     2249     1018     1157     1402     2335     2220     2773     2200     3684     1450     2591     939      2615     4156     3415     2392     1753     1285     3403     3816     3123     400      2827     671      3584     1047     2506     1216     0        2315     1783     2597     3215     1057     1148     2473     3131     3254     2316     3188     2309     474      249      3438     369      2709     488      1859     1346     2606     3402     1809     2279     3467     2829     2404     2944     1982     2586     1124     2566     2225     2529     3507     1639     3373     1085     1434     2769     2240     2776     3797     
38       3207     289      3482     1377     1189     1954     2365     1478     3616     2014     2165     1220     925      2043     1145     626      3271     2645     885      1879     3252     4014     2831     1773     1052     2203     1464     1795     3150     3759     2110     1602     2778     3639     1785     382      1798     2315     0        2361     1373     1451     3264     1192     1797     3206     3416     410      1441     2876     2789     2119     2939     2282     2941     2721     2551     3074     532      2155     2508     394      3861     1435     3716     3795     1622     1391     1960     2410     3635     2889     2037     2485     3841     1590     2644     3042     723      1011     3086     
39       1031     2270     1121     1085     1525     1621     875      1297     1281     743      764      1993     1722     812      1423     2413     919      2165     1712     1214     2232     1692     2723     2356     1637     161      1012     2322     2122     1512     2034     1689     1547     1807     893      2725     743      1783     2361     0        1594     2322     1902     1900     1142     1348     1483     2643     2290     596      1980     1579     1726     2109     929      2213     189      1205     2873     2066     153      2606     1764     1816     1389     1468     851      1568     715      867      1351     761      2295     248      1695     2329     595      997      2793     2080     2120     
40       2620     1125     2591     620      1558     584      2105     1641     2625     929      1885     1963     1490     907      392      1046     2459     1316     1437     578      3395     3246     1638     834      333      1448     1316     815      1778     2651     2605     263      2750     2345     1615     1735     1493     2597     1373     1594     0        730      3215     1875     549      1955     2170     1779     699      1900     2998     2349     1574     2758     1790     3084     1759     2701     1874     881      1741     1757     2651     241      2946     2777     770      28       1660     1210     2936     1807     915      1816     2659     2427     2115     1890     2070     560      1715     
41       3350     1162     3285     1327     2091     949      2814     2243     3289     1630     2591     2403     1947     1593     1022     870      3170     1368     1890     1203     4061     3955     1408     331      827      2178     1969     363      1991     3266     3163     672      3437     2814     2293     1716     2190     3215     1451     2322     730      0        3912     2331     1222     2493     2704     1841     31       2588     3643     2972     1927     3326     2411     3693     2483     3428     1822     863      2466     1834     3198     508      3658     3429     1499     754      2362     1838     3656     2461     634      2546     3228     2854     2845     2506     2167     477      1913     
42       1279     3343     2065     2595     2076     3436     1118     1799     2384     2587     1332     2187     2340     2669     2890     3637     1827     4054     2379     3025     469      1923     4595     4048     3095     1962     1963     4025     4014     2796     1433     3398     490      3481     1623     3501     1723     1057     3264     1902     3215     3912     0        2161     2925     3093     3152     3324     3883     2216     677      1175     3615     1329     2685     989      1870     812      3613     3890     1841     3286     3213     3457     1811     2528     2476     3197     1554     2769     1607     2485     4067     1668     3095     2140     1328     2708     3278     3528     4017     
43       2431     1364     2932     1437     396      2391     1488     612      3152     1965     1356     99       388      2035     1487     1720     2674     3152     444      2112     2086     3304     3513     2594     1581     1781     913      2596     3471     3413     918      2137     1698     3591     1037     1358     1160     1148     1192     1900     1875     2331     2161     0        1994     3119     3297     1169     2310     2495     1621     986      3152     1091     2747     1530     2061     2162     1459     2755     2008     1132     3645     2065     3033     3342     1564     1876     1241     2375     2901     2620     2766     1904     3586     554      1911     2835     1125     1857     3429     
44       2170     1587     2063     556      1619     512      1809     1597     2081     412      1607     2091     1644     370      653      1572     1950     1213     1601     120      3170     2734     1693     1218     771      1018     1219     1182     1479     2102     2566     559      2493     1846     1430     2176     1272     2473     1797     1142     549      1222     2925     1994     0        1430     1645     2182     1192     1367     2818     2227     1186     2699     1241     2959     1285     2320     2323     965      1276     2155     2116     718      2438     2230     492      521      1407     664      2444     1259     1159     1383     2118     2541     1713     1342     2440     1108     1435     
45       1892     3014     1284     1849     2723     1544     2202     2562     1085     1210     2112     3218     2851     1168     2065     2998     1383     1556     2823     1378     3488     1957     2117     2344     2202     1403     2208     2295     1123     858      3378     1853     2827     472      2202     3588     2032     3131     3206     1348     1955     2493     3093     3119     1430     0        215      3573     2467     878      3296     2928     792      3457     423      3550     1283     2294     3737     1798     1329     3543     705      2056     1743     1135     1629     1928     2049     797      1867     616      2116     1507     741      3607     1796     385      3802     2511     1169     
46       1917     3226     1245     2054     2902     1755     2313     2729     1005     1412     2240     3395     3040     1375     2277     3213     1384     1723     3013     1593     3561     1884     2271     2548     2416     1554     2384     2499     1236     711      3517     2067     2914     333      2356     3798     2190     3254     3416     1483     2170     2704     3152     3297     1645     215      0        3780     2679     959      3394     3060     946      3589     558      3659     1395     2343     3948     1994     1444     3749     495      2271     1694     1020     1829     2144     2194     1005     1837     724      2314     1617     544      3775     1882     486      4005     2726     1291     
47       3416     691      3760     1727     1297     2362     2525     1603     3917     2369     2344     1162     1027     2405     1529     985      3534     3055     1007     2270     3252     4252     3233     2168     1454     2489     1681     2192     3557     4085     2051     2012     2850     4015     1968     213      2014     2316     410      2643     1779     1841     3324     1169     2182     3573     3780     0        1833     3186     2788     2151     3338     2218     3288     2671     2830     3231     290      2564     2784     39       4213     1846     3960     4100     1963     1796     2160     2776     3862     3222     2439     2739     4186     1435     2858     3388     327      1416     3493     
48       3318     1152     3255     1296     2067     924      2783     2217     3260     1599     2561     2382     1925     1562     993      867      3139     1356     1868     1173     4033     3925     1410     334      799      2146     1940     363      1976     3238     3138     643      3408     2791     2264     1712     2160     3188     1441     2290     699      31       3883     2310     1192     2467     2679     1833     0        2558     3616     2945     1907     3302     2383     3666     2452     3397     1819     850      2435     1826     3173     477      3627     3400     1468     723      2332     1809     3625     2432     630      2515     3202     2835     2814     2478     2159     459      1898     
49       1052     2750     697      1524     2117     1738     1360     1894     745      971      1308     2589     2304     997      1835     2841     633      2090     2290     1390     2611     1386     2673     2549     2030     720      1599     2507     1867     920      2593     1918     1956     1292     1486     3250     1339     2309     2876     596      1900     2588     2216     2495     1367     878      959      3186     2558     0        2435     2126     1474     2653     472      2702     458      1421     3400     2135     512      3150     1176     2086     1102     920      1272     1872     1301     803      1155     274      2414     671      1101     2923     924      493      3357     2440     1887     
