

sets
i        orders          /0*80/
k        routes          /1*80/
p        positions       /0*80/
;

alias(i,j)
alias(i,h)
alias(i,hh)
alias(i,jj)
alias(k,kk)
                            Parameters

rho(i)	Processing time
/
0	0
1	69
2	83
3	84
4	98
5	30
6	45
7	4
8	91
9	35
10	33
11	64
12	63
13	21
14	76
15	17
16	47
17	29
18	10
19	18
20	4
21	28
22	99
23	70
24	31
25	79
26	31
27	98
28	84
29	92
30	57
31	46
32	28
33	39
34	32
35	41
36	58
37	76
38	88
39	56
40	49
41	87
42	13
43	15
44	50
45	43
46	94
47	50
48	26
49	40
50	80
51	72
52	62
53	49
54	36
55	11
56	33
57	65
58	99
59	38
60	74
61	99
62	72
63	29
64	74
65	17
66	29
67	9
68	7
69	52
70	20
71	10
72	40
73	84
74	44
75	28
76	47
77	88
78	37
79	23
80	36
/

gamma(i)	Duedate
/
0	0
1	94
2	17
3	57
4	29
5	4
6	40
7	2
8	14
9	5
10	47
11	10
12	94
13	21
14	43
15	69
16	86
17	35
18	62
19	38
20	95
21	54
22	99
23	4
24	82
25	25
26	33
27	53
28	96
29	16
30	74
31	71
32	54
33	71
34	41
35	4
36	53
37	23
38	35
39	51
40	73
41	35
42	38
43	45
44	93
45	44
46	65
47	42
48	13
49	42
50	24
51	63
52	82
53	72
54	81
55	8
56	27
57	70
58	16
59	65
60	86
61	35
62	74
63	59
64	16
65	46
66	95
67	36
68	98
69	33
70	49
71	16
72	27
73	77
74	22
75	54
76	84
77	23
78	79
79	40
80	8
/

sigma(i)	Size
/
0	0
1	3
2	8
3	4
4	3
5	7
6	2
7	7
8	4
9	4
10	2
11	2
12	2
13	8
14	9
15	6
16	6
17	7
18	9
19	3
20	8
21	1
22	4
23	1
24	4
25	3
26	4
27	1
28	8
29	2
30	4
31	2
32	5
33	3
34	5
35	6
36	6
37	9
38	8
39	9
40	6
41	7
42	2
43	5
44	9
45	9
46	3
47	3
48	2
49	9
50	2
51	2
52	8
53	4
54	1
55	8
56	4
57	3
58	8
59	9
60	2
61	8
62	7
63	5
64	2
65	6
66	3
67	3
68	5
69	6
70	5
71	6
72	3
73	4
74	1
75	3
76	6
77	6
78	6
79	6
80	5
/

epsilon(i)	Priority
/
0	0
1	3
2	2
3	2
4	4
5	1
6	9
7	6
8	4
9	3
10	9
11	5
12	8
13	6
14	8
15	5
16	6
17	8
18	6
19	9
20	7
21	7
22	3
23	6
24	5
25	7
26	7
27	1
28	8
29	4
30	2
31	3
32	7
33	5
34	8
35	8
36	5
37	2
38	4
39	3
40	8
41	8
42	9
43	9
44	6
45	7
46	1
47	1
48	4
49	6
50	7
51	6
52	6
53	1
54	4
55	6
56	4
57	1
58	5
59	5
60	9
61	7
62	4
63	4
64	6
65	1
66	8
67	4
68	4
69	9
70	7
71	6
72	1
73	3
74	1
75	5
76	8
77	9
78	8
79	2
80	8
/

psi	Vehicle Capacity
/ 72 /
;

Table kappa(i,j)                 Setup
         0        1        2        3        4        5        6        7        8        9        10       11       12       13       14       15       16       17       18       19       20       21       22       23       24       25       26       27       28       29       30       31       32       33       34       35       36       37       38       39       40       41       42       43       44       45       46       47       48       49       50       51       52       53       54       55       56       57       58       59       60       61       62       63       64       65       66       67       68       69       70       71       72       73       74       75       76       77       78       79       80       
0        0        301      1111     1258     1180     2068     1624     968      919      2008     684      1300     1936     1032     724      2484     2374     2566     2408     2212     1742     1977     1171     2503     1725     1764     1577     1708     2861     1388     644      1932     2468     167      717      2158     1080     1333     2148     2837     1446     1270     2869     1056     1470     2358     2365     1697     1863     2552     1185     1518     84       1338     2602     1388     1997     2293     1344     2278     88       1881     838      2273     2451     586      623      2076     1709     1782     999      2106     544      2246     1001     1276     2544     2102     1770     1537     1057     
1        301      0        817      1203     879      2368     1553     714      659      2101     452      1487     1942     766      924      2777     2567     2765     2708     2451     1670     2265     1468     2763     1748     1904     1851     1782     3151     1116     943      2001     2663     246      1011     2113     1311     1105     2448     3114     1511     1006     3056     1217     1177     2634     2663     1882     2004     2849     1257     1611     231      1193     2848     1092     2197     2500     1398     2248     375      1920     1095     2214     2630     860      663      2368     1903     1880     1045     2239     309      2471     1174     1209     2775     2306     1914     1545     1289     
2        1111     817      0        1231     185      3154     1828     687      323      2668     749      2220     2350     635      1695     3594     3039     3246     3491     3042     1542     2999     2244     3404     1863     2557     2663     2332     3968     763      1755     2201     3138     998      1827     2392     2094     993      3259     3926     2067     343      3498     1933     361      3327     3476     2599     2380     3664     1850     1916     1031     1347     3449     277      2704     3235     1947     2553     1172     2056     1791     2449     3063     1602     1110     3185     2411     2165     1629     2868     611      3230     1905     1555     3539     2815     2304     1996     1924     
3        1258     1203     1231     0        1415     2642     2742     1716     930      3265     1567     2534     3145     1715     1964     3321     1933     2139     2941     2078     485      2322     1816     2492     632      3017     2610     2959     3717     1961     1641     975      2031     1100     1748     3309     2268     2111     2909     3787     2693     1019     2349     2308     1384     2519     3128     2925     1234     3332     2433     760      1198     2336     2473     1388     1657     3484     2584     3449     1229     825      1260     3403     1923     1263     658      2942     1397     972      2233     3361     957      3405     2249     2405     3682     1763     1177     2747     1217     
4        1180     879      185      1415     0        3243     1705     578      496      2593     709      2203     2242     511      1703     3646     3203     3410     3583     3190     1726     3112     2338     3543     2047     2508     2695     2257     4013     585      1822     2384     3303     1088     1886     2260     2105     836      3326     3955     1998     503      3667     1913     376      3453     3540     2573     2552     3724     1795     2091     1106     1217     3596     271      2863     3211     1878     2425     1250     2240     1910     2310     3232     1706     1258     3238     2569     2342     1577     2809     727      3218     1892     1453     3529     2975     2474     1903     2058     
5        2068     2368     3154     2642     3243     0        3102     2986     2900     2643     2699     1845     3027     3063     1837     862      1831     1875     340      1303     3007     487      910      1166     2595     2248     1093     2576     1213     3415     1447     2475     1855     2157     1414     3405     1594     3280     460      1431     2486     3231     2170     1960     3500     824      600      1935     2011     785      2346     2166     2138     3094     1400     3430     1610     1997     2481     3432     1994     2599     1425     3556     1995     1559     2171     703      1595     2240     2365     2462     2545     1798     1907     2843     1886     1617     1960     2759     1424     
6        1624     1553     1828     2742     1705     3102     0        1142     1952     1093     1187     1320     574      1196     1311     3075     3950     4130     3410     3701     3186     3232     2426     3905     3301     1233     2109     818      3340     1250     1856     3543     4039     1727     1821     573      1510     924      2939     3141     701      2168     4446     1144     2062     3676     3097     1480     3484     3218     759      3138     1641     491      4054     1960     3569     2030     652      727      1699     3472     2364     661      4043     2103     2205     2728     3296     3404     758      1396     1787     2137     1195     348      2421     3668     3391     420      2613     
7        968      714      687      1716     578      2986     1142     0        836      2019     289      1701     1666     89       1268     3272     3274     3474     3325     3164     2115     2938     2117     3469     2327     1955     2286     1684     3619     429      1539     2623     3372     960      1575     1708     1659     406      2995     3524     1429     1026     3761     1412     952      3326     3199     2049     2687     3370     1241     2266     924      666      3560     847      2908     2687     1310     1868     1055     2512     1801     1771     3331     1554     1329     2870     2613     2533     1030     2244     790      2713     1404     874      3024     3017     2600     1324     2003     
8        919      659      323      930      496      2900     1952     836      0        2685     782      2139     2434     815      1582     3391     2716     2923     3234     2727     1287     2717     1991     3095     1561     2528     2496     2354     3773     1032     1546     1891     2816     778      1629     2524     1970     1207     3037     3756     2083     351      3175     1862     610      3030     3256     2531     2058     3450     1845     1595     835      1496     3135     559      2383     3155     1964     2679     962      1753     1508     2598     2740     1341     800      2984     2091     1846     1624     2855     375      3129     1823     1646     3434     2494     1981     2057     1623     
9        2008     2101     2668     3265     2593     2643     1093     2019     2685     0        1924     891      597      2096     1345     2338     3957     4102     2888     3583     3747     2925     2263     3669     3708     396      1550     335      2513     2259     1863     3863     4030     2165     1776     966      1222     1942     2342     2249     602      2978     4431     996      2969     3376     2440     710      3662     2505     845      3433     2066     1504     3864     2863     3592     1028     722      908      2046     3847     2455     1104     4084     2243     2627     2083     3367     3675     1063     322      2403     1187     1066     1177     1424     3671     3570     723      2704     
10       684      452      749      1567     709      2699     1187     289      782      1924     0        1495     1652     363      1016     3005     3019     3217     3039     2890     2001     2649     1828     3187     2152     1808     2029     1589     3359     717      1252     2427     3115     692      1290     1759     1415     655      2718     3278     1322     1054     3509     1205     1079     3039     2924     1863     2454     3098     1101     2051     645      770      3283     975      2648     2502     1201     1908     772      2332     1520     1844     3082     1270     1103     2601     2355     2319     879      2118     610      2510     1186     867      2821     2757     2364     1276     1730     
11       1300     1487     2220     2534     2203     1845     1320     1701     2139     891      1495     0        1182     1789     576      1757     3066     3211     2129     2696     3019     2069     1373     2802     2906     530      795      740      2039     2067     998      3026     3139     1468     903      1560     332      1812     1630     1877     648      2474     3540     290      2567     2523     1779     397      2791     1898     579      2597     1376     1472     2988     2466     2702     1017     668      1589     1311     3029     1587     1711     3194     1397     1876     1410     2482     2826     711      863      1795     1015     316      1145     1326     2780     2700     934      1829     
12       1936     1942     2350     3145     2242     3027     574      1666     2434     597      1652     1182     0        1731     1421     2842     4127     4291     3304     3812     3611     3240     2492     3958     3660     874      1957     461      3055     1819     1988     3865     4208     2070     1925     395      1467     1493     2785     2812     569      2683     4616     1133     2609     3693     2912     1182     3738     3001     798      3444     1974     1052     4132     2505     3749     1616     627      407      1996     3817     2556     545      4237     2312     2554     2544     3496     3701     941      920      2215     1760     1203     794      2014     3839     3644     399      2811     
13       1032     766      635      1715     511      3063     1196     89       815      2096     363      1789     1731     0        1355     3357     3314     3515     3402     3217     2101     3007     2189     3528     2332     2040     2373     1762     3706     356      1615     2636     3412     1012     1654     1756     1747     396      3078     3612     1510     978      3798     1501     880      3390     3283     2137     2716     3454     1326     2288     983      712      3614     775      2950     2775     1391     1919     1118     2520     1859     1814     3367     1616     1359     2955     2655     2553     1117     2326     810      2802     1493     943      3113     3060     2630     1397     2056     
14       724      924      1695     1964     1703     1837     1311     1268     1582     1345     1016     576      1421     1355     0        2009     2705     2871     2163     2408     2450     1924     1114     2595     2368     1057     1018     1086     2351     1678     567      2517     2788     891      514      1732     401      1482     1763     2261     862      1925     3195     352      2051     2365     1956     973      2336     2116     625      2088     799      1257     2749     1955     2328     1577     794      1813     737      2502     1139     1871     2815     907      1310     1612     2076     2332     553      1401     1228     1547     286      1017     1852     2418     2243     1055     1394     
15       2484     2777     3594     3321     3646     862      3075     3272     3391     2338     3005     1757     2842     3357     2009     0        2692     2729     831      2161     3732     1349     1504     1976     3371     1976     999      2383     396      3687     1845     3291     2714     2613     1767     3238     1644     3485     434      571      2385     3739     3014     1978     3954     1633     265      1661     2847     177      2333     2949     2565     3202     2215     3869     2469     1449     2422     3222     2431     3398     2061     3388     2856     2107     2763     408      2432     3054     2429     2079     3017     1241     1951     2893     1205     2479     2789     2676     2138     
16       2374     2567     3039     1933     3203     1831     3950     3274     2716     3957     3019     3066     4127     3314     2705     2692     0        207      1936     537      2006     1344     1702     880      1461     3586     2598     3761     3023     3642     2138     1135     99       2328     2205     4428     2734     3672     2284     3262     3562     2914     496      3009     3274     1142     2427     3338     703      2598     3330     1173     2387     3711     715      3255     380      3635     3499     4517     2288     1334     1587     4562     165      1847     1965     2488     665      1001     3224     3889     2524     3465     2937     3611     3626     287      756      3757     1336     
17       2566     2765     3246     2139     3410     1875     4130     3474     2923     4102     3217     3211     4291     3515     2871     2729     207      0        1945     576      2200     1395     1839     826      1655     3726     2707     3916     3044     3845     2303     1319     108      2525     2366     4599     2881     3871     2334     3299     3724     3122     328      3167     3482     1129     2463     3468     907      2624     3496     1379     2582     3901     622      3463     568      3738     3665     4684     2479     1520     1766     4735     260      2029     2169     2553     861      1198     3398     4022     2728     3562     3095     3793     3710     463      963      3926     1519     
18       2408     2708     3491     2941     3583     340      3410     3325     3234     2888     3039     2129     3304     3402     2163     831      1936     1945     0        1399     3287     663      1246     1158     2850     2497     1349     2848     1102     3754     1787     2699     1944     2496     1751     3689     1899     3615     564      1385     2776     3563     2212     2266     3836     822      577      2178     2217     695      2651     2422     2478     3420     1397     3767     1773     2156     2780     3707     2334     2838     1748     3840     2101     1893     2496     839      1808     2469     2682     2683     2882     1949     2216     3161     1986     1760     2176     3055     1726     
19       2212     2451     3042     2078     3190     1303     3701     3164     2727     3583     2890     2696     3812     3217     2408     2161     537      576      1399     0        2264     819      1325     430      1739     3199     2147     3417     2487     3562     1847     1478     553      2204     1894     4139     2371     3544     1760     2732     3242     2977     889      2679     3321     617      1896     2929     979      2063     3028     1361     2244     3520     407      3285     470      3171     3193     4213     2124     1659     1376     4280     702      1638     1933     1976     682      1284     2952     3484     2473     2992     2609     3376     3134     406      982      3462     1161     
20       1742     1670     1542     485      1726     3007     3186     2115     1287     3747     2001     3019     3611     2101     2450     3732     2006     2200     3287     2264     0        2642     2233     2693     545      3503     3070     3438     4127     2303     2113     894      2096     1582     2221     3757     2750     2494     3311     4218     3171     1256     2351     2794     1597     2775     3525     3409     1315     3730     2912     908      1681     2760     2632     1630     1805     3963     3061     3902     1714     696      1686     3845     1956     1724     1142     3366     1595     1007     2709     3846     1401     3879     2734     2856     4152     1898     1289     3215     1596     
21       1977     2265     2999     2322     3112     487      3232     2938     2717     2925     2649     2069     3240     3007     1924     1349     1344     1395     663      819      2642     0        832      752      2191     2531     1408     2809     1694     3363     1430     2035     1370     2031     1433     3599     1773     3272     941      1919     2677     3027     1698     2122     3327     453      1087     2236     1555     1265     2500     1764     2035     3150     969      3268     1130     2397     2652     3647     1894     2175     1209     3747     1508     1408     1940     1159     1144     1805     2475     2783     2389     2208     2059     2940     2329     1132     1513     2931     1128     
22       1171     1468     2244     1816     2338     910      2426     2117     1991     2263     1828     1373     2492     2189     1114     1504     1702     1839     1246     1325     2233     832      0        1480     1911     1886     955      2091     1901     2545     598      1898     1771     1250     607      2830     1046     2442     1097     1987     1922     2324     2168     1358     2590     1257     1317     1636     1541     1520     1719     1508     1237     2320     1642     2520     1351     1985     1880     2895     1093     1969     556      2974     1838     650      1282     1132     1171     1668     1668     2187     1636     1839     1289     2121     2055     1419     1460     2154     660      
23       2503     2763     3404     2492     3543     1166     3905     3469     3095     3669     3187     2802     3958     3528     2595     1976     880      826      1158     430      2693     752      1480     0        2169     3276     2161     3539     2259     3879     2056     1906     854      2517     2084     4306     2493     3835     1619     2539     3391     3361     1061     2828     3696     344      1712     2985     1409     1852     3197     1787     2545     3770     240      3655     899      3142     3355     4364     2415     2088     1668     4451     1033     1918     2295     1869     1103     1714     3148     3535     2818     2949     2762     3594     3051     826      1412     3631     1486     
24       1725     1748     1863     632      2047     2595     3301     2327     1561     3708     2152     2906     3660     2332     2368     3371     1461     1655     2850     1739     545      2191     1911     2169     0        3420     2819     3423     3761     2590     1932     366      1551     1590     2038     3858     2606     2728     2940     3888     3167     1637     1814     2720     1999     2277     3146     3279     774      3349     2906     429      1685     2923     2096     2011     1274     3782     3068     3988     1673     193      1407     3962     1412     1524     1106     3030     1089     464      2724     3763     1546     3673     2653     2956     3924     1362     757      3260     1251     
25       1764     1904     2557     3017     2508     2248     1233     1955     2528     396      1808     530      874      2040     1057     1976     3586     3726     2497     3199     3503     2531     1886     3276     3420     0        1155     431      2180     2257     1527     3551     3657     1928     1433     1268     860      1960     1955     1943     565      2844     4055     709      2883     2981     2063     321      3321     2139     714      3121     1831     1549     3473     2778     3226     799      668      1245     1788     3548     2117     1417     3717     1922     2366     1700     3011     3353     930      344      2213     907      770      1202     1188     3301     3230     814      2360     
26       1577     1851     2663     2610     2695     1093     2109     2286     2496     1550     2029     795      1957     2373     1018     999      2598     2707     1349     2147     3070     1408     955      2161     2819     1155     0        1499     1333     2695     986      2842     2654     1726     886      2344     645      2486     835      1263     1443     2847     3031     985      3024     1849     989      843      2496     1122     1354     2437     1661     2205     2373     2933     2273     1039     1461     2357     1541     2897     1412     2496     2746     1348     1983     622      2119     2615     1434     1379     2121     884      954      1903     1107     2327     2415     1729     1588     
27       1708     1782     2332     2959     2257     2576     818      1684     2354     335      1589     740      461      1762     1086     2383     3761     3916     2848     3417     3438     2809     2091     3539     3423     431      1499     0        2604     1933     1634     3595     3838     1860     1557     855      1048     1620     2325     2373     271      2644     4243     754      2633     3263     2450     724      3422     2541     526      3167     1761     1187     3721     2528     3389     1217     390      858      1752     3568     2220     1006     3880     1993     2331     2082     3150     3415     737      591      2080     1337     826      852      1611     3473     3329     413      2473     
28       2861     3151     3968     3717     4013     1213     3340     3619     3773     2513     3359     2039     3055     3706     2351     396      3023     3044     1102     2487     4127     1694     1901     2259     3761     2180     1333     2604     0        4028     2227     3672     3037     2995     2145     3449     1971     3812     820      355      2640     4123     3314     2284     4329     1924     620      1880     3220     428      2618     3337     2944     3506     2498     4242     2823     1540     2691     3416     2811     3784     2457     3596     3188     2500     3157     791      2803     3436     2735     2227     3399     1345     2265     3185     1216     2825     3165     2929     2533     
29       1388     1116     763      1961     585      3415     1250     429      1032     2259     717      2067     1819     356      1678     3687     3642     3845     3754     3562     2303     3363     2545     3879     2590     2257     2695     1933     4028     0        1968     2911     3740     1362     2004     1766     2059     325      3419     3919     1703     1086     4121     1785     867      3745     3621     2391     3027     3789     1558     2584     1337     768      3962     776      3283     3022     1591     1935     1473     2781     2211     1794     3688     1970     1678     3287     2987     2846     1367     2517     1120     3066     1786     1082     3376     3394     2943     1538     2402     
30       644      943      1755     1641     1822     1447     1856     1539     1546     1863     1252     998      1988     1615     567      1845     2138     2303     1787     1847     2113     1430     598      2056     1932     1527     986      1634     2227     1968     0        2030     2220     768      108      2298     680      1848     1504     2224     1425     1895     2627     880      2113     1852     1720     1353     1798     1909     1193     1602     723      1723     2198     2032     1761     1858     1361     2380     586      2042     592      2436     2250     408      999      1438     1516     1827     1105     1861     1172     1766     807      1538     2041     1851     1706     1622     841      
31       1932     2001     2201     975      2384     2475     3543     2623     1891     3863     2427     3026     3865     2636     2517     3291     1135     1319     2699     1478     894      2035     1898     1906     366      3551     2842     3595     3672     2911     2030     0        1219     1816     2131     4088     2710     3028     2857     3829     3349     1991     1456     2867     2355     2055     3051     3382     502      3250     3090     430      1905     3192     1806     2362     1009     3842     3257     4211     1869     201      1459     4200     1068     1628     1339     2978     892      236      2923     3889     1834     3716     2798     3196     3949     1081     524      3467     1254     
32       2468     2663     3138     2031     3303     1855     4039     3372     2816     4030     3115     3139     4208     3412     2788     2714     99       108      1944     553      2096     1370     1771     854      1551     3657     2654     3838     3037     3740     2220     1219     0        2424     2285     4513     2808     3769     2312     3285     3643     3014     408      3088     3373     1137     2449     3404     799      2614     3413     1270     2482     3804     669      3355     471      3689     3582     4600     2382     1419     1675     4648     183      1936     2064     2523     760      1093     3310     3957     2623     3516     3016     3701     3671     371      854      3841     1426     
33       167      246      998      1100     1088     2157     1727     960      778      2165     692      1468     2070     1012     891      2613     2328     2525     2496     2204     1582     2031     1250     2517     1590     1928     1726     1860     2995     1362     768      1816     2424     0        852      2273     1245     1347     2265     2981     1595     1128     2820     1221     1351     2393     2483     1864     1783     2675     1334     1412     98       1405     2601     1275     1957     2460     1489     2400     185      1752     851      2383     2395     623      484      2206     1664     1679     1140     2270     403      2410     1167     1380     2707     2065     1691     1670     1043     
34       717      1011     1827     1748     1886     1414     1821     1575     1629     1776     1290     903      1925     1654     514      1767     2205     2366     1751     1894     2221     1433     607      2084     2038     1433     886      1557     2145     2004     108      2131     2285     852      0        2245     579      1868     1440     2132     1358     1980     2692     804      2187     1865     1654     1250     1888     1838     1135     1704     799      1717     2235     2103     1831     1750     1301     2321     667      2147     684      2385     2322     514      1105     1359     1594     1926     1064     1765     1254     1658     731      1513     1934     1918     1797     1568     928      
35       2158     2113     2392     3309     2260     3405     573      1708     2524     966      1759     1560     395      1756     1732     3238     4428     4599     3689     4139     3757     3599     2830     4306     3858     1268     2344     855      3449     1766     2298     4088     4513     2273     2245     0        1828     1448     3175     3202     923      2733     4921     1478     2607     4051     3305     1577     4001     3396     1112     3676     2183     1044     4472     2507     4048     1994     950      170      2227     4025     2845     151      4531     2591     2756     2936     3785     3940     1205     1285     2357     2146     1544     904      2390     4143     3907     677      3099     
36       1080     1311     2094     2268     2105     1594     1510     1659     1970     1222     1415     332      1467     1747     401      1644     2734     2881     1899     2371     2750     1773     1046     2493     2606     860      645      1048     1971     2059     680      2710     2808     1245     579      1828     0        1842     1444     1865     905      2317     3210     366      2452     2226     1619     673      2463     1764     752      2282     1161     1564     2673     2356     2370     1220     889      1874     1072     2721     1262     1977     2861     1086     1611     1261     2150     2506     797      1186     1608     1166     319      1274     1465     2448     2372     1168     1501     
37       1333     1105     993      2111     836      3280     924      406      1207     1942     655      1812     1493     396      1482     3485     3672     3871     3615     3544     2494     3272     2442     3835     2728     1960     2486     1620     3812     325      1848     3028     3769     1347     1868     1448     1842     0        3244     3682     1399     1333     4160     1539     1163     3675     3438     2113     3092     3597     1275     2673     1300     444      3936     1066     3303     2737     1291     1617     1422     2915     2172     1485     3732     1917     1734     3093     3009     2939     1101     2208     1196     2793     1549     768      3100     3412     3005     1219     2385     
38       2148     2448     3259     2909     3326     460      2939     2995     3037     2342     2718     1630     2785     3078     1763     434      2284     2334     564      1760     3311     941      1097     1619     2940     1955     835      2325     820      3419     1504     2857     2312     2265     1440     3175     1444     3244     0        988      2278     3381     2630     1803     3616     1276     221      1634     2414     423      2181     2517     2227     3003     1856     3536     2045     1593     2294     3182     2087     2965     1653     3327     2447     1723     2372     275      1999     2620     2241     2126     2667     1387     1763     2718     1443     2060     2355     2564     1714     
39       2837     3114     3926     3787     3955     1431     3141     3524     3756     2249     3278     1877     2812     3612     2261     571      3262     3299     1385     2732     4218     1919     1987     2539     3888     1943     1263     2373     355      3919     2224     3829     3285     2981     2132     3202     1865     3682     988      0        2439     4107     3583     2143     4287     2198     836      1662     3398     690      2449     3471     2921     3349     2779     4196     3034     1243     2502     3157     2796     3927     2533     3347     3427     2539     3194     857      2984     3593     2587     1949     3381     1063     2135     3017     890      3047     3336     2723     2641     
40       1446     1511     2067     2693     1998     2486     701      1429     2083     602      1322     648      569      1510     862      2385     3562     3724     2776     3242     3171     2677     1922     3391     3167     565      1443     271      2640     1703     1425     3349     3643     1595     1358     923      905      1399     2278     2439     0        2376     4050     564      2375     3130     2423     780      3194     2533     261      2923     1497     983      3563     2269     3186     1360     120      973      1494     3316     2001     1072     3676     1764     2070     2053     2938     3175     466      818      1808     1447     633      637      1741     3275     3101     291      2256     
41       1270     1006     343      1019     503      3231     2168     1026     351      2978     1054     2474     2683     978      1925     3739     2914     3122     3563     2977     1256     3027     2324     3361     1637     2844     2847     2644     4123     1086     1895     1991     3014     1128     1980     2733     2317     1333     3381     4107     2376     0        3353     2193     365      3319     3601     2863     2231     3796     2148     1756     1186     1689     3383     377      2602     3491     2256     2895     1312     1829     1823     2792     2921     1674     1088     3333     2318     1987     1926     3164     726      3472     2158     1888     3778     2713     2163     2321     1914     
42       2869     3056     3498     2349     3667     2170     4446     3761     3175     4431     3509     3540     4616     3798     3195     3014     496      328      2212     889      2351     1698     2168     1061     1814     4055     3031     4243     3314     4121     2627     1456     408      2820     2692     4921     3210     4160     2630     3583     4050     3353     0        3493     3716     1390     2748     3797     1122     2900     3820     1596     2881     4206     828      3704     876      4059     3989     5008     2783     1656     2082     5056     435      2343     2443     2858     1159     1382     3718     4351     3001     3881     3422     4108     4022     778      1194     4249     1832     
43       1056     1217     1933     2308     1913     1960     1144     1412     1862     996      1205     290      1133     1501     352      1978     3009     3167     2266     2679     2794     2122     1358     2828     2720     709      985      754      2284     1785     880      2867     3088     1221     804      1478     366      1539     1803     2143     564      2193     3493     0        2278     2573     1972     669      2673     2108     386      2437     1126     1224     2999     2177     2635     1301     530      1537     1079     2854     1468     1625     3126     1248     1657     1608     2395     2679     451      1053     1527     1305     72       917      1617     2721     2580     809      1720     
44       1470     1177     361      1384     376      3500     2062     952      610      2969     1079     2567     2609     880      2051     3954     3274     3482     3836     3321     1597     3327     2590     3696     1999     2883     3024     2633     4329     867      2113     2355     3373     1351     2187     2607     2452     1163     3616     4287     2375     365      3716     2278     0        3638     3833     2941     2594     4023     2171     2120     1389     1571     3728     105      2957     3579     2255     2774     1528     2191     2118     2648     3284     1943     1405     3545     2670     2352     1952     3185     954      3580     2253     1823     3890     3067     2525     2276     2231     
45       2358     2634     3327     2519     3453     824      3676     3326     3030     3376     3039     2523     3693     3390     2365     1633     1142     1129     822      617      2775     453      1257     344      2277     2981     1849     3263     1924     3745     1852     2055     1137     2393     1865     4051     2226     3675     1276     2198     3130     3319     1390     2573     3638     0        1369     2683     1554     1512     2950     1868     2409     3576     583      3588     1058     2811     3103     4100     2272     2223     1546     4198     1305     1775     2234     1528     1188     1843     2918     3227     2725     2616     2509     3377     2711     1015     1537     3381     1407     
46       2365     2663     3476     3128     3540     600      3097     3199     3256     2440     2924     1779     2912     3283     1956     265      2427     2463     577      1896     3525     1087     1317     1712     3146     2063     989      2450     620      3621     1720     3051     2449     2483     1654     3305     1619     3438     221      836      2423     3601     2748     1972     3833     1369     0        1742     2600     204      2343     2721     2444     3183     1952     3753     2210     1619     2448     3302     2305     3165     1872     3456     2592     1944     2594     370      2184     2816     2416     2203     2886     1410     1936     2889     1418     2218     2544     2712     1928     
47       1697     1882     2599     2925     2573     1935     1480     2049     2531     710      1863     397      1182     2137     973      1661     3338     3468     2178     2929     3409     2236     1636     2985     3279     321      843      724      1880     2391     1353     3382     3404     1864     1250     1577     673      2113     1634     1662     780      2863     3797     669      2941     2683     1742     0        3118     1821     838      2954     1773     1732     3188     2839     2986     639      854      1563     1706     3395     1928     1727     3474     1759     2267     1379     2787     3175     1025     554      2191     680      708      1388     986      3055     3029     1061     2159     
48       1863     2004     2380     1234     2552     2011     3484     2687     2058     3662     2454     2791     3738     2716     2336     2847     703      907      2217     979      1315     1555     1541     1409     774      3321     2496     3422     3220     3027     1798     502      799      1783     1888     4001     2463     3092     2414     3398     3194     2231     1122     2673     2594     1554     2600     3118     0        2794     2944     475      1857     3188     1323     2582     509      3523     3114     4108     1785     679      1206     4124     690      1430     1358     2558     416      310      2804     3649     1909     3380     2601     3137     3591     589      94       3349     961      
49       2552     2849     3664     3332     3724     785      3218     3370     3450     2505     3098     1898     3001     3454     2116     177      2598     2624     695      2063     3730     1265     1520     1852     3349     2139     1122     2541     428      3789     1909     3250     2614     2675     1838     3396     1764     3597     423      690      2533     3796     2900     2108     4023     1512     204      1821     2794     0        2470     2923     2633     3327     2092     3941     2394     1626     2566     3384     2495     3366     2076     3547     2763     2144     2795     504      2378     3014     2556     2251     3078     1417     2077     3025     1380     2397     2740     2823     2133     
