

sets
i        orders          /0*20/
k        routes          /1*20/
p        positions       /0*20/
;

alias(i,j)
alias(i,h)
alias(i,hh)
alias(i,jj)
alias(k,kk)
                            Parameters

rho(i)	Processing time
/
0	0
1	8
2	7
3	5
4	89
5	4
6	15
7	20
8	30
9	28
10	34
11	36
12	29
13	18
14	14
15	42
16	8
17	56
18	81
19	66
20	64
/

gamma(i)	Duedate
/
0	0
1	64
2	62
3	28
4	7
5	70
6	88
7	63
8	22
9	48
10	14
11	55
12	27
13	21
14	34
15	98
16	8
17	41
18	13
19	25
20	75
/

sigma(i)	Size
/
0	0
1	6
2	2
3	9
4	2
5	3
6	4
7	9
8	1
9	4
10	4
11	2
12	4
13	2
14	1
15	2
16	4
17	4
18	8
19	7
20	4
/

epsilon(i)	Priority
/
0	0
1	4
2	8
3	1
4	8
5	2
6	7
7	3
8	3
9	7
10	4
11	7
12	4
13	3
14	8
15	2
16	6
17	2
18	4
19	9
20	2
/

psi	Vehicle Capacity
/ 124 /
;

Table kappa(i,j)                 Setup
         0        1        2        3        4        5        6        7        8        9        10       11       12       13       14       15       16       17       18       19       20       
0        0        255      729      554      662      580      788      471      263      878      504      564      651      464      471      615      211      142      352      792      501      
1        255      0        724      353      483      346      589      552      270      658      254      401      425      267      505      659      461      192      97       556      584      
2        729      724      0        563      500      675      599      303      950      733      866      463      658      971      260      159      851      823      746      763      288      
3        554      353      563      0        136      111      236      559      622      326      343      101      119      492      467      582      763      542      300      265      582      
4        662      483      500      136      0        220      138      569      753      265      473      100      169      628      470      555      864      666      436      264      586      
5        580      346      675      111      220      0        269      656      598      313      258      212      83       421      567      690      791      539      268      212      680      
6        788      589      599      236      138      269      0        702      854      135      524      237      187      690      603      675      994      778      526      189      718      
7        471      552      303      559      569      656      702      0        721      834      762      486      677      820      99       155      558      591      609      815      31       
8        263      270      950      622      753      598      854      721      0        910      411      671      681      290      704      856      364      130      330      797      752      
9        878      658      733      326      265      313      135      834      910      0        540      357      232      709      735      811      1088     850      581      131      850      
10       504      254      866      343      473      258      524      762      411      540      0        436      336      169      694      840      700      405      164      413      792      
11       564      401      463      101      100      212      237      486      671      357      436      0        200      576      389      492      764      577      367      330      506      
12       651      425      658      119      169      83       187      677      681      232      336      200      0        502      583      692      862      618      351      147      699      
13       464      267      971      492      628      421      690      820      290      709      169      576      502      0        768      921      631      334      225      582      851      
14       471      505      260      467      470      567      603      99       704      735      694      389      583      768      0        155      593      575      549      719      116      
15       615      659      159      582      555      690      675      155      856      811      840      492      692      921      155      0        713      726      700      817      134      
16       211      461      851      763      864      791      994      558      364      1088     700      764      862      631      593      713      0        299      557      1003     582      
17       142      192      823      542      666      539      778      591      130      850      405      577      618      334      575      726      299      0        278      748      622      
18       352      97       746      300      436      268      526      609      330      581      164      367      351      225      549      700      557      278      0        472      640      
19       792      556      763      265      264      212      189      815      797      131      413      330      147      582      719      817      1003     748      472      0        836      
20       501      584      288      582      586      680      718      31       752      850      792      506      699      851      116      134      582      622      640      836      0        
;



Table delta(i,j)                 Distance
         0        1        2        3        4        5        6        7        8        9        10       11       12       13       14       15       16       17       18       19       20       
0        0        2150     1260     1810     1610     2350     1550     1620     1540     600      1580     840      1440     430      530      1450     390      780      240      370      670      
1        2150     0        126      39       54       32       180      127      108      165      57       131      99       223      166      70       209      137      235      187      201      
2        1260     126      0        113      78       133      64       164      29       66       90       79       125      114      73       71       144      62       151      89       154      
3        1810     39       113      0        34       70       174      90       103      137      25       97       59       195      137      44       172      107      200      156      162      
4        1610     54       78       34       0        74       139      109      69       111      17       79       71       169      112      16       159      83       182      132      155      
5        2350     32       133      70       74       0        178      159      109      182      82       154      130      239      184      90       234      157      256      204      228      
6        1550     180      64       174      139      178      0        227      72       104      152      136      189      125      113      134      184      117      179      120      201      
7        1620     127      164      90       109      159      227      0        169      148      92       99       39       193      142      103      134      119      170      155      111      
8        1540     108      29       103      69       109      72       169      0        94       84       97       130      143      101      67       169      85       179      118      177      
9        600      165      66       137      111      182      104      148      94       0        112      50       118      57       9        96       81       32       84       23       97       
10       1580     57       90       25       17       82       152      92       84       112      0        74       54       170      112      19       152      82       177      132      145      
11       840      131      79       97       79       154      136      99       97       50       74       0        68       101      45       63       80       20       103      62       81       
12       1440     99       125      59       71       130      189      39       130      118      54       68       0        169      113      63       125      87       157      130      109      
13       430      223      114      195      169      239      125      193      143      57       170      101      169      0        58       153      82       87       60       39       110      
14       530      166      73       137      112      184      113      142      101      9        112      45       113      58       0        96       72       29       77       20       88       
15       1450     70       71       44       16       90       134      103      67       96       19       63       63       153      96       0        143      67       166      116      140      
16       390      209      144      172      159      234      184      134      169      81       152      80       125      82       72       143      0        85       37       64       28       
17       780      137      62       107      83       157      117      119      85       32       82       20       87       87       29       67       85       0        100      49       92       
18       240      235      151      200      182      256      179      170      179      84       177      103      157      60       77       166      37       100      0        61       64       
19       370      187      89       156      132      204      120      155      118      23       132      62       130      39       20       116      64       49       61       0        86       
20       670      201      154      162      155      228      201      111      177      97       145      81       109      110      88       140      28       92       64       86       0        
;

