

sets
i        orders          /0*10/
k        routes          /1*10/
p        positions       /0*10/
;

alias(i,j)
alias(i,h)
alias(i,hh)
alias(i,jj)
alias(k,kk)
                            Parameters

rho(i)	Processing time
/
0	0
1	49
2	15
3	92
4	44
5	11
6	35
7	49
8	96
9	32
10	95
/

gamma(i)	Duedate
/
0	0
1	1
2	67
3	66
4	80
5	87
6	60
7	23
8	21
9	46
10	68
/

sigma(i)	Size
/
0	0
1	5
2	6
3	7
4	6
5	9
6	8
7	4
8	8
9	7
10	4
/

epsilon(i)	Priority
/
0	0
1	9
2	6
3	3
4	3
5	4
6	7
7	9
8	3
9	8
10	4
/

psi	Vehicle Capacity
/ 59 /
;

Table kappa(i,j)                 Setup
         0        1        2        3        4        5        6        7        8        9        10       
0        0        21       105      104      77       63       110      78       91       64       98       
1        21       0        84       87       57       51       89       58       74       44       77       
2        105      84       0        83       55       68       5        29       41       59       11       
3        104      87       83       0        37       117      86       87       112      47       88       
4        77       57       55       37       0        80       59       51       76       13       56       
5        63       51       68       117      80       0        71       40       35       71       57       
6        110      89       5        86       59       71       0        34       42       64       14       
7        78       58       29       87       51       40       34       0        25       48       20       
8        91       74       41       112      76       35       42       25       0        73       30       
9        64       44       59       47       13       71       64       48       73       0        58       
10       98       77       11       88       56       57       14       20       30       58       0        
;



Table delta(i,j)                 Distance
         0        1        2        3        4        5        6        7        8        9        10       
0        0        4710     3450     5760     3960     6600     5310     4140     4320     3150     4440     
1        4710     0        82       35       286      69       104      185      98       245      62       
2        3450     82       0        106      226      151      168      205      148      219      37       
3        5760     35       106      0        320      50       121      215      123      281      76       
4        3960     286      226      320      0        351      305      233      272      120      263      
5        6600     69       151      50       351      0        100      212      116      297      124      
6        5310     104      168      121      305      100      0        117      33       223      162      
7        4140     185      205      215      233      212      117      0        96       125      221      
8        4320     98       148      123      272      116      33       96       0        192      149      
9        3150     245      219      281      120      297      223      125      192      0        250      
10       4440     62       37       76       263      124      162      221      149      250      0        
;

