

sets
i        orders          /0*10/
k        routes          /1*10/
p        positions       /0*10/
;

alias(i,j)
alias(i,h)
alias(i,hh)
alias(i,jj)
alias(k,kk)
                            Parameters

rho(i)	Processing time
/
0	0
1	41
2	12
3	95
4	58
5	96
6	27
7	94
8	75
9	32
10	46
/

gamma(i)	Duedate
/
0	0
1	2
2	9
3	31
4	19
5	64
6	64
7	7
8	17
9	2
10	59
/

sigma(i)	Size
/
0	0
1	9
2	7
3	6
4	9
5	6
6	3
7	7
8	7
9	7
10	1
/

epsilon(i)	Priority
/
0	0
1	3
2	6
3	2
4	7
5	1
6	3
7	8
8	4
9	6
10	8
/

psi	Vehicle Capacity
/ 83 /
;

Table kappa(i,j)                 Setup
         0        1        2        3        4        5        6        7        8        9        10       
0        0        97       119      55       45       100      27       54       42       89       109      
1        97       0        30       69       74       32       70       75       77       21       17       
2        119      30       0        99       103      24       93       105      105      51       13       
3        55       69       99       0        10       90       41       6        13       51       86       
4        45       74       103      10       0        92       34       9        3        58       90       
5        100      32       24       90       92       0        75       96       94       51       23       
6        27       70       93       41       34       75       0        43       33       63       82       
7        54       75       105      6        9        96       43       0        12       57       92       
8        42       77       105      13       3        94       33       12       0        61       93       
9        89       21       51       51       58       51       63       57       61       0        38       
10       109      17       13       86       90       23       82       92       93       38       0        
;



Table delta(i,j)                 Distance
         0        1        2        3        4        5        6        7        8        9        10       
0        0        4920     8610     4890     7710     9270     8250     4140     5550     7770     270      
1        4920     0        163      86       111      180      141      67       65       152      157      
2        8610     163      0        247      213      282      27       231      107      284      278      
3        4890     86       247      0        105      146      223      31       151      96       160      
4        7710     111      213      105      0        73       186      121      157      75       252      
5        9270     180      282      146      73       0        255      171      230      58       305      
6        8250     141      27       223      186      255      0        208      90       257      266      
7        4140     67       231      31       121      171      208      0        129      125      133      
8        5550     65       107      151      157      230      90       129      0        212      176      
9        7770     152      284      96       75       58       257      125      212      0        256      
10       270      157      278      160      252      305      266      133      176      256      0        
;

