

sets
i        orders          /0*20/
k        routes          /1*20/
p        positions       /0*20/
;

alias(i,j)
alias(i,h)
alias(i,hh)
alias(i,jj)
alias(k,kk)
                            Parameters

rho(i)	Processing time
/
0	0
1	79
2	89
3	56
4	97
5	21
6	8
7	61
8	79
9	70
10	88
11	29
12	41
13	15
14	9
15	31
16	53
17	8
18	54
19	64
20	23
/

gamma(i)	Duedate
/
0	0
1	32
2	33
3	63
4	99
5	71
6	95
7	21
8	52
9	73
10	11
11	52
12	46
13	3
14	39
15	66
16	97
17	84
18	9
19	45
20	41
/

sigma(i)	Size
/
0	0
1	6
2	5
3	2
4	5
5	9
6	1
7	7
8	8
9	6
10	4
11	4
12	9
13	2
14	9
15	1
16	7
17	4
18	4
19	2
20	5
/

epsilon(i)	Priority
/
0	0
1	1
2	9
3	4
4	9
5	4
6	5
7	8
8	3
9	9
10	7
11	6
12	3
13	1
14	2
15	2
16	8
17	2
18	1
19	3
20	7
/

psi	Vehicle Capacity
/ 66 /
;

Table kappa(i,j)                 Setup
         0        1        2        3        4        5        6        7        8        9        10       11       12       13       14       15       16       17       18       19       20       
0        0        534      900      481      509      1117     962      779      767      594      634      984      669      336      637      932      378      565      1156     141      650      
1        534      0        511      244      72       639      628      619      359      126      639      464      299      198      156      418      301      111      683      451      411      
2        900      511      0        756      584      867      1033     1108     153      599      1150     637      761      633      598      310      523      601      910      880      903      
3        481      244      756      0        172      643      496      400      603      185      394      546      189      236      216      625      442      168      680      351      205      
4        509      72       584      172      0        628      580      551      431      92       566      475      246      180      134      474      332      66       671      410      344      
5        1117     639      867      643      628      0        355      624      781      536      816      230      457      807      494      561      938      563      45       994      549      
6        962      628      1033     496      580      355      0        290      907      501      503      471      334      723      476      769      910      519      359      823      313      
7        779      619      1108     400      551      624      290      0        962      510      218      672      348      630      509      901      840      513      637      638      207      
8        767      359      153      603      431      781      907      962      0        452      998      553      619      483      455      266      396      452      826      736      756      
9        594      126      599      185      92       536      501      510      452      0        561      391      176      271      43       440      419      28       578      486      304      
10       634      639      1150     394      566      816      503      218      998      561      0        823      444      580      576      994      787      552      835      501      294      
11       984      464      637      546      475      230      471      672      553      391      823      0        391      654      348      334      750      419      274      877      530      
12       669      299      761      189      246      457      334      348      619      176      444      391      0        393      164      558      576      188      492      540      154      
13       336      198      633      236      180      807      723      630      483      271      580      654      393      0        314      605      210      243      849      261      442      
14       637      156      598      216      134      494      476      509      455      43       576      348      164      314      0        418      456      71       536      528      306      
15       932      418      310      625      474      561      769      901      266      440      994      334      558      605      418      0        601      457      604      865      712      
16       378      301      523      442      332      938      910      840      396      419      787      750      576      210      456      601      0        396      983      382      646      
17       565      111      601      168      66       563      519      513      452      28       552      419      188      243      71       457      396      0        606      459      305      
18       1156     683      910      680      671      45       359      637      826      578      835      274      492      849      536      604      983      606      0        1031     576      
19       141      451      880      351      410      994      823      638      736      486      501      877      540      261      528      865      382      459      1031     0        510      
20       650      411      903      205      344      549      313      207      756      304      294      530      154      442      306      712      646      305      576      510      0        
;



Table delta(i,j)                 Distance
         0        1        2        3        4        5        6        7        8        9        10       11       12       13       14       15       16       17       18       19       20       
0        0        518      577      466      382      630      477      636      238      575      440      80       501      272      393      476      253      405      470      353      458      
1        518      0        472      485      167      446      76       166      410      167      104      495      17       282      379      47       287      425      501      200      60       
2        577      472      0        133      364      84       520      408      339      639      515      502      470      556      187      480      538      173      140      355      459      
3        466      485      133      0        342      212      515      466      233      642      501      387      478      496      115      479      474      74       16       321      455      
4        382      167      364      342      0        366      175      253      243      304      159      344      154      216      229      144      206      274      357      34       119      
5        630      446      84       212      366      0        503      356      394      614      505      558      447      574      237      462      558      237      221      365      444      
6        477      76       520      515      175      503      0        243      404      129      37       464      65       222      403      41       232      449      530      203      61       
7        636      166      408      466      253      356      243      0        474      303      269      596      179      434      386      209      433      426      482      284      211      
8        238      410      339      233      243      394      404      474      0        529      376      164      396      299      156      382      274      167      240      209      358      
9        575      167      639      642      304      614      129      303      529      0        152      574      169      304      532      162      322      578      658      332      186      
10       440      104      515      501      159      505      37       269      376      152      0        430      89       185      388      59       195      433      516      183      65       
11       80       495      502      387      344      558      464      596      164      574      430      0        479      283      320      457      260      329      391      312      436      
12       501      17       470      478      154      447      65       179      396      169      89       479      0        265      371      30       270      417      494      186      43       
13       272      282      556      496      216      574      222      434      299      304      185      283      265      0        385      235      24       422      508      209      225      
14       393      379      187      115      229      237      403      386      156      532      388      320      371      385      0        369      364      46       129      207      345      
15       476      47       480      479      144      462      41       209      382      162      59       457      30       235      369      0        241      415      495      175      25       
16       253      287      538      474      206      558      232      433      274      322      195      260      270      24       364      241      0        400      486      195      228      
17       405      425      173      74       274      237      449      426      167      578      433      329      417      422      46       415      400      0        86       251      391      
18       470      501      140      16       357      221      530      482      240      658      516      391      494      508      129      495      486      86       0        336      471      
19       353      200      355      321      34       365      203      284      209      332      183      312      186      209      207      175      195      251      336      0        150      
20       458      60       459      455      119      444      61       211      358      186      65       436      43       225      345      25       228      391      471      150      0        
;

