
sets
i        orders          /0*40/
k        routes          /1*40/
p        positions       /0*40/
;

alias(i,j)
alias(i,h)
alias(i,hh)
alias(i,jj)
alias(k,kk)
                
                    Parameters

rho(i)	Processing time
/
0	0
1	1
2	25
3	98
4	99
5	75
6	61
7	41
8	8
9	51
10	7
11	33
12	12
13	89
14	1
15	71
16	12
17	67
18	96
19	19
20	3
21	76
22	55
23	91
24	34
25	41
26	79
27	88
28	57
29	75
30	41
31	15
32	57
33	22
34	49
35	6
36	66
37	72
38	66
39	28
40	66
/

gamma(i)	Duedate
/
0	0
1	76
2	38
3	48
4	92
5	58
6	23
7	83
8	8
9	96
10	12
11	66
12	36
13	20
14	44
15	81
16	23
17	84
18	53
19	75
20	12
21	84
22	9
23	16
24	47
25	45
26	94
27	81
28	93
29	89
30	7
31	30
32	43
33	65
34	43
35	4
36	50
37	39
38	67
39	85
40	29
/

sigma(i)	Size
/
0	0
1	2
2	4
3	9
4	7
5	5
6	7
7	6
8	3
9	4
10	8
11	2
12	5
13	8
14	7
15	7
16	7
17	8
18	2
19	7
20	3
21	2
22	8
23	2
24	8
25	4
26	5
27	7
28	8
29	2
30	1
31	4
32	2
33	6
34	4
35	6
36	4
37	9
38	2
39	3
40	7
/

epsilon(i)	Priority
/
0	0
1	7
2	3
3	4
4	5
5	5
6	4
7	1
8	5
9	7
10	9
11	4
12	1
13	9
14	3
15	7
16	8
17	4
18	2
19	5
20	3
21	9
22	7
23	1
24	2
25	9
26	9
27	3
28	8
29	1
30	6
31	3
32	6
33	7
34	9
35	5
36	5
37	1
38	7
39	7
40	1
/

psi	Vehicle Capacity
/ 29 /
;

Table kappa(i,j)                 Setup
         0        1        2        3        4        5        6        7        8        9        10       11       12       13       14       15       16       17       18       19       20       21       22       23       24       25       26       27       28       29       30       31       32       33       34       35       36       37       38       39       40       
0        0        116      428      358      162      372      594      379      108      298      429      341      865      763      608      193      471      615      338      805      574      684      611      406      591      742      279      368      407      521      434      253      539      173      298      719      495      546      333      407      79       
1        116      0        411      339      140      376      565      325      220      280      367      434      912      739      690      82       530      645      451      805      688      694      692      389      569      803      366      286      387      533      497      358      646      209      217      773      608      655      260      374      58       
2        428      411      0        71       275      84       169      144      425      132      169      408      579      335      516      378      313      293      549      396      732      298      513      22       163      526      357      248      25       156      311      440      631      265      258      478      654      651      223      63       378      
3        358      339      71       0        204      76       235      109      363      61       153      380      629      405      526      308      323      344      508      466      705      364      524      49       233      561      321      204      49       212      312      396      612      202      198      517      625      631      170      60       306      
4        162      140      275      204      0        236      437      217      206      143      268      350      777      608      581      141      406      506      416      666      645      554      582      253      437      676      278      221      253      392      376      305      581      94       155      643      562      594      181      247      102      
5        372      376      84       76       236      0        245      185      354      105      227      324      561      399      450      360      247      278      465      433      648      318      448      73       231      485      273      280      83       156      238      358      549      201      268      443      570      569      244      122      334      
6        594      565      169      235      437      245      0        251      594      296      235      555      562      174      604      519      415      304      706      281      871      239      599      190      35       556      513      340      187      197      428      602      761      434      379      503      798      783      335      190      539      
7        379      325      144      109      217      185      251      0        413      122      55       475      724      424      635      270      432      438      589      519      798      437      633      132      263      665      411      104      122      301      420      475      711      258      128      619      717      729      85       81       311      
8        108      220      425      363      206      354      594      413      0        308      467      241      791      754      511      288      396      562      231      774      468      645      514      404      585      659      187      428      409      487      356      145      430      161      361      641      388      438      387      420      169      
9        298      280      132      61       143      105      296      122      308      0        176      353      666      466      529      256      331      384      468      524      676      417      527      109      294      585      289      194      110      259      313      354      590      147      167      544      594      607      152      112      246      
10       429      367      169      153      268      227      235      55       467      176      0        528      744      402      677      305      473      459      644      513      852      443      675      163      254      696      465      106      152      322      465      530      763      313      156      648      771      781      110      108      358      
11       341      434      408      380      350      324      555      475      241      353      528      0        579      680      271      479      204      402      164      648      325      513      275      396      533      433      72       537      406      385      165      110      237      256      488      425      246      253      493      439      376      
12       865      912      579      629      777      561      562      724      791      666      744      579      0        521      361      914      395      286      722      363      724      325      353      593      528      161      608      828      602      423      435      688      607      704      828      154      696      628      799      643      859      
13       763      739      335      405      608      399      174      424      754      466      402      680      521      0        666      693      507      336      840      167      977      220      659      357      172      565      650      508      356      295      531      743      860      598      551      511      911      883      506      364      711      
14       608      690      516      526      581      450      604      635      511      529      677      271      361      666      0        721      204      330      379      570      367      451      8        516      572      200      328      722      527      407      215      378      247      489      691      220      335      268      681      570      631      
15       193      82       378      308      141      360      519      270      288      256      305      479      914      693      721      0        547      637      518      774      753      672      722      357      527      817      408      214      353      515      517      417      703      232      149      783      672      714      195      332      118      
16       471      530      313      323      406      247      415      432      396      331      473      204      395      507      204      547      0        201      366      451      470      318      201      312      386      272      216      522      323      221      40       303      353      321      497      247      406      376      483      366      474      
17       615      645      293      344      506      278      304      438      562      384      459      402      286      336      330      637      201      0        566      252      660      123      323      306      269      252      401      541      315      136      237      495      540      445      542      199      603      562      513      356      596      
18       338      451      549      508      416      465      706      589      231      468      644      164      722      840      379      518      366      566      0        812      236      678      386      534      687      567      192      630      542      546      329      114      215      336      570      569      157      217      587      569      400      
19       805      805      396      466      666      433      281      519      774      524      513      648      363      167      570      774      451      252      812      0        913      134      562      417      258      434      636      617      420      286      485      731      791      632      646      382      855      814      604      444      767      
20       574      688      732      705      645      648      871      798      468      676      852      325      724      977      367      753      470      660      236      913      0        783      375      721      845      564      387      852      731      686      447      340      122      559      796      588      82       99       808      764      636      
21       684      694      298      364      554      318      239      437      645      417      443      513      325      220      451      672      318      123      678      134      783      0        444      318      206      346      502      540      323      163      351      597      663      510      556      291      724      685      519      356      652      
22       611      692      513      524      582      448      599      633      514      527      675      275      353      659      8        722      201      323      386      562      375      444      0        513      567      192      331      721      524      402      214      383      255      490      690      212      343      277      680      568      633      
23       406      389      22       49       253      73       190      132      404      109      163      396      593      357      516      357      312      306      534      417      721      318      513      0        185      534      343      235      11       171      308      424      622      244      240      487      643      642      207      55       356      
24       591      569      163      233      437      231      35       263      585      294      254      533      528      172      572      527      386      269      687      258      845      206      567      185      0        522      494      358      184      166      401      584      734      427      391      468      773      756      348      195      539      
25       742      803      526      561      676      485      556      665      659      585      696      433      161      565      200      817      272      252      567      434      564      346      192      534      522      0        472      765      544      379      308      544      446      593      752      55       535      467      730      588      747      
26       279      366      357      321      278      273      513      411      187      289      465      72       608      650      328      408      216      401      192      636      387      502      331      343      494      472      0        468      352      359      175      95       307      184      417      456      305      322      424      381      307      
27       368      286      248      204      221      280      340      104      428      194      106      537      828      508      722      214      522      541      630      617      852      540      721      235      358      765      468      0        226      405      506      517      775      294      71       721      770      791      44       186      291      
28       407      387      25       49       253      83       187      122      409      110      152      406      602      356      527      353      323      315      542      420      731      323      524      11       184      544      352      226      0        179      319      432      632      248      233      498      652      652      199      44       355      
29       521      533      156      212      392      156      197      301      487      259      322      385      423      295      407      515      221      136      546      286      686      163      402      171      166      379      359      405      179      0        239      454      572      347      410      328      617      594      378      220      489      
30       434      497      311      312      376      238      428      420      356      313      465      165      435      531      215      517      40       237      329      485      447      351      214      308      401      308      175      506      319      239      0        263      333      288      476      285      379      355      466      360      440      
31       253      358      440      396      305      358      602      475      145      354      530      110      688      743      378      417      303      495      114      731      340      597      383      424      584      544      95       517      432      454      263      0        287      223      458      534      257      297      473      457      303      
32       539      646      631      612      581      549      761      711      430      590      763      237      607      860      247      703      353      540      215      791      122      663      255      622      734      446      307      775      632      572      333      287      0        489      725      467      95       22       731      669      590      
33       173      209      265      202      94       201      434      258      161      147      313      256      704      598      489      232      321      445      336      632      559      510      490      244      427      593      184      294      248      347      288      223      489      0        236      564      476      503      250      259      155      
34       298      217      258      198      155      268      379      128      361      167      156      488      828      551      691      149      497      542      570      646      796      556      690      240      391      752      417      71       233      410      476      458      725      236      0        711      713      739      46       201      220      
35       719      773      478      517      643      443      503      619      641      544      648      425      154      511      220      783      247      199      569      382      588      291      212      487      468      55       456      721      498      328      285      534      467      564      711      0        551      489      687      541      719      
36       495      608      654      625      562      570      798      717      388      594      771      246      696      911      335      672      406      603      157      855      82       724      343      643      773      535      305      770      652      617      379      257      95       476      713      551      0        82       725      685      555      
37       546      655      651      631      594      569      783      729      438      607      781      253      628      883      268      714      376      562      217      814      99       685      277      642      756      467      322      791      652      594      355      297      22       503      739      489      82       0        747      688      600      
38       333      260      223      170      181      244      335      85       387      152      110      493      799      506      681      195      483      513      587      604      808      519      680      207      348      730      424      44       199      378      466      473      731      250      46       687      725      747      0        163      258      
39       407      374      63       60       247      122      190      81       420      112      108      439      643      364      570      332      366      356      569      444      764      356      568      55       195      588      381      186      44       220      360      457      669      259      201      541      685      688      163      0        349      
40       79       58       378      306      102      334      539      311      169      246      358      376      859      711      631      118      474      596      400      767      636      652      633      356      539      747      307      291      355      489      440      303      590      155      220      719      555      600      258      349      0        
;



Table delta(i,j)                 Distance
         0        1        2        3        4        5        6        7        8        9        10       11       12       13       14       15       16       17       18       19       20       21       22       23       24       25       26       27       28       29       30       31       32       33       34       35       36       37       38       39       40       
0        0        7680     6000     11910    4500     2460     8970     9630     1140     2370     930      6120     4590     7050     7620     5370     8340     4650     7080     9180     9210     6060     8940     5430     4590     1500     6060     10470    5460     1830     2520     9600     8490     7320     2340     5400     3810     1710     7290     11700    5220     
1        7680     0        90       142      269      302      44       102      288      301      276      260      341      145      120      77       147      220      194      227      63       187      44       96       106      206      146      285      140      308      193      162      35       145      193      287      297      288      254      140      258      
2        6000     90       0        223      262      264      118      190      236      226      226      170      256      71       66       60       96       222      112      162      115      99       133      111      55       154      59       221      161      258      122      132      98       197      124      287      213      218      168      226      168      
3        11910    142      223      0        384      435      105      107      428      443      415      384      480      256      221      218      235      333      304      310      114      309      99       223      249      346      270      361      252      446      335      223      125      222      335      396      437      431      366      26       388      
4        4500     269      262      384      0        99       312      283      140      228      132      339      303      323      328      209      357      50       344      411      332      312      295      173      206      144      295      463      132      137      198      394      304      172      189      30       277      206      370      368      313      
5        2460     302      264      435      99       0        346      345      52       145      52       286      219      309      324      228      350      130      315      386      360      282      338      212      210      111      277      431      192      40       161      391      333      247      153      123      202      124      326      424      256      
6        8970     44       118      105      312      346      0        101      332      339      320      282      375      158      126      120      146      263      207      226      29       207      31       139      147      249      167      283      181      351      232      150      20       177      232      329      331      328      269      109      284      
7        9630     102      190      107      283      345      101      0        346      379      333      360      429      247      220      157      244      233      296      325      130      288      70       140      190      271      248      382      154      361      275      251      116      115      272      292      386      363      356      86       356      
8        1140     288      236      428      140      52       332      346      0        92       12       237      167      273      292      212      316      157      273      344      341      239      328      207      188      83       240      385      200      23       122      358      317      261      116      167      149      71       278      419      206      
9        2370     301      226      443      228      145      339      379      92       0        96       163      75       238      266      226      282      234      222      290      341      191      345      242      194      114      206      321      253      108      107      325      321      316      108      257      60       22       209      440      132      
10       930      276      226      415      132      52       320      333      12       96       0        234      172      264      283      200      307      146      267      337      330      233      316      194      176      72       231      380      187      32       113      349      305      248      107      160      151      75       274      407      204      
11       6120     260      170      384      339      286      282      360      237      163      234      0        137      129      165      213      164      321      87       137      269      75       301      256      183      194      114      159      295      258      141      200      261      348      150      369      110      174      47       391      31       
12       4590     341      256      480      303      219      375      429      167      75       172      137      0        247      280      272      288      306      217      274      370      192      385      297      238      180      220      293      317      180      154      328      355      379      159      332      43       97       183      480      111      
13       7050     145      71       256      323      309      158      247      273      238      264      129      247      0        35       131      44       288      49       92       141      56       182      182      119      197      33       150      232      296      151      86       138      267      157      350      207      236      111      265      140      
14       7620     120      66       221      328      324      126      220      292      266      283      165      280      35       0        124      31       288      82       107      107      91       152      173      121      213      60       165      225      315      171      67       107      253      176      353      239      262      144      232      175      
15       5370     77       60       218      209      228      120      157      212      226      200      213      272      131      124      0        155      166      169      223      131      150      119      50       33       128      114      281      101      231      119      187      105      139      117      232      229      212      220      214      203      
16       8340     147      96       235      357      350      146      244      316      282      307      164      288      44       31       155      0        319      76       80       124      96       175      205      151      238      76       138      256      339      194      42       129      283      200      383      250      281      135      248      179      
17       4650     220      222      333      50       130      263      233      157      234      146      321      306      288      288      166      319      0        314      378      284      285      245      125      169      132      262      433      82       161      180      353      256      123      171      67       275      212      347      317      297      
18       7080     194      112      304      344      315      207      296      273      222      267      87       217      49       82       169      76       314      0        70       190      33       231      219      150      207      55       119      267      296      154      113      187      308      162      372      181      226      62       314      106      
19       9180     227      162      310      411      386      226      325      344      290      337      137      274      92       107      223      80       378      70       0        202      104      255      274      210      277      116      59       324      367      225      89       209      358      233      439      243      294      93       325      164      
20       9210     63       115      114      332      360      29       130      341      341      330      269      370      141      107      131      124      284      190      202      0        194      61       159      154      258      156      257      204      362      235      122      28       204      236      351      328      332      252      124      275      
21       6060     187      99       309      312      282      207      288      239      191      233      75       192      56       91       150      96       285      33       104      194      0        227      198      126      174      40       151      243      262      121      137      186      289      129      341      153      193      70       316      84       
22       8940     44       133      99       295      338      31       70       328      345      316      301      385      182      152      119      175      245      231      255      61       227      0        127      150      247      187      312      163      347      237      181      46       150      236      311      342      332      292      95       301      
23       5430     96       111      223      173      212      139      140      207      242      194      256      297      182      173      50       205      125      219      274      159      198      127      0        73       131      164      332      51       223      143      234      131      91       138      192      256      225      267      213      243      
24       4590     106      55       249      206      210      147      190      188      194      176      183      238      119      121      33       151      169      150      210      154      126      150      73       0        104      95       266      117      209      87       187      130      164      86       232      195      182      195      245      172      
25       1500     206      154      346      144      111      249      271      83       114      72       194      180      197      213      128      238      132      207      277      258      174      247      131      104      0        165      325      139      105      54       279      233      202      45       175      144      94       226      340      168      
26       6060     146      59       270      295      277      167      248      240      206      231      114      220      33       60       114      76       262      55       116      156      40       187      164      95       165      0        171      212      263      118      119      147      253      124      322      179      204      108      276      118      
27       10470    285      221      361      463      431      283      382      385      321      380      159      293      150      165      281      138      433      119      59       257      151      312      332      266      325      171      0        381      408      271      138      266      417      280      492      269      329      112      377      190      
28       5460     140      161      252      132      192      181      154      200      253      187      295      317      232      225      101      256      82       267      324      204      243      163      51       117      139      212      381      0        212      168      285      176      62       161      148      279      234      311      237      278      
29       1830     308      258      446      137      40       351      361      23       108      32       258      180      296      315      231      339      161      296      367      362      262      347      223      209      105      263      408      212      0        145      381      337      271      139      162      166      89       300      436      227      
30       2520     193      122      335      198      161      232      275      122      107      113      141      154      151      171      119      194      180      154      225      235      121      237      143      87       54       118      271      168      145      0        236      214      227      9        228      113      96       172      333      117      
31       9600     162      132      223      394      391      150      251      358      325      349      200      328      86       67       187      42       353      113      89       122      137      181      234      187      279      119      138      285      381      236      0        136      306      242      418      291      323      166      239      218      
32       8490     35       98       125      304      333      20       116      317      321      305      261      355      138      107      105      129      256      187      209      28       186      46       131      130      233      147      266      176      337      214      136      0        179      215      323      312      311      249      129      264      
33       7320     145      197      222      172      247      177      115      261      316      248      348      379      267      253      139      283      123      308      358      204      289      150      91       164      202      253      417      62       271      227      306      179      0        221      178      339      296      358      202      333      
34       2340     193      124      335      189      153      232      272      116      108      107      150      159      157      176      117      200      171      162      233      236      129      236      138      86       45       124      280      161      139      9        242      215      221      0        219      119      96       181      331      126      
35       5400     287      287      396      30       123      329      292      167      257      160      369      332      350      353      232      383      67       372      439      351      341      311      192      232      175      322      492      148      162      228      418      323      178      219      0        307      234      400      378      343      
36       3810     297      213      437      277      202      331      386      149      60       151      110      43       207      239      229      250      275      181      243      328      153      342      256      195      144      179      269      279      166      113      291      312      339      119      307      0        77       157      437      80       
37       1710     288      218      431      206      124      328      363      71       22       75       174      97       236      262      212      281      212      226      294      332      193      332      225      182      94       204      329      234      89       96       323      311      296      96       234      77       0        218      427      142      
38       7290     254      168      366      370      326      269      356      278      209      274      47       183      111      144      220      135      347      62       93       252      70       292      267      195      226      108      112      311      300      172      166      249      358      181      400      157      218      0        376      77       
39       11700    140      226      26       368      424      109      86       419      440      407      391      480      265      232      214      248      317      314      325      124      316      95       213      245      340      276      377      237      436      333      239      129      202      331      378      437      427      376      0        393      
40       5220     258      168      388      313      256      284      356      206      132      204      31       111      140      175      203      179      297      106      164      275      84       301      243      172      168      118      190      278      227      117      218      264      333      126      343      80       142      77       393      0        
;

