

sets
i        orders          /0*40/
k        routes          /1*40/
p        positions       /0*40/
;

alias(i,j)
alias(i,h)
alias(i,hh)
alias(i,jj)
alias(k,kk)
                            Parameters

rho(i)	Processing time
/
0	0
1	19
2	82
3	58
4	51
5	37
6	46
7	58
8	6
9	90
10	60
11	55
12	63
13	20
14	69
15	8
16	45
17	2
18	80
19	56
20	4
21	43
22	81
23	37
24	21
25	63
26	79
27	44
28	38
29	27
30	18
31	93
32	93
33	19
34	23
35	59
36	2
37	77
38	32
39	98
40	96
/

gamma(i)	Duedate
/
0	0
1	35
2	99
3	48
4	5
5	65
6	91
7	95
8	44
9	20
10	75
11	43
12	84
13	85
14	74
15	31
16	49
17	22
18	37
19	26
20	83
21	13
22	82
23	50
24	51
25	68
26	84
27	9
28	18
29	86
30	44
31	31
32	93
33	32
34	25
35	26
36	22
37	1
38	82
39	10
40	5
/

sigma(i)	Size
/
0	0
1	3
2	2
3	4
4	4
5	7
6	9
7	3
8	6
9	4
10	3
11	8
12	4
13	7
14	7
15	5
16	3
17	8
18	7
19	9
20	1
21	1
22	5
23	2
24	4
25	5
26	3
27	1
28	5
29	7
30	9
31	6
32	4
33	8
34	7
35	8
36	8
37	8
38	4
39	8
40	6
/

epsilon(i)	Priority
/
0	0
1	3
2	1
3	5
4	1
5	8
6	5
7	6
8	2
9	1
10	3
11	2
12	3
13	6
14	1
15	9
16	8
17	2
18	5
19	3
20	7
21	5
22	7
23	5
24	9
25	4
26	1
27	9
28	9
29	2
30	3
31	1
32	8
33	5
34	1
35	6
36	1
37	6
38	4
39	8
40	6
/

psi	Vehicle Capacity
/ 55 /
;

Table kappa(i,j)                 Setup
         0        1        2        3        4        5        6        7        8        9        10       11       12       13       14       15       16       17       18       19       20       21       22       23       24       25       26       27       28       29       30       31       32       33       34       35       36       37       38       39       40       
0        0        1829     973      501      1122     116      328      362      1057     951      729      1342     1396     290      1384     535      1600     983      626      1555     332      1991     502      1256     1260     1857     2076     1252     1336     757      1458     1980     287      1062     2178     1434     1933     1566     1430     1240     1605     
1        1829     0        1074     1347     1118     1767     1556     1970     844      1262     1870     657      1864     2113     983      1298     247      1444     1210     481      1731     456      1481     1254     985      749      710      1009     1591     1473     405      1014     1568     820      820      2077     609      1915     2165     899      645      
2        973      1074     0        504      1109     872      852      975      262      202      1401     439      1800     1254     418      613      919      1256     587      661      748      1410     915      1320     1126     1466     1595     1137     1598     1113     846      1693     687      704      1716     1945     1448     1933     1991     1037     1206     
3        501      1347     504      0        877      422      352      639      555      550      923      842      1422     791      922      183      1129     898      237      1054     408      1558     453      1067     967      1487     1679     968      1269     704      998      1657     222      648      1791     1533     1531     1575     1563     913      1222     
4        1122     1118     1109     877      0        1131     795      1428     911      1276     816      1088     779      1336     1404     702      882      332      641      1172     1241     1044     623      211      166      792      1039     148      526      443      733      865      1000     443      1121     976      918      873      1057     222      594      
5        116      1767     872      422      1131     0        342      304      973      839      819      1255     1466     382      1279     492      1543     1025     583      1471     219      1952     528      1280     1259     1839     2050     1253     1387     798      1406     1976     200      1025     2156     1518     1905     1635     1519     1230     1582     
6        328      1556     852      352      795      342      0        646      857      900      580      1145     1156     575      1269     272      1318     686      351      1340     502      1681     185      937      932      1531     1755     923      1053     461      1169     1651     280      759      1855     1234     1614     1320     1251     913      1284     
7        362      1970     975      639      1428     304      646      0        1139     879      1087     1400     1758     441      1343     759      1762     1328     845      1623     238      2198     832      1582     1550     2113     2314     1545     1689     1102     1636     2263     442      1282     2424     1795     2167     1928     1787     1514     1851     
8        1057     844      262      555      911      973      857      1139     0        465      1344     289      1648     1347     499      586      667      1110     524      498      901      1152     865      1122     903      1205     1334     917      1424     1005     585      1435     773      478      1454     1813     1186     1768     1870     807      946      
9        951      1262     202      550      1276     839      900      879      465      0        1473     611      1932     1214     464      701      1118     1391     700      825      674      1610     998      1486     1308     1669     1798     1317     1745     1226     1049     1893     682      892      1919     2062     1651     2073     2100     1223     1407     
10       729      1870     1401     923      816      819      580      1087     1344     1473     0        1615     703      765      1806     787      1623     507      826      1777     1029     1858     486      824      983      1600     1851     963      732      398      1465     1626     848      1061     1926     709      1735     875      700      1026     1411     
11       1342     657      439      842      1088     1255     1145     1400     289      611      1615     0        1857     1632     376      873      555      1333     806      223      1165     1045     1143     1289     1039     1188     1263     1058     1613     1258     544      1443     1057     646      1384     2036     1125     1961     2101     937      958      
12       1396     1864     1800     1422     779      1466     1156     1758     1648     1932     703      1857     0        1469     2147     1244     1641     543      1233     1951     1655     1681     987      611      883      1332     1577     859      274      718      1501     1243     1434     1211     1613     222      1507     171      326      978      1253     
13       290      2113     1254     791      1336     382      575      441      1347     1214     765      1632     1469     0        1660     815      1881     1141     905      1845     550      2257     717      1441     1486     2099     2327     1475     1461     925      1736     2202     575      1332     2426     1463     2188     1640     1437     1479     1856     
14       1384     983      418      922      1404     1279     1269     1343     499      464      1806     376      2147     1660     0        1021     922      1608     982      501      1132     1403     1320     1613     1380     1564     1631     1396     1921     1492     920      1819     1102     964      1751     2309     1496     2266     2364     1280     1333     
15       535      1298     613      183      702      492      272      759      586      701      787      873      1244     815      1021     0        1066     716      91       1067     548      1460     302      886      803      1354     1559     801      1086     529      922      1507     316      532      1667     1363     1414     1394     1398     758      1093     
16       1600     247      919      1129     882      1543     1318     1762     667      1118     1623     555      1641     1881     922      1066     0        1203     976      456      1524     494      1237     1030     758      660      709      782      1370     1226     158      926      1347     574      829      1850     574      1703     1936     666      481      
17       983      1444     1256     898      332      1025     686      1328     1110     1391     507      1333     543      1141     1608     716      1203     0        694      1450     1183     1372     501      319      492      1095     1348     469      373      226      1050     1120     947      699      1419     703      1236     682      767      554      921      
18       626      1210     587      237      641      583      351      845      524      700      826      806      1233     905      982      91       976      694      0        993      628      1369     342      835      730      1267     1470     730      1057     528      831      1426     403      441      1579     1364     1324     1376     1406     679      1005     
19       1555     481      661      1054     1172     1471     1340     1623     498      825      1777     223      1951     1845     501      1067     456      1450     993      0        1388     912      1321     1359     1093     1117     1150     1115     1695     1404     510      1382     1272     751      1267     2143     1024     2041     2216     991      921      
20       332      1731     748      408      1241     219      502      238      901      674      1029     1165     1655     550      1132     548      1524     1183     628      1388     0        1965     683      1410     1351     1894     2088     1348     1554     961      1400     2055     241      1056     2200     1720     1940     1820     1726     1306     1629     
21       1991     456      1410     1558     1044     1952     1681     2198     1152     1610     1858     1045     1681     2257     1403     1460     494      1372     1369     912      1965     0        1561     1106     880      379      257      902      1410     1470     573      611      1765     928      363      1903     197      1694     2002     833      451      
22       502      1481     915      453      623      528      185      832      865      998      486      1143     987      717      1320     302      1237     501      342      1321     683      1561     0        754      769      1383     1615     758      871      279      1081     1486     450      663      1710     1082     1478     1147     1109     763      1145     
23       1256     1254     1320     1067     211      1280     937      1582     1122     1486     824      1289     611      1441     1613     886      1030     319      835      1359     1410     1106     754      0        273      796      1050     249      340      516      892      802      1168     650      1113     823      952      682      914      371      661      
24       1260     985      1126     967      166      1259     932      1550     903      1308     983      1039     883      1486     1380     803      758      492      730      1093     1351     880      769      273      0        627      872      24       614      608      619      719      1113     424      956      1092     751      953      1180     103      429      
25       1857     749      1466     1487     792      1839     1531     2113     1205     1669     1600     1188     1332     2099     1564     1354     660      1095     1267     1117     1894     379      1383     796      627      0        254      644      1068     1235     645      268      1670     842      329      1555     183      1330     1657     620      268      
26       2076     710      1595     1679     1039     2050     1755     2314     1334     1798     1851     1263     1577     2327     1631     1559     709      1348     1470     1150     2088     257      1615     1050     872      254      0        890      1317     1481     749      396      1873     1032     121      1800     149      1566     1903     854      471      
27       1252     1009     1137     968      148      1253     923      1545     917      1317     963      1058     859      1475     1396     801      782      469      730      1115     1348     902      758      249      24       644      890      0        590      591      643      728      1110     438      973      1068     771      930      1156     123      451      
28       1336     1591     1598     1269     526      1387     1053     1689     1424     1745     732      1613     274      1461     1921     1086     1370     373      1057     1695     1554     1410     871      340      614      1068     1317     590      0        592      1233     1001     1320     967      1359     494      1239     347      592      711      979      
29       757      1473     1113     704      443      798      461      1102     1005     1226     398      1258     718      925      1492     529      1226     226      528      1404     961      1470     279      516      608      1235     1481     591      592      0        1068     1296     729      669      1564     836      1357     873      878      637      1027     
30       1458     405      846      998      733      1406     1169     1636     585      1049     1465     544      1501     1736     920      922      158      1050     831      510      1400     573      1081     892      619      645      749      643      1233     1068     0        898      1212     418      870      1707     603      1571     1790     523      417      
31       1980     1014     1693     1657     865      1976     1651     2263     1435     1893     1626     1443     1243     2202     1819     1507     926      1120     1426     1382     2055     611      1486     802      719      268      396      728      1001     1296     898      0        1822     1029     386      1461     418      1208     1567     749      490      
32       287      1568     687      222      1000     200      280      442      773      682      848      1057     1434     575      1102     316      1347     947      403      1272     241      1765     450      1168     1113     1670     1873     1110     1320     729      1212     1822     0        842      1982     1514     1727     1597     1529     1073     1409     
33       1062     820      704      648      443      1025     759      1282     478      892      1061     646      1211     1332     964      532      574      699      441      751      1056     928      663      650      424      842      1032     438      967      669      418      1029     842      0        1143     1395     885      1315     1465     332      575      
34       2178     820      1716     1791     1121     2156     1855     2424     1454     1919     1926     1384     1613     2426     1751     1667     829      1419     1579     1267     2200     363      1710     1113     956      329      121      973      1359     1564     870      386      1982     1143     0        1834     268      1589     1939     947      574      
35       1434     2077     1945     1533     976      1518     1234     1795     1813     2062     709      2036     222      1463     2309     1363     1850     703      1364     2143     1720     1903     1082     823      1092     1555     1800     1068     494      836      1707     1461     1514     1395     1834     0        1729     288      107      1184     1473     
36       1933     609      1448     1531     918      1905     1614     2167     1186     1651     1735     1125     1507     2188     1496     1414     574      1236     1324     1024     1940     197      1478     952      751      183      149      771      1239     1357     603      418      1727     885      268      1729     0        1510     1831     723      333      
37       1566     1915     1933     1575     873      1635     1320     1928     1768     2073     875      1961     171      1640     2266     1394     1703     682      1376     2041     1820     1694     1147     682      953      1330     1566     930      347      873      1571     1208     1597     1315     1589     288      1510     0        392      1053     1286     
38       1430     2165     1991     1563     1057     1519     1251     1787     1870     2100     700      2101     326      1437     2364     1398     1936     767      1406     2216     1726     2002     1109     914      1180     1657     1903     1156     592      878      1790     1567     1529     1465     1939     107      1831     392      0        1269     1569     
39       1240     899      1037     913      222      1230     913      1514     807      1223     1026     937      978      1479     1280     758      666      554      679      991      1306     833      763      371      103      620      854      123      711      637      523      749      1073     332      947      1184     723      1053     1269     0        390      
40       1605     645      1206     1222     594      1582     1284     1851     946      1407     1411     958      1253     1856     1333     1093     481      921      1005     921      1629     451      1145     661      429      268      471      451      979      1027     417      490      1409     575      574      1473     333      1286     1569     390      0        
;



Table delta(i,j)                 Distance
         0        1        2        3        4        5        6        7        8        9        10       11       12       13       14       15       16       17       18       19       20       21       22       23       24       25       26       27       28       29       30       31       32       33       34       35       36       37       38       39       40       
0        0        13110    20310    13800    2850     21780    7860     8250     3660     14070    16950    4200     9930     9450     8970     16620    11460    19920    15870    14730    11340    8460     18180    20400    3750     7110     13020    14610    7890     11850    13860    10170    15330    19410    17640    6930     9600     20820    12930    18540    20130    
1        13110    0        394      645      432      358      692      712      457      903      900      469      410      437      679      991      392      983      932      264      739      504      187      693      391      349      761      856      696      356      258      772      942      218      150      625      757      324      825      1011     1064     
2        20310    394      0        586      616      652      931      923      621      1070     910      621      421      458      788      1179     359      1318     1024     653      1045     554      281      460      568      703      793      912      878      320      215      1000     1170     310      369      763      958      623      919      1078     1127     
3        13800    645      586      0        367      1004     587      539      338      590      328      320      234      210      311      709      264      1068     478      841      784      182      715      285      359      668      232      352      467      308      451      618      752      763      755      337      548      969      389      512      556      
4        2850     432      616      367      0        753      316      308      33       478      503      52       241      222      253      577      297      751      502      536      463      187      584      585      48       311      367      439      273      316      403      383      554      628      579      194      346      719      396      585      638      
5        21780    358      652      1004     753      0        944      983      783      1189     1245     798      769      795      1006     1257     750      1092     1252     259      918      856      371      1036     721      537      1106     1190     987      713      596      1025     1182     343      287      945      1031     34       1148     1337     1390     
6        7860     692      931      587      316      944      0        69       318      263      535      323      547      520      296      313      608      483      404      691      211      448      867      855      363      409      448      431      137      631      718      81       250      906      842      251      108      916      348      497      542      
7        8250     712      923      539      308      983      69       0        302      208      466      304      524      494      237      279      587      541      335      734      278      414      880      814      357      453      384      362      74       614      712      81       246      921      862      202      48       953      278      429      474      
8        3660     457      621      338      33       783      318      302      0        462      471      19       231      207      224      564      290      765      475      569      476      160      603      565      65       344      334      408      260      314      411      380      548      648      603      168      337      749      368      556      609      
9        14070    903      1070     590      478      1189     263      208      462      0        391      456      651      616      291      119      715      624      194      942      427      523      1062     875      525      662      375      289      207      750      868      197      196      1106     1053     306      160      1159     214      272      304      
10       16950    900      910      328      503      1245     535      466      471      391      0        453      517      482      269      497      567      992      210      1040     745      398      1006     576      527      802      139      106      399      612      755      519      586      1055     1031     338      444      1211     192      200      235      
11       4200     469      621      320      52       798      323      304      19       456      453      0        223      198      210      561      284      777      462      587      488      144      612      551      78       363      315      392      257      310      413      383      550      657      614      157      337      765      355      542      595      
12       9930     410      421      234      241      769      547      524      231      651      517      223      0        37       367      764      63       993      606      617      704      133      490      359      205      483      387      500      470      101      239      605      768      539      523      346      552      734      499      666      717      
13       9450     437      458      210      222      795      520      494      207      616      482      198      37       0        330      729      99       973      568      633      684      96       525      366      191      484      350      463      437      138      276      575      736      573      555      311      520      760      461      629      680      
14       8970     679      788      311      253      1006     296      237      224      291      269      210      367      330      0        408      429      778      253      785      506      234      815      594      288      535      155      188      163      468      595      312      441      862      822      68       238      973      145      332      385      
15       16620    991      1179     709      577      1257     313      279      564      119      497      561      764      729      408      0        828      567      289      1004     423      638      1157     994      625      722      493      400      304      862      974      233      128      1199     1142     418      234      1228     330      347      366      
16       11460    392      359      264      297      750      608      587      290      715      567      284      63       99       429      828      0        1046     665      618      759      195      450      331      257      513      440      557      533      45       189      667      830      499      492      409      615      716      559      723      773      
17       19920    983      1318     1068     751      1092     483      541      765      624      992      777      993      973      778      567      1046     0        816      846      288      916      1170     1327     789      634      925      885      615      1059     1107     474      441      1196     1115     734      551      1076     799      896      925      
18       15870    932      1024     478      502      1252     404      335      475      194      210      462      606      568      253      289      665      816      0        1021     599      472      1068     754      540      754      246      128      290      707      841      363      389      1115     1076     307      298      1219     108      93       143      
19       14730    264      653      841      536      259      691      734      569      942      1040     587      617      633      785      1004     618      846      1021     0        659      674      401      939      514      282      902      973      745      591      516      771      925      405      318      720      782      235      922      1110     1162     
20       11340    739      1045     784      463      918      211      278      476      427      745      488      704      684      506      423      759      288      599      659      0        628      926      1038     502      399      659      640      349      774      831      236      307      958      882      455      304      895      556      689      728      
21       8460     504      554      182      187      856      448      414      160      523      398      144      133      96       234      638      195      916      472      674      628      0        610      410      177      487      261      370      352      235      369      496      651      658      633      222      436      822      365      535      586      
22       18180    187      281      715      584      371      867      880      603      1062     1006     612      490      525      815      1157     450      1170     1068     401      926      610      0        686      538      536      872      978      856      406      265      945      1117     48       89       769      923      342      959      1140     1193     
23       20400    693      460      285      585      1036     855      814      565      875      576      551      359      366      594      994      331      1327     754      939      1038     410      686      0        558      841      510      626      745      350      440      894      1035     729      754      612      827      1003     672      774      812      
24       3750     391      568      359      48       721      363      357      65       525      527      78       205      191      288      625      257      789      540      514      502      177      538      558      0        309      389      470      321      273      355      431      602      583      537      234      395      687      433      621      674      
25       7110     349      703      668      311      537      409      453      344      662      802      363      483      484      535      722      513      634      754      282      399      487      536      841      309      0        671      723      470      506      504      489      645      564      485      467      502      510      662      846      897      
26       13020    761      793      232      367      1106     448      384      334      375      139      315      387      350      155      493      440      925      246      902      659      261      872      510      389      671      0        122      311      484      625      452      555      920      894      218      375      1072     163      286      334      
27       14610    856      912      352      439      1190     431      362      408      289      106      392      500      463      188      400      557      885      128      973      640      370      978      626      470      723      122      0        297      600      739      412      482      1026     994      256      338      1157     85       166      216      
28       7890     696      878      467      273      987      137      74       260      207      399      257      470      437      163      304      533      615      290      745      349      352      856      745      321      470      311      297      0        564      671      150      298      899      846      133      83       956      217      383      432      
29       11850    356      320      308      316      713      631      614      314      750      612      310      101      138      468      862      45       1059     707      591      774      235      406      350      273      506      484      600      564      0        144      693      860      454      450      444      645      678      600      766      817      
30       13860    258      215      451      403      596      718      712      411      868      755      413      239      276      595      974      189      1107     841      516      831      369      265      440      355      504      625      739      671      144      0        787      958      313      319      562      748      563      733      905      956      
31       10170    772      1000     618      383      1025     81       81       380      197      519      383      605      575      312      233      667      474      363      771      236      496      945      894      431      489      452      412      150      693      787      0        172      985      922      282      76       997      327      452      493      
32       15330    942      1170     752      554      1182     250      246      548      196      586      550      768      736      441      128      830      441      389      925      307      651      1117     1035     602      645      555      482      298      860      958      172      0        1156     1092     430      215      1155     402      460      485      
33       19410    218      310      763      628      343      906      921      648      1106     1055     657      539      573      862      1199     499      1196     1115     405      958      658      48       729      583      564      920      1026     899      454      313      985      1156     0        87       815      965      317      1006     1188     1240     
34       17640    150      369      755      579      287      842      862      603      1053     1031     614      523      555      822      1142     492      1115     1076     318      882      633      89       754      537      485      894      994      846      450      319      922      1092     87       0        771      908      257      968      1152     1205     
35       6930     625      763      337      194      945      251      202      168      306      338      157      346      311      68       418      409      734      307      720      455      222      769      612      234      467      218      256      133      444      562      282      430      815      771      0        216      912      203      392      445      
36       9600     757      958      548      346      1031     108      48       337      160      444      337      552      520      238      234      615      551      298      782      304      436      923      827      395      502      375      338      83       645      748      76       215      965      908      216      0        1001     252      390      434      
37       20820    324      623      969      719      34       916      953      749      1159     1211     765      734      760      973      1228     716      1076     1219     235      895      822      342      1003     687      510      1072     1157     956      678      563      997      1155     317      257      912      1001     0        1116     1304     1357     
38       12930    825      919      389      396      1148     348      278      368      214      192      355      499      461      145      330      559      799      108      922      556      365      959      672      433      662      163      85       217      600      733      327      402      1006     968      203      252      1116     0        188      241      
39       18540    1011     1078     512      585      1337     497      429      556      272      200      542      666      629      332      347      723      896      93       1110     689      535      1140     774      621      846      286      166      383      766      905      452      460      1188     1152     392      390      1304     188      0        53       
40       20130    1064     1127     556      638      1390     542      474      609      304      235      595      717      680      385      366      773      925      143      1162     728      586      1193     812      674      897      334      216      432      817      956      493      485      1240     1205     445      434      1357     241      53       0        
;

