

sets
i        orders          /0*40/
k        routes          /1*40/
p        positions       /0*40/
;

alias(i,j)
alias(i,h)
alias(i,hh)
alias(i,jj)
alias(k,kk)
                            Parameters

rho(i)	Processing time
/
0	0
1	64
2	38
3	52
4	62
5	24
6	68
7	60
8	64
9	56
10	31
11	99
12	15
13	54
14	36
15	48
16	12
17	43
18	24
19	42
20	91
21	85
22	44
23	98
24	48
25	3
26	94
27	74
28	11
29	97
30	74
31	33
32	62
33	42
34	71
35	12
36	61
37	14
38	62
39	83
40	9
/

gamma(i)	Duedate
/
0	0
1	98
2	37
3	31
4	9
5	64
6	17
7	37
8	4
9	88
10	36
11	52
12	29
13	12
14	91
15	75
16	19
17	14
18	88
19	66
20	77
21	95
22	80
23	88
24	51
25	47
26	36
27	54
28	51
29	6
30	32
31	13
32	30
33	60
34	75
35	83
36	15
37	47
38	60
39	62
40	68
/

sigma(i)	Size
/
0	0
1	4
2	8
3	9
4	8
5	2
6	6
7	2
8	3
9	9
10	9
11	2
12	5
13	5
14	5
15	5
16	5
17	3
18	6
19	4
20	9
21	3
22	2
23	8
24	4
25	9
26	6
27	7
28	7
29	4
30	6
31	9
32	2
33	3
34	2
35	5
36	1
37	9
38	2
39	1
40	1
/

epsilon(i)	Priority
/
0	0
1	9
2	4
3	8
4	3
5	3
6	8
7	1
8	7
9	6
10	1
11	9
12	4
13	7
14	8
15	9
16	3
17	8
18	3
19	6
20	7
21	1
22	6
23	9
24	5
25	2
26	6
27	4
28	3
29	9
30	7
31	5
32	2
33	4
34	5
35	7
36	3
37	1
38	1
39	7
40	6
/

psi	Vehicle Capacity
/ 64 /
;

Table kappa(i,j)                 Setup
         0        1        2        3        4        5        6        7        8        9        10       11       12       13       14       15       16       17       18       19       20       21       22       23       24       25       26       27       28       29       30       31       32       33       34       35       36       37       38       39       40       
0        0        188      616      737      1016     500      618      811      758      1268     953      250      423      891      682      276      1244     937      867      187      1129     407      544      463      721      817      781      761      678      942      395      280      1227     783      274      1026     875      1106     182      1209     976      
1        188      0        744      738      1144     365      762      998      935      1366     1114     331      281      990      866      447      1331     1078     729      338      1189     560      523      651      843      635      767      629      512      1088     543      437      1276     631      370      935      755      1070     271      1053     978      
2        616      744      0        1310     401      798      87       744      393      667      1109     417      778      304      450      655      658      338      1048     687      609      229      524      464      1086     1205     589      947      1011     1179     782      345      723      1375     816      1003     988      879      764      1405     659      
3        737      738      1310     0        1688     1072     1285     1093     1293     1977     907      988      990      1606     1166     670      1963     1589     1399     623      1864     1081     1255     950      526      1154     1499     1318     1136     791      582      968      1964     658      494      1655     1453     1809     559      1655     1704     
4        1016     1144     401      1688     0        1158     405      908      501      341      1325     815      1152     245      631      1019     380      119      1346     1070     484      615      841      768      1396     1561     799      1258     1363     1426     1130     740      587      1775     1198     1215     1266     985      1156     1682     752      
5        500      365      798      1072     1158     0        853      1275     1107     1295     1453     437      85       948      1078     777      1238     1127     367      683      1050     705      338      903      1206     406      534      264      215      1441     893      620      1111     751      734      583      390      777      633      711      750      
6        618      762      87       1285     405      853      0        659      306      701      1033     447      825      360      364      619      703      319      1119     665      677      212      597      400      1030     1258     675      1017     1068     1108     738      339      793      1392     794      1087     1064     967      752      1479     746      
7        811      998      744      1093     908      1275     659      0        409      1250     423      852      1211     992      298      571      1283     789      1618     687      1317     634      1148     373      620      1627     1298     1509     1475     542      555      668      1433     1503     751      1677     1595     1612     795      1979     1400     
8        758      935      393      1293     501      1107     306      409      0        843      823      673      1065     593      138      638      874      382      1404     727      915      402      889      345      924      1502     982      1298     1322     927      711      505      1031     1537     840      1391     1356     1269     835      1767     1044     
9        1268     1366     667      1977     341      1295     701      1250     843      0        1667     1038     1310     377      971      1319     89       461      1397     1354     318      895      957      1091     1723     1674     826      1328     1477     1766     1440     1009     367      1983     1483     1189     1300     892      1428     1693     691      
10       953      1114     1109     907      1325     1453     1033     423      823      1667     0        1090     1376     1385     697      676      1695     1206     1818     776      1708     945      1416     659      382      1741     1606     1711     1625     146      571      928      1824     1464     768      1941     1818     1934     853      2162     1741     
11       250      331      417      988      815      437      447      852      673      1038     1090     0        392      661      640      445      1006     754      766      404      881      270      330      479      923      829      549      657      651      1108     585      185      977      960      516      851      744      880      432      1128     733      
12       423      281      778      990      1152     85       825      1211     1065     1310     1376     392      0        953      1027     700      1258     1112     449      603      1080     662      364      842      1122     437      582      348      264      1360     812      568      1148     702      650      665      475      845      550      785      800      
13       891      990      304      1606     245      948      360      992      593      377      1385     661      953      0        694      958      356      289      1109     984      324      531      619      760      1388     1344     555      1025     1145     1466     1087     638      440      1611     1113     970      1025     749      1053     1439     515      
14       682      866      450      1166     631      1078     364      298      138      971      697      640      1027     694      0        525      997      512      1397     623      1019     384      898      233      786      1461     1022     1289     1290     795      584      459      1135     1447     728      1417     1360     1326     734      1761     1109     
15       276      447      655      670      1019     777      619      571      638      1319     676      445      700      958      525      0        1313     918      1142     117      1244     427      774      293      478      1083     993      1035     953      672      142      337      1352     940      203      1283     1145     1325     225      1486     1164     
16       1244     1331     658      1963     380      1238     703      1283     874      89       1695     1006     1258     356      997      1313     0        496      1324     1340     232      886      900      1100     1732     1611     754      1259     1415     1788     1439     994      277      1940     1469     1107     1225     805      1409     1613     609      
17       937      1078     338      1589     119      1127     319      789      382      461      1206     754      1112     289      512      918      496      0        1343     976      577      531      826      658      1282     1533     819      1250     1337     1307     1024     658      686      1709     1103     1241     1271     1038     1068     1689     804      
18       867      729      1048     1399     1346     367      1119     1618     1404     1397     1818     766      449      1109     1397     1142     1324     1343     0        1050     1102     1013     524      1245     1572     373      571      109      269      1808     1260     951      1128     949      1099     333      109      647      999      363      735      
19       187      338      687      623      1070     683      665      687      727      1354     776      404      603      984      623      117      1340     976      1050     0        1251     459      721      390      535      971      951      945      849      757      209      346      1355     828      129      1212     1061     1280     111      1387     1136     
20       1129     1189     609      1864     484      1050     677      1317     915      318      1708     881      1080     324      1019     1244     232      577      1102     1251     0        821      716      1073     1693     1405     540      1044     1212     1786     1379     909      116      1776     1377     875      1001     574      1305     1383     378      
21       407      560      229      1081     615      705      212      634      402      895      945      270      662      531      384      427      886      531      1013     459      821      0        517      286      874      1100     668      905      919      996      559      127      931      1186     588      1043     976      991      541      1377     796      
22       544      523      524      1255     841      338      597      1148     889      957      1416     330      364      619      898      774      900      826      524      721      716      517      0        783      1250     724      244      425      526      1438     913      491      784      1063     819      530      467      562      724      882      456      
23       463      651      464      950      768      903      400      373      345      1091     659      479      842      760      233      293      1100     658      1245     390      1073     286      783      0        632      1266     953      1136     1107     717      371      296      1188     1215     496      1313     1223     1278     501      1606     1081     
24       721      843      1086     526      1396     1206     1030     620      924      1723     382      923      1122     1388     786      478      1732     1282     1572     535      1693     874      1250     632      0        1437     1471     1470     1349     282      337      807      1805     1096     473      1747     1591     1803     573      1893     1641     
25       817      635      1205     1154     1561     406      1258     1627     1502     1674     1741     829      437      1344     1461     1083     1611     1533     373      971      1405     1100     724      1266     1437     0        866      377      198      1701     1170     1002     1449     608      976      707      478      1010     888      505      1062     
26       781      767      589      1499     799      534      675      1298     982      826      1606     549      582      555      1022     993      754      819      571      951      540      668      244      953      1471     866      0        504      676      1641     1134     680      584      1283     1056     423      477      332      963      885      218      
27       761      629      947      1318     1258     264      1017     1509     1298     1328     1711     657      348      1025     1289     1035     1259     1250     109      945      1044     905      425      1136     1470     377      504      0        221      1703     1155     842      1079     907      999      361      136      636      898      472      688      
28       678      512      1011     1136     1363     215      1068     1475     1322     1477     1625     651      264      1145     1290     953      1415     1337     269      849      1212     919      526      1107     1349     198      676      221      0        1599     1056     830      1260     687      877      580      350      851      780      544      878      
29       942      1088     1179     791      1426     1441     1108     542      927      1766     146      1108     1360     1466     795      672      1788     1307     1808     757      1786     996      1438     717      282      1701     1641     1703     1599     0        548      960      1901     1379     725      1955     1816     1973     819      2141     1790     
30       395      543      782      582      1130     893      738      555      711      1440     571      585      812      1087     584      142      1439     1024     1260     209      1379     559      913      371      337      1170     1134     1155     1056     548      0        477      1488     953      207      1416     1270     1466     282      1595     1306     
31       280      437      345      968      740      620      339      668      505      1009     928      185      568      638      459      337      994      658      951      346      909      127      491      296      807      1002     680      842      830      960      477      0        1016     1060     475      1021     927      1012     419      1314     836      
32       1227     1276     723      1964     587      1111     793      1433     1031     367      1824     977      1148     440      1135     1352     277      686      1128     1355     116      931      784      1188     1805     1449     584      1079     1260     1901     1488     1016     0        1848     1479     874      1023     550      1404     1386     392      
33       783      631      1375     658      1775     751      1392     1503     1537     1983     1464     960      702      1611     1447     940      1940     1709     949      828      1776     1186     1063     1215     1096     608      1283     907      687      1379     953      1060     1848     0        751      1268     1037     1520     717      1103     1500     
34       274      370      816      494      1198     734      794      751      840      1483     768      516      650      1113     728      203      1469     1103     1099     129      1377     588      819      496      473      976      1056     999      877      725      207      475      1479     751      0        1289     1122     1381     101      1420     1248     
35       1026     935      1003     1655     1215     583      1087     1677     1391     1189     1941     851      665      970      1417     1283     1107     1241     333      1212     875      1043     530      1313     1747     707      423      361      580      1955     1416     1021     874      1268     1289     0        232      341      1188     512      498      
36       875      755      988      1453     1266     390      1064     1595     1356     1300     1818     744      475      1025     1360     1145     1225     1271     109      1061     1001     976      467      1223     1591     478      477      136      350      1816     1270     927      1023     1037     1122     232      0        538      1020     419      630      
37       1106     1070     879      1809     985      777      967      1612     1269     892      1934     880      845      749      1326     1325     805      1038     647      1280     574      991      562      1278     1803     1010     332      636      851      1973     1466     1012     550      1520     1381     341      538      0        1286     848      234      
38       182      271      764      559      1156     633      752      795      835      1428     853      432      550      1053     734      225      1409     1068     999      111      1305     541      724      501      573      888      963      898      780      819      282      419      1404     717      101      1188     1020     1286     0        1323     1159     
39       1209     1053     1405     1655     1682     711      1479     1979     1767     1693     2162     1128     785      1439     1761     1486     1613     1689     363      1387     1383     1377     882      1606     1893     505      885      472      544      2141     1595     1314     1386     1103     1420     512      419      848      1323     0        1004     
40       976      978      659      1704     752      750      746      1400     1044     691      1741     733      800      515      1109     1164     609      804      735      1136     378      796      456      1081     1641     1062     218      688      878      1790     1306     836      392      1500     1248     498      630      234      1159     1004     0        
;



Table delta(i,j)                 Distance
         0        1        2        3        4        5        6        7        8        9        10       11       12       13       14       15       16       17       18       19       20       21       22       23       24       25       26       27       28       29       30       31       32       33       34       35       36       37       38       39       40       
0        0        20160    9780     32460    15120    26430    20490    36990    31320    20820    30300    22350    22380    19830    41340    7620     29160    21420    29730    17160    34770    30840    25350    27210    12600    32910    28860    33360    29190    24180    5700     16590    34260    32070    25530    16980    21360    16110    31230    5340     33120    
1        20160    0        607      411      211      212      693      563      641      343      978      255      519      726      732      610      893      695      482      309      487      439      539      816      465      428      554      779      543      136      652      548      470      423      516      246      73       648      964      515      639      
2        9780     607      0        996      536      779      357      1113     1150     784      684      783      459      334      1209     72       646      388      765      368      1067     838      565      581      605      1017     1060     815      1063     736      144      244      1039     1030     579      399      613      211      714      220      847      
3        32460    411      996      0        594      216      987      179      632      564      1193     440      756      1033     409      1010     1100     976      497      645      77       360      716      1032     816      27       582      848      555      275      1058     878      75       155      682      599      384      988      1158     926      629      
4        15120    211      536      594      0        417      731      759      616      253      1051     252      618      749      941      515      976      743      672      373      672      646      669      897      257      606      526      932      527      325      535      568      661      565      653      314      278      645      1050     379      823      
5        26430    212      779      216      417      0        785      351      664      469      1019     348      566      829      524      795      928      778      383      431      288      286      545      855      663      238      590      727      570      99       845      667      264      287      513      383      171      776      992      718      539      
6        20490    693      357      987      731      785      0        1052     1324     979      338      933      244      56       1076     429      290      35       595      384      1045     715      331      224      889      1013     1234     508      1228     787      500      164      1007     1071     362      449      661      146      360      550      615      
7        36990    563      1113     179      759      351      1052     0        788      743      1214     619      810      1103     241      1136     1120     1036     494      749      119      351      748      1060     990      182      746      821      718      434      1191     964      104      308      713      714      521      1076     1170     1069     591      
8        31320    641      1150     632      616      664      1324     788      0        366      1619     390      1160     1350     1029     1123     1535     1330     1047     942      670      941      1173     1457     629      617      90       1387     97       596      1130     1168     698      481      1146     877      693      1255     1605     971      1203     
9        20820    343      784      564      253      469      979      743      366      0        1291     125      843      1000     964      757      1212     989      817      608      633      750      877      1133     304      564      277      1123     283      372      766      818      639      471      856      544      413      898      1285     606      976      
10       30300    978      684      1193     1051     1019     338      1214     1619     1291     0        1230     461      349      1171     755      93       316      720      683      1237     862      477      164      1225     1221     1531     453      1522     1047     821      499      1194     1305     511      747      931      475      67       887      659      
11       22350    255      783      440      252      348      933      619      390      125      1230     0        773      961      838      767      1147     939      708      551      510      632      794      1069     396      442      301      1027     294      253      788      779      515      358      770      486      316      869      1218     631      868      
12       22380    519      459      756      618      566      244      810      1160     843      461      773      0        298      833      520      374      226      353      245      809      471      106      297      829      783      1073     366      1062     586      596      220      770      854      127      304      470      312      445      578      397      
13       19830    726      334      1033     749      829      56       1103     1350     1000     349      961      298      0        1131     406      315      88       650      417      1092     769      388      258      892      1059     1260     560      1255     826      474      182      1055     1113     418      480      698      125      381      539      671      
14       41340    732      1209     409      941      524      1076     241      1029     964      1171     838      833      1131     0        1244     1080     1053     480      842      359      372      747      1033     1187     418      986      735      958      621      1307     1023     336      548      715      824      675      1131     1118     1205     511      
15       7620     610      72       1010     515      795      429      1136     1123     757      755      767      520      406      1244     0        718      460      812      402      1084     877      625      653      556      1030     1034     880      1038     744      76       311      1058     1034     637      424      626      283      786      165      903      
16       29160    893      646      1100     976      928      290      1120     1535     1212     93       1147     374      315      1080     718      0        261      626      605      1143     768      384      79       1161     1127     1447     371      1437     958      788      440      1100     1213     418      668      844      435      74       839      570      
17       21420    695      388      976      743      778      35       1036     1330     989      316      939      226      88       1053     460      261      0        572      388      1032     696      306      193      908      1003     1240     473      1233     785      532      182      994      1065     338      453      660      180      333      577      585      
18       29730    482      765      497      672      383      595      494      1047     817      720      708      353      650      480      812      626      572      0        420      527      143      267      568      926      524      973      352      953      459      882      554      483      633      234      429      409      658      676      813      159      
19       17160    309      368      645      373      431      384      749      942      608      683      551      245      417      842      402      605      388      420      0        713      474      311      526      586      669      852      586      845      412      468      242      681      705      304      65       284      347      678      394      535      
20       34770    487      1067     77       672      288      1045     119      670      633      1237     510      809      1092     359      1084     1143     1032     527      713      0        385      762      1078     891      68       627      872      599      353      1133     942      44       189      727      670      458      1053     1199     1002     647      
21       30840    439      838      360      646      286      715      351      941      750      862      632      471      769      372      877      768      696      143      474      385      0        399      708      903      387      872      488      850      378      942      651      341      503      365      464      368      760      819      852      270      
22       25350    539      565      716      669      545      331      748      1173     877      477      794      106      388      747      625      384      306      267      311      762      399      0        316      896      743      1089     275      1075     583      700      327      720      829      34       359      480      416      446      674      291      
23       27210    816      581      1032     897      855      224      1060     1457     1133     164      1069     297      258      1033     653      79       193      568      526      1078     708      316      0        1083     1060     1369     352      1359     882      725      366      1036     1142     350      589      767      371      152      768      528      
24       12600    465      605      816      257      663      889      990      629      304      1225     396      829      892      1187     556      1161     908      926      586      891      903      896      1083     0        823      551      1168     566      566      539      725      888      754      886      537      534      773      1235     390      1075     
25       32910    428      1017     27       606      238      1013     182      617      564      1221     442      783      1059     418      1030     1127     1003     524      669      68       387      743      1060     823      0        569      874      542      292      1077     902      82       136      709      622      404      1013     1186     943      655      
26       28860    554      1060     582      526      590      1234     746      90       277      1531     301      1073     1260     986      1034     1447     1240     973      852      627      872      1089     1369     551      569      0        1308     29       517      1043     1078     651      437      1063     787      608      1164     1518     883      1129     
27       33360    779      815      848      932      727      508      821      1387     1123     453      1027     366      560      735      880      371      473      352      586      872      488      275      352      1168     874      1308     0        1291     791      956      570      828      985      282      630      712      634      392      945      231      
28       29190    543      1063     555      527      570      1228     718      97       283      1522     294      1062     1255     958      1038     1437     1233     953      845      599      850      1075     1359     566      542      29       1291     0        500      1049     1073     624      409      1049     780      596      1161     1507     889      1109     
29       24180    136      736      275      325      99       787      434      596      372      1047     253      586      826      621      744      958      785      459      412      353      378      583      882      566      292      517      791      500      0        788      654      337      295      554      355      128      760      1025     651      618      
30       5700     652      144      1058     535      845      500      1191     1130     766      821      788      596      474      1307     76       788      532      882      468      1133     942      700      725      539      1077     1043     956      1049     788      0        387      1109     1073     712      483      674      353      855      159      977      
31       16590    548      244      878      568      667      164      964      1168     818      499      779      220      182      1023     311      440      182      554      242      942      651      327      366      725      902      1078     570      1073     654      387      0        907      946      346      302      526      111      513      403      616      
32       34260    470      1039     75       661      264      1007     104      698      639      1194     515      770      1055     336      1058     1100     994      483      681      44       341      720      1036     888      82       651      828      624      337      1109     907      0        216      685      640      435      1018     1156     982      603      
33       32070    423      1030     155      565      287      1071     308      481      471      1305     358      854      1113     548      1034     1213     1065     633      705      189      503      829      1142     754      136      437      985      409      295      1073     946      216      0        796      650      423      1053     1275     928      774      
34       25530    516      579      682      653      513      362      713      1146     856      511      770      127      418      715      637      418      338      234      304      727      365      34       350      886      709      1063     282      1049     554      712      346      685      796      0        348      455      440      479      678      270      
35       16980    246      399      599      314      383      449      714      877      544      747      486      304      480      824      424      668      453      429      65       670      464      359      589      537      622      787      630      780      355      483      302      640      650      348      0        227      404      741      388      558      
36       21360    73       613      384      278      171      661      521      693      413      931      316      470      698      675      626      844      660      409      284      458      368      480      767      534      404      608      712      596      128      674      526      435      423      455      227      0        631      913      548      566      
37       16110    648      211      988      645      776      146      1076     1255     898      475      869      312      125      1131     283      435      180      658      347      1053     760      416      371      773      1013     1164     634      1161     760      353      111      1018     1053     440      404      631      0        503      414      708      
38       31230    964      714      1158     1050     992      360      1170     1605     1285     67       1218     445      381      1118     786      74       333      676      678      1199     819      446      152      1235     1186     1518     392      1507     1025     855      513      1156     1275     479      741      913      503      0        910      606      
39       5340     515      220      926      379      718      550      1069     971      606      887      631      578      539      1205     165      839      577      813      394      1002     852      674      768      390      943      883      945      889      651      159      403      982      928      678      388      548      414      910      0        927      
40       33120    639      847      629      823      539      615      591      1203     976      659      868      397      671      511      903      570      585      159      535      647      270      291      528      1075     655      1129     231      1109     618      977      616      603      774      270      558      566      708      606      927      0        
;

