

sets
i        orders          /0*40/
k        routes          /1*40/
p        positions       /0*40/
;

alias(i,j)
alias(i,h)
alias(i,hh)
alias(i,jj)
alias(k,kk)
                            Parameters

rho(i)	Processing time
/
0	0
1	4
2	96
3	30
4	7
5	3
6	20
7	77
8	40
9	60
10	44
11	85
12	96
13	98
14	89
15	94
16	18
17	91
18	28
19	51
20	7
21	2
22	91
23	1
24	28
25	59
26	1
27	50
28	79
29	42
30	26
31	6
32	35
33	60
34	92
35	53
36	77
37	51
38	26
39	19
40	98
/

gamma(i)	Duedate
/
0	0
1	48
2	22
3	43
4	80
5	64
6	91
7	30
8	57
9	82
10	29
11	17
12	18
13	43
14	63
15	64
16	33
17	99
18	13
19	46
20	83
21	99
22	68
23	66
24	62
25	90
26	49
27	59
28	69
29	56
30	30
31	60
32	45
33	39
34	29
35	20
36	68
37	96
38	77
39	6
40	63
/

sigma(i)	Size
/
0	0
1	6
2	7
3	7
4	3
5	8
6	8
7	6
8	4
9	7
10	7
11	3
12	8
13	2
14	5
15	5
16	4
17	1
18	6
19	8
20	8
21	7
22	8
23	7
24	2
25	2
26	9
27	7
28	4
29	7
30	2
31	8
32	4
33	3
34	6
35	5
36	9
37	7
38	4
39	3
40	4
/

epsilon(i)	Priority
/
0	0
1	3
2	1
3	4
4	5
5	3
6	1
7	5
8	4
9	1
10	3
11	2
12	4
13	3
14	7
15	2
16	4
17	4
18	2
19	9
20	2
21	6
22	5
23	9
24	9
25	7
26	3
27	5
28	6
29	9
30	2
31	6
32	2
33	8
34	6
35	9
36	5
37	5
38	5
39	8
40	2
/

psi	Vehicle Capacity
/ 21 /
;

Table kappa(i,j)                 Setup
         0        1        2        3        4        5        6        7        8        9        10       11       12       13       14       15       16       17       18       19       20       21       22       23       24       25       26       27       28       29       30       31       32       33       34       35       36       37       38       39       40       
0        0        1867     1471     1545     281      637      874      967      1511     1416     1096     555      1072     381      694      1973     1174     604      2207     1630     1756     1478     760      435      932      1073     602      2437     1977     1217     1510     1028     848      633      1466     281      680      85       1167     393      182      
1        1867     0        1034     893      1651     1365     1035     1366     657      450      1009     2010     1483     1486     1613     512      1125     1730     422      1485     720      1469     1381     2027     1569     946      1293     570      116      1442     1099     990      1074     1361     1084     1611     1258     1828     786      1475     1711     
2        1471     1034     0        1552     1190     1332     718      557      380      840      406      1317     575      1161     888      743      1505     1028     1451     464      1539     1973     722      1398     720      483      1158     1474     1136     470      77       508      1116     1324     50       1334     1214     1395     1096     1184     1289     
3        1545     893      1552     0        1449     909      1063     1570     1227     730      1278     1919     1736     1232     1655     1360     400      1717     950      2001     267      582      1457     1873     1739     1173     970      1288     928      1774     1629     1188     742      912      1594     1265     873      1547     507      1197     1457     
4        281      1651     1190     1449     0        594      627      689      1246     1204     821      480      804      218      443      1715     1118     390      2014     1357     1631     1492     480      423      674      806      480      2220     1764     946      1228     760      712      587      1185     279      583      206      1012     258      102      
5        637      1365     1332     909      594      0        614      1025     1208     932      929      1074     1188     384      939      1602     539      945      1647     1657     1130     900      828      1000     1115     850      185      1917     1462     1293     1396     825      293      9        1350     361      123      647      591      339      572      
6        874      1035     718      1063     627      614      0        512      646      601      315      982      681      505      623      1099     877      718      1419     1063     1165     1343     403      992      676      237      442      1601     1150     744      782      210      427      606      736      666      497      820      555      513      702      
7        967      1366     557      1570     689      1025     512      0        769      1006     357      760      170      733      331      1234     1382     470      1784     671      1651     1842     216      842      202      437      841      1892     1482     272      574      404      919      1016     537      897      932      884      1062     769      792      
8        1511     657      380      1227     1246     1208     646      769      0        496      446      1495     856      1150     1068     477      1250     1201     1078     840      1182     1702     851      1546     967      440      1062     1134     763      794      449      486      942      1201     430      1313     1085     1448     825      1159     1332     
9        1416     450      840      730      1204     932      601      1006     496      0        657      1583     1148     1036     1208     712      804      1315     818      1300     700      1230     977      1590     1203     569      846      1020     561      1144     916      604      638      927      885      1161     819      1378     394      1024     1262     
10       1096     1009     406      1278     821      929      315      357      446      657      0        1050     491      764      625      924      1157     756      1426     759      1326     1628     405      1100     559      105      753      1543     1125     498      467      107      732      921      421      935      813      1027     781      783      914      
11       555      2010     1317     1919     480      1074     982      760      1495     1583     1050     0        777      698      432      1972     1598     295      2401     1316     2086     1969     645      141      616      1080     956      2569     2126     924      1329     1033     1177     1067     1294     736      1062     488      1458     739      512      
12       1072     1483     575      1736     804      1188     681      170      856      1148     491      777      0        878      387      1299     1553     513      1904     562      1808     2012     363      880      160      583      1004     1990     1597     151      570      557      1089     1179     542      1035     1098     987      1228     917      906      
13       381      1486     1161     1232     218      384      505      733      1150     1036     764      698      878      0        574      1603     900      564      1832     1400     1419     1284     518      640      776      721      262      2056     1596     1004     1211     681      499      376      1166     172      364      345      807      45       235      
14       694      1613     888      1655     443      939      623      331      1068     1208     625      432      387      574      0        1542     1395     139      2018     950      1782     1823     231      510      238      669      772      2162     1730     538      906      624      933      930      869      705      879      608      1159     619      540      
15       1973     512      743      1360     1715     1602     1099     1234     477      712      924      1972     1299     1603     1542     0        1511     1677     833      1122     1221     1913     1329     2024     1425     913      1479     757      556      1211     782      960      1315     1597     788      1758     1481     1915     1106     1607     1798     
16       1174     1125     1505     400      1118     539      877      1382     1250     804      1157     1598     1553     900      1395     1511     0        1432     1289     1916     656      470      1228     1534     1522     1054     643      1606     1192     1622     1580     1053     467      544      1539     900      536      1186     425      859      1108     
17       604      1730     1028     1717     390      945      718      470      1201     1315     756      295      513      564      139      1677     1432     0        2130     1071     1860     1843     353      372      355      792      794      2284     1847     664      1044     745      981      937      1007     668      902      519      1233     610      474      
18       2207     422      1451     950      2014     1647     1419     1784     1078     818      1426     2401     1904     1832     2018     833      1289     2130     0        1894     698      1521     1786     2408     1986     1357     1611     346      314      1864     1513     1399     1373     1646     1501     1937     1556     2177     1057     1814     2064     
19       1630     1485     464      2001     1357     1657     1063     671      840      1300     759      1316     562      1400     950      1122     1916     1071     1894     0        2001     2386     887      1431     716      861      1472     1878     1581     413      391      866      1488     1647     416      1568     1549     1546     1525     1434     1460     
20       1756     720      1539     267      1631     1130     1165     1651     1182     700      1326     2086     1808     1419     1782     1221     656      1860     698      2001     0        823      1568     2053     1834     1227     1162     1041     728      1824     1615     1251     920      1132     1585     1474     1075     1749     628      1388     1651     
21       1478     1469     1973     582      1492     900      1343     1842     1702     1230     1628     1969     2012     1284     1823     1913     470      1843     1521     2386     823      0        1675     1885     1971     1525     1051     1863     1510     2087     2048     1523     922      908      2007     1237     944      1512     881      1240     1459     
22       760      1381     722      1457     480      828      403      216      851      977      405      645      363      518      231      1329     1228     353      1786     887      1568     1675     0        697      295      439      646      1932     1498     486      754      393      760      819      712      681      744      681      953      555      582      
23       435      2027     1398     1873     423      1000     992      842      1546     1590     1100     141      880      640      510      2024     1534     372      2408     1431     2053     1885     697      0        720      1118     903      2592     2142     1030     1416     1070     1135     994      1379     648      1003     378      1431     677      428      
24       932      1569     720      1739     674      1115     676      202      967      1203     559      616      160      776      238      1425     1522     355      1986     716      1834     1971     295      720      0        635      936      2093     1684     310      722      599      1055     1106     691      923      1037     846      1232     818      774      
25       1073     946      483      1173     806      850      237      437      440      569      105      1080     583      721      669      913      1054     792      1357     861      1227     1525     439      1118     635      0        679      1493     1063     601      550      47       637      841      505      890      730      1009     676      736      893      
26       602      1293     1158     970      480      185      442      841      1062     846      753      956      1004     262      772      1479     643      794      1611     1472     1162     1051     646      903      936      679      0        1858     1397     1108     1220     650      246      176      1174     325      108      587      564      227      489      
27       2437     570      1474     1288     2220     1917     1601     1892     1134     1020     1543     2569     1990     2056     2162     757      1606     2284     346      1878     1041     1863     1932     2592     2093     1493     1858     0        460      1925     1524     1539     1631     1915     1523     2178     1816     2398     1328     2044     2282     
28       1977     116      1136     928      1764     1462     1150     1482     763      561      1125     2126     1597     1596     1730     556      1192     1847     314      1581     728      1510     1498     2142     1684     1063     1397     460      0        1552     1198     1106     1173     1459     1186     1717     1358     1939     876      1584     1823     
29       1217     1442     470      1774     946      1293     744      272      794      1144     498      924      151      1004     538      1211     1622     664      1864     413      1824     2087     486      1030     310      601      1108     1925     1552     0        449      585      1167     1284     429      1167     1196     1133     1271     1041     1049     
30       1510     1099     77       1629     1228     1396     782      574      449      916      467      1329     570      1211     906      782      1580     1044     1513     391      1615     2048     754      1416     722      550      1220     1524     1198     449      0        571      1186     1388     46       1384     1279     1433     1172     1236     1329     
31       1028     990      508      1188     760      825      210      404      486      604      107      1033     557      681      624      960      1053     745      1399     866      1251     1523     393      1070     599      47       650      1539     1106     585      571      0        624      816      526      850      707      963      686      696      848      
32       848      1074     1116     742      712      293      427      919      942      638      732      1177     1089     499      933      1315     467      981      1373     1488     920      922      760      1135     1055     637      246      1631     1173     1167     1186     624      0        289      1141     569      185      833      319      469      731      
33       633      1361     1324     912      587      9        606      1016     1201     927      921      1067     1179     376      930      1597     544      937      1646     1647     1132     908      819      994      1106     841      176      1915     1459     1284     1388     816      289      0        1342     357      116      642      589      331      566      
34       1466     1084     50       1594     1185     1350     736      537      430      885      421      1294     542      1166     869      788      1539     1007     1501     416      1585     2007     712      1379     691      505      1174     1523     1186     429      46       526      1141     1342     0        1339     1233     1390     1132     1190     1285     
35       281      1611     1334     1265     279      361      666      897      1313     1161     935      736      1035     172      705      1758     900      668      1937     1568     1474     1237     681      648      923      890      325      2178     1717     1167     1384     850      569      357      1339     0        398      285      889      154      223      
36       680      1258     1214     873      583      123      497      932      1085     819      813      1062     1098     364      879      1481     536      902      1556     1549     1075     944      744      1003     1037     730      108      1816     1358     1196     1279     707      185      116      1233     398      0        675      500      325      583      
37       85       1828     1395     1547     206      647      820      884      1448     1378     1027     488      987      345      608      1915     1186     519      2177     1546     1749     1512     681      378      846      1009     587      2398     1939     1133     1433     963      833      642      1390     285      675      0        1148     366      118      
38       1167     786      1096     507      1012     591      555      1062     825      394      781      1458     1228     807      1159     1106     425      1233     1057     1525     628      881      953      1431     1232     676      564      1328     876      1271     1172     686      319      589      1132     889      500      1148     0        782      1042     
39       393      1475     1184     1197     258      339      513      769      1159     1024     783      739      917      45       619      1607     859      610      1814     1434     1388     1240     555      677      818      736      227      2044     1584     1041     1236     696      469      331      1190     154      325      366      782      0        262      
40       182      1711     1289     1457     102      572      702      792      1332     1262     914      512      906      235      540      1798     1108     474      2064     1460     1651     1459     582      428      774      893      489      2282     1823     1049     1329     848      731      566      1285     223      583      118      1042     262      0        
;



Table delta(i,j)                 Distance
         0        1        2        3        4        5        6        7        8        9        10       11       12       13       14       15       16       17       18       19       20       21       22       23       24       25       26       27       28       29       30       31       32       33       34       35       36       37       38       39       40       
0        0        17970    19500    17280    8340     12330    18300    20040    6000     13230    12930    22530    22920    22350    9750     15030    3570     16020    9330     14880    12120    23100    3870     5790     14550    16650    24600    13230    23190    23550    11460    22020    20460    21240    21000    12450    24090    14040    17070    9960     2310     
1        17970    0        110      292      876      216      350      249      400      720      943      928      1148     176      837      357      558      68       856      952      368      190      708      588      950      793      730      833      703      830      769      979      288      949      325      209      1229     381      128      898      582      
2        19500    110      0        222      929      241      460      351      457      818      954      1037     1245     233      914      310      590      136      927      1039     349      122      747      606      952      896      840      924      814      941      765      1085     390      1055     428      298      1323     488      88       926      645      
3        17280    292      222      0        841      215      615      537      420      861      793      1122     1272     452      883      105      484      259      882      1034     185      317      642      471      775      956      988      938      955      1059     586      1153     575      1122     613      371      1335     592      164      792      598      
4        8340     876      929      841      0        689      840      921      476      507      359      785      663      1015     237      756      358      812      177      393      661      1049     204      389      446      603      964      420      917      879      459      733      929      714      942      684      663      689      847      213      300      
5        12330    216      241      215      689      0        439      401      225      646      727      907      1061     389      692      210      350      148      699      832      174      363      506      372      734      741      795      729      758      852      554      937      433      906      467      169      1128     387      158      688      413      
6        18300    350      460      615      840      439      0        144      448      489      1033     614      895      321      709      645      637      358      751      763      610      503      739      702      1071     522      380      630      353      490      919      683      122      655      113      275      992      151      461      942      553      
7        20040    249      351      537      921      401      144      0        482      621      1072     758      1035     178      817      588      670      281      853      889      574      371      794      724      1098     663      502      758      482      629      932      828      39       799      77       271      1130     263      374      997      623      
8        6000     400      457      420      476      225      448      482      0        460      590      752      855      546      467      371      190      335      473      613      283      575      316      254      623      567      727      520      684      737      473      763      501      733      524      218      915      328      380      516      188      
9        13230    720      818      861      507      646      489      621      460      0        826      309      428      779      290      828      548      682      349      280      744      909      533      629      898      114      469      147      424      372      822      303      609      274      602      521      512      361      770      692      365      
10       12930    943      954      793      359      727      1033     1072     590      826      0        1124     1021     1111     589      689      401      874      533      752      614      1076     306      355      91       933      1246     767      1200     1193     220      1082     1092     1061     1115     802      1015     897      866      145      503      
11       22530    928      1037     1122     785      907      614      758      752      309      1124     0        367      936      549      1105     857      908      611      440      1029     1105     840      938      1200     196      367      365      344      187      1132     103      732      94       710      757      478      548      1006     985      675      
12       22920    1148     1245     1272     663      1061     895      1035     855      428      1021     367      0        1201     453      1226     884      1109     497      276      1135     1337     801      954      1110     373      728      335      699      553      1100     264      1017     278      1004     947      111      783      1194     876      707      
13       22350    176      233      452      1015     389      321      178      546      779      1111     936      1201     0        945      529      718      241      973      1036     545      208      862      756      1123     832      676      909      659      808      944      1002     211      973      242      331      1292     418      294      1058     716      
14       9750     837      914      883      237      692      709      817      467      290      589      549      453      945      0        819      443      782      62       177      723      1025     347      507      672      373      758      184      713      655      647      495      816      477      820      629      480      559      844      445      286      
15       15030    357      310      105      756      210      645      588      371      828      689      1105     1226     529      819      0        399      308      811      977      96       416      554      376      670      930      1005     891      969      1060     481      1127     625      1097     661      380      1282     598      235      693      533      
16       3570     558      590      484      358      350      637      670      190      548      401      857      884      718      443      399      0        490      424      615      303      713      159      81       433      662      892      559      847      876      295      847      691      819      714      402      922      510      504      340      185      
17       16020    68       136      259      812      148      358      281      335      682      874      908      1109     241      782      308      490      0        798      903      307      242      641      519      883      762      736      788      705      822      703      952      318      922      355      162      1186     361      104      830      521      
18       9330     856      927      882      177      699      751      853      473      349      533      611      497      973      62       811      424      798      0        221      715      1041     310      481      619      435      817      246      772      717      604      555      854      537      860      651      512      600      854      389      286      
19       14880    952      1039     1034     393      832      763      889      613      280      752      440      276      1036     177      977      615      903      221      0        883      1142     525      683      839      309      722      133      681      584      823      364      881      353      877      743      307      625      976      607      446      
20       12120    368      349      185      661      174      610      574      283      744      614      1029     1135     545      723      96       303      307      715      883      0        466      459      285      604      849      955      800      916      995      416      1045     607      1015     642      335      1189     542      263      607      438      
21       23100    190      122      317      1049     363      503      371      575      909      1076     1105     1337     208      1025     416      713      242      1041     1142     466      0        869      728      1070     978      874      1023     853      993      883      1161     408      1131     443      398      1419     562      210      1049     762      
22       3870     708      747      642      204      506      739      794      316      533      306      840      801      862      347      554      159      641      310      525      459      869      0        185      368      645      940      501      893      893      301      810      809      786      828      535      822      597      662      203      196      
23       5790     588      606      471      389      372      702      724      254      629      355      938      954      756      507      376      81       519      481      683      285      728      185      0        373      743      970      634      925      957      219      926      747      899      773      453      987      581      518      323      264      
24       14550    950      952      775      446      734      1071     1098     623      898      91       1200     1110     1123     672      670      433      883      619      839      604      1070     368      373      0        1008     1305     847      1258     1261     189      1162     1121     1140     1146     827      1106     941      864      233      560      
25       16650    793      896      956      603      741      522      663      567      114      933      196      373      832      373      930      662      762      435      309      849      978      645      743      1008     0        412      197      372      283      936      196      644      166      631      603      472      417      855      796      479      
26       24600    730      840      988      964      795      380      502      727      469      1246     367      728      676      758      1005     892      736      817      722      955      874      940      970      1305     412      0        602      46       181      1187     466      466      449      433      625      838      412      840      1126     745      
27       13230    833      924      938      420      729      630      758      520      147      767      365      335      909      184      891      559      788      246      133      800      1023     501      634      847      197      602      0        560      481      802      314      748      294      744      626      399      495      867      625      376      
28       23190    703      814      955      917      758      353      482      684      424      1200     344      699      659      713      969      847      705      772      681      916      853      893      925      1258     372      46       560      0        166      1142     441      448      422      417      589      809      373      809      1079     698      
29       23550    830      941      1059     879      852      490      629      737      372      1193     187      553      808      655      1060     876      822      717      584      995      993      893      957      1261     283      181      481      166      0        1166     290      597      276      569      687      664      467      925      1062     708      
30       11460    769      765      586      459      554      919      932      473      822      220      1132     1100     944      647      481      295      703      604      823      416      883      301      219      189      936      1187     802      1142     1166     0        1109     957      1083     985      662      1115     801      678      287      460      
31       22020    979      1085     1153     733      937      683      828      763      303      1082     103      264      1002     495      1127     847      952      555      364      1045     1161     810      926      1162     196      466      314      441      290      1109     0        804      30       785      796      375      599      1047     940      662      
32       20460    288      390      575      929      433      122      39       501      609      1092     732      1017     211      816      625      691      318      854      881      607      408      809      747      1121     644      466      748      448      597      957      804      0        776      37       295      1114     257      413      1013     634      
33       21240    949      1055     1122     714      906      655      799      733      274      1061     94       278      973      477      1097     819      922      537      353      1015     1131     786      899      1140     166      449      294      422      276      1083     30       776      0        757      765      389      569      1017     919      635      
34       21000    325      428      613      942      467      113      77       524      602      1115     710      1004     242      820      661      714      355      860      877      642      443      828      773      1146     631      433      744      417      569      985      785      37       757      0        324      1102     260      450      1032     649      
35       12450    209      298      371      684      169      275      271      218      521      802      757      947      331      629      380      402      162      651      743      335      398      535      453      827      603      625      626      589      687      662      796      295      765      324      0        1024     221      251      735      385      
36       24090    1229     1323     1335     663      1128     992      1130     915      512      1015     478      111      1292     480      1282     922      1186     512      307      1189     1419     822      987      1106     472      838      399      809      664      1115     375      1114     389      1102     1024     0        873      1266     873      753      
37       14040    381      488      592      689      387      151      263      328      361      897      548      783      418      559      598      510      361      600      625      542      562      597      581      941      417      412      495      373      467      801      599      257      569      260      221      873      0        462      799      406      
38       17070    128      88       164      847      158      461      374      380      770      866      1006     1194     294      844      235      504      104      854      976      263      210      662      518      864      855      840      867      809      925      678      1047     413      1017     450      251      1266     462      0        839      569      
39       9960     898      926      792      213      688      942      997      516      692      145      985      876      1058     445      693      340      830      389      607      607      1049     203      323      233      796      1126     625      1079     1062     287      940      1013     919      1032     735      873      799      839      0        394      
40       2310     582      645      598      300      413      553      623      188      365      503      675      707      716      286      533      185      521      286      446      438      762      196      264      560      479      745      376      698      708      460      662      634      635      649      385      753      406      569      394      0        
;

