

sets
i        orders          /0*80/
k        routes          /1*80/
p        positions       /0*80/
;

alias(i,j)
alias(i,h)
alias(i,hh)
alias(i,jj)
alias(k,kk)
                            Parameters

rho(i)	Processing time
/
0	0
1	26
2	84
3	39
4	10
5	67
6	90
7	36
8	61
9	10
10	34
11	87
12	15
13	26
14	57
15	24
16	58
17	5
18	47
19	2
20	66
21	34
22	15
23	35
24	95
25	29
26	51
27	41
28	11
29	91
30	49
31	93
32	10
33	13
34	69
35	52
36	34
37	36
38	78
39	74
40	58
41	96
42	40
43	18
44	25
45	35
46	31
47	22
48	80
49	2
50	76
51	42
52	37
53	4
54	99
55	7
56	47
57	48
58	73
59	63
60	63
61	50
62	26
63	27
64	48
65	25
66	52
67	83
68	26
69	61
70	68
71	62
72	18
73	22
74	65
75	46
76	42
77	96
78	98
79	96
80	32
/

gamma(i)	Duedate
/
0	0
1	18
2	54
3	89
4	13
5	90
6	31
7	62
8	75
9	56
10	53
11	91
12	12
13	62
14	42
15	74
16	16
17	75
18	21
19	6
20	38
21	49
22	69
23	2
24	9
25	67
26	56
27	3
28	23
29	71
30	71
31	75
32	84
33	41
34	34
35	18
36	23
37	76
38	24
39	34
40	36
41	75
42	26
43	14
44	47
45	94
46	75
47	19
48	56
49	54
50	43
51	92
52	57
53	47
54	26
55	92
56	5
57	34
58	83
59	33
60	8
61	86
62	97
63	50
64	76
65	11
66	22
67	59
68	33
69	3
70	70
71	24
72	70
73	35
74	10
75	97
76	42
77	5
78	28
79	38
80	77
/

sigma(i)	Size
/
0	0
1	6
2	7
3	7
4	8
5	5
6	6
7	9
8	5
9	6
10	9
11	5
12	4
13	2
14	7
15	4
16	6
17	7
18	2
19	6
20	2
21	6
22	7
23	5
24	6
25	8
26	2
27	2
28	8
29	3
30	1
31	9
32	2
33	4
34	5
35	7
36	1
37	7
38	9
39	7
40	6
41	5
42	4
43	8
44	7
45	2
46	5
47	7
48	7
49	2
50	1
51	9
52	8
53	7
54	2
55	8
56	5
57	2
58	2
59	1
60	9
61	4
62	4
63	8
64	4
65	5
66	8
67	3
68	8
69	9
70	3
71	4
72	2
73	9
74	9
75	9
76	7
77	7
78	9
79	3
80	1
/

epsilon(i)	Priority
/
0	0
1	6
2	3
3	8
4	8
5	2
6	7
7	1
8	1
9	5
10	1
11	6
12	7
13	5
14	6
15	8
16	7
17	1
18	3
19	3
20	4
21	4
22	7
23	9
24	3
25	5
26	2
27	3
28	5
29	9
30	4
31	3
32	3
33	5
34	5
35	2
36	1
37	4
38	6
39	5
40	8
41	7
42	5
43	6
44	1
45	6
46	6
47	4
48	1
49	4
50	4
51	3
52	6
53	8
54	1
55	6
56	9
57	2
58	1
59	6
60	4
61	1
62	8
63	3
64	4
65	3
66	4
67	7
68	9
69	6
70	6
71	5
72	9
73	7
74	8
75	8
76	2
77	5
78	6
79	7
80	2
/

psi	Vehicle Capacity
/ 57 /
;

Table kappa(i,j)                 Setup
         0        1        2        3        4        5        6        7        8        9        10       11       12       13       14       15       16       17       18       19       20       21       22       23       24       25       26       27       28       29       30       31       32       33       34       35       36       37       38       39       40       41       42       43       44       45       46       47       48       49       50       51       52       53       54       55       56       57       58       59       60       61       62       63       64       65       66       67       68       69       70       71       72       73       74       75       76       77       78       79       80       
0        0        1517     973      840      2453     1131     1176     2110     1501     978      803      1368     2829     3406     2314     1160     1298     724      1685     1899     1173     736      577      1532     3526     915      2037     1176     1493     1724     244      3326     452      989      1130     2372     2809     1543     2480     2300     790      1018     1626     3001     3710     1811     503      675      3350     3153     1387     1052     497      1831     1868     1133     1976     1371     3704     2002     2703     2683     3778     546      1517     3304     1902     1075     1629     978      930      908      2350     1943     2128     1513     3330     1780     249      2297     2111     
1        1517     0        682      869      1051     584      541      2830     420      548      1518     177      2624     2202     2052     419      2766     1093     393      537      354      1847     948      2999     2367     1555     1403     371      820      507      1288     3481     1848     2502     2171     861      1342     2679     1660     1549     2209     781      2121     2510     2349     3270     2017     842      3307     1695     2754     2277     1022     2513     836      2395     2979     2778     2617     2514     1943     2200     2492     1602     2150     2531     1897     985      690      1398     714      973      1241     1056     1478     2373     2091     2972     1717     1328     661      
2        973      682      0        188      1731     715      204      2740     533      248      836      505      2928     2854     2352     565      2271     895      1008     940      356      1515     530      2505     3010     1387     1817     520      578      1098     728      3662     1217     1951     1899     1463     2022     2385     2170     2025     1746     153      2092     2926     3030     2784     1469     389      3566     2375     2333     1923     510      2426     1376     2027     2760     2331     3243     2503     2442     2601     3163     932      2061     3054     2073     382      1158     737      641      304      1843     1019     1305     2196     2750     2656     1122     1880     1344     
3        840      869      188      0        1916     834      377      2721     701      388      653      693      3013     3029     2442     711      2135     903      1183     1110     534      1444     500      2367     3181     1374     1941     676      657      1269     599      3709     1043     1799     1838     1646     2210     2310     2312     2161     1626     178      2099     3039     3215     2647     1323     379      3635     2562     2220     1835     432      2411     1533     1933     2703     2210     3410     2509     2580     2713     3344     746      2052     3194     2136     311      1308     576      720      163      2008     1108     1340     2160     2927     2572     963      2034     1530     
4        2453     1051     1731     1916     0        1329     1590     3151     1383     1562     2568     1228     2349     1201     1880     1300     3586     1842     769      1152     1384     2566     1881     3810     1385     2157     1201     1298     1774     732      2252     3336     2839     3393     2789     740      404      3275     1131     1144     3025     1832     2449     2034     1298     4062     2925     1813     3043     712      3491     2974     1988     2864     731      3098     3457     3544     1665     2760     1371     1803     1447     2631     2551     1823     1973     2030     904      2448     1529     2025     591      1814     2249     2854     1075     3573     2680     805      394      
5        1131     584      715      834      1329     0        740      2252     872      466      1433     551      2222     2298     1644     196      2277     541      575      1116     460      1299     577      2506     2431     974      1107     263      1173     597      951      3000     1542     2065     1600     1395     1702     2107     1486     1329     1714     868      1549     2211     2579     2768     1596     555      2874     2038     2223     1727     704      1934     756      1849     2396     2260     2635     1950     1749     1885     2656     1401     1569     2365     1401     1098     516      1406     201      993      1245     1531     1908     1789     2213     2403     1368     1231     1015     
6        1176     541      204      377      1590     740      0        2876     328      315      995      369      2960     2741     2382     558      2473     1029     906      736      294      1692     703      2707     2903     1528     1804     497      444      1008     931      3734     1418     2156     2068     1271     1858     2561     2126     1992     1945     246      2209     2920     2885     2986     1674     561      3615     2210     2528     2107     703      2560     1311     2213     2923     2529     3147     2620     2404     2599     3033     1121     2192     3009     2136     445      1113     859      721      443      1757     857      1186     2348     2631     2837     1326     1816     1196     
7        2110     2830     2740     2721     3151     2252     2876     0        3101     2562     2913     2798     1627     3424     1549     2439     1778     1848     2667     3367     2667     1376     2223     1835     3429     1352     2005     2503     3313     2602     2244     1481     2410     2029     1003     3549     3548     866      2334     2191     1629     2866     718      2111     3966     1896     2003     2356     1723     3785     1414     1207     2295     318      2436     1222     553      1542     3436     414      2342     1953     3857     2650     686      2682     1222     3028     2341     3067     2178     2859     2662     3732     4045     600      3432     969      2239     2464     3036     
8        1501     420      533      701      1383     872      328      3101     0        573      1283     332      3025     2570     2450     676      2796     1276     812      409      434      1981     1000     3031     2743     1771     1817     609      406      927      1257     3856     1745     2483     2344     966      1604     2844     2080     1969     2262     547      2412     2928     2657     3308     2001     863      3701     1951     2840     2403     1019     2782     1257     2513     3188     2845     3004     2817     2363     2616     2829     1437     2414     2950     2260     684      1103     1114     923      738      1650     663      1067     2599     2451     3127     1655     1746     990      
9        978      548      248      388      1562     466      315      2562     573      0        1030     390      2683     2649     2106     323      2253     717      809      939      196      1408     434      2488     2798     1217     1569     288      759      888      743      3431     1300     1967     1773     1393     1881     2272     1928     1780     1707     401      1894     2677     2857     2763     1481     306      3326     2233     2276     1831     481      2245     1145     1942     2621     2287     3023     2304     2198     2352     2973     1068     1877     2811     1838     631      921      964      410      537      1621     1169     1500     2040     2550     2554     1169     1646     1187     
10       803      1518     836      653      2568     1433     995      2913     1283     1030     0        1341     3492     3679     2940     1344     1892     1302     1835     1679     1188     1539     925      2107     3828     1660     2519     1317     1060     1918     695      4081     673      1493     1933     2249     2852     2323     2918     2756     1500     749      2395     3584     3867     2380     1102     886      4066     3204     2082     1832     790      2629     2167     1897     2769     2034     4050     2785     3176     3257     3997     303      2302     3791     2577     613      1935     242      1276     552      2649     1449     1495     2316     3579     2539     737      2660     2180     
11       1368     177      505      693      1228     551      369      2798     332      390      1341     0        2696     2372     2120     359      2634     1008     540      588      194      1747     810      2868     2534     1490     1498     295      697      647      1134     3523     1683     2356     2089     1004     1518     2595     1786     1664     2082     605      2100     2613     2526     3142     1870     693      3370     1870     2639     2176     870      2480     963      2292     2915     2658     2780     2501     2067     2297     2667     1428     2113     2665     1929     814      787      1223     635      796      1394     995      1396     2316     2262     2884     1558     1465     838      
12       2829     2624     2928     3013     2349     2222     2960     1627     3025     2683     3492     2696     0        2087     578      2402     3151     2190     2281     3101     2670     2296     2578     3280     2027     1927     1242     2465     3380     2171     2820     1006     3262     3250     2142     2998     2663     2337     1229     1208     2776     3081     1382     532      2684     3411     3004     2653     701      2773     2842     2427     2707     1553     1858     2510     2169     2959     1948     1277     1056     567      2491     3333     1564     1131     927      3305     1937     3543     2294     3177     1757     3679     4092     1848     2144     2537     3053     1544     2447     
13       3406     2202     2854     3029     1201     2298     2741     3424     2570     2649     3679     2372     2087     0        1887     2343     4350     2706     1846     2353     2497     3305     2876     4551     197      2849     1525     2363     2969     1761     3247     3062     3836     4248     3407     1881     1168     3822     1107     1277     3818     2974     2837     1588     602      4771     3822     2845     2664     1013     4169     3651     3003     3207     1543     3771     3865     4250     500      3010     1092     1552     433      3692     2993     1075     2223     3186     1784     3589     2492     3157     1056     3011     3442     3331     140      4100     3651     1132     1582     
14       2314     2052     2352     2442     1880     1644     2382     1549     2450     2106     2940     2120     578      1887     0        1824     2802     1643     1721     2540     2092     1857     2019     2959     1882     1444     703      1887     2802     1613     2282     1474     2757     2840     1782     2480     2231     2082     841      750      2366     2506     1064     712      2450     3127     2542     2088     1255     2394     2532     2064     2151     1366     1314     2164     2028     2639     1891     1139     797      441      2317     2798     1245     1183     461      2731     1371     2980     1722     2606     1302     3107     3517     1573     1908     2327     2547     1083     1925     
15       1160     419      565      711      1300     196      558      2439     676      323      1344     359      2402     2343     1824     0        2368     673      531      936      269      1429     583      2600     2487     1140     1255     67       983      589      952      3194     1539     2127     1752     1266     1649     2260     1605     1459     1808     714      1741     2369     2580     2868     1647     514      3061     1994     2341     1859     688      2121     824      1978     2565     2369     2706     2143     1877     2045     2680     1352     1754     2489     1595     945      597      1287     294      861      1305     1335     1714     1963     2248     2552     1381     1323     951      
16       1298     2766     2271     2135     3586     2277     2473     1778     2796     2253     1892     2634     3151     4350     2802     2368     0        1745     2853     3188     2442     1046     1823     234      4429     1501     2839     2401     2780     2861     1542     3253     1219     420      1020     3627     3973     912      3289     3105     563      2313     1771     3505     4755     512      818      1947     3445     4299     373      737      1779     1666     2905     642      1333     248      4544     1941     3438     3238     4761     1592     1588     3964     2341     2342     2692     2126     2089     2185     3338     3226     3365     1319     4302     921      1197     3221     3293     
17       724      1093     895      903      1842     541      1029     1848     1276     717      1302     1008     2190     2706     1643     673      1745     0        1111     1596     846      759      409      1971     2816     499      1313     724      1465     1115     643      2818     1175     1562     1081     1932     2227     1588     1755     1575     1183     1029     1199     2307     3048     2230     1117     524      2772     2555     1681     1188     525      1532     1188     1309     1912     1720     2985     1610     1979     1983     3091     1158     1166     2583     1276     1214     960      1369     378      1057     1655     1886     2200     1323     2637     1880     973      1584     1552     
18       1685     393      1008     1183     769      575      906      2667     812      809      1835     540      2281     1846     1721     531      2853     1111     0        819      651      1862     1111     3081     2003     1496     1043     533      1213     116      1483     3177     2070     2637     2134     884      1128     2637     1269     1166     2290     1130     1948     2133     2052     3341     2164     1044     2974     1468     2789     2285     1219     2357     449      2408     2884     2831     2242     2318     1552     1831     2164     1873     2008     2138     1627     1349     357      1743     770      1311     853      1422     1853     2271     1743     2935     1911     934      440      
19       1899     537      940      1110     1152     1116     736      3367     409      939      1679     588      3101     2353     2540     936      3188     1596     819      0        763      2332     1373     3423     2537     2075     1861     877      684      930      1656     3991     2154     2885     2677     589      1293     3183     2041     1962     2646     954      2659     2933     2363     3699     2401     1243     3794     1625     3214     2760     1409     3049     1253     2874     3501     3227     2816     3052     2321     2640     2566     1845     2685     2872     2421     1069     1171     1494     1222     1142     1547     665      1105     2899     2225     3472     2061     1688     796      
20       1173     354      356      534      1384     460      294      2667     434      196      1188     194      2670     2497     2092     269      2442     846      651      763      0        1570     618      2676     2653     1338     1509     205      714      742      940      3461     1495     2162     1922     1198     1693     2425     1837     1700     1892     486      1980     2626     2682     2950     1676     498      3330     2045     2453     1997     676      2348     1029     2111     2758     2469     2887     2387     2113     2304     2809     1251     1980     2721     1862     713      822      1093     489      660      1489     1078     1447     2166     2394     2711     1366     1535     1003     
21       736      1847     1515     1444     2566     1299     1692     1376     1981     1408     1539     1747     2296     3305     1857     1429     1046     759      1862     2332     1570     0        989      1256     3388     458      1802     1476     2088     1854     895      2656     1056     989      401      2691     2960     869      2255     2070     523      1611     967      2569     3710     1498     715      1131     2733     3277     927      430      1014     1106     1868     549      1264     978      3513     1303     2421     2276     3714     1274     825      2975     1401     1730     1663     1706     1134     1558     2292     2534     2783     777      3256     1146     870      2175     2300     
22       577      948      530      500      1881     577      703      2223     1000     434      925      810      2578     2876     2019     583      1823     409      1111     1373     618      989      0        2058     3006     873      1605     599      1108     1157     375      3227     966      1554     1369     1808     2233     1858     2021     1852     1274     644      1600     2658     3150     2332     1070     142      3175     2578     1842     1405     138      1911     1332     1514     2229     1853     3203     2009     2269     2331     3233     838      1551     2883     1675     811      1092     966      385      649      1821     1549     1827     1669     2791     2134     799      1795     1534     
23       1532     2999     2505     2367     3810     2506     2707     1835     3031     2488     2107     2868     3280     4551     2959     2600     234      1971     3081     3423     2676     1256     2058     0        4626     1704     3034     2634     3011     3087     1776     3316     1434     616      1180     3860     4198     976      3480     3297     792      2545     1911     3656     4966     279      1047     2182     3534     4522     438      909      2014     1760     3123     799      1345     321      4732     2041     3619     3399     4966     1809     1726     4131     2502     2570     2912     2343     2319     2415     3548     3456     3587     1433     4507     910      1424     3425     3521     
24       3526     2367     3010     3181     1385     2431     2903     3429     2743     2798     3828     2534     2027     197      1882     2487     4429     2816     2003     2537     2653     3388     3006     4626     0        2930     1591     2510     3144     1912     3375     2981     3960     4344     3469     2074     1365     3867     1151     1331     3905     3133     2869     1511     717      4838     3928     2982     2571     1207     4235     3720     3136     3226     1675     3838     3888     4320     302      3017     1087     1516     466      3830     3031     961      2246     3349     1915     3746     2621     3313     1186     3198     3631     3370     338      4140     3772     1232     1759     
25       915      1555     1387     1374     2157     974      1528     1352     1771     1217     1660     1490     1927     2849     1444     1140     1501     499      1496     2075     1338     458      873      1704     2930     0        1343     1198     1961     1470     964      2422     1335     1438     638      2361     2557     1141     1797     1611     980      1514     740      2151     3264     1935     1099     1004     2434     2862     1345     823      957      1039     1441     947      1425     1412     3054     1143     1967     1848     3261     1448     678      2530     1005     1684     1254     1774     855      1518     1846     2385     2693     827      2802     1439     1128     1721     1923     
26       2037     1403     1817     1941     1201     1107     1804     2005     1817     1569     2519     1498     1242     1525     703      1255     2839     1313     1043     1861     1509     1802     1605     3034     1591     1343     0        1309     2195     931      1937     2177     2488     2773     1882     1776     1576     2302     455      269      2323     1968     1348     1117     2002     3248     2384     1633     1940     1785     2645     2129     1743     1745     615      2247     2385     2729     1712     1598     667      799      1950     2439     1488     1278     790      2199     714      2511     1244     2100     660      2457     2881     1821     1497     2585     2286     459      1221     
27       1176     371      520      676      1298     263      497      2503     609      288      1317     295      2465     2363     1887     67       2401     724      533      877      205      1476     599      2634     2510     1198     1309     0        918      603      961      3260     1542     2151     1805     1227     1637     2313     1650     1508     1843     665      1807     2425     2585     2903     1669     516      3126     1985     2383     1906     694      2185     858      2024     2624     2409     2734     2209     1924     2102     2693     1340     1818     2534     1662     896      637      1251     346      820      1332     1268     1647     2023     2265     2604     1391     1360     938      
28       1493     820      578      657      1774     1173     444      3313     406      759      1060     697      3380     2969     2802     983      2780     1465     1213     684      714      2088     1108     3011     3144     1961     2195     918      0        1327     1255     4173     1633     2428     2476     1273     1965     2957     2478     2361     2282     480      2652     3310     3030     3291     1964     967      4044     2304     2877     2488     1075     2997     1653     2588     3337     2864     3407     3063     2760     2994     3216     1282     2631     3351     2575     460      1485     847      1166     597      2056     451      742      2774     2848     3224     1591     2148     1387     
29       1724     507      1098     1269     732      597      1008     2602     927      888      1918     647      2171     1761     1613     589      2861     1115     116      930      742      1854     1157     3087     1912     1470     931      603      1327     0        1532     3075     2122     2661     2109     947      1111     2607     1153     1049     2298     1226     1884     2017     1993     3343     2193     1102     2865     1442     2782     2272     1272     2296     332      2396     2838     2829     2145     2245     1436     1715     2091     1941     1953     2024     1537     1449     267      1835     797      1402     749      1538     1970     2226     1662     2906     1956     821      453      
30       244      1288     728      599      2252     951      931      2244     1257     743      695      1134     2820     3247     2282     952      1542     643      1483     1656     940      895      375      1776     3375     964      1937     961      1255     1532     0        3385     591      1229     1296     2137     2599     1740     2366     2192     1027     778      1701     2950     3525     2055     744      448      3377     2946     1621     1255     267      1950     1704     1346     2157     1610     3567     2095     2604     2627     3607     516      1614     3214     1898     852      1463     823      755      681      2191     1706     1909     1656     3164     1991     430      2157     1899     
31       3326     3481     3662     3709     3336     3000     3734     1481     3856     3431     4081     3523     1006     3062     1474     3194     3253     2818     3177     3991     3461     2656     3227     3316     2981     2422     2177     3260     4173     3075     3385     0        3707     3470     2367     3954     3663     2345     2230     2192     3033     3810     1701     1474     3664     3368     3357     3331     446      3780     2893     2622     3340     1609     2785     2663     2001     3021     2858     1363     2061     1574     3447     3868     1831     2034     1598     4017     2821     4180     3022     3869     2747     4519     4908     1975     3130     2437     3511     2531     3399     
32       452      1848     1217     1043     2839     1542     1418     2410     1745     1300     673      1683     3262     3836     2757     1539     1219     1175     2070     2154     1495     1056     966      1434     3960     1335     2488     1542     1633     2122     591      3707     0        822      1407     2676     3177     1724     2929     2750     866      1207     2008     3450     4115     1709     452      1026     3759     3526     1424     1245     850      2158     2292     1288     2185     1369     4145     2358     3154     3133     4198     375      1878     3757     2336     1175     2052     909      1344     1041     2779     2062     2157     1812     3754     1911     209      2736     2479     
33       989      2502     1951     1799     3393     2065     2156     2029     2483     1967     1493     2356     3250     4248     2840     2127     420      1562     2637     2885     2162     989      1554     616      4344     1438     2773     2151     2428     2661     1229     3470     822      0        1123     3359     3766     1194     3228     3042     475      1974     1875     3552     4610     887      486      1663     3617     4103     725      850      1486     1860     2750     809      1650     628      4484     2118     3406     3264     4644     1197     1702     3964     2381     1978     2523     1731     1867     1830     3209     2867     2979     1495     4188     1277     837      3116     3073     
34       1130     2171     1899     1838     2789     1600     2068     1003     2344     1773     1933     2089     2142     3407     1782     1752     1020     1081     2134     2677     1922     401      1369     1180     3469     638      1882     1805     2476     2109     1296     2367     1407     1123     0        2994     3191     507      2318     2138     667      2002     759      2485     3857     1371     1006     1511     2494     3490     767      285      1406     767      2067     381      865      863      3562     1005     2443     2220     3830     1659     580      2950     1323     2129     1889     2106     1459     1956     2445     2918     3179     408      3374     803      1238     2299     2562     
35       2372     861      1463     1646     740      1395     1271     3549     966      1393     2249     1004     2998     1881     2480     1266     3627     1932     884      589      1198     2691     1808     3860     2074     2361     1776     1227     1273     947      2137     3954     2676     3359     2994     0        744      3500     1822     1795     3070     1508     2830     2736     1809     4131     2873     1696     3699     1054     3607     3121     1874     3240     1178     3241     3764     3636     2368     3193     2082     2479     2038     2392     2892     2562     2468     1647     1213     2076     1558     1702     1281     1172     1582     3152     1744     3797     2560     1472     555      
36       2809     1342     2022     2210     404      1702     1858     3548     1604     1881     2852     1518     2663     1168     2231     1649     3973     2227     1128     1293     1693     2960     2233     4198     1365     2557     1576     1637     1965     1111     2599     3663     3177     3766     3191     744      0        3678     1434     1482     3410     2105     2850     2299     1071     4454     3292     2152     3346     352      3887     3372     2331     3264     1135     3496     3861     3937     1666     3153     1638     2103     1294     2944     2954     1998     2358     2281     1303     2710     1898     2301     929      1914     2327     3259     1028     3976     3029     1148     699      
37       1543     2679     2385     2310     3275     2107     2561     866      2844     2272     2323     2595     2337     3822     2082     2260     912      1588     2637     3183     2425     869      1858     976      3867     1141     2302     2313     2957     2607     1740     2345     1724     1194     507      3500     3678     0        2718     2545     867      2479     1019     2750     4299     1075     1278     2000     2558     3969     547      492      1882     792      2547     436      467      676      3934     1074     2809     2522     4250     2031     843      3266     1645     2589     2380     2518     1966     2416     2899     3404     3645     508      3799     298      1593     2739     3061     
38       2480     1660     2170     2312     1131     1486     2126     2334     2080     1928     2918     1786     1229     1107     841      1605     3289     1755     1269     2041     1837     2255     2021     3480     1151     1797     455      1650     2478     1153     2366     2230     2929     3228     2318     1822     1434     2718     0        185      2777     2315     1730     913      1632     3689     2838     2034     1916     1562     3085     2573     2158     2104     824      2689     2760     3172     1257     1920     283      673      1539     2860     1886     884      1120     2546     1014     2888     1646     2466     544      2681     3118     2224     1100     2994     2729     356      1295     
39       2300     1549     2025     2161     1144     1329     1992     2191     1969     1780     2756     1664     1208     1277     750      1459     3105     1575     1166     1962     1700     2070     1852     3297     1331     1611     269      1508     2361     1049     2192     2192     2750     3042     2138     1795     1482     2545     185      0        2592     2173     1567     971      1781     3507     2653     1870     1907     1646     2903     2390     1989     1950     717      2507     2601     2990     1443     1778     420      686      1706     2689     1718     1035     969      2404     880      2735     1481     2316     556      2587     3020     2055     1260     2823     2549     338      1251     
40       790      2209     1746     1626     3025     1714     1945     1629     2262     1707     1500     2082     2776     3818     2366     1808     563      1183     2290     2646     1892     523      1274     792      3905     980      2323     1843     2282     2298     1027     3033     866      475      667      3070     3410     867      2777     2592     0        1805     1406     3078     4206     1060     414      1403     3160     3738     598      421      1243     1426     2351     432      1333     584      4035     1672     2945     2791     4222     1198     1237     3496     1906     1863     2133     1714     1526     1698     2793     2732     2911     1061     3764     1045     763      2685     2730     
41       1018     781      153      178      1832     868      246      2866     547      401      749      605      3081     2974     2506     714      2313     1029     1130     954      486      1611     644      2545     3133     1514     1968     665      480      1226     778      3810     1207     1974     2002     1508     2105     2479     2315     2173     1805     0        2228     3078     3129     2825     1501     510      3718     2456     2398     2008     597      2554     1514     2108     2866     2388     3371     2640     2589     2753     3273     890      2191     3200     2224     231      1302     617      792      196      1975     931      1182     2313     2867     2745     1137     2019     1440     
42       1626     2121     2092     2099     2449     1549     2209     718      2412     1894     2395     2100     1382     2837     1064     1741     1771     1199     1948     2659     1980     967      1600     1911     2869     740      1348     1807     2652     1884     1701     1701     2008     1875     759      2830     2850     1019     1730     1567     1406     2228     0        1746     3345     2066     1680     1722     1767     3103     1477     1044     1694     415      1727     1128     1036     1589     2922     411      1798     1505     3269     2170     184      2248     629      2411     1623     2514     1495     2249     1989     3056     3392     510      2827     1275     1810     1804     2320     
43       3001     2510     2926     3039     2034     2211     2920     2111     2928     2677     3584     2613     532      1588     712      2369     3505     2307     2133     2933     2626     2569     2658     3656     1511     2151     1117     2425     3310     2017     2950     1474     3450     3552     2485     2736     2299     2750     913      971      3078     3078     1746     0        2189     3812     3251     2708     1085     2359     3224     2769     2794     1992     1686     2864     2635     3334     1418     1731     663      327      1977     3465     1931     599      1171     3308     1826     3599     2325     3201     1456     3556     3986     2245     1658     2975     3240     1267     2207     
44       3710     2349     3030     3215     1298     2579     2885     3966     2657     2857     3867     2526     2684     602      2450     2580     4755     3048     2052     2363     2682     3710     3150     4966     717      3264     2002     2585     3030     1993     3525     3664     4115     4610     3857     1809     1071     4299     1632     1781     4206     3129     3345     2189     0        5200     4160     3095     3266     766      4606     4084     3265     3731     1860     4206     4381     4677     959      3552     1667     2141     323      3924     3490     1670     2749     3321     2090     3743     2780     3322     1418     2982     3388     3823     545      4586     3947     1561     1688     
45       1811     3270     2784     2647     4062     2768     2986     1896     3308     2763     2380     3142     3411     4771     3127     2868     512      2230     3341     3699     2950     1498     2332     279      4838     1935     3248     2903     3291     3343     2055     3368     1709     887      1371     4131     4454     1075     3689     3507     1060     2825     2066     3812     5200     0        1327     2457     3616     4774     604      1119     2291     1867     3367     1000     1369     523      4934     2148     3814     3568     5189     2084     1883     4307     2676     2849     3161     2618     2584     2695     3782     3736     3863     1568     4732     930      1703     3651     3782     
46       503      2017     1469     1323     2925     1596     1674     2003     2001     1481     1102     1870     3004     3822     2542     1647     818      1117     2164     2401     1676     715      1070     1047     3928     1099     2384     1669     1964     2193     744      3357     452      486      1006     2873     3292     1278     2838     2653     414      1501     1680     3251     4160     1327     0        1177     3447     3632     979      810      1000     1772     2303     842      1743     934      4085     1995     3036     2946     4209     799      1529     3617     2096     1523     2070     1326     1396     1367     2773     2408     2551     1414     3755     1458     381      2695     2596     
47       675      842      389      379      1813     555      561      2356     863      306      886      693      2653     2845     2088     514      1947     524      1044     1243     498      1131     142      2182     2982     1004     1633     516      967      1102     448      3331     1026     1663     1511     1696     2152     2000     2034     1870     1403     510      1722     2708     3095     2457     1177     0        3264     2500     1977     1546     180      2044     1308     1653     2370     1985     3190     2133     2289     2381     3191     847      1681     2905     1764     691      1069     893      389      537      1796     1407     1690     1808     2755     2276     878      1787     1453     
48       3350     3307     3566     3635     3043     2874     3615     1723     3701     3326     4066     3370     701      2664     1255     3061     3445     2772     2974     3794     3330     2733     3175     3534     2571     2434     1940     3126     4044     2865     3377     446      3759     3617     2494     3699     3346     2558     1916     1907     3160     3718     1767     1085     3266     3616     3447     3264     0        3434     3100     2767     3297     1779     2556     2826     2271     3225     2432     1505     1715     1243     3036     3878     1924     1614     1500     3936     2626     4140     2925     3798     2452     4360     4766     2132     2740     2692     3555     2241     3148     
49       3153     1695     2375     2562     712      2038     2210     3785     1951     2233     3204     1870     2773     1013     2394     1994     4299     2555     1468     1625     2045     3277     2578     4522     1207     2862     1785     1985     2304     1442     2946     3780     3526     4103     3490     1054     352      3969     1562     1646     3738     2456     3103     2359     766      4774     3632     2500     3434     0        4200     3682     2679     3512     1423     3806     4127     4255     1508     3382     1721     2206     1032     3296     3219     1978     2575     2631     1613     3060     2236     2653     1124     2225     2625     3533     875      4265     3376     1332     1047     
