

sets
i        orders          /0*80/
k        routes          /1*80/
p        positions       /0*80/
;

alias(i,j)
alias(i,h)
alias(i,hh)
alias(i,jj)
alias(k,kk)
                            Parameters

rho(i)	Processing time
/
0	0
1	40
2	22
3	92
4	51
5	13
6	38
7	35
8	15
9	37
10	39
11	30
12	48
13	46
14	3
15	70
16	26
17	35
18	81
19	7
20	14
21	64
22	86
23	36
24	63
25	95
26	77
27	74
28	37
29	50
30	50
31	25
32	59
33	93
34	45
35	73
36	17
37	9
38	39
39	48
40	44
41	18
42	44
43	92
44	87
45	74
46	42
47	7
48	8
49	11
50	84
51	84
52	98
53	2
54	18
55	21
56	3
57	96
58	32
59	71
60	2
61	4
62	9
63	15
64	43
65	63
66	85
67	81
68	23
69	93
70	46
71	7
72	49
73	50
74	74
75	31
76	97
77	59
78	95
79	27
80	46
/

gamma(i)	Duedate
/
0	0
1	21
2	36
3	43
4	34
5	84
6	33
7	84
8	82
9	75
10	78
11	89
12	43
13	3
14	48
15	44
16	38
17	61
18	99
19	23
20	61
21	14
22	16
23	64
24	8
25	48
26	84
27	9
28	37
29	6
30	73
31	5
32	10
33	67
34	83
35	60
36	26
37	90
38	32
39	57
40	37
41	91
42	45
43	44
44	22
45	32
46	52
47	76
48	84
49	50
50	99
51	43
52	89
53	21
54	63
55	67
56	23
57	70
58	72
59	66
60	88
61	75
62	98
63	66
64	79
65	16
66	63
67	98
68	96
69	86
70	27
71	63
72	97
73	95
74	53
75	16
76	29
77	22
78	43
79	96
80	95
/

sigma(i)	Size
/
0	0
1	6
2	1
3	8
4	1
5	7
6	3
7	2
8	8
9	4
10	9
11	7
12	4
13	5
14	3
15	9
16	1
17	7
18	6
19	1
20	3
21	8
22	6
23	9
24	9
25	2
26	7
27	7
28	5
29	5
30	5
31	6
32	2
33	8
34	8
35	5
36	8
37	8
38	3
39	7
40	9
41	4
42	7
43	8
44	4
45	9
46	2
47	9
48	1
49	2
50	2
51	1
52	5
53	1
54	6
55	7
56	4
57	4
58	6
59	4
60	6
61	9
62	7
63	5
64	6
65	7
66	6
67	2
68	1
69	8
70	8
71	5
72	3
73	5
74	8
75	3
76	1
77	3
78	8
79	1
80	4
/

epsilon(i)	Priority
/
0	0
1	6
2	6
3	7
4	5
5	5
6	4
7	9
8	6
9	5
10	4
11	9
12	5
13	8
14	7
15	5
16	6
17	4
18	7
19	9
20	9
21	1
22	8
23	2
24	5
25	5
26	2
27	4
28	1
29	3
30	5
31	8
32	3
33	2
34	8
35	3
36	6
37	3
38	6
39	7
40	2
41	4
42	8
43	2
44	5
45	3
46	1
47	8
48	9
49	9
50	6
51	3
52	6
53	7
54	7
55	9
56	6
57	5
58	7
59	3
60	4
61	8
62	1
63	4
64	5
65	6
66	9
67	7
68	6
69	7
70	6
71	5
72	8
73	3
74	7
75	8
76	9
77	6
78	1
79	5
80	7
/

psi	Vehicle Capacity
/ 136 /
;

Table kappa(i,j)                 Setup
         0        1        2        3        4        5        6        7        8        9        10       11       12       13       14       15       16       17       18       19       20       21       22       23       24       25       26       27       28       29       30       31       32       33       34       35       36       37       38       39       40       41       42       43       44       45       46       47       48       49       50       51       52       53       54       55       56       57       58       59       60       61       62       63       64       65       66       67       68       69       70       71       72       73       74       75       76       77       78       79       80       
0        0        3388     1254     1885     1603     1651     2332     3620     2691     3172     3465     2464     1501     3770     2515     1241     3426     3709     2728     2947     1701     3281     1373     661      3115     2261     1487     833      2269     2605     2585     1645     189      2808     2912     1905     3208     604      911      3457     1284     2719     610      931      3501     1544     2373     1060     2528     1422     795      329      2663     535      2305     2162     600      2785     2555     1419     428      980      1779     2919     1072     2510     176      2773     2391     2699     353      1491     1066     3184     529      1693     2603     2299     3006     1192     3690     
1        3388     0        2197     3032     2017     2416     1866     318      3827     1302     192      974      2470     842      1266     2791     1247     1088     2604     1209     1698     462      2716     4000     282      3216     1968     2971     2196     2386     3363     1749     3328     1633     1038     2762     3714     3873     2479     556      4030     2510     2827     4045     337      1930     1739     4427     2731     2781     3385     3084     3004     3258     2672     3120     3568     2226     2139     3009     3652     4342     1675     3552     2963     1027     3277     1312     1213     2088     3066     3094     2368     3684     3912     2835     3750     1165     557      2917     1086     
2        1254     2197     0        2023     408      779      1192     2459     3003     2301     2251     1237     681      2708     1265     1362     2516     2720     2443     2052     512      2041     1407     1816     1916     2398     235      803      1254     1643     2704     477      1251     2081     1956     1241     3301     1680     486      2364     2258     1790     839      2082     2360     754      1698     2314     2346     899      1573     928      2584     1330     1510     2276     1371     1750     1506     1096     1462     2161     533      3027     1385     1262     1189     1536     1136     1626     998      1206     604      3271     1783     1754     2907     1060     1768     887      2703     
3        1885     3032     2023     0        2388     2797     3113     3110     982      2117     3193     2508     2682     2961     2895     710      2376     2754     1005     2004     1999     3193     625      2439     2849     392      2098     2376     3252     3643     719      1945     1697     1636     2096     3238     1345     2452     1614     2785     1404     3797     1484     1741     2953     1440     1328     2377     751      2816     1171     1881     800      1358     3534     280      2470     3713     3474     2943     2309     2646     2198     1057     821      2671     1713     3202     2684     3571     1629     3048     1426     1319     2107     270      886      2463     2954     2685     2734     
4        1603     2017     408      2388     0        520      784      2305     3370     2355     2039     1044     500      2630     930      1751     2539     2689     2709     2105     539      1788     1784     2106     1735     2752     295      980      864      1256     3047     554      1625     2214     1978     991      3629     1954     895      2274     2663     1408     1242     2468     2228     1016     1878     2653     2640     802      1980     1274     2893     1731     1180     2629     1605     1347     1104     1030     1744     2448     403      3363     1788     1010     1561     1171     849      1220     1382     1129     994      3599     2121     2118     3274     852      1529     903      2675     
5        1651     2416     779      2797     520      0        759      2720     3773     2868     2407     1472     150      3091     1198     2119     3044     3174     3202     2619     1060     2119     2176     2012     2141     3176     787      854      621      960      3483     1071     1730     2735     2486     475      4081     1843     1204     2732     2853     1086     1475     2575     2660     1502     2395     2632     3118     386      2203     1347     3361     1925     740      3053     1458     1134     908      602      1660     2337     916      3807     2113     1388     1665     1341     1203     1055     1533     679      1371     4051     2119     2529     3677     1283     1887     594      3160     
6        2332     1866     1192     3113     784      759      0        2184     4092     2623     1812     1070     888      2639     605      2511     2743     2787     3291     2391     1124     1492     2531     2755     1619     3459     1038     1590     330      614      3736     1173     2379     2620     2224     938      4289     2589     1679     2285     3443     770      2024     3228     2159     1683     2375     3354     3266     1135     2763     2009     3535     2510     808      3337     2209     605      384      1328     2397     3086     922      4036     2563     910      2314     624      733      458      2148     1380     1765     4258     2830     2844     3997     932      1309     1354     2776     
7        3620     318      2459     3110     2305     2720     2184     0        3849     1205     432      1261     2769     566      1583     2937     1088     852      2582     1174     1952     759      2851     4245     579      3259     2236     3246     2514     2704     3377     1998     3549     1604     1033     3076     3680     4124     2708     386      4187     2827     3043     4234     159      2122     1788     4645     2735     3081     3562     3325     2998     3454     2991     3171     3831     2541     2457     3310     3903     4584     1948     3539     3120     1333     3500     1629     1521     2405     3289     3397     2578     3650     4138     2933     3776     1454     876      3208     855      
8        2691     3827     3003     982      3370     3773     4092     3849     0        2718     4003     3429     3654     3589     3846     1660     2944     3330     1318     2681     2973     4051     1596     3138     3683     644      3080     3296     4234     4626     476      2920     2503     2258     2816     4206     680      3192     2578     3489     1775     4779     2403     2247     3690     2412     2090     2889     1119     3771     1901     2760     886      2159     4511     762      3291     4693     4455     3883     3091     3269     3173     496      1714     3602     2535     4152     3632     4550     2500     3984     2402     673      2774     1252     96       3404     3833     3624     3311     
9        3172     1302     2301     2117     2355     2868     2623     1205     2718     0        1494     1558     2853     871      2071     2171     268      637      1413     250      1835     1690     2052     3834     1300     2178     2147     3082     2924     3231     2242     1845     3047     481      398      3318     2487     3754     2326     819      3388     3381     2561     3556     1055     1658     853      4080     1600     3143     2865     2945     1842     2849     3384     2110     3552     3148     2984     3363     3542     4146     1952     2366     2381     1738     3016     2275     1895     2991     2819     3469     2123     2459     3632     2007     2655     1692     1600     3182     617      
10       3465     192      2251     3193     2039     2407     1812     432      4003     1494     0        1014     2472     992      1228     2924     1435     1257     2789     1399     1765     336      2855     4064     363      3387     2018     3008     2140     2302     3541     1819     3415     1821     1226     2729     3901     3931     2562     735      4155     2419     2918     4151     501      2043     1913     4512     2912     2781     3501     3155     3186     3361     2611     3289     3615     2128     2059     3007     3712     4408     1720     3735     3090     1031     3362     1229     1207     1997     3151     3087     2465     3870     3992     2989     3924     1198     520      2930     1257     
11       2464     974      1237     2508     1044     1472     1070     1261     3429     1558     1014     0        1511     1623     520      2085     1672     1734     2413     1334     765      820      2046     3052     692      2786     1004     1998     1384     1673     3011     823      2427     1612     1160     1864     3490     2918     1575     1264     3257     1823     1942     3198     1190     1153     1458     3519     2449     1823     2580     2149     2731     2408     1857     2671     2601     1593     1426     2052     2699     3396     706      3269     2218     193      2371     774      337      1436     2163     2143     1510     3458     2994     2265     3340     192      543      1947     1722     
12       1501     2470     681      2682     500      150      888      2769     3654     2853     2472     1511     0        3119     1282     1996     3039     3187     3122     2602     1024     2195     2058     1871     2192     3064     730      709      770      1109     3374     1026     1580     2695     2477     560      3978     1703     1077     2761     2705     1234     1334     2425     2702     1425     2341     2485     3028     311      2058     1196     3265     1779     872      2942     1321     1284     1057     541      1517     2199     904      3701     1982     1445     1515     1449     1265     1203     1385     634      1256     3948     1970     2415     3558     1319     1953     478      3172     
13       3770     842      2708     2961     2630     3091     2639     566      3589     871      992      1623     3119     0        2035     2920     661      318      2280     958      2197     1304     2815     4418     1030     3044     2505     3510     2967     3194     3112     2230     3673     1343     901      3486     3334     4314     2870     359      4166     3325     3168     4279     507      2227     1646     4750     2471     3428     3590     3500     2711     3528     3447     2973     4057     3049     2944     3658     4095     4749     2241     3229     3121     1742     3632     2131     1931     2906     3423     3753     2704     3307     4267     2826     3526     1809     1365     3526     328      
14       2515     1266     1265     2895     930      1198     605      1583     3846     2071     1228     520      1282     2035     0        2386     2169     2189     2901     1852     945      925      2373     3036     1015     3203     1041     1900     934      1176     3449     1009     2517     2130     1675     1501     3957     2883     1705     1682     3471     1320     2079     3339     1555     1468     1952     3573     2917     1581     2781     2187     3196     2568     1413     3084     2530     1077     925      1800     2674     3378     783      3724     2486     333      2455     308      216      921      2261     1873     1710     3925     3040     2637     3754     454      713      1756     2180     
15       1241     2791     1362     710      1751     2119     2511     2937     1660     2171     2924     2085     1996     2920     2386     0        2438     2780     1489     1988     1446     2854     137      1855     2563     1102     1474     1666     2613     3003     1427     1384     1063     1733     2018     2546     2053     1837     919      2672     1252     3152     778      1387     2791     933      1318     1947     1287     2113     700      1188     1437     760      2859     987      1800     3096     2853     2234     1668     2112     1631     1765     213      2218     1064     2693     2190     2962     946      2338     758      2026     1568     470      1564     1995     2591     1976     2760     
16       3426     1247     2516     2376     2539     3044     2743     1088     2944     268      1435     1672     3039     661      2169     2438     0        386      1629     480      2034     1674     2320     4087     1304     2422     2349     3306     3055     3342     2468     2050     3305     741      563      3484     2673     4003     2568     709      3656     3488     2815     3823     955      1900     1121     4344     1832     3336     3132     3191     2061     3112     3523     2359     3792     3242     3093     3559     3790     4402     2135     2572     2648     1840     3272     2346     2010     3087     3073     3663     2370     2646     3892     2273     2885     1825     1628     3388     367      
17       3709     1088     2720     2754     2689     3174     2787     852      3330     637      1257     1734     3187     318      2189     2780     386      0        2013     791      2218     1546     2666     4366     1225     2807     2533     3521     3110     3363     2854     2244     3600     1118     797      3592     3045     4273     2828     538      4011     3501     3101     4158     756      2167     1472     4658     2218     3492     3466     3458     2446     3428     3587     2743     4039     3236     3112     3720     4056     4689     2290     2952     2987     1877     3563     2321     2060     3088     3359     3819     2644     3018     4191     2641     3271     1908     1564     3568     20       
18       2728     2604     2443     1005     2709     3202     3291     2582     1318     1413     2789     2413     3122     2280     2901     1489     1629     2013     0        1409     2200     2893     1355     3342     2504     870      2419     3022     3512     3887     844      2167     2553     978      1567     3675     1112     3326     2180     2208     2409     4046     2206     2734     2425     1700     956      3358     260      3332     2117     2636     433      2243     3887     852      3269     3891     3674     3506     3154     3584     2393     957      1678     2604     2552     3184     2686     3736     2415     3617     1950     1082     3039     1074     1263     2447     2713     3265     1995     
19       2947     1209     2052     2004     2105     2619     2391     1174     2681     250      1399     1334     2602     958      1852     1988     480      791      1409     0        1584     1554     1876     3607     1157     2107     1897     2835     2687     3001     2207     1595     2828     430      188      3071     2512     3523     2089     808      3223     3153     2336     3367     1016     1420     690      3874     1563     2892     2675     2711     1824     2643     3143     2028     3313     2928     2757     3112     3310     3924     1703     2365     2195     1519     2794     2071     1668     2770     2594     3218     1890     2482     3416     1868     2611     1458     1431     2932     771      
20       1701     1698     512      1999     539      1060     1124     1952     2973     1835     1765     765      1024     2197     945      1446     2034     2218     2200     1584     0        1584     1442     2301     1420     2337     315      1313     1314     1695     2612     64       1662     1675     1471     1531     3168     2174     812      1852     2537     1854     1182     2444     1849     560      1342     2754     2154     1307     1850     1389     2418     1657     1693     2215     1880     1730     1499     1527     1954     2644     201      2913     1541     835      1606     1250     762      1582     1398     1633     773      3137     2230     1733     2878     612      1308     1355     2202     
21       3281     462      2041     3193     1788     2119     1492     759      4051     1690     336      820      2195     1304     925      2854     1674     1546     2893     1554     1584     0        2799     3857     396      3421     1805     2767     1817     1968     3602     1643     3247     1953     1369     2419     4005     3717     2395     1010     4057     2083     2762     4015     799      1939     1973     4337     2989     2499     3387     2962     3269     3224     2284     3316     3385     1792     1726     2722     3500     4201     1507     3820     3004     783      3190     896      940      1661     2983     2797     2325     3974     3811     2971     3968     982      276      2662     1544     
22       1373     2716     1407     625      1784     2176     2531     2851     1596     2052     2855     2046     2058     2815     2373     137      2320     2666     1355     1876     1442     2799     0        1991     2496     1013     1500     1766     2649     3040     1334     1383     1197     1608     1914     2614     1955     1971     989      2576     1351     3191     888      1513     2703     906      1199     2081     1157     2191     830      1307     1318     897      2914     894      1926     3123     2881     2322     1800     2249     1634     1669     346      2188     1197     2681     2171     2985     1071     2428     805      1927     1705     366      1500     1968     2540     2066     2646     
23       661      4000     1816     2439     2106     2012     2755     4245     3138     3834     4064     3052     1871     4418     3036     1855     4087     4366     3342     3607     2301     3857     1991     0        3722     2792     2052     1165     2624     2908     3106     2251     805      3469     3569     2131     3713     176      1549     4099     1481     2996     1272     993      4132     2199     3034     670      3127     1691     1273     921      3236     1099     2543     2706     564      3120     2910     1597     362      344      2350     3430     1664     3076     824      3265     2938     3060     1015     1627     1721     3692     370      2281     3058     2877     3585     1445     4347     
24       3115     282      1916     2849     1735     2141     1619     579      3683     1300     363      692      2192     1030     1015     2563     1304     1225     2504     1157     1420     396      2496     3722     0        3059     1687     2689     1949     2164     3228     1472     3060     1558     972      2499     3616     3593     2208     692      3792     2295     2561     3789     539      1679     1595     4158     2607     2503     3138     2808     2886     3000     2428     2957     3286     2020     1914     2732     3373     4065     1393     3436     2728     753      3007     1101     942      1876     2797     2818     2105     3585     3640     2640     3601     883      339      2636     1219     
25       2261     3216     2398     392      2752     3176     3459     3259     644      2178     3387     2786     3064     3044     3203     1102     2422     2807     870      2107     2337     3421     1013     2792     3059     0        2459     2769     3613     4004     327      2286     2072     1701     2227     3622     955      2815     2001     2911     1629     4158     1877     2025     3100     1776     1477     2673     617      3205     1518     2270     525      1729     3909     123      2851     4062     3826     3334     2682     2979     2538     665      1208     2958     2091     3508     2988     3917     2016     3439     1807     929      2449     649      554      2760     3197     3077     2788     
26       1487     1968     235      2098     295      787      1038     2236     3080     2147     2018     1004     730      2505     1041     1474     2349     2533     2419     1897     315      1805     1500     2052     1687     2459     0        1011     1154     1545     2752     302      1477     1967     1786     1263     3333     1914     672      2157     2450     1699     1041     2298     2141     722      1611     2547     2346     1000     1761     1163     2598     1533     1474     2336     1599     1623     1381     1216     1696     2396     298      3067     1527     1026     1416     1321     904      1488     1220     1323     727      3303     2016     1827     2984     825      1533     1039     2516     
27       833      2971     803      2376     980      854      1590     3246     3296     3082     3008     1998     709      3510     1900     1666     3306     3521     3022     2835     1313     2767     1766     1165     2689     2769     1011     0        1474     1787     3094     1280     951      2821     2749     1071     3719     1000     844      3165     2099     1894     895      1764     3153     1455     2411     1777     2874     589      1514     581      3071     1222     1472     2654     630      1982     1761     610      808      1498     1297     3432     1582     1986     891      2111     1829     1909     826      699      1077     3692     1268     2131     3202     1810     2504     363      3504     
28       2269     2196     1254     3252     864      621      330      2514     4234     2924     2140     1384     770      2967     934      2613     3055     3110     3512     2687     1314     1817     2649     2624     1949     3613     1154     1474     0        391      3903     1352     2341     2893     2526     647      4475     2452     1731     2613     3448     545      2044     3189     2489     1854     2621     3251     3467     945      2783     1959     3729     2514     479      3490     2065     517      287      1104     2276     2943     1118     4213     2639     1233     2276     934      1050     436      2131     1137     1855     4444     2739     2981     4138     1232     1639     1184     3099     
29       2605     2386     1643     3643     1256     960      614      2704     4626     3231     2302     1673     1109     3194     1176     3003     3342     3363     3887     3001     1695     1968     3040     2908     2164     4004     1545     1787     391      0        4292     1737     2690     3234     2832     801      4861     2733     2115     2848     3812     159      2420     3533     2699     2241     2983     3553     3849     1218     3155     2306     4113     2881     432      3880     2343     252      251      1328     2572     3213     1497     4601     3026     1502     2625     1075     1336     316      2492     1331     2245     4830     3054     3373     4530     1544     1834     1464     3354     
30       2585     3363     2704     719      3047     3483     3736     3377     476      2242     3541     3011     3374     3112     3449     1427     2468     2854     844      2207     2612     3602     1334     3106     3228     327      2752     3094     3903     4292     0        2563     2396     1783     2346     3934     627      3135     2318     3014     1885     4449     2203     2308     3218     2054     1632     2959     644      3523     1834     2598     415      2052     4212     440      3178     4341     4108     3657     3005     3283     2813     338      1535     3189     2417     3751     3233     4194     2344     3762     2119     601      2758     968      419      3000     3392     3400     2835     
31       1645     1749     477      1945     554      1071     1173     1998     2920     1845     1819     823      1026     2230     1009     1384     2050     2244     2167     1595     64       1643     1383     2251     1472     2286     302      1280     1352     1737     2563     0        1603     1668     1488     1545     3124     2126     752      1889     2473     1895     1121     2382     1892     509      1324     2697     2115     1302     1786     1336     2377     1595     1721     2163     1837     1778     1545     1519     1905     2593     253      2867     1477     897      1547     1313     826      1631     1339     1626     709      3093     2173     1678     2825     674      1367     1338     2227     
32       189      3328     1251     1697     1625     1730     2379     3549     2503     3047     3415     2427     1580     3673     2517     1063     3305     3600     2553     2828     1662     3247     1197     805      3060     2072     1477     951      2341     2690     2396     1603     0        2670     2803     2018     3019     773      853      3369     1148     2811     507      850      3425     1446     2235     1098     2348     1534     612      384      2479     345      2410     1974     788      2859     2623     1554     612      1099     1759     2730     888      2486     65       2786     2379     2764     263      1632     973      2995     593      1510     2415     2270     2970     1315     3580     
33       2808     1633     2081     1636     2214     2735     2620     1604     2258     481      1821     1612     2695     1343     2130     1733     741      1118     978      430      1675     1953     1608     3469     1558     1701     1967     2821     2893     3234     1783     1668     2670     0        595      3203     2083     3404     2016     1234     2927     3390     2204     3121     1447     1366     435      3668     1139     2964     2433     2610     1395     2443     3326     1630     3236     3188     2998     3173     3199     3769     1829     1934     1946     1804     2645     2379     1929     3029     2457     3282     1796     2053     3242     1535     2191     1700     1804     2968     1098     
34       2912     1038     1956     2096     1978     2486     2224     1033     2816     398      1226     1160     2477     901      1675     2018     563      797      1567     188      1471     1369     1914     3569     972      2227     1786     2749     2526     2832     2346     1488     2803     595      0        2931     2676     3477     2034     689      3265     2983     2303     3381     874      1370     768      3867     1706     2773     2691     2662     1973     2638     2987     2142     3250     2752     2586     2996     3261     3892     1574     2519     2219     1342     2766     1888     1497     2595     2561     3100     1847     2646     3395     1941     2743     1294     1243     2825     778      
35       1905     2762     1241     3238     991      475      938      3076     4206     3318     2729     1864     560      3486     1501     2546     3484     3592     3675     3071     1531     2419     2614     2131     2499     3622     1263     1071     647      801      3934     1545     2018     3203     2931     0        4538     1955     1627     3127     3165     869      1852     2835     3032     1975     2869     2788     3586     484      2550     1639     3825     2262     412      3500     1568     1040     881      535      1809     2425     1377     4261     2520     1750     1956     1561     1560     1028     1861     529      1814     4509     2309     2972     4110     1684     2214     715      3579     
36       3208     3714     3301     1345     3629     4081     4289     3680     680      2487     3901     3490     3978     3334     3957     2053     2673     3045     1112     2512     3168     4005     1955     3713     3616     955      3333     3719     4475     4861     627      3124     3019     2083     2676     4538     0        3749     2934     3300     2421     5019     2830     2875     3524     2621     2048     3524     1041     4137     2446     3225     760      2674     4803     1066     3803     4895     4667     4276     3625     3874     3369     289      2162     3676     3041     4250     3740     4744     2971     4382     2728     31       3359     1589     720      3503     3819     4020     3028     
37       604      3873     1680     2452     1954     1843     2589     4124     3192     3754     3931     2918     1703     4314     2883     1837     4003     4273     3326     3523     2174     3717     1971     176      3593     2815     1914     1000     2452     2733     3135     2126     773      3404     3477     1955     3749     0        1446     3990     1585     2820     1199     1112     4014     2107     2969     844      3120     1517     1302     815      3243     1096     2367     2724     389      2946     2737     1421     220      498      2213     3463     1656     2934     778      3107     2792     2888     948      1451     1633     3727     476      2278     3110     2739     3447     1272     4254     
38       911      2479     486      1614     895      1204     1679     2708     2578     2326     2562     1575     1077     2870     1705     919      2568     2828     2180     2089     812      2395     989      1549     2208     2001     672      844      1731     2115     2318     752      853      2016     2034     1627     2934     1446     0        2550     1779     2259     374      1638     2589     668      1593     1950     2042     1204     1090     630      2253     863      1945     1881     1226     2233     1989     1347     1228     1883     927      2651     912      1643     799      1991     1549     2111     589      1455     233      2905     1432     1351     2482     1423     2119     1095     2810     
39       3457     556      2364     2785     2274     2732     2285     386      3489     819      735      1264     2761     359      1682     2672     709      538      2208     808      1852     1010     2576     4099     692      2911     2157     3165     2613     2848     3014     1889     3369     1234     689      3127     3300     3990     2550     0        3924     2982     2862     4007     245      1923     1457     4455     2371     3071     3324     3178     2629     3242     3092     2828     3722     2711     2597     3301     3770     4433     1888     3165     2865     1384     3325     1793     1572     2565     3115     3395     2395     3271     3962     2625     3419     1449     1031     3172     534      
40       1284     4030     2258     1404     2663     2853     3443     4187     1775     3388     4155     3257     2705     4166     3471     1252     3656     4011     2409     3223     2537     4057     1351     1481     3792     1629     2450     2099     3448     3812     1885     2473     1148     2927     3265     3165     2421     1585     1779     3924     0        3939     1420     498      4042     2119     2538     1118     2152     2681     690      1526     2148     935      3552     1591     1815     3964     3724     2700     1563     1535     2688     2162     1067     3364     1208     3765     3299     3857     1320     2774     1764     2407     1114     1406     1711     3138     3786     2463     3991     
41       2719     2510     1790     3797     1408     1086     770      2827     4779     3381     2419     1823     1234     3325     1320     3152     3488     3501     4046     3153     1854     2083     3191     2996     2295     4158     1699     1894     545      159      4449     1895     2811     3390     2983     869      5019     2820     2259     2982     3939     0        2556     3650     2828     2398     3141     3647     4008     1314     3288     2426     4272     3011     466      4035     2432     302      396      1404     2666     3294     1655     4758     3171     1648     2746     1198     1486     421      2619     1395     2393     4988     3156     3526     4683     1698     1962     1559     3493     
42       610      2827     839      1484     1242     1475     2024     3043     2403     2561     2918     1942     1334     3168     2079     778      2815     3101     2206     2336     1182     2762     888      1272     2561     1877     1041     895      2044     2420     2203     1121     507      2204     2303     1852     2830     1199     374      2862     1420     2556     0        1264     2918     941      1770     1602     2031     1389     740      431      2206     492      2205     1764     1068     2556     2314     1482     996      1589     1302     2541     688      2016     464      2363     1924     2443     258      1582     466      2803     1100     1247     2308     1795     2486     1224     3082     
43       931      4045     2082     1741     2468     2575     3228     4234     2247     3556     4151     3198     2425     4279     3339     1387     3823     4158     2734     3367     2444     4015     1513     993      3789     2025     2298     1764     3189     3533     2308     2382     850      3121     3381     2835     2875     1112     1638     4007     498      3650     1264     0        4098     2115     2705     650      2488     2353     692      1229     2526     790      3236     1967     1383     3707     3473     2339     1122     1037     2566     2605     1175     3279     916      3618     3188     3614     1085     2402     1690     2858     635      1674     2178     3056     3739     2120     4138     
44       3501     337      2360     2953     2228     2660     2159     159      3690     1055     501      1190     2702     507      1555     2791     955      756      2425     1016     1849     799      2703     4132     539      3100     2141     3153     2489     2699     3218     1892     3425     1447     874      3032     3524     4014     2589     245      4042     2828     2918     4098     0        1990     1630     4519     2577     3013     3422     3211     2840     3321     2968     3012     3730     2548     2450     3243     3794     4470     1859     3381     2976     1282     3378     1630     1472     2407     3166     3333     2452     3494     4016     2779     3617     1382     866      3131     756      
45       1544     1930     754      1440     1016     1502     1683     2122     2412     1658     2043     1153     1425     2227     1468     933      1900     2167     1700     1420     560      1939     906      2199     1679     1776     722      1455     1854     2241     2054     509      1446     1366     1370     1975     2621     2107     668      1923     2119     2398     941      2115     1990     0        959      2533     1624     1654     1458     1292     1879     1332     2197     1654     1894     2287     2054     1846     1891     2525     761      2360     1067     1285     1405     1777     1265     2141     1196     1957     478      2590     2040     1176     2318     1063     1670     1623     2148     
46       2373     1739     1698     1328     1878     2395     2375     1788     2090     853      1913     1458     2341     1646     1952     1318     1121     1472     956      690      1342     1973     1199     3034     1595     1477     1611     2411     2621     2983     1632     1324     2235     435      768      2869     2048     2969     1593     1457     2538     3141     1770     2705     1630     959      0        3240     1018     2594     2014     2178     1300     2013     3029     1385     2807     2966     2759     2795     2765     3334     1518     1849     1529     1649     2210     2231     1739     2809     2022     2905     1369     2017     2808     1179     2011     1500     1773     2579     1452     
47       1060     4427     2314     2377     2653     2632     3354     4645     2889     4080     4512     3519     2485     4750     3573     1947     4344     4658     3358     3874     2754     4337     2081     670      4158     2673     2547     1777     3251     3553     2959     2697     1098     3668     3867     2788     3524     844      1950     4455     1118     3647     1602     650      4519     2533     3240     0        3118     2335     1255     1386     3169     1231     3201     2612     1222     3756     3538     2257     981      503      2838     3255     1734     3569     1150     3824     3451     3687     1361     2293     2067     3507     532      2288     2823     3357     4062     2089     4638     
48       2528     2731     2346     751      2640     3118     3266     2735     1119     1600     2912     2449     3028     2471     2917     1287     1832     2218     260      1563     2154     2989     1157     3127     2607     617      2346     2874     3467     3849     644      2115     2348     1139     1706     3586     1041     3120     2042     2371     2152     4008     2031     2488     2577     1624     1018     3118     0        3220     1886     2458     283      2029     3821     592      3083     3871     3647     3384     2955     3359     2352     831      1464     2635     2351     3209     2700     3717     2227     3493     1817     1009     2815     847      1055     2462     2791     3136     2199     
49       1422     2781     899      2816     802      386      1135     3081     3771     3143     2781     1823     311      3428     1581     2113     3336     3492     3332     2892     1307     2499     2191     1691     2503     3205     1000     589      945      1218     3523     1302     1534     2964     2773     484      4137     1517     1204     3071     2681     1314     1389     2353     3013     1654     2594     2335     3220     0        2072     1155     3445     1782     883      3085     1127     1429     1225     229      1354     2003     1203     3855     2068     1755     1473     1727     1573     1377     1381     327      1412     4108     1842     2555     3676     1631     2261     246      3477     
