
sets
i        orders          /0*5/
k        routes          /1*5/
p        positions       /0*5/
;

alias(i,j)
alias(i,h)
alias(i,hh)
alias(i,jj)
alias(k,kk)
                
                    Parameters

rho(i)	Processing time
/
0	0
1	31
2	77
3	92
4	88
5	61
/

gamma(i)	Duedate
/
0	0
1	41
2	88
3	48
4	9
5	70
/

sigma(i)	Size
/
0	0
1	6
2	9
3	8
4	2
5	6
/

epsilon(i)	Priority
/
0	0
1	8
2	4
3	2
4	2
5	6
/

psi	Vehicle Capacity
/ 25 /
;

Table kappa(i,j)                 Setup
         0        1        2        3        4        5        
0        0        64       93       106      97       117      
1        64       0        55       70       53       53       
2        93       55       0        123      104      72       
3        106      70       123      0        18       73       
4        97       53       104      18       0        57       
5        117      53       72       73       57       0        
;



Table delta(i,j)                 Distance
         0        1        2        3        4        5        
0        0        190      360      110      20       450      
1        190      0        55       10       18       55       
2        360      55       0        46       37       47       
3        110      10       46       0        9        53       
4        20       18       37       9        0        48       
5        450      55       47       53       48       0        
;

