
sets
i        orders          /0*5/
k        routes          /1*5/
p        positions       /0*5/
;

alias(i,j)
alias(i,h)
alias(i,hh)
alias(i,jj)
alias(k,kk)
                
                    Parameters

rho(i)	Processing time
/
0	0
1	21
2	44
3	63
4	37
5	32
/

gamma(i)	Duedate
/
0	0
1	49
2	81
3	17
4	87
5	90
/

sigma(i)	Size
/
0	0
1	9
2	3
3	7
4	6
5	5
/

epsilon(i)	Priority
/
0	0
1	2
2	4
3	1
4	5
5	8
/

psi	Vehicle Capacity
/ 12 /
;

Table kappa(i,j)                 Setup
         0        1        2        3        4        5        
0        0        94       123      149      36       114      
1        94       0        29       55       89       96       
2        123      29       0        26       117      110      
3        149      55       26       0        143      127      
4        36       89       117      143      0        79       
5        114      96       110      127      79       0        
;



Table delta(i,j)                 Distance
         0        1        2        3        4        5        
0        0        120      230      370      450      210      
1        120      0        11       39       33       13       
2        230      11       0        43       21       13       
3        370      39       43       0        57       52       
4        450      33       21       57       0        30       
5        210      13       13       52       30       0        
;

