

sets
i        orders          /0*40/
k        routes          /1*40/
p        positions       /0*40/
;

alias(i,j)
alias(i,h)
alias(i,hh)
alias(i,jj)
alias(k,kk)
                            Parameters

rho(i)	Processing time
/
0	0
1	44
2	11
3	90
4	5
5	76
6	53
7	98
8	77
9	80
10	55
11	1
12	16
13	29
14	10
15	97
16	27
17	73
18	62
19	1
20	7
21	58
22	98
23	75
24	63
25	68
26	70
27	48
28	64
29	50
30	50
31	6
32	22
33	98
34	35
35	82
36	46
37	53
38	92
39	39
40	67
/

gamma(i)	Duedate
/
0	0
1	99
2	6
3	85
4	93
5	44
6	78
7	85
8	29
9	8
10	39
11	25
12	73
13	53
14	81
15	88
16	7
17	63
18	57
19	60
20	35
21	95
22	19
23	11
24	98
25	24
26	67
27	24
28	64
29	63
30	21
31	69
32	44
33	4
34	54
35	30
36	54
37	51
38	98
39	81
40	71
/

sigma(i)	Size
/
0	0
1	6
2	7
3	8
4	2
5	4
6	8
7	9
8	6
9	3
10	8
11	6
12	2
13	3
14	3
15	5
16	5
17	3
18	9
19	4
20	5
21	6
22	9
23	3
24	8
25	4
26	3
27	5
28	8
29	7
30	2
31	7
32	7
33	9
34	1
35	8
36	2
37	2
38	4
39	1
40	6
/

epsilon(i)	Priority
/
0	0
1	6
2	5
3	1
4	9
5	7
6	2
7	3
8	1
9	5
10	6
11	9
12	4
13	6
14	8
15	3
16	6
17	1
18	8
19	5
20	4
21	5
22	3
23	7
24	4
25	1
26	5
27	7
28	3
29	6
30	3
31	8
32	8
33	4
34	2
35	8
36	9
37	4
38	2
39	9
40	9
/

psi	Vehicle Capacity
/ 161 /
;

Table kappa(i,j)                 Setup
         0        1        2        3        4        5        6        7        8        9        10       11       12       13       14       15       16       17       18       19       20       21       22       23       24       25       26       27       28       29       30       31       32       33       34       35       36       37       38       39       40       
0        0        297      129      63       115      79       172      182      114      182      86       221      74       169      76       262      62       279      55       208      135      174      115      337      173      135      203      59       264      255      54       141      279      233      333      187      129      321      374      255      230      
1        297      0        290      270      251      218      163      226      211      363      263      269      350      130      255      302      355      366      261      92       412      334      287      202      153      174      119      257      268      369      293      156      221      174      389      266      426      280      135      44       70       
2        129      290      0        178      41       135      127      84       85       77       52       100      108      170      184      136      136      150      163      223      147      54       14       247      229      123      171      85       145      128      76       156      177      153      203      294      194      203      316      247      240      
3        63       270      178      0        151      68       178      210      132      240      127      258      137      152      16       302      119      328      16       177      195      228      164      348      127      134      197      94       296      307      109      124      300      245      380      124      176      349      365      231      200      
4        115      251      41       151      0        99       90       69       43       119      29       107      119      129      154      150      140      179      136      182      170      95       36       231      188      82       134      58       149      162      69       115      167      130      229      261      206      206      289      207      199      
5        79       218      135      68       99       0        110      147      68       208      83       198      141      91       63       243      139      278      53       128      204      189      123      279      103      66       131      56       233      261      90       62       232      177      326      162      208      284      301      176      150      
6        172      163      127      178      90       110      0        70       60       200      109      123      203      61       172      166      217      220      163      110      259      172      126      169      145      44       43       116      143      216      147      70       127      68       257      251      287      184      203      121      120      
7        182      226      84       210      69       147      70       0        78       142      98       55       186      130      209      99       209      149      194      181      230      112      91       164      210      97       109      124      86       146      139      132      98       70       188      305      274      139      234      186      191      
8        114      211      85       132      43       68       60       78       0        163      51       130      144      86       130      175      157      214      116      139      202      138      79       222      146      39       99       56       164      201      87       71       168      118      260      228      227      216      264      168      156      
9        182      363      77       240      119      208      200      142      163      0        124      127      128      247      249      140      161      117      227      301      131      29       86       288      305      201      243      154      166      85       130      234      215      211      172      362      196      220      374      321      316      
10       86       263      52       127      29       83       109      98       51       124      0        135      94       135      132      177      112      200      112      186      151      105      39       259      182      88       150      33       178      180      41       116      196      157      252      242      181      235      311      219      205      
11       221      269      100      258      107      198      123      55       130      127      135      0        208      185      259      44       236      97       242      233      240      99       113      161      265      152      157      166      44       101      172      187      88       98       133      358      293      103      253      233      242      
12       74       350      108      137      119      141      203      186      144      128      94       208      0        220      151      241      32       240      130      266      63       131      96       350      242      177      242      93       253      211      57       195      283      250      295      261      87       312      406      306      287      
13       169      130      170      152      129      91       61       130      86       247      135      185      220      0        141      227      225      280      140      53       282      221      165      210      85       47       50       126      204      274      163      28       182      120      318      199      296      242      212      86       70       
14       76       255      184      16       154      63       172      209      130      249      132      259      151      141      0        303      135      332      21       163      211      235      170      341      111      128      188      99       295      312      119      114      296      240      383      113      193      347      354      217      185      
15       262      302      136      302      150      243      166      99       175      140      177      44       241      227      303      0        271      67       286      274      265      118      150      163      309      196      196      209      37       84       211      231      95       128      91       403      323      80       266      268      280      
16       62       355      136      119      140      139      217      209      157      161      112      236      32       225      135      271      0        272      116      267      76       163      123      372      235      185      254      101      281      243      71       198      307      269      328      240      71       339      421      312      289      
17       279      366      150      328      179      278      220      149      214      117      200      97       240      280      332      67       272      0        313      330      248      109      165      228      357      243      255      234      104      33       225      279      162      192      55       440      313      135      333      330      339      
18       55       261      163      16       136      53       163      194      116      227      112      242      130      140      21       286      116      313      0        168      190      214      149      333      123      119      183      79       280      292      97       112      284      230      364      135      177      333      352      220      191      
19       208      92       223      177      182      128      110      181      139      301      186      233      266      53       163      274      267      330      168      0        329      274      218      229      67       100      80       173      248      326      211      71       216      156      365      187      337      278      204      56       22       
20       135      412      147      195      170      204      259      230      202      131      151      240      63       282      211      265      76       248      190      329      0        147      140      394      306      237      301      155      284      215      118      258      323      299      302      316      68       342      460      368      350      
21       174      334      54       228      95       189      172      112      138      29       105      99       131      221      235      118      163      109      214      274      147      0        66       260      283      175      215      137      141      81       120      210      187      181      164      347      207      197      344      293      289      
22       115      287      14       164      36       123      126      91       79       86       39       113      96       165      170      150      123      165      149      218      140      66       0        255      219      118      170      71       157      143      61       149      186      159      218      281      183      216      321      244      235      
23       337      202      247      348      231      279      169      164      222      288      259      161      350      210      341      163      372      228      333      229      394      260      255      0        290      213      160      278      127      248      300      232      73       104      227      408      438      100      112      190      221      
24       173      153      229      127      188      103      145      210      146      305      182      265      242      85       111      309      235      357      123      67       306      283      219      290      0        114      132      158      289      347      193      78       267      206      399      120      300      328      272      123      86       
25       135      174      123      134      82       66       44       97       39       201      88       152      177      47       128      196      185      243      119      100      237      175      118      213      114      0        68       84       179      233      119      36       170      112      285      210      256      225      239      130      117      
26       203      119      171      197      134      131      43       109      99       243      150      157      242      50       188      196      254      255      183      80       301      215      170      160      132      68       0        152      168      254      185      74       137      76       287      248      324      198      170      78       84       
27       59       257      85       94       58       56       116      124      56       154      33       166      93       126      99       209      101      234      79       173      155      137      71       278      158      84       152      0        207      213      37       102      219      174      285      210      172      263      320      213      194      
28       264      268      145      296      149      233      143      86       164      166      178      44       253      204      295      37       281      104      280      248      284      141      157      127      289      179      168      207      0        120      215      212      58       95       121      389      338      58       229      237      252      
29       255      369      128      307      162      261      216      146      201      85       180      101      211      274      312      84       243      33       292      326      215      81       143      248      347      233      254      213      120      0        201      269      178      199      87       423      281      161      349      332      337      
30       54       293      76       109      69       90       147      139      87       130      41       172      57       163      119      211      71       225      97       211      118      120      61       300      193      119      185      37       215      201      0        139      237      198      279      232      141      273      350      249      231      
31       141      156      156      124      115      62       70       132      71       234      116      187      195      28       114      231      198      279      112      71       258      210      149      232      78       36       74       102      212      269      139      0        197      136      321      181      269      255      241      113      92       
32       279      221      177      300      167      232      127      98       168      215      196      88       283      182      296      95       307      162      284      216      323      187      186      73       267      170      137      219      58       178      237      197      0        61       172      378      370      62       171      195      216      
33       233      174      153      245      130      177      68       70       118      211      157      98       250      120      240      128      269      192      230      156      299      181      159      104      206      112      76       174      95       199      198      136      61       0        217      317      337      122      164      141      158      
34       333      389      203      380      229      326      257      188      260      172      252      133      295      318      383      91       328      55       364      365      302      164      218      227      399      285      287      285      121      87       279      321      172      217      0        488      368      127      338      358      371      
35       187      266      294      124      261      162      251      305      228      362      242      358      261      199      113      403      240      440      135      187      316      347      281      408      120      210      248      210      389      423      232      181      378      317      488      0        285      435      391      241      204      
36       129      426      194      176      206      208      287      274      227      196      181      293      87       296      193      323      71       313      177      337      68       207      183      438      300      256      324      172      338      281      141      269      370      337      368      285      0        397      491      383      359      
37       321      280      203      349      206      284      184      139      216      220      235      103      312      242      347      80       339      135      333      278      342      197      216      100      328      225      198      263      58       161      273      255      62       122      127      435      397      0        211      256      278      
38       374      135      316      365      289      301      203      234      264      374      311      253      406      212      354      266      421      333      352      204      460      344      321      112      272      239      170      320      229      349      350      241      171      164      338      391      491      211      0        149      187      
39       255      44       247      231      207      176      121      186      168      321      219      233      306      86       217      268      312      330      220      56       368      293      244      190      123      130      78       213      237      332      249      113      195      141      358      241      383      256      149      0        37       
40       230      70       240      200      199      150      120      191      156      316      205      242      287      70       185      280      289      339      191      22       350      289      235      221      86       117      84       194      252      337      231      92       216      158      371      204      359      278      187      37       0        
;



Table delta(i,j)                 Distance
         0        1        2        3        4        5        6        7        8        9        10       11       12       13       14       15       16       17       18       19       20       21       22       23       24       25       26       27       28       29       30       31       32       33       34       35       36       37       38       39       40       
0        0        3760     2350     1110     3260     3320     1120     590      1550     3440     2320     1090     3060     1820     1810     3280     340      3370     3680     2440     1780     3440     1240     3390     1650     3340     1150     2400     370      1620     1220     1760     1350     390      2100     1890     1880     2100     3250     1920     1980     
1        3760     0        213      464      171      316      272      330      240      69       222      354      380      226      407      358      403      40       17       229      246      77       354      46       274      353      268      140      345      328      327      199      472      339      279      260      370      222      271      252      178      
2        2350     213      0        287      92       141      127      221      84       151      9        165      178      206      199      169      269      188      197      21       57       233      160      166      78       167      181      102      198      123      263      129      286      198      66       56       160      25       110      49       104      
3        1110     464      287      0        379      341      192      171      226      421      281      122      289      291      140      321      111      427      454      288      232      443      130      423      209      330      221      324      125      174      232      270      29       135      238      231      171      265      348      238      286      
4        3260     171      92       379      0        145      214      305      171      101      98       257      215      261      281      189      359      164      154      92       149      221      251      130      170      183      257      132      289      210      337      191      377      287      147      147      240      116      100      141      160      
5        3320     316      141      341      145      0        245      338      211      246      136      230      83       346      208      47       365      304      298      120      175      358      218      273      174      39       312      240      297      173      391      270      328      301      124      154      171      157      45       155      246      
6        1120     272      127      192      214      245      0        94       43       234      125      94       244      131      172      253      145      235      263      139      73       254      102      232      72       257      72       132      77       106      146      82       202      74       121      91       152      102      227      91       94       
7        590      330      221      171      305      338      94       0        136      307      220      139      326      124      220      341      75       290      325      234      167      292      153      297      163      346      62       201      59       180      69       132      193      48       213      185      217      196      322      185      160      
8        1550     240      84       226      171      211      43       136      0        195      84       114      222      142      179      226      188      205      229      99       36       232      116      197      51       228      100      100      119      103      181      73       232      117      93       60       151      60       189      56       69       
9        3440     69       151      421      101      246      234      307      195      0        160      305      311      224      350      289      374      68       52       165      193      126      303      32       220      283      247      105      310      272      318      175      426      305      217      203      311      165      201      195      147      
10       2320     222      9        281      98       136      125      220      84       160      0        158      170      210      191      161      266      198      207      16       54       242      153      175      72       161      182      110      195      115      264      133      279      195      57       49       151      24       107      42       110      
11       1090     354      165      122      257      230      94       139      114      305      158      0        197      222      82       220      139      320      342      165      112      345      14       310      87       227      155      215      82       57       208      175      121      91       117      109      79       143      230      116      182      
12       3060     380      178      289      215      83       244      326      222      311      170      197      0        364      149      39       337      362      363      157      187      411      183      335      173      50       316      280      276      146      388      291      271      282      129      162      121      184      121      168      275      
13       1820     226      206      291      261      346      131      124      142      224      210      222      364      0        303      366      199      186      225      226      177      174      232      204      192      367      71       130      167      237      101      76       310      156      235      201      284      188      316      197      103      
14       1810     407      199      140      281      208      172      220      179      350      191      82       149      303      0        182      206      377      394      190      162      410      71       361      135      192      237      275      161      79       289      249      122      171      135      147      41       185      225      156      248      
15       3280     358      169      321      189      47       253      341      226      289      161      220      39       366      182      0        359      344      341      147      189      395      206      314      181      10       324      271      295      165      400      291      304      301      133      166      150      179      90       169      271      
16       340      403      269      111      359      365      145      75       188      374      266      139      337      199      206      359      0        363      396      278      212      367      154      367      199      366      137      269      71       194      123      203      139      71       244      223      217      244      358      226      228      
17       3370     40       188      427      164      304      235      290      205      68       198      320      362      186      377      344      363      0        40       207      215      58       321      36       243      340      228      104      307      298      287      160      436      300      253      231      342      195      261      223      141      
18       3680     17       197      454      154      298      263      325      229      52       207      342      363      225      394      341      396      40       0        213      233      88       342      32       260      335      263      130      337      314      325      193      461      331      264      246      356      208      254      238      170      
19       2440     229      21       288      92       120      139      234      99       165      16       165      157      226      190      147      278      207      213      0        67       253      158      182      81       145      198      124      207      118      280      150      284      208      55       57       149      39       91       52       126      
20       1780     246      57       232      149      175      73       167      36       193      54       112      187      177      162      189      212      215      233      67       0        249      110      201      27       191      137      113      141      82       216      105      234      141      57       24       128      33       154      19       93       
21       3440     77       233      443      221      358      254      292      232      126      242      345      411      174      410      395      367      58       88       253      249      0        349      94       276      392      230      136      319      332      274      173      456      310      295      269      378      235      315      261      163      
22       1240     354      160      130      251      218      102      153      116      303      153      14       183      232      71       206      154      321      342      158      110      349      0        310      83       214      166      216      96       45       221      181      126      105      108      104      65       140      219      111      185      
23       3390     46       166      423      130      273      232      297      197      32       175      310      335      204      361      314      367      36       32       182      201      94       310      0        228      309      236      99       307      282      301      164      429      301      232      214      324      176      229      205      140      
24       1650     274      78       209      170      174      72       163      51       220      72       87       173      192      135      181      199      243      260      81       27       276      83       228      0        185      143      140      128      55       219      124      208      130      49       24       102      56       160      29       117      
25       3340     353      167      330      183      39       257      346      228      283      161      227      50       367      192      10       366      340      335      145      191      392      214      309      185      0        327      269      301      172      404      292      313      306      136      168      159      180      83       171      271      
26       1150     268      181      221      257      312      72       62       100      247      182      155      316      71       237      324      137      228      263      198      137      230      166      236      143      327      0        142      96       178      81       72       239      86       191      159      223      159      289      156      102      
27       2400     140      102      324      132      240      132      201      100      105      110      215      280      130      275      271      269      104      130      124      113      136      216      99       140      269      142      0        207      195      216      69       332      202      159      132      241      99       202      124      41       
28       370      345      198      125      289      297      77       59       119      310      195      82       276      167      161      295      71       307      337      207      141      319      96       307      128      301      96       207      0        130      128      147      143      11       174      152      162      173      288      155      167      
29       1620     328      123      174      210      173      106      180      103      272      115      57       146      237      79       165      194      298      314      118      82       332      45       282      55       172      178      195      130      0        244      175      168      136      64       68       48       106      174      77       171      
30       1220     327      263      232      337      391      146      69       181      318      264      208      388      101      289      400      123      287      325      280      216      274      221      301      219      404      81       216      128      244      0        148      256      118      268      237      284      240      370      236      179      
31       1760     199      129      270      191      270      82       132      73       175      133      175      291      76       249      291      203      160      193      150      105      173      181      164      124      292      72       69       147      175      148      0        283      140      162      129      223      112      240      123      31       
32       1350     472      286      29       377      328      202      193      232      426      279      121      271      310      122      304      139      436      461      284      234      456      126      429      208      313      239      332      143      168      256      283      0        153      233      230      156      265      338      237      295      
33       390      339      198      135      287      301      74       48       117      305      195      91       282      156      171      301      71       300      331      208      141      310      105      301      130      306      86       202      11       136      118      140      153      0        177      153      170      173      291      156      161      
34       2100     279      66       238      147      124      121      213      93       217      57       117      129      235      135      133      244      253      264      55       57       295      108      232      49       136      191      159      174      64       268      162      233      177      0        33       94       60       115      38       147      
35       1890     260      56       231      147      154      91       185      60       203      49       109      162      201      147      166      223      231      246      57       24       269      104      214      24       168      159      132      152      68       237      129      230      153      33       0        110      38       137      8        115      
36       1880     370      160      171      240      171      152      217      151      311      151      79       121      284      41       150      217      342      356      149      128      378      65       324      102      159      223      241      162      48       284      223      156      170      94       110      0        148      184      119      219      
37       2100     222      25       265      116      157      102      196      60       165      24       143      184      188      185      179      244      195      208      39       33       235      140      176      56       180      159      99       173      106      240      112      265      173      60       38       148      0        131      29       91       
38       3250     271      110      348      100      45       227      322      189      201      107      230      121      316      225      90       358      261      254      91       154      315      219      229      160      83       289      202      288      174      370      240      338      291      115      137      184      131      0        136      214      
39       1920     252      49       238      141      155      91       185      56       195      42       116      168      197      156      169      226      223      238      52       19       261      111      205      29       171      156      124      155      77       236      123      237      156      38       8        119      29       136      0        108      
40       1980     178      104      286      160      246      94       160      69       147      110      182      275      103      248      271      228      141      170      126      93       163      185      140      117      271      102      41       167      171      179      31       295      161      147      115      219      91       214      108      0        
;

