

sets
i        orders          /0*40/
k        routes          /1*40/
p        positions       /0*40/
;

alias(i,j)
alias(i,h)
alias(i,hh)
alias(i,jj)
alias(k,kk)
                            Parameters

rho(i)	Processing time
/
0	0
1	60
2	58
3	54
4	7
5	97
6	4
7	76
8	35
9	81
10	18
11	2
12	69
13	62
14	31
15	21
16	15
17	85
18	5
19	20
20	25
21	75
22	76
23	87
24	53
25	89
26	31
27	84
28	85
29	34
30	84
31	57
32	55
33	28
34	34
35	90
36	12
37	37
38	20
39	58
40	38
/

gamma(i)	Duedate
/
0	0
1	82
2	74
3	76
4	48
5	86
6	41
7	29
8	98
9	21
10	22
11	27
12	67
13	25
14	8
15	95
16	2
17	96
18	94
19	93
20	39
21	89
22	65
23	84
24	48
25	33
26	92
27	74
28	14
29	95
30	80
31	82
32	65
33	65
34	21
35	12
36	38
37	28
38	98
39	29
40	71
/

sigma(i)	Size
/
0	0
1	1
2	2
3	3
4	7
5	3
6	9
7	4
8	7
9	9
10	9
11	3
12	8
13	7
14	5
15	9
16	4
17	4
18	8
19	6
20	8
21	2
22	1
23	9
24	5
25	3
26	2
27	2
28	6
29	9
30	6
31	3
32	7
33	1
34	8
35	3
36	2
37	4
38	8
39	8
40	8
/

epsilon(i)	Priority
/
0	0
1	2
2	9
3	9
4	2
5	3
6	8
7	9
8	4
9	1
10	4
11	2
12	4
13	3
14	5
15	8
16	2
17	7
18	6
19	3
20	5
21	9
22	8
23	7
24	9
25	4
26	3
27	2
28	2
29	7
30	1
31	7
32	9
33	4
34	9
35	9
36	2
37	7
38	3
39	2
40	2
/

psi	Vehicle Capacity
/ 101 /
;

Table kappa(i,j)                 Setup
         0        1        2        3        4        5        6        7        8        9        10       11       12       13       14       15       16       17       18       19       20       21       22       23       24       25       26       27       28       29       30       31       32       33       34       35       36       37       38       39       40       
0        0        413      257      339      106      235      273      115      323      439      406      359      252      300      269      320      479      345      314      363      403      249      233      221      376      256      400      269      239      108      162      284      185      338      439      268      259      430      188      414      180      
1        413      0        157      290      342      191      219      304      90       158      97       382      292      181      440      175      207      274      148      84       178      257      270      349      339      175      208      144      393      311      275      143      405      398      201      179      154      127      263      106      321      
2        257      157      0        223      187      47       121      147      66       210      161      302      180      107      318      120      261      214      116      112      192      145      149      222      278      73       205      24       268      160      123      43       264      306      230      98       4        191      118      171      181      
3        339      290      223      0        232      184      103      244      243      183      206      91       86       121      185      119      191      18       336      207      138      97       109      134      55       296      111      244      155      303      193      188      202      111      152      321      227      199      165      203      159      
4        106      342      187      232      0        151      171      52       253      341      317      258      145      202      191      221      378      238      277      279      303      144      127      121      270      215      297      206      150      107      68       201      110      241      337      236      190      336      88       323      74       
5        235      191      47       184      151      0        81       120      104      209      171      258      134      81       270      99       255      178      163      129      181      99       102      175      239      113      187      71       221      152      84       50       219      261      219      139      51       196      74       179      135      
6        273      219      121      103      171      81       0        164      152      172      160      182      73       39       221      54       206      97       236      137      131      40       56       133      157      193      126      143      175      214      112      91       195      189      166      218      125      171      85       163      118      
7        115      304      147      244      52       120      164      0        213      324      291      286      161      186      237      206      366      246      227      249      290      147      134      156      289      165      289      163      192      64       51       169      159      274      327      185      149      315      80       299      103      
8        323      90       66       243      253      104      152      213      0        175      115      330      222      122      367      125      228      230      104      67       171      186      195      273      297      99       193      55       319      223      186      62       323      340      205      113      64       149      178      126      239      
9        439      158      210      183      341      209      172      324      175      0        64       268      230      139      365      119      53       164      276      108      46       208      225      293      216      271      72       217      327      361      277      168      360      293      45       288      211      31       253      53       289      
10       406      97       161      206      317      171      160      291      115      64       0        297      229      121      374      106      116      188      214      49       81       200      216      291      249      213      111      163      331      319      249      124      355      317      104      229      161      34       229      11       276      
11       359      382      302      91       258      258      182      286      330      268      297      0        130      208      134      209      266      108      418      298      224      160      163      138      55       372      195      325      129      350      241      272      187      32       231      398      306      288      218      294      185      
12       252      292      180      86       145      134      73       161      222      230      229      130      0        111      148      123      254      94       297      210      185      36       33       63       128      246      169      204      102      223      113      160      130      127      212      272      184      236      88       231      73       
13       300      181      107      121      202      81       39       186      122      139      121      208      111      0        259      19       179      110      215      99       103      79       95       172      176      180      106      126      214      229      138      68       234      220      141      205      110      135      114      125      155      
14       269      440      318      185      191      270      221      237      367      365      374      134      148      259      0        270      377      203      431      359      319      182      172      95       181      374      296      341      49       298      212      305      84       102      337      398      322      376      202      375      142      
15       320      175      120      119      221      99       54       206      125      119      106      209      123      19       270      0        159      105      223      91       84       94       110      185      172      193      88       137      225      249      158      78       249      223      121      216      123      117      133      109      172      
16       479      207      261      191      378      255      206      366      228      53       116      266      254      179      377      159      0        174      329      161      75       238      256      315      211      323      85       269      344      407      317      218      384      295      42       341      262      82       291      105      320      
17       345      274      214      18       238      178      97       246      230      164      188      108      94       110      203      105      174      0        325      191      119      99       113      147      66       288      93       235      171      304      195      178      216      129      134      313      218      181      167      186      167      
18       314      148      116      336      277      163      236      227      104      276      214      418      297      215      431      223      329      325      0        168      275      262      265      336      391      62       296      93       381      206      224      147      370      423      309      46       112      248      228      225      290      
19       363      84       112      207      279      129      137      249      67       108      49       298      210      99       359      91       161      191      168      0        108      177      191      270      257      164      134      113      312      272      211      79       329      314      141      180      112      83       194      60       247      
20       403      178      192      138      303      181      131      290      171      46       81       224      185      103      319      84       75       119      275      108      0        165      183      248      174      259      31       203      281      332      241      148      315      248      38       279      193      63       216      74       247      
21       249      257      145      97       144      99       40       147      186      208      200      160      36       79       182      94       238      99       262      177      165      0        17       92       148      212      154      169      135      205      96       124      155      161      196      238      149      210      68       203      81       
22       233      270      149      109      127      102      56       134      195      225      216      163      33       95       172      110      256      113      265      191      183      17       0        79       156      213      172      173      123      194      83       133      139      161      214      239      153      227      57       219      64       
23       221      349      222      134      121      175      133      156      273      293      291      138      63       172      95       185      315      147      336      270      248      92       79       0        159      279      230      246      45       220      122      211      68       120      273      304      226      299      108      294      53       
24       376      339      278      55       270      239      157      289      297      216      249      55       128      176      181      172      211      66       391      257      174      148      156      159      0        351      144      299      165      351      240      243      219      85       177      376      282      237      214      245      196      
25       256      175      73       296      215      113      193      165      99       271      213      372      246      180      374      193      323      288      62       164      259      212      213      279      351      0        276      56       324      148      164      115      310      374      296      25       70       247      171      225      232      
26       400      208      205      111      297      187      126      289      193      72       111      195      169      106      296      88       85       93       296      134      31       154      172      230      144      276      0        219      260      336      239      161      299      220      43       297      208      94       212      105      236      
27       269      144      24       244      206      71       143      163      55       217      163      325      204      126      341      137      269      235      93       113      203      169      173      246      299      56       219      0        292      168      143      59       287      330      240      79       19       195      141      173      204      
28       239      393      268      155      150      221      175      192      319      327      331      129      102      214      49       225      344      171      381      312      281      135      123      45       165      324      260      292      0        255      164      256      58       102      303      349      272      336      153      333      94       
29       108      311      160      303      107      152      214      64       223      361      319      350      223      229      298      249      407      304      206      272      332      205      194      220      351      148      336      168      255      0        110      195      217      338      370      160      161      347      137      328      167      
30       162      275      123      193      68       84       112      51       186      277      249      241      113      138      212      158      317      195      224      211      241      96       83       122      240      164      239      143      164      110      0        133      146      233      277      187      126      270      28       256      70       
31       284      143      43       188      201      50       91       169      62       168      124      272      160      68       305      78       218      178      147      79       148      124      133      211      243      115      161      59       256      195      133      0        262      280      186      138      46       152      120      133      178      
32       185      405      264      202      110      219      195      159      323      360      355      187      130      234      84       249      384      216      370      329      315      155      139      68       219      310      299      287      58       217      146      262      0        161      342      334      268      364      146      358      84       
33       338      398      306      111      241      261      189      274      340      293      317      32       127      220      102      223      295      129      423      314      248      161      161      120      85       374      220      330      102      338      233      280      161      0        258      400      310      310      212      315      171      
34       439      201      230      152      337      219      166      327      205      45       104      231      212      141      337      121      42       134      309      141      38       196      214      273      177      296      43       240      303      370      277      186      342      258      0        316      231      75       251      94       278      
35       268      179      98       321      236      139      218      185      113      288      229      398      272      205      398      216      341      313      46       180      279      238      239      304      376      25       297      79       349      160      187      138      334      400      316      0        94       263      196      240      256      
36       259      154      4        227      190      51       125      149      64       211      161      306      184      110      322      123      262      218      112      112      193      149      153      226      282      70       208      19       272      161      126      46       268      310      231      94       0        192      122      171      185      
37       430      127      191      199      336      196      171      315      149      31       34       288      236      135      376      117      82       181      248      83       63       210      227      299      237      247      94       195      336      347      270      152      364      310      75       263      192      0        248      23       290      
38       188      263      118      165      88       74       85       80       178      253      229      218      88       114      202      133      291      167      228      194      216      68       57       108      214      171      212      141      153      137      28       120      146      212      251      196      122      248      0        235      62       
39       414      106      171      203      323      179      163      299      126      53       11       294      231      125      375      109      105      186      225      60       74       203      219      294      245      225      105      173      333      328      256      133      358      315      94       240      171      23       235      0        281      
40       180      321      181      159      74       135      118      103      239      289      276      185      73       155      142      172      320      167      290      247      247      81       64       53       196      232      236      204      94       167      70       178      84       171      278      256      185      290      62       281      0        
;



Table delta(i,j)                 Distance
         0        1        2        3        4        5        6        7        8        9        10       11       12       13       14       15       16       17       18       19       20       21       22       23       24       25       26       27       28       29       30       31       32       33       34       35       36       37       38       39       40       
0        0        2610     3330     260      1810     3430     3190     1510     1680     3690     650      3430     1420     1730     1590     3350     1700     1990     630      3000     2550     2400     3350     2520     1500     3110     3610     950      1610     3500     2230     1160     1730     1740     1230     2900     2660     970      1270     1960     1480     
1        2610     0        123      286      331      291      249      263      92       287      217      107      134      355      183      233      263      64       323      131      175      125      346      307      348      62       130      215      148      127      177      246      103      190      162      298      325      226      136      225      161      
2        3330     123      0        355      338      209      170      274      184      192      274      38       191      372      298      141      265      171      390      48       128      103      283      275      374      71       37       315      179      20       153      274      213      308      212      245      290      265      210      213      272      
3        260      286      355      0        174      353      331      154      194      381      83       366      165      160      183      349      173      224      37       320      271      259      339      254      136      335      384      117      180      372      238      121      199      197      143      296      266      107      152      206      173      
4        1810     331      338      174      0        235      232      68       259      272      151      365      202      40       319      263      72       290      176      291      214      236      189      107      59       354      374      266      182      358      185      91       290      337      176      162      112      118      216      125      298      
5        3430     291      209      353      235      0        41       205      285      39       280      247      244      275      401      69       186      297      375      170      120      169      84       129      292      268      241      382      207      226      136      233      328      417      242      74       133      246      273      147      372      
6        3190     249      170      331      232      41       0        192      247      50       254      207      209      272      365      36       174      258      356      129      81       128      115      135      286      227      203      350      174      187      102      214      289      381      211      87       143      224      239      126      336      
7        1510     263      274      154      68       205      192      0        193      238      101      299      135      97       266      217      20       223      170      228      156      171      185      101      101      286      310      220      114      294      123      36       226      283      111      143      115      62       152      68       241      
8        1680     92       184      194      259      285      247      193      0        294      128      184      58       277      121      244      199      32       231      166      166      123      320      261      267      146      205      131      89       196      150      169      42       135      82       268      279      144      46       176      93       
9        3690     287      192      381      272      39       50       238      294      0        304      230      259      312      414      54       219      302      405      159      128      173      121      168      328      257      221      401      224      207      152      262      336      429      261      113      172      273      288      175      385      
10       650      217      274      83       151      280      254      101      128      304      0        287      86       158      168      269      117      161      116      237      190      176      278      198      143      260      304      119      97       291      157      65       148      185      61       231      214      38       82       134      147      
11       3430     107      38       366      365      247      207      299      184      230      287      0        202      397      289      179      292      164      402      82       160      128      321      309      397      46       22       315      196      25       182      295      207      297      226      281      324      283      216      242      266      
12       1420     134      191      165      202      244      209      135      58       259      86       202      0        223      158      214      141      88       200      159      132      101      268      205      214      173      219      142      36       207      107      113      96       174      27       217      223      91       29       121      129      
13       1730     355      372      160      40       275      272      97       277      312      158      397      223      0        323      303      107      309      154      325      251      269      226      147      27       383      408      265      208      392      220      109      304      340      195      202      150      133      232      161      304      
14       1590     183      298      183      319      401      365      266      121      414      168      289      158      323      0        365      279      127      215      286      285      244      425      355      304      245      312      66       195      307      265      232      85       17       167      374      372      204      129      275      29       
15       3350     233      141      349      263      69       36       217      244      54       269      179      214      303      365      0        200      250      376      105      82       121      149      170      314      203      172      357      181      157      112      236      285      379      220      123      179      242      243      150      336      
16       1700     263      265      173      72       186      174      20       199      219      117      292      141      107      279      200      0        228      190      218      143      164      165      82       114      282      302      236      115      286      112      54       235      296      119      123      97       78       161      54       254      
17       1990     64       171      224      290      297      258      223      32       302      161      164      88       309      127      250      228      0        262      162      177      129      339      286      299      123      186      151      115      180      167      201      42       137      114      288      304      177      79       201      101      
18       630      323      390      37       176      375      356      170      231      405      116      402      200      154      215      376      190      262      0        353      301      292      353      267      128      372      420      148      213      407      267      142      236      228      177      313      278      134      189      229      207      
19       3000     131      48       320      291      170      129      228      166      159      237      82       159      325      286      105      218      162      353      0        79       61       239      227      329      98       85       294      140      68       106      231      202      298      177      198      242      224      182      166      259      
20       2550     175      128      271      214      120      81       156      166      128      190      160      132      251      285      82       143      177      301      79       0        50       172      148      257      165      165      274      99       148      34       166      208      300      138      125      163      167      161      89       256      
21       2400     125      103      259      236      169      128      171      123      173      176      128      101      269      244      121      164      129      292      61       50       0        221      188      270      123      139      242      79       123      56       170      164      258      117      173      205      163      128      114      216      
22       3350     346      283      339      189      84       115      185      320      121      278      321      268      226      425      149      165      339      353      239      172      221      0        85       248      335      318      393      232      302      172      219      362      442      258      51       77       241      296      150      397      
23       2520     307      275      254      107      129      135      101      261      168      198      309      205      147      355      170      82       286      267      227      148      188      85       0        166      311      312      316      171      295      131      136      301      372      189      55       18       160      230      85       328      
24       1500     348      374      136      59       292      286      101      267      328      143      397      214      27       304      314      114      299      128      329      257      270      248      166      0        380      409      244      204      394      224      103      290      320      187      220      171      122      221      168      286      
25       3110     62       71       335      354      268      227      286      146      257      260      46       173      383      245      203      282      123      372      98       165      123      335      311      380      0        69       274      176      69       179      277      164      252      200      290      327      261      183      236      222      
26       3610     130      37       384      374      241      203      310      205      221      304      22       219      408      312      172      302      186      420      85       165      139      318      312      409      69       0        336      211      16       190      308      229      320      242      280      327      298      235      250      288      
27       950      215      315      117      266      382      350      220      131      401      119      315      142      265      66       357      236      151      148      294      274      242      393      316      244      274      336      0        176      328      248      184      112      80       140      344      333      157      114      244      63       
28       1610     148      179      180      182      207      174      114      89       224      97       196      36       208      195      181      115      115      213      140      99       79       232      171      204      176      211      176      0        197      71       101      130      211      39       180      189      87       66       86       166      
29       3500     127      20       372      358      226      187      294      196      207      291      25       207      392      307      157      286      180      407      68       148      123      302      295      394      69       16       328      197      0        174      294      223      316      230      264      310      284      225      234      282      
30       2230     177      153      238      185      136      102      123      150      152      157      182      107      220      265      112      112      167      267      106      34       56       172      131      224      179      190      248      71       174      0        132      193      280      108      122      148      133      137      60       236      
31       1160     246      274      121      91       233      214      36       169      262      65       295      113      109      232      236      54       201      142      231      166      170      219      136      103      277      308      184      101      294      132      0        199      249      86       175      151      28       125      87       208      
32       1730     103      213      199      290      328      289      226      42       336      148      207      96       304      85       285      235      42       236      202      208      164      362      301      290      164      229      112      130      223      193      199      0        96       116      310      319      172      74       216      59       
33       1740     190      308      197      337      417      381      283      135      429      185      297      174      340      17       379      296      137      228      298      300      258      442      372      320      252      320      80       211      316      280      249      96       0        184      391      389      221      145      292      44       
34       1230     162      212      143      176      242      211      111      82       261      61       226      27       195      167      220      119      114      177      177      138      117      258      189      187      200      242      140      39       230      108      86       116      184      0        207      206      64       42       108      139      
35       2900     298      245      296      162      74       87       143      268      113      231      281      217      202      374      123      123      288      313      198      125      173      51       55       220      290      280      344      180      264      122      175      310      391      207      0        58       194      245      100      346      
36       2660     325      290      266      112      133      143      115      279      172      214      324      223      150      372      179      97       304      278      242      163      205      77       18       171      327      327      333      189      310      148      151      319      389      206      58       0        175      248      103      345      
37       970      226      265      107      118      246      224      62       144      273      38       283      91       133      204      242      78       177      134      224      167      163      241      160      122      261      298      157      87       284      133      28       172      221      64       194      175      0        99       99       180      
38       1270     136      210      152      216      273      239      152      46       288      82       216      29       232      129      243      161      79       189      182      161      128      296      230      221      183      235      114      66       225      137      125      74       145      42       245      248      99       0        147      100      
39       1960     225      213      206      125      147      126      68       176      175      134      242      121      161      275      150      54       201      229      166      89       114      150      85       168      236      250      244      86       234      60       87       216      292      108      100      103      99       147      0        247      
40       1480     161      272      173      298      372      336      241      93       385      147      266      129      304      29       336      254      101      207      259      256      216      397      328      286      222      288      63       166      282      236      208      59       44       139      346      345      180      100      247      0        
;

