

sets
i        orders          /0*40/
k        routes          /1*40/
p        positions       /0*40/
;

alias(i,j)
alias(i,h)
alias(i,hh)
alias(i,jj)
alias(k,kk)
                            Parameters

rho(i)	Processing time
/
0	0
1	86
2	33
3	74
4	90
5	91
6	29
7	66
8	17
9	64
10	39
11	80
12	61
13	86
14	42
15	58
16	2
17	39
18	35
19	63
20	50
21	58
22	13
23	92
24	13
25	56
26	93
27	31
28	83
29	21
30	87
31	32
32	6
33	12
34	51
35	28
36	88
37	61
38	41
39	33
40	4
/

gamma(i)	Duedate
/
0	0
1	53
2	93
3	40
4	46
5	73
6	6
7	18
8	24
9	39
10	48
11	30
12	84
13	34
14	47
15	74
16	38
17	89
18	14
19	96
20	3
21	24
22	91
23	93
24	55
25	65
26	96
27	53
28	40
29	21
30	65
31	1
32	13
33	87
34	91
35	14
36	96
37	21
38	5
39	8
40	6
/

sigma(i)	Size
/
0	0
1	9
2	1
3	7
4	7
5	5
6	5
7	7
8	7
9	5
10	5
11	9
12	3
13	5
14	2
15	9
16	1
17	7
18	1
19	1
20	5
21	5
22	7
23	8
24	7
25	2
26	5
27	4
28	6
29	4
30	4
31	4
32	5
33	7
34	4
35	1
36	1
37	2
38	3
39	7
40	7
/

epsilon(i)	Priority
/
0	0
1	8
2	9
3	5
4	1
5	7
6	1
7	1
8	1
9	1
10	7
11	5
12	9
13	1
14	2
15	4
16	2
17	7
18	2
19	4
20	9
21	6
22	8
23	9
24	3
25	9
26	4
27	9
28	8
29	7
30	1
31	1
32	2
33	6
34	7
35	1
36	5
37	4
38	8
39	9
40	5
/

psi	Vehicle Capacity
/ 40 /
;

Table kappa(i,j)                 Setup
         0        1        2        3        4        5        6        7        8        9        10       11       12       13       14       15       16       17       18       19       20       21       22       23       24       25       26       27       28       29       30       31       32       33       34       35       36       37       38       39       40       
0        0        334      147      330      282      58       377      259      76       230      226      121      283      223      185      300      281      127      74       417      240      234      182      223      385      54       249      304      327      195      379      37       141      182      218      361      98       359      308      264      216      
1        334      0        220      57       78       278      45       81       262      113      469      391      84       166      150      38       279      404      348      363      482      245      340      421      367      333      459      305      247      159      353      370      391      173      160      169      284      335      81       422      180      
2        147      220      0        239      199      114      257      139      74       107      356      253      203      190      81       182      304      263      200      436      370      250      266      334      417      178      367      333      322      147      407      176      266      144      178      311      166      385      228      362      192      
3        330      57       239      0        48       272      89       108      266      136      439      371      49       131      160      79       229      384      332      306      451      203      306      387      312      320      425      254      192      139      297      367      367      153      129      112      265      281      31       382      145      
4        282      78       199      48       0        224      121      83       220      105      395      324      8        89       118      75       202      337      285      297      408      167      264      345      297      272      383      230      178      92       283      319      321      105      84       122      218      264      29       345      103      
5        58       278      114      272      224      0        322      205      43       179      241      139      225      167      133      245      239      149      86       376      255      188      162      223      348      65       254      264      278      137      340      95       151      124      161      305      62       319      250      255      160      
6        377      45       257      89       121      322      0        119      304      151      515      437      127      210      192      77       318      450      394      392      528      288      385      466      401      378      505      343      281      205      386      413      437      219      205      194      329      369      118      466      224      
7        259      81       139      108      83       205      119      0        185      32       417      330      91       138      73       43       267      342      283      376      431      222      296      376      371      265      414      297      255      112      357      294      333      123      128      206      222      337      109      386      150      
8        76       262      74       266      220      43       304      185      0        155      283      180      222      179      112      227      268      189      127      405      297      216      204      266      380      104      297      296      301      141      372      110      193      131      170      314      103      350      247      298      175      
9        230      113      107      136      105      179      151      32       155      0        400      309      111      140      46       75       270      321      260      386      414      222      283      362      377      241      400      300      266      106      365      265      314      114      129      227      203      344      133      376      150      
10       226      469      356      439      395      241      515      417      283      400      0        105      391      307      354      447      255      99       157      345      14       247      133      63       301      179      44       256      322      310      305      223      89       297      310      407      197      293      408      106      293      
11       121      391      253      371      324      139      437      330      180      309      105      0        321      242      262      365      237      13       52       358      119      208      105      109      318      75       129      250      299      233      317      122      24       219      242      364      108      300      342      157      229      
12       283      84       203      49       8        225      127      91       222      111      391      321      0        84       122      83       195      334      283      289      404      161      259      340      289      271      379      222      170      90       275      320      318      104      80       115      216      256      25       339      98       
13       223      166      190      131      89       167      210      138      179      140      307      242      84       0        119      153      130      255      209      250      320      84       175      256      238      201      294      160      132      42       226      260      236      47       11       137      141      205      101      256      14       
14       185      150      81       160      118      133      192      73       112      46       354      262      122      119      0        114      245      274      213      370      368      193      242      319      356      194      356      275      251      79       344      221      268      81       107      231      157      323      147      336      125      
15       300      38       182      79       75       245      77       43       227      75       447      365      83       153      114      0        275      377      319      372      461      236      321      403      372      303      441      304      253      137      358      335      366      150      144      188      257      339      91       408      166      
16       281      279      304      229      202      239      318      267      268      270      255      237      195      130      245      275      0        248      232      137      264      53       134      193      113      237      226      30       66       166      103      310      220      164      141      160      183      82       199      169      120      
17       127      404      263      384      337      149      450      342      189      321      99       13       334      255      274      377      248      0        62       367      112      220      114      110      326      85       126      260      310      246      326      125      30       232      255      377      120      309      355      160      242      
18       74       348      200      332      285      86       394      283      127      260      157      52       283      209      213      319      232      62       0        362      171      192      114      149      326      22       176      250      287      193      323      86       68       179      207      340      67       304      306      191      198      
19       417      363      436      306      297      376      392      376      405      386      345      358      289      250      370      372      137      367      362      0        349      189      253      283      45       370      306      112      121      291      41       444      337      292      262      199      319      58       283      240      245      
20       240      482      370      451      408      255      528      431      297      414      14       119      404      320      368      461      264      112      171      349      0        258      145      71       305      194      44       263      331      323      309      236      104      311      323      417      212      299      421      109      306      
21       234      245      250      203      167      188      288      222      216      222      247      208      161      84       193      236      53       220      192      189      258      0        115      189      166      194      226      83       94       116      157      265      194      112      94       160      136      135      171      179      72       
22       182      340      266      306      264      162      385      296      204      283      133      105      259      175      242      321      134      114      114      253      145      115      0        81       214      128      119      145      199      184      213      201      85       173      180      276      101      195      276      96       161      
23       223      421      334      387      345      223      466      376      266      362      63       109      340      256      319      403      193      110      149      283      71       189      81       0        240      170      38       192      260      265      243      230      85       254      261      347      168      230      356      51       242      
24       385      367      417      312      297      348      401      371      380      377      301      318      289      238      356      372      113      326      326      45       305      166      214      240      0        336      261      84       120      277      15       410      296      276      249      213      289      33       286      196      230      
25       54       333      178      320      272      65       378      265      104      241      179      75       271      201      194      303      237      85       22       370      194      194      128      170      336      0        198      257      288      181      331      74       91       167      198      335      60       312      295      210      191      
26       249      459      367      425      383      254      505      414      297      400      44       129      379      294      356      441      226      126      176      306      44       226      119      38       261      198      0        223      293      303      266      251      108      292      299      383      203      256      394      65       280      
27       304      305      333      254      230      264      343      297      296      300      256      250      222      160      275      304      30       260      250      112      263      83       145      192      84       257      223      0        75       196      76       332      231      194      171      176      207      55       225      161      151      
28       327      247      322      192      178      278      281      255      301      266      322      299      170      132      251      253      66       310      287      121      331      94       199      260      120      288      293      75       0        174      105      359      283      178      144      101      230      88       166      234      130      
29       195      159      147      139      92       137      205      112      141      106      310      233      90       42       79       137      166      246      193      291      323      116      184      265      277      181      303      196      174      0        265      232      231      13       31       172      126      244      114      273      46       
30       379      353      407      297      283      340      386      357      372      365      305      317      275      226      344      358      103      326      323      41       309      157      213      243      15       331      266      76       105      265      0        406      296      265      237      198      282      21       271      201      219      
31       37       370      176      367      319      95       413      294      110      265      223      122      320      260      221      335      310      125      86       444      236      265      201      230      410      74       251      332      359      232      406      0        145      219      254      397      128      386      345      275      252      
32       141      391      266      367      321      151      437      333      193      314      89       24       318      236      268      366      220      30       68       337      104      194      85       85       296      91       108      231      283      231      296      145      0        218      237      353      111      279      338      132      223      
33       182      173      144      153      105      124      219      123      131      114      297      219      104      47       81       150      164      232      179      292      311      112      173      254      276      167      292      194      178      13       265      219      218      0        38       182      112      243      127      263      48       
34       218      160      178      129      84       161      205      128      170      129      310      242      80       11       107      144      141      255      207      262      323      94       180      261      249      198      299      171      144      31       237      254      237      38       0        144      139      216      100      263      21       
35       361      169      311      112      122      305      194      206      314      227      407      364      115      137      231      188      160      377      340      199      417      160      276      347      213      335      383      176      101      172      198      397      353      182      144      0        274      185      97       329      145      
36       98       284      166      265      218      62       329      222      103      203      197      108      216      141      157      257      183      120      67       319      212      136      101      168      289      60       203      207      230      126      282      128      111      112      139      274      0        262      238      196      131      
37       359      335      385      281      264      319      369      337      350      344      293      300      256      205      323      339      82       309      304      58       299      135      195      230      33       312      256      55       88       244      21       386      279      243      216      185      262      0        254      191      198      
38       308      81       228      31       29       250      118      109      247      133      408      342      25       101      147      91       199      355      306      283      421      171      276      356      286      295      394      225      166      114      271      345      338      127      100      97       238      254      0        351      115      
39       264      422      362      382      345      255      466      386      298      376      106      157      339      256      336      408      169      160      191      240      109      179      96       51       196      210      65       161      234      273      201      275      132      263      263      329      196      191      351      0        242      
40       216      180      192      145      103      160      224      150      175      150      293      229      98       14       125      166      120      242      198      245      306      72       161      242      230      191      280      151      130      46       219      252      223      48       21       145      131      198      115      242      0        
;



Table delta(i,j)                 Distance
         0        1        2        3        4        5        6        7        8        9        10       11       12       13       14       15       16       17       18       19       20       21       22       23       24       25       26       27       28       29       30       31       32       33       34       35       36       37       38       39       40       
0        0        1910     1470     1560     3630     920      990      3350     4250     3810     2130     3800     2490     150      1850     530      330      4500     1920     3510     1920     2840     3400     1530     3550     3660     490      2760     1300     1710     2570     3050     3110     3820     1100     2440     3670     410      2940     3790     2700     
1        1910     0        248      228      282      99       229      200      284      231      31       281      83       179      144      235      222      302      8        185      261      147      186      138      207      269      235      157      61       244      125      148      120      221      217      80       176      179      250      201      96       
2        1470     248      0        33       274      171      49       295      375      345      279      302      328      139      141      182      165      403      244      337      49       258      317      122      323      289      128      239      200      34       238      292      355      358      39       324      397      112      196      377      284      
3        1560     228      33       0        242      160      68       262      342      313      259      269      310      145      110      198      179      370      223      305      38       226      284      95       290      257      146      206      185      17       207      261      330      326      48       306      369      116      164      346      255      
4        3630     282      274      242      0        304      306      115      135      144      304      37       348      347      179      415      395      161      274      182      234      145      155      211      139      32       375      127      294      241      160      170      297      172      283      347      294      323      78       224      217      
5        920      99       171      160      304      0        140      255      345      297      124      314      166      80       128      140      124      368      99       262      198      201      255      100      272      301      136      198      38       177      174      218      220      295      133      161      274      81       248      288      179      
6        990      229      49       68       306      140      0        310      396      360      258      331      304      92       150      133      115      423      226      344      98       268      327      123      336      318      79       251      174      78       244      298      344      369      23       300      391      68       230      382      280      
7        3350     200      295      262      115      255      310      0        89       50       214      94       250      320      160      388      369      114      193      67       271      54       40       190      31       87       361      60       233      268      81       60       186      69       288      250      179      302      143      112      115      
8        4250     284      375      342      135      345      396      89       0        54       293      98       321      409      246      478      459      27       277      109      346      143      98       278      76       104      450      149      321      346      170      136      241      76       373      322      212      391      198      130      191      
9        3810     231      345      313      144      297      360      50       54       0        238      113      266      365      210      433      415      72       224      55       322      96       44       239      25       111      409      109      271      319      123      82       188      29       338      268      165      349      188      85       137      
10       2130     31       279      259      304      124      258      214      293      238      0        299      52       202      174      253      241      309      37       189      292      164      194      169      216      288      259      176      86       275      144      157      101      225      247      49       160      205      276      198      101      
11       3800     281      302      269      37       314      331      94       98       113      299      0        340      364      194      432      412      124      273      157      265      135      132      227      113      13       396      124      300      269      156      154      280      142      307      340      271      342      110      196      206      
12       2490     83       328      310      348      166      304      250      321      266      52       340      0        240      226      283      274      334      89       213      344      204      224      221      247      329      297      220      130      326      188      190      95       248      295      5        154      247      326      211      134      
13       150      179      139      145      347      80       92       320      409      365      202      364      240      0        170      68       49       434      179      336      182      268      325      137      340      351      57       260      118      160      241      290      300      367      100      235      354      28       279      365      256      
14       1850     144      141      110      179      128      150      160      246      210      174      194      226      170      0        238      218      273      137      196      132      118      177      32       186      181      204      101      127      121      97       151      226      219      128      224      261      148      120      236      147      
15       530      235      182      198      415      140      133      388      478      433      253      432      283      68       238      0        20       502      237      402      231      336      392      205      408      419      56       328      175      211      309      357      354      434      150      278      412      91       345      429      319      
16       330      222      165      179      395      124      115      369      459      415      241      412      274      49       218      20       0        484      223      384      212      318      374      185      389      399      42       309      161      192      291      339      341      416      131      269      398      71       325      413      303      
17       4500     302      403      370      161      368      423      114      27       72       309      124      334      434      273      502      484      0        296      121      373      166      116      304      96       130      476      174      343      373      193      154      250      85       400      336      215      417      226      133      208      
18       1920     8        244      223      274      99       226      193      277      224      37       273      89       179      137      237      223      296      0        179      256      140      179      132      200      261      235      149      62       238      117      141      120      215      213      86       175      178      242      197      90       
19       3510     185      337      305      182      262      344      67       109      55       189      157      213      336      196      402      384      121      179      0        320      78       27       221      43       152      384      101      232      314      99       46       132      36       323      214      114      323      208      45       89       
20       1920     261      49       38       234      198      98       271      346      322      292      265      344      182      132      231      212      373      256      320      0        242      298      124      301      253      177      220      221      21       226      279      358      338      82       340      393      154      156      364      279      
21       2840     147      258      226      145      201      268      54       143      96       164      135      204      268      118      336      318      166      140      78       242      0        59       144      71       124      313      25       178      235      27       38       155      101      246      204      166      253      143      122      72       
22       3400     186      317      284      155      255      327      40       98       44       194      132      224      325      177      392      374      116      179      27       298      59       0        204      23       126      371      78       227      292      84       38       151      42       306      225      139      311      181      72       92       
23       1530     138      122      95       211      100      123      190      278      239      169      227      221      137      32       205      185      304      132      221      124      144      204      0        214      213      172      130      108      109      121      175      235      246      102      218      275      115      148      259      162      
24       3550     207      323      290      139      272      336      31       76       25       216      113      247      340      186      408      389      96       200      43       301      71       23       214      0        108      384      84       246      297      98       59       173      38       314      248      158      324      174      84       114      
25       3660     269      289      257      32       301      318      87       104      111      288      13       329      351      181      419      399      130      261      152      253      124      126      213      108      0        382      112      287      257      144      145      272      140      295      329      265      328      99       193      196      
26       490      235      128      146      375      136      79       361      450      409      259      396      297      57       204      56       42       476      235      384      177      313      371      172      384      382      0        301      174      157      287      338      356      413      98       292      410      60       301      416      308      
27       2760     157      239      206      127      198      251      60       149      109      176      124      220      260      101      328      309      174      149      101      220      25       78       130      84       112      301      0        179      214      32       62       178      119      229      220      191      242      119      145      93       
28       1300     61       200      185      294      38       174      233      321      271      86       300      130      118      127      175      161      343      62       232      221      178      227      108      246      287      174      179      0        201      151      190      181      266      165      126      237      119      246      255      146      
29       1710     244      34       17       241      177      78       268      346      319      275      269      326      160      121      211      192      373      238      314      21       235      292      109      297      257      157      214      201      0        217      271      343      333      61       322      381      132      162      356      267      
30       2570     125      238      207      160      174      244      81       170      123      144      156      188      241      97       309      291      193      117      99       226      27       84       121      98       144      287      32       151      217      0        54       151      126      223      187      172      226      145      139      65       
31       3050     148      292      261      170      218      298      60       136      82       157      154      190      290      151      357      339      154      141      46       279      38       38       175      59       145      338      62       190      271      54       0        126      77       278      191      130      277      179      85       56       
32       3110     120      355      330      297      220      344      186      241      188      101      280      95       300      226      354      341      250      120      132      358      155      151      235      173      272      356      178      181      343      151      126      0        165      328      99       60       298      296      120      86       
33       3820     221      358      326      172      295      369      69       76       29       225      142      248      367      219      434      416      85       215      36       338      101      42       246      38       140      413      119      266      333      126      77       165      0        348      250      137      353      212      56       125      
34       1100     217      39       48       283      133      23       288      373      338      247      307      295      100      128      150      131      400      213      323      82       246      306      102      314      295      98       229      165      61       223      278      328      348      0        290      374      73       207      362      262      
35       2440     80       324      306      347      161      300      250      322      268      49       340      5        235      224      278      269      336      86       214      340      204      225      218      248      329      292      220      126      322      187      191      99       250      290      0        158      242      324      214      135      
36       3670     176      397      369      294      274      391      179      212      165      160      271      154      354      261      412      398      215      175      114      393      166      139      275      158      265      410      191      237      381      172      130      60       137      374      158      0        351      309      82       113      
37       410      179      112      116      323      81       68       302      391      349      205      342      247      28       148      91       71       417      178      323      154      253      311      115      324      328      60       242      119      132      226      277      298      353      73       242      351      0        254      355      247      
38       2940     250      196      164      78       248      230      143      198      188      276      110      326      279      120      345      325      226      242      208      156      143      181      148      174      99       301      119      246      162      145      179      296      212      207      324      309      254      0        253      210      
39       3790     201      377      346      224      288      382      112      130      85       198      196      211      365      236      429      413      133      197      45       364      122      72       259      84       193      416      145      255      356      139      85       120      56       362      214      82       355      253      0        109      
40       2700     96       284      255      217      179      280      115      191      137      101      206      134      256      147      319      303      208      90       89       279      72       92       162      114      196      308      93       146      267      65       56       86       125      262      135      113      247      210      109      0        
;

