

sets
i        orders          /0*20/
k        routes          /1*20/
p        positions       /0*20/
;

alias(i,j)
alias(i,h)
alias(i,hh)
alias(i,jj)
alias(k,kk)
                            Parameters

rho(i)	Processing time
/
0	0
1	50
2	51
3	51
4	55
5	84
6	32
7	40
8	51
9	45
10	19
11	52
12	69
13	71
14	42
15	10
16	67
17	38
18	80
19	58
20	68
/

gamma(i)	Duedate
/
0	0
1	7
2	67
3	96
4	84
5	75
6	60
7	6
8	10
9	23
10	94
11	17
12	67
13	49
14	6
15	37
16	70
17	83
18	60
19	33
20	70
/

sigma(i)	Size
/
0	0
1	8
2	6
3	5
4	1
5	4
6	9
7	7
8	2
9	7
10	7
11	3
12	3
13	9
14	5
15	7
16	4
17	8
18	7
19	4
20	9
/

epsilon(i)	Priority
/
0	0
1	9
2	5
3	6
4	7
5	6
6	7
7	7
8	8
9	9
10	3
11	3
12	6
13	4
14	9
15	5
16	3
17	1
18	9
19	9
20	7
/

psi	Vehicle Capacity
/ 73 /
;

Table kappa(i,j)                 Setup
         0        1        2        3        4        5        6        7        8        9        10       11       12       13       14       15       16       17       18       19       20       
0        0        55       93       37       50       71       56       82       101      102      50       31       88       120      85       47       68       50       100      71       90       
1        55       0        94       92       86       72       108      60       60       129      106      42       60       173      43       44       16       19       139      126      133      
2        93       94       0        102      144      23       95       41       71       195      113      66       48       194      137      126      86       75       193      141      181      
3        37       92       102      0        60       84       23       105      130      108      14       58       112      93       122      81       103      83       96       40       83       
4        50       86       144      60       0        121      84       129      143      51       63       80       134      94       92       47       102      90       53       64       47       
5        71       72       23       84       121      0        82       30       63       172      97       42       39       178      115      102      67       53       171      124      160      
6        56       108      95       23       84       82       0        108      137      130      24       68       116      100      141      103      116      95       115      48       101      
7        82       60       41       105      129      30       108      0        32       179      119      51       8        198      100      100      48       43       182      146      173      
8        101      60       71       130      143      63       137      32       0        189      145      72       24       221      90       105      44       53       197      170      189      
9        102      129      195      108      51       172      130      179      189      0        106      131      183      96       119      84       145      137      29       95       40       
10       50       106      113      14       63       97       24       119      145      106      0        72       126      81       133      91       117      97       91       27       77       
11       31       42       66       58       80       42       68       51       72       131      72       0        57       149      83       61       47       27       132      97       122      
12       88       60       48       112      134      39       116      8        24       183      126      57       0        205      98       102      46       46       187      153      178      
13       120      173      194      93       94       178      100      198      221      96       81       149      205      0        186      141      187      170      67       53       58       
14       85       43       137      122      92       115      141      100      90       119      133      83       98       186      0        45       51       62       137      148      136      
15       47       44       126      81       47       102      103      100      105      84       91       61       102      141      45       0        61       56       97       103      94       
16       68       16       86       103      102      67       116      48       44       145      117      47       46       187      51       61       0        20       155      139      149      
17       50       19       75       83       90       53       95       43       53       137      97       27       46       170      62       56       20       0        143      121      136      
18       100      139      193      96       53       171      115      182      197      29       91       132      187      67       137      97       155      143      0        75       15       
19       71       126      141      40       64       124      48       146      170      95       27       97       153      53       148      103      139      121      75       0        60       
20       90       133      181      83       47       160      101      173      189      40       77       122      178      58       136      94       149      136      15       60       0        
;



Table delta(i,j)                 Distance
         0        1        2        3        4        5        6        7        8        9        10       11       12       13       14       15       16       17       18       19       20       
0        0        500      1350     1470     1740     330      570      1420     1950     1240     1830     1740     980      290      1480     1470     1170     1310     670      970      1750     
1        500      0        95       103      124      70       55       120      163      83       137      127      72       71       109      96       68       109      22       63       130      
2        1350     95       0        129      102      163      91       188      204      12       58       128      146      163      149      79       81       178      100      130      143      
3        1470     103      129      0        57       150      153      76       75       120      125      34       65       156      23       56       50       72       81       55       28       
4        1740     124      102      57       0        186      160      134      121      98       75       32       116      190      80       29       56       130      108      101      52       
5        330      70       163      150      186      0        90       128      186      151      207      181      91       8        146      161      131      118      78       95       178      
6        570      55       91       153      160      90       0        175      217      82       146      171      127      86       162      131      109      164      77       118      178      
7        1420     120      188      76       134      128      175      0        62       176      197      108      48       136      54       128      109      11       100      60       92       
8        1950     163      204      75       121      186      217      62       0        195      195      89       97       194      56       129      124      70       140      100      69       
9        1240     83       12       120      98       151      82       176      195      0        64       121      134      151      139      73       71       167      88       118      136      
10       1830     137      58       125      75       207      146      197      195      64       0        107      165      208      148      69       91       190      133      148      127      
11       1740     127      128      34       32       181      171      108      89       121      107      0        99       186      53       48       62       105      107      88       20       
12       980      72       146      65       116      91       127      48       97       134      165      99       0        98       55       100      74       37       52       16       91       
13       290      71       163      156      190      8        86       136      194      151      208      186      98       0        153      165      135      126      82       102      184      
14       1480     109      149      23       80       146      162      54       56       139      148      53       55       153      0        79       68       52       86       51       39       
15       1470     96       79       56       29       161      131      128      129      73       69       48       100      165      79       0        30       122      82       84       64       
16       1170     68       81       50       56       131      109      109      124      71       91       62       74       135      68       30       0        101      52       57       70       
17       1310     109      178      72       130      118      164      11       70       167      190      105      37       126      52       122      101      0        89       49       91       
18       670      22       100      81       108      78       77       100      140      88       133      107      52       82       86       82       52       89       0        41       108      
19       970      63       130      55       101      95       118      60       100      118      148      88       16       102      51       84       57       49       41       0        82       
20       1750     130      143      28       52       178      178      92       69       136      127      20       91       184      39       64       70       91       108      82       0        
;

