

sets
i        orders          /0*40/
k        routes          /1*40/
p        positions       /0*40/
;

alias(i,j)
alias(i,h)
alias(i,hh)
alias(i,jj)
alias(k,kk)
                            Parameters

rho(i)	Processing time
/
0	0
1	15
2	79
3	88
4	73
5	62
6	24
7	81
8	51
9	21
10	86
11	75
12	79
13	77
14	27
15	1
16	75
17	64
18	67
19	60
20	7
21	72
22	20
23	62
24	98
25	36
26	14
27	85
28	95
29	27
30	3
31	10
32	47
33	18
34	45
35	66
36	84
37	68
38	96
39	56
40	61
/

gamma(i)	Duedate
/
0	0
1	78
2	26
3	68
4	66
5	46
6	49
7	79
8	26
9	82
10	72
11	11
12	33
13	41
14	58
15	9
16	55
17	18
18	94
19	94
20	85
21	5
22	17
23	76
24	12
25	83
26	21
27	20
28	2
29	89
30	94
31	94
32	40
33	21
34	70
35	96
36	89
37	95
38	95
39	60
40	14
/

sigma(i)	Size
/
0	0
1	5
2	5
3	3
4	5
5	9
6	3
7	5
8	1
9	5
10	2
11	6
12	3
13	1
14	9
15	5
16	3
17	7
18	2
19	8
20	9
21	5
22	2
23	2
24	8
25	6
26	3
27	3
28	5
29	6
30	5
31	7
32	6
33	2
34	2
35	1
36	4
37	4
38	6
39	2
40	2
/

epsilon(i)	Priority
/
0	0
1	6
2	6
3	8
4	4
5	7
6	9
7	8
8	1
9	2
10	4
11	8
12	2
13	2
14	9
15	7
16	2
17	5
18	1
19	6
20	5
21	1
22	6
23	9
24	3
25	1
26	7
27	5
28	6
29	1
30	6
31	9
32	7
33	1
34	8
35	5
36	3
37	5
38	4
39	4
40	8
/

psi	Vehicle Capacity
/ 43 /
;

Table kappa(i,j)                 Setup
         0        1        2        3        4        5        6        7        8        9        10       11       12       13       14       15       16       17       18       19       20       21       22       23       24       25       26       27       28       29       30       31       32       33       34       35       36       37       38       39       40       
0        0        593      445      640      648      936      783      818      600      375      785      1168     392      586      1120     882      1171     194      1057     612      738      570      1268     927      611      662      812      228      779      435      993      653      628      394      482      928      596      866      1198     1056     571      
1        593      0        651      267      1038     1242     1368     1406     1166     844      202      658      737      1161     1063     289      810      404      1525     237      770      493      1641     1251     1008     1214     296      785      1372     914      546      1062     1191     658      1066     1038     1182     1261     1603     1192     520      
2        445      651      0        503      398      1381     906      951      674      813      763      975      143      914      681      874      854      405      1462     499      300      259      989      1372     373      687      945      407      1001     361      1184     427      692      822      804      1353     893      613      953      626      920      
3        640      267      503      0        901      1440     1348     1390     1126     970      276      529      626      1226     799      382      577      454      1668     35       536      275      1464     1445     877      1158     536      771      1394     835      791      931      1149     837      1120     1277     1231     1109     1441     956      762      
4        648      1038     398      901      0        1493     656      702      446      925      1161     1348     304      852      798      1272     1167     717      1444     897      522      643      626      1474     37       412      1325     460      818      237      1554     38       448      1035     758      1561     801      227      571      548      1211     
5        936      1242     1381     1440     1493     0        1185     1182     1186     576      1429     1899     1310     748      2055     1475     2018     1039     474      1405     1674     1477     2037     38       1458     1268     1238     1043     1003     1256     1220     1482     1207     605      789      380      823      1668     1940     1978     752      
6        783      1368     906      1348     656      1185     0        46       231      768      1547     1864     762      438      1453     1652     1758     965      950      1329     1142     1158     942      1154     644      243      1595     585      214      546      1762     621      217      1001     432      1406     364      683      830      1191     1276     
7        818      1406     951      1390     702      1182     46       0        277      784      1586     1907     807      440      1499     1690     1804     1002     930      1371     1188     1203     972      1150     690      290      1628     624      192      592      1791     666      263      1022     446      1414     367      724      859      1235     1300     
8        600      1166     674      1126     446      1186     231      277      0        684      1337     1637     531      459      1233     1444     1527     767      1041     1109     912      929      857      1159     428      82       1409     382      372      314      1594     414      27       884      397      1347     394      526      755      992      1138     
9        375      844      813      970      925      576      768      784      684      0        1046     1481     734      384      1493     1124     1528     522      697      937      1111     942      1499     562      889      765      968      468      661      688      1070     917      709      254      339      664      439      1113     1410     1401     544      
10       785      202      763      276      1161     1429     1547     1586     1337     1046     0        473      871      1359     1042     111      684      591      1726     269      810      550      1737     1440     1134     1379     307      962      1563     1067     551      1188     1362     855      1262     1198     1378     1375     1711     1228     688      
11       1168     658      975      529      1348     1899     1864     1907     1637     1481     473      0        1114     1755     910      458      358      978      2174     556      863      715      1824     1909     1332     1659     738      1296     1920     1332     931      1383     1657     1315     1649     1670     1760     1526     1828     1208     1162     
12       392      737      143      626      304      1310     762      807      531      734      871      1114     0        789      785      982      998      419      1352     616      416      400      925      1297     272      545      1021     289      860      218      1249     325      548      785      680      1320     762      531      875      669      927      
13       586      1161     914      1226     852      748      438      440      459      384      1359     1755     789      0        1572     1450     1735     779      592      1198     1206     1118     1315     718      823      537      1328     507      285      639      1449     829      476      638      111      976      74       978      1211     1392     928      
14       1120     1063     681      799      798      2055     1453     1499     1233     1493     1042     910      785      1572     0        1124     579      1031     2137     826      382      609      1019     2048     808      1209     1332     1075     1601     946      1586     834      1241     1474     1464     1988     1538     859      1061     360      1503     
15       882      289      874      382      1272     1475     1652     1690     1444     1124     111      458      982      1450     1124     0        721      690      1793     378      912      657      1846     1489     1245     1487     280      1067     1661     1176     496      1299     1469     920      1355     1221     1472     1486     1821     1327     724      
16       1171     810      854      577      1167     2018     1758     1804     1527     1528     684      358      998      1735     579      721      0        1005     2224     613      646      618      1557     2022     1160     1532     989      1238     1853     1212     1217     1204     1543     1414     1625     1846     1726     1310     1578     911      1328     
17       194      404      405      454      717      1039     965      1002     767      522      591      978      419      779      1031     690      1005     0        1219     423      660      438      1342     1037     681      820      645      385      972      544      850      731      793      444      677      960      791      944      1286     1031     515      
18       1057     1525     1462     1668     1444     474      950      930      1041     697      1726     2174     1352     592      2137     1793     2224     1219     0        1635     1761     1627     1883     437      1415     1113     1595     1062     738      1226     1627     1422     1054     873      687      850      649      1566     1774     1981     1112     
19       612      237      499      35       897      1405     1329     1371     1109     937      269      556      616      1198     826      378      613      423      1635     0        551      283      1468     1409     872      1143     514      750      1370     822      769      926      1132     802      1093     1241     1205     1108     1443     973      726      
20       738      770      300      536      522      1674     1142     1188     912      1111     810      863      416      1206     382      912      646      660      1761     551      0        277      966      1666     518      905      1062     702      1265     604      1316     560      925      1099     1096     1620     1179     670      965      422      1152     
21       570      493      259      275      643      1477     1158     1203     929      942      550      715      400      1118     609      657      618      438      1627     283      277      0        1189     1474     622      946      786      620      1238     619      1039     675      948      880      1008     1381     1108     842      1169     698      894      
22       1268     1641     989      1464     626      2037     942      972      857      1499     1737     1824     925      1315     1019     1846     1557     1342     1883     1468     966      1189     0        2012     662      778      1934     1061     1155     835      2170     615      839      1644     1252     2157     1247     401      115      659      1836     
23       927      1251     1372     1445     1474     38       1154     1150     1159     562      1440     1909     1297     718      2048     1489     2022     1037     437      1409     1666     1474     2012     0        1439     1241     1256     1027     970      1238     1244     1462     1180     607      762      415      792      1646     1914     1964     768      
24       611      1008     373      877      37       1458     644      690      428      889      1134     1332     272      823      808      1245     1160     681      1415     872      518      622      662      1439     0        400      1293     423      800      201      1521     54       433      997      728      1524     774      262      605      572      1174     
25       662      1214     687      1158     412      1268     243      290      82       765      1379     1659     545      537      1209     1487     1532     820      1113     1143     905      946      778      1241     400      0        1465     438      420      327      1656     377      61       961      479      1429     469      461      675      950      1210     
26       812      296      945      536      1325     1238     1595     1628     1409     968      307      738      1021     1328     1332     280      989      645      1595     514      1062     786      1934     1256     1293     1465     0        1027     1569     1183     255      1347     1436     733      1246     957      1362     1550     1893     1484     489      
27       228      785      407      771      460      1043     585      624      382      468      962      1296     289      507      1075     1067     1238     385      1062     750      702      620      1061     1027     423      438      1027     0        625      227      1218     457      409      582      396      1102     489      663      984      940      794      
28       779      1372     1001     1394     818      1003     214      192      372      661      1563     1920     860      285      1601     1661     1853     972      738      1370     1265     1238     1155     970      800      420      1569     625      0        661      1710     787      372      912      329      1257     222      880      1044     1365     1198     
29       435      914      361      835      237      1256     546      592      314      688      1067     1332     218      639      946      1176     1212     544      1226     822      604      619      835      1238     201      327      1183     227      661      0        1395     230      331      809      538      1329     597      436      763      755      1007     
30       993      546      1184     791      1554     1220     1762     1791     1594     1070     551      931      1249     1449     1586     496      1217     850      1627     769      1316     1039     2170     1244     1521     1656     255      1218     1710     1395     0        1573     1621     818      1381     886      1494     1780     2125     1737     532      
31       653      1062     427      931      38       1482     621      666      414      917      1188     1383     325      829      834      1299     1204     731      1422     926      560      675      615      1462     54       377      1347     457      787      230      1573     0        415      1036     738      1559     777      214      554      578      1220     
32       628      1191     692      1149     448      1207     217      263      27       709      1362     1657     548      476      1241     1469     1543     793      1054     1132     925      948      839      1180     433      61       1436     409      372      331      1621     415      0        911      418      1373     408      517      736      993      1165     
33       394      658      822      837      1035     605      1001     1022     884      254      855      1315     785      638      1474     920      1414     444      873      802      1099     880      1644     607      997      961      733      582      912      809      818      1036     911      0        584      534      690      1245     1566     1445     289      
34       482      1066     804      1120     758      789      432      446      397      339      1262     1649     680      111      1464     1355     1625     677      687      1093     1096     1008     1252     762      728      479      1246     396      329      538      1381     738      418      584      0        976      116      899      1152     1293     869      
35       928      1038     1353     1277     1561     380      1406     1414     1347     664      1198     1670     1320     976      1988     1221     1846     960      850      1241     1620     1381     2157     415      1524     1429     957      1102     1257     1329     886      1559     1373     534      976      0        1047     1764     2072     1978     518      
36       596      1182     893      1231     801      823      364      367      394      439      1378     1760     762      74       1538     1472     1726     791      649      1205     1179     1108     1247     792      774      469      1362     489      222      597      1494     777      408      690      116      1047     0        917      1142     1346     978      
37       866      1261     613      1109     227      1668     683      724      526      1113     1375     1526     531      978      859      1486     1310     944      1566     1108     670      842      401      1646     262      461      1550     663      880      436      1780     214      517      1245     899      1764     917      0        344      537      1434     
38       1198     1603     953      1441     571      1940     830      859      755      1410     1711     1828     875      1211     1061     1821     1578     1286     1774     1443     965      1169     115      1914     605      675      1893     984      1044     763      2125     554      736      1566     1152     2072     1142     344      0        702      1769     
39       1056     1192     626      956      548      1978     1191     1235     992      1401     1228     1208     669      1392     360      1327     911      1031     1981     973      422      698      659      1964     572      950      1484     940      1365     755      1737     578      993      1445     1293     1978     1346     537      702      0        1542     
40       571      520      920      762      1211     752      1276     1300     1138     544      688      1162     927      928      1503     724      1328     515      1112     726      1152     894      1836     768      1174     1210     489      794      1198     1007     532      1220     1165     289      869      518      978      1434     1769     1542     0        
;



Table delta(i,j)                 Distance
         0        1        2        3        4        5        6        7        8        9        10       11       12       13       14       15       16       17       18       19       20       21       22       23       24       25       26       27       28       29       30       31       32       33       34       35       36       37       38       39       40       
0        0        692      1027     296      942      213      1155     651      860      902      686      498      1029     1048     267      657      436      792      1125     1147     814      758      680      592      1337     418      735      1178     342      1201     988      897      362      646      213      623      212      1065     472      642      743      
1        692      0        341      567      283      713      527      216      236      645      438      292      550      365      657      848      332      396      571      577      139      495      319      403      746      438      47       576      351      713      323      233      415      729      580      225      498      390      670      419      889      
2        1027     341      0        861      121      1021     413      495      210      823      687      569      452      184      954      1143     626      462      545      529      263      596      570      603      630      711      295      486      691      551      241      248      714      1014     892      517      825      226      987      685      1170     
3        296      567      861      0        756      167      1088     624      665      992      749      291      766      931      92       881      238      532      1101     1115     706      475      694      322      1297     157      599      1128     312      932      890      799      151      832      83       602      166      957      674      706      960      
4        942      283      121      756      0        919      512      475      93       852      685      466      359      282      849      1124     525      341      628      617      258      475      564      485      735      602      236      582      615      485      315      285      613      999      793      492      734      324      952      676      1159     
5        213      713      1021     167      919      0        1222     736      829      1058     825      453      929      1079     84       865      395      698      1219     1237     849      633      790      487      1423     324      749      1256     408      1093     1032     940      306      842      132      711      234      1103     671      780      950      
6        1155     527      413      1088     512      1222     0        504      574      573      569      820      864      230      1175     1022     858      834      164      135      389      962      503      916      227      965      507      74       822      959      214      295      937      886      1089     533      992      188      933      595      1017     
7        651      216      495      624      475      736      504      0        447      439      222      416      767      436      702      650      427      603      483      501      231      687      104      565      689      537      252      527      328      928      360      280      486      524      608      29       502      441      494      204      684      
8        860      236      210      665      93       829      574      447      0        853      666      376      332      351      757      1085     437      262      675      668      260      393      545      392      801      511      195      641      542      483      366      315      524      965      705      459      651      392      904      651      1126     
9        902      645      823      992      852      1058     573      439      853      0        244      843      1185     678      1050     495      840      1040     430      466      596      1127     336      999      616      944      671      536      681      1333     596      576      879      373      949      444      837      655      496      286      467      
10       686      438      687      749      685      825      569      222      666      244      0        602      989      585      811      468      597      821      480      510      429      898      121      761      695      699      472      562      437      1148     500      445      634      334      710      217      598      576      365      44       485      
11       498      292      569      291      466      453      820      416      376      843      602      0        541      646      384      887      62       308      857      865      431      324      510      162      1038     147      316      868      243      716      613      525      147      798      328      403      286      675      679      566      950      
12       1029     550      452      766      359      929      864      767      332      1185     989      541      0        634      847      1380     599      237      987      975      592      309      869      443      1081     616      517      936      771      176      674      640      666      1269     832      775      820      676      1185     969      1429     
13       1048     365      184      931      282      1079     230      436      351      678      585      646      634      0        1021     1054     693      613      362      345      234      744      482      717      452      793      331      302      705      735      85       157      779      919      946      464      862      42       923      595      1068     
14       267      657      954      92       849      84       1175     702      757      1050     811      384      847      1021     0        897      330      616      1182     1198     795      549      765      406      1381     248      690      1213     380      1009     979      888      243      862      101      678      213      1048     696      767      980      
15       657      848      1143     881      1124     865      1022     650      1085     495      468      887      1380     1054     897      0        850      1174     905      939      880      1211     575      1045     1105     916      892      1002     647      1551     969      910      838      136      807      631      718      1045     211      460      87       
16       436      332      626      238      525      395      858      427      437      840      597      62       599      693      330      850      0        364      885      896      472      365      514      195      1073     111      362      903      203      774      656      566      88       768      268      411      224      721      641      558      917      
17       792      396      462      532      341      698      834      603      262      1040     821      308      237      613      616      1174     364      0        925      921      486      133      708      210      1062     380      379      899      546      410      623      560      429      1072     596      604      584      653      972      795      1230     
18       1125     571      545      1101     628      1219     164      483      675      430      480      857      987      362      1182     905      885      925      0        35       445      1045     447      974      215      996      564      107      811      1097     313      364      956      772      1090     509      986      323      843      515      890      
19       1147     577      529      1115     617      1237     135      501      668      466      510      865      975      345      1198     939      896      921      35       0        447      1044     471      979      190      1006     567      72       829      1080     303      362      968      806      1106     528      1003     304      874      543      925      
20       814      139      263      706      258      849      389      231      260      596      429      431      592      234      795      880      472      486      445      447      0        601      310      532      610      577      120      440      471      737      184      94       554      751      716      254      629      254      724      424      909      
21       758      495      596      475      475      633      962      687      393      1127     898      324      309      744      549      1211     365      133      1045     1044     601      0        791      172      1189     340      487      1025     565      462      749      681      407      1120     550      684      562      783      1003     866      1274     
22       680      319      570      694      564      790      503      104      545      336      121      510      869      482      765      575      514      708      447      471      310      791      0        664      661      622      352      511      385      1027     399      335      564      444      667      108      557      478      442      115      599      
23       592      403      603      322      485      487      916      565      392      999      761      162      443      717      406      1045     195      210      974      979      532      172      664      0        1141     174      411      972      397      611      703      622      235      959      390      556      391      753      836      726      1110     
24       1337     746      630      1297     735      1423     227      689      801      616      695      1038     1081     452      1381     1105     1073     1062     215      190      610      1189     661      1141     0        1182     730      170      1017     1165     441      518      1149     975      1292     717      1190     410      1055     730      1083     
25       418      438      711      157      602      324      965      537      511      944      699      147      616      793      248      916      111      380      996      1006     577      340      622      174      1182     0        463      1012     280      785      760      671      77       845      216      520      224      823      705      659      988      
26       735      47       295      599      236      749      507      252      195      671      472      316      517      331      690      892      362      379      564      567      120      487      352      411      730      463      0        560      396      676      297      212      447      771      617      264      539      359      716      456      931      
27       1178     576      486      1128     582      1256     74       527      641      536      562      868      936      302      1213     1002     903      899      107      72       440      1025     511      972      170      1012     560      0        852      1033     276      349      979      867      1125     555      1025     260      928      592      991      
28       342      351      691      312      615      408      822      328      542      681      437      243      771      705      380      647      203      546      811      829      471      565      385      397      1017     280      396      852      0        947      647      555      206      567      282      302      174      723      438      394      714      
29       1201     713      551      932      485      1093     959      928      483      1333     1148     716      176      735      1009     1551     774      410      1097     1080     737      462      1027     611      1165     785      676      1033     947      0        789      771      839      1438     1001     938      994      776      1358     1132     1598     
30       988      323      241      890      315      1032     214      360      366      596      500      613      674      85       979      969      656      623      313      303      184      749      399      703      441      760      297      276      647      789      0        92       738      834      899      388      809      81       841      511      982      
31       897      233      248      799      285      940      295      280      315      576      445      525      640      157      888      910      566      560      364      362      94       681      335      622      518      671      212      349      555      771      92       0        647      777      807      307      717      168      770      449      930      
32       362      415      714      151      613      306      937      486      524      879      634      147      666      779      243      838      88       429      956      968      554      407      564      235      1149     77       447      979      206      839      738      647      0        768      181      466      156      805      627      592      910      
33       646      729      1014     832      999      842      886      524      965      373      334      798      1269     919      862      136      768      1072     772      806      751      1120     444      959      975      845      771      867      567      1438     834      777      768      0        766      507      666      909      173      328      160      
34       213      580      892      83       793      132      1089     608      705      949      710      328      832      946      101      807      268      596      1090     1106     716      550      667      390      1292     216      617      1125     282      1001     899      807      181      766      0        583      111      970      603      666      888      
35       623      225      517      602      492      711      533      29       459      444      217      403      775      464      678      631      411      604      509      528      254      684      108      556      717      520      264      555      302      938      388      307      466      507      583      0        477      469      470      194      667      
36       212      498      825      166      734      234      992      502      651      837      598      286      820      862      213      718      224      584      986      1003     629      562      557      391      1190     224      539      1025     174      994      809      717      156      666      111      477      0        883      509      554      796      
37       1065     390      226      957      324      1103     188      441      392      655      576      675      676      42       1048     1045     721      653      323      304      254      783      478      753      410      823      359      260      723      776      81       168      805      909      970      469      883      0        921      589      1056     
38       472      670      987      674      952      671      933      494      904      496      365      679      1185     923      696      211      641      972      843      874      724      1003     442      836      1055     705      716      928      438      1358     841      770      627      173      603      470      509      921      0        339      286      
39       642      419      685      706      676      780      595      204      651      286      44       566      969      595      767      460      558      795      515      543      424      866      115      726      730      659      456      592      394      1132     511      449      592      328      666      194      554      589      339      0        484      
40       743      889      1170     960      1159     950      1017     684      1126     467      485      950      1429     1068     980      87       917      1230     890      925      909      1274     599      1110     1083     988      931      991      714      1598     982      930      910      160      888      667      796      1056     286      484      0        
;

