

sets
i        orders          /0*40/
k        routes          /1*40/
p        positions       /0*40/
;

alias(i,j)
alias(i,h)
alias(i,hh)
alias(i,jj)
alias(k,kk)
                            Parameters

rho(i)	Processing time
/
0	0
1	85
2	43
3	11
4	51
5	11
6	85
7	18
8	63
9	29
10	53
11	76
12	3
13	28
14	64
15	38
16	47
17	98
18	74
19	57
20	29
21	26
22	30
23	41
24	51
25	76
26	82
27	69
28	34
29	4
30	62
31	44
32	48
33	2
34	21
35	12
36	98
37	49
38	88
39	72
40	36
/

gamma(i)	Duedate
/
0	0
1	29
2	50
3	92
4	8
5	10
6	6
7	84
8	85
9	84
10	66
11	33
12	3
13	79
14	12
15	80
16	42
17	9
18	75
19	84
20	26
21	97
22	99
23	84
24	62
25	54
26	51
27	69
28	60
29	64
30	77
31	2
32	1
33	56
34	33
35	73
36	47
37	66
38	85
39	71
40	15
/

sigma(i)	Size
/
0	0
1	4
2	7
3	1
4	4
5	4
6	7
7	2
8	1
9	3
10	8
11	3
12	4
13	4
14	7
15	1
16	7
17	5
18	4
19	1
20	3
21	7
22	7
23	1
24	6
25	6
26	1
27	5
28	3
29	3
30	9
31	8
32	3
33	3
34	9
35	6
36	2
37	9
38	5
39	3
40	5
/

epsilon(i)	Priority
/
0	0
1	7
2	7
3	5
4	7
5	6
6	8
7	7
8	2
9	2
10	5
11	7
12	8
13	3
14	2
15	1
16	8
17	6
18	5
19	2
20	1
21	9
22	3
23	1
24	7
25	8
26	6
27	4
28	2
29	6
30	6
31	3
32	1
33	3
34	3
35	6
36	9
37	8
38	7
39	8
40	8
/

psi	Vehicle Capacity
/ 21 /
;

Table kappa(i,j)                 Setup
         0        1        2        3        4        5        6        7        8        9        10       11       12       13       14       15       16       17       18       19       20       21       22       23       24       25       26       27       28       29       30       31       32       33       34       35       36       37       38       39       40       
0        0        1191     925      1455     601      1391     530      1023     1964     1212     1449     121      579      1817     1127     205      1896     1537     449      1341     985      822      1713     195      1507     1976     838      1206     290      879      1783     1673     621      999      760      1160     154      1260     1433     1357     384      
1        1191     0        1031     648      1330     225      668      392      787      743      264      1070     1155     938      235      1189     1032     870      1070     210      995      516      523      1260     316      1149     848      368      1276     1298     599      925      784      1089     1318     907      1111     69       314      759      844      
2        925      1031     0        1622     1463     1247     706      644      1555     475      1178     855      1366     1105     814      1092     1159     1808     482      1029     80       544      1404     1114     1276     2159     193      759      1198     306      1431     912      404      82       400      1628     770      1074     1062     1650     651      
3        1455     648      1622     0        1303     531      1052     1020     1056     1390     715      1352     1134     1508     881      1359     1598     232      1520     795      1600     1077     799      1434     648      548      1430     1016     1405     1850     890      1540     1291     1690     1836     526      1441     646      865      216      1226     
4        601      1330     1463     1303     0        1465     847      1337     2106     1636     1588     623      177      2158     1372     397      2247     1292     1023     1528     1509     1176     1827     417      1609     1731     1333     1498     321      1469     1914     2056     1089     1543     1358     841      733      1395     1632     1132     820      
5        1391     225      1247     531      1465     0        879      603      646      920      186      1271     1287     978      435      1370     1068     763      1294     275      1207     741      364      1443     150      973      1068     534      1449     1521     455      1012     1009     1301     1543     913      1322     173      334      694      1058     
6        530      668      706      1052     847      879      0        513      1433     789      922      409      711      1332     598      574      1417     1193     468      811      726      331      1186     634      984      1599     534      691      677      846      1254     1215     303      788      802      938      443      736      902      1019     182      
7        1023     392      644      1020     1337     603      513      0        991      388      544      905      1182     822      170      1087     910      1228     774      399      604      205      791      1146     638      1538     469      183      1190     924      835      724      472      698      962      1160     904      430      457      1092     639      
8        1964     787      1555     1056     2106     646      1433     991      0        1101     523      1842     1929     726      848      1975     781      1265     1766     622      1490     1190     282      2045     498      1268     1423     822      2063     1861     192      886      1464     1580     1926     1530     1868     719      538      1263     1596     
9        1212     743      475      1390     1636     920      789      388      1101     0        801      1109     1499     644      509      1328     708      1606     840      658      401      469      987      1372     903      1888     408      386      1436     781      997      469      591      485      872      1547     1067     760      657      1477     846      
10       1449     264      1178     715      1588     186      922      544      523      801      0        1328     1413     793      377      1453     883      947      1294     149      1128     719      264      1523     102      1127     1012     426      1540     1467     335      836      996      1223     1506     1090     1362     195      161      880      1092     
11       121      1070     855      1352     623      1271     409      905      1842     1109     1328     0        565      1705     1006     237      1786     1445     400      1220     908      705      1592     265      1386     1880     750      1087     343      847      1662     1566     521      932      742      1087     122      1139     1311     1265     270      
12       579      1155     1366     1134     177      1287     711      1182     1929     1499     1413     565      0        1999     1208     381      2089     1138     955      1356     1404     1032     1650     430      1432     1581     1221     1337     351      1405     1737     1905     976      1447     1306     695      685      1219     1460     972      714      
13       1817     938      1105     1508     2158     978      1332     822      726      644      793      1705     1999     0        800      1903     93       1740     1478     737      1026     1005     794      1958     866      1880     1052     661      2008     1400     741      209      1207     1095     1506     1845     1682     903      648      1668     1435     
14       1127     235      814      881      1372     435      598      170      848      509      377      1006     1208     800      0        1165     892      1099     924      235      771      346      630      1229     468      1385     640      152      1263     1095     682      745      623      866      1130     1084     1022     263      310      976      751      
15       205      1189     1092     1359     397      1370     574      1087     1975     1328     1453     237      381      1903     1165     0        1987     1415     633      1361     1145     898      1712     76       1498     1859     983      1265     108      1075     1789     1776     747      1170     961      1009     339      1258     1459     1237     482      
16       1896     1032     1159     1598     2247     1068     1417     910      781      708      883      1786     2089     93       892      1987     0        1829     1547     830      1079     1089     871      2040     954      1961     1117     752      2093     1447     813      247      1283     1143     1558     1939     1759     997      741      1759     1516     
17       1537     870      1808     232      1292     763      1193     1228     1265     1606     947      1445     1138     1740     1099     1415     1829     0        1660     1025     1793     1265     1019     1488     878      445      1615     1239     1444     2019     1108     1771     1456     1879     1993     456      1545     873      1097     180      1357     
18       449      1070     482      1520     1023     1294     468      774      1766     840      1294     400      955      1478     924      633      1547     1660     0        1159     548      578      1553     643      1374     2067     434      950      733      450      1606     1309     301      552      361      1374     297      1132     1229     1484     308      
19       1341     210      1029     795      1528     275      811      399      622      658      149      1220     1356     737      235      1361     830      1025     1159     0        979      581      394      1429     249      1246     865      278      1454     1319     449      746      859      1074     1361     1110     1246     166      104      936      974      
20       985      995      80       1600     1509     1207     726      604      1490     401      1128     908      1404     1026     771      1145     1079     1793     548      979      0        528      1347     1170     1227     2133     193      704      1252     380      1370     832      431      95       479      1633     830      1034     1006     1639     690      
21       822      516      544      1077     1176     741      331      205      1190     469      719      705      1032     1005     346      898      1089     1265     578      581      528      0        976      953      804      1617     352      388      1004     788      1028     883      278      614      802      1121     700      571      652      1110     437      
22       1713     523      1404     799      1827     364      1186     791      282      987      264      1592     1650     794      630      1712     871      1019     1553     394      1347     976      0        1783     218      1092     1250     645      1797     1701     94       899      1254     1441     1750     1254     1627     454      341      997      1356     
23       195      1260     1114     1434     417      1443     634      1146     2045     1372     1523     265      430      1958     1229     76       2040     1488     643      1429     1170     953      1783     0        1570     1932     1015     1325     97       1075     1859     1825     786      1189     955      1078     346      1329     1526     1311     527      
24       1507     316      1276     648      1609     150      984      638      498      903      102      1386     1432     866      468      1498     954      878      1374     249      1227     804      218      1570     0        1033     1107     527      1581     1562     306      925      1080     1322     1598     1060     1427     247      258      827      1159     
25       1976     1149     2159     548      1731     973      1599     1538     1268     1888     1127     1880     1581     1880     1385     1859     1961     445      2067     1246     2133     1617     1092     1932     1033     0        1968     1503     1889     2396     1161     1958     1838     2224     2384     890      1975     1127     1288     621      1771     
26       838      848      193      1430     1333     1068     534      469      1423     408      1012     750      1221     1052     640      983      1117     1615     434      865      193      352      1250     1015     1107     1968     0        606      1091     454      1285     877      245      267      504      1441     686      895      909      1457     512      
27       1206     368      759      1016     1498     534      691      183      822      386      426      1087     1337     661      152      1265     752      1239     950      278      704      388      645      1325     527      1503     606      0        1367     1056     678      593      649      799      1110     1237     1088     376      303      1123     822      
28       290      1276     1198     1405     321      1449     677      1190     2063     1436     1540     343      351      2008     1263     108      2093     1444     733      1454     1252     1004     1797     97       1581     1889     1091     1367     0        1169     1876     1883     856      1274     1050     1022     436      1345     1553     1270     591      
29       879      1298     306      1850     1469     1521     846      924      1861     781      1467     847      1405     1400     1095     1075     1447     2019     450      1319     380      788      1701     1075     1562     2396     454      1056     1169     0        1732     1200     563      304      144      1784     736      1348     1360     1851     729      
30       1783     599      1431     890      1914     455      1254     835      192      997      335      1662     1737     741      682      1789     813      1108     1606     449      1370     1028     94       1859     306      1161     1285     678      1876     1732     0        864      1305     1463     1788     1348     1692     530      378      1090     1421     
31       1673     925      912      1540     2056     1012     1215     724      886      469      836      1566     1905     209      745      1776     247      1771     1309     746      832      883      899      1825     925      1958     877      593      1883     1200     864      0        1055     896      1311     1824     1532     905      678      1680     1298     
32       621      784      404      1291     1089     1009     303      472      1464     591      996      521      976      1207     623      747      1283     1456     301      859      431      278      1254     786      1080     1838     245      649      856      563      1305     1055     0        486      547      1235     477      843      928      1288     269      
33       999      1089     82       1690     1543     1301     788      698      1580     485      1223     932      1447     1095     866      1170     1143     1879     552      1074     95       614      1441     1189     1322     2224     267      799      1274     304      1463     896      486      0        420      1707     844      1128     1100     1723     733      
34       760      1318     400      1836     1358     1543     802      962      1926     872      1506     742      1306     1506     1130     961      1558     1993     361      1361     479      802      1750     955      1598     2384     504      1110     1050     144      1788     1311     547      420      0        1729     625      1372     1411     1820     662      
35       1160     907      1628     526      841      913      938      1160     1530     1547     1090     1087     695      1845     1084     1009     1939     456      1374     1110     1633     1121     1254     1078     1060     890      1441     1237     1022     1784     1348     1824     1235     1707     1729     0        1200     943      1206     318      1067     
36       154      1111     770      1441     733      1322     443      904      1868     1067     1362     122      685      1682     1022     339      1759     1545     297      1246     830      700      1627     346      1427     1975     686      1088     436      736      1692     1532     477      844      625      1200     0        1179     1332     1365     271      
37       1260     69       1074     646      1395     173      736      430      719      760      195      1139     1219     903      263      1258     997      873      1132     166      1034     571      454      1329     247      1127     895      376      1345     1348     530      905      843      1128     1372     943      1179     0        264      775      911      
38       1433     314      1062     865      1632     334      902      457      538      657      161      1311     1460     648      310      1459     741      1097     1229     104      1006     652      341      1526     258      1288     909      303      1553     1360     378      678      928      1100     1411     1206     1332     264      0        1019     1060     
39       1357     759      1650     216      1132     694      1019     1092     1263     1477     880      1265     972      1668     976      1237     1759     180      1484     936      1639     1110     997      1311     827      621      1457     1123     1270     1851     1090     1680     1288     1723     1820     318      1365     775      1019     0        1180     
40       384      844      651      1226     820      1058     182      639      1596     846      1092     270      714      1435     751      482      1516     1357     308      974      690      437      1356     527      1159     1771     512      822      591      729      1421     1298     269      733      662      1067     271      911      1060     1180     0        
;



Table delta(i,j)                 Distance
         0        1        2        3        4        5        6        7        8        9        10       11       12       13       14       15       16       17       18       19       20       21       22       23       24       25       26       27       28       29       30       31       32       33       34       35       36       37       38       39       40       
0        0        809      744      840      854      893      661      396      770      694      556      930      769      1116     1095     668      835      159      361      509      894      871      1034     691      876      478      439      137      714      623      298      1048     173      687      290      555      436      593      419      1102     889      
1        809      0        144      99       950      752      155      990      603      370      1023     560      226      310      308      544      70       676      616      356      113      708      231      734      70       1114     835      832      646      479      663      655      766      214      686      257      957      336      622      864      537      
2        744      144      0        241      1022     849      183      979      691      455      1037     679      338      387      435      616      113      598      617      248      255      805      350      799      203      1100     846      789      721      543      557      782      732      291      673      199      956      205      637      980      652      
3        840      99       241      0        886      673      182      981      531      309      997      468      152      316      255      485      163      720      607      427      58       629      201      677      85       1105     813      847      583      429      726      558      778      179      684      311      941      422      603      773      449      
4        854      950      1022     886      0        268      839      580      358      580      428      509      733      1180     1035     407      1019     896      542      970      934      299      1044     225      970      640      424      732      303      479      1038     540      681      739      577      876      501      1049     483      399      498      
5        893      752      849      673      268      0        670      728      162      394      619      246      526      945      787      264      822      887      535      858      714      44       807      217      758      818      532      797      182      340      1004     274      730      557      603      742      651      922      474      209      242      
6        661      155      183      182      839      670      0        835      511      275      875      519      187      464      436      433      204      537      463      261      233      627      373      616      217      959      685      677      538      360      547      630      611      116      531      133      804      282      473      813      488      
7        396      990      979      981      580      728      835      0        670      724      178      866      859      1294     1218     604      1038     523      374      796      1040     725      1182     512      1044     123      202      262      588      607      680      961      274      803      306      781      79       888      383      927      832      
8        770      603      691      531      358      162      511      670      0        236      598      199      379      822      679      108      673      746      409      696      578      122      685      185      616      776      467      689      85       180      853      293      617      400      487      580      600      759      353      346      169      
9        694      370      455      309      580      394      275      724      236      0        710      271      158      618      505      176      439      623      371      485      362      351      488      368      392      845      536      653      276      125      696      393      578      163      458      359      671      537      343      545      233      
10       556      1023     1037     997      428      619      875      178      598      710      0        796      859      1314     1215     559      1080     662      420      887      1055     625      1192     419      1069     212      190      418      513      584      821      875      406      820      382      846      120      979      402      804      767      
11       930      560      679      468      509      246      519      866      199      271      796      0        341      711      545      271      629      881      576      753      499      210      574      379      550      974      664      864      283      307      965      122      790      403      660      623      798      797      528      304      40       
12       769      226      338      152      733      526      187      859      379      158      859      341      0        461      359      333      296      670      490      444      204      482      333      525      237      981      680      753      431      281      709      447      680      88       572      312      812      470      475      643      315      
13       1116     310      387      316      1180     945      464      1294     822      618      1314     711      461      0        185      792      283      978      919      636      259      903      138      983      249      1417     1129     1142     884      742      944      766      1076     494      992      560      1256     586      918      1001     705      
14       1095     308      435      255      1035     787      436      1218     679      505      1215     545      359      185      0        668      323      974      847      664      203      746      90       852      238      1340     1038     1099     750      631      970      589      1028     420      928      559      1171     639      834      825      545      
15       668      544      616      485      407      264      433      604      108      176      559      271      333      792      668      0        612      638      309      597      538      228      660      192      568      718      405      595      105      78       745      382      521      332      390      486      541      665      257      455      233      
16       835      70       113      163      1019     822      204      1038     673      439      1080     629      296      283      323      612      0        695      667      355      156      778      237      802      99       1161     890      868      715      545      665      721      805      280      733      279      1009     318      678      933      607      
17       159      676      598      720      896      887      537      523      746      623      662      881      670      978      974      638      695      0        359      356      770      859      906      705      746      619      512      264      705      579      158      1002     255      583      321      419      546      436      422      1090     840      
18       361      616      617      607      542      535      463      374      409      371      420      576      490      919      847      309      667      359      0        474      666      511      808      345      670      498      230      289      354      274      496      691      214      429      86       425      341      564      62       742      537      
19       509      356      248      427      970      858      261      796      696      485      887      753      444      636      664      597      355      356      474      0        464      819      585      747      426      912      701      575      696      519      310      871      529      360      505      132      789      92       515      1028     717      
20       894      113      255      58       934      714      233      1040     578      362      1055     499      204      259      203      538      156      770      666      464      0        670      143      729      58       1164     871      904      634      484      768      581      835      237      742      355      999      449      661      802      483      
21       871      708      805      629      299      44       627      725      122      351      625      210      482      903      746      228      778      859      511      819      670      0        765      212      714      821      527      780      157      302      972      253      711      513      582      701      650      881      451      231      202      
22       1034     231      350      201      1044     807      373      1182     685      488      1192     574      333      138      90       660      237      906      808      585      143      765      0        849      161      1305     1010     1047     749      613      894      633      978      378      885      488      1139     555      801      866      567      
23       691      734      799      677      225      217      616      512      185      368      419      379      525      983      852      192      802      705      345      747      729      212      849      0        760      609      315      586      103      257      837      456      522      521      401      651      437      824      283      424      353      
24       876      70       203      85       970      758      217      1044     616      392      1069     550      237      249      238      568      99       746      670      426      58       714      161      760      0        1168     883      895      667      509      734      635      828      250      742      327      1008     403      671      854      532      
25       478      1114     1100     1105     640      818      959      123      776      845      212      974      981      1417     1340     718      1161     619      498      912      1164     821      1305     609      1168     0        313      355      693      725      772      1064     383      926      428      902      177      1004     506      1011     941      
26       439      835      846      813      424      532      685      202      467      536      190      664      680      1129     1038     405      890      512      230      701      871      527      1010     315      883      313      0        309      386      414      667      759      268      634      203      656      136      792      212      737      630      
27       137      832      789      847      732      797      677      262      689      653      418      864      753      1142     1099     595      868      264      289      575      904      780      1047     586      895      355      309      0        624      563      419      977      75       679      204      592      298      665      337      1006     825      
28       714      646      721      583      303      182      538      588      85       276      513      283      431      884      750      105      715      705      354      696      634      157      749      103      667      693      386      624      0        181      823      372      554      436      425      589      517      767      294      388      254      
29       623      479      543      429      479      340      360      607      180      125      584      307      281      742      631      78       545      579      274      519      484      302      613      257      509      725      414      563      181      0        677      426      488      264      360      408      550      587      234      524      266      
30       298      663      557      726      1038     1004     547      680      853      696      821      965      709      944      970      745      665      158      496      310      768      972      894      837      734      772      667      419      823      677      0        1088     414      620      471      415      704      364      556      1200     926      
31       1048     655      782      558      540      274      630      961      293      393      875      122      447      766      589      382      721      1002     691      871      581      253      633      456      635      1064     759      977      372      426      1088     0        904      516      773      740      889      911      639      237      162      
32       173      766      732      778      681      730      611      274      617      578      406      790      680      1076     1028     521      805      255      214      529      835      711      978      522      828      383      268      75       554      488      414      904      0        608      130      533      290      621      264      939      750      
33       687      214      291      179      739      557      116      803      400      163      820      403      88       494      420      332      280      583      429      360      237      513      378      521      250      926      634      679      436      264      620      516      608      0        508      228      762      395      424      696      371      
34       290      686      673      684      577      603      531      306      487      458      382      660      572      992      928      390      733      321      86       505      742      582      885      401      742      428      203      204      425      360      471      773      130      508      0        476      286      597      133      812      621      
35       555      257      199      311      876      742      133      781      580      359      846      623      312      560      559      486      279      419      425      132      355      701      488      651      327      902      656      592      589      408      415      740      533      228      476      0        761      179      452      904      588      
36       436      957      956      941      501      651      804      79       600      671      120      798      812      1256     1171     541      1009     546      341      789      999      650      1139     437      1008     177      136      298      517      550      704      889      290      762      286      761      0        882      338      849      764      
37       593      336      205      422      1049     922      282      888      759      537      979      797      470      586      639      665      318      436      564      92       449      881      555      824      403      1004     792      665      767      587      364      911      621      395      597      179      882      0        603      1083     764      
38       419      622      637      603      483      474      473      383      353      343      402      528      475      918      834      257      678      422      62       515      661      451      801      283      671      506      212      337      294      234      556      639      264      424      133      452      338      603      0        682      489      
39       1102     864      980      773      399      209      813      927      346      545      804      304      643      1001     825      455      933      1090     742      1028     802      231      866      424      854      1011     737      1006     388      524      1200     237      939      696      812      904      849      1083     682      0        328      
40       889      537      652      449      498      242      488      832      169      233      767      40       315      705      545      233      607      840      537      717      483      202      567      353      532      941      630      825      254      266      926      162      750      371      621      588      764      764      489      328      0        
;

