

sets
i        orders          /0*40/
k        routes          /1*40/
p        positions       /0*40/
;

alias(i,j)
alias(i,h)
alias(i,hh)
alias(i,jj)
alias(k,kk)
                            Parameters

rho(i)	Processing time
/
0	0
1	20
2	3
3	94
4	30
5	15
6	17
7	85
8	48
9	56
10	73
11	93
12	85
13	55
14	16
15	37
16	3
17	76
18	11
19	38
20	30
21	8
22	50
23	67
24	99
25	96
26	5
27	89
28	36
29	69
30	70
31	31
32	98
33	61
34	30
35	40
36	3
37	21
38	48
39	55
40	74
/

gamma(i)	Duedate
/
0	0
1	89
2	23
3	13
4	11
5	16
6	41
7	53
8	57
9	82
10	10
11	24
12	49
13	44
14	28
15	96
16	50
17	92
18	49
19	2
20	70
21	39
22	99
23	86
24	33
25	44
26	92
27	87
28	11
29	65
30	38
31	11
32	87
33	62
34	94
35	63
36	2
37	21
38	58
39	41
40	11
/

sigma(i)	Size
/
0	0
1	4
2	8
3	6
4	8
5	4
6	5
7	6
8	3
9	8
10	5
11	2
12	3
13	3
14	7
15	5
16	1
17	5
18	5
19	8
20	3
21	1
22	3
23	4
24	8
25	3
26	8
27	1
28	9
29	4
30	1
31	1
32	8
33	7
34	9
35	7
36	1
37	5
38	4
39	1
40	5
/

epsilon(i)	Priority
/
0	0
1	1
2	8
3	9
4	2
5	5
6	3
7	5
8	4
9	8
10	6
11	2
12	6
13	6
14	1
15	6
16	1
17	3
18	6
19	6
20	6
21	1
22	5
23	6
24	2
25	7
26	1
27	6
28	3
29	5
30	3
31	5
32	6
33	5
34	3
35	2
36	4
37	9
38	5
39	6
40	5
/

psi	Vehicle Capacity
/ 86 /
;

Table kappa(i,j)                 Setup
         0        1        2        3        4        5        6        7        8        9        10       11       12       13       14       15       16       17       18       19       20       21       22       23       24       25       26       27       28       29       30       31       32       33       34       35       36       37       38       39       40       
0        0        720      1236     762      863      934      1244     365      602      896      982      544      766      954      1278     1180     1233     951      319      1117     634      863      803      569      399      267      924      976      613      239      809      850      786      1306     1269     905      515      1291     795      771      197      
1        720      0        1129     595      1050     1063     1376     567      918      647      908      1229     1486     745      610      467      1171     588      592      781      872      973      116      623      710      931      885      1153     429      490      1529     670      297      1378     891      186      725      1041     249      763      548      
2        1236     1129     0        554      497      2062     433      1432     1790     1757     1985     1337     1693     1852     1603     1199     76       567      923      1910     649      421      1228     676      1551     1490     1947     460      750      1102     1713     1762     839      355      462      1151     1637     2167     895      467      1089     
3        762      595      554      0        502      1514     786      893      1261     1205     1430     1048     1387     1299     1142     803      585      233      446      1367     411      405      704      218      1021     1029     1393     586      196      579      1419     1208     337      783      512      662      1096     1619     394      189      583      
4        863      1050     497      502      0        1774     383      1147     1460     1583     1760     849      1203     1668     1633     1306     455      691      601      1774     231      110      1166     433      1236     1085     1711     116      622      810      1221     1567     833      445      816      1150     1341     2006     888      313      773      
5        934      1063     2062     1514     1774     0        2156     633      350      525      281      1342     1340     463      1207     1423     2079     1608     1176     637      1542     1752     1036     1397     539      820      243      1890     1319     973      1384     456      1331     2204     1933     1187     433      597      1297     1605     1001     
6        1244     1376     433      786      383      2156     0        1528     1843     1946     2135     1159     1497     2034     1923     1552     357      904      982      2128     614      415      1488     789      1619     1459     2088     268      950      1189     1507     1935     1121     114      887      1446     1723     2369     1179     613      1155     
7        365      567      1432     893      1147     633      1528     0        375      534      627      891      1044     589      1006     1022     1447     1015     546      756      917      1120     604      764      145      432      572      1263     701      340      1090     484      767      1571     1347     743      204      926      749      973      373      
8        602      918      1790     1261     1460     350      1843     375      0        602      507      992      1014     596      1238     1347     1799     1391     875      796      1229     1450     929      1114     240      469      444      1575     1073     688      1060     525      1140     1898     1722     1078     193      858      1119     1324     703      
9        896      647      1757     1205     1583     525      1946     534      602      0        285      1424     1547     98       682      921      1790     1234     1001     222      1366     1531     580      1157     570      937      289      1696     1014     799      1594     78       943      1968     1536     719      475      423      896      1343     853      
10       982      908      1985     1430     1760     281      2135     627      507      285      0        1462     1519     200      946      1207     2012     1486     1160     357      1533     1721     855      1351     594      943      64       1875     1234     951      1565     239      1197     2168     1798     998      476      351      1155     1549     994      
11       544      1229     1337     1048     849      1342     1159     891      992      1424     1462     0        355      1471     1813     1667     1303     1278     671      1646     703      915      1326     830      872      524      1399     928      984      742      379      1369     1213     1256     1540     1407     988      1795     1240     954      682      
12       766      1486     1693     1387     1203     1340     1497     1044     1014     1547     1519     355      0        1573     2033     1943     1658     1613     980      1765     1057     1271     1569     1168     976      613      1455     1277     1303     998      46       1480     1517     1599     1887     1671     1076     1869     1537     1305     945      
13       954      745      1852     1299     1668     463      2034     589      596      98       200      1471     1573     0        748      1011     1884     1331     1080     199      1449     1618     678      1245     603      970      219      1782     1107     875      1620     105      1040     2059     1634     816      497      342      994      1434     927      
14       1278     610      1603     1142     1633     1207     1923     1006     1238     682      946      1813     2033     748      0        433      1661     1038     1201     622      1474     1544     499      1221     1116     1434     966      1727     1015     1073     2078     756      805      1905     1235     482      1067     853      748      1328     1135     
15       1180     467      1199     803      1306     1423     1552     1022     1347     921      1207     1667     1943     1011     433      0        1261     648      1001     953      1187     1206     420      938      1161     1398     1205     1385     731      944      1985     976      489      1520     806      281      1155     1213     444      992      998      
16       1233     1171     76       585      455      2079     357      1447     1799     1790     2012     1303     1658     1884     1661     1261     0        623      926      1949     628      393      1273     684      1562     1482     1972     404      778      1112     1676     1793     885      280      537      1202     1651     2204     942      474      1096     
17       951      588      567      233      691      1608     904      1015     1391     1234     1486     1278     1613     1331     1038     648      623      0        650      1366     639      583      675      447      1154     1218     1457     754      338      741      1646     1252     291      873      331      585      1213     1628     341      390      760      
18       319      592      923      446      601      1176     982      546      875      1001     1160     671      980      1080     1201     1001     926      650      0        1205     373      577      702      250      643      585      1110     717      324      209      1016     977      542      1028     957      755      742      1422     569      456      174      
19       1117     781      1910     1367     1774     637      2128     756      796      222      357      1646     1765     199      622      953      1949     1366     1205     0        1563     1714     691      1343     790      1157     398      1885     1183     1008     1812     284      1077     2143     1648     807      689      266      1024     1518     1065     
20       634      872      649      411      231      1542     614      917      1229     1366     1533     703      1057     1449     1474     1187     628      639      373      1563     0        237      989      254      1005     865      1483     347      463      582      1082     1346     699      672      851      996      1110     1789     748      263      543      
21       863      973      421      405      110      1752     415      1120     1450     1531     1721     915      1271     1618     1544     1206     393      583      577      1714     237      0        1088     373      1220     1101     1675     182      544      780      1292     1519     740      451      707      1062     1319     1953     797      216      751      
22       803      116      1228     704      1166     1036     1488     604      929      580      855      1326     1569     678      499      420      1273     675      702      691      989      1088     0        740      740      996      840      1268     544      583      1613     615      389      1487     961      152      736      955      334      876      644      
23       569      623      676      218      433      1397     789      764      1114     1157     1351     830      1168     1245     1221     938      684      447      250      1343     254      373      740      0        877      833      1306     542      209      427      1200     1147     449      817      726      742      967      1580     496      210      413      
24       399      710      1551     1021     1236     539      1619     145      240      570      594      872      976      603      1116     1161     1562     1154     643      790      1005     1220     740      877      0        367      533      1352     833      449      1023     506      911      1670     1485     883      118      923      893      1087     469      
25       267      931      1490     1029     1085     820      1459     432      469      937      943      524      613      970      1434     1398     1482     1218     585      1157     865      1101     996      833      367      0        879      1193     879      488      660      873      1039     1530     1536     1117     475      1283     1042     1030     458      
26       924      885      1947     1393     1711     243      2088     572      444      289      64       1399     1455     219      966      1205     1972     1457     1110     398      1483     1675     840      1306     533      879      0        1827     1196     901      1501     229      1170     2123     1773     987      414      414      1130     1507     942      
27       976      1153     460      586      116      1890     268      1263     1575     1696     1875     928      1277     1782     1727     1385     404      754      717      1885     347      182      1268     542      1352     1193     1827     0        724      926      1291     1681     922      339      834      1244     1457     2119     979      398      890      
28       613      429      750      196      622      1319     950      701      1073     1014     1234     984      1303     1107     1015     731      778      338      324      1183     463      544      544      209      833      879      1196     724      0        405      1338     1014     244      960      663      534      904      1431     288      337      421      
29       239      490      1102     579      810      973      1189     340      688      799      951      742      998      875      1073     944      1112     741      209      1008     582      780      583      427      449      488      901      926      405      0        1040     771      551      1231     1068     673      541      1218     557      637      62       
30       809      1529     1713     1419     1221     1384     1507     1090     1060     1594     1565     379      46       1620     2078     1985     1676     1646     1016     1812     1082     1292     1613     1200     1023     660      1501     1291     1338     1040     0        1527     1556     1609     1916     1713     1123     1915     1576     1332     986      
31       850      670      1762     1208     1567     456      1935     484      525      78       239      1369     1480     105      756      976      1793     1252     977      284      1346     1519     615      1147     506      873      229      1681     1014     771      1527     0        962      1962     1561     760      405      447      918      1338     822      
32       786      297      839      337      833      1331     1121     767      1140     943      1197     1213     1517     1040     805      489      885      291      542      1077     699      740      389      449      911      1039     1170     922      244      551      1556     962      0        1110     603      325      954      1338     58       523      589      
33       1306     1378     355      783      445      2204     114      1571     1898     1968     2168     1256     1599     2059     1905     1520     280      873      1028     2143     672      451      1487     817      1670     1530     2123     339      960      1231     1609     1962     1110     0        817      1434     1770     2389     1168     625      1202     
34       1269     891      462      512      816      1933     887      1347     1722     1536     1798     1540     1887     1634     1235     806      537      331      957      1648     851      707      961      726      1485     1536     1773     834      663      1068     1916     1561     603      817      0        843      1543     1914     643      589      1082     
35       905      186      1151     662      1150     1187     1446     743      1078     719      998      1407     1671     816      482      281      1202     585      755      807      996      1062     152      742      883      1117     987      1244     534      673      1713     760      325      1434     843      0        885      1073     267      846      729      
36       515      725      1637     1096     1341     433      1723     204      193      475      476      988      1076     497      1067     1155     1651     1213     742      689      1110     1319     736      967      118      475      414      1457     904      541      1123     405      954      1770     1543     885      0        808      930      1176     568      
37       1291     1041     2167     1619     2006     597      2369     926      858      423      351      1795     1869     342      853      1213     2204     1628     1422     266      1789     1953     955      1580     923      1283     414      2119     1431     1218     1915     447      1338     2389     1914     1073     808      0        1287     1763     1269     
38       795      249      895      394      888      1297     1179     749      1119     896      1155     1240     1537     994      748      444      942      341      569      1024     748      797      334      496      893      1042     1130     979      288      557      1576     918      58       1168     643      267      930      1287     0        580      600      
39       771      763      467      189      313      1605     613      973      1324     1343     1549     954      1305     1434     1328     992      474      390      456      1518     263      216      876      210      1087     1030     1507     398      337      637      1332     1338     523      625      589      846      1176     1763     580      0        622      
40       197      548      1089     583      773      1001     1155     373      703      853      994      682      945      927      1135     998      1096     760      174      1065     543      751      644      413      469      458      942      890      421      62       986      822      589      1202     1082     729      568      1269     600      622      0        
;



Table delta(i,j)                 Distance
         0        1        2        3        4        5        6        7        8        9        10       11       12       13       14       15       16       17       18       19       20       21       22       23       24       25       26       27       28       29       30       31       32       33       34       35       36       37       38       39       40       
0        0        962      672      826      88       223      119      401      1044     997      381      520      828      661      626      490      850      68       680      893      983      127      927      365      772      489      838      240      819      318      253      94       223      739      851      449      175      841      783      915      532      
1        962      0        565      574      886      754      1065     835      632      593      1126     1062     331      353      663      529      471      978      515      767      491      845      65       860      1046     965      1162     1199     507      827      1115     874      798      412      1115     598      1137     1153     377      60       942      
2        672      565      0        885      638      570      726      811      373      325      652      531      255      546      820      562      825      646      737      287      919      611      579      388      481      437      598      858      831      748      702      581      449      695      553      610      817      589      703      505      401      
3        826      574      885      0        738      617      946      484      1125     1077     1151     1190     777      340      217      381      107      878      163      1164     193      704      509      956      1308     1107     1416     1047     67       537      1065     779      796      194      1392     389      978      1412     206      584      1114     
4        88       886      638      738      0        137      208      328      1011     962      448      564      773      576      540      403      761      143      591      879      894      41       848      379      796      519      871      325      730      242      333      77       205      651      878      361      258      873      696      841      556      
5        223      754      570      617      137      0        340      275      935      884      539      617      668      439      432      267      632      264      464      833      764      96       714      399      812      553      900      462      603      194      448      161      212      517      896      231      395      900      561      711      579      
6        119      1065     726      946      208      340      0        511      1093     1048     302      475      907      775      744      608      969      88       800      919      1102     246      1033     373      749      466      799      137      938      431      154      192      286      858      821      569      92       805      902      1016     516      
7        401      835      811      484      328      275      511      0        1159     1106     776      882      851      482      266      314      543      467      381      1089     669      311      780      673      1087     825      1174     586      500      86       654      396      484      477      1171     243      519      1174     526      809      853      
8        1044     632      373      1125     1011     935      1093     1159     0        52       976      811      348      797      1116     875      1040     1016     1003     256      1100     982      679      736      629      733      726      1222     1062     1104     1053     954      821      932      661      935      1185     713      921      588      683      
9        997      593      325      1077     962      884      1048     1106     52       0        940      781      299      747      1065     823      993      970      953      244      1055     933      638      695      614      700      716      1178     1013     1052     1012     906      774      883      652      883      1140     703      873      547      651      
10       381      1126     652      1151     448      539      302      776      976      940      0        205      887      908      972      777      1151     312      992      755      1280     469      1110     271      494      247      520      351      1129     690      154      384      361      1024     554      761      365      527      1060     1069     302      
11       520      1062     531      1190     564      617      475      882      811      781      205      0        784      905      1037     808      1171     454      1027     574      1294     572      1058     234      289      97       325      549      1158     795      346      489      407      1039     352      810      551      330      1067     1002     131      
12       828      331      255      777      773      668      907      851      348      299      887      784      0        450      776      548      693      821      657      438      760      737      361      616      725      688      840      1044     714      809      914      734      620      583      790      614      992      831      573      274      655      
13       661      353      546      340      576      439      775      482      797      747      908      905      450      0        333      183      281      692      206      824      391      535      298      674      986      815      1098     901      284      478      858      584      549      149      1068     248      834      1092     164      330      812      
14       626      663      820      217      540      432      744      266      1116     1065     972      1037     776      333      0        259      285      683      149      1107     404      509      600      807      1191     962      1292     837      239      323      872      590      630      256      1276     230      768      1290     301      652      977      
15       490      529      562      381      403      267      608      314      875      823      777      808      548      183      259      0        374      529      218      849      504      363      478      575      939      726      1043     728      352      298      706      423      417      252      1024     70       660      1040     293      498      735      
16       850      471      825      107      761      632      969      543      1040     993      1151     1171     693      281      285      374      0        896      171      1097     132      724      406      938      1267     1084     1378     1080     48       583      1078     792      790      134      1349     401      1010     1373     122      484      1086     
17       68       978      646      878      143      264      88       467      1016     970      312      454      821      692      683      529      896      0        728      852      1029     174      946      313      712      427      774      224      867      382      190      107      201      781      789      495      172      778      823      928      473      
18       680      515      737      163      591      464      800      381      1003     953      992      1027     657      206      149      218      171      728      0        1020     304      554      452      793      1147     944      1255     908      139      414      912      625      634      107      1231     233      839      1251     153      509      951      
19       893      767      287      1164     879      833      919      1089     256      244      755      574      438      824      1107     849      1097     852      1020     0        1181     858      798      546      373      507      471      1038     1108     1021     852      811      675      972      408      896      1011     459      974      712      454      
20       983      491      919      193      894      764      1102     669      1100     1055     1280     1294     760      391      404      504      132      1029     304      1181     0        857      431      1061     1375     1205     1488     1212     169      713      1210     924      919      256      1455     534      1143     1482     227      519      1203     
21       127      845      611      704      41       96       246      311      982      933      469      572      737      535      509      363      724      174      554      858      857      0        806      374      793      520      872      366      694      225      363      85       192      612      876      323      299      874      656      800      554      
22       927      65       579      509      848      714      1033     780      679      638      1110     1058     361      298      600      478      406      946      452      798      431      806      0        848      1060     961      1176     1166     442      775      1091     841      773      347      1132     546      1102     1168     312      91       942      
23       365      860      388      956      379      399      373      673      736      695      271      234      616      674      807      575      938      313      793      546      1061     374      848      0        418      155      501      492      923      588      317      302      188      805      501      579      464      501      835      802      180      
24       772      1046     481      1308     796      812      749      1087     629      614      494      289      725      986      1191     939      1267     712      1147     373      1375     793      1060     418      0        284      116      835      1263     1004     632      719      604      1132     85       961      831      108      1150     986      241      
25       489      965      437      1107     519      553      466      825      733      700      247      97       688      815      962      726      1084     427      944      507      1205     520      961      155      284      0        352      560      1072     739      361      442      341      950      362      733      550      354      977      905      55       
26       838      1162     598      1416     871      900      799      1174     726      716      520      325      840      1098     1292     1043     1378     774      1255     471      1488     872      1176     501      116      352      0        871      1373     1090     669      794      689      1243     67       1062     876      13       1262     1102     321      
27       240      1199     858      1047     325      462      137      586      1222     1178     351      549      1044     901      837      728      1080     224      908      1038     1212     366      1166     492      835      560      871      0        1046     515      203      325      423      975      901      683      69       877      1020     1151     614      
28       819      507      831      67       730      603      938      500      1062     1013     1129     1158     714      284      239      352      48       867      139      1108     169      694      442      923      1263     1072     1373     1046     0        544      1051     764      770      135      1346     372      976      1369     141      517      1076     
29       318      827      748      537      242      194      431      86       1104     1052     690      795      809      478      323      298      583      382      414      1021     713      225      775      588      1004     739      1090     515      544      0        571      309      400      500      1088     229      446      1090     548      795      769      
30       253      1115     702      1065     333      448      154      654      1053     1012     154      346      914      858      872      706      1078     190      912      852      1210     363      1091     317      632      361      669      203      1051     571      0        286      318      958      698      678      211      675      998      1061     415      
31       94       874      581      779      77       161      192      396      954      906      384      489      734      584      590      423      792      107      625      811      924      85       841      302      719      442      794      325      764      309      286      0        135      675      801      392      265      796      716      825      478      
32       223      798      449      796      205      212      286      484      821      774      361      407      620      549      630      417      790      201      634      675      919      192      773      188      604      341      689      423      770      400      318      135      0        663      688      408      373      690      699      745      368      
33       739      412      695      194      651      517      858      477      932      883      1024     1039     583      149      256      252      134      781      107      972      256      612      347      805      1132     950      1243     975      135      500      958      675      663      0        1215     292      906      1238     49       409      951      
34       851      1115     553      1392     878      896      821      1171     661      652      554      352      790      1068     1276     1024     1349     789      1231     408      1455     876      1132     501      85       362      67       901      1346     1088     698      801      688      1215     0        1046     902      53       1231     1056     322      
35       449      598      610      389      361      231      569      243      935      883      761      810      614      248      230      70       401      495      233      896      534      323      546      579      961      733      1062     683      372      229      678      392      408      292      1046     0        614      1059     338      568      747      
36       175      1137     817      978      258      395      92       519      1185     1140     365      551      992      834      768      660      1010     172      839      1011     1143     299      1102     464      831      550      876      69       976      446      211      265      373      906      902      614      0        882      951      1090     602      
37       841      1153     589      1412     873      900      805      1174     713      703      527      330      831      1092     1290     1040     1373     778      1251     459      1482     874      1168     501      108      354      13       877      1369     1090     675      796      690      1238     53       1059     882      0        1257     1094     321      
38       783      377      703      206      696      561      902      526      921      873      1060     1067     573      164      301      293      122      823      153      974      227      656      312      835      1150     977      1262     1020     141      548      998      716      699      49       1231     338      951      1257     0        380      976      
39       915      60       505      584      841      711      1016     809      588      547      1069     1002     274      330      652      498      484      928      509      712      519      800      91       802      986      905      1102     1151     517      795      1061     825      745      409      1056     568      1090     1094     380      0        882      
40       532      942      401      1114     556      579      516      853      683      651      302      131      655      812      977      735      1086     473      951      454      1203     554      942      180      241      55       321      614      1076     769      415      478      368      951      322      747      602      321      976      882      0        
;

