

sets
i        orders          /0*80/
k        routes          /1*80/
p        positions       /0*80/
;

alias(i,j)
alias(i,h)
alias(i,hh)
alias(i,jj)
alias(k,kk)
                            Parameters

rho(i)	Processing time
/
0	0
1	90
2	78
3	56
4	54
5	88
6	80
7	53
8	52
9	53
10	32
11	84
12	26
13	61
14	49
15	2
16	18
17	43
18	47
19	34
20	40
21	9
22	30
23	92
24	26
25	20
26	63
27	75
28	53
29	31
30	13
31	36
32	43
33	21
34	71
35	11
36	12
37	63
38	88
39	80
40	20
41	23
42	64
43	16
44	41
45	81
46	63
47	77
48	90
49	21
50	74
51	45
52	63
53	65
54	11
55	12
56	79
57	4
58	24
59	32
60	76
61	58
62	63
63	28
64	75
65	19
66	74
67	5
68	86
69	89
70	20
71	23
72	78
73	66
74	48
75	52
76	3
77	10
78	20
79	69
80	82
/

gamma(i)	Duedate
/
0	0
1	59
2	32
3	33
4	61
5	13
6	14
7	85
8	47
9	32
10	2
11	7
12	51
13	52
14	41
15	72
16	69
17	29
18	77
19	71
20	57
21	34
22	43
23	31
24	7
25	90
26	18
27	51
28	9
29	98
30	63
31	45
32	75
33	87
34	29
35	23
36	50
37	82
38	98
39	81
40	25
41	34
42	36
43	7
44	81
45	93
46	73
47	34
48	22
49	56
50	10
51	16
52	73
53	11
54	62
55	89
56	12
57	24
58	1
59	40
60	70
61	55
62	56
63	48
64	58
65	60
66	36
67	25
68	99
69	81
70	87
71	71
72	46
73	28
74	9
75	47
76	5
77	47
78	56
79	98
80	57
/

sigma(i)	Size
/
0	0
1	8
2	2
3	8
4	4
5	8
6	6
7	7
8	2
9	9
10	6
11	7
12	7
13	2
14	4
15	4
16	4
17	9
18	5
19	5
20	8
21	2
22	7
23	3
24	3
25	5
26	6
27	6
28	1
29	4
30	3
31	9
32	8
33	7
34	4
35	4
36	5
37	6
38	6
39	6
40	4
41	5
42	3
43	1
44	3
45	8
46	1
47	4
48	6
49	5
50	9
51	8
52	6
53	4
54	8
55	8
56	1
57	6
58	2
59	3
60	5
61	7
62	1
63	6
64	8
65	6
66	3
67	2
68	7
69	2
70	3
71	3
72	8
73	7
74	5
75	8
76	5
77	3
78	3
79	5
80	9
/

epsilon(i)	Priority
/
0	0
1	7
2	7
3	2
4	9
5	4
6	1
7	8
8	3
9	8
10	7
11	9
12	2
13	8
14	8
15	6
16	9
17	9
18	5
19	1
20	7
21	8
22	6
23	5
24	9
25	1
26	1
27	7
28	8
29	8
30	2
31	9
32	5
33	3
34	3
35	9
36	5
37	6
38	9
39	7
40	1
41	7
42	6
43	3
44	6
45	8
46	8
47	5
48	5
49	7
50	8
51	3
52	8
53	2
54	8
55	5
56	1
57	7
58	6
59	6
60	8
61	3
62	7
63	3
64	9
65	5
66	2
67	7
68	7
69	9
70	1
71	4
72	3
73	3
74	9
75	7
76	2
77	5
78	9
79	6
80	5
/

psi	Vehicle Capacity
/ 47 /
;

Table kappa(i,j)                 Setup
         0        1        2        3        4        5        6        7        8        9        10       11       12       13       14       15       16       17       18       19       20       21       22       23       24       25       26       27       28       29       30       31       32       33       34       35       36       37       38       39       40       41       42       43       44       45       46       47       48       49       50       51       52       53       54       55       56       57       58       59       60       61       62       63       64       65       66       67       68       69       70       71       72       73       74       75       76       77       78       79       80       
0        0        3626     1770     3839     8363     5796     6022     3237     3765     7338     3222     3591     6602     6390     3170     4316     8411     2523     4980     6573     7124     3559     7059     1702     4493     5641     1852     7297     4454     3657     1915     3728     2795     5739     8387     5264     7167     4836     4590     1285     1878     5434     4796     4224     6185     7715     1373     6632     3508     2351     3114     2205     4447     7812     2151     5678     8339     6590     5445     4658     6769     7362     5801     5881     2727     5387     3301     3066     4931     3250     5888     7450     1518     3849     1789     7766     7977     7257     7637     4568     8090     
1        3626     0        3438     1910     7239     3756     2924     3106     652      5829     530      4994     3149     5895     2929     849      7415     1166     1357     4231     3899     911      4370     3167     4912     5753     2310     5308     5479     5383     4299     6434     1885     6064     7210     5200     4525     3214     5046     3952     1956     2718     5752     1058     3655     4352     2958     3738     1312     2747     1959     1621     2265     6637     1736     4862     6964     5178     2484     4576     4503     5280     3158     5599     5359     4084     1215     5179     5360     793      4986     5106     2112     1715     1864     4230     7343     4628     6694     2801     6258     
2        1770     3438     0        4476     6627     4367     5041     1615     3859     5681     2916     1982     5848     4626     4340     3835     6663     2317     4710     5188     6142     2933     5783     3154     2729     3875     1136     5757     2783     2198     878      2996     3571     3989     6657     3494     5864     3378     2831     820      2559     4318     3123     3578     4905     6813     645      5484     2687     927      2006     2719     3272     6090     2752     3960     6636     4939     4451     2895     5345     5847     4607     4113     1923     3779     2558     1808     3177     2756     4174     6016     1962     2836     2213     7058     6209     5943     5891     3203     6481     
3        3839     1910     4476     0        9146     5662     4623     4708     1295     7740     2217     6338     4515     7734     1438     2604     9318     2361     2416     6098     5440     2784     6153     2544     6536     7484     3412     7199     6972     6643     5208     7335     1046     7761     9118     6946     6317     5111     6669     4688     2017     4569     7278     2930     5505     5733     3855     5478     3153     4091     3642     1772     4174     8543     1769     6720     8874     7086     4280     6298     6375     7161     5005     7398     6250     5975     2999     6281     7005     2553     6857     6951     2568     3597     2286     5349     9219     6420     8590     4698     8154     
4        8363     7239     6627     9146     0        3571     5278     5156     7878     1492     6965     5458     6243     2110     9912     6674     312      7109     7362     3495     5434     6369     4013     9342     4148     3167     6754     2403     4726     5800     6936     7417     8838     3364     120      3276     3871     4046     4111     7353     8214     4836     4521     6278     4065     5977     7009     4617     6026     6065     5762     8098     4974     602      8209     2690     587      2061     5241     3763     3241     2561     4488     2659     7143     3211     6213     6398     3883     6638     2488     3098     7786     5562     7833     6866     1086     3816     761      4456     1716     
5        5796     3756     4367     5662     3571     0        1902     2780     4372     2103     3571     4350     2998     2844     6587     3120     3789     3887     3794     833      2554     2954     1549     6316     3298     3354     3958     1592     4166     4838     5044     6499     5502     3757     3524     2883     1578     989      3384     5187     5073     1286     4230     2743     834      3274     4461     1620     2686     3507     2724     4877     1548     2983     4999     1903     3232     1554     1707     2650     980      1609     1024     2859     5743     1075     2904     5131     3485     3271     1872     1658     4782     2211     4739     3961     3915     1638     3151     1233     2518     
6        6022     2924     5041     4623     5278     1902     0        3738     3375     3788     3023     5675     1108     4744     5831     2083     5533     3615     2330     1792     1109     2512     1566     6012     4882     5167     4233     2944     5714     6162     5868     7684     4809     5565     5210     4653     1738     2296     4991     5809     4741     823      5848     1926     1215     1775     4885     863      2514     4115     3046     4449     1807     4728     4574     3771     4842     3395     591      4279     2062     2838     880      4723     6767     2886     2722     6287     5166     2857     3764     2471     4674     2224     4519     2201     5765     1838     4971     2136     3871     
7        3237     3106     1615     4708     5156     2780     3738     0        3705     4103     2612     2031     4691     3293     5049     3130     5228     2355     4083     3610     4792     2285     4251     4233     1831     2812     1631     4142     2381     2492     2267     3946     4062     3060     5172     2306     4316     1794     1964     2430     3228     2944     2646     2752     3387     5501     1866     4036     1896     909      1152     3211     1936     4591     3299     2466     5105     3356     3173     1644     3750     4232     3156     2847     3051     2171     1911     2549     2297     2313     2668     4416     2715     1766     2829     5888     4882     4389     4450     1693     4879     
8        3765     652      3859     1295     7878     4372     3375     3705     0        6457     1093     5531     3414     6547     2471     1318     8058     1544     1378     4804     4265     1562     4881     2999     5525     6390     2724     5904     6060     5897     4691     6845     1527     6695     7846     5840     5042     3862     5659     4280     1937     3276     6343     1635     4214     4639     3319     4219     1960     3260     2570     1588     2905     7276     1674     5515     7592     5816     2999     5210     5080     5866     3714     6247     5758     4734     1848     5643     5979     1407     5638     5661     2264     2367     1979     4391     7994     5145     7341     3450     6859     
9        7338     5829     5681     7740     1492     2103     3788     4103     6457     0        5596     4905     4771     1901     8586     5222     1745     5810     5882     2014     4009     4986     2595     8143     3587     2937     5612     1009     4348     5327     6141     7028     7504     3273     1433     2779     2470     2708     3599     6464     6958     3351     4243     4838     2574     4600     5965     3153     4670     4990     4508     6808     3573     947      6925     1812     1134     748      3752     3036     1772     1196     2996     2315     6549     1967     4871     5829     3487     5277     1596     1764     6581     4196     6593     5461     2105     2431     1284     3101     915      
10       3222     530      2916     2217     6965     3571     3023     2612     1093     5596     0        4470     3417     5518     3016     1097     7126     702      1825     4132     4066     617      4365     2988     4432     5311     1794     5154     4973     4855     3781     5910     1933     5609     6944     4764     4510     2919     4566     3454     1719     2672     5252     1099     3589     4583     2455     3783     942      2218     1478     1428     2030     6363     1553     4503     6726     4915     2516     4128     4392     5145     3108     5193     4838     3772     783      4649     4887     335      4641     5026     1739     1404     1532     4554     7004     4612     6387     2510     6090     
11       3591     4994     1982     6338     5458     4350     5675     2031     5531     4905     4470     0        6680     3347     6316     5134     5412     4028     6081     5158     6673     4256     5899     5120     1330     2341     2928     5323     885      492      1728     2173     5501     2302     5518     2194     5924     3482     1349     2322     4512     4857     1220     4772     5104     7399     2621     5836     3891     2274     3119     4631     3914     5019     4680     3103     5625     4252     5138     1884     5216     5466     4987     2799     1684     3399     3866     940      1591     4215     3313     5807     3916     3797     4143     7861     4794     5977     4697     3545     5806     
12       6602     3149     5848     4515     6243     2998     1108     4691     3414     4771     3417     6680     0        5842     5863     2331     6512     4093     2099     2758     1031     3050     2291     6316     5957     6274     4920     3853     6776     7161     6706     8622     4936     6672     6165     5758     2457     3383     6070     6570     5095     1899     6924     2379     2249     1225     5599     1628     3186     4938     3847     4768     2766     5719     4885     4878     5767     4448     1552     5367     3002     3717     1983     5831     7659     3995     3356     7232     6258     3352     4867     3257     5153     3024     4949     1211     6804     2539     5997     3183     4722     
13       6390     5895     4626     7734     2110     2844     4744     3293     6547     1901     5518     3347     5842     0        8286     5521     2078     5498     6366     3277     5320     4984     4037     7525     2043     1096     4924     2729     2633     3695     4858     5338     7251     1386     2172     1174     3965     2772     2001     5310     6497     4053     2458     5094     3629     6005     5073     4382     4592     4184     4132     6440     3749     1703     6540     1051     2321     1594     4475     1732     3150     2920     3864     548      5032     1934     4734     4287     1778     5182     992      3447     6005     4184     6102     6767     1594     3963     1349     3161     2790     
14       3170     2929     4340     1438     9912     6587     5831     5049     2471     8586     3016     6316     5863     8286     0        3749     10049    2808     3773     7135     6736     3633     7299     1526     6798     7855     3493     8170     7068     6528     4894     6885     1084     8074     9899     7355     7455     5883     6923     4293     1840     5639     7399     3984     6573     7088     3696     6662     3918     4256     4173     1846     5042     9312     1750     7335     9708     7885     5413     6693     7400     8159     6080     7881     5846     6700     3714     6046     7275     3318     7501     8020     2416     4394     2236     6758     9841     7557     9291     5485     9105     
15       4316     849      3835     2604     6674     3120     2083     3130     1318     5222     1097     5134     2331     5521     3749     0        6873     1792     953      3498     3049     908      3565     4004     4826     5532     2773     4614     5494     5565     4713     6788     2726     5877     6634     4972     3725     2757     4958     4457     2767     1967     5732     428      2901     3517     3456     2913     1243     3015     2016     2445     1774     6077     2565     4470     6353     4619     1681     4396     3776     4567     2401     5291     5744     3625     1298     5462     5241     1106     4564     4346     2836     1433     2621     3456     6882     3828     6184     2360     5572     
16       8411     7415     6663     9318     312      3789     5533     5228     8058     1745     7126     5412     6512     2078     10049    6873     0        7242     7583     3758     5719     6536     4298     9438     4120     3091     6841     2686     4651     5734     6934     7324     8981     3255     428      3253     4159     4208     4074     7371     8330     5064     4429     6472     4317     6272     7067     4890     6184     6136     5886     8225     5153     808      8335     2767     898      2253     5475     3778     3510     2850     4728     2625     7094     3356     6365     6347     3825     6795     2576     3393     7887     5725     7945     7157     839      4107     777      4621     2026     
17       2523     1166     2317     2361     7109     3887     3615     2355     1544     5810     702      4028     4093     5498     2808     1792     7242     0        2512     4534     4688     1104     4856     2462     4178     5153     1181     5479     4620     4373     3158     5307     1754     5415     7099     4628     4991     3102     4310     2788     1192     3161     4921     1730     4034     5237     1800     4324     1219     1755     1368     998      2349     6510     1117     4531     6923     5096     3071     3971     4778     5492     3579     5117     4224     3899     992      4100     4649     760      4694     5437     1066     1680     908      5245     7040     5089     6483     2718     6386     
18       4980     1357     4710     2416     7362     3794     2330     4083     1378     5882     1825     6081     2099     6366     3773     953      7583     2512     0        4010     3035     1832     3897     4371     5771     6444     3609     5166     6446     6508     5583     7688     2897     6797     7312     5885     4068     3595     5902     5278     3248     2532     6683     1355     3398     3320     4277     3191     2191     3930     2962     2900     2630     6777     3001     5315     6995     5339     2148     5324     4292     5089     2918     6172     6630     4442     2226     6383     6180     1954     5391     4780     3463     2374     3206     3016     7660     4168     6929     3219     6119     
19       6573     4231     5188     6098     3495     833      1792     3610     4804     2014     4132     5158     2758     3277     7135     3498     3758     4534     4010     0        2065     3521     789      6991     4054     3964     4724     1161     4923     5644     5876     7317     6059     4366     3424     3546     774      1816     4130     6008     5726     1530     4959     3177     611      2730     5256     1156     3315     4315     3470     5502     2194     2961     5627     2485     3049     1745     1866     3403     282      1080     1103     3410     6574     1797     3542     5956     4194     3860     2393     902      5485     2859     5416     3526     4058     819      3245     2010     2109     
20       7124     3899     6142     5440     5434     2554     1109     4792     4265     4009     4066     6673     1031     5320     6736     3049     5719     4688     3035     2065     0        3591     1421     7042     5777     5907     5342     3033     6633     7164     6960     8729     5757     6311     5347     5433     1566     3211     5877     6915     5784     1849     6733     2969     1721     731      5994     941      3618     5215     4152     5478     2885     4950     5600     4446     4924     3811     1699     5147     2256     2874     1692     5399     7837     3625     3822     7332     6012     3928     4392     2361     5753     3333     5584     1462     6098     1630     5278     3135     3831     
21       3559     911      2933     2784     6369     2954     2512     2285     1562     4986     617      4256     3050     4984     3633     908      6536     1104     1832     3521     3591     0        3782     3537     4051     4854     1899     4536     4666     4676     3811     5879     2550     5174     6344     4299     3922     2327     4184     3579     2259     2084     4922     674      2987     4158     2585     3227     409      2107     1140     1999     1416     5766     2125     3954     6118     4313     1969     3684     3779     4528     2514     4688     4837     3190     393      4556     4488     352      4081     4418     2163     813      2010     4233     6441     4023     5805     1915     5473     
22       7059     4370     5783     6153     4013     1549     1566     4251     4881     2595     4365     5899     2291     4037     7299     3565     4298     4856     3897     789      1421     3782     0        7314     4828     4752     5208     1612     5698     6388     6514     8044     6246     5153     3927     4336     173      2472     4908     6598     6037     1698     5742     3319     880      2013     5786     714      3652     4882     3947     5781     2612     3531     5907     3273     3507     2469     1886     4177     889      1454     1279     4193     7264     2574     3880     6670     4980     4133     3177     966      5864     3237     5760     2866     4694     271      3872     2580     2434     
23       1702     3167     3154     2544     9342     6316     6012     4233     2999     8143     2988     5120     6316     7525     1526     4004     9438     2462     4371     6991     7042     3537     7314     0        5814     6932     2603     7900     5937     5260     3550     5430     1571     7095     9348     6484     7451     5464     5928     2924     1278     5617     6278     4086     6496     7519     2553     6762     3679     3344     3640     1564     4799     8759     1442     6672     9224     7407     5498     5835     7229     7926     6039     7063     4426     6184     3451     4714     6280     3185     6862     7893     1563     4131     1577     7366     9116     7550     8662     5110     8783     
24       4493     4912     2729     6536     4148     3298     4882     1831     5525     3587     4432     1330     5957     2043     6798     4826     4120     4178     5771     4054     5777     4051     4828     5814     0        1148     3307     4068     869      1740     2836     3446     5853     1283     4203     872      4829     2587     134      3329     4959     4063     967      4416     4109     6509     3269     4881     3645     2542     2955     4987     3284     3693     5065     1804     4297     2959     4412     651      4069     4224     4094     1495     3007     2257     3699     2269     476      4122     2006     4611     4399     3396     4562     7081     3557     4869     3387     2783     4493     
25       5641     5753     3875     7484     3167     3354     5167     2812     6390     2937     5311     2341     6274     1096     7855     5532     3091     5153     6444     3964     5907     4854     4752     6932     1148     0        4384     3650     1560     2642     3963     4253     6874     404      3239     559      4711     2945     1060     4473     6023     4393     1363     5106     4186     6624     4400     4970     4446     3618     3844     6022     3833     2796     6108     1479     3415     2479     4791     1186     3899     3832     4307     624      4012     2292     4542     3266     753      4985     1588     4313     5482     4113     5624     7306     2453     4728     2415     3260     3845     
26       1852     2310     1136     3412     6754     3958     4233     1631     2724     5612     1794     2928     4920     4924     3493     2773     6841     1181     3609     4724     5342     1899     5208     2603     3307     4384     0        5486     3606     3235     1988     4130     2591     4587     6764     3909     5315     3017     3431     1683     1652     3601     3928     2570     4334     5969     685      4799     1740     767      1262     1716     2598     6177     1778     4074     6663     4866     3646     3252     4926     5541     3956     4472     3050     3644     1564     2925     3783     1671     4268     5607     1097     2022     1259     6117     6513     5405     6064     2726     6314     
27       7297     5308     5757     7199     2403     1592     2944     4142     5904     1009     5154     5323     3853     2729     8170     4614     2686     5479     5166     1161     3033     4536     1612     7900     4068     3650     5486     0        4900     5781     6335     7491     7087     4024     2319     3368     1475     2470     4110     6570     6663     2658     4855     4268     1770     3600     5937     2224     4278     4962     4283     6469     3139     1925     6592     2282     1914     1171     3018     3447     883      194      2249     3034     6886     2002     4496     6204     4075     4859     2107     758      6357     3804     6325     4474     3113     1429     2293     2793     958      
28       4454     5479     2783     6972     4726     4166     5714     2381     6060     4348     4973     885      6776     2633     7068     5494     4651     4620     6446     4923     6633     4666     5698     5937     869      1560     3606     4900     0        1089     2612     2707     6197     1451     4796     1569     5698     3429     798      3197     5239     4892     342      5100     4974     7364     3400     5743     4273     2882     3532     5322     4058     4334     5384     2619     4950     3765     5224     1520     4934     5062     4945     2101     2479     3126     4292     1741     867      4686     2806     5466     4652     4086     4856     7916     3986     5737     3971     3592     5263     
29       3657     5383     2198     6643     5800     4838     6162     2492     5897     5327     4855     492      7161     3695     6528     5565     5734     4373     6508     5644     7164     4676     6388     5260     1740     2642     3235     5781     1089     0        1743     1711     5766     2537     5866     2575     6411     3974     1733     2371     4758     5345     1367     5214     5596     7890     2843     6328     4323     2639     3549     4906     4394     5387     4945     3539     6000     4693     5622     2334     5697     5929     5479     3153     1397     3877     4284     681      1917     4614     3744     6281     4160     4254     4406     8345     5075     6464     5042     4034     6234     
30       1915     4299     878      5208     6936     5044     5868     2267     4691     6141     3781     1728     6706     4858     4894     4713     6934     3158     5583     5876     6960     3811     6514     3550     2836     3963     1988     6335     2612     1743     0        2155     4247     3989     6980     3686     6583     4061     2906     631      3222     5121     2949     4454     5645     7643     1378     6264     3559     1767     2858     3435     4077     6437     3447     4353     7015     5419     5281     3178     6008     6443     5383     4317     1066     4333     3435     1164     3217     3631     4572     6665     2642     3684     2922     7917     6393     6657     6181     3941     6987     
31       3728     6434     2996     7335     7417     6499     7684     3946     6845     7028     5910     2173     8622     5338     6885     6788     7324     5307     7688     7317     8729     5879     8044     5430     3446     4253     4130     7491     2707     1711     2155     0        6346     4070     7491     4259     8077     5593     3429     2648     5327     6885     2896     6491     7226     9443     3533     7933     5583     3774     4832     5566     5882     7041     5567     5249     7657     6403     7118     4045     7384     7637     7065     4809     1090     5571     5491     1397     3573     5736     5452     7980     4767     5621     5054     9826     6611     8134     6668     5599     7938     
32       2795     1885     3571     1046     8838     5502     4809     4062     1527     7504     1933     5501     4936     7251     1084     2726     8981     1754     2897     6059     5757     2550     6246     1571     5853     6874     2591     7087     6197     5766     4247     6346     0        7115     8824     6359     6399     4803     5982     3698     1025     4573     6518     2927     5503     6159     2932     5624     2834     3329     3122     874      3957     8238     821      6284     8628     6806     4365     5699     6322     7078     5013     6864     5269     5628     2633     5354     6329     2233     6444     6948     1614     3310     1360     5914     8793     6501     8227     4403     8021     
33       5739     6064     3989     7761     3364     3757     5565     3060     6695     3273     5609     2302     6672     1386     8074     5877     3255     5415     6797     4366     6311     5174     5153     7095     1283     404      4587     4024     1451     2537     3989     4070     7115     0        3446     926      5111     3330     1167     4533     6236     4786     1185     5453     4590     7028     4547     5374     4764     3820     4134     6254     4200     3048     6335     1881     3664     2855     5181     1489     4297     4209     4708     990      3930     2694     4849     3192     815      5287     1984     4698     5681     4450     5838     7708     2549     5126     2633     3633     4172     
34       8387     7210     6657     9118     120      3524     5210     5172     7846     1433     6944     5518     6165     2172     9899     6634     428      7099     7312     3424     5347     6344     3927     9348     4203     3239     6764     2319     4796     5866     6980     7491     8824     3446     0        3331     3783     4026     4170     7389     8211     4783     4597     6241     3999     5884     7030     4538     6006     6081     5756     8090     4944     589      8202     2710     472      2032     5185     3804     3166     2473     4428     2719     7202     3200     6196     6458     3948     6618     2504     3005     7789     5540     7832     6775     1204     3725     824      4434     1608     
35       5264     5200     3494     6946     3276     2883     4653     2306     5840     2779     4764     2194     5758     1174     7355     4972     3253     4628     5885     3546     5433     4299     4336     6484     872      559      3909     3368     1569     2575     3686     4259     6359     926      3331     0        4309     2405     846      4150     5532     3867     1487     4546     3717     6156     3979     4503     3891     3147     3304     5515     3278     2825     5605     1097     3432     2213     4258     661      3510     3539     3805     631      3876     1808     3992     3135     712      4436     1261     3980     5005     3554     5133     6812     2723     4335     2515     2708     3694     
36       7167     4525     5864     6317     3871     1578     1738     4316     5042     2470     4510     5924     2457     3965     7455     3725     4159     4991     4068     774      1566     3922     173      7451     4829     4711     5315     1475     5698     6411     6583     8077     6399     5111     3783     4309     0        2528     4904     6681     6174     1839     5732     3472     981      2129     5883     887      3782     4969     4053     5922     2724     3400     6048     3235     3357     2385     2045     4177     818      1310     1411     4142     7314     2571     4010     6709     4964     4273     3129     802      5991     3359     5892     2998     4574     103      3752     2660     2274     
37       4836     3214     3378     5111     4046     989      2296     1794     3862     2708     2919     3482     3383     2772     5883     2757     4208     3102     3595     1816     3211     2327     2472     5464     2587     2945     3017     2470     3429     3974     4061     5593     4803     3330     4026     2405     2528     0        2696     4198     4257     1483     3553     2333     1633     3942     3488     2354     1980     2525     1826     4100     983      3443     4218     1721     3825     2002     1857     1985     1967     2526     1519     2596     4791     874      2171     4208     2874     2591     1807     2642     3908     1517     3899     4493     4139     2598     3480     413      3321     
38       4590     5046     2831     6669     4111     3384     4991     1964     5659     3599     4566     1349     6070     2001     6923     4958     4074     4310     5902     4130     5877     4184     4908     5928     134      1060     3431     4110     798      1733     2906     3429     5982     1167     4170     846      4904     2696     0        3413     5083     4174     858      4547     4200     6608     3380     4975     3779     2667     3090     5115     3408     3670     5192     1835     4278     2987     4527     734      4137     4269     4197     1453     3033     2333     3833     2290     353      4256     2030     4668     4522     3527     4687     7188     3491     4943     3350     2901     4509     
39       1285     3952     820      4688     7353     5187     5809     2430     4280     6464     3454     2322     6570     5310     4293     4457     7371     2788     5278     6008     6915     3579     6598     2924     3329     4473     1683     6570     3197     2371     631      2648     3698     4533     7389     4150     6681     4198     3413     0        2679     5107     3538     4246     5718     7573     1002     6283     3385     1721     2763     2922     4064     6832     2919     4714     7391     5727     5217     3593     6165     6662     5409     4779     1571     4584     3229     1792     3740     3354     4931     6837     2124     3588     2414     7775     6872     6761     6607     4020     7279     
40       1878     1956     2559     2017     8214     5073     4741     3228     1937     6958     1719     4512     5095     6497     1840     2767     8330     1192     3248     5726     5784     2259     6037     1278     4959     6023     1652     6663     5239     4758     3222     5327     1025     6236     8211     5532     6174     4257     5083     2679     0        4339     5567     2818     5223     6283     1916     5484     2411     2416     2456     349      3540     7621     273      5582     8058     6232     4221     4871     5970     6680     4763     6073     4247     5019     2184     4332     5435     1907     5760     6629     598      2871     399      6186     8070     6274     7561     3886     7562     
41       5434     2718     4318     4569     4836     1286     823      2944     3276     3351     2672     4857     1899     4053     5639     1967     5064     3161     2532     1530     1849     2084     1698     5617     4063     4393     3601     2658     4892     5345     5121     6885     4573     4786     4783     3867     1839     1483     4174     5107     4339     0        5030     1659     938      2558     4222     1198     1968     3392     2362     4083     1046     4256     4209     3043     4462     2841     424      3468     1809     2603     440      3981     5988     2143     2193     5487     4358     2435     3062     2388     4181     1584     4067     3025     5199     1940     4438     1314     3617     
42       4796     5752     3123     7278     4521     4230     5848     2646     6343     4243     5252     1220     6924     2458     7399     5732     4429     4921     6683     4959     6733     4922     5742     6278     967      1363     3928     4855     342      1367     2949     2896     6518     1185     4597     1487     5732     3553     858      3538     5567     5030     0        5331     5051     7465     3738     5829     4524     3196     3797     5643     4241     4160     5707     2576     4778     3701     5378     1586     4951     5024     5055     1949     2764     3169     4554     2038     781      4958     2748     5453     4982     4312     5182     8046     3735     5766     3775     3749     5158     
43       4224     1058     3578     2930     6278     2743     1926     2752     1635     4838     1099     4772     2379     5094     3984     428      6472     1730     1355     3177     2969     674      3319     4086     4416     5106     2570     4268     5100     5214     4454     6491     2927     5453     6241     4546     3472     2333     4547     4246     2818     1659     5331     0        2597     3507     3255     2705     908      2719     1673     2523     1350     5679     2647     4044     5972     4219     1440     3974     3451     4233     2100     4862     5465     3204     1020     5145     4826     976      4140     4048     2796     1020     2616     3558     6464     3574     5775     1933     5223     
44       6185     3655     4905     5505     4065     834      1215     3387     4214     2574     3589     5104     2249     3629     6573     2901     4317     4034     3398     611      1721     2987     880      6496     4109     4186     4334     1770     4974     5596     5645     7226     5503     4590     3999     3717     981      1633     4200     5718     5223     938      5051     2597     0        2439     4906     785      2819     4002     3072     4983     1743     3512     5108     2727     3641     2199     1256     3466     893      1692     500      3681     6417     1910     3047     5842     4313     3333     2680     1450     5020     2385     4930     3143     4560     1072     3761     1705     2721     
45       7715     4352     6813     5733     5977     3274     1775     5501     4639     4600     4583     7399     1225     6005     7088     3517     6272     5237     3320     2730     731      4158     2013     7519     6509     6624     5969     3600     7364     7890     7643     9443     6159     7028     5884     6156     2129     3942     6608     7573     6283     2558     7465     3507     2439     0        6633     1653     4231     5887     4811     5963     3579     5525     6082     5156     5442     4467     2362     5878     2891     3426     2423     6105     8538     4348     4424     8045     6741     4482     5093     2879     6303     3984     6115     920      6703     2171     5881     3856     4318     
46       1373     2958     645      3855     7009     4461     4885     1866     3319     5965     2455     2621     5599     5073     3696     3456     7067     1800     4277     5256     5994     2585     5786     2553     3269     4400     685      5937     3400     2843     1378     3533     2932     4547     7030     3979     5883     3488     3380     1002     1916     4222     3738     3255     4906     6633     0        5415     2414     979      1860     2088     3196     6451     2114     4320     6971     5217     4295     3349     5440     6008     4556     4581     2443     4015     2246     2428     3731     2352     4527     6119     1319     2662     1577     6799     6666     5969     6291     3245     6719     
47       6632     3738     5484     5478     4617     1620     863      4036     4219     3153     3783     5836     1628     4382     6662     2913     4890     4324     3191     1156     941      3227     714      6762     4881     4970     4799     2224     5743     6328     6264     7933     5624     5374     4538     4503     887      2354     4975     6283     5484     1198     5829     2705     785      1653     5415     0        3153     4562     3555     5210     2222     4101     5335     3506     4139     2893     1267     4242     1381     2091     881      4458     7086     2695     3375     6540     5095     3579     3450     1658     5360     2782     5232     2386     5214     984      4400     2345     3105     
48       3508     1312     2687     3153     6026     2686     2514     1896     1960     4670     942      3891     3186     4592     3918     1243     6184     1219     2191     3315     3618     409      3652     3679     3645     4446     1740     4278     4273     4323     3559     5583     2834     4764     6006     3891     3782     1980     3779     3385     2411     1968     4524     908      2819     4231     2414     3153     0        1813     773      2194     1139     5424     2318     3568     5797     3980     1938     3275     3560     4284     2373     4287     4561     2829     227      4238     4081     611      3703     4218     2213     477      2111     4390     6065     3880     5445     1573     5199     
49       2351     2747     927      4091     6065     3507     4115     909      3260     4990     2218     2274     4938     4184     4256     3015     6136     1755     3930     4315     5215     2107     4882     3344     2542     3618     767      4962     2882     2639     1767     3774     3329     3820     6081     3147     4969     2525     2667     1721     2416     3392     3196     2719     4002     5887     979      4562     1813     0        1091     2456     2346     5498     2528     3375     6007     4242     3525     2493     4487     5036     3688     3719     2748     3036     1718     2453     3018     1994     3577     5165     1864     1917     2020     6149     5777     5051     5359     2311     5740     
