
sets
i        orders          /0*20/
k        routes          /1*20/
p        positions       /0*20/
;

alias(i,j)
alias(i,h)
alias(i,hh)
alias(i,jj)
alias(k,kk)
                
                    Parameters

rho(i)	Processing time
/
0	0
1	80
2	19
3	44
4	4
5	21
6	41
7	38
8	41
9	66
10	3
11	48
12	95
13	7
14	79
15	75
16	80
17	4
18	71
19	19
20	19
/

gamma(i)	Duedate
/
0	0
1	60
2	66
3	15
4	75
5	42
6	75
7	38
8	68
9	14
10	9
11	81
12	94
13	44
14	86
15	19
16	27
17	82
18	64
19	58
20	54
/

sigma(i)	Size
/
0	0
1	5
2	5
3	5
4	2
5	1
6	1
7	2
8	3
9	8
10	8
11	1
12	2
13	5
14	4
15	9
16	3
17	7
18	6
19	7
20	4
/

epsilon(i)	Priority
/
0	0
1	2
2	5
3	3
4	8
5	7
6	2
7	7
8	4
9	9
10	1
11	3
12	7
13	2
14	5
15	1
16	6
17	5
18	5
19	4
20	1
/

psi	Vehicle Capacity
/ 28 /
;

Table kappa(i,j)                 Setup
         0        1        2        3        4        5        6        7        8        9        10       11       12       13       14       15       16       17       18       19       20       
0        0        306      415      349      133      236      444      573      127      328      234      412      395      504      248      188      39       452      276      53       516      
1        306      0        601      456      193      519      555      398      433      244      168      306      450      374      421      491      346      551      182      274      491      
2        415      601      0        170      519      254      138      583      383      415      622      438      231      494      183      335      401      159      438      393      359      
3        349      456      170      0        418      298      102      418      372      248      511      268      75       328      114      355      352      104      281      309      221      
4        133      193      519      418      0        368      520      532      255      308      105      392      444      480      338      321      170      522      240      128      537      
5        236      519      254      298      368      0        351      670      147      438      471      502      371      586      194      84       204      368      419      248      518      
6        444      555      138      102      520      351      0        462      450      334      614      335      119      375      197      421      442      21       377      408      224      
7        573      398      583      418      532      670      462      0        671      246      558      169      352      89       483      693      602      444      299      519      256      
8        127      433      383      372      255      147      450      671      0        426      349      504      435      595      259      72       87       463      384      166      572      
9        328      244      415      248      308      438      334      246      426      0        362      85       219      176      267      451      356      325      70       275      248      
10       234      168      622      511      105      471      614      558      349      362      0        440      529      520      440      419      269      615      291      233      606      
11       412      306      438      268      392      502      335      169      504      85       440      0        216      92       318      524      439      321      152      358      192      
12       395      450      231      75       444      371      119      352      435      219      529      216      0        264      181      424      404      106      268      350      147      
13       504      374      494      328      480      586      375      89       595      176      520      92       264      0        396      613      531      358      240      451      181      
14       248      421      183      114      338      194      197      483      259      267      440      318      181      396      0        243      244      207      271      217      326      
15       188      491      335      355      321      84       421      693      72       451      419      524      424      613      243      0        150      436      420      217      568      
16       39       346      401      352      170      204      442      602      87       356      269      439      404      531      244      150      0        451      308      84       531      
17       452      551      159      104      522      368      21       444      463      325      615      321      106      358      207      436      451      0        370      413      203      
18       276      182      438      281      240      419      377      299      384      70       291      152      268      240      271      420      308      370      0        224      317      
19       53       274      393      309      128      248      408      519      166      275      233      358      350      451      217      217      84       413      224      0        465      
20       516      491      359      221      537      518      224      256      572      248      606      192      147      181      326      568      531      203      317      465      0        
;



Table delta(i,j)                 Distance
         0        1        2        3        4        5        6        7        8        9        10       11       12       13       14       15       16       17       18       19       20       
0        0        249      382      80       225      249      236      384      143      203      204      276      269      370      62       241      142      393      182      244      360      
1        249      0        296      181      176      136      270      256      112      48       80       184      233      173      222      228      285      193      210      277      196      
2        382      296      0        372      161      428      170      64       286      312      358      477      114      178      320      143      283      181      201      166      127      
3        80       181      372      0        211      169      254      361      94       133      125      199      267      324      96       243      191      347      189      263      325      
4        225      176      161      211      0        290      97       159      128      172      216      338      61       176      165      51       161      196      60       103      148      
5        249      136      428      169      290      0        370      392      174      118      74       48       351      307      256      338      345      325      302      378      333      
6        236      270      170      254      97       370      0        201      196      257      296      416      70       259      175      50       115      276      68       8        219      
7        384      256      64       361      159      392      201      0        269      280      326      440      133      117      325      161      306      118      212      200      68       
8        143      112      286      94       128      174      196      269      0        75       103      219      188      232      109      170      179      255      128      204      231      
9        203      48       312      133      172      118      257      280      75       0        46       166      233      211      182      222      254      233      192      265      227      
10       204      80       358      125      216      74       296      326      103      46       0        122      277      252      196      264      279      272      229      304      271      
11       276      184      477      199      338      48       416      440      219      166      122      0        399      353      291      385      383      371      347      424      381      
12       269      233      114      267      61       351      70       133      188      233      277      399      0        192      207      29       173      208      87       71       150      
13       370      173      178      324      176      307      259      117      232      211      252      353      192      0        320      209      337      23       237      262      51       
14       62       222      320      96       165      256      175      325      109      182      196      291      207      320      0        179      95       343      120      183      306      
15       241      228      143      243      51       338      50       161      170      222      264      385      29       209      179      0        145      227      58       54       171      
16       142      285      283      191      161      345      115      306      179      254      279      383      173      337      95       145      0        357      100      121      308      
17       393      193      181      347      196      325      276      118      255      233      272      371      208      23       343      227      357      0        257      278      59       
18       182      210      201      189      60       302      68       212      128      192      229      347      87       237      120      58       100      257      0        77       208      
19       244      277      166      263      103      378      8        200      204      265      304      424      71       262      183      54       121      278      77       0        221      
20       360      196      127      325      148      333      219      68       231      227      271      381      150      51       306      171      308      59       208      221      0        
;

