
sets
i        orders          /0*20/
k        routes          /1*20/
p        positions       /0*20/
;

alias(i,j)
alias(i,h)
alias(i,hh)
alias(i,jj)
alias(k,kk)
                
                    Parameters

rho(i)	Processing time
/
0	0
1	74
2	70
3	86
4	73
5	55
6	46
7	80
8	98
9	9
10	21
11	78
12	8
13	63
14	61
15	73
16	28
17	77
18	98
19	26
20	61
/

gamma(i)	Duedate
/
0	0
1	74
2	28
3	98
4	97
5	82
6	77
7	44
8	97
9	41
10	61
11	12
12	46
13	20
14	21
15	8
16	28
17	71
18	10
19	47
20	60
/

sigma(i)	Size
/
0	0
1	5
2	3
3	6
4	6
5	6
6	7
7	3
8	9
9	6
10	6
11	9
12	1
13	8
14	4
15	9
16	2
17	5
18	5
19	7
20	2
/

epsilon(i)	Priority
/
0	0
1	4
2	6
3	9
4	5
5	5
6	8
7	2
8	6
9	8
10	4
11	2
12	9
13	4
14	6
15	6
16	5
17	8
18	7
19	4
20	4
/

psi	Vehicle Capacity
/ 39 /
;

Table kappa(i,j)                 Setup
         0        1        2        3        4        5        6        7        8        9        10       11       12       13       14       15       16       17       18       19       20       
0        0        465      69       213      544      285      294      145      399      483      342      326      65       421      322      285      504      195      320      30       359      
1        465      0        473      280      123      373      423      322      204      98       416      139      508      182      295      219      398      513      244      435      197      
2        69       473      0        250      538      236      236      174      437      505      287      335      42       402      286      273      457      126      295      80       395      
3        213      280      250      0        384      312      350      77       187      277      379      154      272      312      290      193      479      345      253      183      146      
4        544      123      538      384      0        385      432      411      328      209      411      230      578      160      302      266      339      552      262      515      320      
5        285      373      236      312      385      0        50       256      446      446      67       274      277      226      83       164      221      183      129      272      406      
6        294      423      236      350      432      50       0        288      493      496      51       323      274      272      131      213      232      158      179      286      452      
7        145      322      174      77       411      256      288      0        262      337      322      184      199      309      252      175      445      268      227      115      220      
8        399      204      437      187      328      446      493      262      0        137      507      181      460      341      394      288      552      523      342      371      43       
9        483      98       505      277      209      446      496      337      137      0        496      178      535      277      375      283      494      565      321      453      150      
10       342      416      287      379      411      67       51       322      507      496      0        331      325      251      121      220      182      208      174      332      467      
11       326      139      335      154      230      274      323      184      181      178      331      0        370      173      214      110      374      387      161      296      147      
12       65       508      42       272      578      277      274      199      460      535      325      370      0        443      328      313      498      147      337      90       419      
13       421      182      402      312      160      226      272      309      341      277      251      173      443      0        142      136      218      398      109      395      314      
14       322      295      286      290      302      83       131      252      394      375      121      214      328      142      0        106      193      260      53       302      356      
15       285      219      273      193      266      164      213      175      288      283      220      110      313      136      106      0        287      295      60       259      249      
16       504      398      457      479      339      221      232      445      552      494      182      374      498      218      193      287      0        390      226      488      521      
17       195      513      126      345      552      183      158      268      523      565      208      387      147      398      260      295      390      0        290      203      480      
18       320      244      295      253      262      129      179      227      342      321      174      161      337      109      53       60       226      290      0        296      306      
19       30       435      80       183      515      272      286      115      371      453      332      296      90       395      302      259      488      203      296      0        330      
20       359      197      395      146      320      406      452      220      43       150      467      147      419      314      356      249      521      480      306      330      0        
;



Table delta(i,j)                 Distance
         0        1        2        3        4        5        6        7        8        9        10       11       12       13       14       15       16       17       18       19       20       
0        0        137      267      275      24       313      354      417      326      395      336      189      104      315      278      359      241      83       299      135      113      
1        137      0        346      372      161      223      272      364      295      406      324      171      79       385      315      281      201      191      314      63       220      
2        267      346      0        55       260      355      362      343      250      207      221      216      361      50       100      358      245      184      152      293      156      
3        275      372      55       0        263      404      414      399      305      259      276      259      376      87       155      411      294      193      208      324      162      
4        24       161      260      263      0        333      373      431      338      400      346      204      124      309      279      377      257      76       305      157      104      
5        313      223      355      404      333      0        51       161      145      286      191      153      301      367      269      62       110      308      232      182      322      
6        354      272      362      414      373      51       0        115      126      262      172      180      350      367      269      12       129      341      225      228      351      
7        417      364      343      399      431      161      115      0        100      184      123      227      436      332      243      102      175      381      191      310      382      
8        326      295      250      305      338      145      126      100      0        140      46       137      359      247      152      118      94       284      102      234      283      
9        395      406      207      259      400      286      262      184      140      0        95       234      456      175      126      252      215      329      95       342      314      
10       336      324      221      276      346      191      172      123      46       95       0        156      382      210      120      163      125      284      68       261      278      
11       189      171      216      259      204      153      180      227      137      234      156      0        226      240      154      182      54       161      144      107      170      
12       104      79       361      376      124      301      350      436      359      456      382      226      0        405      352      358      266      183      361      126      214      
13       315      385      50       87       309      367      367      332      247      175      210      240      405      0        97       361      260      232      144      328      206      
14       278      315      100      155      279      269      269      243      152      126      120      154      352      97       0        263      165      205      52       254      189      
15       359      281      358      411      377      62       12       102      118      252      163      182      358      361      263      0        129      343      218      235      352      
16       241      201      245      294      257      110      129      175      94       215      125      54       266      260      165      129      0        215      137      140      222      
17       83       191      184      193      76       308      341      381      284      329      284      161      183      232      205      343      215      0        236      160      31       
18       299      314      152      208      305      232      225      191      102      95       68       144      361      144      52       218      137      236      0        251      225      
19       135      63       293      324      157      182      228      310      234      342      261      107      126      328      254      235      140      160      251      0        185      
20       113      220      156      162      104      322      351      382      283      314      278      170      214      206      189      352      222      31       225      185      0        
;

