
sets
i        orders          /0*80/
k        routes          /1*80/
p        positions       /0*80/
;

alias(i,j)
alias(i,h)
alias(i,hh)
alias(i,jj)
alias(k,kk)
                
                    Parameters

rho(i)	Processing time
/
0	0
1	18
2	37
3	46
4	26
5	13
6	86
7	33
8	17
9	37
10	70
11	42
12	18
13	32
14	44
15	41
16	10
17	22
18	70
19	61
20	51
21	75
22	97
23	94
24	18
25	34
26	21
27	80
28	67
29	88
30	54
31	13
32	56
33	89
34	73
35	25
36	11
37	88
38	29
39	90
40	49
41	25
42	89
43	45
44	27
45	42
46	15
47	37
48	86
49	6
50	16
51	80
52	13
53	87
54	12
55	35
56	84
57	12
58	36
59	60
60	39
61	57
62	86
63	1
64	28
65	51
66	93
67	42
68	48
69	62
70	53
71	92
72	16
73	54
74	19
75	50
76	92
77	80
78	93
79	36
80	14
/

gamma(i)	Duedate
/
0	0
1	88
2	45
3	21
4	68
5	24
6	84
7	14
8	41
9	20
10	70
11	67
12	26
13	5
14	14
15	32
16	96
17	48
18	12
19	16
20	86
21	87
22	94
23	52
24	59
25	69
26	96
27	27
28	61
29	9
30	15
31	34
32	6
33	65
34	45
35	7
36	55
37	37
38	71
39	29
40	40
41	57
42	62
43	53
44	88
45	82
46	25
47	89
48	53
49	1
50	36
51	46
52	12
53	41
54	19
55	40
56	76
57	81
58	89
59	50
60	53
61	93
62	28
63	95
64	29
65	45
66	92
67	11
68	56
69	59
70	8
71	83
72	30
73	28
74	91
75	19
76	93
77	75
78	8
79	9
80	69
/

sigma(i)	Size
/
0	0
1	2
2	7
3	9
4	9
5	9
6	2
7	3
8	9
9	7
10	8
11	1
12	1
13	1
14	2
15	4
16	5
17	3
18	8
19	7
20	1
21	5
22	9
23	5
24	9
25	7
26	6
27	2
28	7
29	5
30	8
31	1
32	1
33	8
34	5
35	4
36	4
37	5
38	5
39	9
40	9
41	2
42	3
43	5
44	2
45	9
46	2
47	5
48	3
49	2
50	8
51	3
52	3
53	9
54	7
55	9
56	5
57	8
58	5
59	8
60	8
61	8
62	1
63	7
64	7
65	7
66	3
67	5
68	3
69	9
70	2
71	8
72	3
73	1
74	3
75	6
76	4
77	7
78	4
79	1
80	1
/

epsilon(i)	Priority
/
0	0
1	7
2	6
3	3
4	8
5	9
6	9
7	4
8	6
9	6
10	3
11	9
12	1
13	8
14	1
15	5
16	2
17	1
18	5
19	6
20	2
21	4
22	8
23	8
24	3
25	7
26	6
27	7
28	3
29	5
30	5
31	5
32	2
33	3
34	1
35	4
36	2
37	5
38	9
39	8
40	5
41	6
42	3
43	2
44	9
45	3
46	7
47	2
48	1
49	1
50	8
51	4
52	6
53	2
54	2
55	3
56	5
57	1
58	8
59	3
60	3
61	6
62	7
63	2
64	2
65	3
66	3
67	7
68	2
69	3
70	1
71	8
72	5
73	4
74	8
75	4
76	9
77	2
78	3
79	2
80	4
/

psi	Vehicle Capacity
/ 29 /
;

Table kappa(i,j)                 Setup
         0        1        2        3        4        5        6        7        8        9        10       11       12       13       14       15       16       17       18       19       20       21       22       23       24       25       26       27       28       29       30       31       32       33       34       35       36       37       38       39       40       41       42       43       44       45       46       47       48       49       50       51       52       53       54       55       56       57       58       59       60       61       62       63       64       65       66       67       68       69       70       71       72       73       74       75       76       77       78       79       80       
0        0        492      354      189      670      42       354      279      471      440      311      110      450      478      224      35       520      497      223      453      385      255      125      250      244      609      350      196      465      193      207      401      470      379      556      480      240      397      121      254      458      439      198      233      512      459      342      331      240      376      329      285      624      238      513      479      301      191      484      236      517      327      545      318      303      462      52       408      107      204      250      454      424      233      498      513      369      440      258      276      163      
1        492      0        142      441      206      530      296      299      118      51       728      499      181      660      425      461      83       470      277      281      562      707      377      482      735      135      232      584      595      675      676      309      332      406      131      115      662      403      593      665      143      422      548      330      144      434      331      781      695      488      398      774      156      350      52       174      732      501      65       649      261      587      196      209      708      661      499      419      599      565      256      38       437      690      130      510      130      572      581      232      522      
2        354      142      0        302      341      391      194      171      134      91       587      374      152      597      327      325      169      394      135      227      492      565      246      349      596      272      127      467      541      542      546      283      334      359      242      182      542      363      452      548      183      393      408      193      179      410      223      639      553      427      284      633      291      215      176      220      591      392      157      508      302      458      228      130      568      594      358      380      461      452      142      107      345      563      162      432      65       516      477      125      381      
3        189      441      302      0        643      193      204      150      376      393      288      290      334      647      363      193      438      310      181      302      546      281      215      71       356      574      231      384      622      358      381      478      547      494      542      475      427      509      205      443      465      551      107      111      407      571      179      348      272      518      146      379      594      95       479      496      295      363      458      212      560      177      425      340      268      634      146      524      253      389      278      409      238      413      398      324      348      595      440      296      88       
4        670      206      341      643      0        711      501      505      309      251      928      653      374      717      550      636      248      661      471      472      637      901      547      687      914      71       438      723      645      840      833      369      352      472      116      192      803      461      780      802      221      461      749      533      314      464      536      976      888      558      603      956      49       554      164      215      930      635      187      848      251      793      351      356      909      725      686      471      776      699      420      234      636      841      307      702      304      627      701      394      721      
5        42       530      391      193      711      0        375      302      504      478      273      136      479      501      260      78       555      503      257      475      412      214      167      247      205      649      377      207      493      169      189      443      512      417      597      522      237      436      80       254      500      477      179      255      543      497      359      290      199      409      339      245      664      257      553      521      261      218      524      200      559      311      574      359      267      484      47       446      71       220      291      493      431      219      531      516      408      469      275      317      148      
6        354      296      194      204      501      375      0        77       198      261      479      425      141      731      438      340      264      204      178      100      624      483      304      212      558      429      68       526      687      544      560      463      521      520      421      372      587      529      405      599      377      565      303      121      217      583      35       545      474      573      104      583      452      118      345      414      490      475      337      410      496      303      225      303      456      723      329      546      443      522      274      275      150      587      213      240      259      660      563      275      291      
7        279      299      171      150      505      302      77       0        226      255      437      347      185      659      365      263      289      266      107      174      552      430      227      182      492      434      81       449      618      470      486      411      473      457      412      352      510      468      340      522      350      506      257      46       257      525      80       498      420      505      120      521      455      55       342      386      445      398      327      363      462      288      278      253      416      650      258      484      371      444      212      271      201      512      248      297      229      591      486      218      237      
8        471      118      134      376      309      504      198      226      0        112      664      504      65       725      460      445      65       354      248      164      622      655      374      403      705      239      146      599      666      663      670      393      429      479      250      226      673      481      555      679      247      506      483      267      45       521      234      724      645      554      302      738      263      281      171      282      672      525      179      589      371      500      97       255      642      723      465      497      575      585      276      119      327      690      29       395      173      641      611      259      463      
9        440      51       91       393      251      478      261      255      112      0        679      449      165      627      381      409      107      446      226      261      526      656      326      437      683      181      194      535      564      624      625      284      317      376      160      118      613      375      542      617      135      398      499      282      150      411      294      730      644      454      359      722      201      303      87       171      682      455      77       600      259      544      205      165      659      627      447      391      548      517      207      16       407      640      134      486      82       540      536      184      472      
10       311      728      587      288      928      273      479      437      664      679      0        406      617      756      533      344      726      497      457      568      676      80       423      267      221      860      518      450      758      316      355      708      778      690      822      751      441      709      196      461      736      750      181      399      692      770      448      78       92       681      390      200      878      383      763      763      26       486      741      80       814      215      704      600      24       736      269      719      254      472      532      695      443      390      685      488      626      735      526      555      206      
11       110      499      374      290      653      136      425      347      504      449      406      0        497      368      135      96       543      590      263      519      276      340      130      356      284      600      405      101      356      188      180      338      402      293      537      461      169      312      210      177      433      352      309      306      548      371      421      412      325      275      421      332      610      318      509      446      392      82       476      336      466      437      589      299      401      352      163      321      161      100      242      461      517      191      532      610      369      333      150      267      274      
12       450      181      152      334      374      479      141      185      65       165      617      497      0        748      471      428      128      289      234      99       643      615      367      352      676      304      104      595      693      644      655      431      474      510      313      283      666      514      524      674      300      543      439      230      75       559      177      681      605      579      244      706      328      240      234      336      627      528      238      546      424      444      94       282      595      745      438      531      550      584      286      175      262      677      72       330      207      668      616      275      422      
13       478      660      597      647      717      501      731      659      725      627      756      368      748      0        294      460      734      923      553      806      107      681      441      717      576      696      687      306      73       457      422      356      365      254      619      564      333      260      566      315      529      256      677      630      770      255      739      743      667      172      759      624      694      649      639      514      737      287      606      696      466      805      822      469      756      23       531      247      502      284      465      630      854      396      752      950      552      90       229      473      642      
14       224      425      327      363      550      260      438      365      460      381      533      135      471      294      0        194      485      629      261      518      188      472      149      434      419      505      399      174      259      316      299      208      269      157      435      362      253      177      339      252      330      217      412      336      506      237      445      546      457      156      465      467      512      356      423      336      521      85       388      460      341      531      554      216      527      285      272      186      296      149      185      389      560      299      489      656      299      233      156      201      375      
15       35       461      325      193      636      78       340      263      445      409      344      96       428      460      194      0        492      495      197      437      363      290      90       260      277      576      330      193      442      218      226      366      435      347      522      446      247      365      156      260      423      407      220      219      487      427      332      366      275      348      326      320      590      228      480      444      335      172      451      267      481      345      522      283      335      445      78       377      140      196      215      423      422      250      473      514      336      417      247      241      183      
16       520      83       169      438      248      555      264      289      65       107      726      543      128      734      485      492      0        413      297      223      634      715      415      468      759      180      210      634      671      710      715      388      415      483      204      199      710      481      611      715      226      502      545      328      67       515      300      785      704      562      368      793      204      343      130      258      733      556      148      651      344      566      115      271      705      735      519      497      626      617      305      104      390      732      59       454      187      648      640      285      524      
17       497      470      394      310      661      503      204      266      354      446      497      590      289      923      629      495      413      0        374      190      817      532      485      265      645      592      268      689      884      666      691      668      725      723      601      563      737      732      504      752      573      769      364      293      348      788      186      574      530      771      169      656      616      275      522      610      518      653      522      453      695      282      322      508      473      914      457      749      560      690      476      458      72       723      354      41       460      857      737      479      374      
18       223      277      135      181      471      257      178      107      248      226      457      263      234      553      261      197      297      374      0        261      446      431      134      241      461      404      143      363      511      415      423      312      377      351      365      295      432      362      316      441      283      401      281      92       290      421      187      505      418      397      220      497      422      117      307      315      458      302      283      377      380      353      326      162      439      545      222      379      328      354      108      241      308      444      276      404      169      484      391      120      251      
19       453      281      227      302      472      475      100      174      164      261      568      519      99       806      518      437      223      190      261      0        699      578      394      301      658      402      119      620      757      644      660      510      560      580      412      379      684      586      505      695      393      619      397      220      161      636      123      638      570      642      179      681      426      218      333      430      582      564      336      503      518      377      146      353      545      800      429      603      543      613      341      272      170      686      164      231      290      731      652      336      389      
20       385      562      492      546      637      412      624      552      622      526      676      276      643      107      188      363      634      817      446      699      0        605      336      617      515      609      580      234      81       397      365      268      292      164      532      472      283      176      482      268      437      186      582      524      667      193      633      672      590      78       654      564      609      544      545      427      660      193      511      611      391      708      718      366      674      102      437      167      423      208      358      531      748      346      649      844      449      60       160      368      546      
21       255      707      565      281      901      214      483      430      655      656      80       340      615      681      472      290      715      532      431      578      605      0        375      280      143      835      512      375      686      237      275      657      726      629      792      718      362      649      134      382      700      689      180      388      688      709      455      76       15       614      404      131      853      375      738      725      57       418      713      79       769      259      705      561      91       661      221      658      182      398      492      672      471      310      678      529      597      664      451      517      192      
22       125      377      246      215      547      167      304      227      374      326      423      130      367      441      149      90       415      485      134      394      336      375      0        286      367      488      277      228      409      298      299      285      355      282      432      356      299      299      244      307      333      341      277      192      418      361      305      452      361      303      318      410      501      209      393      354      417      171      363      344      394      387      459      193      411      429      155      313      229      219      126      339      414      316      403      510      249      382      258      152      240      
23       250      482      349      71       687      247      212      182      403      437      267      356      352      717      434      260      468      265      241      301      617      280      286      0        381      617      257      447      693      402      430      546      614      565      592      528      484      580      238      501      521      622      101      157      428      642      180      337      275      590      124      395      638      134      524      554      280      431      507      203      622      111      437      403      244      704      202      595      297      454      344      453      197      463      422      272      401      667      507      361      108      
24       244      735      596      356      914      205      558      492      705      683      221      284      676      576      419      277      759      645      461      658      515      143      367      381      0        853      572      281      593      119      154      622      687      573      799      723      244      593      152      263      700      631      281      446      743      649      536      177      136      540      498      49       868      441      758      719      195      346      728      208      747      388      770      560      234      555      239      600      137      309      493      698      578      184      731      647      613      575      355      519      275      
25       609      135      272      574      71       649      429      434      239      181      860      600      304      696      505      576      180      592      404      402      609      835      488      617      853      0        366      675      625      784      780      341      336      445      77       142      754      436      717      755      176      442      680      464      246      448      464      910      823      531      532      894      24       484      96       182      862      588      125      780      240      722      287      300      841      702      622      448      716      652      362      165      566      790      239      633      240      606      659      336      653      
26       350      232      127      231      438      377      68       81       146      194      518      405      104      687      399      330      210      268      143      119      580      512      277      257      572      366      0        505      639      543      556      402      457      465      354      304      572      472      420      582      309      507      338      126      175      525      100      579      502      524      166      601      388      136      279      346      526      445      270      444      429      358      198      242      496      681      334      489      447      497      223      209      218      580      167      305      192      612      534      219      319      
27       196      584      467      384      723      207      526      449      599      535      450      101      595      306      174      193      634      689      363      620      234      375      228      447      281      675      505      0        314      164      136      379      435      308      607      533      80       328      262      81       502      362      386      408      644      378      522      439      361      262      520      330      683      419      588      510      431      88       555      392      514      518      686      377      451      286      246      332      196      29       329      546      616      127      628      707      454      294      76       351      355      
28       465      595      541      622      645      493      687      618      666      564      758      356      693      73       259      442      671      884      511      757      81       686      409      693      593      625      639      314      0        474      441      288      293      188      548      495      356      192      563      341      461      184      662      593      710      181      698      752      671      115      724      642      622      614      571      445      741      274      539      692      394      786      763      412      756      87       517      178      504      288      415      567      816      420      693      913      492      26       238      421      626      
29       193      675      542      358      840      169      544      470      663      624      316      188      644      457      316      218      710      666      415      644      397      237      298      402      119      784      543      164      474      0        38       523      585      465      723      647      127      485      167      147      620      521      314      424      705      538      528      289      224      425      505      167      796      426      691      635      293      237      659      278      654      440      739      484      324      436      215      491      105      193      422      637      594      73       691      675      547      457      237      448      294      
30       207      676      546      381      833      189      560      486      670      625      355      180      655      422      299      226      715      691      423      660      365      275      299      430      154      780      556      136      441      38       0        507      567      443      717      641      90       463      200      109      613      498      346      440      713      514      547      327      263      398      528      202      791      443      688      626      332      217      656      314      639      473      749      479      362      400      236      467      133      165      420      638      619      36       699      702      547      425      205      445      323      
31       401      309      283      478      369      443      463      411      393      284      708      338      431      356      208      366      388      668      312      510      268      657      285      546      622      341      402      379      288      523      507      0        69       104      264      207      457      96       523      452      172      114      558      405      434      128      485      733      642      190      530      670      341      430      283      159      701      292      251      629      135      656      488      160      697      361      439      110      492      352      204      284      610      506      417      703      223      267      342      192      522      
32       470      332      334      547      352      512      521      473      429      317      778      402      474      365      269      435      415      725      377      560      292      726      355      614      687      336      457      435      293      585      567      69       0        134      259      220      511      118      591      504      189      109      628      470      468      112      544      802      711      214      593      735      331      495      297      162      770      350      269      699      101      724      522      220      767      374      509      124      559      407      270      314      669      563      451      761      269      276      391      256      592      
33       379      406      359      494      472      417      520      457      479      376      690      293      510      254      157      347      483      723      351      580      164      629      282      565      573      445      465      308      188      465      443      104      134      0        368      310      381      20       496      373      275      60       559      441      523      80       536      704      614      86       571      623      444      464      384      263      678      228      352      614      229      670      576      228      682      258      425      30       453      279      246      378      659      436      505      755      306      165      258      245      521      
34       556      131      242      542      116      597      421      412      250      160      822      537      313      619      435      522      204      601      365      412      532      792      432      592      799      77       354      607      548      723      717      264      259      368      0        76       687      359      668      687      105      365      646      435      270      371      455      867      779      454      520      842      77       457      78       105      823      519      85       742      165      701      319      240      804      625      574      371      662      583      306      145      566      725      258      641      195      528      588      280      616      
35       480      115      182      475      192      522      372      352      226      118      751      461      283      564      362      446      199      563      295      379      472      718      356      528      723      142      304      533      495      647      641      207      220      310      76       0        613      303      594      613      35       316      576      371      258      326      404      794      705      395      466      766      150      394      77       58       751      446      50       670      145      638      311      164      734      568      499      317      586      510      230      108      521      650      243      603      126      474      517      204      546      
36       240      662      542      427      803      237      587      510      673      613      441      169      666      333      253      247      710      737      432      684      283      362      299      484      244      754      572      80       356      127      90       457      511      381      687      613      0        400      271      19       582      431      411      467      717      446      579      416      349      325      570      291      763      475      667      590      419      168      634      394      592      542      758      456      446      311      282      402      201      105      406      624      664      63       701      752      532      341      127      429      383      
37       397      403      363      509      461      436      529      468      481      375      709      312      514      260      177      365      481      732      362      586      176      649      299      580      593      436      472      328      192      485      463      96       118      20       359      303      400      0        515      392      269      42       576      453      524      62       546      723      634      97       583      643      435      477      379      254      698      248      347      633      215      685      577      233      700      266      443      16       473      299      256      377      669      456      506      765      308      170      277      253      538      
38       121      593      452      205      780      80       405      340      555      542      196      210      524      566      339      156      611      504      316      505      482      134      244      238      152      717      420      262      563      167      200      523      591      496      668      594      271      515      0        290      573      556      147      294      592      576      384      210      119      485      350      182      733      288      620      597      182      290      593      129      637      273      618      433      192      547      94       525      69       281      365      557      434      235      581      510      476      540      336      390      130      
39       254      665      548      443      802      254      599      522      679      617      461      177      674      315      252      260      715      752      441      695      268      382      307      501      263      755      582      81       341      147      109      452      504      373      687      613      19       392      290      0        582      422      429      479      724      436      592      436      369      314      584      310      763      488      669      588      439      167      636      414      587      560      766      459      466      293      298      393      220      103      410      628      679      81       708      768      536      326      116      433      401      
40       458      143      183      465      221      500      377      350      247      135      736      433      300      529      330      423      226      573      283      393      437      700      333      521      700      176      309      502      461      620      613      172      189      275      105      35       582      269      573      582      0        283      564      364      282      293      407      777      686      360      467      743      181      388      111      37       734      414      80       655      124      632      336      140      720      533      480      283      562      478      208      128      527      620      266      612      121      439      483      183      532      
41       439      422      393      551      461      477      565      506      506      398      750      352      543      256      217      407      502      769      401      619      186      689      341      622      631      442      507      362      184      521      498      114      109      60       365      316      431      42       556      422      283      0        618      493      548      20       583      764      674      113      622      681      439      516      394      263      739      284      363      675      210      727      602      265      742      265      485      31       513      332      293      398      707      488      531      802      335      166      306      289      580      
42       198      548      408      107      749      179      303      257      483      499      181      309      439      677      412      220      545      364      281      397      582      180      277      101      281      680      338      386      662      314      346      558      628      559      646      576      411      576      147      429      564      618      0        218      513      638      274      242      174      568      224      293      700      202      584      594      188      390      563      107      652      131      527      433      160      660      145      589      212      399      367      515      298      381      505      367      450      637      454      389      37       
43       233      330      193      111      533      255      121      46       267      282      399      306      230      630      336      219      328      293      92       220      524      388      192      157      446      464      126      408      593      424      440      405      470      441      435      371      467      453      294      479      364      493      218      0        301      512      114      457      377      482      131      475      484      25       369      398      405      362      351      323      469      268      324      252      379      620      211      469      325      405      201      298      223      466      290      319      244      566      448      213      196      
44       512      144      179      407      314      543      217      257      45       150      692      548      75       770      506      487      67       348      290      161      667      688      418      428      743      246      175      644      710      705      713      434      468      523      270      258      717      524      592      724      282      548      513      301      0        562      252      755      678      598      320      775      270      312      194      316      701      571      208      620      404      520      54       300      670      768      504      540      615      630      321      154      331      733      17       389      218      686      657      304      495      
45       459      434      410      571      464      497      583      525      521      411      770      371      559      255      237      427      515      788      421      636      193      709      361      642      649      448      525      378      181      538      514      128      112      80       371      326      446      62       576      436      293      20       638      512      562      0        602      783      694      123      641      698      444      536      403      271      758      302      373      694      213      747      616      282      762      265      505      50       532      348      313      411      726      504      545      821      351      167      319      308      601      
46       342      331      223      179      536      359      35       80       234      294      448      421      177      739      445      332      300      186      187      123      633      455      305      180      536      464      100      522      698      528      547      485      544      536      455      404      579      546      384      592      407      583      274      114      252      602      0        516      447      585      68       559      487      104      379      444      460      476      370      381      524      267      257      325      424      730      313      563      426      519      290      309      125      576      248      219      288      671      563      294      266      
47       331      781      639      348      976      290      545      498      724      730      78       412      681      743      546      366      785      574      505      638      672      76       452      337      177      910      579      439      752      289      327      733      802      704      867      794      416      723      210      436      777      764      242      457      755      783      516      0        91       685      461      143      927      443      813      802      57       488      788      135      846      293      770      638      102      722      298      732      252      464      569      746      518      359      746      566      672      732      515      594      260      
48       240      695      553      272      888      199      474      420      645      644      92       325      605      667      457      275      704      530      418      570      590      15       361      275      136      823      502      361      671      224      263      642      711      614      779      705      349      634      119      369      686      674      174      377      678      694      447      91       0        599      398      129      840      365      726      711      70       403      700      77       755      259      697      548      100      647      207      643      167      384      478      660      467      298      668      527      584      650      437      503      183      
49       376      488      427      518      558      409      573      505      554      454      681      275      579      172      156      348      562      771      397      642      78       614      303      590      540      531      524      262      115      425      398      190      214      86       454      395      325      97       485      314      360      113      568      482      598      123      585      685      599      0        613      590      531      503      468      349      667      197      435      610      313      688      651      298      676      173      426      90       433      233      301      458      704      385      581      801      380      88       198      306      531      
