
sets
i        orders          /0*80/
k        routes          /1*80/
p        positions       /0*80/
;

alias(i,j)
alias(i,h)
alias(i,hh)
alias(i,jj)
alias(k,kk)
                
                    Parameters

rho(i)	Processing time
/
0	0
1	70
2	48
3	99
4	38
5	72
6	26
7	72
8	31
9	21
10	19
11	99
12	75
13	77
14	84
15	77
16	17
17	1
18	31
19	43
20	64
21	11
22	79
23	53
24	36
25	87
26	58
27	20
28	31
29	11
30	39
31	49
32	31
33	47
34	54
35	50
36	16
37	33
38	69
39	73
40	76
41	94
42	61
43	4
44	76
45	73
46	18
47	12
48	12
49	62
50	26
51	45
52	56
53	15
54	18
55	16
56	46
57	75
58	91
59	10
60	25
61	73
62	46
63	49
64	9
65	78
66	25
67	78
68	48
69	73
70	5
71	26
72	31
73	28
74	76
75	37
76	38
77	74
78	19
79	31
80	85
/

gamma(i)	Duedate
/
0	0
1	1
2	7
3	52
4	48
5	35
6	57
7	75
8	29
9	88
10	44
11	8
12	40
13	36
14	94
15	4
16	33
17	58
18	63
19	71
20	50
21	93
22	35
23	13
24	32
25	55
26	25
27	23
28	40
29	29
30	93
31	43
32	64
33	30
34	18
35	33
36	44
37	46
38	32
39	43
40	89
41	44
42	38
43	85
44	12
45	39
46	67
47	35
48	13
49	3
50	57
51	33
52	49
53	50
54	75
55	8
56	73
57	17
58	79
59	48
60	88
61	12
62	55
63	38
64	50
65	28
66	66
67	27
68	7
69	43
70	16
71	37
72	54
73	38
74	18
75	40
76	54
77	13
78	30
79	42
80	52
/

sigma(i)	Size
/
0	0
1	3
2	3
3	8
4	7
5	7
6	8
7	7
8	5
9	3
10	7
11	9
12	2
13	6
14	7
15	3
16	6
17	7
18	3
19	9
20	1
21	7
22	7
23	8
24	7
25	7
26	1
27	5
28	9
29	8
30	5
31	7
32	7
33	9
34	8
35	8
36	1
37	4
38	5
39	8
40	5
41	8
42	2
43	4
44	4
45	2
46	6
47	4
48	2
49	3
50	3
51	6
52	7
53	1
54	9
55	5
56	3
57	6
58	4
59	2
60	6
61	6
62	3
63	3
64	4
65	3
66	9
67	3
68	6
69	1
70	2
71	2
72	8
73	7
74	9
75	1
76	4
77	4
78	7
79	7
80	6
/

epsilon(i)	Priority
/
0	0
1	7
2	3
3	7
4	9
5	1
6	7
7	3
8	4
9	7
10	6
11	2
12	4
13	9
14	5
15	3
16	4
17	8
18	7
19	5
20	8
21	9
22	5
23	5
24	7
25	6
26	3
27	9
28	9
29	6
30	6
31	7
32	9
33	7
34	6
35	4
36	9
37	1
38	4
39	4
40	3
41	9
42	9
43	7
44	2
45	8
46	8
47	2
48	2
49	3
50	4
51	8
52	9
53	8
54	3
55	7
56	4
57	4
58	4
59	8
60	6
61	8
62	5
63	6
64	2
65	7
66	2
67	4
68	7
69	3
70	6
71	7
72	3
73	7
74	3
75	6
76	5
77	6
78	2
79	1
80	7
/

psi	Vehicle Capacity
/ 12 /
;

Table kappa(i,j)                 Setup
         0        1        2        3        4        5        6        7        8        9        10       11       12       13       14       15       16       17       18       19       20       21       22       23       24       25       26       27       28       29       30       31       32       33       34       35       36       37       38       39       40       41       42       43       44       45       46       47       48       49       50       51       52       53       54       55       56       57       58       59       60       61       62       63       64       65       66       67       68       69       70       71       72       73       74       75       76       77       78       79       80       
0        0        677      376      483      552      322      398      91       682      558      743      803      345      176      694      231      714      680      195      66       707      210      316      563      729      869      245      76       794      332      524      576      404      756      517      214      521      764      699      515      504      689      474      724      86       418      621      497      750      269      428      349      817      464      644      557      74       661      500      665      787      419      709      358      703      373      339      684      514      816      785      479      519      429      128      616      437      515      579      188      734      
1        677      0        391      569      613      372      381      596      106      358      121      130      488      505      498      565      234      426      501      639      278      484      376      291      640      259      595      606      310      347      256      102      446      79       416      468      175      414      219      359      471      497      204      408      739      548      626      472      113      536      364      388      181      304      459      150      751      615      291      465      146      373      558      442      488      470      501      43       166      166      182      263      343      598      563      328      452      162      515      573      159      
2        376      391      0        226      294      258      22       331      448      496      497      494      97       267      675      187      539      624      294      372      334      171      109      457      421      517      210      332      422      208      163      297      78       466      158      252      313      390      521      141      173      336      216      351      406      178      343      528      424      151      388      36       568      99       287      344      443      363      398      637      533      388      372      394      345      85       432      417      238      556      440      349      454      227      316      522      106      250      254      211      513      
3        483      569      226      0        73       478      219      478      645      722      686      643      163      446      901      253      750      850      481      508      397      337      327      681      247      609      239      471      471      430      312      490      148      633      158      445      529      371      732      212      102      243      430      330      471      66       139      750      564      219      612      257      750      272      218      556      531      178      623      863      715      612      241      611      263      149      642      603      441      734      553      574      680      66       478      747      125      456      121      297      711      
4        552      613      294      73       0        549      285      550      696      789      732      676      236      519      968      323      806      914      555      580      413      411      398      745      185      624      306      543      477      501      359      541      216      672      196      519      589      361      787      254      143      220      490      324      535      139      71       821      596      291      682      327      793      328      210      614      596      117      689      930      758      682      199      683      241      222      715      649      497      775      576      640      747      123      551      810      189      512      112      367      760      
5        322      372      258      478      549      0        272      234      361      270      422      501      320      146      439      310      394      402      132      274      488      186      150      255      677      599      347      247      567      52       311      277      333      447      406      109      203      590      378      368      430      577      187      559      398      421      601      273      462      307      142      222      496      278      526      237      394      620      189      403      468      139      621      137      582      328      181      370      226      497      512      158      226      463      198      316      364      221      510      291      411      
6        398      381      22       219      285      272      0        354      442      504      489      480      107      288      683      206      537      630      314      395      313      194      126      461      404      498      227      354      400      221      145      289      73       454      138      272      312      367      519      118      158      315      214      328      428      178      331      540      409      169      398      56       559      82       266      342      466      348      404      644      524      399      353      409      324      90       449      409      232      547      422      355      462      227      338      527      96       245      238      232      507      
7        91       596      331      478      550      234      354      0        595      467      656      724      324      91       607      229      624      590      104      44       650      159      252      472      719      800      256      16       737      249      465      496      375      674      484      128      435      721      609      472      481      661      396      682      174      412      617      412      675      259      337      300      731      409      614      471      160      652      409      577      701      328      688      269      673      349      255      600      436      731      715      389      428      433      37       525      410      436      560      187      646      
8        682      106      448      645      696      361      442      595      0        274      61       192      545      505      398      604      127      324      493      636      383      506      407      210      738      348      637      607      416      351      336      155      512      128      500      467      161      520      113      442      553      597      235      513      752      617      716      397      210      581      312      436      135      373      557      124      754      709      229      366      107      323      657      398      589      532      455      64       210      137      280      219      269      667      559      233      523      198      605      605      65       
9        558      358      496      722      789      270      504      467      274      0        321      466      577      397      179      580      210      132      366      496      598      456      404      66       886      616      617      483      653      302      473      325      574      401      616      365      228      727      204      565      655      762      314      708      642      673      830      127      471      575      133      467      374      473      714      226      620      840      100      141      361      140      816      202      761      578      241      327      326      388      540      150      43       719      431      66       600      311      727      561      281      
10       743      121      497      686      732      422      489      656      61       321      0        157      594      566      426      659      140      353      554      697      393      565      463      260      761      323      691      668      412      411      374      200      558      100      536      528      221      528      132      478      590      618      290      525      812      662      747      447      198      635      371      488      75       417      581      185      816      737      287      398      45       382      679      458      608      579      514      83       260      75       266      280      321      712      620      272      566      250      637      662      50       
11       803      130      494      643      676      501      480      724      192      466      157      0        587      633      583      676      298      510      630      768      285      605      496      401      668      166      703      734      278      475      340      227      537      64       485      597      305      409      289      431      541      523      328      417      862      633      676      587      80       644      489      497      161      398      495      277      877      657      411      554      140      499      583      570      509      566      628      143      289      135      126      389      457      682      691      424      536      287      569      689      208      
12       345      488      97       163      236      320      107      324      545      577      594      587      0        284      754      121      634      707      318      359      401      175      173      542      395      597      131      320      487      277      249      394      64       562      176      282      407      429      616      191      159      343      312      388      355      101      298      594      515      80       459      113      665      188      300      439      404      329      481      716      630      458      365      451      358      29       480      515      335      653      524      434      533      142      319      608      92       347      235      159      610      
13       176      505      267      446      519      146      288      91       505      397      566      633      284      0        550      219      539      525      38       134      570      108      173      393      676      712      254      102      655      158      384      405      323      583      424      37       345      649      524      405      430      603      305      613      252      381      582      361      585      235      264      232      641      332      554      381      249      612      329      517      611      257      636      210      613      303      216      509      346      640      626      304      355      411      58       451      358      346      511      185      557      
14       694      498      675      901      968      439      683      607      398      179      426      583      754      550      0        748      287      73       515      629      759      623      580      231      1063     746      786      623      806      477      648      488      753      522      794      523      399      892      294      742      834      937      490      876      780      851      1009     197      608      747      297      645      455      651      889      389      748      1018     279      38       455      301      992      340      934      756      355      460      499      476      678      329      221      896      573      174      779      483      906      726      377      
15       231      565      187      253      323      310      206      229      604      580      659      676      121      219      748      0        675      712      258      256      516      125      197      559      498      704      37       221      603      282      350      464      185      642      298      233      451      551      658      309      277      462      369      510      234      187      392      570      609      41       451      179      733      286      420      486      285      430      493      713      699      447      479      420      477      151      435      585      400      725      627      453      536      204      236      623      214      409      348      44       666      
16       714      234      539      750      806      394      537      624      127      210      140      298      634      539      287      675      0        214      519      660      511      565      479      164      860      463      711      638      542      401      450      267      610      239      613      503      227      647      18       555      663      721      323      639      792      715      831      337      332      659      300      521      171      478      679      195      784      828      217      261      168      310      781      387      714      625      436      191      309      190      402      235      225      765      586      149      626      294      721      669      90       
17       680      426      624      850      914      402      630      590      324      132      353      510      707      525      73       712      214      0        493      616      689      588      534      170      1002     672      749      606      734      434      585      420      702      448      736      494      335      824      220      682      778      873      430      809      765      802      953      197      534      707      263      596      383      593      826      322      739      959      226      48       382      268      929      321      870      707      348      387      435      404      605      275      175      848      555      107      726      420      847      693      304      
18       195      501      294      481      555      132      314      104      493      366      554      630      318      38       515      258      519      493      0        143      585      143      194      368      708      717      292      119      669      156      400      404      355      578      452      43       335      670      504      429      461      630      306      635      276      417      616      325      586      273      234      258      628      351      581      370      265      645      305      483      600      226      666      175      639      337      178      502      347      629      631      284      326      448      67       423      389      345      542      224      542      
19       66       639      372      508      580      274      395      44       636      496      697      768      359      134      629      256      660      616      143      0        694      200      296      506      752      844      278      40       781      292      508      540      413      717      523      171      477      762      646      513      517      699      440      724      152      442      648      432      719      289      368      342      771      452      652      512      124      684      444      600      743      359      724      295      711      385      274      642      480      772      759      427      458      460      77       556      447      480      595      212      685      
20       707      278      334      397      413      488      313      650      383      598      393      285      401      570      759      516      511      689      585      694      0        497      398      534      383      212      532      654      87       440      186      272      338      304      245      543      372      136      496      210      297      239      312      133      741      409      401      689      208      477      553      357      432      242      215      372      777      376      508      723      401      560      299      607      224      373      662      321      283      409      168      463      570      450      627      585      322      295      301      545      436      
21       210      484      171      337      411      186      194      159      506      456      565      605      175      108      623      125      565      588      143      200      497      0        109      438      569      660      162      160      584      164      313      381      219      563      325      111      347      561      548      313      325      502      280      523      257      273      474      445      546      131      326      141      640      254      455      384      282      504      372      588      607      322      532      295      514      196      314      497      317      635      577      336      413      305      147      501      254      322      406      106      565      
22       316      376      109      327      398      150      126      252      407      404      463      496      173      173      580      197      479      534      194      296      398      109      0        372      530      552      232      257      484      103      212      274      183      455      264      151      253      476      461      235      282      440      174      441      367      272      451      423      437      180      286      72       538      158      390      289      390      472      309      543      505      285      480      286      448      178      323      392      209      531      468      264      360      316      229      438      215      216      363      198      469      
23       563      291      457      681      745      255      461      472      210      66       260      401      542      393      231      559      164      170      368      506      534      438      372      0        833      549      596      487      588      277      417      261      534      336      566      359      168      665      155      513      608      706      260      647      644      635      783      187      404      549      138      430      318      423      658      161      630      789      66       193      302      148      761      223      703      540      271      261      268      330      473      108      62       682      435      65       557      252      677      545      224      
24       729      640      421      247      185      677      404      719      738      886      761      668      395      676      1063     498      860      1002     708      752      383      569      530      833      0        574      486      714      417      625      417      594      353      682      273      668      666      278      842      321      248      145      572      256      718      311      115      939      590      463      796      457      810      413      181      683      778      69       785      1025     777      798      84       814      159      372      854      682      567      788      550      735      847      306      714      895      318      583      166      542      798      
25       869      259      517      609      624      599      498      800      348      616      323      166      597      712      746      704      463      672      717      844      212      660      552      549      574      0        725      807      157      561      354      326      537      223      455      679      424      297      453      413      508      435      412      319      915      617      608      731      146      667      617      531      323      418      421      405      942      578      549      715      306      626      491      691      417      571      749      289      373      298      86       517      602      660      771      581      526      378      512      726      373      
26       245      595      210      239      306      347      227      256      637      617      691      703      131      254      786      37       711      749      292      278      532      162      232      596      486      725      0        246      618      319      372      495      195      671      304      269      486      558      693      322      277      460      402      516      235      176      376      607      634      59       488      207      765      309      421      521      292      417      530      750      731      484      472      456      477      160      470      616      432      756      649      490      574      184      266      660      219      441      343      70       700      
27       76       606      332      471      543      247      354      16       607      483      668      734      320      102      623      221      638      606      119      40       654      160      257      487      714      807      246      0        741      260      469      506      373      685      482      139      447      722      623      473      477      659      405      683      158      405      611      428      684      252      352      301      743      412      612      483      147      647      424      593      713      344      685      285      671      345      272      611      445      742      722      403      443      425      52       541      407      446      556      178      659      
28       794      310      422      471      477      567      400      737      416      653      412      278      487      655      806      603      542      734      669      781      87       584      484      588      417      157      618      741      0        521      272      330      423      314      325      627      434      140      528      295      373      279      386      162      828      489      455      752      214      563      622      445      437      330      269      428      864      423      569      771      411      629      334      682      260      458      738      351      353      412      152      528      629      527      713      633      405      364      365      632      459      
29       332      347      208      430      501      52       221      249      351      302      411      475      277      158      477      282      401      434      156      292      440      164      103      277      625      561      319      260      521      0        261      248      284      425      353      121      190      539      384      315      379      524      150      507      400      376      551      320      430      273      182      173      486      226      474      226      406      569      212      440      456      181      569      189      529      282      234      351      190      484      475      172      259      419      215      341      315      188      459      270      406      
30       524      256      163      312      359      311      145      465      336      473      374      340      249      384      648      350      450      585      400      508      186      313      212      417      417      354      372      469      272      261      0        183      197      322      163      357      249      279      432      105      216      289      159      249      563      294      380      542      266      314      399      177      437      63       241      266      595      379      374      610      402      404      344      439      288      226      491      291      150      422      277      324      437      343      441      478      197      165      270      372      401      
31       576      102      297      490      541      277      289      496      155      325      200      227      394      405      488      464      267      420      404      540      272      381      274      261      594      326      495      506      330      248      183      0        358      181      347      369      103      404      249      288      398      458      101      388      636      462      564      422      185      437      296      289      271      218      414      99       650      560      238      451      236      304      516      365      452      379      423      121      64       261      240      198      299      512      463      314      368      60       453      471      220      
32       404      446      78       148      216      333      73       375      512      574      558      537      64       323      753      185      610      702      355      413      338      219      183      534      353      537      195      373      423      284      197      358      0        517      113      315      385      365      592      128      106      286      287      324      418      105      268      605      463      144      465      111      626      141      240      414      465      291      475      715      591      465      313      469      299      35       504      476      303      612      467      427      532      155      366      599      34       316      187      221      577      
33       756      79       466      633      672      447      454      674      128      401      100      64       562      583      522      642      239      448      578      717      304      563      455      336      682      223      671      685      314      425      322      181      517      0        477      546      247      436      229      421      533      537      283      438      818      617      679      523      100      613      427      464      127      375      504      217      830      664      348      492      97       437      598      509      525      543      567      81       245      106      166      328      393      666      640      361      520      241      569      652      150      
34       517      416      158      158      196      406      138      484      500      616      536      485      176      424      794      298      613      736      452      523      245      325      264      566      273      455      304      482      325      353      163      347      113      477      0        410      403      253      595      58       56       178      306      212      532      163      218      666      406      257      523      194      597      143      130      425      579      223      515      756      562      525      216      543      189      146      585      453      307      580      395      465      577      205      471      630      85       322      111      335      565      
35       214      468      252      445      519      109      272      128      467      365      528      597      282      37       523      233      503      494      43       171      543      111      151      359      668      679      269      139      627      121      357      369      315      546      410      0        307      627      487      386      421      588      270      592      289      381      579      338      550      243      232      216      603      308      538      343      287      606      294      489      573      226      624      187      597      298      202      472      310      602      593      267      323      416      94       417      349      310      502      204      519      
36       521      175      313      529      589      203      312      435      161      228      221      305      407      345      399      451      227      335      335      477      372      347      253      168      666      424      486      447      434      190      249      103      385      247      403      307      0        499      209      348      448      538      99       480      590      490      622      318      279      432      193      293      296      261      490      36       594      625      136      361      266      202      593      267      535      399      326      168      99       295      340      95       197      540      399      228      404      84       514      448      218      
37       764      414      390      371      361      590      367      721      520      727      528      409      429      649      892      551      647      824      670      762      136      561      476      665      278      297      558      722      140      539      279      404      365      436      253      627      499      0        632      249      287      147      428      41       784      404      328      811      337      510      672      420      563      319      153      503      829      291      634      856      534      678      196      718      126      399      770      457      405      539      285      588      697      434      702      718      338      419      253      587      572      
38       699      219      521      732      787      378      519      609      113      204      132      289      616      524      294      658      18       220      504      646      496      548      461      155      842      453      693      623      528      384      432      249      592      229      595      487      209      632      0        537      645      704      305      623      776      697      813      332      320      641      288      503      171      460      662      177      769      810      204      265      164      298      764      375      697      607      426      177      290      188      390      220      216      747      572      147      607      276      703      652      84       
39       515      359      141      212      254      368      118      472      442      565      478      431      191      405      742      309      555      682      429      513      210      313      235      513      321      413      322      473      295      315      105      288      128      421      58       386      348      249      537      0        112      208      252      210      539      206      275      621      353      269      477      173      539      93       158      368      581      277      464      704      505      480      256      504      214      162      549      395      251      523      348      414      526      252      456      575      112      266      166      342      506      
40       504      471      173      102      143      430      158      481      553      655      590      541      159      430      834      277      663      778      461      517      297      325      282      608      248      508      277      477      373      379      216      398      106      533      56       421      448      287      645      112      0        184      350      245      510      117      175      697      462      237      555      209      652      187      144      472      562      190      554      796      617      556      207      567      200      132      606      507      355      635      450      504      614      153      472      672      71       370      81       318      617      
41       689      497      336      243      220      577      315      661      597      762      618      523      343      603      937      462      721      873      630      699      239      502      440      706      145      435      460      659      279      524      289      458      286      537      178      588      538      147      704      208      184      0        449      116      694      290      181      827      445      422      684      372      665      300      50       551      747      144      663      899      633      687      60       713      21       315      758      539      438      643      406      614      726      309      649      766      252      453      122      502      656      
42       474      204      216      430      490      187      214      396      235      314      290      328      312      305      490      369      323      430      306      440      312      280      174      260      572      412      402      405      386      150      159      101      287      283      306      270      99       428      305      252      350      449      0        403      535      392      523      384      280      345      244      201      364      163      400      127      548      529      214      452      330      249      502      296      448      302      352      217      40       356      325      165      277      442      364      324      305      41       417      373      299      
43       724      408      351      330      324      559      328      682      513      708      525      417      388      613      876      510      639      809      635      724      133      523      441      647      256      319      516      683      162      507      249      388      324      438      212      592      480      41       623      210      245      116      403      0        743      362      295      787      341      468      647      382      565      284      114      486      789      261      613      839      535      652      172      689      98       358      739      451      383      542      295      565      676      393      665      702      296      397      214      546      568      
44       86       739      406      471      535      398      428      174      752      642      812      862      355      252      780      234      792      765      276      152      741      257      367      644      718      915      235      158      828      400      563      636      418      818      532      289      590      784      776      539      510      694      535      743      0        410      606      584      804      275      510      386      887      501      654      627      68       649      580      751      856      502      707      443      710      385      426      749      573      884      833      556      602      412      210      699      448      576      578      197      806      
45       418      548      178      66       139      421      178      412      617      673      662      633      101      381      851      187      715      802      417      442      409      273      272      635      311      617      176      405      489      376      294      462      105      617      163      381      490      404      697      206      117      290      392      362      410      0        205      694      557      153      558      205      729      245      256      520      468      242      575      813      694      557      297      552      308      94       581      580      409      715      554      527      630      50       412      701      97       422      169      231      682      
46       621      626      343      139      71       601      331      617      716      830      747      676      298      582      1009     392      831      953      616      648      401      474      451      783      115      608      376      611      455      551      380      564      268      679      218      579      622      328      813      275      175      181      523      295      606      205      0        871      596      359      729      378      804      360      187      644      667      49       730      971      770      730      145      737      202      280      772      665      526      785      569      680      790      194      616      847      236      541      111      436      779      
47       497      472      528      750      821      273      540      412      397      127      447      587      594      361      197      570      337      197      325      432      689      445      423      187      939      731      607      428      752      320      542      422      605      523      666      338      318      811      332      621      697      827      384      787      584      694      871      0        585      575      143      494      502      528      777      328      551      887      184      171      488      141      877      151      829      601      158      445      406      516      651      225      129      736      379      189      635      393      775      543      408      
48       750      113      424      564      596      462      409      675      210      471      198      80       515      585      608      609      332      534      586      719      208      546      437      404      590      146      634      684      214      430      266      185      463      100      406      550      279      337      320      353      462      445      280      341      804      557      596      585      0        575      472      430      225      326      415      259      824      577      402      575      197      481      506      547      431      492      606      147      239      202      70       372      456      604      644      439      460      242      489      625      247      
49       269      536      151      219      291      307      169      259      581      575      635      644      80       235      747      41       659      707      273      289      477      131      180      549      463      667      59       252      563      273      314      437      144      613      257      243      432      510      641      269      237      422      345      468      275      153      359      575      575      0        449      148      707      250      379      467      325      395      485      711      673      446      440      426      437      110      446      558      374      698      591      442      531      177      260      614      172      384      310      81       644      
