

sets
i        orders          /0*80/
k        routes          /1*80/
p        positions       /0*80/
;

alias(i,j)
alias(i,h)
alias(i,hh)
alias(i,jj)
alias(k,kk)
                            Parameters

rho(i)	Processing time
/
0	0
1	25
2	82
3	24
4	44
5	93
6	55
7	87
8	69
9	75
10	43
11	57
12	53
13	44
14	46
15	37
16	32
17	3
18	10
19	69
20	19
21	95
22	18
23	11
24	61
25	38
26	12
27	50
28	76
29	74
30	65
31	40
32	94
33	42
34	37
35	11
36	12
37	80
38	44
39	61
40	10
41	39
42	42
43	34
44	22
45	97
46	38
47	88
48	55
49	13
50	68
51	74
52	14
53	51
54	57
55	36
56	73
57	2
58	15
59	86
60	53
61	84
62	42
63	83
64	97
65	24
66	88
67	55
68	31
69	54
70	91
71	92
72	97
73	88
74	72
75	2
76	91
77	88
78	92
79	74
80	95
/

gamma(i)	Duedate
/
0	0
1	74
2	48
3	70
4	68
5	21
6	18
7	89
8	25
9	88
10	35
11	86
12	21
13	26
14	31
15	86
16	67
17	21
18	34
19	60
20	21
21	31
22	96
23	65
24	18
25	59
26	72
27	90
28	43
29	19
30	9
31	60
32	22
33	55
34	53
35	22
36	93
37	58
38	25
39	9
40	88
41	39
42	12
43	4
44	40
45	90
46	51
47	36
48	78
49	98
50	23
51	93
52	66
53	56
54	73
55	44
56	70
57	2
58	77
59	57
60	16
61	20
62	29
63	88
64	31
65	76
66	24
67	44
68	64
69	11
70	33
71	84
72	23
73	27
74	94
75	38
76	88
77	40
78	9
79	87
80	23
/

sigma(i)	Size
/
0	0
1	2
2	9
3	3
4	8
5	1
6	4
7	3
8	5
9	1
10	5
11	1
12	8
13	8
14	9
15	5
16	5
17	3
18	2
19	9
20	2
21	5
22	9
23	9
24	8
25	7
26	7
27	7
28	4
29	8
30	8
31	8
32	7
33	8
34	9
35	7
36	1
37	9
38	6
39	9
40	2
41	5
42	3
43	7
44	1
45	9
46	7
47	7
48	1
49	3
50	7
51	5
52	2
53	3
54	6
55	4
56	8
57	5
58	1
59	9
60	7
61	3
62	9
63	7
64	2
65	7
66	4
67	6
68	8
69	8
70	5
71	1
72	5
73	7
74	5
75	3
76	5
77	1
78	8
79	1
80	1
/

epsilon(i)	Priority
/
0	0
1	7
2	7
3	7
4	1
5	8
6	5
7	8
8	3
9	3
10	6
11	9
12	9
13	3
14	3
15	3
16	5
17	1
18	1
19	2
20	1
21	3
22	2
23	4
24	6
25	3
26	2
27	9
28	8
29	6
30	8
31	1
32	7
33	9
34	2
35	8
36	3
37	4
38	6
39	9
40	8
41	2
42	5
43	4
44	2
45	2
46	4
47	4
48	1
49	5
50	5
51	3
52	9
53	2
54	9
55	8
56	8
57	5
58	9
59	4
60	6
61	8
62	3
63	2
64	4
65	2
66	2
67	3
68	7
69	7
70	4
71	6
72	8
73	3
74	4
75	3
76	7
77	3
78	6
79	9
80	8
/

psi	Vehicle Capacity
/ 20 /
;

Table kappa(i,j)                 Setup
         0        1        2        3        4        5        6        7        8        9        10       11       12       13       14       15       16       17       18       19       20       21       22       23       24       25       26       27       28       29       30       31       32       33       34       35       36       37       38       39       40       41       42       43       44       45       46       47       48       49       50       51       52       53       54       55       56       57       58       59       60       61       62       63       64       65       66       67       68       69       70       71       72       73       74       75       76       77       78       79       80       
0        0        1894     2930     2783     202      1852     3025     4060     1951     2216     3362     3566     3991     3584     3167     3785     2806     2538     3449     2998     1400     2188     316      2713     1410     154      2632     1851     3520     4434     4796     4214     3498     704      3896     1103     1859     1729     2866     3455     4765     2825     3222     2396     2203     2908     2122     3755     1985     4368     2082     1020     5018     3777     1922     3115     3928     4471     1545     4434     1846     4656     4381     3482     496      444      797      3754     1333     1156     3292     368      2891     4015     4244     2241     1596     3988     2968     3259     269      
1        1894     0        1036     1891     1764     1034     2403     2228     1866     426      1533     2550     2125     2233     1293     1922     1080     1683     1556     1796     1501     1338     1585     863      854      1765     1612     1814     1702     2571     2906     2324     1640     1634     2290     806      733      1464     988      1779     2901     1181     1888     536      1002     1091     260      1865     1213     2474     243      1191     3134     2999     125      1320     2068     2578     1025     2644     1639     2816     2530     2071     1446     1627     1685     2074     1249     1690     1961     1891     2295     2154     2390     1138     1532     2272     1623     1979     2160     
2        2930     1036     0        2028     2794     1642     2693     1341     2557     772      651      2420     1120     1989     326      990      788      1922     534      1706     2306     1741     2619     356      1774     2802     1859     2538     907      1608     1885     1288     750      2612     1742     1841     1436     2207     172      1240     1928     854      1753     606      1432     561      834      829      1737     1439     881      2143     2124     3082     1027     591      1130     1553     1859     1799     2345     1884     1589     1683     2473     2657     2645     1463     2091     2616     1808     2906     2623     1211     1449     1470     2328     1574     1457     1754     3196     
3        2783     1891     2028     0        2581     1021     4293     3285     3683     1591     1811     784      2363     3936     1935     2926     2671     249      2401     459      1416     636      2518     1688     2594     2747     3486     3615     2927     3424     3472     2731     2746     2112     3768     2220     2618     3278     1855     3257     3689     1193     3638     2125     2886     2520     2020     2427     838      2986     2047     1781     3740     4860     2013     1601     3042     3164     2821     3749     3461     3731     3448     980      2323     2819     2052     3491     1450     3270     3705     2517     4186     3106     3322     756      3300     3596     671      675      3011     
4        202      1764     2794     2581     0        1657     3068     3958     2015     2064     3204     3364     3839     3555     3020     3673     2717     2337     3319     2801     1197     1988     194      2563     1363     233      2623     1915     3420     4323     4670     4073     3386     506      3836     997      1801     1758     2722     3381     4654     2650     3191     2279     2159     2804     2001     3616     1787     4234     1964     825      4897     3815     1803     2954     3817     4342     1524     4343     1891     4553     4274     3290     325      504      604      3681     1132     1238     3262     237      2933     3904     4136     2048     1639     3910     2776     3063     445      
5        1852     1034     1642     1021     1657     0        3395     2982     2692     924      1784     1789     2438     3251     1724     2633     2035     774      2150     1150     709      385      1560     1300     1601     1791     2633     2617     2513     3239     3445     2747     2385     1257     3234     1200     1700     2290     1497     2711     3550     1119     2914     1446     2020     1966     1242     2332     197      2962     1250     832      3702     4022     1158     1519     2772     3111     1837     3436     2474     3524     3228     1633     1365     1824     1235     2989     575      2248     2987     1650     3279     2852     3089     392      2298     3152     1120     1408     2102     
6        3025     2403     2693     4293     3068     3395     0        2702     1099     2728     3333     4915     3594     1274     3003     2705     1916     4086     2840     4153     3631     3733     2899     2860     1894     2880     841      1195     2360     3121     3657     3532     2531     3339     1925     2399     1694     1312     2811     1907     3369     3388     1158     2258     1409     2163     2286     3198     3588     3494     2253     3132     3741     753      2281     3273     2778     3462     1657     2769     1179     3144     3012     4308     2935     2583     3443     2035     3384     1894     1159     3302     134      2831     2937     3542     1430     2253     3946     4294     3161     
7        4060     2228     1341     3285     3958     2982     2702     0        3086     2085     1512     3511     1262     1512     1350     360      1272     3216     883      2897     3631     3073     3769     1692     2714     3917     2073     3111     540      433      957      1004     600      3863     899      2962     2270     2863     1496     813      740      2096     1544     1693     2037     1154     1973     953      3078     860      2005     3411     1075     2751     2166     1687     250      779      2688     465      2932     595      342      2687     3654     3713     3911     683      3405     3452     1544     4107     2698     217      236      2802     3026     539      2645     2863     4314     
8        1951     1866     2557     3683     2015     2692     1099     3086     0        2276     3197     4394     3634     2007     2883     2959     1937     3449     2893     3652     2757     3066     1863     2586     1091     1812     1059     100      2609     3519     4014     3686     2709     2347     2539     1535     1165     406      2615     2291     3820     3024     1715     1979     1139     2167     1869     3269     2888     3727     1822     2232     4161     1850     1770     3054     3072     3751     862      3302     227      3633     3427     3933     1930     1517     2457     2528     2532     801      1762     2253     968      3146     3318     2934     412      2777     3489     3844     2070     
9        2216     426      772      1591     2064     924      2728     2085     2276     0        1151     2188     1775     2377     957      1747     1129     1412     1305     1427     1546     1124     1900     498      1280     2100     1904     2229     1597     2378     2651     2015     1484     1846     2314     1177     1120     1879     668      1790     2700     756      2061     548      1321     1043     442      1563     1059     2192     478      1374     2894     3271     507      918      1890     2317     1447     2531     2049     2647     2354     1656     1739     1997     1875     2066     1322     2113     2130     2157     2628     1974     2213     877      1954     2229     1232     1587     2485     
10       3362     1533     651      1811     3204     1784     3333     1512     3197     1151     0        2002     655      2532     330      1166     1417     1785     666      1397     2493     1738     3046     669      2349     3250     2505     3174     1277     1613     1697     972      1064     2937     2164     2324     2056     2836     585      1724     1880     689      2341     1221     2081     1174     1394     615      1809     1206     1444     2463     1962     3684     1563     265      1262     1373     2463     1967     2982     1920     1641     1189     2878     3146     2947     1875     2324     3198     2388     3279     3268     1316     1520     1485     2948     1910     1149     1350     3631     
11       3566     2550     2420     784      3364     1789     4915     3511     4394     2188     2002     0        2391     4404     2231     3169     3157     1032     2662     761      2188     1409     3303     2131     3316     3532     4085     4332     3254     3556     3484     2765     3050     2889     4134     2976     3284     3988     2254     3653     3772     1580     4142     2674     3510     2966     2630     2575     1614     3027     2666     2565     3745     5427     2663     1875     3260     3214     3533     3958     4169     3863     3604     833      3108     3601     2825     3847     2234     4029     4203     3294     4817     3309     3496     1471     4025     3906     981      667      3791     
12       3991     2125     1120     2363     3839     2438     3594     1262     3634     1775     655      2391     0        2601     831      1010     1726     2376     759      1917     3148     2372     3676     1278     2894     3873     2810     3625     1284     1187     1112     376      1082     3588     2095     2930     2548     3305     1137     1775     1382     1330     2496     1725     2495     1481     1947     397      2456     637      1996     3113     1379     3825     2134     921      1032     823      2975     1649     3432     1488     1254     1560     3514     3752     3601     1823     2979     3737     2527     3923     3550     1045     1170     2128     3435     1770     1692     1801     4260     
13       3584     2233     1989     3936     3555     3251     1274     1512     2007     2377     2532     4404     2601     0        2229     1612     1265     3781     1912     3672     3712     3500     3363     2278     2195     3429     987      2070     1319     1903     2443     2450     1529     3659     660      2640     1782     1964     2151     828      2121     2826     366      1829     1407     1438     2009     2211     3415     2358     2003     3310     2497     1242     2115     2566     1645     2292     2038     1506     1942     1888     1789     3669     3322     3157     3743     829      3454     2637     294      3763     1309     1679     1735     3254     2134     1010     3430     3741     3789     
14       3167     1293     326      1935     3020     1724     3003     1350     2883     957      330      2231     831      2229     0        990      1088     1868     466      1563     2419     1751     2853     460      2074     3046     2174     2863     1024     1535     1724     1058     824      2796     1904     2099     1755     2529     305      1436     1834     745      2022     919      1759     846      1121     614      1785     1248     1171     2321     1978     3363     1304     356      1111     1389     2172     1815     2670     1832     1540     1450     2695     2921     2818     1616     2225     2921     2072     3115     2938     1180     1407     1483     2648     1682     1309     1565     3435     
15       3785     1922     990      2926     3673     2633     2705     360      2959     1747     1166     3169     1010     1612     990      0        1056     2856     524      2542     3291     2715     3487     1338     2476     3645     1998     2973     354      650      1066     841      287      3551     1085     2682     2047     2699     1141     809      980      1736     1560     1394     1860     888      1674     650      2724     791      1709     3093     1252     2850     1871     1330     145      792      2477     825      2787     900      609      2350     3362     3457     3594     813      3070     3251     1578     3812     2683     231      468      2444     2854     772      2289     2515     4043     
16       2806     1080     788      2671     2717     2035     1916     1272     1937     1129     1417     3157     1726     1265     1088     1056     0        2519     969      2415     2577     2252     2524     1026     1442     2659     1097     1940     736      1677     2122     1750     785      2679     1211     1721     999      1650     927      698      2003     1578     985      588      810      249      824      1345     2184     1795     837      2259     2303     2298     985      1378     1186     1835     1423     1628     1750     1865     1607     2458     2425     2446     2741     996      2328     2195     1046     2882     1855     1269     1478     1999     1801     1205     2177     2500     3054     
17       2538     1683     1922     249      2337     774      4086     3216     3449     1412     1785     1032     2376     3781     1868     2856     2519     0        2334     567      1185     389      2271     1571     2359     2500     3288     3379     2829     3385     3473     2735     2658     1873     3648     1975     2402     3045     1751     3130     3663     1124     3472     1956     2683     2385     1829     2398     588      2982     1853     1533     3740     4670     1806     1553     2979     3155     2589     3682     3228     3689     3401     1117     2076     2569     1818     3377     1205     3023     3540     2280     3976     3048     3271     546      3062     3496     708      824      2769     
18       3449     1556     534      2401     3319     2150     2840     883      2893     1305     666      2662     759      1912     466      524      969      2334     0        2020     2828     2206     3141     850      2233     3318     2050     2889     617      1089     1353     809      401      3146     1501     2353     1848     2580     654      1087     1402     1212     1766     1072     1755     728      1333     376      2227     921      1376     2677     1590     3107     1531     807      645      1022     2283     1348     2697     1378     1083     1855     3000     3160     3179     1213     2619     3057     1803     3437     2793     716      947      1936     2718     1245     1767     2003     3714     
19       2998     1796     1706     459      2801     1150     4153     2897     3652     1427     1397     761      1917     3672     1563     2542     2415     567      2020     0        1708     819      2711     1394     2584     2941     3324     3593     2580     3007     3029     2289     2386     2368     3444     2281     2528     3246     1535     2947     3261     852      3398     1916     2748     2236     1869     2007     1015     2546     1904     1977     3297     4670     1906     1213     2650     2726     2793     3357     3425     3315     3038     549      2515     2970     2325     3160     1680     3332     3461     2772     4055     2709     2917     779      3292     3244     253      267      3243     
20       1400     1501     2306     1416     1197     709      3631     3631     2757     1546     2493     2188     3148     3712     2419     3291     2577     1185     2828     1708     0        898      1177     1980     1738     1392     2960     2668     3137     3914     4143     3453     3030     704      3788     1239     1998     2389     2174     3273     4230     1828     3356     2004     2365     2554     1752     3031     734      3664     1743     528      4397     4320     1609     2227     3433     3808     1980     4075     2565     4190     3895     2241     997      1534     636      3564     258      2141     3430     1106     3504     3516     3755     1061     2344     3749     1748     1976     1609     
21       2188     1338     1741     636      1988     385      3733     3073     3066     1124     1738     1409     2372     3500     1751     2715     2252     389      2206     819      898      0        1909     1385     1975     2139     2950     2994     2643     3286     3433     2709     2491     1548     3421     1585     2041     2663     1578     2898     3582     1048     3178     1672     2339     2147     1510     2329     205      2943     1528     1171     3696     4337     1463     1482     2847     3105     2208     3536     2847     3582     3289     1343     1713     2193     1506     3161     861      2633     3248     1952     3620     2921     3153     271      2676     3301     851      1086     2428     
22       316      1585     2619     2518     194      1560     2899     3769     1863     1900     3046     3303     3676     3363     2853     3487     2524     2271     3141     2711     1177     1909     0        2398     1169     230      2435     1763     3230     4137     4490     3901     3200     539      3641     807      1606     1587     2552     3187     4468     2511     2998     2095     1965     2615     1818     3443     1705     4058     1779     739      4715     3644     1619     2799     3631     4163     1335     4152     1727     4364     4086     3185     196      388      649      3487     1071     1106     3069     408      2765     3717     3949     1945     1476     3716     2670     2969     585      
23       2713     863      356      1688     2563     1300     2860     1692     2586     498      669      2131     1278     2278     460      1338     1026     1571     850      1394     1980     1385     2398     0        1686     2595     2018     2553     1262     1939     2172     1519     1106     2336     2080     1658     1425     2209     197      1568     2252     551      2011     619      1513     842      737      1071     1386     1704     787      1862     2422     3311     896      473      1474     1837     1814     2153     2364     2223     1928     1450     2238     2481     2359     1806     1776     2535     2072     2655     2778     1553     1789     1114     2310     1927     1153     1474     2982     
24       1410     854      1774     2594     1363     1601     1894     2714     1091     1280     2349     3316     2894     2195     2074     2476     1442     2359     2233     2584     1738     1975     1169     1686     0        1256     1293     1020     2176     3113     3528     3039     2191     1496     2486     505      454      688      1774     2057     3441     2034     1829     1171     796      1588     956      2585     1798     3146     905      1239     3727     2599     793      2156     2613     3219     243      3057     873      3308     3047     2909     1132     1014     1590     2353     1495     848      1901     1568     1766     2698     2915     1849     708      2591     2440     2792     1639     
25       154      1765     2802     2747     233      1791     2880     3917     1812     2100     3250     3532     3873     3429     3046     3645     2659     2500     3318     2941     1392     2139     230      2595     1256     0        2478     1712     3376     4294     4662     4089     3358     722      3743     966      1707     1579     2744     3305     4625     2729     3067     2260     2049     2765     1987     3630     1935     4238     1946     969      4882     3631     1788     3007     3788     4338     1390     4287     1701     4512     4239     3414     426      296      826      3603     1298     1023     3137     459      2746     3874     4103     2175     1450     3838     2899     3199     398      
26       2632     1612     1859     3486     2623     2633     841      2073     1059     1904     2505     4085     2810     987      2174     1998     1097     3288     2050     3324     2960     2950     2435     2018     1293     2478     0        1108     1643     2506     3021     2790     1784     2789     1480     1781     962      976      1972     1262     2793     2548     662      1419     613      1346     1466     2420     2820     2787     1438     2499     3147     1388     1486     2435     2094     2785     1099     2253     963      2595     2407     3466     2420     2196     2882     1477     2704     1650     716      2841     764      2160     2309     2742     1147     1725     3111     3458     2823     
27       1851     1814     2538     3615     1915     2617     1195     3111     100      2229     3174     4332     3625     2070     2863     2973     1940     3379     2889     3593     2668     2994     1763     2553     1020     1712     1108     0        2626     3543     4032     3687     2719     2250     2587     1452     1129     350      2590     2322     3847     2981     1769     1953     1135     2165     1830     3265     2814     3735     1782     2141     4185     1947     1722     3024     3089     3763     799      3339     193      3664     3453     3885     1833     1416     2359     2566     2446     702      1819     2153     1064     3164     3341     2868     325      2817     3435     3789     1970     
28       3520     1702     907      2927     3420     2513     2360     540      2609     1597     1277     3254     1284     1319     1024     354      736      2829     617      2580     3137     2643     3230     1262     2176     3376     1643     2626     0        941      1406     1172     217      3336     886      2423     1736     2359     1078     491      1266     1738     1226     1165     1523     616      1444     892      2625     1144     1473     2890     1572     2542     1633     1380     463      1145     2159     943      2441     1136     871      2461     3118     3173     3387     597      2903     2928     1250     3572     2334     540      741      2373     2517     668      2326     2589     3773     
29       4434     2571     1608     3424     4323     3239     3121     433      3519     2378     1613     3556     1187     1903     1535     650      1677     3385     1089     3007     3914     3286     4137     1939     3113     4294     2506     3543     941      0        540      844      936      4196     1258     3332     2677     3290     1742     1246     330      2263     1966     2044     2460     1531     2324     999      3315     616      2359     3735     642      3127     2521     1832     506      464      3101     519      3363     308      116      2722     4012     4102     4237     1088     3699     3869     1961     4461     3121     419      202      3018     3452     895      2762     2934     4692     
30       4796     2906     1885     3472     4670     3445     3657     957      4014     2651     1697     3484     1112     2443     1724     1066     2122     3473     1353     3029     4143     3433     4490     2172     3528     4662     3021     4032     1406     540      0        740      1342     4496     1796     3696     3108     3764     1986     1768     419      2385     2500     2403     2926     1942     2675     1113     3492     491      2716     4025     267      3664     2874     1950     943      335      3540     1007     3848     649      654      2661     4352     4491     4526     1627     3948     4315     2498     4790     3655     868      721      3175     3920     1434     2801     2911     5060     
31       4214     2324     1288     2731     4073     2747     3532     1004     3686     2015     972      2765     376      2450     1058     841      1750     2735     809      2289     3453     2709     3901     1519     3039     4089     2790     3687     1172     844      740      0        1007     3854     1887     3130     2658     3384     1350     1648     1011     1661     2397     1871     2552     1522     2120     459      2780     262      2166     3379     1008     3691     2315     1233     812      448      3093     1335     3495     1133     925      1935     3749     3946     3875     1636     3271     3866     2417     4172     3502     797      864      2457     3525     1539     2060     2177     4481     
32       3498     1640     750      2746     3386     2385     2531     600      2709     1484     1064     3050     1082     1529     824      287      785      2658     401      2386     3030     2491     3200     1106     2191     3358     1784     2719     217      936      1342     1007     0        3271     1100     2395     1766     2434     914      700      1267     1553     1415     1108     1595     602      1389     686      2486     1017     1423     2816     1536     2744     1585     1179     430      1049     2198     1051     2530     1176     890      2251     3077     3170     3316     811      2804     2973     1445     3527     2497     517      750      2220     2587     858      2132     2386     3756     
33       704      1634     2612     2112     506      1257     3339     3863     2347     1846     2937     2889     3588     3659     2796     3551     2679     1873     3146     2368     704      1548     539      2336     1496     722      2789     2250     3336     4196     4496     3854     3271     0        3857     1019     1877     2033     2514     3370     4524     2329     3293     2170     2254     2722     1891     3407     1356     4038     1864     475      4737     4069     1705     2677     3696     4163     1706     4277     2189     4448     4160     2880     418      927      111      3671     690      1626     3366     406      3206     3782     4019     1648     1945     3884     2371     2634     904      
34       3896     2290     1742     3768     3836     3234     1925     899      2539     2314     2164     4134     2095     660      1904     1085     1211     3648     1501     3444     3788     3421     3641     2080     2486     3743     1480     2587     886      1258     1796     1887     1100     3857     0        2861     2037     2417     1914     524      1462     2594     831      1793     1701     1274     2036     1729     3373     1759     2047     3456     1839     1868     2189     2259     1077     1672     2382     846      2434     1228     1142     3347     3568     3494     3927     289      3538     3072     798      4022     1948     1091     1105     3157     2589     365      3192     3468     4124     
35       1103     806      1841     2220     997      1200     2399     2962     1535     1177     2324     2976     2930     2640     2099     2682     1721     1975     2353     2281     1239     1585     807      1658     505      966      1781     1452     2423     3332     3696     3130     2395     1019     2861     0        857      1154     1793     2392     3662     1876     2273     1294     1234     1808     1021     2670     1392     3274     980      733      3916     3104     822      2095     2826     3372     742      3346     1333     3557     3280     2674     707      822      1106     2694     1002     1053     2347     1164     2270     2912     3142     1510     1127     2919     2175     2513     1364     
36       1859     733      1436     2618     1801     1700     1694     2270     1165     1120     2056     3284     2548     1782     1755     2047     999      2402     1848     2528     1998     2041     1606     1425     454      1707     962      1129     1736     2677     3108     2658     1766     1877     2037     857      0        783      1471     1602     3002     1861     1416     835      378      1166     703      2213     1893     2746     656      1548     3298     2337     622      1896     2182     2807     435      2605     941      2862     2607     2775     1547     1469     1962     1898     1742     1212     1489     1995     1579     2265     2477     1862     893      2137     2348     2704     2093     
37       1729     1464     2207     3278     1758     2290     1312     2863     406      1879     2836     3988     3305     1964     2529     2699     1650     3045     2580     3246     2389     2663     1587     2209     688      1579     976      350      2359     3290     3764     3384     2434     2033     2417     1154     783      0        2251     2098     3603     2631     1630     1614     839      1863     1482     2953     2487     3445     1433     1869     3929     2057     1372     2680     2821     3484     456      3125     184      3432     3206     3534     1624     1285     2139     2361     2156     674      1689     1991     1178     2899     3088     2528     172      2612     3085     3441     1890     
38       2866     988      172      1855     2722     1497     2811     1496     2615     668      585      2254     1137     2151     305      1141     927      1751     654      1535     2174     1578     2552     197      1774     2744     1972     2590     1078     1742     1986     1350     914      2514     1914     1793     1471     2251     0        1411     2056     683      1904     637      1509     715      819      896      1583     1524     869      2041     2233     3225     999      462      1277     1651     1880     1958     2398     2026     1731     1532     2398     2615     2541     1636     1967     2622     1961     2823     2736     1355     1592     1307     2363     1745     1287     1590     3134     
39       3455     1779     1240     3257     3381     2711     1907     813      2291     1790     1724     3653     1775     828      1436     809      698      3130     1087     2947     3273     2898     3187     1568     2057     3305     1262     2322     491      1246     1768     1648     700      3370     524      2392     1602     2098     1411     0        1532     2094     753      1273     1306     751      1522     1383     2849     1589     1536     2956     1885     2051     1683     1786     871      1556     1986     1027     2149     1342     1145     2886     3100     3072     3435     301      3025     2720     769      3557     1894     924      1050     2635     2266     534      2697     2986     3694     
40       4765     2901     1928     3689     4654     3550     3369     740      3820     2700     1880     3772     1382     2121     1834     980      2003     3663     1402     3261     4230     3582     4468     2252     3441     4625     2793     3847     1266     330      419      1011     1267     4524     1462     3662     3002     3603     2056     1532     0        2548     2224     2374     2777     1861     2654     1265     3619     751      2690     4061     377      3317     2851     2113     836      565      3424     629      3670     245      397      2941     4343     4432     4563     1339     4019     4190     2212     4791     3378     750      525      3316     3766     1116     3021     3170     5023     
41       2825     1181     854      1193     2650     1119     3388     2096     3024     756      689      1580     1330     2826     745      1736     1578     1124     1212     852      1828     1048     2511     551      2034     2729     2548     2981     1738     2263     2385     1661     1553     2329     2594     1876     1861     2631     683      2094     2548     0        2563     1129     2011     1388     1159     1286     1126     1894     1205     1863     2649     3859     1260     436      1856     2058     2203     2561     2798     2566     2277     924      2329     2672     2326     2312     1680     2859     2623     2695     3300     1924     2147     798      2709     2406     605      923      3091     
42       3222     1888     1753     3638     3191     2914     1158     1544     1715     2061     2341     4142     2496     366      2022     1560     985      3472     1766     3398     3356     3178     2998     2011     1829     3067     662      1769     1226     1966     2500     2397     1415     3293     831      2273     1416     1630     1904     753      2224     2563     0        1515     1040     1191     1673     2099     3083     2343     1664     2947     2591     1345     1767     2342     1624     2305     1678     1644     1626     2008     1858     3435     2956     2798     3377     885      3098     2300     74       3397     1156     1675     1779     2938     1802     1117     3162     3485     3431     
43       2396     536      606      2125     2279     1446     2258     1693     1979     548      1221     2674     1725     1829     919      1394     588      1956     1072     1916     2004     1672     2095     619      1171     2260     1419     1953     1165     2044     2403     1871     1108     2170     1793     1294     835      1614     637      1273     2374     1129     1515     0        894      557      280      1414     1596     1993     315      1726     2622     2754     477      1077     1538     2082     1253     2108     1762     2282     1998     2051     1968     2090     2222     1561     1760     2011     1584     2418     2170     1625     1859     1425     1729     1747     1696     2039     2658     
44       2203     1002     1432     2886     2159     2020     1409     2037     1139     1321     2081     3510     2495     1407     1759     1860     810      2683     1755     2748     2365     2339     1965     1513     796      2049     613      1135     1523     2460     2926     2552     1595     2254     1701     1234     378      839      1509     1306     2777     2011     1040     894      0        1030     879      2131     2206     2606     845      1925     3095     2002     877      1964     1984     2644     683      2330     943      2616     2379     2935     1916     1794     2340     1591     2107     1418     1113     2360     1307     2063     2257     2137     994      1837     2547     2899     2426     
45       2908     1091     561      2520     2804     1966     2163     1154     2167     1043     1174     2966     1481     1438     846      888      249      2385     728      2236     2554     2147     2615     842      1588     2765     1346     2165     616      1531     1942     1522     602      2722     1274     1808     1166     1863     715      751      1861     1388     1191     557      1030     0        831      1104     2099     1586     858      2282     2139     2523     1018     1151     1028     1640     1600     1554     1974     1748     1474     2244     2501     2570     2776     1022     2313     2377     1246     2955     2104     1113     1338     1884     2008     1194     1992     2304     3163     
46       2122     260      834      2020     2001     1242     2286     1973     1869     442      1394     2630     1947     2009     1121     1674     824      1829     1333     1869     1752     1510     1818     737      956      1987     1466     1830     1444     2324     2675     2120     1389     1891     2036     1021     703      1482     819      1522     2654     1159     1673     280      879      831      0        1660     1409     2254     50       1451     2897     2841     199      1209     1819     2350     1077     2385     1644     2563     2279     2078     1688     1828     1944     1816     1503     1804     1745     2138     2186     1905     2139     1285     1575     2012     1671     2024     2385     
47       3755     1865     829      2427     3616     2332     3198     953      3269     1563     615      2575     397      2211     614      650      1345     2398     376      2007     3031     2329     3443     1071     2585     3630     2420     3265     892      999      1113     459      686      3407     1729     2670     2213     2953     896      1383     1265     1286     2099     1414     2131     1104     1660     0        2381     634      1707     2933     1371     3430     1855     850      705      779      2646     1385     3072     1307     1034     1744     3292     3486     3431     1450     2840     3416     2130     3719     3156     741      921      2068     3089     1422     1763     1941     4023     
48       1985     1213     1737     838      1787     197      3588     3078     2888     1059     1809     1614     2456     3415     1785     2724     2184     588      2227     1015     734      205      1705     1386     1798     1935     2820     2814     2625     3315     3492     2780     2486     1356     3373     1392     1893     2487     1583     2849     3619     1126     3083     1596     2206     2099     1409     2381     0        3005     1420     967      3753     4208     1338     1547     2860     3161     2034     3536     2671     3605     3310     1525     1508     1987     1320     3121     666      2436     3154     1758     3472     2937     3173     333      2494     3274     1021     1279     2228     
49       4368     2474     1439     2986     4234     2962     3494     860      3727     2192     1206     3027     637      2358     1248     791      1795     2982     921      2546     3664     2943     4058     1704     3146     4238     2787     3735     1144     616      491      262      1017     4038     1759     3274     2746     3445     1524     1589     751      1894     2343     1993     2606     1586     2254     634      3005     0        2298     3565     757      3600     2453     1461     719      187      3181     1127     3545     888      711      2198     3912     4082     4064     1530     3474     3958     2355     4344     3474     678      679      2686     3593     1399     2314     2438     4634     
