

sets
i        orders          /0*80/
k        routes          /1*80/
p        positions       /0*80/
;

alias(i,j)
alias(i,h)
alias(i,hh)
alias(i,jj)
alias(k,kk)
                            Parameters

rho(i)	Processing time
/
0	0
1	37
2	66
3	26
4	63
5	5
6	59
7	37
8	69
9	48
10	70
11	75
12	61
13	41
14	98
15	97
16	16
17	77
18	85
19	26
20	32
21	52
22	16
23	8
24	9
25	99
26	76
27	54
28	49
29	64
30	8
31	77
32	77
33	79
34	10
35	61
36	21
37	56
38	20
39	72
40	4
41	85
42	72
43	81
44	38
45	98
46	85
47	75
48	9
49	38
50	64
51	59
52	34
53	55
54	84
55	30
56	27
57	94
58	66
59	40
60	5
61	21
62	55
63	60
64	96
65	44
66	5
67	3
68	63
69	28
70	51
71	65
72	13
73	82
74	71
75	57
76	51
77	37
78	77
79	50
80	10
/

gamma(i)	Duedate
/
0	0
1	19
2	88
3	19
4	46
5	24
6	36
7	74
8	39
9	71
10	42
11	79
12	77
13	64
14	45
15	67
16	41
17	16
18	5
19	81
20	90
21	69
22	93
23	6
24	22
25	18
26	36
27	78
28	86
29	23
30	31
31	47
32	14
33	98
34	62
35	76
36	7
37	1
38	44
39	26
40	99
41	70
42	95
43	8
44	34
45	36
46	83
47	75
48	1
49	55
50	41
51	10
52	43
53	6
54	6
55	60
56	34
57	9
58	22
59	4
60	22
61	65
62	97
63	35
64	86
65	80
66	31
67	93
68	74
69	31
70	85
71	61
72	51
73	24
74	49
75	5
76	26
77	23
78	72
79	63
80	70
/

sigma(i)	Size
/
0	0
1	3
2	7
3	7
4	8
5	1
6	7
7	9
8	5
9	9
10	4
11	4
12	6
13	2
14	5
15	8
16	8
17	4
18	3
19	1
20	2
21	6
22	4
23	8
24	6
25	6
26	4
27	4
28	7
29	5
30	8
31	7
32	2
33	8
34	8
35	5
36	3
37	8
38	7
39	2
40	8
41	2
42	4
43	5
44	6
45	1
46	4
47	2
48	2
49	2
50	6
51	8
52	6
53	5
54	3
55	9
56	4
57	1
58	6
59	7
60	6
61	4
62	7
63	5
64	8
65	8
66	2
67	1
68	7
69	2
70	7
71	9
72	3
73	6
74	9
75	1
76	7
77	8
78	4
79	2
80	4
/

epsilon(i)	Priority
/
0	0
1	3
2	1
3	4
4	5
5	8
6	6
7	6
8	7
9	2
10	7
11	8
12	8
13	6
14	2
15	9
16	4
17	1
18	3
19	9
20	2
21	7
22	8
23	2
24	5
25	7
26	8
27	1
28	3
29	9
30	6
31	5
32	6
33	9
34	3
35	7
36	6
37	7
38	3
39	5
40	3
41	9
42	3
43	7
44	5
45	2
46	1
47	3
48	2
49	2
50	9
51	8
52	8
53	5
54	1
55	2
56	3
57	6
58	7
59	2
60	9
61	5
62	9
63	1
64	9
65	3
66	4
67	9
68	3
69	2
70	2
71	3
72	8
73	7
74	5
75	8
76	1
77	1
78	6
79	8
80	6
/

psi	Vehicle Capacity
/ 38 /
;

Table kappa(i,j)                 Setup
         0        1        2        3        4        5        6        7        8        9        10       11       12       13       14       15       16       17       18       19       20       21       22       23       24       25       26       27       28       29       30       31       32       33       34       35       36       37       38       39       40       41       42       43       44       45       46       47       48       49       50       51       52       53       54       55       56       57       58       59       60       61       62       63       64       65       66       67       68       69       70       71       72       73       74       75       76       77       78       79       80       
0        0        3586     4737     1249     1057     3708     2409     2704     2832     2910     705      1500     741      4204     4154     2157     3406     1842     2575     3864     3745     3446     3083     347      3608     2434     2403     3692     2936     1095     587      3088     977      1991     420      2791     3263     2354     3428     1039     3029     3375     3250     2529     2148     3668     3079     593      2584     1293     3035     3182     525      4377     4337     2768     1800     3719     2450     3027     3488     2415     1511     908      2707     3823     1405     3673     2556     3598     2089     2795     4285     3303     899      3442     2682     1682     3005     3951     675      
1        3586     0        1597     2592     2592     696      3453     1978     866      3490     3001     2655     3012     1381     1283     1720     1080     2362     1011     3695     3662     2116     2027     3664     2205     2440     3233     3303     3640     3955     4132     534      3363     2174     3216     1615     1008     3445     3132     2655     3508     552      1310     3147     1781     3062     1526     4102     2760     2625     2501     3476     3679     1682     1613     1791     3237     1663     1297     2798     252      2042     2369     3582     1273     1972     2758     2640     2356     3094     3648     791      1685     522      2692     3595     3681     2036     1212     1690     4129     
2        4737     1597     0        3975     3883     1083     3749     3573     2404     3558     4060     4115     4307     577      597      3225     1339     3870     2355     3314     3337     1881     3617     4718     1840     2804     3529     2950     3709     4789     5207     1834     4231     3696     4325     3210     2593     3766     2905     3707     3520     1447     2890     3385     2613     2691     3118     5158     2990     3540     2499     3409     4680     606      586      2153     3799     1287     2804     2783     1497     3619     3795     4461     2031     1451     4205     2231     3946     2767     4090     2192     718      1539     3854     3413     3870     3436     2809     1082     5154     
3        1249     2592     3975     0        339      2893     2860     1456     1752     3261     1102     359      514      3514     3443     959      2737     609      1631     4062     3961     3145     1837     1500     3312     2398     2754     3786     3341     2145     1834     2169     1712     742      1083     1550     2078     2813     3518     1041     3359     2531     2027     2815     1706     3677     1840     1843     2682     1371     2949     3463     1620     3746     3692     2401     2277     3213     1327     3066     2558     1168     267      1811     2083     3406     347      3525     1345     3635     2707     1825     3677     2443     744      3707     3167     555      1802     3414     1919     
4        1057     2592     3883     339      0        2813     2524     1715     1796     2933     779      698      426      3394     3329     1102     2601     914      1592     3753     3649     2912     2099     1254     3080     2104     2423     3488     3010     1848     1642     2127     1387     1010     806      1754     2205     2477     3218     703      3033     2459     2198     2489     1477     3391     2039     1637     2374     1038     2671     3141     1351     3608     3558     2172     1938     3033     1399     2770     2526     1431     522      1500     1920     3204     674      3264     1650     3345     2368     1803     3531     2377     405      3388     2831     625      1949     3245     1700     
5        3708     696      1083     2893     2813     0        3103     2568     1359     3049     3054     3032     3239     717      623      2152     516      2794     1272     3116     3098     1520     2669     3721     1581     2086     2877     2723     3203     3881     4207     759      3301     2625     3306     2211     1674     3105     2582     2698     3047     364      1977     2764     1652     2470     2171     4164     2360     2578     2000     2986     3702     1011     944      1394     3005     998      1736     2306     492      2580     2712     3530     1058     1305     3121     2025     2923     2515     3367     1115     1001     457      2814     3070     3291     2353     1835     999      4172     
6        2409     3453     3749     2860     2524     3103     0        3924     3197     520      1888     3218     2669     3180     3188     3144     2597     3349     2754     1511     1387     1899     4270     2127     1993     1020     225      1450     526      1630     2475     2957     1432     3360     2106     3772     3815     56       1237     1821     643      2954     3992     366      1768     1538     3977     2391     760      1491     1272     818      1966     3188     3184     1708     618      2464     3096     1041     3227     3697     2964     1552     2180     2363     3198     1782     4018     1444     442      2915     3071     2948     2135     1069     307      2790     3707     2683     2309     
7        2704     1978     3573     1456     1715     2568     3924     0        1222     4209     2474     1240     1964     3284     3191     780      2685     870      1508     4807     4731     3493     383      2954     3640     3162     3762     4460     4324     3560     3285     1845     3063     714      2519     363      1039     3889     4217     2282     4281     2240     812      3767     2289     4282     550      3298     3505     2513     3560     4334     3063     3573     3507     2832     3432     3296     968      3776     2091     288      1204     3203     2288     3573     1353     3986     392      4271     3892     1536     3547     2146     2076     4542     4223     1183     775      3423     3376     
8        2832     866      2404     1752     1796     1359     3197     1222     0        3362     2320     1792     2202     2070     1980     854      1471     1496     444      3794     3734     2352     1386     2957     2485     2269     2997     3422     3498     3356     3401     622      2776     1310     2496     881      619      3176     3202     2001     3410     1020     837      2955     1429     3214     925      3382     2619     2065     2535     3423     3000     2355     2290     1775     2843     2089     433      2793     907      1221     1517     2976     1188     2376     1897     2867     1566     3220     3293     346      2326     925      1966     3595     3468     1202     584      2204     3424     
9        2910     3490     3558     3261     2933     3049     520      4209     3362     0        2353     3613     3118     3008     3031     3431     2533     3708     2919     992      867      1676     4536     2638     1731     1093     518      969      154      2149     2995     3033     1938     3697     2588     4021     3979     576      797      2241     123      2959     4185     449      1954     1103     4201     2911     745      1895     1070     303      2481     2969     2976     1699     1110     2278     3325     775      3250     4003     3336     2068     2248     2120     3605     1432     4341     1004     943      3052     2852     2970     2560     549      379      3124     3907     2475     2829     
10       705      3001     4060     1102     779      3054     1888     2474     2320     2353     0        1450     789      3518     3472     1793     2724     1694     2001     3263     3148     2743     2857     668      2906     1750     1834     3056     2403     1091     1152     2483     610      1782     287      2471     2826     1835     2788     356      2465     2735     2871     1937     1455     3011     2745     1111     1932     591      2352     2601     681      3682     3644     2063     1272     3016     1991     2369     2877     2196     1299     728      2029     3118     1398     2986     2428     2947     1658     2223     3588     2670     400      2859     2185     1315     2601     3249     1129     
11       1500     2655     4115     359      698      3032     3218     1240     1792     3613     1450     0        767      3685     3608     942      2931     376      1760     4400     4301     3421     1604     1786     3587     2727     3109     4115     3696     2465     2067     2284     2058     566      1400     1408     2013     3172     3848     1400     3710     2668     1912     3166     1992     3997     1694     2088     3021     1727     3264     3810     1921     3932     3876     2680     2636     3443     1358     3394     2655     957      342      2145     2309     3654     117      3823     1055     3959     3066     1928     3871     2575     1102     4052     3525     699      1724     3632     2175     
12       741      3012     4307     514      426      3239     2669     1964     2202     3118     789      767      0        3812     3750     1456     3017     1101     2017     3994     3884     3272     2341     1019     3440     2393     2600     3757     3178     1713     1322     2552     1366     1251     659      2064     2574     2618     3487     900      3227     2885     2537     2689     1854     3682     2353     1334     2630     1250     2981     3352     1158     4021     3973     2541     2057     3429     1793     3048     2951     1675     780      1416     2330     3587     681      3593     1819     3628     2447     2226     3942     2803     590      3606     2969     1006     2305     3646     1416     
13       4204     1381     577      3514     3394     717      3180     3284     2070     3008     3518     3685     3812     0        98       2839     800      3472     1935     2844     2854     1337     3385     4169     1319     2227     2958     2465     3161     4218     4659     1458     3665     3312     3789     2929     2382     3195     2391     3168     2977     1054     2685     2817     2064     2204     2885     4607     2419     2984     1942     2877     4125     300      231      1577     3221     730      2432     2233     1205     3289     3355     3895     1498     943      3767     1738     3637     2272     3514     1805     324      1150     3333     2900     3310     2992     2552     558      4599     
14       4154     1283     597      3443     3329     623      3188     3191     1980     3031     3472     3608     3750     98       0        2755     749      3390     1854     2897     2903     1368     3289     4127     1362     2222     2965     2515     3185     4192     4616     1370     3634     3228     3740     2835     2285     3201     2433     3120     3004     966      2588     2827     2021     2254     2789     4566     2427     2945     1962     2909     4086     398      330      1560     3210     759      2346     2257     1109     3200     3280     3864     1447     994      3692     1789     3546     2319     3513     1719     419      1062     3279     2941     3326     2917     2457     612      4560     
15       2157     1720     3225     959      1102     2152     3144     780      854      3431     1793     942      1456     2839     2755     0        2138     646      914      4055     3974     2820     1132     2350     2976     2394     2981     3719     3544     2883     2743     1393     2350     473      1892     682      1119     3109     3468     1553     3505     1792     1096     2987     1530     3553     952      2740     2734     1752     2821     3563     2432     3106     3045     2120     2661     2711     425      3022     1740     585      700      2512     1622     2962     1051     3288     950      3536     3122     1037     3059     1697     1396     3775     3443     483      850      2870     2801     
16       3406     1080     1339     2737     2601     516      2597     2685     1471     2533     2724     2931     3017     800      749      2138     0        2748     1225     2628     2603     1038     2853     3379     1125     1587     2371     2235     2687     3468     3869     861      2900     2603     2991     2352     1931     2602     2081     2371     2531     540      2222     2254     1274     1988     2373     3819     1849     2202     1485     2472     3341     1009     957      895      2534     624      1760     1791     830      2642     2594     3131     699      925      3006     1560     3006     2026     2877     1149     941      606      2533     2562     2778     2232     2026     739      3815     
17       1842     2362     3870     609      914      2794     3349     870      1496     3708     1694     376      1101     3472     3390     646      2748     0        1537     4436     4343     3339     1242     2108     3501     2753     3219     4128     3803     2753     2419     2036     2301     200      1692     1034     1656     3307     3866     1574     3797     2432     1541     3258     1951     3989     1319     2435     3069     1867     3251     3881     2229     3733     3673     2610     2796     3296     1071     3412     2387     584      399      2413     2175     3529     492      3774     736      3959     3243     1679     3680     2337     1311     4113     3656     607      1364     3470     2517     
18       2575     1011     2355     1631     1592     1272     2754     1508     444      2919     2001     1760     2017     1935     1854     914      1225     1537     0        3376     3312     1988     1741     2658     2132     1826     2553     3010     3054     2993     3123     538      2405     1382     2207     1212     1064     2733     2782     1661     2968     907      1270     2510     985      2812     1322     3095     2177     1677     2115     2985     2681     2196     2136     1361     2414     1809     547      2365     933      1428     1440     2615     789      2074     1849     2489     1797     2812     2859     222      2146     816      1681     3162     3023     1083     1000     1960     3125     
19       3864     3695     3314     4062     3753     3116     1511     4807     3794     992      3263     4400     3994     2844     2897     4055     2628     4436     3376     0        124      1596     5095     3609     1550     1682     1466     393      1032     3141     3981     3334     2906     4390     3518     4565     4383     1567     593      3096     869      3143     4630     1335     2525     648      4698     3898     1380     2745     1260     694      3458     2708     2737     2018     2076     2164     3861     1032     3443     4640     4094     3050     2606     1902     4410     1110     5000     602      1933     3454     2601     3183     3414     444      1331     3831     4373     2286     3819     
20       3745     3662     3337     3961     3649     3098     1387     4731     3734     867      3148     4301     3884     2854     2903     3974     2603     4343     3312     124      0        1580     5024     3488     1547     1591     1345     388      907      3017     3858     3288     2785     4302     3401     4495     4329     1442     535      2987     744      3110     4572     1217     2444     649      4633     3774     1280     2636     1200     571      3336     2730     2757     1960     1955     2161     3790     954      3411     4559     3998     2927     2550     1910     4308     1115     4916     586      1808     3397     2621     3147     3306     319      1206     3740     4311     2295     3695     
21       3446     2116     1881     3145     2912     1520     1899     3493     2352     1676     2743     3421     3272     1337     1368     2820     1038     3339     1988     1596     1580     0        3724     3316     168      1085     1689     1203     1828     3175     3787     1812     2693     3238     3030     3198     2893     1923     1077     2441     1641     1567     3166     1533     1439     951      3277     3720     1161     2153     628      1540     3225     1297     1301     743      2071     609      2525     902      1864     3386     3082     2910     1206     464      3468     527      3758     995      2278     2006     1180     1618     2700     1580     1994     2748     2935     799      3684     
22       3083     2027     3617     1837     2099     2669     4270     383      1386     4536     2857     1604     2341     3385     3289     1132     2853     1242     1741     5095     5024     3724     0        3336     3863     3473     4102     4739     4656     3944     3661     1993     3443     1096     2903     530      1024     4237     4502     2659     4604     2369     734      4099     2597     4549     500      3675     3821     2881     3839     4649     3446     3681     3613     3096     3793     3474     1233     4069     2179     670      1586     3586     2531     3763     1715     4230     618      4545     4255     1726     3666     2280     2458     4848     4567     1560     835      3579     3756     
23       347      3664     4718     1500     1254     3721     2127     2954     2957     2638     668      1786     1019     4169     4127     2350     3379     2108     2658     3609     3488     3316     3336     0        3472     2266     2142     3460     2651     747      489      3149     703      2240     463      3008     3431     2071     3202     1024     2759     3403     3445     2279     2106     3456     3292     443      2377     1192     2860     2919     180      4322     4286     2675     1532     3639     2602     2822     3544     2666     1750     587      2688     3716     1700     3499     2835     3381     1782     2881     4225     3339     991      3178     2387     1867     3188     3875     467      
24       3608     2205     1840     3312     3080     1581     1993     3640     2485     1731     2906     3587     3440     1319     1362     2976     1125     3501     2132     1550     1547     168      3863     3472     0        1228     1788     1161     1879     3315     3942     1930     2843     3398     3193     3340     3014     2020     1072     2606     1685     1662     3291     1627     1607     902      3411     3874     1273     2315     724      1569     3379     1242     1254     910      2200     614      2673     968      1955     3539     3247     3058     1357     390      3634     445      3911     960      2385     2140     1126     1720     2867     1581     2065     2912     3067     763      3836     
25       2434     2440     2804     2398     2104     2086     1020     3162     2269     1093     1750     2727     2393     2227     2222     2394     1587     2753     1826     1682     1591     1085     3473     2266     1228     0        796      1388     1231     2090     2725     1959     1617     2710     2033     2951     2886     1020     1120     1502     1142     1934     3094     708      876      1290     3119     2654     351      1169     602      1175     2162     2281     2266     692      1005     1547     2249     667      2210     2976     2415     1830     1174     1529     2744     1239     3330     1240     1295     1960     2169     1930     1803     1381     1240     2148     2818     1783     2612     
26       2403     3233     3529     2754     2423     2877     225      3762     2997     518      1834     3109     2600     2958     2965     2981     2371     3219     2553     1466     1345     1689     4102     2142     1788     796      0        1348     587      1714     2522     2741     1439     3219     2072     3597     3617     237      1112     1727     631      2730     3800     170      1568     1403     3795     2440     538      1384     1065     779      1992     2972     2966     1483     610      2245     2913     856      3005     3543     2841     1587     1962     2153     3097     1605     3872     1313     602      2709     2855     2726     2045     1038     471      2647     3517     2467     2367     
27       3692     3303     2950     3786     3488     2723     1450     4460     3422     969      3056     4115     3757     2465     2515     3719     2235     4128     3010     393      388      1203     4739     3460     1161     1388     1348     0        1062     3062     3862     2949     2759     4072     3323     4208     4005     1501     270      2857     860      2751     4257     1192     2193     261      4332     3782     1128     2509     900      678      3320     2343     2369     1648     1946     1776     3507     720      3051     4304     3800     2925     2233     1522     4132     727      4667     209      1892     3080     2233     2792     3169     530      1345     3520     4003     1906     3712     
28       2936     3640     3709     3341     3010     3203     526      4324     3498     154      2403     3696     3178     3161     3185     3544     2687     3803     3054     1032     907      1828     4656     2651     1879     1231     587      1062     0        2127     2989     3179     1959     3798     2629     4144     4116     582      916      2312     209      3111     4317     557      2083     1219     4329     2904     888      1971     1225     384      2489     3119     3127     1849     1141     2431     3450     928      3400     4113     3427     2074     2393     2269     3684     1569     4447     1120     911      3191     3002     3120     2630     591      298      3225     4038     2626     2819     
29       1095     3955     4789     2145     1848     3881     1630     3560     3356     2149     1091     2465     1713     4218     4192     2883     3468     2753     2993     3141     3017     3175     3944     747      3315     2090     1714     3062     2127     0        897      3421     591      2859     1065     3562     3893     1576     2826     1360     2272     3605     3954     1876     2231     3110     3835     811      2089     1329     2628     2449     574      4323     4298     2649     1143     3602     3059     2514     3796     3278     2369     380      2823     3616     2391     3247     3490     3023     1216     3211     4216     3557     1490     2698     1838     2406     3680     3841     709      
30       587      4132     5207     1834     1642     4207     2475     3285     3401     2995     1152     2067     1322     4659     4616     2743     3869     2419     3123     3981     3858     3787     3661     489      3942     2725     2522     3862     2989     897      0        3623     1118     2573     915      3379     3846     2419     3611     1509     3118     3886     3838     2671     2595     3877     3667     86       2809     1680     3311     3287     563      4810     4775     3159     1916     4124     3028     3252     4020     2996     2097     937      3177     4195     1966     3948     3122     3798     2087     3345     4713     3820     1442     3543     2709     2267     3591     4361     196      
31       3088     534      1834     2169     2127     759      2957     1845     622      3033     2483     2284     2552     1458     1370     1393     861      2036     538      3334     3288     1812     1993     3149     1930     1959     2741     2949     3179     3421     3623     0        2830     1866     2707     1501     1084     2946     2752     2133     3061     404      1366     2667     1252     2723     1512     3590     2291     2092     2097     3046     3157     1737     1673     1351     2713     1485     977      2381     400      1833     1972     3050     785      1781     2377     2338     2185     2742     3131     357      1704     308      2189     3187     3198     1619     1165     1586     3612     
32       977      3363     4231     1712     1387     3301     1432     3063     2776     1938     610      2058     1366     3665     3634     2350     2900     2301     2405     2906     2785     2693     3443     703      2843     1617     1439     2759     1959     591      1118     2830     0        2382     724      3033     3325     1377     2503     800      2059     3019     3402     1576     1649     2763     3297     1043     1691     738      2195     2217     562      3786     3757     2112     830      3075     2495     2134     3206     2789     1904     230      2243     3117     2004     2831     3033     2686     1121     2622     3682     2968     993      2476     1705     1886     3123     3314     995      
33       1991     2174     3696     742      1010     2625     3360     714      1310     3697     1782     566      1251     3312     3228     473      2603     200      1382     4390     4302     3238     1096     2240     3398     2710     3219     4072     3798     2859     2573     1866     2382     0        1809     842      1456     3320     3813     1625     3781     2266     1345     3247     1881     3922     1130     2584     3036     1895     3185     3856     2352     3577     3517     2519     2826     3165     892      3361     2208     426      492      2509     2057     3407     683      3688     664      3897     3279     1510     3529     2170     1389     4082     3665     572      1164     3332     2662     
34       420      3216     4325     1083     806      3306     2106     2519     2496     2588     287      1400     659      3789     3740     1892     2991     1692     2207     3518     3401     3030     2903     463      3193     2033     2072     3323     2629     1065     915      2707     724      1809     0        2556     2968     2052     3057     621      2704     2978     2986     2185     1729     3286     2838     888      2204     878      2635     2847     545      3959     3919     2348     1488     3299     2139     2644     3106     2233     1317     756      2294     3404     1328     3271     2428     3220     1836     2429     3866     2910     530      3106     2395     1408     2726     3531     928      
35       2791     1615     3210     1550     1754     2211     3772     363      881      4021     2471     1408     2064     2929     2835     682      2352     1034     1212     4565     4495     3198     530      3008     3340     2951     3597     4208     4144     3562     3379     1501     3033     842      2556     0        691      3741     3972     2235     4086     1891     511      3587     2074     4018     290      3382     3300     2424     3309     4126     3100     3220     3153     2565     3318     2969     705      3541     1732     502      1283     3193     2001     3252     1525     3702     748      4014     3780     1210     3197     1798     2073     4322     4065     1157     414      3085     3451     
36       3263     1008     2593     2078     2205     1674     3815     1039     619      3979     2826     2013     2574     2382     2285     1119     1931     1656     1064     4383     4329     2893     1024     3431     3014     2886     3617     4005     4116     3893     3846     1084     3325     1456     2968     691      0        3793     3794     2533     4025     1410     303      3574     2048     3788     528      3837     3235     2638     3129     4035     3494     2681     2613     2369     3449     2554     835      3396     1183     1184     1815     3514     1779     2856     2129     3418     1432     3800     3902     935      2676     1330     2447     4200     4087     1580     293      2629     3891     
37       2354     3445     3766     2813     2477     3105     56       3889     3176     576      1835     3172     2618     3195     3201     3109     2602     3307     2733     1567     1442     1923     4237     2071     2020     1020     237      1501     582      1576     2419     2946     1377     3320     2052     3741     3793     0        1284     1774     699      2950     3967     393      1748     1584     3949     2335     776      1446     1298     873      1910     3208     3203     1711     564      2482     3068     1075     3221     3660     2920     1496     2172     2388     3151     1819     3979     1491     395      2898     3092     2942     2086     1125     353      2751     3682     2703     2253     
38       3428     3132     2905     3518     3218     2582     1237     4217     3202     797      2788     3848     3487     2391     2433     3468     2081     3866     2782     593      535      1077     4502     3202     1072     1120     1112     270      916      2826     3611     2752     2503     3813     3057     3972     3794     1284     0        2587     707      2580     4039     950      1940     306      4105     3531     858      2239     667      546      3065     2301     2319     1426     1698     1677     3269     454      2881     4054     3534     2674     2016     1455     3864     685      4415     208      1679     2863     2186     2615     2899     509      1175     3259     3780     1835     3464     
39       1039     2655     3707     1041     703      2698     1821     2282     2001     2241     356      1400     900      3168     3120     1553     2371     1574     1661     3096     2987     2441     2659     1024     2606     1502     1727     2857     2312     1360     1509     2133     800      1625     621      2235     2533     1774     2587     0        2345     2379     2602     1803     1108     2787     2497     1467     1730     351      2097     2463     1024     3337     3298     1740     1236     2683     1699     2150     2525     2017     1176     981      1675     2798     1377     2721     2288     2730     1672     1883     3246     2315     319      2714     2128     1099     2324     2913     1482     
40       3029     3508     3520     3359     3033     3047     643      4281     3410     123      2465     3710     3227     2977     3004     3505     2531     3797     2968     869      744      1641     4604     2759     1685     1142     631      860      209      2272     3118     3061     2059     3781     2704     4086     4025     699      707      2345     0        2972     4237     544      2013     1010     4260     3034     791      1997     1053     185      2603     2927     2936     1718     1230     2247     3386     749      3265     4080     3429     2191     2279     2075     3705     1363     4422     911      1065     3094     2810     2987     2665     426      485      3209     3961     2437     2953     
41       3375     552      1447     2531     2459     364      2954     2240     1020     2959     2735     2668     2885     1054     966      1792     540      2432     907      3143     3110     1567     2369     3403     1662     1934     2730     2751     3111     3605     3886     404      3019     2266     2978     1891     1410     2950     2580     2379     2972     0        1707     2634     1378     2510     1878     3847     2239     2285     1953     2933     3394     1335     1270     1262     2792     1150     1380     2253     300      2236     2348     3245     806      1457     2757     2093     2586     2542     3180     755      1306     96       2477     3046     3167     1989     1535     1219     3860     
42       3250     1310     2890     2027     2198     1977     3992     812      837      4185     2871     1912     2537     2685     2588     1096     2222     1541     1270     4630     4572     3166     734      3445     3291     3094     3800     4257     4317     3954     3838     1366     3402     1345     2986     511      303      3967     4039     2602     4237     1707     0        3769     2236     4046     263      3835     3445     2743     3372     4256     3523     2984     2916     2612     3592     2846     920      3630     1485     1009     1760     3578     2024     3146     2029     3687     1201     4054     4050     1177     2978     1624     2480     4431     4272     1578     286      2926     3897     
43       2529     3147     3385     2815     2489     2764     366      3767     2955     449      1937     3166     2689     2817     2827     2987     2254     3258     2510     1335     1217     1533     4099     2279     1627     708      170      1192     557      1876     2671     2667     1576     3247     2185     3587     3574     393      950      1803     544      2634     3769     0        1532     1236     3775     2589     405      1454     905      664      2133     2821     2818     1376     754      2099     2895     687      2915     3557     2887     1734     1883     1996     3160     1435     3894     1148     772      2656     2705     2635     2122     922      533      2675     3488     2317     2519     
44       2148     1781     2613     1706     1477     1652     1768     2289     1429     1954     1455     1992     1854     2064     2021     1530     1274     1951     985      2525     2444     1439     2597     2106     1607     876      1568     2193     2083     2231     2595     1252     1649     1881     1729     2074     2048     1748     1940     1108     2013     1378     2236     1532     0        2041     2247     2545     1225     931      1303     2052     2068     2229     2189     697      1463     1586     1373     1492     1592     2115     1658     1878     595      1732     2033     1832     2475     2016     1892     1153     2137     1337     1310     2253     2039     1345     1955     1812     2541     
45       3668     3062     2691     3677     3391     2470     1538     4282     3214     1103     3011     3997     3682     2204     2254     3553     1988     3989     2812     648      649      951      4549     3456     902      1290     1403     261      1219     3110     3877     2723     2763     3922     3286     4018     3788     1584     306      2787     1010     2510     4046     1236     2041     0        4131     3799     1083     2446     737      841      3326     2084     2109     1452     1974     1516     3321     642      2809     4136     3675     2943     2028     1261     4021     465      4503     99       1980     2870     1974     2555     3092     751      1482     3381     3798     1645     3736     
46       3079     1526     3118     1840     2039     2171     3977     550      925      4201     2745     1694     2353     2885     2789     952      2373     1319     1322     4698     4633     3277     500      3292     3411     3119     3795     4332     4329     3835     3667     1512     3297     1130     2838     290      528      3949     4105     2497     4260     1878     263      3775     2247     4131     0        3669     3470     2668     3438     4290     3381     3182     3114     2683     3545     2997     881      3684     1680     765      1573     3463     2103     3291     1811     3792     937      4133     4007     1271     3169     1790     2348     4476     4265     1433     346      3093     3737     
47       593      4102     5158     1843     1637     4164     2391     3298     3382     2911     1111     2088     1334     4607     4566     2740     3819     2435     3095     3898     3774     3720     3675     443      3874     2654     2440     3782     2904     811      86       3590     1043     2584     888      3382     3837     2335     3531     1467     3034     3847     3835     2589     2545     3799     3669     0        2733     1624     3238     3203     495      4755     4720     3099     1835     4064     3015     3175     3986     3009     2104     856      3130     4131     1989     3874     3143     3719     2002     3317     4656     3782     1418     3459     2623     2261     3586     4302     118      
48       2584     2760     2990     2682     2374     2360     760      3505     2619     745      1932     3021     2630     2419     2427     2734     1849     3069     2177     1380     1280     1161     3821     2377     1273     351      538      1128     888      2089     2809     2291     1691     3036     2204     3300     3235     776      858      1730     791      2239     3445     405      1225     1083     3470     2733     0        1381     553      829      2252     2435     2429     977      949      1707     2598     444      2523     3315     2719     1882     1506     1626     3030     1157     3664     1015     1116     2307     2319     2243     2044     1045     931      2469     3169     1930     2677     
49       1293     2625     3540     1371     1038     2578     1491     2513     2065     1895     591      1727     1250     2984     2945     1752     2202     1867     1677     2745     2636     2153     2881     1192     2315     1169     1384     2509     1971     1329     1680     2092     738      1895     878      2424     2638     1446     2239     351      1997     2285     2743     1454     931      2446     2668     1624     1381     0        1769     2112     1140     3130     3095     1485     931      2447     1823     1806     2467     2262     1476     961      1525     2534     1713     2400     2559     2387     1385     1891     3032     2233     670      2363     1798     1338     2458     2682     1614     
