

sets
i        orders          /0*80/
k        routes          /1*80/
p        positions       /0*80/
;

alias(i,j)
alias(i,h)
alias(i,hh)
alias(i,jj)
alias(k,kk)
                            Parameters

rho(i)	Processing time
/
0	0
1	82
2	24
3	37
4	7
5	15
6	72
7	90
8	90
9	45
10	65
11	8
12	91
13	49
14	92
15	10
16	58
17	13
18	23
19	60
20	53
21	9
22	16
23	31
24	69
25	97
26	44
27	35
28	5
29	17
30	6
31	85
32	1
33	72
34	83
35	35
36	1
37	78
38	7
39	86
40	39
41	2
42	40
43	60
44	13
45	41
46	45
47	13
48	39
49	70
50	97
51	61
52	42
53	51
54	5
55	52
56	53
57	79
58	10
59	88
60	79
61	46
62	84
63	25
64	2
65	82
66	65
67	24
68	57
69	40
70	48
71	7
72	88
73	16
74	96
75	9
76	15
77	63
78	23
79	75
80	33
/

gamma(i)	Duedate
/
0	0
1	27
2	43
3	64
4	9
5	67
6	25
7	19
8	59
9	67
10	52
11	45
12	27
13	76
14	95
15	54
16	15
17	14
18	82
19	19
20	80
21	44
22	94
23	99
24	23
25	67
26	68
27	76
28	46
29	56
30	62
31	13
32	89
33	5
34	96
35	93
36	46
37	34
38	52
39	37
40	10
41	74
42	59
43	48
44	66
45	49
46	48
47	95
48	64
49	1
50	46
51	79
52	49
53	7
54	71
55	33
56	4
57	20
58	48
59	11
60	21
61	54
62	3
63	23
64	85
65	58
66	83
67	62
68	41
69	86
70	81
71	8
72	88
73	49
74	39
75	2
76	71
77	68
78	74
79	93
80	60
/

sigma(i)	Size
/
0	0
1	8
2	4
3	5
4	6
5	5
6	5
7	5
8	3
9	7
10	2
11	7
12	1
13	4
14	2
15	8
16	8
17	2
18	9
19	4
20	8
21	6
22	9
23	8
24	6
25	7
26	4
27	5
28	5
29	4
30	6
31	1
32	4
33	1
34	2
35	8
36	2
37	4
38	6
39	5
40	8
41	9
42	3
43	6
44	2
45	8
46	1
47	9
48	3
49	9
50	9
51	3
52	5
53	8
54	4
55	6
56	7
57	7
58	5
59	7
60	8
61	9
62	2
63	5
64	1
65	3
66	4
67	5
68	2
69	2
70	1
71	1
72	3
73	5
74	2
75	1
76	3
77	8
78	7
79	6
80	8
/

epsilon(i)	Priority
/
0	0
1	6
2	8
3	5
4	9
5	1
6	5
7	1
8	3
9	1
10	4
11	4
12	4
13	5
14	4
15	5
16	1
17	2
18	8
19	1
20	1
21	4
22	9
23	4
24	4
25	1
26	6
27	1
28	2
29	8
30	5
31	4
32	8
33	5
34	3
35	6
36	8
37	5
38	5
39	1
40	7
41	8
42	8
43	7
44	3
45	2
46	2
47	2
48	8
49	8
50	8
51	2
52	3
53	2
54	3
55	3
56	6
57	8
58	4
59	7
60	3
61	3
62	7
63	1
64	4
65	4
66	1
67	2
68	6
69	6
70	1
71	3
72	1
73	1
74	2
75	3
76	7
77	1
78	6
79	8
80	3
/

psi	Vehicle Capacity
/ 28 /
;

Table kappa(i,j)                 Setup
         0        1        2        3        4        5        6        7        8        9        10       11       12       13       14       15       16       17       18       19       20       21       22       23       24       25       26       27       28       29       30       31       32       33       34       35       36       37       38       39       40       41       42       43       44       45       46       47       48       49       50       51       52       53       54       55       56       57       58       59       60       61       62       63       64       65       66       67       68       69       70       71       72       73       74       75       76       77       78       79       80       
0        0        2658     117      1606     2553     583      2427     1484     3074     514      2259     2621     3113     2861     1528     2138     1039     1126     1976     2744     1757     2434     3788     1218     36       2546     527      861      289      1755     1296     3437     3770     410      2179     1635     1201     994      3906     345      3991     2493     1556     1991     1990     2304     3274     809      1618     1164     2889     3476     908      2601     2541     2253     2818     2123     2800     1596     463      2485     3093     1286     3396     2905     755      1600     3579     2803     1511     3406     910      2312     2977     1345     2531     2340     981      2146     3503     
1        2658     0        2555     2445     2204     2322     1869     1220     1693     2148     2602     101      1087     1176     2916     2294     1871     3429     725      1316     2119     1481     1132     1515     2640     357      3169     2430     2772     3225     2732     780      1216     2672     2849     2005     3489     1665     1402     2970     1382     2723     2397     2721     1283     3063     2276     2041     1042     1555     1041     826      1845     253      673      997      287      541      794      3533     2589     1245     468      3642     765      1693     2475     2205     951      1555     2787     878      1962     1800     1703     1651     971      2032     2421     1700     868      
2        117      2555     0        1514     2444     569      2314     1393     2957     424      2164     2520     2997     2744     1575     2128     922      1146     1880     2627     1651     2380     3684     1104     88       2436     617      771      385      1706     1335     3333     3676     365      2201     1612     1221     894      3816     462      3894     2399     1563     1905     1873     2334     3161     761      1513     1080     2773     3375     791      2493     2427     2179     2710     2018     2685     1584     505      2421     2987     1318     3289     2789     669      1592     3472     2686     1440     3313     793      2274     2860     1228     2415     2313     891      2031     3396     
3        1606     2445     1514     0        1077     1920     1108     1869     1892     1527     654      2472     2275     1938     3015     3261     907      1434     2096     1737     379      3099     3391     1235     1570     2150     1774     745      1895     797      2761     3082     3655     1239     3516     2710     1456     1519     3847     1892     3788     887      2839     419      1198     3687     1865     1907     1665     1789     2047     3205     1124     2251     1945     2676     2437     1986     2101     1230     1988     3014     2712     1621     2963     1702     853      2785     3110     1664     393      3324     954      3165     1777     895      1749     3298     625      965      3059     
4        2553     2204     2444     1077     0        2711     335      2212     962      2315     629      2271     1573     1242     3773     3752     1590     2508     2192     1021     801      3320     2854     1703     2517     1849     2812     1738     2827     1701     3519     2615     3285     2241     4130     3237     2525     2095     3496     2874     3345     606      3472     963      1041     4326     790      2600     1887     2296     1395     2781     1804     1956     1546     2817     2070     1941     1561     2228     2853     3162     2286     2688     2456     789      1849     3365     2556     831      1424     3016     1701     3496     851      1357     1255     3680     1628     584      2531     
5        583      2322     569      1920     2711     0        2519     1102     3057     400      2543     2268     2958     2755     1095     1559     1121     1707     1602     2681     1965     1881     3448     1101     596      2281     1062     1227     509      2239     841      3098     3348     927      1652     1052     1782     737      3466     744      3586     2775     999      2334     1945     1800     3357     290      1340     767      2751     3110     908      2315     2346     1760     2524     1818     2617     2151     270      1955     2781     1869     3084     2909     1147     1023     3270     2787     1927     2988     1017     1736     2974     1372     2404     1757     1336     2216     3189     
6        2427     1869     2314     1108     335      2519     0        1926     788      2134     848      1936     1296     955      3555     3469     1415     2531     1872     732      757      3003     2553     1464     2392     1515     2740     1665     2689     1830     3304     2301     2963     2154     3870     2967     2557     1861     3172     2761     3032     894      3223     1120     728      4071     848      2381     1590     2040     1100     2462     1612     1623     1215     2495     1741     1612     1246     2324     2684     2839     1964     2724     2146     598      1772     3105     2256     586      1491     2688     1537     3191     671      1147     928      3380     1567     307      2226     
7        1484     1220     1393     1869     2212     1102     1926     0        2233     970      2312     1166     1961     1828     1812     1543     1004     2412     502      1816     1695     1230     2346     635      1473     1209     2010     1513     1564     2511     1594     1996     2285     1589     1971     1055     2481     516      2422     1774     2509     2512     1368     2260     1209     2179     2667     821      353      336      1784     2013     854      1230     1337     855      1432     733      1606     2662     1370     1168     1681     2616     1983     2126     1514     1216     2169     1985     2088     1921     1027     1316     2177     986      1475     1479     1556     1631     2088     
8        3074     1693     2957     1892     962      3057     788      2233     0        2704     1586     1786     734      518      4007     3722     2034     3302     1997     422      1530     3080     2026     1955     3041     1360     3443     2388     3312     2615     3768     1854     2554     2853     4197     3281     3332     2337     2767     3417     2558     1561     3599     1894     1111     4407     599      2865     1880     2442     663      2040     2191     1447     1054     2559     1466     1676     905      3112     3261     2872     1593     3500     1677     190      2489     3449     1734     271      2279     2350     2164     3339     116      1731     795      3554     2302     969      1729     
9        514      2148     424      1527     2315     400      2134     970      2704     0        2144     2109     2665     2437     1493     1838     725      1520     1461     2344     1564     1985     3280     767      502      2052     1039     862      645      1904     1238     2928     3255     685      2008     1296     1593     483      3393     823      3476     2376     1336     1943     1595     2169     2976     421      1114     655      2449     2964     522      2102     2073     1758     2318     1617     2338     1887     557      2011     2589     1708     2893     2549     798      1318     3077     2433     1562     2891     617      1910     2616     992      2094     1975     964      1834     2999     
10       2259     2602     2164     654      629      2543     848      2312     1586     2144     0        2653     2144     1803     3637     3793     1462     1988     2425     1580     622      3511     3387     1709     2223     2264     2416     1399     2547     1095     3382     3118     3758     1892     4096     3251     1994     2055     3963     2546     3847     234      3421     365      1328     4276     1377     2498     2041     2304     1944     3269     1690     2372     1994     3042     2521     2236     2071     1638     2630     3389     2767     2149     2972     1406     1507     3346     3091     1425     895      3459     1540     3628     1472     1338     1732     3785     1279     908      3056     
11       2621     101      2520     2472     2271     2268     1936     1166     1786     2109     2653     0        1188     1269     2834     2197     1865     3419     665      1403     2154     1379     1180     1500     2605     435      3136     2426     2726     3246     2655     830      1208     2650     2755     1917     3480     1627     1386     2928     1392     2780     2311     2760     1327     2968     2365     1984     1015     1502     1137     855      1827     339      754      898      388      525      890      3540     2536     1143     545      3631     834      1780     2466     2118     1018     1641     2806     859      1951     1700     1793     1658     1051     1932     2422     1756     934      
12       3113     1087     2997     2275     1573     2958     1296     1961     734      2665     2144     1188     0        343      3773     3312     2113     3577     1592     564      1896     2558     1302     1902     3086     828      3556     2586     3308     3059     3556     1120     1821     2982     3836     2942     3620     2222     2034     3456     1826     2176     3303     2392     1172     4051     1328     2718     1641     2242     234      1308     2206     877      624      2054     817      1269     356      3499     3197     2328     882      3787     943      827      2669     3130     1006     745      2667     1632     2238     2859     797      1810     587      3087     2528     1317     997      
13       2861     1176     2744     1938     1242     2755     955      1828     518      2437     1803     1269     343      0        3634     3265     1839     3263     1530     223      1559     2582     1613     1669     2832     847      3283     2284     3071     2719     3406     1394     2084     2701     3763     2853     3303     2019     2297     3206     2118     1841     3193     2049     881      3976     1109     2534     1486     2077     160      1571     1954     931      552      2064     950      1203     388      3165     2982     2368     1099     3471     1226     546      2372     3031     1315     433      2331     1856     1967     2855     539      1531     355      3075     2219     976      1294     
14       1528     2916     1575     3015     3773     1095     3555     1812     4007     1493     3637     2834     3773     3634     0        1060     2198     2574     2220     3603     3051     1870     3954     2093     1558     2995     1793     2309     1275     3281     255      3626     3675     1935     758      951      2645     1695     3736     1442     3943     3869     551      3428     2916     816      4372     1174     2148     1564     3596     3582     1974     2995     3149     2049     3174     2520     3417     3103     1070     2062     3380     2682     3663     3879     2221     752      3844     3746     3004     3350     2103     1556     3938     2417     3279     1428     2423     3248     3759     
15       2138     2294     2128     3261     3752     1559     3469     1543     3722     1838     3793     2197     3312     3265     1060     0        2355     3264     1735     3299     3171     935      3178     2086     2154     2484     2563     2688     1983     3739     1079     2886     2789     2480     584      552      3339     1745     2814     2207     3064     4007     625      3677     2750     787      4195     1417     1885     1488     3184     2800     2137     2448     2722     1304     2578     2063     2963     3706     1712     1173     2718     3417     2965     3636     2634     537      3130     3491     3375     2502     2311     574      3680     2458     2932     386      2778     3173     3046     
16       1039     1871     922      907      1590     1121     1415     1004     2034     725      1462     1865     2113     1839     2198     2355     0        1560     1338     1710     856      2229     2955     390      1007     1667     1444     560      1283     1506     1942     2613     3073     869      2634     1806     1618     611      3243     1383     3253     1688     1958     1322     960      2814     2261     1039     893      884      1883     2692     227      1745     1587     1850     1959     1339     1826     1697     1270     2172     2246     1774     2536     1867     605      1889     2710     1764     1085     2717     129      2268     1938     309      1526     2394     571      1121     2642     
17       1126     3429     1146     1434     2508     1707     2531     2412     3302     1520     1988     3419     3577     3263     2574     3264     1560     0        2845     3087     1774     3506     4513     1919     1110     3224     793      1012     1313     1023     2368     4173     4622     837      3275     2757     74       1898     4784     1131     4810     2186     2676     1629     2409     3380     3298     1904     2418     2145     3342     4252     1599     3305     3116     3251     3518     2893     3332     588      1566     3524     3805     214      4092     3113     955      2726     4263     3057     1095     4262     1467     3418     3188     1816     3001     3459     1052     2339     4197     
18       1976     725      1880     2096     2192     1602     1872     502      1997     1461     2425     665      1592     1530     2220     1735     1338     2845     0        1574     1844     1131     1845     949      1962     781      2497     1890     2066     2814     2024     1496     1798     2044     2245     1352     2911     986      1947     2273     2015     2595     1723     2447     1152     2460     2504     1318     446      838      1451     1511     1248     774      988      626      959      327      1238     3035     1871     973      1191     3054     1491     1927     1912     1542     1677     1780     2377     1435     1398     1348     1964     1209     1202     1558     1910     1614     1594     
19       2744     1316     2627     1737     1021     2681     732      1816     422      2344     1580     1403     564      223      3603     3299     1710     3087     1574     0        1359     2665     1833     1582     2714     969      3147     2124     2968     2510     3368     1604     2288     2560     3777     2862     3125     1951     2500     3090     2331     1618     3184     1832     754      3988     964      2476     1466     2038     374      1777     1844     1064     652      2144     1118     1255     566      2967     2896     2462     1295     3293     1440     377      2217     3031     1535     239      2130     2046     1840     2918     397      1401     376      3133     2052     772      1511     
20       1757     2119     1651     379      801      1965     757      1695     1530     1564     622      2154     1896     1559     3051     3171     856      1774     1844     1359     0        2905     3027     1087     1721     1807     2013     937      2036     1169     2796     2726     3317     1439     3483     2629     1802     1436     3514     2074     3439     838      2809     609      846      3666     1563     1895     1440     1682     1669     2855     1083     1912     1585     2450     2089     1693     1729     1608     2081     2796     2358     1970     2601     1340     1047     2729     2743     1293     772      2995     948      3011     1415     716      1376     3164     829      587      2695     
21       2434     1481     2380     3099     3320     1881     3003     1230     3080     1985     3511     1379     2558     2582     1870     935      2229     3506     1131     2665     2905     0        2256     1865     2437     1744     2941     2705     2385     3730     1791     1980     1854     2669     1519     962      3579     1667     1887     2622     2129     3696     1327     3485     2279     1718     3616     1625     1469     1390     2473     1879     2056     1681     2030     521      1767     1419     2234     3834     2120     249      1857     3692     2076     3032     2687     1134     2232     2885     3314     1568     2237     364      3061     2210     2289     589      2763     2739     2149     
22       3788     1132     3684     3391     2854     3448     2553     2346     2026     3280     3387     1180     1302     1613     3954     3178     2955     4513     1845     1833     3027     2256     0        2622     3770     1289     4296     3502     3904     4188     3794     351      662      3785     3760     3010     4568     2796     845      4102     553      3447     3412     3589     2194     3966     2604     3163     2170     2682     1458     377      2956     1210     1445     1914     995      1666     1317     4557     3717     2009     708      4727     428      2130     3559     3212     298      2041     3764     727      3057     2619     2098     2702     1664     2845     3478     2499     332      
23       1218     1515     1104     1235     1703     1101     1464     635      1955     767      1709     1500     1902     1669     2093     2086     390      1919     949      1582     1087     1865     2622     0        1193     1348     1693     942      1406     1889     1845     2275     2702     1162     2429     1551     1981     398      2867     1558     2892     1921     1768     1631     844      2623     2280     924      506      601      1682     2341     333      1415     1323     1466     1632     975      1582     2086     1315     1794     1916     2131     2213     1809     971      1666     2392     1686     1460     2344     454      1935     1874     371      1327     2080     961      1156     2320     
24       36       2640     88       1570     2517     596      2392     1473     3041     502      2223     2605     3086     2832     1558     2154     1007     1110     1962     2714     1721     2437     3770     1193     0        2524     537      824      325      1724     1324     3419     3757     378      2203     1647     1185     978      3895     376      3977     2457     1577     1955     1960     2330     3239     813      1600     1155     2861     3460     880      2581     2516     2248     2798     2104     2774     1572     490      2484     3074     1274     3376     2872     719      1617     3559     2771     1477     3393     877      2320     2944     1314     2503     2352     945      2112     3483     
25       2546     357      2436     2150     1849     2281     1515     1209     1360     2052     2264     435      828      847      2995     2484     1667     3224     781      969      1807     1744     1289     1348     2524     0        3038     2213     2694     2940     2791     953      1509     2508     3015     2131     3279     1575     1708     2874     1639     2376     2504     2401     962      3230     1933     2016     944      1525     729      1057     1681     108      318      1232     295      477      489      3281     2540     1524     581      3438     869      1346     2270     2323     1045     1205     2507     1196     1772     2035     1361     1413     615      2261     2190     1357     975      
26       527      3169     617      1774     2812     1062     2740     2010     3443     1039     2416     3136     3556     3283     1793     2563     1444     793      2497     3147     2013     2941     4296     1693     537      3038     0        1077     580      1677     1601     3945     4294     590      2513     2096     860      1512     4432     359      4512     2642     1952     2098     2402     2606     3573     1319     2126     1691     3327     3991     1365     3099     3008     2778     3317     2630     3259     1360     854      3003     3596     889      3897     3265     968      2031     4079     3177     1563     3930     1318     2795     3339     1751     2970     2802     1183     2485     4004     
27       861      2430     771      745      1738     1227     1665     1513     2388     862      1399     2426     2586     2284     2309     2688     560      1012     1890     2124     937      2705     3502     942      824      2213     1077     0        1150     1053     2060     3164     3634     504      2868     2139     1066     1037     3804     1152     3812     1633     2198     1134     1413     3024     2495     1277     1448     1316     2351     3248     659      2296     2105     2368     2508     1900     2327     1150     1258     2675     2794     1226     3081     2206     111      2177     3250     2128     701      3278     492      2695     2281     804      2004     2790     120      1421     3185     
28       289      2772     385      1895     2827     509      2689     1564     3312     645      2547     2726     3308     3071     1275     1983     1283     1313     2066     2968     2036     2385     3904     1406     325      2694     580      1150     0        2027     1058     3552     3837     692      1962     1518     1386     1119     3962     236      4070     2782     1376     2281     2214     2071     3537     791      1751     1230     3089     3577     1123     2739     2718     2266     2954     2249     2983     1827     274      2465     3221     1444     3525     3148     1045     1451     3710     3041     1798     3476     1156     2222     3218     1581     2733     2223     1270     2402     3631     
29       1755     3225     1706     797      1701     2239     1830     2511     2615     1904     1095     3246     3059     2719     3281     3739     1506     1023     2814     2510     1169     3730     4188     1889     1724     2940     1677     1053     2027     0        3042     3878     4439     1346     3891     3191     1003     2072     4628     1929     4580     1248     3231     738      1995     4035     2471     2324     2370     2353     2835     3997     1674     3040     2742     3355     3230     2744     2897     553      2210     3679     3507     1133     3760     2427     1106     3222     3907     2411     440      4102     1493     3741     2499     1609     2544     3842     974      1742     3857     
30       1296     2732     1335     2761     3519     841      3304     1594     3768     1238     3382     2655     3556     3406     255      1079     1942     2368     2024     3368     2796     1791     3794     1845     1324     2791     1601     2060     1058     3042     0        3460     3550     1698     912      835      2441     1447     3624     1244     3814     3614     477      3175     2672     1012     4124     923      1922     1330     3373     3427     1719     2796     2931     1909     2982     2314     3201     2883     834      1962     3199     2488     3488     3637     1974     657      3671     3506     2756     3215     1847     1507     3697     2164     3050     1415     2173     2997     3585     
31       3437     780      3333     3082     2615     3098     2301     1996     1854     2928     3118     830      1120     1394     3626     2886     2613     4173     1496     1604     2726     1980     351      2275     3419     953      3945     3164     3552     3878     3460     0        701      3437     3465     2688     4229     2444     913      3750     731      3194     3089     3300     1884     3673     2448     2814     1819     2332     1234     193      2608     867      1141     1601     657      1315     1054     4232     3366     1731     372      4387     181      1932     3218     2890     258      1827     3449     576      2712     2338     1911     2366     1386     2568     3143     2218     187      
32       3770     1216     3676     3655     3285     3348     2963     2285     2554     3255     3758     1208     1821     2084     3675     2789     3073     4622     1798     2288     3317     1854     662      2702     3757     1509     4294     3634     3837     4439     3550     701      0        3838     3371     2726     4684     2785     213      4054     276      3851     3124     3910     2472     3565     3149     3058     2205     2612     1924     514      3024     1405     1763     1644     1237     1733     1727     4748     3618     1628     999      4833     881      2627     3672     2923     875      2517     4002     363      3155     2215     2608     2865     2036     2425     3631     2850     849      
33       410      2672     365      1239     2241     927      2154     1589     2853     685      1892     2650     2982     2701     1935     2480     869      837      2044     2560     1439     2669     3785     1162     378      2508     590      504      692      1346     1698     3437     3838     0        2566     1953     910      1073     3991     654      4040     2124     1925     1604     1820     2700     2992     1083     1636     1310     2751     3499     829      2577     2452     2418     2795     2130     2695     1226     865      2686     3078     1032     3376     2675     393      1946     3553     2587     1108     3475     748      2592     2749     1172     2395     2646     620      1895     3482     
34       2179     2849     2201     3516     4130     1652     3870     1971     4197     2008     4096     2755     3836     3763     758      584      2634     3275     2245     3777     3483     1519     3760     2429     2203     3015     2513     2868     1962     3891     912      3465     3371     2566     0        916      3348     2050     3391     2155     3647     4320     677      3936     3172     214      4637     1609     2324     1834     3694     3382     2407     2987     3232     1872     3130     2572     3483     3775     1718     1757     3285     3399     3538     4096     2795     766      3706     3954     3569     3086     2565     1156     4146     2791     3420     950      2972     3567     3622     
35       1635     2005     1612     2710     3237     1052     2967     1055     3281     1296     3251     1917     2942     2853     951      552      1806     2757     1352     2862     2629     962      3010     1551     1647     2131     2096     2139     1518     3191     835      2688     2726     1953     916      0        2832     1197     2792     1751     2993     3468     403      3127     2261     1126     3722     876      1408     949      2790     2636     1585     2114     2329     1099     2276     1673     2587     3175     1243     1126     2461     2921     2735     3180     2087     202      2913     3038     2823     2399     1759     718      3229     1920     2507     706      2227     2665     2827     
36       1201     3489     1221     1456     2525     1782     2557     2481     3332     1593     1994     3480     3620     3303     2645     3339     1618     74       2911     3125     1802     3579     4568     1981     1185     3279     860      1066     1386     1003     2441     4229     4684     910      3348     2832     0        1968     4847     1202     4870     2187     2750     1632     2454     3452     3315     1978     2481     2216     3385     4311     1663     3361     3166     3321     3574     2954     3380     539      1640     3595     3860     168      4147     3143     1013     2801     4316     3089     1105     4325     1528     3492     3218     1869     3047     3534     1100     2372     4251     
37       994      1665     894      1519     2095     737      1861     516      2337     483      2055     1627     2222     2019     1695     1745     611      1898     986      1951     1436     1667     2796     398      978      1575     1512     1037     1119     2072     1447     2444     2785     1073     2050     1197     1968     0        2929     1306     3000     2275     1381     1933     1230     2239     2677     529      632      281      2014     2482     403      1621     1615     1355     1836     1133     1884     2173     977      1646     2106     2101     2409     2197     1022     1292     2594     2070     1671     2421     585      1671     2260     742      1668     1787     1099     1554     2516     
38       3906     1402     3816     3847     3496     3466     3172     2422     2767     3393     3963     1386     2034     2297     3736     2814     3243     4784     1947     2500     3514     1887     845      2867     3895     1708     4432     3804     3962     4628     3624     913      213      3991     3391     2792     4847     2929     0        4183     347      4059     3186     4110     2670     3580     3362     3176     2366     2744     2137     727      3185     1602     1969     1733     1441     1906     1938     4926     3735     1675     1210     4995     1093     2840     3838     2985     1078     2730     4189     527      3321     2241     2822     3045     2245     2441     3805     3055     1057     
39       345      2970     462      1892     2874     744      2761     1774     3417     823      2546     2928     3456     3206     1442     2207     1383     1131     2273     3090     2074     2622     4102     1558     376      2874     359      1152     236      1929     1244     3750     4054     654      2155     1751     1202     1306     4183     0        4283     2778     1593     2256     2336     2252     3607     1021     1938     1442     3233     3781     1253     2925     2880     2496     3141     2440     3140     1675     508      2699     3413     1244     3716     3248     1041     1678     3900     3147     1747     3692     1254     2458     3320     1690     2875     2455     1270     2485     3823     
40       3991     1382     3894     3788     3345     3586     3032     2509     2558     3476     3847     1392     1826     2118     3943     3064     3253     4810     2015     2331     3439     2129     553      2892     3977     1639     4512     3812     4070     4580     3814     731      276      4040     3647     2993     4870     3000     347      4283     0        3925     3393     4022     2594     3841     3143     3296     2404     2841     1959     583      3219     1541     1862     1905     1351     1917     1785     4910     3857     1901     1083     5023     891      2649     3857     3191     828      2550     4146     602      3342     2491     2623     3030     2115     2701     3803     2945     829      
41       2493     2723     2399     887      606      2775     894      2512     1561     2376     234      2780     2176     1841     3869     4007     1688     2186     2595     1618     838      3696     3447     1921     2457     2376     2642     1633     2782     1248     3614     3194     3851     2124     4320     3468     2187     2275     4059     2778     3925     0        3646     558      1471     4503     1267     2726     2228     2519     1991     3353     1916     2485     2091     3218     2620     2389     2140     1800     2865     3566     2853     2338     3041     1394     1741     3568     3149     1437     1103     3565     1770     3826     1453     1549     1815     3989     1512     1024     3120     
42       1556     2397     1563     2839     3472     999      3223     1368     3599     1336     3421     2311     3303     3193     551      625      1958     2676     1723     3184     2809     1327     3412     1768     1577     2504     1952     2198     1376     3231     477      3089     3124     1925     677      403      2750     1381     3186     1593     3393     3646     0        3259     2541     857      4009     933      1718     1183     3140     3039     1730     2494     2684     1502     2663     2037     2947     3147     1111     1513     2856     2819     3133     3486     2129     201      3312     3347     2899     2800     1888     1031     3539     2124     2842     940      2300     2917     3227     
43       1991     2721     1905     419      963      2334     1120     2260     1894     1943     365      2760     2392     2049     3428     3677     1322     1629     2447     1832     609      3485     3589     1631     1955     2401     2098     1134     2281     738      3175     3300     3910     1604     3936     3127     1632     1933     4110     2256     4022     558      3259     0        1440     4107     1733     2326     2031     2200     2178     3439     1542     2508     2160     3045     2676     2302     2275     1275     2391     3387     2938     1786     3166     1708     1236     3204     3299     1706     546      3595     1373     3567     1778     1275     1925     3706     1015     1091     3256     
44       1990     1283     1873     1198     1041     1945     728      1209     1111     1595     1328     1327     1172     881      2916     2750     960      2409     1152     754      846      2279     2194     844      1960     962      2402     1413     2214     1995     2672     1884     2472     1820     3172     2261     2454     1230     2670     2336     2594     1471     2541     1440     0        3377     1467     1760     866      1362     938      2010     1091     1067     748      1777     1243     919      929      2376     2151     2124     1514     2620     1765     967      1497     2409     1916     842      1570     2154     1089     2462     1030     651      592      2652     1357     463      1863     
45       2304     3063     2334     3687     4326     1800     4071     2179     4407     2169     4276     2968     4051     3976     816      787      2814     3380     2460     3988     3666     1718     3966     2623     2330     3230     2606     3024     2071     4035     1012     3673     3565     2700     214      1126     3452     2239     3580     2252     3841     4503     857      4107     3377     0        4843     1781     2532     2031     3908     3588     2586     3202     3446     2083     3345     2786     3698     3895     1840     1959     3497     3495     3749     4305     2947     967      3916     4163     3726     3287     2741     1353     4355     2981     3632     1140     3131     3766     3831     
46       3274     2276     3161     1865     790      3357     848      2667     599      2976     1377     2365     1328     1109     4372     4195     2261     3298     2504     964      1563     3616     2604     2280     3239     1933     3573     2495     3537     2471     4124     2448     3149     2992     4637     3722     3315     2677     3362     3607     3143     1267     4009     1733     1467     4843     0        3203     2316     2829     1260     2636     2454     2026     1617     3095     2060     2197     1497     3007     3529     3420     2193     3478     2270     588      2604     3876     2316     733      2214     2950     2384     3853     573      1985     1334     4059     2392     1142     2317     
47       809      2041     761      1907     2600     290      2381     821      2865     421      2498     1984     2718     2534     1174     1417     1039     1904     1318     2476     1895     1625     3163     924      813      2016     1319     1277     791      2324     923      2814     3058     1083     1609     876      1978     529      3176     1021     3296     2726     933      2326     1760     1781     3203     0        1083     491      2519     2823     811      2044     2100     1475     2251     1546     2372     2301     560      1684     2502     2080     2804     2727     1217     899      2991     2599     1973     2698     959      1513     2789     1242     2180     1563     1373     2074     2909     
48       1618     1042     1513     1665     1887     1340     1590     353      1880     1114     2041     1015     1641     1486     2148     1885     893      2418     446      1466     1440     1469     2170     506      1600     944      2126     1448     1751     2370     1922     1819     2205     1636     2324     1408     2481     632      2366     1938     2404     2228     1718     2031     866      2532     2316     1083     0        601      1452     1867     819      988      1019     1013     1203     504      1291     2591     1596     1356     1475     2629     1778     1773     1475     1569     1962     1631     1934     1845     959      1611     1824     772      1131     1792     1464     1303     1885     
49       1164     1555     1080     1789     2296     767      2040     336      2442     655      2304     1502     2242     2077     1564     1488     884      2145     838      2038     1682     1390     2682     601      1155     1525     1691     1316     1230     2353     1330     2332     2612     1310     1834     949      2216     281      2744     1442     2841     2519     1183     2200     1362     2031     2829     491      601      0        2051     2349     683      1553     1620     1109     1759     1055     1892     2444     1034     1381     2014     2342     2316     2318     1296     1068     2503     2183     1951     2249     865      1390     2375     971      1721     1510     1380     1735     2421     
