

sets
i        orders          /0*10/
k        routes          /1*10/
p        positions       /0*10/
;

alias(i,j)
alias(i,h)
alias(i,hh)
alias(i,jj)
alias(k,kk)
                            Parameters

rho(i)	Processing time
/
0	0
1	21
2	98
3	8
4	3
5	82
6	22
7	93
8	62
9	43
10	8
/

gamma(i)	Duedate
/
0	0
1	49
2	15
3	73
4	47
5	33
6	89
7	89
8	26
9	51
10	42
/

sigma(i)	Size
/
0	0
1	7
2	4
3	1
4	4
5	4
6	1
7	6
8	3
9	3
10	6
/

epsilon(i)	Priority
/
0	0
1	2
2	3
3	2
4	5
5	3
6	5
7	2
8	7
9	4
10	9
/

psi	Vehicle Capacity
/ 77 /
;

Table kappa(i,j)                 Setup
         0        1        2        3        4        5        6        7        8        9        10       
0        0        118      387      276      387      370      301      285      117      204      441      
1        118      0        332      335      356      290      268      178      94       157      483      
2        387      332      0        321      80       94       97       217      270      481      348      
3        276      335      321      0        263      374      231      392      245      473      168      
4        387      356      80       263      0        171      88       276      278      512      270      
5        370      290      94       374      171      0        145      139      253      425      430      
6        301      268      97       231      88       145      0        209      190      424      292      
7        285      178      217      392      276      139      209      0        186      291      494      
8        117      94       270      245      278      253      190      186      0        248      389      
9        204      157      481      473      512      425      424      291      248      0        631      
10       441      483      348      168      270      430      292      494      389      631      0        
;



Table delta(i,j)                 Distance
         0        1        2        3        4        5        6        7        8        9        10       
0        0        310      100      310      450      500      260      480      60       250      30       
1        310      0        34       28       16       37       37       17       28       17       28       
2        100      34       0        40       50       59       36       51       16       32       10       
3        310      28       40       0        29       20       14       38       24       12       29       
4        450      16       50       29       0        27       42       10       41       22       42       
5        500      37       59       20       27       0        32       37       44       27       48       
6        260      37       36       14       42       32       0        50       20       21       26       
7        480      17       51       38       10       37       50       0        45       29       45       
8        60       28       16       24       41       44       20       45       0        19       6        
9        250      17       32       12       22       27       21       29       19       0        22       
10       30       28       10       29       42       48       26       45       6        22       0        
;

