

sets
i        orders          /0*10/
k        routes          /1*10/
p        positions       /0*10/
;

alias(i,j)
alias(i,h)
alias(i,hh)
alias(i,jj)
alias(k,kk)
                            Parameters

rho(i)	Processing time
/
0	0
1	73
2	95
3	49
4	46
5	91
6	19
7	9
8	50
9	25
10	51
/

gamma(i)	Duedate
/
0	0
1	71
2	18
3	58
4	62
5	86
6	83
7	96
8	84
9	77
10	54
/

sigma(i)	Size
/
0	0
1	6
2	1
3	6
4	7
5	4
6	2
7	7
8	9
9	6
10	7
/

epsilon(i)	Priority
/
0	0
1	9
2	7
3	2
4	6
5	4
6	4
7	4
8	3
9	2
10	6
/

psi	Vehicle Capacity
/ 70 /
;

Table kappa(i,j)                 Setup
         0        1        2        3        4        5        6        7        8        9        10       
0        0        353      481      224      138      148      148      65       325      65       312      
1        353      0        311      216      278      287      302      296      83       316      297      
2        481      311      0        258      495      337      524      459      241      487      188      
3        224      216      258      0        249      91       277      202      146      231      116      
4        138      278      495      249      0        219      29       80       284      73       362      
5        148      287      337      91       219      0        244      150      229      176      163      
6        148      302      524      277      29       244      0        98       311      83       390      
7        65       296      459      202      80       150      98       0        278      28       306      
8        325      83       241      146      284      229      311      278      0        303      214      
9        65       316      487      231      73       176      83       28       303      0        334      
10       312      297      188      116      362      163      390      306      214      334      0        
;



Table delta(i,j)                 Distance
         0        1        2        3        4        5        6        7        8        9        10       
0        0        220      290      170      460      160      40       290      280      170      190      
1        220      0        21       38       50       7        18       37       38       38       42       
2        290      21       0        46       31       24       26       22       26       38       47       
3        170      38       46       0        56       31       21       40       37       16       7        
4        460      50       31       56       0        50       45       17       19       41       53       
5        160      7        24       31       50       0        12       36       37       33       35       
6        40       18       26       21       45       12       0        29       28       21       24       
7        290      37       22       40       17       36       29       0        4        26       37       
8        280      38       26       37       19       37       28       4        0        22       34       
9        170      38       38       16       41       33       21       26       22       0        11       
10       190      42       47       7        53       35       24       37       34       11       0        
;

