

sets
i        orders          /0*10/
k        routes          /1*10/
p        positions       /0*10/
;

alias(i,j)
alias(i,h)
alias(i,hh)
alias(i,jj)
alias(k,kk)
                            Parameters

rho(i)	Processing time
/
0	0
1	44
2	33
3	70
4	59
5	5
6	94
7	86
8	38
9	17
10	74
/

gamma(i)	Duedate
/
0	0
1	73
2	93
3	94
4	32
5	25
6	53
7	43
8	86
9	2
10	75
/

sigma(i)	Size
/
0	0
1	1
2	1
3	1
4	6
5	7
6	3
7	4
8	1
9	1
10	1
/

epsilon(i)	Priority
/
0	0
1	5
2	9
3	4
4	5
5	3
6	1
7	7
8	3
9	9
10	6
/

psi	Vehicle Capacity
/ 121 /
;

Table kappa(i,j)                 Setup
         0        1        2        3        4        5        6        7        8        9        10       
0        0        99       64       490      242      238      281      403      213      424      326      
1        99       0        36       506      151      329      197      328      114      347      317      
2        64       36       0        506      180      299      230      359      149      379      325      
3        490      506      506      0        622      416      460      431      548      454      204      
4        242      151      180      622      0        479      202      330      75       338      421      
5        238      329      299      416      479      0        461      547      438      574      354      
6        281      197      230      460      202      461      0        135      133      151      257      
7        403      328      359      431      330      547      135      0        267      27       254      
8        213      114      149      548      75       438      133      267      0        278      346      
9        424      347      379      454      338      574      151      27       278      0        281      
10       326      317      325      204      421      354      257      254      346      281      0        
;



Table delta(i,j)                 Distance
         0        1        2        3        4        5        6        7        8        9        10       
0        0        110      70       220      410      430      420      190      230      340      320      
1        110      0        12       31       38       36       48       25       30       40       36       
2        70       12       0        29       47       47       49       27       30       41       39       
3        220      31       29       0        36       47       22       10       5        15       18       
4        410      38       47       36       0        18       29       26       31       28       19       
5        430      36       47       47       18       0        46       36       42       43       34       
6        420      48       49       22       29       46       0        23       19       8        13       
7        190      25       27       10       26       36       23       0        6        15       13       
8        230      30       30       5        31       42       19       6        0        11       13       
9        340      40       41       15       28       43       8        15       11       0        8        
10       320      36       39       18       19       34       13       13       13       8        0        
;

