

sets
i        orders          /0*10/
k        routes          /1*10/
p        positions       /0*10/
;

alias(i,j)
alias(i,h)
alias(i,hh)
alias(i,jj)
alias(k,kk)
                            Parameters

rho(i)	Processing time
/
0	0
1	90
2	93
3	74
4	78
5	74
6	55
7	24
8	23
9	27
10	2
/

gamma(i)	Duedate
/
0	0
1	28
2	66
3	39
4	52
5	26
6	60
7	55
8	23
9	42
10	70
/

sigma(i)	Size
/
0	0
1	8
2	1
3	6
4	1
5	6
6	3
7	8
8	5
9	1
10	1
/

epsilon(i)	Priority
/
0	0
1	2
2	5
3	8
4	3
5	2
6	7
7	1
8	3
9	1
10	1
/

psi	Vehicle Capacity
/ 81 /
;

Table kappa(i,j)                 Setup
         0        1        2        3        4        5        6        7        8        9        10       
0        0        209      384      103      137      250      384      410      397      464      117      
1        209      0        176      258      74       56       255      202      225      391      92       
2        384      176      0        418      246      137      279      66       196      437      268      
3        103      258      418      0        185      282      472      457      472      563      180      
4        137      74       246      185      0        112      304      276      290      423      31       
5        250      56       137      282      112      0        285      178      237      431      138      
6        384      255      279      472      304      285      0        232      93       158      296      
7        410      202      66       457      276      178      232      0        141      389      293      
8        397      225      196      472      290      237      93       141      0        247      292      
9        464      391      437      563      423      431      158      389      247      0        406      
10       117      92       268      180      31       138      296      293      292      406      0        
;



Table delta(i,j)                 Distance
         0        1        2        3        4        5        6        7        8        9        10       
0        0        220      460      180      410      380      480      470      400      150      480      
1        220      0        45       25       38       17       42       25       49       23       42       
2        460      45       0        27       7        40       8        45       21       30       11       
3        180      25       27       0        22       31       29       40       24       3        30       
4        410      38       7        22       0        33       7        39       23       25       9        
5        380      17       40       31       33       0        34       9        51       31       33       
6        480      42       8        29       7        34       0        38       29       32       2        
7        470      25       45       40       39       9        38       0        59       40       37       
8        400      49       21       24       23       51       29       59       0        27       31       
9        150      23       30       3        25       31       32       40       27       0        33       
10       480      42       11       30       9        33       2        37       31       33       0        
;

