

sets
i        orders          /0*80/
k        routes          /1*80/
p        positions       /0*80/
;

alias(i,j)
alias(i,h)
alias(i,hh)
alias(i,jj)
alias(k,kk)
                            Parameters

rho(i)	Processing time
/
0	0
1	52
2	50
3	11
4	23
5	68
6	57
7	44
8	80
9	49
10	21
11	73
12	79
13	49
14	79
15	33
16	91
17	62
18	91
19	1
20	37
21	37
22	11
23	54
24	16
25	51
26	72
27	95
28	18
29	65
30	3
31	13
32	45
33	68
34	37
35	97
36	59
37	62
38	85
39	34
40	73
41	87
42	68
43	1
44	66
45	18
46	11
47	73
48	41
49	75
50	37
51	35
52	24
53	9
54	68
55	32
56	37
57	63
58	56
59	77
60	93
61	71
62	92
63	57
64	91
65	2
66	87
67	83
68	57
69	55
70	60
71	85
72	65
73	94
74	57
75	52
76	92
77	3
78	88
79	51
80	70
/

gamma(i)	Duedate
/
0	0
1	59
2	14
3	6
4	23
5	37
6	71
7	2
8	77
9	69
10	58
11	52
12	53
13	26
14	62
15	71
16	95
17	89
18	89
19	5
20	57
21	75
22	94
23	13
24	85
25	38
26	91
27	31
28	26
29	16
30	78
31	75
32	77
33	94
34	76
35	71
36	51
37	55
38	19
39	95
40	17
41	27
42	15
43	32
44	1
45	1
46	62
47	68
48	75
49	32
50	32
51	58
52	17
53	4
54	32
55	96
56	86
57	46
58	7
59	24
60	99
61	22
62	20
63	47
64	66
65	30
66	60
67	2
68	52
69	61
70	4
71	35
72	56
73	20
74	65
75	85
76	17
77	93
78	65
79	68
80	41
/

sigma(i)	Size
/
0	0
1	1
2	2
3	7
4	2
5	6
6	4
7	4
8	3
9	9
10	2
11	2
12	3
13	3
14	5
15	4
16	8
17	6
18	5
19	1
20	1
21	1
22	2
23	8
24	1
25	7
26	1
27	3
28	3
29	4
30	8
31	5
32	6
33	9
34	4
35	4
36	6
37	5
38	8
39	8
40	9
41	9
42	6
43	4
44	5
45	3
46	7
47	9
48	3
49	3
50	4
51	6
52	7
53	6
54	4
55	3
56	2
57	4
58	6
59	3
60	1
61	8
62	6
63	3
64	5
65	9
66	7
67	7
68	9
69	6
70	2
71	6
72	1
73	2
74	2
75	6
76	5
77	3
78	8
79	9
80	7
/

epsilon(i)	Priority
/
0	0
1	5
2	6
3	5
4	8
5	2
6	3
7	4
8	2
9	8
10	6
11	8
12	8
13	8
14	3
15	1
16	5
17	6
18	8
19	8
20	4
21	7
22	7
23	6
24	4
25	7
26	2
27	4
28	2
29	7
30	5
31	9
32	8
33	3
34	2
35	5
36	5
37	7
38	4
39	7
40	7
41	6
42	7
43	1
44	3
45	9
46	8
47	1
48	5
49	9
50	2
51	9
52	1
53	5
54	9
55	2
56	1
57	5
58	5
59	5
60	3
61	1
62	7
63	4
64	9
65	4
66	9
67	2
68	6
69	1
70	3
71	2
72	9
73	7
74	2
75	7
76	9
77	2
78	4
79	2
80	8
/

psi	Vehicle Capacity
/ 82 /
;

Table kappa(i,j)                 Setup
         0        1        2        3        4        5        6        7        8        9        10       11       12       13       14       15       16       17       18       19       20       21       22       23       24       25       26       27       28       29       30       31       32       33       34       35       36       37       38       39       40       41       42       43       44       45       46       47       48       49       50       51       52       53       54       55       56       57       58       59       60       61       62       63       64       65       66       67       68       69       70       71       72       73       74       75       76       77       78       79       80       
0        0        2844     2247     3437     3812     989      1077     1464     2592     3527     225      2855     2761     3132     2737     3107     2585     380      3127     833      1723     2869     2031     1287     2602     1860     1684     682      1462     1162     2992     2675     1128     1742     903      2371     1066     769      1283     2678     2887     2206     682      2485     2753     1015     2732     1504     3398     1359     3122     344      839      2276     2102     2637     1778     3943     3215     873      2807     3561     1627     2036     2505     3202     1977     2892     960      336      2751     3032     2265     2029     944      1091     553      859      3355     673      1965     
1        2844     0        1375     1655     1167     2302     2956     1548     1840     1360     2620     639      2329     3057     881      1174     443      3215     3125     3585     1520     1979     2054     2280     761      2604     2035     2162     1542     1874     1950     658      1728     1910     2984     1703     1859     3228     1596     2431     2299     2297     2259     2784     1063     2583     1674     2662     554      1984     774      2545     2214     1716     2552     2145     1752     1105     2565     3362     2370     722      1394     2753     921      1993     1287     3293     2470     3165     1950     2504     1826     2599     2756     1931     2479     3455     1765     3517     1820     
2        2247     1375     0        1190     1789     1356     2855     1674     572      1325     2036     1886     1032     1745     2014     906      932      2543     1802     2767     525      822      2598     1179     1832     1283     2390     1679     834      1086     2969     1794     1472     2309     1984     358      1213     2891     1105     3200     3190     2882     1564     1409     2169     1554     561      1440     1793     2134     2102     2077     2021     2447     1190     2964     539      2175     3519     2427     1081     1861     705      1406     1904     3085     330      1925     1487     2578     2866     1266     453      1248     2632     1850     1722     3060     1119     2852     2360     
3        3437     1655     1190     0        1149     2525     3996     2697     1009     446      3226     2294     1285     1872     2527     492      1381     3728     1957     3926     1714     864      3505     2307     2385     2178     3371     2857     2007     2275     3593     2296     2598     3268     3107     1139     2396     4071     2257     4003     3914     3779     2754     1953     2709     2687     779      2457     1714     3180     2398     3261     3160     3250     1971     3731     1689     1773     4201     3559     1294     1648     1859     2209     2523     3647     1480     2296     2640     3768     3567     1281     1293     2063     3773     2953     2908     4247     203      4036     3258     
4        3812     1167     1789     1149     0        3076     4079     2669     1945     703      3587     1684     2346     2996     1960     959      1244     4161     3080     4465     2200     1914     3218     2949     1888     3039     3200     3147     2373     2706     2985     1773     2761     3076     3741     1955     2756     4298     2529     3549     3379     3454     3162     2973     2132     3312     1702     3228     847      3128     1661     3554     3295     2866     2889     3257     2318     650      3604     4168     2367     684      2205     3124     2059     2976     1920     3383     3226     4147     3037     2398     2119     2967     3870     3027     3362     4512     1346     4473     2986     
5        989      2302     1356     2525     3076     0        1897     1424     1621     2679     828      2526     1772     2181     2503     2258     1940     1217     2186     1411     877      1892     2323     306      2331     941      1996     735      760      439      3101     2364     979      1989     683      1414     537      1736     789      3014     3137     2573     426      1548     2584     296      1783     661      2840     1639     2796     967      1221     2403     1152     2878     836      3334     3487     1093     1819     2969     911      1140     2297     3283     1156     2010     169      1291     2903     2044     1293     1095     1699     1263     438      1848     2421     1518     2159     
6        1077     2956     2855     3996     4079     1897     0        1412     3323     3973     1114     2729     3597     4074     2523     3581     2849     1249     4082     1703     2351     3606     1373     2200     2452     2835     1109     1226     2023     1852     2379     2556     1398     1227     1979     3080     1681     540      1750     1871     2142     1428     1479     3445     2467     2022     3403     2511     3471     989      2959     935      836      1751     3049     1929     2513     4036     2422     1906     3648     3661     2151     3027     2304     2595     2533     3897     1933     1053     2121     3875     3017     2992     223      1062     1492     757      3962     1327     1440     
7        1464     1548     1674     2697     2669     1424     1412     0        2227     2610     1269     1413     2618     3246     1274     2244     1450     1842     3280     2287     1284     2493     970      1612     1148     2222     717      854      980      1065     1679     1232     447      651      1964     1984     902      1697     728      1640     1726     1249     1117     2712     1290     1704     2232     2050     2074     484      1672     1124     693      980      2337     1470     1543     2639     2077     2202     2671     2260     1019     2426     1042     1866     1348     3239     1569     1742     1479     2884     1982     2323     1208     401      1321     1932     2700     2113     764      
8        2592     1840     572      1009     1945     1621     3323     2227     0        1323     2402     2405     488      1217     2557     986      1411     2839     1284     2981     981      283      3164     1363     2378     1169     2944     2109     1315     1482     3535     2330     1979     2869     2139     246      1644     3295     1599     3772     3762     3448     1930     1032     2719     1734     246      1456     2169     2672     2601     2481     2504     3020     971      3537     822      2451     4090     2592     532      2194     1221     1210     2461     3645     882      1486     1709     2908     3437     697      328      1060     3103     2365     2042     3440     854      3136     2928     
9        3527     1360     1325     446      703      2679     3973     2610     1323     0        3308     1988     1677     2302     2241     422      1189     3845     2387     4090     1818     1245     3334     2500     2118     2474     3242     2903     2066     2371     3309     2018     2586     3129     3306     1390     2463     4106     2283     3777     3658     3597     2849     2327     2423     2877     1077     2712     1317     3093     2055     3315     3147     3040     2293     3495     1861     1329     3926     3752     1693     1229     1904     2532     2271     3343     1552     2706     2812     3863     3309     1706     1555     2379     3753     2912     3026     4299     643      4158     3089     
10       225      2620     2036     3226     3587     828      1114     1269     2402     3308     0        2646     2594     3001     2536     2889     2359     596      3002     1018     1511     2681     1908     1134     2397     1740     1559     459      1241     950      2843     2466     911      1604     899      2175     845      908      1057     2574     2765     2103     474      2361     2560     911      2533     1402     3175     1217     2914     211      693      2123     1970     2511     1582     3719     3101     978      2642     3337     1405     1926     2306     3049     1760     2793     832      560      2608     2868     2076     1904     944      915      394      1038     3149     897      1820     
11       2855     639      1886     2294     1684     2526     2729     1413     2405     1988     2646     0        2892     3618     277      1813     1003     3236     3681     3657     1885     2573     1608     2578     277      3010     1684     2196     1796     2088     1325     181      1738     1554     3181     2236     2016     3091     1746     1866     1699     1812     2375     3281     448      2822     2265     2999     867      1742     272      2525     2105     1217     3004     1574     2154     1389     1944     3505     2937     1063     1687     3181     436      1356     1713     3807     2695     3149     1354     3089     2337     3036     2555     1813     2598     3331     2403     3518     1404     
12       2761     2329     1032     1285     2346     1772     3597     2618     488      1677     2594     2892     0        728      3038     1404     1900     2956     796      3020     1335     432      3575     1476     2858     1060     3333     2371     1658     1748     4000     2813     2320     3268     2161     674      1927     3502     1940     4204     4210     3858     2143     674      3198     1806     679      1418     2642     3038     3089     2707     2807     3460     801      3979     1104     2891     4544     2603     52       2656     1598     1015     2935     4117     1308     1037     1818     3054     3892     278      636      901      3382     2706     2210     3621     1091     3234     3346     
13       3132     3057     1745     1872     2996     2181     4074     3246     1217     2302     3001     3618     728      0        3759     2088     2628     3252     87       3210     1969     1112     4215     1875     3577     1274     3949     2868     2266     2279     4701     3536     2902     3896     2379     1387     2466     3898     2535     4864     4890     4495     2594     649      3914     2119     1396     1645     3358     3632     3818     3148     3336     4133     1031     4652     1702     3575     5229     2773     686      3361     2238     1117     3647     4825     1994     517      2174     3384     4581     598      1315     1102     3870     3278     2607     3979     1668     3495     3994     
14       2737     881      2014     2527     1960     2503     2523     1274     2557     2241     2536     277      3038     3759     0        2040     1189     3116     3817     3554     1943     2744     1347     2588     186      3066     1450     2098     1807     2071     1069     234      1646     1321     3137     2371     1976     2912     1714     1589     1428     1541     2308     3383     182      2800     2436     3020     1144     1547     438      2398     1952     947      3083     1296     2223     1659     1685     3432     3086     1340     1720     3246     232      1123     1804     3915     2669     3015     1081     3250     2457     3107     2360     1665     2529     3155     2625     3387     1155     
15       3107     1174     906      492      959      2258     3581     2244     986      422      2889     1813     1404     2088     2040     0        890      3424     2168     3669     1396     980      3023     2084     1895     2096     2902     2490     1648     1950     3104     1808     2187     2796     2890     1007     2045     3697     1872     3512     3422     3295     2428     2016     2221     2460     744      2314     1307     2729     1932     2900     2751     2761     1934     3239     1444     1488     3710     3334     1430     1281     1488     2171     2031     3161     1130     2441     2393     3443     3075     1493     1173     2015     3360     2525     2604     3886     592      3736     2776     
16       2585     443      932      1381     1244     1940     2849     1450     1411     1189     2359     1003     1900     2628     1189     890      0        2943     2694     3278     1113     1570     2146     1885     1027     2170     2054     1911     1191     1530     2235     955      1516     1940     2623     1263     1548     3054     1303     2622     2536     2413     1956     2341     1365     2209     1262     2248     913      1926     1189     2314     2052     1871     2111     2350     1326     1394     2832     3022     1943     1029     1030     2315     1151     2310     862      2852     2104     2916     2191     2088     1383     2160     2636     1790     2167     3268     1453     3252     1901     
17       380      3215     2543     3728     4161     1217     1249     1842     2839     3845     596      3236     2956     3252     3116     3424     2943     0        3238     483      2028     3108     2360     1488     2982     1982     2019     1055     1794     1475     3340     3055     1506     2087     894      2630     1405     796      1639     2985     3210     2513     1001     2603     3129     1153     2999     1607     3770     1710     3502     719      1200     2629     2240     2965     2046     4311     3529     674      2999     3930     1961     2137     2884     3551     2294     2960     1140     198      3094     3218     2511     2157     1173     1464     821      772      3633     313      2313     
18       3127     3125     1802     1957     3080     2186     4082     3280     1284     2387     3002     3681     796      87       3817     2168     2694     3238     0        3182     2009     1190     4250     1881     3635     1267     3980     2882     2300     2300     4751     3596     2929     3929     2359     1446     2488     3895     2565     4903     4935     4529     2603     641      3972     2112     1469     1632     3433     3659     3883     3153     3353     4176     1033     4695     1737     3656     5275     2745     757      3438     2277     1101     3702     4878     2044     442      2172     3373     4628     681      1367     1098     3880     3303     2608     3971     1754     3475     4032     
19       833      3585     2767     3926     4465     1411     1703     2287     2981     4090     1018     3657     3020     3210     3554     3669     3278     483      3182     0        2280     3233     2843     1622     3412     1983     2501     1461     2096     1759     3819     3478     1918     2567     858      2796     1732     1204     1989     3468     3694     2997     1326     2573     3578     1246     3167     1608     4138     2187     3927     1177     1671     3105     2250     3449     2240     4665     4013     437      3058     4289     2262     2101     3324     4030     2557     2854     1286     661      3575     3265     2659     2157     1647     1923     1110     1103     3810     416      2792     
20       1723     1520     525      1714     2200     877      2351     1284     981      1818     1511     1885     1335     1969     1943     1396     1113     2028     2009     2280     0        1262     2248     773      1757     1125     1998     1157     333      561      2774     1752     999      1935     1543     735      689      2367     618      2894     2930     2530     1041     1480     2069     1117     1053     1142     2026     1705     2137     1552     1526     2170     1148     2688     286      2488     3274     1968     1388     2136     268      1303     1782     2918     280      2017     1026     2056     2632     1605     703      1165     2129     1385     1208     2535     1644     2340     2025     
21       2869     1979     822      864      1914     1892     3606     2493     283      1245     2681     2573     432      1112     2744     980      1570     3108     1190     3233     1262     0        3420     1624     2570     1357     3210     2392     1595     1765     3748     2513     2258     3131     2383     527      1927     3576     1879     4015     3993     3704     2210     1090     2912     1989     308      1675     2248     2945     2751     2763     2787     3259     1128     3773     1105     2469     4316     2835     452      2248     1496     1362     2666     3848     1145     1468     1972     3182     3662     529      604      1224     3386     2643     2318     3719     679      3402     3181     
22       2031     2054     2598     3505     3218     2323     1373     970      3164     3334     1908     1608     3575     4215     1347     3023     2146     2360     4250     2843     2248     3420     0        2548     1353     3177     348      1634     1951     2014     1011     1471     1366     334      2755     2926     1838     1873     1696     690      857      284      1950     3681     1232     2578     3142     2975     2459     703      1775     1706     1217     419      3304     606      2513     2997     1194     2886     3628     2658     1981     3382     1180     1227     2282     4206     2448     2198     754      3837     2938     3286     1287     1068     2111     2111     3541     2551     246      
23       1287     2280     1179     2307     2949     306      2200     1612     1363     2500     1134     2578     1476     1875     2588     2084     1885     1488     1881     1622     773      1624     2548     0        2408     652      2233     1016     782      550      3269     2426     1183     2214     806      1174     712      2040     912      3236     3338     2808     722      1245     2686     380      1544     443      2797     1883     2842     1273     1499     2590     848      3082     639      3261     3689     1255     1521     2910     898      855      2395     3441     1044     1720     348      1578     3085     1745     1038     796      2000     1508     742      2147     2188     1778     2368     
24       2602     761      1832     2385     1888     2331     2452     1148     2378     2118     2397     277      2858     3577     186      1895     1027     2982     3635     3412     1757     2570     1353     2408     0        2880     1411     1952     1626     1896     1209     117      1496     1281     2971     2190     1808     2817     1542     1672     1539     1572     2149     3197     341      2627     2263     2839     1105     1466     524      2268     1837     979      2897     1384     2036     1647     1816     3277     2906     1304     1535     3060     173      1283     1618     3729     2497     2890     1191     3073     2273     2921     2279     1547     2371     3058     2474     3260     1140     
25       1860     2604     1283     2178     3039     941      2835     2222     1169     2474     1740     3010     1060     1274     3066     2096     2170     1982     1267     1983     1125     1357     3177     652      2880     0        2872     1668     1294     1163     3841     2878     1812     2844     1129     1089     1342     2628     1498     3860     3944     3443     1367     626      3186     845      1406     378      3065     2526     3259     1900     2152     3187     267      3691     858      3458     4294     1555     1091     3143     1350     205      2896     4001     1318     1069     908      2110     3674     1287     923      176      2640     2153     1348     2705     2017     2236     2986     
26       1684     2035     2390     3371     3200     1996     1109     717      2944     3242     1559     1684     3333     3949     1450     2902     2054     2019     3980     2501     1998     3210     348      2233     1411     2872     0        1294     1684     1711     1328     1524     1062     129      2409     2702     1530     1575     1415     1028     1205     576      1612     3396     1372     2243     2945     2653     2494     360      1889     1358     868      648      3012     953      2249     3049     1542     2537     3386     2691     1735     3077     1247     1543     2064     3914     2115     1862     1078     3601     2698     2988     989      734      1767     1818     3389     2220     330      
27       682      2162     1679     2857     3147     735      1226     854      2109     2903     459      2196     2371     2868     2098     2490     1911     1055     2882     1461     1157     2392     1634     1016     1952     1668     1294     0        849      629      2498     2017     457      1306     1132     1870     468      1214     623      2322     2475     1867     322      2254     2134     954      2208     1395     2716     934      2465     411      485      1780     1857     2216     1291     3262     2821     1348     2422     2880     1003     1870     1871     2696     1377     2737     830      1007     2278     2649     1796     1811     1011     569      482      1396     2798     1355     1501     
28       1462     1542     834      2007     2373     760      2023     980      1315     2066     1241     1796     1658     2266     1807     1648     1191     1794     2300     2096     333      1595     1951     782      1626     1294     1684     849      0        339      2548     1644     666      1629     1442     1069     396      2064     285      2612     2669     2229     792      1737     1911     1045     1380     1213     2081     1380     2062     1256     1194     1908     1374     2421     565      2585     3017     1831     1711     2216     167      1490     1621     2706     527      2269     928      1798     2387     1931     1032     1371     1800     1053     989      2243     1952     2107     1737     
29       1162     1874     1086     2275     2706     439      1852     1065     1482     2371     950      2088     1748     2279     2071     1950     1530     1475     2300     1759     561      1765     2014     550      1896     1163     1711     629      339      0        2719     1926     649      1681     1112     1245     187      1819     366      2697     2791     2281     480      1694     2158     734      1592     993      2417     1372     2357     1002     1063     2041     1304     2536     662      2924     3142     1493     1799     2554     503      1368     1869     2892     819      2204     608      1496     2535     2026     1168     1276     1635     1005     659      1978     2200     1787     1825     
30       2992     1950     2969     3593     2985     3101     2379     1679     3535     3309     2843     1325     4000     4701     1069     3104     2235     3340     4751     3819     2774     3748     1011     3269     1209     3841     1328     2498     2548     2719     0        1297     2126     1252     3629     3326     2571     2884     2358     722      441      987      2788     4254     887      3383     3444     3712     2142     1633     1329     2654     2155     721      3913     491      3059     2580     619      3819     4050     2324     2515     4038     1087     216      2707     4791     3248     3189     257      4232     3386     3917     2298     1940     2979     3121     3684     3548     1027     
31       2675     658      1794     2296     1773     2364     2556     1232     2330     2018     2466     181      2813     3536     234      1808     955      3055     3596     3478     1752     2513     1471     2426     117      2878     1524     2017     1644     1926     1297     0        1560     1394     3013     2149     1848     2912     1580     1782     1641     1689     2201     3174     413      2660     2205     2852     988      1568     448      2344     1924     1096     2884     1493     2028     1530     1910     3331     2860     1186     1543     3054     291      1357     1597     3704     2532     2968     1293     3021     2240     2912     2380     1633     2425     3151     2391     3337     1257     
32       1128     1728     1472     2598     2761     979      1398     447      1979     2586     911      1738     2320     2902     1646     2187     1516     1506     2929     1918     999      2258     1366     1183     1496     1812     1062     457      666      649      2126     1560     0        1032     1524     1733     471      1539     381      2052     2160     1631     678      2336     1690     1257     2030     1616     2280     730      2008     818      563      1424     1950     1902     1218     2832     2511     1788     2373     2449     768      2017     1420     2313     1145     2852     1122     1441     1924     2595     1699     1926     1175     386      891      1751     2567     1800     1186     
33       1742     1910     2309     3268     3076     1989     1227     651      2869     3129     1604     1554     3268     3896     1321     2796     1940     2087     3929     2567     1935     3131     334      2214     1281     2844     129      1306     1629     1681     1252     1394     1032     0        2433     2628     1504     1679     1368     1025     1170     602      1619     3354     1247     2245     2861     2640     2365     387      1760     1408     911      550      2974     912      2193     2920     1515     2583     3320     2562     1669     3049     1117     1465     1987     3877     2115     1937     1008     3532     2631     2955     1096     737      1786     1922     3291     2300     228      
34       903      2984     1984     3107     3741     683      1979     1964     2139     3306     899      3181     2161     2379     3137     2890     2623     894      2359     858      1543     2383     2755     806      2971     1129     2409     1132     1442     1112     3629     3013     1524     2433     0        1969     1165     1638     1435     3437     3603     2972     847      1734     3201     430      2337     752      3523     2052     3453     1109     1549     2912     1395     3346     1445     4016     3947     453      2199     3652     1595     1262     2920     3824     1822     2066     520      1056     3411     2407     1823     1305     1832     1700     650      1659     2980     1116     2633     
35       2371     1703     358      1139     1955     1414     3080     1984     246      1390     2175     2236     674      1387     2371     1007     1263     2630     1446     2796     735      527      2926     1174     2190     1089     2702     1870     1069     1245     3326     2149     1733     2628     1969     0        1403     3062     1353     3542     3540     3210     1701     1091     2528     1552     370      1327     2080     2427     2447     2247     2259     2793     936      3312     593      2412     3872     2422     724      2126     975      1170     2263     3443     645      1589     1514     2691     3220     916      166      1012     2859     2118     1824     3212     1014     2932     2692     
36       1066     1859     1213     2396     2756     537      1681     902      1644     2463     845      2016     1927     2466     1976     2045     1548     1405     2488     1732     689      1927     1838     712      1808     1342     1530     468      396      187      2571     1848     471      1504     1165     1403     0        1678     271      2524     2627     2101     408      1881     2051     830      1739     1148     2410     1187     2288     865      880      1882     1489     2370     832      2933     2977     1507     1979     2557     561      1547     1765     2750     920      2389     697      1403     2380     2205     1336     1460     1462     819      622      1850     2332     1717     1655     
37       769      3228     2891     4071     4298     1736     540      1697     3295     4106     908      3091     3502     3898     2912     3697     3054     796      3895     1204     2367     3576     1873     2040     2817     2628     1575     1214     2064     1819     2884     2912     1539     1679     1638     3062     1678     0        1824     2406     2670     1955     1367     3253     2879     1784     3411     2273     3766     1369     3337     816      1014     2223     2867     2449     2472     4329     2957     1471     3550     3948     2215     2805     2684     3100     2591     3661     1724     602      2627     3777     2973     2797     587      1300     1298     244      4011     806      1903     
38       1283     1596     1105     2257     2529     789      1750     728      1599     2283     1057     1746     1940     2535     1714     1872     1303     1639     2565     1989     618      1879     1696     912      1542     1498     1415     623      285      366      2358     1580     381      1368     1435     1353     271      1824     0        2369     2446     1970     663      1986     1795     1086     1658     1355     2149     1100     2018     1035     916      1690     1609     2193     841      2679     2796     1777     1993     2300     401      1700     1507     2529     784      2511     955      1617     2180     2214     1317     1595     1527     768      884      2016     2214     1948     1492     
39       2678     2431     3200     4003     3549     3014     1871     1640     3772     3777     2574     1866     4204     4864     1589     3512     2622     2985     4903     3468     2894     4015     690      3236     1672     3860     1028     2322     2612     2697     722      1782     2052     1025     3437     3542     2524     2406     2369     0        314      472      2639     4349     1422     3268     3725     3665     2728     1388     1944     2367     1890     760      3978     293      3167     3213     551      3545     4256     2921     2626     4064     1509     894      2898     4878     3138     2811     542      4458     3569     3963     1845     1758     2796     2628     4064     3146     876      
40       2887     2299     3190     3914     3379     3137     2142     1726     3762     3658     2765     1699     4210     4890     1428     3422     2536     3210     4935     3694     2930     3993     857      3338     1539     3944     1205     2475     2669     2791     441      1641     2160     1170     3603     3540     2627     2670     2446     314      0        715      2784     4403     1250     3404     3695     3775     2544     1554     1740     2563     2073     761      4043     259      3210     3002     350      3743     4262     2731     2663     4146     1392     588      2903     4937     3271     3043     348      4455     3582     4037     2098     1905     2955     2898     3989     3388     978      
41       2206     2297     2882     3779     3454     2573     1428     1249     3448     3597     2103     1812     3858     4495     1541     3295     2413     2513     4529     2997     2530     3704     284      2808     1572     3443     576      1867     2229     2281     987      1689     1631     602      2972     3210     2101     1955     1970     472      715      0        2187     3956     1405     2819     3425     3230     2675     935      1952     1896     1423     594      3576     508      2792     3200     1016     3073     3911     2873     2263     3648     1399     1197     2566     4479     2691     2341     736      4120     3221     3556     1384     1311     2336     2183     3819     2680     525      
42       682      2259     1564     2754     3162     426      1479     1117     1930     2849     474      2375     2143     2594     2308     2428     1956     1001     2603     1326     1041     2210     1950     722      2149     1367     1612     322      792      480      2788     2201     678      1619     847      1701     408      1367     663      2639     2784     2187     0        1968     2363     632      2058     1078     2812     1252     2647     564      802      2074     1571     2525     1109     3339     3132     1129     2192     2962     959      1566     2087     2980     1297     2436     509      1015     2575     2419     1606     1518     1277     882      224      1511     2675     1314     1807     
43       2485     2784     1409     1953     2973     1548     3445     2712     1032     2327     2361     3281     674      649      3383     2016     2341     2603     641      2573     1480     1090     3681     1245     3197     626      3396     2254     1737     1694     4254     3174     2336     3354     1734     1091     1881     3253     1986     4349     4403     3956     1968     0        3524     1471     1271     996      3171     3064     3508     2514     2731     3642     397      4157     1196     3481     4749     2138     678      3211     1743     472      3243     4396     1578     537      1530     2735     4111     800      958      456      3246     2699     1967     3331     1763     2849     3473     
44       2753     1063     2169     2709     2132     2584     2467     1290     2719     2423     2560     448      3198     3914     182      2221     1365     3129     3972     3578     2069     2912     1232     2686     341      3186     1372     2134     1911     2158     887      413      1690     1247     3201     2528     2051     2879     1795     1422     1250     1405     2363     3524     0        2880     2604     3123     1306     1510     546      2410     1947     819      3215     1129     2352     1804     1503     3478     3245     1499     1835     3370     290      945      1946     4058     2747     3019     906      3414     2608     3234     2315     1667     2580     3123     2804     3391     1060     
45       1015     2583     1554     2687     3312     296      2022     1704     1734     2877     911      2822     1806     2119     2800     2460     2209     1153     2112     1246     1117     1989     2578     380      2627     845      2243     954      1045     734      3383     2660     1257     2245     430      1552     830      1784     1086     3268     3404     2819     632      1471     2880     0        1922     491      3115     1883     3091     1090     1429     2679     1094     3145     1016     3598     3753     875      1848     3239     1188     1021     2593     3568     1395     1883     135      1268     3180     2065     1412     1017     1842     1510     534      1860     2566     1428     2425     
46       2732     1674     561      779      1702     1783     3403     2232     246      1077     2533     2265     679      1396     2436     744      1262     2999     1469     3167     1053     308      3142     1544     2263     1406     2945     2208     1380     1592     3444     2205     2030     2861     2337     370      1739     3411     1658     3725     3695     3425     2058     1271     2604     1922     0        1677     1964     2695     2445     2595     2573     2967     1215     3479     955      2221     4015     2790     713      1977     1262     1455     2360     3542     891      1707     1885     3055     3363     829      515      1303     3181     2410     2189     3568     644      3301     2901     
47       1504     2662     1440     2457     3228     661      2511     2050     1456     2712     1402     2999     1418     1645     3020     2314     2248     1607     1632     1608     1142     1675     2975     443      2839     378      2653     1395     1213     993      3712     2852     1616     2640     752      1327     1148     2273     1355     3665     3775     3230     1078     996      3123     491      1677     0        3159     2298     3260     1577     1880     3030     643      3518     930      3595     4126     1185     1453     3258     1311     533      2832     3884     1387     1391     581      1740     3527     1657     1166     554      2326     1921     1019     2339     2310     1858     2802     
48       3398     554      1793     1714     847      2840     3471     2074     2169     1317     3175     867      2642     3358     1144     1307     913      3770     3433     4138     2026     2248     2459     2797     1105     3065     2494     2716     2081     2417     2142     988      2280     2365     3523     2080     2410     3766     2149     2728     2544     2675     2812     3171     1306     3115     1964     3159     0        2486     814      3098     2753     2080     2983     2435     2234     565      2759     3909     2677     198      1928     3198     1279     2129     1772     3653     3005     3719     2206     2775     2223     3040     3277     2466     3031     3996     1872     4072     2242     
49       1359     1984     2134     3180     3128     1639     989      484      2672     3093     1217     1742     3038     3632     1547     2729     1926     1710     3659     2187     1705     2945     703      1883     1466     2526     360      934      1380     1372     1633     1568     730      387      2052     2427     1187     1369     1100     1388     1554     935      1252     3064     1510     1883     2695     2298     2486     0        1978     1022     524      919      2676     1297     1941     3051     1895     2196     3091     2678     1452     2732     1323     1843     1804     3577     1755     1567     1393     3310     2409     2648     813      376      1408     1613     3180     1935     606      
