

sets
i        orders          /0*80/
k        routes          /1*80/
p        positions       /0*80/
;

alias(i,j)
alias(i,h)
alias(i,hh)
alias(i,jj)
alias(k,kk)
                            Parameters

rho(i)	Processing time
/
0	0
1	18
2	7
3	4
4	43
5	92
6	53
7	43
8	19
9	85
10	88
11	3
12	25
13	27
14	58
15	9
16	96
17	54
18	44
19	53
20	36
21	4
22	65
23	4
24	90
25	99
26	97
27	31
28	78
29	1
30	77
31	4
32	57
33	65
34	69
35	12
36	82
37	85
38	46
39	44
40	18
41	17
42	67
43	63
44	80
45	69
46	57
47	77
48	44
49	87
50	98
51	37
52	80
53	69
54	37
55	40
56	26
57	39
58	90
59	46
60	82
61	40
62	72
63	28
64	90
65	85
66	15
67	84
68	87
69	79
70	26
71	35
72	4
73	84
74	43
75	31
76	60
77	55
78	8
79	97
80	90
/

gamma(i)	Duedate
/
0	0
1	66
2	63
3	1
4	27
5	19
6	12
7	61
8	27
9	17
10	6
11	59
12	28
13	11
14	15
15	10
16	75
17	25
18	37
19	93
20	15
21	5
22	58
23	85
24	26
25	98
26	11
27	26
28	71
29	89
30	66
31	4
32	49
33	99
34	72
35	57
36	44
37	32
38	44
39	48
40	51
41	38
42	2
43	4
44	25
45	67
46	16
47	74
48	26
49	42
50	33
51	50
52	81
53	54
54	34
55	42
56	61
57	77
58	7
59	38
60	42
61	52
62	77
63	31
64	20
65	61
66	91
67	49
68	96
69	9
70	89
71	69
72	13
73	92
74	97
75	47
76	47
77	4
78	28
79	15
80	91
/

sigma(i)	Size
/
0	0
1	3
2	9
3	8
4	4
5	2
6	5
7	7
8	6
9	5
10	7
11	6
12	6
13	7
14	7
15	9
16	7
17	5
18	9
19	9
20	7
21	4
22	6
23	9
24	2
25	7
26	4
27	5
28	5
29	4
30	1
31	6
32	2
33	2
34	3
35	3
36	6
37	4
38	1
39	6
40	3
41	5
42	8
43	6
44	8
45	5
46	8
47	9
48	3
49	7
50	1
51	4
52	8
53	8
54	8
55	5
56	3
57	5
58	7
59	3
60	6
61	6
62	8
63	2
64	1
65	8
66	7
67	1
68	4
69	2
70	1
71	8
72	1
73	8
74	8
75	9
76	1
77	5
78	8
79	8
80	4
/

epsilon(i)	Priority
/
0	0
1	8
2	8
3	9
4	6
5	1
6	3
7	4
8	3
9	7
10	2
11	1
12	7
13	2
14	2
15	1
16	1
17	1
18	9
19	7
20	9
21	9
22	6
23	8
24	4
25	5
26	2
27	2
28	3
29	8
30	4
31	9
32	9
33	6
34	8
35	7
36	8
37	4
38	4
39	2
40	7
41	8
42	7
43	6
44	2
45	9
46	2
47	7
48	4
49	8
50	6
51	1
52	1
53	8
54	2
55	3
56	2
57	2
58	1
59	5
60	6
61	4
62	4
63	3
64	3
65	6
66	9
67	3
68	6
69	1
70	8
71	9
72	1
73	1
74	3
75	8
76	5
77	7
78	2
79	3
80	1
/

psi	Vehicle Capacity
/ 167 /
;

Table kappa(i,j)                 Setup
         0        1        2        3        4        5        6        7        8        9        10       11       12       13       14       15       16       17       18       19       20       21       22       23       24       25       26       27       28       29       30       31       32       33       34       35       36       37       38       39       40       41       42       43       44       45       46       47       48       49       50       51       52       53       54       55       56       57       58       59       60       61       62       63       64       65       66       67       68       69       70       71       72       73       74       75       76       77       78       79       80       
0        0        1826     3496     2948     769      1371     2639     3863     2529     2805     4232     1253     3866     498      1444     2768     1499     1678     3882     2205     3556     1265     1726     3306     1443     2134     1234     2445     3418     2759     3557     3754     1042     2504     1006     3353     3759     3703     2160     3618     2108     2914     994      1980     105      155      3315     2921     3824     747      3667     712      2834     2453     2559     2141     3163     1981     933      3159     3202     830      253      2987     920      2928     1716     2230     3870     2192     3845     1142     2781     4072     2250     2405     3350     1659     1137     3857     1514     
1        1826     0        3700     2597     1153     1025     1896     2862     709      994      2634     917      2519     2130     560      1448     2793     2345     2308     2142     3275     2811     1010     2158     1934     390      675      668      3224     2035     2077     3152     1501     712      2170     2634     2613     3724     2161     1930     2622     1433     1353     534      1827     1886     3444     1100     2919     1235     1996     2398     1203     798      3144     407      2448     1268     982      1665     2919     1141     1605     2879     1153     2802     1537     2454     3817     1946     2258     694      1488     2420     1723     1968     3009     408      2073     3683     338      
2        3496     3700     0        1290     3758     2769     2049     2368     3913     3962     3882     2944     3089     3130     3221     2882     2367     1820     3640     1561     951      2817     4495     2572     2090     3580     3789     3701     806      1963     3288     1573     2603     3766     2530     1790     2635     387      1553     3853     1389     3162     2741     4224     3600     3360     268      4329     2171     3089     3822     3147     3446     3443     1034     4071     1814     2451     3766     3220     1047     3832     3585     887      3954     960      2192     1322     583      1756     3658     3608     2839     3962     2021     1788     1099     3970     2362     784      3716     
3        2948     2597     1290     0        2956     1833     779      1317     2690     2708     2656     2020     1890     2741     2208     1599     2376     1555     2386     753      682      2766     3507     1313     1554     2406     2846     2479     632      677      2020     835      1913     2539     2200     648      1479     1179     810      2567     1289     1875     1997     3132     3040     2850     1025     3082     1166     2337     2540     2866     2169     2209     1446     2929     581      1336     2912     1930     322      3018     2949     418      3128     361      1285     925      1235     772      2399     2681     1555     2706     881      640      427      2928     1974     1085     2691     
4        769      1153     3758     2956     0        1139     2462     3631     1860     2148     3725     958      3480     1208     949      2358     2123     2033     3384     2282     3620     1979     979      2993     1681     1512     495      1814     3513     2598     3102     3690     1156     1863     1527     3225     3461     3897     2261     3054     2432     2441     1017     1220     733      882      3540     2212     3633     668      3114     1458     2289     1884     2940     1412     3029     1745     177      2687     3251     80       517      3099     205      3030     1673     2436     4038     2187     3340     471      2384     3533     2130     2339     3381     912      1557     3975     817      
5        1371     1025     2769     1833     1139     0        1330     2528     1534     1741     2901     187      2495     1441     475      1408     1850     1322     2549     1219     2508     1963     1727     1939     912      1099     1030     1369     2417     1464     2206     2550     554      1442     1262     2088     2397     2850     1218     2349     1604     1585     459      1501     1431     1344     2528     1992     2513     627      2385     1685     1576     1259     2129     1431     1892     625      1080     1822     2139     1195     1267     2021     1299     1948     582      1472     2972     1079     2517     856      1418     2767     990      1204     2260     1214     1114     2882     956      
6        2639     1896     2049     779      2462     1330     0        1225     1918     1929     2102     1505     1441     2562     1595     835      2499     1674     1786     852      1413     2805     2859     800      1475     1660     2252     1708     1401     141      1400     1266     1620     1766     2132     768      1178     1958     925      1869     1601     1119     1645     2425     2715     2576     1781     2304     1188     1932     1855     2748     1396     1434     1953     2194     572      719      2381     1214     1087     2511     2577     1162     2606     1089     945      1236     2007     646      1785     2109     794      2091     405      400      1145     2259     1905     1834     2043     
7        3863     2862     2368     1317     3631     2528     1225     0        2611     2485     1604     2690     819      3783     2710     1429     3618     2779     1459     1915     1425     3967     3871     715      2658     2529     3353     2436     1562     1117     1227     829      2846     2466     3325     669      365      2086     1989     1852     2582     1554     2869     3344     3936     3802     2150     2850     204      3145     1788     3960     1896     2168     2761     3053     789      1902     3530     1428     1380     3672     3790     1672     3755     1644     2168     2204     2011     1787     1499     3235     1384     1760     1626     1530     1282     3263     3095     1752     3090     
8        2529     709      3913     2690     1860     1534     1918     2611     0        292      2041     1490     2096     2806     1158     1211     3380     2821     1748     2419     3329     3449     1500     1899     2423     437      1373     212      3319     2041     1602     3075     2074     153      2774     2552     2303     3866     2457     1304     3025     1059     1945     885      2534     2582     3646     460      2713     1897     1381     3072     730      485      3523     559      2391     1497     1686     1231     3005     1843     2312     3040     1844     2963     1907     2785     3925     2188     1692     1403     1260     1800     1894     2124     3062     1015     2645     3751     1042     
9        2805     994      3962     2708     2148     1741     1929     2485     292      0        1777     1720     1904     3064     1405     1150     3592     2991     1501     2516     3320     3684     1777     1788     2603     679      1663     375      3326     2040     1398     3016     2292     306      2998     2500     2157     3888     2561     1034     3162     940      2172     1161     2813     2851     3694     380      2605     2153     1114     3328     594      538      3645     839      2353     1609     1975     1066     3014     2133     2592     3079     2135     3004     2054     2897     3931     2278     1443     1687     1198     1527     1966     2182     3056     1307     2855     3743     1331     
10       4232     2634     3882     2656     3725     2901     2102     1604     2041     1777     0        2986     800      4342     2808     1509     4531     3740     352      2954     2979     4771     3541     1349     3467     2245     3293     1983     3085     2101     722      2422     3407     1961     4061     2092     1270     3644     3026     745      3704     1320     3352     2927     4272     4231     3637     2006     1806     3493     663      4578     1438     1846     4035     2600     2082     2399     3571     1079     2838     3733     4072     3069     3768     3017     2857     3337     3593     2736     387      3256     1511     281      2432     2502     2785     3015     3856     3340     2960     
11       1253     917      2944     2020     958      187      1505     2690     1490     1720     2986     0        2620     1382     356      1514     1894     1437     2634     1400     2695     1964     1550     2082     1026     1054     847      1344     2603     1640     2305     2734     590      1415     1284     2266     2545     3033     1396     2402     1747     1666     454      1361     1303     1244     2705     1941     2682     507      2444     1637     1620     1272     2274     1324     2070     790      893      1909     2326     1011     1125     2206     1113     2133     764      1638     3156     1266     2599     671      1529     2838     1174     1391     2448     1059     1165     3068     802      
12       3866     2519     3089     1890     3480     2495     1441     819      2096     1904     800      2620     0        3892     2530     1121     3936     3115     644      2282     2179     4224     3512     640      2894     2142     3114     1962     2289     1405     510      1625     2935     1971     3531     1300     471      2845     2357     1086     3020     1087     2913     2929     3922     3837     2848     2233     1016     3120     1012     4106     1371     1737     3305     2611     1309     1910     3348     870      2051     3504     3744     2296     3564     2249     2312     2643     2793     2087     689      3034     1098     941      1820     1835     1990     2926     3312     2541     2806     
13       498      2130     3130     2741     1208     1441     2562     3783     2806     3064     4342     1382     3892     0        1660     2840     1008     1319     3989     1988     3299     775      2186     3294     1187     2385     1621     2692     3146     2665     3640     3570     957      2757     599      3218     3726     3370     1931     3782     1745     3026     990      2370     592      347      2973     3229     3719     911      3822     267      3002     2651     2150     2486     3039     1982     1352     3262     2962     1280     726      2715     1385     2665     1617     1931     3548     2028     3958     1492     2845     4209     2158     2269     3117     2037     791      3563     1853     
14       1444     560      3221     2208     949      475      1595     2710     1158     1405     2808     356      2530     1660     0        1408     2245     1787     2461     1661     2890     2292     1300     2052     1376     727      656      1031     2817     1737     2162     2858     944      1098     1627     2363     2520     3280     1668     2175     2079     1504     801      1025     1472     1468     2974     1600     2728     749      2226     1923     1392     1009     2605     968      2168     888      826      1750     2524     977      1266     2441     1049     2365     1030     1939     3390     1492     2421     525      1434     2635     1330     1567     2633     748      1519     3281     495      
15       2768     1448     2882     1599     2358     1408     835      1429     1211     1150     1509     1514     1121     2840     1408     0        3043     2285     1158     1590     2179     3265     2458     715      1977     1101     2003     1021     2198     921      800      1870     1898     1060     2553     1351     1164     2770     1653     1087     2323     288      1850     1916     2818     2751     2614     1530     1512     2020     1093     3072     575      745      2736     1624     1203     892      2228     451      1889     2383     2632     1995     2445     1923     1363     1990     2799     1350     1135     1915     48       1413     1020     1172     1918     1855     2353     2601     1708     
16       1499     2793     2367     2376     2123     1850     2499     3618     3380     3592     4531     1894     3936     1008     2245     3043     0        839      4188     1703     2778     450      3092     3298     1066     2943     2443     3220     2599     2557     3808     3195     1306     3293     628      2974     3660     2673     1629     4101     1118     3290     1443     3152     1597     1345     2271     3835     3504     1604     4121     890      3370     3098     1333     3190     2829     2158     2233     3494     2504     2202     1703     2203     2319     2178     1679     1452     2869     1859     4171     2279     3032     4457     2118     2119     2663     2817     736      2947     2589     
17       1678     2345     1820     1555     2033     1322     1674     2779     2821     2991     3740     1437     3115     1319     1787     2285     839      0        3405     864      2024     1211     2899     2474     411      2397     2190     2636     1858     1723     3020     2384     912      2710     721      2137     2824     2051     789      3366     431      2550     1071     2796     1782     1540     1654     3282     2667     1379     3377     1374     2678     2465     908      2752     1990     1435     2081     2735     1716     2112     1784     1437     2238     1398     952      650      2230     1028     3393     2007     2268     3687     1309     1285     1875     2483     541      2256     2230     
18       3882     2308     3640     2386     3384     2549     1786     1459     1748     1501     352      2634     644      3989     2461     1158     4188     3405     0        2634     2765     4423     3239     1073     3123     1918     2960     1670     2855     1798     387      2243     3055     1655     3712     1861     1099     3426     2705     512      3384     968      2999     2629     3922     3879     3388     1769     1650     3141     426      4225     1106     1514     3733     2301     1826     2049     3233     726      2592     3394     3724     2803     3433     2747     2512     3022     3390     2411     60       2917     1162     321      2100     2184     2553     2697     3509     3145     2630     
19       2205     2142     1561     753      2282     1219     852      1915     2419     2516     2954     1400     2282     1988     1661     1590     1703     864      2634     0        1357     2058     2945     1643     801      2052     2248     2211     1235     877      2247     1583     1182     2282     1456     1281     1967     1632     75       2672     750      1875     1285     2664     2299     2102     1312     2860     1808     1635     2669     2118     2082     1979     1149     2521     1127     923      2262     2019     998      2350     2221     817      2467     748      637      399      1760     243      2630     2071     1562     2934     574      452      1145     2409     1227     1693     2156     
20       3556     3275     951      682      3620     2508     1413     1425     3329     3320     2979     2695     2179     3299     2890     2179     2778     2024     2765     1357     0        3204     4189     1726     2123     3069     3526     3120     189      1288     2438     622      2540     3176     2725     908      1714     665      1396     3037     1661     2435     2639     3809     3652     3447     764      3699     1225     2986     2996     3391     2755     2844     1597     3597     993      2017     3583     2442     369      3684     3579     587      3796     633      1947     1377     633      1433     2790     3360     2132     3085     1563     1323     268      3609     2511     422      3373     
21       1265     2811     2817     2766     1979     1963     2805     3967     3449     3684     4771     1964     4224     775      2292     3265     450      1211     4423     2058     3204     0        2958     3593     1331     3014     2366     3309     3029     2878     4051     3594     1409     3379     713      3339     3980     3121     1987     4289     1543     3492     1514     3106     1349     1120     2718     3891     3866     1578     4317     565      3531     3222     1783     3189     3184     2373     2115     3711     2916     2052     1501     2623     2159     2592     1920     1852     3316     2184     4401     2222     3260     4675     2408     2444     3075     2770     916      3387     2565     
22       1726     1010     4495     3507     979      1727     2859     3871     1500     1777     3541     1550     3512     2186     1300     2458     3092     2899     3239     2945     4189     2958     0        3168     2509     1371     714      1572     4117     3001     3049     4126     1987     1583     2481     3616     3622     4574     2945     2805     3261     2425     1829     615      1669     1853     4255     1671     3924     1535     2881     2431     2159     1775     3785     941      3425     2177     858      2645     3824     906      1474     3738     805      3662     2308     3186     4688     2789     3184     898      2498     3300     2627     2866     3930     609      2477     4582     819      
23       3306     2158     2572     1313     2993     1939     800      715      1899     1788     1349     2082     640      3294     2052     715      3298     2474     1073     1643     1726     3593     3168     0        2262     1817     2679     1721     1799     768      717      1280     2337     1753     2906     819      468      2376     1718     1312     2385     849      2330     2631     3369     3264     2317     2160     817      2566     1269     3498     1194     1453     2689     2338     757      1326     2878     762      1525     3027     3204     1730     3101     1675     1693     2010     2359     1447     1088     2574     672      1394     1185     1195     1497     2562     2684     2127     2401     
24       1443     1934     2090     1554     1681     912      1475     2658     2423     2603     3467     1026     2894     1187     1376     1977     1066     411      3123     801      2123     1331     2509     2262     0        1995     1797     2243     1978     1553     2744     2385     529      2317     667      2057     2652     2269     744      3040     755      2227     683      2387     1543     1326     1890     2884     2573     1014     3058     1320     2324     2085     1276     2342     1887     1095     1711     2428     1779     1758     1502     1546     1883     1491     614      789      2430     871      3105     1613     1966     3391     1077     1127     1932     2077     437      2414     1822     
25       2134     390      3580     2406     1512     1099     1660     2529     437      679      2245     1054     2142     2385     727      1101     2943     2397     1918     2052     3069     3014     1371     1817     1995     0        1053     311      3038     1794     1691     2885     1637     373      2337     2361     2261     3565     2083     1548     2620     1054     1508     814      2147     2175     3317     893      2601     1474     1612     2649     813      410      3127     539      2184     1132     1347     1280     2727     1508     1929     2726     1531     2648     1503     2401     3640     1831     1868     1041     1144     2034     1563     1803     2801     788      2208     3485     717      
26       1234     675      3789     2846     495      1030     2252     3353     1373     1663     3293     847      3114     1621     656      2003     2443     2190     2960     2248     3526     2366     714      2679     1797     1053     0        1344     3442     2393     2703     3514     1278     1387     1819     3020     3146     3880     2244     2601     2547     2044     1119     750      1214     1325     3552     1717     3379     847      2665     1883     1855     1446     3072     917      2825     1542     318      2286     3158     470      991      3051     478      2977     1611     2476     4002     2106     2913     184      2034     3087     1976     2207     3273     424      1790     3908     337      
27       2445     668      3701     2479     1814     1369     1708     2436     212      375      1983     1344     1962     2692     1031     1021     3220     2636     1670     2211     3120     3309     1572     1721     2243     311      1344     0        3108     1831     1483     2876     1918     74       2623     2352     2139     3654     2251     1265     2828     896      1797     971      2458     2486     3434     653      2530     1780     1335     2955     593      280      3321     649      2187     1291     1646     1092     2794     1806     2239     2828     1821     2751     1712     2581     3713     1979     1617     1346     1069     1758     1683     1912     2852     1033     2484     3541     1006     
28       3418     3224     806      632      3513     2417     1401     1562     3319     3326     3085     2603     2289     3146     2817     2198     2599     1858     2855     1235     189      3029     4117     1799     1978     3038     3442     3108     0        1286     2516     786      2414     3167     2566     995      1830     579      1267     3102     1485     2464     2520     3759     3516     3305     594      3703     1366     2870     3065     3230     2774     2835     1408     3560     1047     1958     3484     2490     313      3579     3451     431      3694     490      1845     1217     605      1337     2878     3272     2152     3177     1502     1258     302      3546     2355     465      3305     
29       2759     2035     1963     677      2598     1464     141      1117     2041     2040     2101     1640     1405     2665     1737     921      2557     1723     1798     877      1288     2878     3001     768      1553     1794     2393     1831     1286     0        1416     1124     1731     1888     2216     628      1104     1852     952      1918     1616     1199     1764     2564     2836     2691     1696     2417     1065     2059     1898     2844     1492     1555     1935     2330     432      858      2520     1269     974      2648     2703     1077     2744     1008     1052     1241     1891     697      1801     2249     877      2110     510      438      1021     2400     1988     1710     2184     
30       3557     2077     3288     2020     3102     2206     1400     1227     1602     1398     722      2305     510      3640     2162     800      3808     3020     387      2247     2438     4051     3049     717      2744     1691     2703     1483     2516     1416     0        1953     2697     1485     3342     1530     862      3092     2317     627      2997     661      2650     2454     3603     3546     3032     1723     1398     2812     569      3871     891      1280     3349     2132     1474     1681     2959     416      2242     3118     3412     2438     3167     2380     2135     2636     3070     2023     385      2642     796      693      1714     1797     2214     2479     3136     2832     2382     
31       3754     3152     1573     835      3690     2550     1266     829      3075     3016     2422     2734     1625     3570     2858     1870     3195     2384     2243     1583     622      3594     4126     1280     2385     2885     3514     2876     786      1124     1953     0        2712     2922     3035     525      1153     1265     1643     2574     2087     2085     2781     3675     3842     3664     1380     3395     624      3107     2522     3700     2426     2595     2134     3425     704      1972     3625     2038     712      3745     3736     1031     3847     1035     2053     1744     1182     1561     2276     3365     1821     2556     1560     1361     565      3523     2808     923      3309     
32       1042     1501     2603     1913     1156     554      1620     2846     2074     2292     3407     590      2935     957      944      1898     1306     912      3055     1182     2540     1409     1987     2337     529      1637     1278     1918     2414     1731     2697     2712     0        1990     707      2314     2772     2757     1147     2887     1284     2103     160      1909     1129     962      2391     2528     2795     487      2919     1175     2123     1814     1803     1905     2126     1026     1182     2332     2179     1232     1039     1988     1356     1923     680      1284     2907     1151     3027     1096     1900     3290     1221     1364     2322     1587     575      2866     1339     
33       2504     712      3766     2539     1863     1442     1766     2466     153      306      1961     1415     1971     2757     1098     1060     3293     2710     1655     2282     3176     3379     1583     1753     2317     373      1387     74       3167     1888     1485     2922     1990     0        2695     2399     2162     3716     2322     1236     2901     918      1868     975      2515     2547     3499     580      2565     1846     1308     3021     599      332      3394     649      2237     1362     1693     1102     2853     1853     2296     2892     1864     2815     1785     2652     3773     2049     1601     1397     1108     1730     1750     1978     2909     1061     2557     3598     1051     
34       1006     2170     2530     2200     1527     1262     2132     3325     2774     2998     4061     1284     3531     599      1627     2553     628      721      3712     1456     2725     713      2481     2906     667      2337     1819     2623     2566     2216     3342     3035     707      2695     0        2723     3310     2772     1392     3576     1145     2778     829      2524     1112     857      2374     3225     3240     977      3604     667      2821     2521     1560     2564     2555     1662     1624     2998     2400     1607     1163     2138     1729     2093     1219     1349     2952     1539     3689     1653     2549     3962     1728     1794     2557     2189     230      2974     1961     
35       3353     2634     1790     648      3225     2088     768      669      2552     2500     2092     2266     1300     3218     2363     1351     2974     2137     1861     1281     908      3339     3616     819      2057     2361     3020     2352     995      628      1530     525      2314     2399     2723     0        856      1565     1352     2131     1918     1578     2363     3154     3435     3276     1549     2880     531      2672     2088     3375     1914     2071     2093     2901     196      1486     3149     1554     752      3276     3312     1019     3372     984      1637     1543     1540     1191     1884     2878     1302     2182     1110     952      693      3010     2493     1308     2802     
36       3759     2613     2635     1479     3461     2397     1178     365      2303     2157     1270     2545     471      3726     2520     1164     3660     2824     1099     1967     1714     3980     3622     468      2652     2261     3146     2139     1830     1104     862      1153     2772     2162     3310     856      0        2380     2042     1487     2680     1244     2776     3073     3825     3712     2400     2515     550      3024     1423     3920     1577     1881     2919     2771     902      1778     3347     1092     1608     3495     3664     1871     3569     1831     2111     2299     2323     1801     1137     3042     1125     1406     1582     1541     1535     3019     3084     2070     2864     
37       3703     3724     387      1179     3897     2850     1958     2086     3866     3888     3644     3033     2845     3370     3280     2770     2673     2051     3426     1632     665      3121     4574     2376     2269     3565     3880     3654     579      1852     3092     1265     2757     3716     2772     1565     2380     0        1641     3681     1629     3039     2882     4256     3805     3576     404      4262     1883     3235     3643     3411     3344     3387     1357     4076     1626     2457     3888     3069     880      3968     3770     844      4087     922      2269     1479     203      1788     3449     3704     2724     3747     2007     1764     878      4023     2586     404      3775     
38       2160     2161     1553     810      2261     1218     925      1989     2457     2561     3026     1396     2357     1931     1668     1653     1629     789      2705     75       1396     1987     2945     1718     744      2083     2244     2251     1267     952      2317     1643     1147     2322     1392     1352     2042     1641     0        2737     679      1937     1256     2678     2256     2055     1309     2901     1880     1608     2735     2056     2137     2023     1093     2544     1200     960      2247     2085     1042     2330     2184     842      2449     776      638      340      1777     303      2700     2065     1625     3004     634      525      1192     2417     1165     1720     2163     
39       3618     1930     3853     2567     3054     2349     1869     1852     1304     1034     745      2402     1086     3782     2175     1087     4101     3366     512      2672     3037     4289     2805     1312     3040     1548     2601     1265     3102     1918     627      2574     2887     1236     3576     2131     1487     3681     2737     0        3410     815      2808     2189     3647     3633     3591     1269     2025     2897     86       4032     784      1173     3811     1863     2054     1944     2892     655      2815     3054     3438     2982     3079     2918     2428     3071     3670     2434     451      2582     1112     495      2105     2241     2802     2296     3389     3439     2264     
40       2108     2622     1389     1289     2432     1604     1601     2582     3025     3162     3704     1747     3020     1745     2079     2323     1118     431      3384     750      1661     1543     3261     2385     755      2620     2547     2828     1485     1616     2997     2087     1284     2901     1145     1918     2680     1629     679      3410     0        2604     1438     3104     2213     1971     1229     3481     2447     1768     3410     1783     2782     2625     527      3025     1799     1556     2467     2760     1388     2510     2209     1085     2635     1061     1118     380      1813     978      3379     2363     2298     3683     1304     1201     1546     2806     972      1856     2549     
41       2914     1433     3162     1875     2441     1585     1119     1554     1059     940      1320     1666     1087     3026     1504     288      3290     2550     968      1875     2435     3492     2425     849      2227     1054     2044     896      2464     1199     661      2085     2103     918      2778     1578     1244     3039     1937     815      2604     0        2039     1849     2956     2910     2894     1315     1666     2173     831      3267     345      652      3023     1537     1447     1131     2298     246      2158     2457     2760     2276     2507     2205     1614     2275     3060     1634     933      1981     325      1186     1303     1460     2178     1839     2586     2855     1728     
42       994      1353     2741     1997     1017     459      1645     2869     1945     2172     3352     454      2913     990      801      1850     1443     1071     2999     1285     2639     1514     1829     2330     683      1508     1119     1797     2520     1764     2650     2781     160      1868     829      2363     2776     2882     1256     2808     1438     2039     0        1751     1072     936      2523     2395     2830     352      2844     1228     2035     1709     1959     1754     2172     1005     1032     2273     2275     1091     955      2098     1214     2032     729      1418     3028     1227     2969     936      1856     3224     1257     1422     2414     1428     721      2977     1181     
43       1980     534      4224     3132     1220     1501     2425     3344     885      1161     2927     1361     2929     2370     1025     1916     3152     2796     2629     2664     3809     3106     615      2631     2387     814      750      971      3759     2564     2454     3675     1909     975      2524     3154     3073     4256     2678     2189     3104     1849     1751     0        1953     2075     3971     1081     3414     1548     2267     2633     1563     1197     3630     327      2970     1802     1048     2059     3454     1174     1733     3411     1128     3334     2046     2961     4350     2474     2574     884      1959     2685     2257     2502     3543     336      2463     4217     570      
44       105      1827     3600     3040     733      1431     2715     3936     2534     2813     4272     1303     3922     592      1472     2818     1597     1782     3922     2299     3652     1349     1669     3369     1543     2147     1214     2458     3516     2836     3603     3842     1129     2515     1112     3435     3825     3805     2256     3647     2213     2956     1072     1953     0        257      3419     2916     3902     803      3698     789      2865     2477     2665     2128     3244     2047     904      3201     3297     787      223      3085     867      3026     1798     2331     3971     2281     3884     1136     2833     4106     2330     2490     3444     1638     1242     3956     1507     
45       155      1886     3360     2850     882      1344     2576     3802     2582     2851     4231     1244     3837     347      1468     2751     1345     1540     3879     2102     3447     1120     1853     3264     1326     2175     1325     2486     3305     2691     3546     3664     962      2547     857      3276     3712     3576     2055     3633     1971     2910     936      2075     257      0        3185     2986     3756     738      3680     578      2849     2476     2414     2218     3089     1938     1037     3153     3097     949      382      2873     1047     2816     1642     2107     3745     2103     3844     1216     2762     4079     2181     2325     3247     1748     999      3739     1586     
46       3315     3444     268      1025     3540     2528     1781     2150     3646     3694     3637     2705     2848     2973     2974     2614     2271     1654     3388     1312     764      2718     4255     2317     1890     3317     3552     3434     594      1696     3032     1380     2391     3499     2374     1549     2400     404      1309     3591     1229     2894     2523     3971     3419     3185     0        4061     1957     2874     3562     3009     3177     3176     963      3812     1561     2190     3541     2956     798      3613     3391     619      3734     692      1947     1106     598      1498     3405     3373     2572     3710     1756     1522     869      3721     2191     716      3469     
47       2921     1100     4329     3082     2212     1992     2304     2850     460      380      2006     1941     2233     3229     1600     1530     3835     3282     1769     2860     3699     3891     1671     2160     2884     893      1717     653      3703     2417     1723     3395     2528     580      3225     2880     2515     4262     2901     1269     3481     1315     2395     1081     2916     2986     4061     0        2976     2326     1354     3496     971      886      3975     807      2734     1942     2036     1423     3390     2184     2693     3448     2165     3372     2364     3233     4308     2625     1709     1780     1579     1737     2321     2543     3435     1314     3101     4122     1408     
48       3824     2919     2171     1166     3633     2513     1188     204      2713     2605     1806     2682     1016     3719     2728     1512     3504     2667     1650     1808     1225     3866     3924     817      2573     2601     3379     2530     1366     1065     1398     624      2795     2565     3240     531      550      1883     1880     2025     2447     1666     2830     3414     3902     3756     1957     2976     0        3120     1965     3885     2012     2257     2598     3133     685      1891     3541     1564     1199     3678     3765     1499     3766     1477     2115     2073     1806     1702     1688     3253     1465     1956     1574     1452     1092     3315     3010     1548     3130     
49       747      1235     3089     2337     668      627      1932     3145     1897     2153     3493     507      3120     911      749      2020     1604     1379     3141     1635     2986     1578     1535     2566     1014     1474     847      1780     2870     2059     2812     3107     487      1846     977      2672     3024     3235     1608     2897     1768     2173     352      1548     803      738      2874     2326     3120     0        2943     1175     2113     1748     2281     1612     2478     1247     702      2416     2620     744      645      2450     869      2382     1056     1768     3381     1565     3106     676      2034     3341     1561     1745     2757     1213     944      3328     992      
