

sets
i        orders          /0*5/
k        routes          /1*5/
p        positions       /0*5/
;

alias(i,j)
alias(i,h)
alias(i,hh)
alias(i,jj)
alias(k,kk)
                            Parameters

rho(i)	Processing time
/
0	0
1	70
2	20
3	84
4	74
5	70
/

gamma(i)	Duedate
/
0	0
1	1
2	29
3	61
4	96
5	58
/

sigma(i)	Size
/
0	0
1	7
2	8
3	6
4	9
5	5
/

epsilon(i)	Priority
/
0	0
1	8
2	9
3	8
4	5
5	7
/

psi	Vehicle Capacity
/ 38 /
;

Table kappa(i,j)                 Setup
         0        1        2        3        4        5        
0        0        321      407      404      375      154      
1        321      0        141      447      164      238      
2        407      141      0        389      63       278      
3        404      447      389      0        326      281      
4        375      164      63       326      0        234      
5        154      238      278      281      234      0        
;



Table delta(i,j)                 Distance
         0        1        2        3        4        5        
0        0        300      380      270      420      350      
1        300      0        46       12       40       51       
2        380      46       0        34       13       13       
3        270      12       34       0        28       40       
4        420      40       13       28       0        26       
5        350      51       13       40       26       0        
;

