

sets
i        orders          /0*5/
k        routes          /1*5/
p        positions       /0*5/
;

alias(i,j)
alias(i,h)
alias(i,hh)
alias(i,jj)
alias(k,kk)
                            Parameters

rho(i)	Processing time
/
0	0
1	75
2	42
3	6
4	10
5	74
/

gamma(i)	Duedate
/
0	0
1	67
2	87
3	83
4	33
5	36
/

sigma(i)	Size
/
0	0
1	8
2	3
3	1
4	2
5	6
/

epsilon(i)	Priority
/
0	0
1	1
2	3
3	8
4	6
5	2
/

psi	Vehicle Capacity
/ 32 /
;

Table kappa(i,j)                 Setup
         0        1        2        3        4        5        
0        0        626      547      467      289      450      
1        626      0        208      346      338      389      
2        547      208      0        450      297      192      
3        467      346      450      0        264      534      
4        289      338      297      264      0        296      
5        450      389      192      534      296      0        
;



Table delta(i,j)                 Distance
         0        1        2        3        4        5        
0        0        480      10       150      450      660      
1        480      0        47       41       5        40       
2        10       47       0        13       44       65       
3        150      41       13       0        37       52       
4        450      5        44       37       0        36       
5        660      40       65       52       36       0        
;

