
sets
i        orders          /0*40/
k        routes          /1*40/
p        positions       /0*40/
;

alias(i,j)
alias(i,h)
alias(i,hh)
alias(i,jj)
alias(k,kk)
                
                    Parameters

rho(i)	Processing time
/
0	0
1	84
2	60
3	33
4	86
5	21
6	76
7	96
8	85
9	54
10	50
11	26
12	2
13	85
14	88
15	18
16	8
17	37
18	59
19	17
20	38
21	42
22	90
23	78
24	30
25	92
26	44
27	49
28	25
29	95
30	78
31	34
32	73
33	24
34	49
35	37
36	34
37	49
38	4
39	16
40	77
/

gamma(i)	Duedate
/
0	0
1	99
2	43
3	14
4	11
5	99
6	30
7	91
8	12
9	70
10	22
11	87
12	57
13	26
14	32
15	46
16	15
17	80
18	9
19	35
20	79
21	54
22	82
23	89
24	90
25	22
26	67
27	20
28	74
29	32
30	40
31	45
32	36
33	91
34	59
35	51
36	34
37	96
38	45
39	86
40	16
/

sigma(i)	Size
/
0	0
1	1
2	3
3	4
4	4
5	4
6	1
7	3
8	6
9	1
10	2
11	4
12	6
13	1
14	8
15	9
16	9
17	9
18	3
19	2
20	2
21	1
22	5
23	6
24	4
25	9
26	2
27	7
28	3
29	9
30	5
31	8
32	1
33	9
34	4
35	1
36	8
37	6
38	6
39	5
40	9
/

epsilon(i)	Priority
/
0	0
1	9
2	6
3	1
4	1
5	5
6	2
7	7
8	5
9	5
10	4
11	2
12	3
13	1
14	2
15	6
16	1
17	5
18	8
19	5
20	6
21	4
22	4
23	8
24	3
25	2
26	6
27	9
28	3
29	2
30	7
31	4
32	1
33	6
34	7
35	4
36	6
37	6
38	1
39	7
40	1
/

psi	Vehicle Capacity
/ 30 /
;

Table kappa(i,j)                 Setup
         0        1        2        3        4        5        6        7        8        9        10       11       12       13       14       15       16       17       18       19       20       21       22       23       24       25       26       27       28       29       30       31       32       33       34       35       36       37       38       39       40       
0        0        364      709      561      643      316      515      195      624      577      557      570      515      385      704      124      347      624      222      207      249      205      423      445      657      456      461      288      529      139      404      366      424      663      399      153      123      735      691      500      753      
1        364      0        422      313      895      613      461      469      597      340      202      206      789      596      353      468      510      700      322      381      161      368      752      670      583      530      475      603      408      411      455      473      597      539      461      446      375      544      407      613      397      
2        709      422      0        641      999      825      391      710      995      667      264      362      937      730      472      831      930      651      738      792      461      588      978      792      966      951      473      987      792      801      876      896      691      317      520      832      766      220      657      640      236      
3        561      313      641      0        1175     865      774      724      382      27       377      280      1057     882      262      615      491      1013     384      447      457      649      984      954      335      426      789      687      181      525      368      426      893      836      771      558      498      815      135      921      493      
4        643      895      999      1175     0        328      610      455      1262     1195     1013     1080     132      299      1241     667      951      403      865      839      734      529      298      226      1299     1080     526      758      1171     752      1038     990      314      736      484      741      754      867      1293     361      1168     
5        316      613      825      865      328      0        490      143      933      884      766      813      198      153      966      341      625      443      537      510      454      254      152      169      971      752      402      454      846      423      710      662      217      649      332      414      425      762      989      322      945      
6        515      461      391      774      610      490      0        416      1030     800      475      570      561      363      730      632      837      272      659      684      356      320      635      415      1030     913      90       796      859      647      843      833      314      161      158      667      621      273      852      250      586      
7        195      469      710      724      455      143      416      0        820      744      627      671      332      191      823      262      534      454      416      401      312      122      286      250      851      650      339      410      716      323      599      559      237      577      267      325      316      675      847      326      812      
8        624      597      995      382      1262     933      1030     820      0        363      733      651      1130     1008     640      600      333      1218     405      422      673      798      1004     1070     79       196      1014     573      205      510      223      277      1042     1131     973      525      507      1140     459      1103     873      
9        577      340      667      27       1195     884      800      744      363      0        403      305      1076     904      277      627      490      1039     394      455      481      671      1000     976      313      418      815      694      167      536      365      424      916      863      796      568      510      842      128      946      515      
10       557      202      264      377      1013     766      475      627      733      403      0        106      921      716      255      667      703      744      520      582      319      512      913      788      702      704      524      805      529      613      631      660      700      489      538      648      577      445      408      687      196      
11       570      206      362      280      1080     813      570      671      651      305      106      0        981      781      163      669      661      835      491      557      358      563      955      854      612      644      611      793      445      602      573      611      771      594      617      638      568      551      301      769      229      
12       515      789      937      1057     132      198      561      332      1130     1076     921      981      0        209      1139     534      818      408      736      708      627      420      178      145      1169     947      471      627      1044     620      907      857      247      704      416      608      623      830      1178     327      1088     
13       385      596      730      882      299      153      363      191      1008     904      716      781      209      0        941      448      725      291      603      592      435      233      277      73       1036     841      273      584      894      514      789      750      64       516      211      514      507      637      996      170      879      
14       704      353      472      262      1241     966      730      823      640      277      255      163      1139     941      0        790      730      997      585      652      512      719      1105     1014     586      682      774      896      443      713      620      670      934      741      781      749      680      681      205      933      267      
15       124      468      831      615      667      341      632      262      600      627      667      669      534      448      790      0        284      715      236      187      370      314      405      496      646      413      572      165      546      95       378      324      499      784      505      74       116      858      750      587      864      
16       347      510      930      491      951      625      837      534      333      490      703      661      818      725      730      284      0        972      192      152      501      549      679      778      393      137      798      241      352      210      136      69       769      970      741      211      225      1016     619      848      887      
17       624      700      651      1013     403      443      272      454      1218     1039     744      835      408      291      997      715      972      0        820      826      562      425      547      292      1232     1073     226      864      1071     763      1011     985      228      352      247      771      747      483      1104     128      857      
18       222      322      738      384      865      537      659      416      405      394      520      491      736      603      585      236      192      820      0        67       312      396      630      666      435      256      628      310      314      142      191      174      637      784      578      174      120      825      519      701      710      
19       207      381      792      447      839      510      684      401      422      455      582      557      708      592      652      187      152      826      67       0        351      401      590      650      462      249      646      244      360      91       199      159      631      818      591      117      85       867      582      704      774      
20       249      161      461      457      734      454      356      312      673      481      319      358      627      435      512      370      501      562      312      351      0        207      598      508      677      561      345      526      510      342      490      485      438      472      316      372      309      515      564      464      511      
21       205      368      588      649      529      254      320      122      798      671      512      563      420      233      719      314      549      425      396      401      207      0        403      305      819      647      258      477      669      344      587      559      249      476      194      357      324      565      764      305      692      
22       423      752      978      984      298      152      635      286      1004     1000     913      955      178      277      1105     405      679      547      630      590      598      403      0        255      1051     813      546      468      944      498      783      727      339      792      478      479      510      909      1113     440      1096     
23       445      670      792      954      226      169      415      250      1070     976      788      854      145      73       1014     496      778      292      666      650      508      305      255      0        1100     898      325      621      962      569      849      807      101      561      271      566      565      686      1069     189      948      
24       657      583      966      335      1299     971      1030     851      79       313      702      612      1169     1036     586      646      393      1232     435      462      677      819      1051     1100     0        260      1022     634      176      553      269      331      1066     1122     985      572      545      1122     395      1121     828      
25       456      530      951      426      1080     752      913      650      196      418      704      644      947      841      682      413      137      1073     256      249      561      647      813      898      260      0        884      376      258      329      74       90       881      1034     834      338      334      1063     541      952      874      
26       461      475      473      789      526      402      90       339      1014     815      524      611      471      273      774      572      798      226      628      646      345      258      546      325      1022     884      0        734      856      598      817      800      224      246      72       614      575      364      878      170      654      
27       288      603      987      687      758      454      796      410      573      694      805      793      627      584      896      165      241      864      310      244      526      477      468      621      634      376      734      0        578      192      372      305      641      949      666      157      227      1023     822      735      1001     
28       529      408      792      181      1171     846      859      716      205      167      529      445      1044     894      443      546      352      1071     314      360      510      669      944      962      176      258      856      578      0        451      217      283      918      947      824      478      434      946      283      965      668      
29       139      411      801      525      752      423      647      323      510      536      613      602      620      514      713      95       210      763      142      91       342      344      498      569      553      329      598      192      451      0        287      238      558      790      538      36       35       852      660      638      809      
30       404      455      876      368      1038     710      843      599      223      365      631      573      907      789      620      378      136      1011     191      199      490      587      783      849      269      74       817      372      217      287      0        67       825      961      769      303      285      989      491      892      803      
31       366      473      896      426      990      662      833      559      277      424      660      611      857      750      670      324      69       985      174      159      485      559      727      807      331      90       800      305      283      238      67       0        790      958      747      249      243      995      552      863      839      
32       424      597      691      893      314      217      314      237      1042     916      700      771      247      64       934      499      769      228      637      631      438      249      339      101      1066     881      224      641      918      558      825      790      0        461      172      561      547      585      1002     105      854      
33       663      539      317      836      736      649      161      577      1131     863      489      594      704      516      741      784      970      352      784      818      472      476      792      561      1122     1034     246      949      947      790      961      958      461      0        317      813      762      131      893      379      546      
34       399      461      520      771      484      332      158      267      973      796      538      617      416      211      781      505      741      247      578      591      316      194      478      271      985      834      72       666      824      538      769      747      172      317      0        552      517      430      869      153      684      
35       153      446      832      558      741      414      667      325      525      568      648      638      608      514      749      74       211      771      174      117      372      357      479      566      572      338      614      157      478      36       303      249      561      813      552      0        71       878      693      645      844      
36       123      375      766      498      754      425      621      316      507      510      577      568      623      507      680      116      225      747      120      85       309      324      510      565      545      334      575      227      434      35       285      243      547      762      517      71       0        820      633      623      773      
37       735      544      220      815      867      762      273      675      1140     842      445      551      830      637      681      858      1016     483      825      867      515      565      909      686      1122     1063     364      1023     946      852      989      995      585      131      430      878      820      0        853      508      456      
38       691      407      657      135      1293     989      852      847      459      128      408      301      1178     996      205      750      619      1104     519      582      564      764      1113     1069     395      541      878      822      283      660      491      552      1002     893      869      693      633      853      0        1021     469      
39       500      613      640      921      361      322      250      326      1103     946      687      769      327      170      933      587      848      128      701      704      464      305      440      189      1121     952      170      735      965      638      892      863      105      379      153      645      623      508      1021     0        823      
40       753      397      236      493      1168     945      586      812      873      515      196      229      1088     879      267      864      887      857      710      774      511      692      1096     948      828      874      654      1001     668      809      803      839      854      546      684      844      773      456      469      823      0        
;



Table delta(i,j)                 Distance
         0        1        2        3        4        5        6        7        8        9        10       11       12       13       14       15       16       17       18       19       20       21       22       23       24       25       26       27       28       29       30       31       32       33       34       35       36       37       38       39       40       
0        0        2530     910      780      3060     1230     1480     1050     590      2810     2530     940      2090     2200     1700     3250     2130     2770     1930     1870     2270     370      2540     1030     1090     2080     2720     1580     2360     2410     2160     1060     3040     2830     3200     1690     3380     430      1010     1780     1130     
1        2530     0        203      320      72       323      212      353      199      47       274      201      242      230      137      241      171      173      242      70       37       291      1        317      183      56       160      261      232      94       186      306      155      35       234      116      120      215      155      233      257      
2        910      203      0        169      268      120      59       161      89       217      300      136      255      259      176      233      122      187      242      152      187      122      203      194      21       148      184      87       273      226      124      102      218      237      228      161      309      89       96       227      183      
3        780      320      169      0        364      160      223      94       120      352      248      129      211      228      213      403      291      355      194      250      289      50       320      45       187      279      351      225      245      290      294      149      382      347      397      220      390      105      164      182      105      
4        3060     72       268      364      0        388      283      409      248      99       263      236      242      225      157      305      243      240      246      119      81       342      73       353      250      127      226      333      221      84       259      370      214      40       297      144      48       264      204      242      285      
5        1230     323      120      160      388      0        130      87       170      335      376      214      332      342      279      298      210      274      316      271      307      116      323      203      139      268      276      99       358      340      204      18       313      357      295      271      428      158      199      301      234      
6        1480     212      59       223      283      130      0        197      147      213      355      193      310      312      220      181      79       145      297      179      207      174      212      251      54       156      145      49       324      257      76       119      183      247      176      202      328      148      146      282      242      
7        1050     353      161      94       409      87       197      0        164      375      337      195      298      312      275      375      276      342      281      290      329      74       353      139      183      303      341      178      329      347      273      86       377      385      371      274      443      148      206      267      192      
8        590      199      89       120      248      170      147      164      0        231      214      47       169      176      112      309      194      252      154      131      170      94       200      126      95       159      245      175      191      182      201      151      271      228      302      109      279      16       44       139      95       
9        2810     47       217      352      99       335      213      375      231      0        322      239      290      277      183      206      156      142      288      110      83       318      46       354      196      73       128      261      279      141      171      318      115      60       198      160      146      246      189      279      298      
10       2530     274      300      248      263      376      355      337      214      322      0        166      45       46       149      483      376      416      60       224      239      267      275      208      301      279      405      388      42       184      388      359      416      276      476      174      256      221      209      75       145      
11       940      201      136      129      236      214      193      195      47       239      166      0        121      129      84       345      231      284      107      131      167      121      202      117      139      172      275      222      144      161      239      196      298      224      338      92       260      56       58       91       60       
12       2090     242      255      211      242      332      310      298      169      290      45       121      0        20       110      442      334      376      17       187      206      227      244      175      256      241      365      343      35       159      345      315      378      249      435      135      243      177      164      31       106      
13       2200     230      259      228      225      342      312      312      176      277      46       129      20       0        103      437      331      370      35       178      194      240      231      193      258      233      358      347      17       143      343      324      370      234      430      128      224      185      166      45       122      
14       1700     137      176      213      157      279      220      275      112      183      149      84       110      103      0        334      229      267      106      77       100      202      139      197      169      131      255      262      111      77       242      261      268      152      327      25       177      127      81       96       127      
15       3250     241      233      403      305      298      181      375      309      206      483      345      442      437      334      0        114      68       434      262      263      354      240      427      217      209      82       199      445      329      109      291      93       266      7        309      352      315      287      421      403      
16       2130     171      122      291      243      210      79       276      194      156      376      231      334      331      229      114      0        66       324      165      180      244      170      313      104      122      65       118      340      241      15       198      103      204      108      206      291      200      174      311      288      
17       2770     173      187      355      240      274      145      342      252      142      416      284      376      370      267      68       66       0        369      193      194      309      172      375      168      140      14       178      377      260      70       263      45       200      61       242      288      260      225      356      343      
18       1930     242      242      194      246      316      297      281      154      288      60       107      17       35       106      434      324      369      0        183      205      209      243      158      243      237      358      329      51       162      335      299      373      251      427      131      250      161      153      15       89       
19       1870     70       152      250      119      271      179      290      131      110      224      131      187      178      77       262      165      193      183      0        39       224      71       247      137      54       181      226      184      78       180      253      191      96       254      52       157      147      87       173      188      
20       2270     37       187      289      81       307      207      329      170      83       239      167      206      194      100      263      180      194      205      39       0        264      38       284      170      58       181      256      196      65       195      289      183      57       256      79       122      187      126      196      222      
21       370      291      122      50       342      116      174      74       94       318      267      121      227      240      202      354      244      309      209      224      264      0        291      88       141      245      306      175      256      275      246      103      338      321      349      203      373      77       137      196      122      
22       2540     1        203      320      73       323      212      353      200      46       275      202      244      231      139      240      170      172      243      71       38       291      0        318      183      56       158      261      233      95       185      306      154      35       232      117      121      216      156      235      258      
23       1030     317      194      45       353      203      251      139      126      354      208      117      175      193      197      427      313      375      158      247      284      88       318      0        209      283      369      260      210      275      317      191      397      341      421      208      374      114      165      148      74       
24       1090     183      21       187      250      139      54       183      95       196      301      139      256      258      169      217      104      168      243      137      170      141      183      209      0        128      164      93       271      212      108      123      197      218      212      151      292      99       92       228      191      
25       2080     56       148      279      127      268      156      303      159      73       279      172      241      233      131      209      122      140      237      54       58       245      56       283      128      0        128      205      239      121      137      251      137      91       202      105      174      173      118      225      232      
26       2720     160      184      351      226      276      145      341      245      128      405      275      365      358      255      82       65       14       358      181      181      306      158      369      164      128      0        182      365      246      72       264      38       186      74       230      274      254      216      345      335      
27       1580     261      87       225      333      99       49       178      175      261      388      222      343      347      262      199      118      178      329      226      256      175      261      260      93       205      182      0        361      304      109      93       220      297      196      245      377      171      183      314      264      
28       2360     232      273      245      221      358      324      329      191      279      42       144      35       17       111      445      340      377      51       184      196      256      233      210      271      239      365      361      0        142      352      340      375      233      437      135      216      200      178      62       139      
29       2410     94       226      290      84       340      257      347      182      141      184      161      159      143      77       329      241      260      162      78       65       275      95       275      212      121      246      304      142      0        256      321      247      91       321      72       99       198      142      158      204      
30       2160     186      124      294      259      204      76       273      201      171      388      239      345      343      242      109      15       70       335      180      195      246      185      317      108      137      72       109      352      256      0        193      111      219      103      218      306      206      183      321      295      
31       1060     306      102      149      370      18       119      86       151      318      359      196      315      324      261      291      198      263      299      253      289      103      306      191      123      251      264      93       340      321      193      0        302      340      288      252      410      140      181      284      218      
32       3040     155      218      382      214      313      183      377      271      115      416      298      378      370      268      93       103      45       373      191      183      338      154      397      197      137      38       220      375      247      111      302      0        176      86       242      260      282      239      361      358      
33       2830     35       237      347      40       357      247      385      228      60       276      224      249      234      152      266      204      200      251      96       57       321      35       341      218      91       186      297      233      91       219      340      176      0        258      134      88       244      184      244      277      
34       3200     234      228      397      297      295      176      371      302      198      476      338      435      430      327      7        108      61       427      254      256      349      232      421      212      202      74       196      437      321      103      288      86       258      0        302      345      309      280      414      396      
35       1690     116      161      220      144      271      202      274      109      160      174      92       135      128      25       309      206      242      131      52       79       203      117      208      151      105      230      245      135      72       218      252      242      134      302      0        170      125      71       120      143      
36       3380     120      309      390      48       428      328      443      279      146      256      260      243      224      177      352      291      288      250      157      122      373      121      374      292      174      274      377      216      99       306      410      260      88       345      170      0        295      237      249      302      
37       430      215      89       105      264      158      148      148      16       246      221      56       177      185      127      315      200      260      161      147      187      77       216      114      99       173      254      171      200      198      206      140      282      244      309      125      295      0        60       146      94       
38       1010     155      96       164      204      199      146      206      44       189      209      58       164      166      81       287      174      225      153      87       126      137      156      165      92       118      216      183      178      142      183      181      239      184      280      71       237      60       0        138      118      
39       1780     233      227      182      242      301      282      267      139      279      75       91       31       45       96       421      311      356      15       173      196      196      235      148      228      225      345      314      62       158      321      284      361      244      414      120      249      146      138      0        77       
40       1130     257      183      105      285      234      242      192      95       298      145      60       106      122      127      403      288      343      89       188      222      122      258      74       191      232      335      264      139      204      295      218      358      277      396      143      302      94       118      77       0        
;

