
sets
i        orders          /0*40/
k        routes          /1*40/
p        positions       /0*40/
;

alias(i,j)
alias(i,h)
alias(i,hh)
alias(i,jj)
alias(k,kk)
                
                    Parameters

rho(i)	Processing time
/
0	0
1	17
2	33
3	68
4	21
5	27
6	84
7	3
8	9
9	60
10	91
11	62
12	96
13	25
14	7
15	98
16	54
17	8
18	43
19	70
20	54
21	77
22	79
23	47
24	91
25	19
26	69
27	49
28	80
29	67
30	44
31	70
32	96
33	70
34	94
35	71
36	26
37	85
38	92
39	75
40	69
/

gamma(i)	Duedate
/
0	0
1	11
2	60
3	97
4	70
5	68
6	93
7	41
8	60
9	53
10	95
11	37
12	72
13	81
14	40
15	89
16	96
17	62
18	76
19	28
20	38
21	31
22	8
23	29
24	18
25	55
26	84
27	59
28	44
29	47
30	95
31	89
32	80
33	33
34	94
35	90
36	46
37	68
38	82
39	75
40	16
/

sigma(i)	Size
/
0	0
1	1
2	3
3	5
4	7
5	4
6	4
7	1
8	2
9	1
10	6
11	4
12	8
13	7
14	5
15	8
16	5
17	8
18	2
19	6
20	8
21	9
22	8
23	2
24	7
25	1
26	5
27	9
28	9
29	6
30	9
31	4
32	4
33	6
34	2
35	3
36	7
37	1
38	4
39	9
40	9
/

epsilon(i)	Priority
/
0	0
1	3
2	8
3	4
4	7
5	1
6	7
7	7
8	5
9	1
10	8
11	6
12	2
13	9
14	1
15	4
16	4
17	7
18	6
19	7
20	6
21	4
22	7
23	9
24	3
25	7
26	9
27	7
28	6
29	2
30	2
31	7
32	7
33	3
34	6
35	5
36	8
37	7
38	8
39	2
40	7
/

psi	Vehicle Capacity
/ 21 /
;

Table kappa(i,j)                 Setup
         0        1        2        3        4        5        6        7        8        9        10       11       12       13       14       15       16       17       18       19       20       21       22       23       24       25       26       27       28       29       30       31       32       33       34       35       36       37       38       39       40       
0        0        729      163      399      1001     788      282      634      133      654      285      803      561      371      248      517      603      363      934      241      293      913      650      262      271      328      253      721      350      954      994      1069     404      532      682      719      649      334      535      994      208      
1        729      0        567      514      765      1146     637      1232     862      76       1015     452      551      866      895      1156     1223     386      257      781      1005     230      816      980      617      781      693      1281     505      449      658      769      514      271      1263     125      204      654      1051     747      526      
2        163      567      0        313      892      814      232      738      294      492      448      665      457      415      374      635      716      215      778      287      443      751      606      422      210      370      241      813      233      805      868      952      294      385      781      556      500      313      602      883      50       
3        399      514      313      0        1092     1126     538      1031     514      444      639      810      696      727      439      916      1002     193      632      596      683      742      895      570      514      278      554      1113     490      898      1033     1133     547      244      1078     573      346      147      911      1079     325      
4        1001     765      892      1092     0        759      724      1084     1079     773      1205     314      439      807      1249     1091     1108     899      975      843      1121     655      473      1235     731      1258     772      1066     660      384      140      93       600      929      1080     640      938      1173     886      20       846      
5        788      1146     814      1126     759      0        592      410      763      1100     799      844      602      417      986      489      453      984      1404     549      681      1188     347      880      616      1117     572      347      680      1020     863      853      647      1123     380      1049     1207     1111     296      770      803      
6        282      637      232      538      724      592      0        595      355      573      491      563      290      231      531      522      586      393      883      154      429      764      378      511      24       586      62       649      135      733      731      798      157      544      627      579      641      544      422      719      213      
7        634      1232     738      1031     1084     410      595      0        544      1168     503      1068     776      367      743      131      51       950      1478     461      395      1343     612      600      616      921      541      105      727      1251     1157     1177     729      1116     55       1168     1224     963      204      1090     754      
8        133      862      294      514      1079     763      355      544      0        786      154      907      645      357      222      419      507      496      1067     252      169      1041     686      156      352      378      307      639      453      1066     1086     1153     499      664      596      847      782      423      484      1074     337      
9        654      76       492      444      773      1100     573      1168     786      0        939      459      515      804      818      1088     1157     310      310      713      931      297      778      904      552      708      627      1220     444      486      676      785      459      205      1200     146      166      582      991      755      452      
10       285      1015     448      639      1205     799      491      503      154      939      0        1051     780      432      251      372      458      645      1216     362      118      1195     785      97       492      449      436      607      600      1215     1222     1283     643      809      558      1001     928      528      504      1202     491      
11       803      452      665      810      314      844      563      1068     907      459      1051     0        295      726      1038     1037     1077     620      672      711      991      374      498      1059     559      1010     623      1081     454      183      224      330      408      625      1080     326      625      909      864      295      615      
12       561      551      457      696      439      602      290      776      645      515      780      295      0        431      809      741      784      507      807      425      708      590      264      801      294      827      344      796      224      477      442      508      163      592      792      447      647      754      574      432      414      
13       371      866      415      727      807      417      231      367      357      804      432      726      431      0        578      311      363      610      1114     133      327      978      358      494      253      699      184      417      361      907      851      894      362      769      396      801      870      697      192      808      416      
14       248      895      374      439      1249     986      531      743      222      818      251      1038     809      578      0        612      700      508      1060     463      347      1102     891      156      520      203      496      843      593      1179     1237     1315     650      652      797      911      767      305      704      1241     424      
15       517      1156     635      916      1091     489      522      131      419      1088     372      1037     741      311      612      0        88       850      1394     374      265      1284     620      469      539      794      463      234      657      1218     1150     1181     668      1019     186      1102     1130     841      216      1094     656      
16       603      1223     716      1002     1108     453      586      51       507      1157     458      1077     784      363      700      88       0        929      1465     445      353      1342     635      555      605      882      530      155      720      1261     1176     1200     726      1097     104      1163     1207     928      222      1113     734      
17       363      386      215      193      899      984      393      950      496      310      645      620      507      610      508      850      929      0        571      491      655      598      723      600      369      411      427      1020     316      719      842      941      367      170      991      413      286      295      802      886      196      
18       934      257      778      632      975      1404     883      1478     1067     310      1216     672      807      1114     1060     1394     1465     571      0        1020     1222     331      1072     1168     862      910      936      1531     755      612      851      960      768      409      1511     365      292      779      1302     955      745      
19       241      781      287      596      843      549      154      461      252      713      362      711      425      133      463      374      445      491      1020     0        282      917      434      403      168      570      92       528      288      884      866      923      311      656      500      731      762      564      315      840      295      
20       293      1005     443      683      1121     681      429      395      169      931      118      991      708      327      347      265      353      655      1222     282      0        1169     684      208      435      532      368      497      551      1162     1148     1202     586      824      450      977      941      590      385      1119     479      
21       913      230      751      742      655      1188     764      1343     1041     297      1195     374      590      978      1102     1284     1342     598      331      917      1169     0        841      1173     749      1004     825      1377     629      282      526      633      616      500      1366     194      430      879      1148     635      705      
22       650      816      606      895      473      347      378      612      686      778      785      498      264      358      891      620      635      723      1072     434      684      841      0        836      398      964      397      602      407      677      548      565      357      836      612      711      903      920      413      478      578      
23       262      980      422      570      1235     880      511      600      156      904      97       1059     801      494      156      469      555      600      1168     403      208      1173     836      0        508      359      463      703      604      1214     1241     1310     654      758      655      978      877      448      588      1231     470      
24       271      617      210      514      731      616      24       616      352      552      492      559      294      253      520      539      605      369      862      168      435      749      398      508      0        567      76       671      120      727      733      803      151      520      649      563      618      523      444      725      189      
25       328      781      370      278      1258     1117     586      921      378      708      449      1010     827      699      203      794      882      411      910      570      532      1004     964      359      567      0        571      1018     603      1126     1224     1314     664      517      974      823      624      131      854      1248     413      
26       253      693      241      554      772      572      62       541      307      627      436      623      344      184      496      463      530      427      936      92       368      825      397      463      76       571      0        600      195      794      786      848      219      584      576      639      687      544      377      768      235      
27       721      1281     813      1113     1066     347      649      105      639      1220     607      1081     796      417      843      234      155      1020     1531     528      497      1377     602      703      671      1018     600      0        776      1264     1150     1160     769      1183     50       1208     1287     1053     230      1074     824      
28       350      505      233      490      660      680      135      727      453      444      600      454      224      361      593      657      720      316      755      288      551      629      407      604      120      603      195      776      0        614      644      723      61       442      757      444      528      533      546      651      190      
29       954      449      805      898      384      1020     733      1251     1066     486      1215     183      477      907      1179     1218     1261     719      612      884      1162     282      677      1214     727      1126     794      1264     614      0        247      352      576      681      1264     340      649      1014     1048     363      755      
30       994      658      868      1033     140      863      731      1157     1086     676      1222     224      442      851      1237     1150     1176     842      851      866      1148     526      548      1241     733      1224     786      1150     644      247      0        110      589      848      1159     535      842      1128     955      120      820      
31       1069     769      952      1133     93       853      798      1177     1153     785      1283     330      508      894      1315     1181     1200     941      960      923      1202     633      565      1310     803      1314     848      1160     723      352      110      0        665      955      1173     646      952      1223     978      87       905      
32       404      514      294      547      600      647      157      729      499      459      643      408      163      362      650      668      726      367      768      311      586      616      357      654      151      664      219      769      61       576      589      665      0        482      755      439      559      594      539      592      251      
33       532      271      385      244      929      1123     544      1116     664      205      809      625      592      769      652      1019     1097     170      409      656      824      500      836      758      520      517      584      1183     442      681      848      955      482      0        1156     344      118      387      962      913      363      
34       682      1263     781      1078     1080     380      627      55       596      1200     558      1080     792      396      797      186      104      991      1511     500      450      1366     612      655      649      974      576      50       757      1264     1159     1173     755      1156     0        1195     1262     1013     218      1087     794      
35       719      125      556      573      640      1049     579      1168     847      146      1001     326      447      801      911      1102     1163     413      365      731      977      194      711      978      563      823      639      1208     444      340      535      646      439      344      1195     0        311      702      979      621      510      
36       649      204      500      346      938      1207     641      1224     782      166      928      625      647      870      767      1130     1207     286      292      762      941      430      903      877      618      624      687      1287     528      649      842      952      559      118      1262     311      0        493      1062     920      473      
37       334      654      313      147      1173     1111     544      963      423      582      528      909      754      697      305      841      928      295      779      564      590      879      920      448      523      131      544      1053     533      1014     1128     1223     594      387      1013     702      493      0        868      1162     345      
38       535      1051     602      911      886      296      422      204      484      991      504      864      574      192      704      216      222      802      1302     315      385      1148     413      588      444      854      377      230      546      1048     955      978      539      962      218      979      1062     868      0        891      607      
39       994      747      883      1079     20       770      719      1090     1074     755      1202     295      432      808      1241     1094     1113     886      955      840      1119     635      478      1231     725      1248     768      1074     651      363      120      87       592      913      1087     621      920      1162     891      0        837      
40       208      526      50       325      846      803      213      754      337      452      491      615      414      416      424      656      734      196      745      295      479      705      578      470      189      413      235      824      190      755      820      905      251      363      794      510      473      345      607      837      0        
;



Table delta(i,j)                 Distance
         0        1        2        3        4        5        6        7        8        9        10       11       12       13       14       15       16       17       18       19       20       21       22       23       24       25       26       27       28       29       30       31       32       33       34       35       36       37       38       39       40       
0        0        2880     2640     3490     3960     4140     2120     1960     1780     2030     4140     3030     3840     300      2000     1850     4490     4030     2750     4240     1140     2630     1850     2840     3030     3600     3520     4400     3870     3830     3490     2560     700      1590     1770     3760     3700     3470     3370     1160     4620     
1        2880     0        60       65       215      218      370      233      164      103      299      386      234      318      294      184      327      223      301      347      193      49       106      117      58       240      92       257      170      187      330      353      334      356      367      476      288      134      400      206      335      
2        2640     60       0        94       175      183      317      177      113      61       248      326      186      293      239      130      278      182      241      292      156      93       105      61       38       187      87       220      141      150      270      295      299      309      317      416      232      100      340      166      287      
3        3490     65       94       0        186      182      410      268      207      153      281      410      213      379      330      223      304      192      321      336      248      109      171      125      60       229      48       222      133      157      336      382      391      403      411      497      282      109      419      258      310      
4        3960     215      175      186      0        24       352      226      218      212      101      304      37       421      273      213      119      7        220      161      282      262      277      122      157      72       137      46       55       29       195      297      406      372      372      377      122      81       298      280      123      
5        4140     218      183      182      24       0        376      248      236      225      118      328      60       440      297      233      130      22       244      178      300      266      287      135      161      96       134      40       49       33       218      321      427      395      396      400      144      84       321      299      133      
6        2120     370      317      410      352      376      0        143      206      268      316      107      323      211      82       186      344      356      140      295      198      374      306      293      349      287      386      383      374      355      206      71       155      58       41       166      264      348      144      179      358      
7        1960     233      177      268      226      248      143      0        74       135      222      159      204      214      62       50       256      231      91       228      107      245      191      151      207      173      243      264      238      222      157      120      186      148      152      249      175      208      181      91       269      
8        1780     164      113      207      218      236      206      74       0        62       247      233      208      203      132      25       281      225      160      270      64       171      117      110      149      188      193      262      212      205      215      195      196      195      204      324      209      174      255      62       294      
9        2030     103      61       153      212      225      268      135      62       0        265      293      213      232      194      84       298      219      214      299      95       109      72       90       100      203      148      258      190      192      258      256      238      253      263      383      237      148      312      105      309      
10       4140     299      248      281      101      118      316      222      247      265      0        242      68       435      249      232      34       97       175      60       309      341      337      187      242      62       233      94       156      128      121      249      407      350      345      300      52       172      226      300      47       
11       3030     386      326      410      304      328      107      159      233      293      242      0        269      308      111      209      264      305      89       207      254      402      349      284      350      232      375      324      340      315      121      47       256      164      149      90       193      325      36       235      277      
12       3840     234      186      213      37       60       323      204      208      213      68       269      0        408      246      199      93       37       188      126      273      277      282      127      176      37       164      60       89       60       157      265      388      347      346      340      85       104      261      268      101      
13       300      318      293      379      421      440      211      214      203      232      435      308      408      0        210      209      470      428      289      442      141      293      215      312      332      383      381      465      415      409      363      262      58       154      173      377      389      375      343      141      483      
14       2000     294      239      330      273      297      82       62       132      194      249      111      246      210      0        110      281      278      81       241      143      303      243      211      269      212      304      307      293      274      156      66       167      101      99       198      198      266      141      124      294      
15       1850     184      130      223      213      233      186      50       25       84       232      209      199      209      110      0        267      219      135      251      76       194      142      116      164      176      204      256      213      203      192      171      194      181      188      299      192      178      230      68       279      
16       4490     327      278      304      119      130      344      256      281      298      34       264      93       470      281      267      0        113      205      64       343      370      369      217      269      95       255      98       174      148      143      276      440      381      376      315      83       196      245      335      13       
17       4030     223      182      192      7        22       356      231      225      219      97       305      37       428      278      219      113      0        223      158      289      269      284      129      165      73       144      38       61       36       195      300      412      377      377      377      122      88       299      286      117      
18       2750     301      241      321      220      244      140      91       160      214      175      89       188      289      81       135      205      223      0        160      198      322      277      195      262      151      286      246      252      228      74       77       248      177      170      176      123      235      99       181      218      
19       4240     347      292      336      161      178      295      228      270      299      60       207      126      442      241      251      64       158      160      0        327      386      372      231      292      107      289      154      216      187      89       225      406      338      330      252      62       227      184      315      74       
20       1140     193      156      248      282      300      198      107      64       95       309      254      273      141      143      76       343      289      198      327      0        182      109      170      195      251      243      327      273      268      263      210      143      170      183      341      268      233      282      19       356      
21       2630     49       93       109      262      266      374      245      171      109      341      402      277      293      303      194      370      269      322      386      182      0        78       154      104      280      141      305      219      234      359      366      316      352      364      493      325      181      421      199      378      
22       1850     106      105      171      277      287      306      191      117      72       337      349      282      215      243      142      369      284      277      372      109      78       0        155      138      274      186      323      247      254      328      309      238      279      293      439      310      205      372      127      380      
23       2840     117      61       125      122      135      293      151      110      90       187      284      127      312      211      116      217      129      195      231      170      154      155      0        67       126      93       168      103      101      214      259      306      296      301      372      171      63       293      172      227      
24       3030     58       38       60       157      161      349      207      149      100      242      350      176      332      269      164      269      165      262      292      195      104      138      67       0        184      49       200      115      130      281      322      338      344      352      438      234      77       360      204      277      
25       3600     240      187      229      72       96       287      173      188      203      62       232      37       383      212      176      95       73       151      107      251      280      274      126      184      0        182      96       118      89       123      228      359      313      311      304      54       121      225      244      106      
26       3520     92       87       48       137      134      386      243      193      148      233      375      164      381      304      204      255      144      286      289      243      141      186      93       49       182      0        174      85       108      293      352      385      385      392      461      236      61       381      250      261      
27       4400     257      220      222      46       40       383      264      262      258      94       324      60       465      307      256      98       38       246      154      327      305      323      168      200      96       174      0        89       70       208      323      447      408      406      390      133      123      314      323      98       
28       3870     170      141      133      55       49       374      238      212      190      156      340      89       415      293      213      174      61       252      216      273      219      247      103      115      118      85       89       0        29       239      326      407      386      389      419      172      41       339      274      179      
29       3830     187      150      157      29       33       355      222      205      192      128      315      60       409      274      203      148      36       228      187      268      234      254      101      130      89       108      70       29       0        212      304      397      370      372      392      143      52       312      267      153      
30       3490     330      270      336      195      218      206      157      215      258      121      121      157      363      156      192      143      195      74       89       263      359      328      214      281      123      293      208      239      212      0        135      323      249      241      183      74       235      106      248      156      
31       2560     353      295      382      297      321      71       120      195      256      249      47       265      262      66       171      276      300      77       225      210      366      309      259      322      228      352      323      326      304      135      0        211      122      110      131      198      306      81       190      290      
32       700      334      299      391      406      427      155      186      196      238      407      256      388      58       167      194      440      412      248      406      143      316      238      306      338      359      385      447      407      397      323      211      0        98       116      321      358      370      292      135      454      
33       1590     356      309      403      372      395      58       148      195      253      350      164      347      154      101      181      381      377      177      338      170      352      279      296      344      313      385      408      386      370      249      122      98       0        18       223      299      356      200      153      395      
34       1770     367      317      411      372      396      41       152      204      263      345      149      346      173      99       188      376      377      170      330      183      364      293      301      352      311      392      406      389      372      241      110      116      18       0        205      293      360      185      165      389      
35       3760     476      416      497      377      400      166      249      324      383      300      90       340      377      198      299      315      377      176      252      341      493      439      372      438      304      461      390      419      392      183      131      321      223      205      0        257      408      80       322      326      
36       3700     288      232      282      122      144      264      175      209      237      52       193      85       389      198      192      83       122      123      62       268      325      310      171      234      54       236      133      172      143      74       198      358      299      293      257      0        175      180      258      96       
37       3470     134      100      109      81       84       348      208      174      148      172      325      104      375      266      178      196      88       235      227      233      181      205      63       77       121      61       123      41       52       235      306      370      356      360      408      175      0        328      236      203      
38       3370     400      340      419      298      321      144      181      255      312      226      36       261      343      141      230      245      299      99       184      282      421      372      293      360      225      381      314      339      312      106      81       292      200      185      80       180      328      0        263      257      
39       1160     206      166      258      280      299      179      91       62       105      300      235      268      141      124      68       335      286      181      315      19       199      127      172      204      244      250      323      274      267      248      190      135      153      165      322      258      236      263      0        347      
40       4620     335      287      310      123      133      358      269      294      309      47       277      101      483      294      279      13       117      218      74       356      378      380      227      277      106      261      98       179      153      156      290      454      395      389      326      96       203      257      347      0        
;

