

sets
i        orders          /0*5/
k        routes          /1*5/
p        positions       /0*5/
;

alias(i,j)
alias(i,h)
alias(i,hh)
alias(i,jj)
alias(k,kk)
                            Parameters

rho(i)	Processing time
/
0	0
1	89
2	86
3	74
4	89
5	30
/

gamma(i)	Duedate
/
0	0
1	45
2	31
3	67
4	18
5	76
/

sigma(i)	Size
/
0	0
1	1
2	1
3	8
4	4
5	9
/

epsilon(i)	Priority
/
0	0
1	6
2	7
3	9
4	5
5	9
/

psi	Vehicle Capacity
/ 24 /
;

Table kappa(i,j)                 Setup
         0        1        2        3        4        5        
0        0        17       42       39       36       29       
1        17       0        25       23       22       12       
2        42       25       0        7        21       14       
3        39       23       7        0        26       13       
4        36       22       21       26       0        16       
5        29       12       14       13       16       0        
;



Table delta(i,j)                 Distance
         0        1        2        3        4        5        
0        0        111      73       146      132      57       
1        111      0        41       45       21       111      
2        73       41       0        73       61       71       
3        146      45       73       0        32       130      
4        132      21       61       32       0        129      
5        57       111      71       130      129      0        
;

