

sets
i        orders          /0*40/
k        routes          /1*40/
p        positions       /0*40/
;

alias(i,j)
alias(i,h)
alias(i,hh)
alias(i,jj)
alias(k,kk)
                            Parameters

rho(i)	Processing time
/
0	0
1	86
2	38
3	4
4	97
5	11
6	35
7	4
8	89
9	30
10	47
11	64
12	42
13	61
14	4
15	12
16	31
17	36
18	96
19	71
20	63
21	89
22	54
23	24
24	73
25	22
26	12
27	66
28	30
29	57
30	98
31	11
32	78
33	94
34	15
35	12
36	93
37	28
38	55
39	13
40	81
/

gamma(i)	Duedate
/
0	0
1	25
2	86
3	96
4	93
5	9
6	85
7	54
8	76
9	15
10	10
11	76
12	6
13	43
14	76
15	90
16	19
17	22
18	32
19	46
20	27
21	12
22	23
23	4
24	50
25	86
26	98
27	4
28	42
29	29
30	38
31	66
32	66
33	11
34	50
35	42
36	29
37	18
38	71
39	85
40	10
/

sigma(i)	Size
/
0	0
1	5
2	6
3	4
4	2
5	1
6	1
7	9
8	3
9	4
10	5
11	3
12	4
13	9
14	3
15	6
16	7
17	9
18	9
19	3
20	6
21	9
22	8
23	2
24	9
25	2
26	5
27	6
28	4
29	5
30	6
31	3
32	6
33	4
34	7
35	3
36	5
37	2
38	1
39	6
40	6
/

epsilon(i)	Priority
/
0	0
1	9
2	5
3	3
4	3
5	6
6	7
7	6
8	3
9	2
10	9
11	3
12	4
13	3
14	2
15	7
16	1
17	7
18	3
19	4
20	9
21	5
22	3
23	1
24	1
25	6
26	3
27	8
28	2
29	5
30	4
31	8
32	8
33	1
34	7
35	2
36	1
37	3
38	9
39	5
40	8
/

psi	Vehicle Capacity
/ 59 /
;

Table kappa(i,j)                 Setup
         0        1        2        3        4        5        6        7        8        9        10       11       12       13       14       15       16       17       18       19       20       21       22       23       24       25       26       27       28       29       30       31       32       33       34       35       36       37       38       39       40       
0        0        546      1144     545      1138     209      922      673      1252     1969     642      549      1426     774      615      1830     976      392      1329     802      913      910      650      679      1018     1037     809      1304     630      1828     1431     1253     1617     1641     1306     418      706      1334     1421     1507     676      
1        546      0        1095     305      1207     372      929      1203     1345     2375     553      660      1660     1311     737      2227     1379     645      1806     1333     1459     1413     1191     1037     1143     1440     970      1321     581      2118     1807     1790     1628     1676     1536     908      1248     1847     1967     2017     1203     
2        1144     1095     0        794      252      1004     226      1329     361      1748     557      597      815      1698     540      1601     1015     770      1505     1746     1717     1333     1382     808      352      1045     452      245      545      1283     1215     2102     534      588      720      1070     1612     1682     2110     1799     1309     
3        545      305      794      0        903      337      624      1099     1041     2135     248      388      1373     1303     458      1985     1159     438      1622     1336     1415     1264     1107     814      845      1217     683      1016     279      1839     1562     1777     1325     1372     1249     782      1228     1698     1908     1860     1093     
4        1138     1207     252      903      0        1037     281      1189     139      1495     654      603      567      1586     528      1348     803      746      1278     1637     1577     1151     1252     660      150      825      341      186      626      1042     965      1956     481      503      468      972      1501     1469     1934     1576     1167     
5        209      372      1004     337      1037     0        793      832      1164     2036     467      434      1400     980      512      1891     1035     333      1441     1009     1109     1042     824      704      937      1096     735      1189     464      1833     1478     1458     1505     1537     1277     536      909      1475     1612     1645     831      
6        922      929      226      624      281      793      0        1118     421      1693     376      373      811      1477     313      1543     863      544      1363     1525     1504     1146     1168     611      270      901      259      399      352      1291     1134     1890     714      754      697      849      1391     1520     1914     1649     1100     
7        673      1203     1329     1099     1189     832      1118     0        1243     1414     1054     846      1180     425      852      1293     558      692      704      478      388      274      80       529      1039     600      878      1375     1016     1444     963      772      1635     1627     1094     319      349      666      822      841      25       
8        1252     1345     361      1041     139      1164     421      1243     0        1404     793      730      458      1652     652      1260     805      861      1253     1705     1627     1174     1311     721      234      817      444      181      763      922      899      1999     393      397      377      1053     1568     1459     1954     1552     1220     
9        1969     2375     1748     2135     1495     2036     1693     1414     1404     0        1941     1748     950      1740     1686     151      1001     1729     735      1785     1563     1142     1485     1338     1428     939      1492     1577     1895     598      574      1740     1582     1515     1029     1556     1699     915      1480     816      1395     
10       642      553      557      248      654      467      376      1054     793      1941     0        221      1138     1331     260      1789     998      363      1484     1371     1408     1170     1079     665      602      1051     458      771      46       1610     1367     1787     1083     1127     1016     739      1249     1591     1876     1743     1042     
11       549      660      597      388      603      434      373      846      730      1748     221      0        1001     1153     80       1597     785      180      1266     1196     1212     950      878      446      506      840      313      759      177      1458     1174     1595     1075     1105     877      539      1069     1370     1667     1523     832      
12       1426     1660     815      1373     567      1400     811      1180     458      950      1138     1001     0        1605     923      811      631      1068     940      1659     1522     1016     1259     763      544      607      690      627      1098     479      499      1857     667      613      124      1107     1529     1176     1741     1229     1155     
13       774      1311     1698     1303     1586     980      1477     425      1652     1740     1331     1153     1605     0        1181     1637     979      976      1005     53       210      634      348      931      1438     1016     1258     1772     1301     1847     1354     479      2046     2042     1519     628      85       869      689      1029     450      
14       615      737      540      458      528      512      313      852      652      1686     260      80       923      1181     0        1535     738      230      1227     1226     1227     933      890      410      426      791      233      689      214      1383     1112     1612     1002     1030     799      557      1096     1344     1668     1492     836      
15       1830     2227     1601     1985     1348     1891     1543     1293     1260     151      1789     1597     811      1637     1535     0        857      1581     638      1683     1468     1024     1366     1191     1278     795      1340     1435     1744     504      423      1671     1454     1389     884      1419     1591     842      1430     769      1273     
16       976      1379     1015     1159     803      1035     863      558      805      1001     998      785      631      979      738      857      0        736      501      1032     890      389      638      346      667      61       608      971      952      898      455      1234     1172     1147     561      576      907      667      1153     787      533      
17       392      645      770      438      746      333      544      692      861      1729     363      180      1068     976      230      1581     736      0        1185     1019     1045     830      715      391      627      795      419      914      329      1501     1162     1425     1226     1249     945      375      893      1261     1513     1422     681      
18       1329     1806     1505     1622     1278     1441     1363     704      1253     735      1484     1266     940      1005     1227     638      501      1185     0        1050     830      432      767      819      1153     462      1109     1430     1439     958      480      1048     1580     1539     927      913      966      246      847      298      689      
19       802      1333     1746     1336     1637     1009     1525     478      1705     1785     1371     1196     1659     53       1226     1683     1032     1019     1050     0        237      685      402      983      1489     1069     1308     1824     1343     1899     1405     458      2098     2095     1573     676      136      906      690      1064     504      
20       913      1459     1717     1415     1577     1109     1504     388      1627     1563     1408     1212     1522     210      1227     1468     890      1045     830      237      0        511      337      918      1427     917      1267     1762     1374     1718     1218     385      2017     2005     1448     673      227      672      509      826      410      
21       910      1413     1333     1264     1151     1042     1146     274      1174     1142     1170     950      1016     634      933      1024     389      830      432      685      511      0        343      537      1004     408      888      1329     1127     1214     719      844      1553     1532     951      505      576      435      782      603      257      
22       650      1191     1382     1107     1252     824      1168     80       1311     1485     1079     878      1259     348      890      1366     638      715      767      402      337      343      0        592      1102     680      934      1438     1043     1524     1041     723      1704     1697     1171     340      270      709      802      884      105      
23       679      1037     808      814      660      704      611      529      721      1338     665      446      763      931      410      1191     346      391      819      983      918      537      592      0        510      405      356      846      619      1148     774      1299     1115     1114     651      350      846      935      1304     1081     507      
24       1018     1143     352      845      150      937      270      1039     234      1428     602      506      544      1438     426      1278     667      627      1153     1489     1427     1004     1102     510      0        694      209      335      566      1023     877      1806     618      630      428      828      1353     1335     1787     1448     1017     
25       1037     1440     1045     1217     825      1096     901      600      817      939      1051     840      607      1016     791      795      61       795      462      1069     917      408      680      405      694      0        650      987      1005     848      396      1250     1174     1146     548      635      946      644      1154     754      575      
26       809      970      452      683      341      735      259      878      444      1492     458      313      690      1258     233      1340     608      419      1109     1308     1267     888      934      356      209      650      0        522      415      1156     921      1651     821      838      566      636      1173     1261     1661     1393     858      
27       1304     1321     245      1016     186      1189     399      1375     181      1577     771      759      627      1772     689      1435     971      914      1430     1824     1762     1329     1438     846      335      987      522      0        751      1074     1080     2141     316      355      556      1157     1687     1632     2112     1729     1353     
28       630      581      545      279      626      464      352      1016     763      1895     46       177      1098     1301     214      1744     952      329      1439     1343     1374     1127     1043     619      566      1005     415      751      0        1569     1322     1754     1064     1106     976      703      1219     1547     1838     1699     1003     
29       1828     2118     1283     1839     1042     1833     1291     1444     922      598      1610     1458     479      1847     1383     504      898      1501     958      1899     1718     1214     1524     1148     1023     848      1156     1074     1569     0        500      1995     1015     942      596      1460     1784     1201     1805     1183     1420     
30       1431     1807     1215     1562     965      1478     1134     963      899      574      1367     1174     499      1354     1112     423      455      1162     480      1405     1218     719      1041     774      877      396      921      1080     1322     500      0        1497     1165     1113     527      1031     1294     726      1323     747      939      
31       1253     1790     2102     1777     1956     1458     1890     772      1999     1740     1787     1595     1857     479      1612     1671     1234     1425     1048     458      385      844      723      1299     1806     1250     1651     2141     1754     1995     1497     0        2386     2370     1795     1056     549      829      327      932      792      
32       1617     1628     534      1325     481      1505     714      1635     393      1582     1083     1075     667      2046     1002     1454     1172     1226     1580     2098     2017     1553     1704     1115     618      1174     821      316      1064     1015     1165     2386     0        79       653      1445     1962     1803     2326     1876     1612     
33       1641     1676     588      1372     503      1537     754      1627     397      1515     1127     1105     613      2042     1030     1389     1147     1249     1539     2095     2005     1532     1697     1114     630      1146     838      355      1106     942      1113     2370     79       0        612      1450     1959     1766     2299     1834     1603     
34       1306     1536     720      1249     468      1277     697      1094     377      1029     1016     877      124      1519     799      884      561      945      927      1573     1448     951      1171     651      428      548      566      556      976      596      527      1795     653      612      0        999      1441     1154     1698     1223     1069     
35       418      908      1070     782      972      536      849      319      1053     1556     739      539      1107     628      557      1419     576      375      913      676      673      505      340      350      828      635      636      1157     703      1460     1031     1056     1445     1450     999      0        542      938      1138     1109     311      
36       706      1248     1612     1228     1501     909      1391     349      1568     1699     1249     1069     1529     85       1096     1591     907      893      966      136      227      576      270      846      1353     946      1173     1687     1219     1784     1294     549      1962     1959     1441     542      0        848      732      1014     374      
37       1334     1847     1682     1698     1469     1475     1520     666      1459     915      1591     1370     1176     869      1344     842      667      1261     246      906      672      435      709      935      1335     644      1261     1632     1547     1201     726      829      1803     1766     1154     938      848      0        604      175      658      
38       1421     1967     2110     1908     1934     1612     1914     822      1954     1480     1876     1667     1741     689      1668     1430     1153     1513     847      690      509      782      802      1304     1787     1154     1661     2112     1838     1805     1323     327      2326     2299     1698     1138     732      604      0        664      834      
39       1507     2017     1799     1860     1576     1645     1649     841      1552     816      1743     1523     1229     1029     1492     769      787      1422     298      1064     826      603      884      1081     1448     754      1393     1729     1699     1183     747      932      1876     1834     1223     1109     1014     175      664      0        833      
40       676      1203     1309     1093     1167     831      1100     25       1220     1395     1042     832      1155     450      836      1273     533      681      689      504      410      257      105      507      1017     575      858      1353     1003     1420     939      792      1612     1603     1069     311      374      658      834      833      0        
;



Table delta(i,j)                 Distance
         0        1        2        3        4        5        6        7        8        9        10       11       12       13       14       15       16       17       18       19       20       21       22       23       24       25       26       27       28       29       30       31       32       33       34       35       36       37       38       39       40       
0        0        111      301      67       138      270      87       290      336      80       285      271      186      288      184      166      409      290      340      58       400      77       232      70       256      143      308      243      80       193      240      42       327      190      337      230      256      168      45       170      150      
1        111      0        190      49       113      160      178      234      236      189      219      203      80       201      148      86       298      243      229      88       290      152      173      105      230      157      205      208      158      85       161      76       231      83       228      161      246      90       107      59       152      
2        301      190      0        237      245      45       362      249      122      379      216      211      124      159      244      174      112      271      43       269      106      331      214      282      296      300      97       270      337      115      169      264      137      120      69       195      328      176      292      131      285      
3        67       49       237      0        130      203      147      269      268      148      228      242      129      247      173      127      342      275      277      70       333      103      176      91       217      159      255      198      109      125      177      47       279      133      269      200      226      104      81       107      159      
4        138      113      245      130      0        233      143      153      327      180      331      137      124      168      46       70       357      152      272      79       351      212      286      72       341      55       211      321      217      179      271      101      216      127      303      100      354      204      97       140      42       
5        270      160      45       203      233      0        337      265      101      349      175      225      109      181      240      164      139      285      88       244      130      292      169      259      251      288      129      225      299      78       124      236      170      105      70       202      283      132      266      102      275      
6        87       178      362      147      143      337      0        287      413      47       372      278      239      312      182      201      473      280      396      93       466      146      318      81       342      114      348      329      146      264      324      103      358      243      407      243      339      251      71       234      130      
7        290      234      249      269      153      265      287      0        366      329      418      39       184      94       107      148      340      23       252      232      341      363      387      224      457      173      164      433      367      254      357      251      138      185      319      74       477      308      250      220      156      
8        336      236      122      268      327      101      413      366      0        416      128      327      206      279      340      262      126      386      145      324      113      337      154      341      225      381      219      204      343      152      114      309      260      203      61       304      261      171      343      188      369      
9        80       189      379      148      180      349      47       329      416      0        360      317      259      346      222      229      487      323      416      114      479      115      306      110      319      158      376      309      113      273      319      114      390      263      417      280      312      248      90       248      173      
10       285      219      216      228      331      175      372      418      128      360      0        380      234      347      359      282      254      434      253      297      241      259      54       317      99       376      304      81       264      164      61       275      345      233      180      346      135      128      309      201      370      
11       271      203      211      242      137      225      278      39       327      317      380      0        147      59       96       116      304      60       215      213      304      339      350      209      422      170      128      397      345      216      319      230      109      147      280      42       443      272      234      184      151      
12       186      80       124      129      124      109      239      184      206      259      234      147      0        129      134      56       236      199      157      146      230      232      202      157      275      178      125      250      238      69       172      146      152      4        179      111      298      126      170      37       165      
13       288      201      159      247      168      181      312      94       279      346      347      59       129      0        138      122      246      117      158      234      247      349      324      235      401      212      70       375      355      190      287      246      51       127      228      71       426      253      257      165      193      
14       184      148      244      173      46       240      182      107      340      222      359      96       134      138      0        78       352      106      264      125      349      259      318      117      379      74       192      356      263      199      298      147      189      137      307      67       393      235      143      160      55       
15       166      86       174      127      70       164      201      148      262      229      282      116      56       122      78       0        286      158      202      115      281      228      244      120      311      125      148      287      233      120      221      124      161      59       233      74       330      163      139      81       111      
16       409      298      112      342      357      139      473      340      126      487      254      304      236      246      352      286      0        363      89       380      13       429      274      393      349      411      176      326      436      216      229      374      206      232      80       297      385      264      403      239      396      
17       290      243      271      275      152      285      280      23       386      323      434      60       199      117      106      158      363      0        275      232      364      365      401      222      469      166      187      445      369      269      372      253      162      200      341      88       488      320      249      235      150      
18       340      229      43       277      272      88       396      252      145      416      253      215      157      158      264      202      89       275      0        304      89       373      255      315      336      326      88       311      379      158      209      302      123      153      84       207      369      219      328      169      310      
19       58       88       269      70       79       244      93       232      324      114      297      213      146      234      125      115      380      232      304      0        373      134      246      20       286      92       262      269      138      173      243      26       276      150      314      173      293      170      24       141      96       
20       400      290      106      333      351      130      466      341      113      479      241      304      230      247      349      281      13       364      89       373      0        419      261      386      337      407      177      314      426      207      216      366      209      226      68       295      372      253      395      231      392      
21       77       152      331      103      212      292      146      363      337      115      259      339      232      349      259      228      429      365      373      134      419      0        205      147      205      220      358      198      6        215      228      111      382      235      352      297      197      167      122      206      228      
22       232      173      214      176      286      169      318      387      154      306      54       350      202      324      318      244      274      401      255      246      261      205      0        266      82       329      291      56       210      134      46       223      329      202      195      313      114      82       257      166      324      
23       70       105      282      91       72       259      81       224      341      110      317      209      157      235      117      120      393      222      315      20       386      147      266      0        307      74       268      289      151      189      263      46       279      162      329      170      313      190      26       156      80       
24       256      230      296      217      341      251      342      457      225      319      99       422      275      401      379      311      349      469      336      286      337      205      82       307      0        376      372      26       208      211      127      261      410      276      273      383      36       149      291      238      375      
25       143      157      300      159      55       288      114      173      381      158      376      170      178      212      74       125      411      166      326      92       407      220      329      74       376      0        261      357      223      230      318      118      262      182      358      140      385      248      98       192      18       
26       308      205      97       255      211      129      348      164      219      376      304      128      125      70       192      148      176      187      88       262      177      358      291      268      372      261      0        346      364      164      249      267      41       122      164      128      400      232      286      155      244      
27       243      208      270      198      321      225      329      433      204      309      81       397      250      375      356      287      326      445      311      269      314      198      56       289      26       357      346      0        202      185      101      244      384      250      249      359      59       125      275      213      356      
28       80       158      337      109      217      299      146      367      343      113      264      345      238      355      263      233      436      369      379      138      426      6        210      151      208      223      364      202      0        222      234      116      388      242      358      303      199      174      125      213      231      
29       193      85       115      125      179      78       264      254      152      273      164      216      69       190      199      120      216      269      158      173      207      215      134      189      211      230      164      185      222      0        102      161      200      69       144      181      237      67       193      39       221      
30       240      161      169      177      271      124      324      357      114      319      61       319      172      287      298      221      229      372      209      243      216      228      46       263      127      318      249      101      234      102      0        223      289      171      149      284      160      73       258      139      312      
31       42       76       264      47       101      236      103      251      309      114      275      230      146      246      147      124      374      253      302      26       366      111      223      46       261      118      267      244      116      161      223      0        285      150      305      188      267      149      34       134      122      
32       327      231      137      279      216      170      358      138      260      390      345      109      152      51       189      161      206      162      123      276      209      382      329      279      410      262      41       384      388      200      289      285      0        149      203      122      438      267      300      185      244      
33       190      83       120      133      127      105      243      185      203      263      233      147      4        127      137      59       232      200      153      150      226      235      202      162      276      182      122      250      242      69       171      150      149      0        175      112      299      126      174      38       169      
34       337      228      69       269      303      70       407      319      61       417      180      280      179      228      307      233      80       341      84       314      68       352      195      329      273      358      164      249      358      144      149      305      203      175      0        263      308      185      336      173      344      
35       230      161      195      200      100      202      243      74       304      280      346      42       111      71       67       74       297      88       207      173      295      297      313      170      383      140      128      359      303      181      284      188      122      112      263      0        403      234      194      147      122      
36       256      246      328      226      354      283      339      477      261      312      135      443      298      426      393      330      385      488      369      293      372      197      114      313      36       385      400      59       199      237      160      267      438      299      308      403      0        173      295      261      385      
37       168      90       176      104      204      132      251      308      171      248      128      272      126      253      235      163      264      320      219      170      253      167      82       190      149      248      232      125      174      67       73       149      267      126      185      234      173      0        184      88       243      
38       45       107      292      81       97       266      71       250      343      90       309      234      170      257      143      139      403      249      328      24       395      122      257      26       291      98       286      275      125      193      258      34       300      174      336      194      295      184      0        163      106      
39       170      59       131      107      140      102      234      220      188      248      201      184      37       165      160      81       239      235      169      141      231      206      166      156      238      192      155      213      213      39       139      134      185      38       173      147      261      88       163      0        182      
40       150      152      285      159      42       275      130      156      369      173      370      151      165      193      55       111      396      150      310      96       392      228      324      80       375      18       244      356      231      221      312      122      244      169      344      122      385      243      106      182      0        
;

