

sets
i        orders          /0*40/
k        routes          /1*40/
p        positions       /0*40/
;

alias(i,j)
alias(i,h)
alias(i,hh)
alias(i,jj)
alias(k,kk)
                            Parameters

rho(i)	Processing time
/
0	0
1	74
2	25
3	59
4	30
5	70
6	95
7	78
8	64
9	38
10	67
11	79
12	51
13	55
14	52
15	37
16	17
17	78
18	42
19	76
20	98
21	15
22	34
23	71
24	25
25	8
26	52
27	25
28	50
29	43
30	57
31	99
32	59
33	47
34	48
35	69
36	11
37	78
38	41
39	59
40	93
/

gamma(i)	Duedate
/
0	0
1	53
2	58
3	79
4	70
5	46
6	48
7	87
8	10
9	39
10	84
11	59
12	86
13	43
14	74
15	12
16	55
17	78
18	91
19	42
20	3
21	42
22	68
23	47
24	23
25	89
26	7
27	34
28	89
29	98
30	79
31	70
32	62
33	36
34	66
35	85
36	11
37	16
38	72
39	76
40	97
/

sigma(i)	Size
/
0	0
1	5
2	8
3	7
4	6
5	5
6	4
7	7
8	5
9	7
10	8
11	5
12	9
13	7
14	2
15	5
16	9
17	3
18	1
19	1
20	5
21	2
22	1
23	7
24	5
25	1
26	3
27	9
28	8
29	8
30	8
31	8
32	8
33	4
34	6
35	8
36	7
37	2
38	5
39	3
40	9
/

epsilon(i)	Priority
/
0	0
1	4
2	4
3	9
4	3
5	9
6	7
7	2
8	6
9	2
10	6
11	4
12	6
13	3
14	1
15	9
16	2
17	4
18	3
19	2
20	1
21	4
22	3
23	7
24	9
25	7
26	1
27	2
28	8
29	4
30	1
31	5
32	1
33	5
34	1
35	7
36	9
37	9
38	1
39	3
40	8
/

psi	Vehicle Capacity
/ 46 /
;

Table kappa(i,j)                 Setup
         0        1        2        3        4        5        6        7        8        9        10       11       12       13       14       15       16       17       18       19       20       21       22       23       24       25       26       27       28       29       30       31       32       33       34       35       36       37       38       39       40       
0        0        1060     1057     1004     1219     544      741      966      1278     510      1672     1714     792      1225     601      1305     1082     1262     942      1333     854      1055     405      1079     1411     1062     1492     1302     1697     1465     316      877      608      871      1201     754      231      741      767      1124     1074     
1        1060     0        1555     905      984      950      324      704      776      1505     1720     914      1400     1354     909      1116     1689     1294     1447     1617     512      243      908      1883     928      1283     953      1233     1874     1258     1243     966      573      1502     899      484      1224     561      678      1849     1314     
2        1057     1555     0        1973     865      655      1374     925      1134     827      773      1628     268      470      1617     829      179      584      121      349      1055     1706     774      532      1154     370      1239     703      702      897      1333     616      1458     221      931      1071     881      994      879      404      344      
3        1004     905      1973     0        1739     1330     753      1420     1615     1500     2406     1819     1732     1973     413      1866     2041     1957     1852     2172     1205     684      1200     2081     1775     1843     1818     1939     2502     2028     925      1550     534      1826     1672     1102     1235     1163     1280     2116     1867     
4        1219     984      865      1739     0        699      990      319      293      1354     740      763      886      460      1529     132      1042     359      813      746      534      1210     818      1368     289      495      377      262      917      288      1531     374      1223     954      91       638      1202     585      488      1262     524      
5        544      950      655      1330     699      0        727      512      824      686      1143     1313     455      693      1003     770      758      720      536      847      512      1069     147      935      930      538      1018     759      1195     926      860      337      806      558      698      477      503      412      346      901      556      
6        741      324      1374     753      990      727      0        672      867      1204     1681     1145     1181     1268     634      1118     1486     1235     1258     1500     455      347      649      1635     1027     1162     1077     1202     1801     1278     919      848      285      1284     920      360      918      430      556      1621     1190     
7        966      704      925      1420     319      512      672      0        316      1198     1024     802      850      652      1217     446      1086     591      838      924      217      914      590      1358     445      601      525      538      1171     608      1266     310      905      941      260      318      996      270      199      1283     633      
8        1278     776      1134     1615     293      824      867      316      0        1509     1006     506      1114     753      1470     401      1308     652      1068     1039     453      1016     907      1614     160      771      220      549      1198     505      1572     563      1136     1194     209      569      1313     550      512      1521     801      
9        510      1505     827      1500     1354     686      1204     1198     1509     0        1575     1999     583      1175     1089     1396     769      1254     747      1168     1171     1540     636      630      1608     1010     1697     1336     1529     1530     631      980      1114     606      1370     1103     290      1059     1024     722      1006     
10       1672     1720     773      2406     740      1143     1681     1024     1006     1575     0        1348     992      449      2130     612      909      448      830      426      1238     1938     1290     1264     914      610      961      487      233      511      1982     858      1873     984      830      1320     1557     1251     1129     1112     599      
11       1714     914      1628     1819     763      1313     1145     802      506      1999     1348     0        1620     1210     1779     826      1804     1097     1569     1488     860      1142     1378     2118     479      1258     403      977      1569     850      1984     1070     1430     1699     698      961      1783     974      978      2021     1287     
12       792      1400     268      1732     886      455      1181     850      1114     583      992      1620     0        606      1364     890      311      699      166      589      929      1524     546      508      1170     451      1260     799      954      999      1064     552      1230     102      931      919      613      847      750      450      440      
13       1225     1354     470      1973     460      693      1268     652      753      1175     449      1210     606      0        1683     384      646      117      470      286      848      1553     840      1002     730      169      808      241      533      427      1537     423      1438     633      544      913      1122     839      712      872      168      
14       601      909      1617     413      1529     1003     634      1217     1470     1089     2130     1779     1364     1683     0        1645     1667     1687     1498     1850     1022     767      861      1680     1627     1538     1688     1691     2198     1811     519      1274     348      1452     1477     907      830      946      1042     1725     1558     
15       1305     1116     829      1866     132      770      1118     446      401      1396     612      826      890      384      1645     0        1008     270      795      661      663      1342     900      1349     348      462      424      153      797      166      1619     433      1346     947      219      763      1268     706      602      1232     486      
16       1082     1689     179      2041     1042     758      1486     1086     1308     769      909      1804     311      646      1667     1008     0        761      248      484      1199     1825     857      362      1331     549      1418     882      801      1074     1332     775      1542     215      1106     1204     882      1129     1021     225      522      
17       1262     1294     584      1957     359      720      1235     591      652      1254     448      1097     699      117      1687     270      761      0        574      391      798      1503     865      1115     618      248      694      123      579      312      1577     413      1424     735      447      875      1178     804      680      987      260      
18       942      1447     121      1852     813      536      1258     838      1068     747      830      1569     166      470      1498     795      248      574      0        423      953      1592     653      555      1102     335      1191     685      788      884      1224     527      1338     162      871      962      774      886      775      452      316      
19       1333     1617     349      2172     746      847      1500     924      1039     1168     426      1488     589      286      1850     661      484      391      423      0        1106     1804     989      843      1010     339      1084     510      367      668      1629     657      1640     566      831      1157     1187     1080     953      695      310      
20       854      512      1055     1205     534      512      455      217      453      1171     1238     860      929      848      1022     663      1199     798      953      1106     0        706      535      1431     607      770      673      753      1375     823      1132     454      698      1028     467      116      931      115      179      1377     802      
21       1055     243      1706     684      1210     1069     347      914      1016     1540     1938     1142     1524     1553     767      1342     1825     1503     1592     1804     706      0        996      1983     1170     1465     1196     1450     2081     1489     1179     1147     478      1627     1128     647      1250     725      851      1967     1495     
22       405      908      774      1200     818      147      649      590      907      636      1290     1378     546      840      861      900      857      865      653      989      535      996      0        986      1028     685      1113     899      1340     1060     721      472      686      646      806      470      406      422      400      975      702      
23       1079     1883     532      2081     1368     935      1635     1358     1614     630      1264     2118     508      1002     1680     1349     362      1115     555      843      1431     1983     986      0        1657     887      1745     1232     1135     1428     1259     1056     1629     420      1422     1411     850      1342     1253     156      865      
24       1411     928      1154     1775     289      930      1027     445      160      1608     914      479      1170     730      1627     348      1331     618      1102     1010     607      1170     1028     1657     0        783      90       501      1122     403      1711     635      1295     1241     241      723      1429     698      645      1551     811      
25       1062     1283     370      1843     495      538      1162     601      771      1010     610      1258     451      169      1538     462      549      248      335      339      770      1465     685      887      783      0        869      351      660      551      1372     319      1310     492      564      818      954      741      614      771      32       
26       1492     953      1239     1818     377      1018     1077     525      220      1697     961      403      1260     808      1688     424      1418     694      1191     1084     673      1196     1113     1745     90       869      0        574      1176     453      1789     726      1350     1331     332      789      1515     770      724      1639     896      
27       1302     1233     703      1939     262      759      1202     538      549      1336     487      977      799      241      1691     153      882      123      685      510      753      1450     899      1232     501      351      574      0        655      199      1618     429      1411     843      353      842      1238     777      660      1107     369      
28       1697     1874     702      2502     917      1195     1801     1171     1198     1529     233      1569     954      533      2198     797      801      579      788      367      1375     2081     1340     1135     1122     660      1176     655      0        722      1996     956      1967     923      1008     1445     1554     1371     1245     979      639      
29       1465     1258     897      2028     288      926      1278     608      505      1530     511      850      999      427      1811     166      1074     312      884      668      823      1489     1060     1428     403      551      453      199      722      0        1781     589      1511     1043     362      926      1418     872      769      1300     568      
30       316      1243     1333     925      1531     860      919      1266     1572     631      1982     1984     1064     1537     519      1619     1332     1577     1224     1629     1132     1179     721      1259     1711     1372     1789     1618     1996     1781     0        1193     700      1131     1508     1024     452      1024     1067     1335     1382     
31       877      966      616      1550     374      337      848      310      563      980      858      1070     552      423      1274     433      775      413      527      657      454      1147     472      1056     635      319      726      429      956      589      1193     0        1016     637      394      499      835      422      296      975      349      
32       608      573      1458     534      1223     806      285      905      1136     1114     1873     1430     1230     1438     348      1346     1542     1424     1338     1640     698      478      686      1629     1295     1310     1350     1411     1967     1511     700      1016     0        1329     1163     587      825      639      750      1642     1334     
33       871      1502     221      1826     954      558      1284     941      1194     606      984      1699     102      633      1452     947      215      735      162      566      1028     1627     646      420      1241     492      1331     843      923      1043     1131     637      1329     0        1005     1020     678      948      848      349      475      
34       1201     899      931      1672     91       698      920      260      209      1370     830      698      931      544      1477     219      1106     447      871      831      467      1128     806      1422     241      564      332      353      1008     362      1508     394      1163     1005     0        576      1201     531      448      1322     594      
35       754      484      1071     1102     638      477      360      318      569      1103     1320     961      919      913      907      763      1204     875      962      1157     116      647      470      1411     723      818      789      842      1445     926      1024     499      587      1020     576      0        850      78       203      1369     848      
36       231      1224     881      1235     1202     503      918      996      1313     290      1557     1783     613      1122     830      1268     882      1178     774      1187     931      1250     406      850      1429     954      1515     1238     1554     1418     452      835      825      678      1201     850      0        816      806      903      960      
37       741      561      994      1163     585      412      430      270      550      1059     1251     974      847      839      946      706      1129     804      886      1080     115      725      422      1342     698      741      770      777      1371     872      1024     422      639      948      531      78       816      0        127      1297     770      
38       767      678      879      1280     488      346      556      199      512      1024     1129     978      750      712      1042     602      1021     680      775      953      179      851      400      1253     645      614      724      660      1245     769      1067     296      750      848      448      203      806      127      0        1198     644      
39       1124     1849     404      2116     1262     901      1621     1283     1521     722      1112     2021     450      872      1725     1232     225      987      452      695      1377     1967     975      156      1551     771      1639     1107     979      1300     1335     975      1642     349      1322     1369     903      1297     1198     0        746      
40       1074     1314     344      1867     524      556      1190     633      801      1006     599      1287     440      168      1558     486      522      260      316      310      802      1495     702      865      811      32       896      369      639      568      1382     349      1334     475      594      848      960      770      644      746      0        
;



Table delta(i,j)                 Distance
         0        1        2        3        4        5        6        7        8        9        10       11       12       13       14       15       16       17       18       19       20       21       22       23       24       25       26       27       28       29       30       31       32       33       34       35       36       37       38       39       40       
0        0        203      145      139      269      26       213      350      258      374      61       38       251      143      232      178      85       353      267      111      219      158      5        249      223      30       257      195      293      120      32       205      328      351      118      249      91       74       444      149      375      
1        203      0        82       305      306      225      118      425      378      344      144      199      115      235      263      274      288      299      67       313      110      82       207      394      87       232      153      25       249      116      194      155      312      371      312      66       122      133      385      249      306      
2        145      82       0        227      233      162      80       348      297      293      85       129      109      153      190      193      229      256      131      247      81       15       149      312      79       175      126      61       198      34       147      97       255      305      240      106      96       93       347      167      270      
3        139      305      227      0        199      114      260      237      130      327      173      116      304      100      181      99       126      326      358      96       271      234      140      111      287      132      290      288      274      192      171      228      281      274      58       329      221      201      406      91       354      
4        269      306      233      199      0        259      197      123      137      130      252      230      230      126      43       101      307      142      323      290      209      226      273      184      235      284      192      280      112      211      297      153      86       82       256      286      300      284      210      123      172      
5        26       225      162      114      259      0        225      333      238      371      81       37       265      133      225      164      68       353      288      87       232      174      25       225      238      24       267      215      293      134      56       211      324      342      92       268      117      99       443      137      376      
6        213      118      80       260      197      225      0        320      294      226      158      188      44       165      158      195      293      183      125      303      12       64       218      322      38       242      46       93       131      93       222      44       194      255      288      89       176      172      272      179      194      
7        350      425      348      237      123      333      320      0        112      196      350      314      353      213      162      173      363      233      446      333      332      344      353      159      358      356      314      400      226      321      382      275      174      107      295      409      401      383      266      203      261      
8        258      378      297      130      137      238      294      112      0        260      274      226      336      144      150      104      257      279      415      223      307      297      261      51       330      259      306      356      246      264      291      251      221      183      186      380      326      306      338      130      309      
9        374      344      293      327      130      371      226      196      260      0        342      337      237      242      149      228      427      52       335      414      234      281      379      310      258      395      194      319      95       284      398      196      47       89       382      300      380      369      80       244      70       
10       61       144      85       173      252      81       158      350      274      342      0        58       193      137      211      178      146      314      207      169      163      99       65       275      164      91       204      134      254      66       63       157      298      333      169      188      52       32       407      148      333      
11       38       199      129      116      230      37       188      314      226      337      58       0        229      105      193      141      105      317      258      118      196      141      42       222      203      59       230      186      257      99       68       174      290      313      112      236      105      85       408      111      340      
12       251      115      109      304      230      265      44       353      336      237      193      229      0        210      194      238      333      189      98       345      34       94       256      365      32       281      43       95       146      131      256      84       212      280      332      63       202      202      271      223      192      
13       143      235      153      100      126      133      165      213      144      242      137      105      210      0        93       41       184      232      276      173      177      155      147      160      197      157      191      213      177      120      172      129      195      209      145      244      189      170      318      14       259      
14       232      263      190      181      43       225      158      162      150      149      211      193      194      93       0        81       278      145      284      265      170      183      236      191      196      249      159      238      99       167      258      113      101      122      233      247      257      241      226      94       174      
15       178      274      193      99       101      164      195      173      104      228      178      141      238      41       81       0        207      227      312      188      207      193      182      127      229      188      213      251      178      160      209      154      181      181      154      278      230      211      307      30       256      
16       85       288      229      126      307      68       293      363      257      427      146      105      333      184      278      207      0        414      352      42       300      242      81       231      306      55       335      280      355      202      97       278      379      388      74       334      170      156      502      184      438      
17       353      299      256      326      142      353      183      233      279      52       314      317      189      232      145      227      414      0        285      406      190      243      358      326      212      376      147      275      60       252      373      160      60       129      377      252      348      338      92       237      30       
18       267      67       131      358      323      288      125      446      415      335      207      258      98       276      284      312      352      285      0        375      113      124      271      437      87       297      142      72       244      166      260      170      310      377      371      36       190      199      363      290      286      
19       111      313      247      96       290      87       303      333      223      414      169      118      345      173      265      188      42       406      375      0        312      259      108      193      321      85       342      302      350      217      131      282      367      368      37       353      202      185      491      170      432      
20       219      110      81       271      209      232      12       332      307      234      163      196      34       177      170      207      300      190      113      312      0        66       224      335      26       249      47       85       139      99       226      57       203      266      298      77       177      174      277      191      198      
21       158      82       15       234      226      174      64       344      297      281      99       141      94       155      183      193      242      243      124      259      66       0        163      315      64       189      111      58       186      42       162      84       243      296      250      96       111      108      334      169      256      
22       5        207      149      140      273      25       218      353      261      379      65       42       256      147      236      182      81       358      271      108      224      163      0        250      227      26       262      199      297      125      31       210      333      356      117      253      93       76       449      153      380      
23       249      394      312      111      184      225      322      159      51       310      275      222      365      160      191      127      231      326      437      193      335      315      250      0        356      243      339      373      289      278      281      281      269      234      157      404      326      306      389      146      356      
24       223      87       79       287      235      238      38       358      330      258      164      203      32       197      196      229      306      212      87       321      26       64       227      356      0        253      66       64       164      104      226      82       228      292      309      51       170      170      298      211      219      
25       30       232      175      132      284      24       242      356      259      395      91       59       281      157      249      188      55       376      297      85       249      189      26       243      253      0        286      225      316      150      46       232      348      366      100      279      117      101      467      161      399      
26       257      153      126      290      192      267      46       314      306      194      204      230      43       191      159      213      335      147      142      342      47       111      262      339      66       286      0        130      102      138      267      62       168      237      323      106      222      218      232      203      153      
27       195      25       61       288      280      215      93       400      356      319      134      186      95       213      238      251      280      275      72       302      85       58       199      373      64       225      130      0        224      96       189      130      286      345      298      57       122      128      362      227      283      
28       293      249      198      274      112      293      131      226      246      95       254      257      146      177      99       178      355      60       244      350      139      186      297      289      164      316      102      224      0        192      313      101      66       137      322      209      288      278      153      183      83       
29       120      116      34       192      211      134      93       321      264      284      66       99       131      120      167      160      202      252      166      217      99       42       125      278      104      150      138      96       192      0        129      93       243      287      207      139      96       85       345      134      270      
30       32       194      147      171      297      56       222      382      291      398      63       68       256      172      258      209      97       373      260      131      226      162      31       281      226      46       267      189      313      129      0        220      352      379      145      246      73       61       465      180      394      
31       205      155      97       228      153      211      44       275      251      196      157      174      84       129      113      154      278      160      170      282      57       84       210      281      82       232      62       130      101      93       220      0        159      215      262      134      187      178      252      141      176      
32       328      312      255      281      86       324      194      174      221      47       298      290      212      195      101      181      379      60       310      367      203      243      333      269      228      348      168      286      66       243      352      159      0        74       335      275      338      326      125      196      89       
33       351      371      305      274      82       342      255      107      183      89       333      313      280      209      122      181      388      129      377      368      266      296      356      234      292      366      237      345      137      287      379      215      74       0        332      341      379      364      160      205      155      
34       118      312      240      58       256      92       288      295      186      382      169      112      332      145      233      154      74       377      371      37       298      250      117      157      309      100      323      298      322      207      145      262      335      332      0        346      210      191      460      139      404      
35       249      66       106      329      286      268      89       409      380      300      188      236      63       244      247      278      334      252      36       353      77       96       253      404      51       279      106      57       209      139      246      134      275      341      346      0        180      186      332      258      254      
36       91       122      96       221      300      117      176      401      326      380      52       105      202      189      257      230      170      348      190      202      177      111      93       326      170      117      222      122      288      96       73       187      338      379      210      180      0        20       440      200      364      
37       74       133      93       201      284      99       172      383      306      369      32       85       202      170      241      211      156      338      199      185      174      108      76       306      170      101      218      128      278      85       61       178      326      364      191      186      20       0        430      181      355      
38       444      385      347      406      210      443      272      266      338      80       407      408      271      318      226      307      502      92       363      491      277      334      449      389      298      467      232      362      153      345      465      252      125      160      460      332      440      430      0        321      79       
39       149      249      167      91       123      137      179      203      130      244      148      111      223      14       94       30       184      237      290      170      191      169      153      146      211      161      203      227      183      134      180      141      196      205      139      258      200      181      321      0        264      
40       375      306      270      354      172      376      194      261      309      70       333      340      192      259      174      256      438      30       286      432      198      256      380      356      219      399      153      283      83       270      394      176      89       155      404      254      364      355      79       264      0        
;

