

sets
i        orders          /0*40/
k        routes          /1*40/
p        positions       /0*40/
;

alias(i,j)
alias(i,h)
alias(i,hh)
alias(i,jj)
alias(k,kk)
                            Parameters

rho(i)	Processing time
/
0	0
1	99
2	29
3	37
4	67
5	50
6	31
7	33
8	26
9	63
10	77
11	4
12	83
13	37
14	31
15	21
16	93
17	6
18	82
19	31
20	23
21	59
22	28
23	84
24	41
25	93
26	40
27	62
28	96
29	84
30	80
31	39
32	35
33	37
34	98
35	41
36	43
37	95
38	69
39	45
40	29
/

gamma(i)	Duedate
/
0	0
1	35
2	27
3	66
4	61
5	84
6	63
7	72
8	43
9	43
10	13
11	93
12	13
13	83
14	31
15	99
16	33
17	8
18	86
19	74
20	68
21	40
22	76
23	5
24	58
25	13
26	76
27	94
28	48
29	4
30	96
31	69
32	79
33	19
34	27
35	57
36	45
37	51
38	64
39	53
40	64
/

sigma(i)	Size
/
0	0
1	8
2	2
3	5
4	8
5	3
6	5
7	5
8	8
9	9
10	1
11	4
12	5
13	7
14	2
15	2
16	7
17	4
18	1
19	7
20	1
21	2
22	1
23	6
24	7
25	3
26	1
27	5
28	8
29	2
30	4
31	3
32	4
33	6
34	2
35	2
36	1
37	4
38	4
39	6
40	5
/

epsilon(i)	Priority
/
0	0
1	1
2	2
3	5
4	4
5	4
6	2
7	3
8	7
9	2
10	2
11	2
12	1
13	8
14	1
15	7
16	3
17	8
18	6
19	7
20	9
21	1
22	3
23	3
24	4
25	4
26	7
27	7
28	2
29	6
30	6
31	2
32	9
33	8
34	7
35	3
36	5
37	8
38	9
39	1
40	1
/

psi	Vehicle Capacity
/ 59 /
;

Table kappa(i,j)                 Setup
         0        1        2        3        4        5        6        7        8        9        10       11       12       13       14       15       16       17       18       19       20       21       22       23       24       25       26       27       28       29       30       31       32       33       34       35       36       37       38       39       40       
0        0        807      983      572      575      381      1030     934      1255     909      351      1412     621      1405     955      1081     441      1496     1578     1379     970      806      1061     1417     1162     1356     847      404      960      848      1454     895      890      153      727      578      802      669      695      1128     284      
1        807      0        526      1316     701      716      825      716      456      317      1128     800      1393     800      233      746      840      822      1077     965      304      1046     508      759      1003     570      505      1205     1287     1258     714      1504     451      951      898      1229     716      1112     1105     554      572      
2        983      526      0        1312     1143     681      340      263      590      840      1193     437      1414     427      346      224      749      545      1569     1481     810      753      1023     1203     1526     890      144      1301     1727     1010     1087     1839     977      1135     621      1531     1216     1502     899      171      878      
3        572      1316     1312     0        1125     642      1204     1151     1731     1469     227      1743     111      1731     1408     1316     562      1857     2150     1948     1524     753      1630     1983     1705     1885     1168     254      1356     607      2004     1073     1461     507      783      821      1359     1066     549      1480     855      
4        575      701      1143     1125     0        837      1339     1224     1120     576      898      1492     1150     1490     930      1324     947      1523     1051     836      660      1296     637      992      586      1075     1054     906      589      1396     1097     844      466      619      1180     630      234      427      1235     1226     358      
5        381      716      681      642      837      0        660      573      1098     940      512      1118     738      1107     772      731      129      1223     1696     1528     974      460      1128     1448     1395     1285     537      623      1317     586      1429     1274     986      508      355      957      1025     1035     422      846      478      
6        1030     825      340      1204     1339     660      0        116      927      1142     1143     619      1314     603      679      156      667      761      1894     1790     1124     512      1333     1538     1793     1230     320      1260     1897     770      1427     1924     1264     1166     425      1607     1456     1640     702      463      1019     
7        934      716      263      1151     1224     573      116      0        853      1031     1071     617      1259     603      585      165      598      751      1789     1681     1017     509      1224     1440     1678     1146     210      1187     1785     770      1339     1824     1151     1074     395      1508     1340     1531     679      413      908      
8        1255     456      590      1731     1120     1098     927      853      0        581      1559     559      1817     569      327      788      1207     501      1103     1084     504      1315     676      697      1266     327      677      1645     1685     1560     533      1948     738      1402     1172     1682     1072     1544     1428     478      1028     
9        909      317      840      1469     576      940      1142     1031     581      0        1257     1058     1529     1062     515      1061     1070     1048     775      649      83       1326     197      515      712      499      821      1311     1111     1515     551      1421     160      1027     1180     1191     492      1002     1355     846      628      
10       351      1128     1193     227      898      512      1143     1071     1559     1257     0        1630     271      1620     1243     1234     475      1733     1924     1721     1316     763      1412     1768     1478     1690     1049     118      1156     693      1799     930      1241     281      749      645      1131     861      583      1356     635      
11       1412     800      437      1743     1492     1118     619      617      559      1058     1630     0        1847     17       566      466      1180     147      1663     1633     999      1123     1200     1256     1770     879      581      1739     2081     1384     1083     2245     1216     1565     1012     1944     1514     1883     1297     284      1277     
12       621      1393     1414     111      1150     738      1314     1259     1817     1529     271      1847     0        1835     1496     1424     666      1958     2188     1981     1587     865      1683     2039     1720     1958     1269     245      1330     711      2070     1013     1511     531      894      783      1384     1047     659      1581     906      
13       1405     800      427      1731     1490     1107     603      603      569      1062     1620     17       1835     0        567      451      1168     164      1673     1640     1004     1108     1206     1267     1774     890      570      1728     2080     1369     1094     2240     1220     1557     998      1939     1515     1880     1282     278      1272     
14       955      233      346      1408     930      772      679      585      327      515      1243     566      1496     567      0        570      880      593      1223     1142     474      1006     686      858      1223     569      383      1334     1518     1244     756      1715     666      1106     859      1429     948      1333     1106     330      758      
15       1081     746      224      1316     1324     731      156      165      788      1061     1234     466      1424     451      570      0        762      606      1794     1705     1034     657      1246     1424     1739     1101     269      1348     1897     918      1301     1965     1195     1225     554      1650     1417     1655     837      315      1028     
16       441      840      749      562      947      129      667      598      1207     1070     475      1180     666      1168     880      762      0        1294     1825     1656     1103     365      1258     1577     1514     1406     606      592      1399     459      1554     1313     1115     542      293      999      1143     1110     295      919      590      
17       1496     822      545      1857     1523     1223     761      751      501      1048     1733     147      1958     164      593      606      1294     0        1597     1585     981      1259     1170     1185     1754     801      689      1838     2109     1521     999      2302     1208     1649     1144     2009     1522     1927     1428     377      1338     
18       1578     1077     1569     2150     1051     1696     1894     1789     1103     775      1924     1663     2188     1673     1223     1794     1825     1597     0        227      773      2099     577      412      610      797      1578     1949     1278     2279     615      1747     710      1657     1955     1636     822      1353     2117     1528     1299     
19       1379     965      1481     1948     836      1528     1790     1681     1084     649      1721     1633     1981     1640     1142     1705     1656     1585     227      0        670      1949     458      459      390      814      1471     1739     1056     2114     671      1520     548      1449     1808     1410     603      1126     1950     1464     1107     
20       970      304      810      1524     660      974      1124     1017     504      83       1316     999      1587     1004     474      1034     1103     981      773      670      0        1340     212      474      773      418      806      1374     1193     1539     484      1504     234      1094     1193     1271     573      1085     1382     801      693      
21       806      1046     753      753      1296     460      512      509      1315     1326     763      1123     865      1108     1006     657      365      1259     2099     1949     1340     0        1522     1806     1847     1572     639      879      1764     261      1746     1661     1400     895      148      1351     1479     1475     207      917      938      
22       1061     508      1023     1630     637      1128     1333     1224     676      197      1412     1200     1683     1206     686      1246     1258     1170     577      458      212      1522     0        362      591      492      1014     1456     1097     1707     465      1464     177      1166     1377     1267     480      1041     1546     1012     776      
23       1417     759      1203     1983     992      1448     1538     1440     697      515      1768     1256     2039     1267     858      1424     1577     1185     412      459      474      1806     362      0        784      385      1233     1815     1393     2012     212      1800     539      1527     1658     1621     809      1379     1855     1141     1133     
24       1162     1003     1526     1705     586      1395     1793     1678     1266     712      1478     1770     1720     1774     1223     1739     1514     1754     610      390      773      1847     591      784      0        1066     1479     1475     668      1970     975      1144     557      1197     1718     1070     370      772      1807     1553     926      
25       1356     570      890      1885     1075     1285     1230     1146     327      499      1690     879      1958     890      569      1101     1406     801      797      814      418      1572     492      385      1066     0        952      1760     1584     1802     206      1919     622      1490     1424     1689     961      1498     1657     798      1091     
26       847      505      144      1168     1054     537      320      210      677      821      1049     581      1269     570      383      269      606      689      1578     1471     806      639      1014     1233     1479     952      0        1158     1629     891      1139     1715     944      998      500      1404     1150     1392     770      312      764      
27       404      1205     1301     254      906      623      1260     1187     1645     1311     118      1739     245      1728     1334     1348     592      1838     1949     1739     1374     879      1456     1815     1475     1760     1158     0        1101     795      1859     836      1282     292      867      569      1141     813      695      1462     683      
28       960      1287     1727     1356     589      1317     1897     1785     1685     1111     1156     2081     1330     2080     1518     1897     1399     2109     1278     1056     1193     1764     1097     1393     668      1584     1629     1101     0        1799     1553     500      965      905      1672     554      623      297      1652     1815     878      
29       848      1258     1010     607      1396     586      770      770      1560     1515     693      1384     711      1369     1244     918      459      1521     2279     2114     1539     261      1707     2012     1970     1802     891      795      1799     0        1968     1622     1570     896      390      1330     1600     1502     164      1176     1044     
30       1454     714      1087     2004     1097     1429     1427     1339     533      551      1799     1083     2070     1094     756      1301     1554     999      615      671      484      1746     465      212      975      206      1139     1859     1553     1968     0        1930     631      1578     1598     1726     944      1506     1818     1002     1177     
31       895      1504     1839     1073     844      1274     1924     1824     1948     1421     930      2245     1013     2240     1715     1965     1313     2302     1747     1520     1504     1661     1464     1800     1144     1919     1715     836      500      1622     1930     0        1303     771      1607     317      991      423      1503     1962     967      
32       890      451      977      1461     466      986      1264     1151     738      160      1241     1216     1511     1220     666      1195     1115     1208     710      548      234      1400     177      539      557      622      944      1282     965      1570     631      1303     0        991      1259     1095     342      880      1407     996      606      
33       153      951      1135     507      619      508      1166     1074     1402     1027     281      1565     531      1557     1106     1225     542      1649     1657     1449     1094     895      1166     1527     1197     1490     998      292      905      896      1578     771      991      0        835      457      854      607      757      1281     400      
34       727      898      621      783      1180     355      425      395      1172     1180     749      1012     894      998      859      554      293      1144     1955     1808     1193     148      1377     1658     1718     1424     500      867      1672     390      1598     1607     1259     835      0        1292     1353     1389     284      789      823      
35       578      1229     1531     821      630      957      1607     1508     1682     1191     645      1944     783      1939     1429     1650     999      2009     1636     1410     1271     1351     1267     1621     1070     1689     1404     569      554      1330     1726     317      1095     457      1292     0        826      304      1202     1660     671      
36       802      716      1216     1359     234      1025     1456     1340     1072     492      1131     1514     1384     1515     948      1417     1143     1522     822      603      573      1479     480      809      370      961      1150     1141     623      1600     944      991      342      854      1353     826      0        570      1437     1269     556      
37       669      1112     1502     1066     427      1035     1640     1531     1544     1002     861      1883     1047     1880     1333     1655     1110     1927     1353     1126     1085     1475     1041     1379     772      1498     1392     813      297      1502     1506     423      880      607      1389     304      570      0        1357     1607     627      
38       695      1105     899      549      1235     422      702      679      1428     1355     583      1297     659      1282     1106     837      295      1428     2117     1950     1382     207      1546     1855     1807     1657     770      695      1652     164      1818     1503     1407     757      284      1202     1437     1357     0        1069     881      
39       1128     554      171      1480     1226     846      463      413      478      846      1356     284      1581     278      330      315      919      377      1528     1464     801      917      1012     1141     1553     798      312      1462     1815     1176     1002     1962     996      1281     789      1660     1269     1607     1069     0        995      
40       284      572      878      855      358      478      1019     908      1028     628      635      1277     906      1272     758      1028     590      1338     1299     1107     693      938      776      1133     926      1091     764      683      878      1044     1177     967      606      400      823      671      556      627      881      995      0        
;



Table delta(i,j)                 Distance
         0        1        2        3        4        5        6        7        8        9        10       11       12       13       14       15       16       17       18       19       20       21       22       23       24       25       26       27       28       29       30       31       32       33       34       35       36       37       38       39       40       
0        0        78       335      273      197      102      351      6        219      97       41       144      277      30       284      152      342      161      243      139      289      90       109      298      73       98       190      235      231      168      117      230      174      132      265      98       277      283      244      231      318      
1        78       0        261      207      250      76       295      77       161      139      98       86       201      65       241      182      291      83       178      96       233      160      82       247      110      22       245      224      216      184      161      186      111      161      196      52       253      231      166      185      252      
2        335      261      0        240      506      306      330      336      265      344      360      260      67       311      345      427      347      190      239      216      294      421      248      323      367      239      502      408      395      324      360      317      167      338      79       241      404      310      110      308      255      
3        273      207      240      0        356      180      101      269      61       346      269      129      182      271      107      269      111      145      30       260      54       322      270      82       252      198      357      195      182      380      369      97       226      365      236      239      173      69       148      87       45       
4        197      250      506      356      0        202      387      193      295      271      158      254      441      228      302      87       366      315      331      334      340      114      306      331      140      272      10       195      202      350      282      268      361      308      446      290      248      324      400      276      393      
5        102      76       306      180      202      0        249      97       121      193      89       55       239      113      182      121      239      115      150      172      189      143      158      195      73       89       198      148      141      252      216      127      178      224      252      128      181      181      198      129      224      
6        351      295      330      101      387      249      0        346      133      434      337      210      277      355      85       304      27       244      123      359      62       381      365      56       312      290      390      196      186      475      456      126      328      457      336      333      151      68       247      122      75       
7        6        77       336      269      193      97       346      0        215      103      35       140      278      35       279      146      337      160      239      142      285      87       113      293      67       98       185      229      225      174      124      225      176      138      267      101      271      278      244      226      315      
8        219      161      265      61       295      121      133      215      0        300      211      76       199      221      92       208      130      120      36       231      71       262      234      87       191      157      295      147      133      342      323      51       208      323      242      201      139      71       159      43       103      
9        97       139      344      346      271      193      434      103      300      0        133      223      300      80       374      243      428      211      317      127      372      156      97       384      168      149      261      332      328      79       22       319      179      38       266      116      373      368      278      319      391      
10       41       98       360      269      158      89       337      35       211      133      0        141      299      71       265      111      325      176      239      175      277      61       148      282      34       120      151      203      200      208      152      212      205      170      294      132      248      268      262      215      313      
11       144      86       260      129      254      55       210      140      76       223      141      0        193      145      156      169      205      75       99       166      148      197      163      161      129      86       251      160      149      269      246      102      157      248      216      131      177      145      150      99       174      
12       277      201      67       182      441      239      277      278      199      300      299      193      0        256      283      360      292      125      176      174      236      360      203      264      304      179      437      341      328      293      318      251      122      300      65       189      339      249      42       243      203      
13       30       65       311      271      228      113      355      35       221      80       71       145      256      0        294      180      348      147      241      109      293      120      78       304      101      82       220      255      250      143      103      239      147      111      239      71       293      288      225      239      316      
14       284      241      345      107      302      182      85       279      92       374      265      156      283      294      0        220      64       212      107      320      57       303      320      33       237      242      305      112      101      425      397      55       300      402      332      287      72       38       245      56       116      
15       152      182      427      269      87       121      304      146      208      243      111      169      360      180      220      0        285      236      243      275      255      105      252      248      79       202      87       123      127      319      260      182      293      281      372      229      176      240      319      189      306      
16       342      291      347      111      366      239      27       337      130      428      325      205      292      348      64       285      0        247      128      360      61       366      364      44       299      288      369      173      164      473      451      113      333      453      348      332      126      60       259      110      93       
17       161      83       190      145      315      115      244      160      120      211      176      75       125      147      212      236      247      0        120      114      185      238      125      207      178      65       311      236      224      235      232      164      88       224      140      97       248      190      86       158      187      
18       243      178      239      30       331      150      123      239      36       317      239      99       176      241      107      243      128      120      0        235      66       293      243      91       223      170      331      180      167      353      340      82       205      337      225      211      166      75       138      72       75       
19       139      96       216      260      334      172      359      142      231      127      175      166      174      109      320      275      360      114      235      0        299      229      33       319      198      83       327      319      309      125      144      268      52       126      139      45       343      302      157      264      302      
20       289      233      294      54       340      189      62       285      71       372      277      148      236      293      57       255      61       185      66       299      0        324      304      28       254      229      342      161      149      413      394      73       271      395      289      272      129      19       200      66       59       
21       90       160      421      322      114      143      381      87       262      156      61       197      360      120      303      105      366      238      293      229      324      0        199      324      70       182      105      222      223      235      169      254      264      194      354      188      273      312      324      259      365      
22       109      82       248      270      306      158      365      113      234      97       148      163      203      78       320      252      364      125      243      33       304      199      0        322      173      77       299      306      298      109      115      266      82       101      171      32       336      305      182      263      313      
23       298      247      323      82       331      195      56       293      87       384      282      161      264      304      33       248      44       207      91       319      28       324      322      0        256      245      334      144      133      430      406      70       294      409      316      289      106      17       228      66       84       
24       73       110      367      252      140      73       312      67       191      168      34       129      304      101      237      79       299      178      223      198      254      70       173      256      0        131      135      169      167      241      187      186      221      204      306      153      215      244      265      190      295      
25       98       22       239      198      272      89       290      98       157      149      120      86       179      82       242      202      288      65       170      83       229      182      77       245      131      0        266      235      226      184      171      188      91       167      174      44       260      228      145      186      243      
26       190      245      502      357      10       198      390      185      295      261      151      251      437      220      305      87       369      311      331      327      342      105      299      334      135      266      0        199      206      340      273      269      355      299      441      284      253      326      397      277      394      
27       235      224      408      195      195      148      196      229      147      332      203      160      341      255      112      123      173      236      180      319      161      222      306      144      169      235      199      0        13       398      353      99       317      366      374      276      53       142      299      108      220      
28       231      216      395      182      202      141      186      225      133      328      200      149      328      250      101      127      164      224      167      309      149      223      298      133      167      226      206      13       0        392      349      85       306      361      362      268      49       130      286      95       208      
29       168      184      324      380      350      252      475      174      342      79       208      269      293      143      425      319      473      235      353      125      413      235      109      430      241      184      340      398      392      0        71       371      173      42       245      141      434      413      282      369      423      
30       117      161      360      369      282      216      456      124      323      22       152      246      318      103      397      260      451      232      340      144      394      169      115      406      187      171      273      353      349      71       0        342      196      30       281      136      394      391      297      342      414      
31       230      186      317      97       268      127      126      225      51       319      212      102      251      239      55       182      113      164      82       268      73       254      266      70       186      188      269      99       85       371      342      0        252      347      293      233      87       58       210      9        126      
32       174      111      167      226      361      178      328      176      208      179      205      157      122      147      300      293      333      88       205      52       271      264      82       294      221      91       355      317      306      173      196      252      0        177      91       76       333      277      108      246      265      
33       132      161      338      365      308      224      457      138      323      38       170      248      300      111      402      281      453      224      337      126      395      194      101      409      204      167      299      366      361      42       30       347      177      0        259      127      404      393      282      346      410      
34       265      196      79       236      446      252      336      267      242      266      294      216      65       239      332      372      348      140      225      139      289      354      171      316      306      174      441      374      362      245      281      293      91       259      0        168      380      300      88       285      264      
35       98       52       241      239      290      128      333      101      201      116      132      131      189      71       287      229      332      97       211      45       272      188      32       289      153      44       284      276      268      141      136      233      76       127      168      0        304      272      163      230      283      
36       277      253      404      173      248      181      151      271      139      373      248      177      339      293      72       176      126      248      166      343      129      273      336      106      215      260      253      53       49       434      394      87       333      404      380      304      0        109      298      96       189      
37       283      231      310      69       324      181      68       278      71       368      268      145      249      288      38       240      60       190      75       302      19       312      305      17       244      228      326      142      130      413      391      58       277      393      300      272      109      0        213      53       79       
38       244      166      110      148      400      198      247      244      159      278      262      150      42       225      245      319      259      86       138      157      200      324      182      228      265      145      397      299      286      282      297      210      108      282      88       163      298      213      0        202      176      
39       231      185      308      87       276      129      122      226      43       319      215      99       243      239      56       189      110      158      72       264      66       259      263      66       190      186      277      108      95       369      342      9        246      346      285      230      96       53       202      0        118      
40       318      252      255      45       393      224      75       315      103      391      313      174      203      316      116      306      93       187      75       302      59       365      313      84       295      243      394      220      208      423      414      126      265      410      264      283      189      79       176      118      0        
;

