

sets
i        orders          /0*40/
k        routes          /1*40/
p        positions       /0*40/
;

alias(i,j)
alias(i,h)
alias(i,hh)
alias(i,jj)
alias(k,kk)
                            Parameters

rho(i)	Processing time
/
0	0
1	66
2	8
3	93
4	8
5	1
6	3
7	25
8	79
9	87
10	98
11	96
12	76
13	12
14	8
15	45
16	17
17	61
18	92
19	78
20	78
21	83
22	18
23	16
24	64
25	83
26	15
27	32
28	13
29	90
30	23
31	35
32	53
33	39
34	49
35	8
36	45
37	92
38	36
39	51
40	65
/

gamma(i)	Duedate
/
0	0
1	48
2	61
3	39
4	83
5	36
6	25
7	25
8	18
9	19
10	50
11	61
12	67
13	73
14	36
15	66
16	51
17	50
18	49
19	91
20	31
21	85
22	11
23	26
24	57
25	75
26	70
27	15
28	79
29	5
30	23
31	60
32	68
33	55
34	63
35	31
36	99
37	61
38	46
39	12
40	14
/

sigma(i)	Size
/
0	0
1	7
2	1
3	2
4	2
5	5
6	6
7	4
8	1
9	2
10	7
11	4
12	9
13	7
14	2
15	8
16	4
17	8
18	6
19	7
20	2
21	5
22	7
23	9
24	5
25	4
26	4
27	4
28	3
29	5
30	2
31	8
32	4
33	6
34	3
35	6
36	7
37	3
38	6
39	5
40	2
/

epsilon(i)	Priority
/
0	0
1	9
2	1
3	8
4	4
5	2
6	8
7	9
8	7
9	8
10	3
11	3
12	2
13	5
14	8
15	6
16	7
17	5
18	4
19	6
20	4
21	7
22	7
23	8
24	2
25	3
26	5
27	6
28	5
29	9
30	3
31	8
32	8
33	9
34	1
35	4
36	2
37	7
38	5
39	1
40	6
/

psi	Vehicle Capacity
/ 164 /
;

Table kappa(i,j)                 Setup
         0        1        2        3        4        5        6        7        8        9        10       11       12       13       14       15       16       17       18       19       20       21       22       23       24       25       26       27       28       29       30       31       32       33       34       35       36       37       38       39       40       
0        0        187      33       267      337      38       270      15       298      245      158      123      92       289      97       255      154      137      349      184      245      357      41       80       129      335      259      127      141      383      299      367      266      230      270      196      224      340      213      78       303      
1        187      0        217      237      225      221      349      173      165      341      32       199      268      398      167      349      58       274      322      101      364      427      145      118      316      411      374      101      317      334      242      456      152      75       125      352      339      336      153      236      362      
2        33       217      0        271      352      6        252      48       317      225      189      119      60       264      102      234      180      113      349      203      220      339      73       114      100      316      234      148      108      386      306      345      284      263      291      165      200      336      225      54       288      
3        267      237      271      0        129      268      175      265      147      190      244      153      273      244      169      193      188      217      88       136      232      222      249      270      346      216      235      168      299      116      43       266      120      311      163      282      214      99       84       236      162      
4        337      225      352      129      0        351      304      330      62       319      247      251      371      373      251      322      203      330      160      156      360      343      306      308      442      340      363      212      407      142      90       390      75       284      102      402      341      195      126      332      288      
5        38       221      6        268      351      0        246      53       317      219      193      116      54       258      101      228      182      107      345      204      214      333      77       119      97       310      228      149      102      383      304      339      284      267      292      159      194      332      224      48       283      
6        270      349      252      175      304      246      0        278      317      34       340      161      216      70       197      28       290      143      186      258      74       87       279      319      276      65       70       250      211      235      214      107      284      423      322      157      71       150      223      198      43       
7        15       173      48       265      330      53       278      0        289      254      143      126      107      299      97       264      143      149      349      176      256      365      28       65       143      343      270      118      156      382      296      377      258      215      259      210      234      342      207      91       310      
8        298      165      317      147      62       317      317      289      0        325      190      231      345      383      222      330      152      314      204      113      364      370      263      258      412      363      369      170      386      196      122      413      36       222      40       392      342      234      105      306      309      
9        245      341      225      190      319      219      34       254      325      0        329      145      184      59       181      9        282      113      214      256      44       115      258      300      243      91       44       240      177      262      232      123      291      413      327      123      37       180      226      170      78       
10       158      32       189      244      247      193      340      143      190      329      0        185      241      385      150      338      56       254      331      109      349      421      116      85       287      404      360      90       291      348      255      448      172      83       152      330      324      342      161      212      357      
11       123      199      119      153      251      116      161      126      231      145      185      0        121      201      36       154      142      84       229      131      164      247      120      158      193      227      175      98       156      267      191      267      195      268      217      164      140      218      127      83       187      
12       92       268      60       273      371      54       216      107      345      184      241      121      0        216      122      194      223      73       342      235      171      300      128      172      72       275      185      184      49       384      313      299      310      319      325      106      155      323      245      39       256      
13       289      398      264      244      373      258      70       299      383      59       385      201      216      0        236      52       340      151      255      315      44       102      307      351      262      78       30       297      195      303      284      84       350      469      386      128      65       216      285      211      101      
14       97       167      102      169      251      101      197      97       222      181      150      36       122      236      0        190      113      107      252      113      198      283      87       123      191      263      209      69       165      286      203      303      187      234      203      187      173      245      124      84       223      
15       255      349      234      193      322      228      28       264      330      9        338      154      194      52       190      0        290      122      213      263      46       105      267      310      251      81       43       249      185      261      234      113      297      421      333      129      43       177      232      180      72       
16       154      58       180      188      203      182      290      143      152      282      56       142      223      340      113      290      0        220      275      54       306      369      115      106      280      353      316      43       271      293      200      398      127      132      118      299      281      285      105      188      304      
17       137      274      113      217      330      107      143      149      314      113      254      84       73       151      107      122      220      0        277      215      107      228      159      204      139      204      121      177      83       321      260      232      278      337      302      80       87       254      209      59       183      
18       349      322      349      88       160      345      186      349      204      214      331      229      342      255      252      213      275      277      0        222      259      197      334      358      414      201      256      256      360      48       84       247      188      395      231      328      247      41       170      308      154      
19       184      101      203      136      156      204      258      176      113      256      109      131      235      315      113      263      54       215      222      0        286      330      150      153      300      317      294      57       279      239      146      364      82       177      89       295      261      234      52       197      266      
20       245      364      220      232      360      214      74       256      364      44       349      164      171      44       198      46       306      107      259      286      0        137      265      309      220      112      13       262      153      307      275      128      329      433      362      89       24       224      262      167      117      
21       357      427      339      222      343      333      87       365      370      115      421      247      300      102      283      105      369      228      197      330      137      0        366      406      356      25       125      331      289      240      253      51       341      502      383      226      147      156      289      285      64       
22       41       145      73       249      306      77       279      28       263      258      116      120      128      307      87       267      115      159      334      150      265      366      0        45       171      344      278      94       178      365      277      381      233      190      232      227      242      331      185      105      308      
23       80       118      114      270      308      119      319      65       258      300      85       158      172      351      123      310      106      204      358      153      309      406      45       0        207      385      322      103      221      384      292      423      233      150      224      272      286      358      197      151      346      
24       129      316      100      346      442      97       276      143      412      243      287      193      72       262      191      251      280      139      414      300      220      356      171      207      0        331      233      246      67       456      385      347      378      357      389      136      209      393      315      110      319      
25       335      411      316      216      340      310      65       343      363      91       404      227      275      78       263      81       353      204      201      317      112      25       344      385      331      0        100      314      264      246      250      50       333      485      374      201      122      160      277      261      53       
26       259      374      234      235      363      228      70       270      369      44       360      175      185      30       209      43       316      121      256      294      13       125      278      322      233      100      0        273      166      305      277      114      334      444      369      100      36       220      268      180      110      
27       127      101      148      168      212      149      250      118      170      240      90       98       184      297      69       249      43       177      256      57       262      331      94       103      246      314      273      0        230      281      189      358      139      172      143      256      238      260      94       148      267      
28       141      317      108      299      407      102      211      156      386      177      291      156      49       195      165      185      271      83       360      279      153      289      178      221      67       264      166      230      0        404      341      280      350      369      368      71       142      336      283      82       254      
29       383      334      386      116      142      383      235      382      196      262      348      267      384      303      286      261      293      321      48       239      307      240      365      384      456      246      305      281      404      0        93       291      189      404      229      375      295      86       189      349      202      
30       299      242      306      43       90       304      214      296      122      232      255      191      313      284      203      234      200      260      84       146      275      253      277      292      385      250      277      189      341      93       0        299      104      313      147      325      257      111      96       275      197      
31       367      456      345      266      390      339      107      377      413      123      448      267      299      84       303      113      398      232      247      364      128      51       381      423      347      50       114      358      280      291      299      0        383      530      423      212      145      206      326      291      103      
32       266      152      284      120      75       284      284      258      36       291      172      195      310      350      187      297      127      278      188      82       329      341      233      233      378      333      334      139      350      189      104      383      0        216      43       355      307      213      69       271      279      
33       230      75       263      311      284      267      423      215      222      413      83       268      319      469      234      421      132      337      395      177      433      502      190      150      357      485      444      172      369      404      313      530      216      0        182      412      408      411      227      292      437      
34       270      125      291      163      102      292      322      259      40       327      152      217      325      386      203      333      118      302      231      89       362      383      232      224      389      374      369      143      368      229      147      423      43       182      0        381      339      257      100      287      320      
35       196      352      165      282      402      159      157      210      392      123      330      164      106      128      187      129      299      80       328      295      89       226      227      272      136      201      100      256      71       375      325      212      355      412      381      0        86       298      286      121      201      
36       224      339      200      214      341      194      71       234      342      37       324      140      155      65       173      43       281      87       247      261      24       147      242      286      209      122      36       238      142      295      257      145      307      408      339      86       0        215      239      146      115      
37       340      336      336      99       195      332      150      342      234      180      342      218      323      216      245      177      285      254      41       234      224      156      331      358      393      160      220      260      336      86       111      206      213      411      257      298      215      0        183      292      115      
38       213      153      225      84       126      224      223      207      105      226      161      127      245      285      124      232      105      209      170      52       262      289      185      197      315      277      268      94       283      189      96       326      69       227      100      286      239      183      0        206      225      
39       78       236      54       236      332      48       198      91       306      170      212      83       39       211      84       180      188      59       308      197      167      285      105      151      110      261      180      148      82       349      275      291      271      292      287      121      146      292      206      0        235      
40       303      362      288      162      288      283      43       310      309      78       357      187      256      101      223      72       304      183      154      266      117      64       308      346      319      53       110      267      254      202      197      103      279      437      320      201      115      115      225      235      0        
;



Table delta(i,j)                 Distance
         0        1        2        3        4        5        6        7        8        9        10       11       12       13       14       15       16       17       18       19       20       21       22       23       24       25       26       27       28       29       30       31       32       33       34       35       36       37       38       39       40       
0        0        1061     372      1159     288      758      434      268      486      787      291      709      1343     913      575      1190     625      432      367      547      631      831      229      1353     1027     1053     583      539      79       294      834      875      1202     839      1184     1311     1147     958      536      916      208      
1        1061     0        800      97       1234     710      815      793      1110     415      771      886      302      265      562      831      605      1252     1203     1082     458      448      837      292      99       35       580      622      1122     927      272      838      198      231      126      250      226      392      691      227      932      
2        372      800      0        895      442      783      80       236      344      666      203      374      1049     736      244      820      262      454      402      351      478      479      200      1090     796      782      523      191      394      128      538      518      902      569      911      1046     833      833      552      611      170      
3        1159     97       895      0        1331     781      907      891      1200     494      869      963      218      335      655      861      691      1346     1297     1169     553      520      935      195      163      113      670      714      1220     1023     361      902      154      327      41       152      221      442      779      305      1029     
4        288      1234     442      1331     0        1037     458      487      314      1026     491      643      1490     1132     686      1165     693      170      125      392      851      913      426      1526     1219     1219     835      633      213      314      978      826      1344     1003     1349     1482     1275     1199     807      1053     305      
5        758      710      783      781      1037     0        855      581      1110     300      598      1108     998      446      712      1353     819      1149     1082     1132     389      863      644      922      619      729      271      746      838      849      691      1180     908      627      821      894      917      361      237      750      783      
6        434      815      80       907      458      855      0        317      301      719      284      294      1047     776      253      756      236      440      396      292      531      455      279      1099     820      794      591      193      446      154      546      444      900      587      919      1055     825      882      627      613      226      
7        268      793      236      891      487      581      317      0        531      539      38       608      1077     652      342      1016     420      573      508      560      369      599      63       1085     760      785      351      325      333      269      573      739      937      572      916      1043     887      712      344      656      202      
8        486      1110     344      1200     314      1110     301      531      0        1011     512      353      1326     1076     551      875      511      192      193      78       822      716      471      1390     1120     1087     861      491      445      261      839      535      1180     885      1210     1346     1098     1177     873      900      339      
9        787      415      666      494      1026     300      719      539      1011     0        536      920      712      161      512      1083     610      1098     1036     1012     188      598      600      655      331      431      211      562      862      767      406      955      612      336      533      621      617      173      302      457      730      
10       291      771      203      869      491      598      284      38       512      536      0        573      1052     641      305      977      382      567      503      537      360      563      67       1063     742      761      356      286      351      251      544      702      910      547      893      1021     858      709      361      627      195      
11       709      886      374      963      643      1108     294      608      353      920      573      0        1048     932      408      524      312      545      536      282      743      444      573      1137     923      857      837      364      703      415      623      183      908      689      963      1095     818      1062     893      660      505      
12       1343     302      1049     218      1490     998      1047     1077     1326     712      1052     1048     0        553      804      829      816      1487     1444     1285     759      613      1115     154      381      299      883      859      1399     1177     514      951      147      505      179      142      230      653      993      437      1196     
13       913      265      736      335      1132     446      776      652      1076     161      641      932      553      0        539      1013     621      1185     1127     1066     283      551      708      493      173      287      360      596      984      850      342      935      463      265      375      459      481      150      460      365      828      
14       575      562      244      655      686      712      253      342      551      512      305      408      804      539      0        692      107      690      643      531      336      258      352      848      568      542      442      60       616      373      295      469      657      334      669      804      589      660      517      367      398      
15       1190     831      820      861      1165     1353     756      1016     875      1083     977      524      829      1013     692      0        597      1068     1060     801      965      489      1005     967      914      795      1102     693      1200     905      678      340      734      753      838      935      645      1163     1194     648      982      
16       625      605      262      691      693      819      236      420      511      610      382      312      816      621      107      597      0        671      631      477      440      219      417      879      627      579      550      95       655      382      332      361      670      389      699      835      591      750      624      389      431      
17       432      1252     454      1346     170      1149     440      573      192      1098     567      545      1487     1185     690      1068     671      0        67       267      914      885      510      1539     1251     1233     923      632      367      334      985      727      1340     1022     1359     1495     1263     1270     913      1053     371      
18       367      1203     402      1297     125      1082     396      508      193      1036     503      536      1444     1127     643      1060     631      67       0        272      853      848      444      1491     1197     1184     859      585      305      277      938      720      1296     972      1312     1447     1222     1208     846      1008     307      
19       547      1082     351      1169     392      1132     292      560      78       1012     537      282      1285     1066     531      801      477      267      272      0        824      671      504      1355     1098     1057     875      472      513      294      809      461      1139     861      1176     1312     1055     1175     897      865      382      
20       631      458      478      553      851      389      531      369      822      188      360      743      759      283      336      965      440      914      853      824      0        476      426      739      405      460      145      380      701      581      326      796      633      281      585      699      610      356      255      400      550      
21       831      448      479      520      913      863      455      599      716      598      563      444      613      551      258      489      219      885      848      671      476      0        610      694      499      416      615      293      867      601      209      394      469      286      519      651      383      698      713      221      645      
22       229      837      200      935      426      644      279      63       471      600      67       573      1115     708      352      1005     417      510      444      504      426      610      0        1130     809      827      414      324      285      211      605      715      973      612      958      1087     918      773      407      687      139      
23       1353     292      1090     195      1526     922      1099     1085     1390     655      1063     1137     154      493      848      967      879      1539     1491     1355     739      694      1130     0        335      307      847      907      1415     1217     553      1058     239      523      180      44       334      564      952      490      1224     
24       1027     99       796      163      1219     619      820      760      1120     331      742      923      381      173      568      914      627      1251     1197     1098     405      499      809      335      0        129      512      629      1092     920      300      893      293      238      202      297      325      293      619      281      914      
25       1053     35       782      113      1219     729      794      785      1087     431      761      857      299      287      542      795      579      1233     1184     1057     460      416      827      307      129      0        587      601      1112     910      248      805      181      216      131      263      196      420      698      197      917      
26       583      580      523      670      835      271      591      351      861      211      356      837      883      360      442      1102     550      923      859      875      145      615      414      847      512      587      0        475      659      604      472      911      765      424      705      810      749      376      112      545      551      
27       539      622      191      714      633      746      193      325      491      562      286      364      859      596      60       693      95       632      585      472      380      293      324      907      629      601      475      0        574      319      353      444      712      394      727      863      641      714      541      423      353      
28       79       1122     394      1220     213      838      446      333      445      862      351      703      1399     984      616      1200     655      367      305      513      701      867      285      1415     1092     1112     659      574      0        295      887      876      1256     897      1243     1372     1197     1033     615      968      224      
29       294      927      128      1023     314      849      154      269      261      767      251      415      1177     850      373      905      382      334      277      294      581      601      211      1217     920      910      604      319      295      0        666      583      1030     696      1039     1173     961      938      612      740      94       
30       834      272      538      361      978      691      546      573      839      406      544      623      514      342      295      678      332      985      938      809      326      209      605      553      300      248      472      353      887      666      0        600      369      77       374      509      314      490      580      83       682      
31       875      838      518      902      826      1180     444      739      535      955      702      183      951      935      469      340      361      727      720      461      796      394      715      1058     893      805      911      444      876      583      600      0        821      675      893      1018     727      1077     984      614      668      
32       1202     198      902      154      1344     908      900      937      1180     612      910      908      147      463      657      734      670      1340     1296     1139     633      469      973      239      293      181      765      712      1256     1030     369      821      0        367      117      203      94       585      877      290      1050     
33       839      231      569      327      1003     627      587      572      885      336      547      689      505      265      334      753      389      1022     972      861      281      286      612      523      238      216      424      394      897      696      77       675      367      0        347      479      330      413      536      123      701      
34       1184     126      911      41       1349     821      919      916      1210     533      893      963      179      375      669      838      699      1359     1312     1176     585      519      958      180      202      131      705      727      1243     1039     374      893      117      347      0        136      193      484      815      310      1049     
35       1311     250      1046     152      1482     894      1055     1043     1346     621      1021     1095     142      459      804      935      835      1495     1447     1312     699      651      1087     44       297      263      810      863      1372     1173     509      1018     203      479      136      0        297      538      916      446      1181     
36       1147     226      833      221      1275     917      825      887      1098     617      858      818      230      481      589      645      591      1263     1222     1055     610      383      918      334      325      196      749      641      1197     961      314      727      94       330      193      297      0        617      861      231      987      
37       958      392      833      442      1199     361      882      712      1177     173      709      1062     653      150      660      1163     750      1270     1208     1175     356      698      773      564      293      420      376      714      1033     938      490      1077     585      413      484      538      617      0        451      515      903      
38       536      691      552      779      807      237      627      344      873      302      361      893      993      460      517      1194     624      913      846      897      255      713      407      952      619      698      112      541      615      612      580      984      877      536      815      916      861      451      0        656      546      
39       916      227      611      305      1053     750      613      656      900      457      627      660      437      365      367      648      389      1053     1008     865      400      221      687      490      281      197      545      423      968      740      83       614      290      123      310      446      231      515      656      0        760      
40       208      932      170      1029     305      783      226      202      339      730      195      505      1196     828      398      982      431      371      307      382      550      645      139      1224     914      917      551      353      224      94       682      668      1050     701      1049     1181     987      903      546      760      0        
;

