

sets
i        orders          /0*40/
k        routes          /1*40/
p        positions       /0*40/
;

alias(i,j)
alias(i,h)
alias(i,hh)
alias(i,jj)
alias(k,kk)
                            Parameters

rho(i)	Processing time
/
0	0
1	7
2	22
3	25
4	79
5	53
6	44
7	67
8	95
9	72
10	18
11	71
12	63
13	67
14	11
15	74
16	90
17	23
18	20
19	2
20	43
21	21
22	28
23	95
24	99
25	35
26	41
27	98
28	63
29	71
30	63
31	20
32	48
33	46
34	37
35	76
36	12
37	47
38	86
39	40
40	25
/

gamma(i)	Duedate
/
0	0
1	55
2	66
3	62
4	99
5	29
6	14
7	84
8	92
9	13
10	13
11	87
12	94
13	86
14	65
15	26
16	19
17	52
18	8
19	6
20	77
21	84
22	55
23	2
24	71
25	59
26	22
27	74
28	18
29	54
30	66
31	57
32	91
33	90
34	78
35	86
36	33
37	81
38	25
39	44
40	87
/

sigma(i)	Size
/
0	0
1	8
2	9
3	4
4	8
5	2
6	6
7	6
8	8
9	7
10	1
11	2
12	4
13	5
14	2
15	3
16	4
17	6
18	2
19	4
20	6
21	3
22	8
23	4
24	6
25	1
26	2
27	5
28	6
29	9
30	3
31	2
32	1
33	1
34	6
35	7
36	6
37	3
38	3
39	3
40	9
/

epsilon(i)	Priority
/
0	0
1	5
2	1
3	6
4	8
5	9
6	3
7	1
8	2
9	1
10	2
11	6
12	1
13	5
14	2
15	9
16	6
17	9
18	4
19	7
20	1
21	1
22	5
23	6
24	8
25	2
26	5
27	2
28	9
29	2
30	8
31	2
32	3
33	3
34	1
35	2
36	4
37	8
38	4
39	8
40	7
/

psi	Vehicle Capacity
/ 64 /
;

Table kappa(i,j)                 Setup
         0        1        2        3        4        5        6        7        8        9        10       11       12       13       14       15       16       17       18       19       20       21       22       23       24       25       26       27       28       29       30       31       32       33       34       35       36       37       38       39       40       
0        0        193      346      318      150      206      288      365      106      162      237      176      319      95       246      277      240      326      442      43       323      233      102      63       101      330      194      293      156      204      136      304      85       221      84       50       321      200      84       110      381      
1        193      0        186      139      65       39       134      270      88       77       177      25       284      203      262      114      253      184      290      236      369      62       152      169      172      191      225      104      109      111      56       157      265      63       276      219      229      8        274      128      217      
2        346      186      0        218      251      211      258      139      247      263      158      211      217      306      258      73       251      302      103      388      352      211      335      344      274      41       257      108      295      147      223      280      429      225      416      350      123      178      429      312      36       
3        318      139      218      0        168      113      55       346      221      159      292      146      392      342      389      174      380      86       305      358      497      85       245      277      311      246      358      114      180      232      191      69       376      97       402      352      314      136      392      223      231      
4        150      65       251      168      0        58       140      325      65       22       217      40       323      189      285      178      276      183      355      190      387      84       88       112      165      253      240      166      48       154      49       159      211      71       234      187      282      73       224      64       282      
5        206      39       211      113      58       0        97       306      108      58       216      34       323      231      300      142      291      147      314      247      407      28       145      170      202      221      262      115      88       151      79       120      270      24       290      239      266      43       282      121      239      
6        288      134      258      55       140      97       0        377      202      125      305      131      410      326      396      203      386      51       351      326      502      71       204      240      299      281      359      150      138      241      175      24       338      74       371      328      341      135      356      185      276      
7        365      270      139      346      325      306      377      0        292      344      127      292      102      293      179      173      176      425      141      400      244      317      392      387      269      101      205      232      373      173      282      401      450      326      415      350      44       264      441      373      151      
8        106      88       247      221      65       108      202      292      0        87       173      75       274      124      225      176      217      247      348      149      325      137      99       98       99       238      178      187      101      119      31       222      184      128      187      132      248      94       189      83       282      
9        162      77       263      159      22       58       125      344      87       0        239      53       345      209      307      191      298      165      367      201      410      78       87       117      186      268      262      173      31       175      72       142      217      62       246      203      301      85       232      64       293      
10       237      177      158      292      217      216      305      127      173      239      0        192      107      169      104      131      96       357      228      273      208      236      272      263      142      123      99       190      264      65       169      330      322      240      289      223      84       173      313      256      191      
11       176      25       211      146      40       34       131      292      75       53       192      0        299      197      271      139      262      179      315      218      376      62       128      147      168      215      230      127      84       127      45       153      245      56       260      207      249      33       255      104      242      
12       319      284      217      392      323      323      410      102      274      345      107      299      0        232      89       220      89       461      243      347      142      342      371      356      217      175      131      283      370      172      275      435      399      347      351      291      94       280      384      357      239      
13       95       203      306      342      189      231      326      293      124      209      169      197      232      0        153      249      148      372      392      115      229      259      181      150      33       281      102      285      216      160      151      347      167      252      121      59       252      207      151      179      343      
14       246      262      258      389      285      300      396      179      225      307      104      271      89       153      0        236      9        446      310      268      107      324      314      292      146      220      52       294      326      157      235      420      320      325      266      211      153      260      302      304      289      
15       277      114      73       174      178      142      203      173      176      191      131      139      220      249      236      0        227      252      176      320      339      147      262      272      216      80       220      62       223      92       151      227      359      159      352      287      139      105      361      239      106      
16       240      253      251      380      276      291      386      176      217      298      96       262      89       148      9        227      0        437      305      263      116      315      306      285      140      213      46       285      318      148      227      410      315      315      263      206      148      251      298      296      282      
17       326      184      302      86       183      147      51       425      247      165      357      179      461      372      446      252      437      0        391      361      553      122      235      273      346      328      409      195      171      292      223      26       368      123      408      369      390      186      388      218      317      
18       442      290      103      305      355      314      351      141      348      367      228      315      243      392      310      176      305      391      0        483      385      312      438      445      362      112      324      205      399      239      326      372      527      327      508      441      157      281      525      415      76       
19       43       236      388      358      190      247      326      400      149      201      273      218      347      115      268      320      263      361      483      0        335      274      129      89       131      371      217      337      190      244      180      340      51       261      46       57       357      243      41       142      424      
20       323      369      352      497      387      407      502      244      325      410      208      376      142      229      107      339      116      553      385      335      0        431      406      378      234      311      147      399      426      265      339      526      385      431      320      279      234      367      362      399      378      
21       233      62       211      85       84       28       71       317      137      78       236      62       342      259      324      147      315      122      312      274      431      0        166      195      230      227      287      108      105      171      108      95       294      16       317      267      278      63       308      143      236      
22       102      152      335      245      88       145      204      392      99       87       272      128      371      181      314      262      306      235      438      129      406      166      0        39       171      331      263      255      65       218      113      216      133      150      175      152      347      160      153      24       368      
23       63       169      344      277      112      170      240      387      98       117      263      147      356      150      292      272      285      273      445      89       378      195      39       0        145      336      240      274      102      215      121      253      99       180      136      114      342      178      116      55       378      
24       101      172      274      311      165      202      299      269      99       186      142      168      217      33       146      216      140      346      362      131      234      230      171      145      0        250      94       251      196      127      123      320      182      224      147      80       227      175      171      164      310      
25       330      191      41       246      253      221      281      101      238      268      123      215      175      281      220      80       213      328      112      371      311      227      331      336      250      0        222      132      299      126      218      304      415      239      396      329      81       183      412      310      69       
26       194      225      257      358      240      262      359      205      178      262      99       230      131      102      52       220      46       409      324      217      147      287      263      240      94       222      0        272      279      131      191      382      269      286      219      161      170      225      253      254      290      
27       293      104      108      114      166      115      150      232      187      173      190      127      283      285      294      62       285      195      205      337      399      108      255      274      251      132      272      0        204      140      157      172      369      123      374      313      201      96       376      231      129      
28       156      109      295      180      48       88       138      373      101      31       264      84       370      216      326      223      318      171      399      190      426      105      65       102      196      299      279      204      0        202      95       151      199      88       236      201      330      117      218      47       325      
29       204      111      147      232      154      151      241      173      119      175      65       127      172      160      157      92       148      292      239      244      265      171      218      215      127      126      131      140      202      0        109      265      289      174      270      203      129      108      286      199      183      
30       136      56       223      191      49       79       175      282      31       72       169      45       275      151      235      151      227      223      326      180      339      108      113      121      123      218      191      157      95       109      0        197      212      101      219      163      238      63       219      92       257      
31       304      157      280      69       159      120      24       401      222      142      330      153      435      347      420      227      410      26       372      340      526      95       216      253      320      304      382      172      151      265      197      0        349      96       386      345      365      159      369      198      297      
32       85       265      429      376      211      270      338      450      184      217      322      245      399      167      320      359      315      368      527      51       385      294      133      99       182      415      269      369      199      289      212      349      0        279      72       109      406      273      29       153      464      
33       221      63       225      97       71       24       74       326      128      62       240      56       347      252      325      159      315      123      327      261      431      16       150      180      224      239      286      123      88       174      101      96       279      0        305      257      287      66       294      127      251      
34       84       276      416      402      234      290      371      415      187      246      289      260      351      121      266      352      263      408      508      46       320      317      175      136      147      396      219      374      236      270      219      386      72       305      0        66       373      282      44       189      452      
35       50       219      350      352      187      239      328      350      132      203      223      207      291      59       211      287      206      369      441      57       279      267      152      114      80       329      161      313      201      203      163      345      109      257      66       0        308      225      92       157      387      
36       321      229      123      314      282      266      341      44       248      301      84       249      94       252      153      139      148      390      157      357      234      278      347      342      227      81       170      201      330      129      238      365      406      287      373      308      0        223      398      328      145      
37       200      8        178      136      73       43       135      264      94       85       173      33       280      207      260      105      251      186      281      243      367      63       160      178      175      183      225      96       117      108      63       159      273      66       282      225      223      0        281      137      209      
38       84       274      429      392      224      282      356      441      189      232      313      255      384      151      302      361      298      388      525      41       362      308      153      116      171      412      253      376      218      286      219      369      29       294      44       92       398      281      0        171      465      
39       110      128      312      223      64       121      185      373      83       64       256      104      357      179      304      239      296      218      415      142      399      143      24       55       164      310      254      231      47       199      92       198      153      127      189      157      328      137      171      0        344      
40       381      217      36       231      282      239      276      151      282      293      191      242      239      343      289      106      282      317      76       424      378      236      368      378      310      69       290      129      325      183      257      297      464      251      452      387      145      209      465      344      0        
;



Table delta(i,j)                 Distance
         0        1        2        3        4        5        6        7        8        9        10       11       12       13       14       15       16       17       18       19       20       21       22       23       24       25       26       27       28       29       30       31       32       33       34       35       36       37       38       39       40       
0        0        583      1045     719      705      795      470      473      498      819      829      295      311      469      559      477      365      471      678      851      470      614      196      264      31       455      457      545      207      586      594      597      381      320      428      502      372      398      490      802      899      
1        583      0        1565     1024     747      1099     1021     501      282      1348     1306     416      279      249      1123     817      911      112      990      1279     232      882      519      321      615      1038     1001     1116     784      656      1073     1135     657      668      879      663      824      186      988      1361     1407     
2        1045     1565     0        717      1112     694      927      1154     1349     226      289      1153     1333     1353     514      792      680      1458     720      397      1365     818      1046     1263     1016     694      951      818      926      1088     1131     967      938      1249     688      1005     741      1389     1076     307      161      
3        719      1024     717      0        403      78       960      531      755      586      431      630      881      777      615      244      522      940      41       327      794      142      587      801      707      737      968      932      761      411      1169     1074     384      1034     334      364      370      888      1071     707      568      
4        705      747      1112     403      0        453      1103     275      466      954      822      464      710      505      890      378      717      697      393      729      523      296      512      641      710      943      1101     1121     845      120      1276     1232     343      1013     539      208      529      670      1171     1049     957      
5        795      1099     694      78       453      0        1018     604      828      586      418      708      959      852      651      322      580      1017     119      297      868      217      665      879      782      787      1027     983      828      475      1230     1128     463      1108     398      438      440      966      1133     718      554      
6        470      1021     927      960      1103     1018     0        918      969      725      836      760      743      939      441      768      438      913      923      926      939      912      644      720      446      253      27       127      271      995      220      130      759      419      629      895      606      844      148      622      833      
7        473      501      1154     531      275      604      918      0        224      959      872      197      435      251      812      362      605      434      502      817      269      389      278      367      486      810      910      962      648      163      1065     1049     221      760      482      166      443      399      960      1016     992      
8        498      282      1349     755      466      828      969      224      0        1144     1076     222      312      47       959      569      744      237      724      1032     62       613      350      278      523      917      955      1038     703      374      1076     1096     413      713      663      390      614      232      977      1182     1188     
9        819      1348     226      586      954      586      725      959      1144     0        184      939      1110     1144     294      604      454      1240     577      322      1155     658      828      1041     790      480      747      626      702      912      937      781      738      1026     481      821      530      1169     873      154      109      
10       829      1306     289      431      822      418      836      872      1076     184      0        890      1092     1083     395      509      479      1204     431      138      1096     528      793      1018     803      582      855      754      755      799      1055     911      662      1080     428      719      485      1137     978      335      137      
11       295      416      1153     630      464      708      760      197      222      939      890      0        259      209      739      406      524      318      592      865      217      493      127      182      315      695      749      822      490      345      888      890      248      565      464      298      411      259      785      967      993      
12       311      279      1333     881      710      959      743      435      312      1110     1092     259      0        266      865      646      660      170      842      1088     255      747      304      80       342      765      723      837      507      595      807      859      496      416      666      557      608      105      717      1106     1180     
13       469      249      1353     777      505      852      939      251      47       1144     1083     209      266      0        949      582      733      193      745      1045     18       635      334      237      496      898      925      1013     676      408      1040     1065     423      671      665      414      614      185      943      1176     1193     
14       559      1123     514      615      890      651      441      812      959      294      395      739      865      949      0        511      215      1011     587      496      956      623      615      805      527      190      462      361      414      814      660      518      595      735      351      711      373      938      586      243      397      
15       477      817      792      244      378      322      768      362      569      604      509      406      646      582      511      0        349      724      203      463      596      146      346      566      466      578      772      765      540      312      965      891      160      794      161      217      163      665      862      680      630      
16       365      911      680      522      717      580      438      605      744      454      479      524      660      733      215      349      0        800      486      531      741      485      400      596      335      229      447      418      279      627      650      552      396      600      195      522      188      728      554      449      536      
17       471      112      1458     940      697      1017     913      434      237      1240     1204     318      170      193      1011     724      800      0        905      1183     176      800      412      208      502      925      894      1006     673      595      974      1030     564      576      776      587      719      73       886      1250     1301     
18       678      990      720      41       393      119      923      502      724      577      431      592      842      745      587      203      486      905      0        337      761      113      546      762      665      703      931      898      720      389      1131     1038     346      992      295      335      330      851      1032     691      567      
19       851      1279     397      327      729      297      926      817      1032     322      138      865      1088     1045     496      463      531      1183     337      0        1060     445      783      1010     829      673      943      857      810      723      1146     1013     623      1127     426      656      485      1121     1063     472      265      
20       470      232      1365     794      523      868      939      269      62       1155     1096     217      255      18       956      596      741      176      761      1060     0        652      341      231      497      902      924      1014     677      426      1036     1064     436      664      676      431      625      170      939      1185     1205     
21       614      882      818      142      296      217      912      389      613      658      528      493      747      635      623      146      485      800      113      445      652      0        462      668      605      712      916      903      686      277      1111     1033     253      933      289      223      305      749      1008     759      661      
22       196      519      1046     587      512      665      644      278      350      828      793      127      304      334      615      346      400      412      546      783      341      462      0        226      208      567      635      698      373      392      786      774      211      502      365      314      308      344      682      847      889      
23       264      321      1263     801      641      879      720      367      278      1041     1018     182      80       237      805      566      596      208      762      1010     231      668      226      0        295      717      703      805      469      524      805      841      416      434      590      480      532      135      710      1045     1108     
24       31       615      1016     707      710      782      446      486      523      790      803      315      342      496      527      466      335      502      665      829      497      605      208      295      0        423      434      517      180      593      578      575      380      327      407      505      353      429      474      771      871      
25       455      1038     694      737      943      787      253      810      917      480      582      695      765      898      190      578      229      925      703      673      902      712      567      717      423      0        273      195      268      850      473      344      614      567      422      745      417      852      396      399      586      
26       457      1001     951      968      1101     1027     27       910      955      747      855      749      723      925      462      772      447      894      931      943      924      916      635      703      434      273      0        155      262      992      205      140      757      393      636      892      611      826      125      647      855      
27       545      1116     818      932      1121     983      127      962      1038     626      754      822      837      1013     361      765      418      1006     898      857      1014     903      698      805      517      195      155      0        337      1021     313      157      782      541      613      917      602      935      267      510      736      
28       207      784      926      761      845      828      271      648      703      702      755      490      507      676      414      540      279      673      720      810      677      686      373      469      180      268      262      337      0        733      432      401      502      326      430      636      390      601      327      652      796      
29       586      656      1088     411      120      475      995      163      374      912      799      345      595      408      814      312      627      595      389      723      426      277      392      524      593      850      992      1021     733      0        1163     1125     238      893      465      105      444      562      1058     992      928      
30       594      1073     1131     1169     1276     1230     220      1065     1076     937      1055     888      807      1040     660      965      650      974      1131     1146     1036     1111     786      805      578      473      205      313      432      1163     0        173      934      408      836      1068     807      913      105      824      1046     
31       597      1135     967      1074     1232     1128     130      1049     1096     781      911      890      859      1065     518      891      552      1030     1038     1013     1064     1033     774      841      575      344      140      157      401      1125     173      0        888      503      747      1024     728      963      173      660      891      
32       381      657      938      384      343      463      759      221      413      738      662      248      496      423      595      160      396      564      346      623      436      253      211      416      380      614      757      782      502      238      934      888      0        701      260      135      223      507      828      794      777      
33       320      668      1249     1034     1013     1108     419      760      713      1026     1080     565      416      671      735      794      600      576      992      1127     664      933      502      434      327      567      393      541      326      893      408      503      701      0        722      816      672      521      336      966      1122     
34       428      879      688      334      539      398      629      482      663      481      428      464      666      665      351      161      195      776      295      426      676      289      365      590      407      422      636      613      430      465      836      747      260      722      0        363      58       709      737      535      528      
35       502      663      1005     364      208      438      895      166      390      821      719      298      557      414      711      217      522      587      335      656      431      223      314      480      505      745      892      917      636      105      1068     1024     135      816      363      0        339      542      962      895      844      
36       372      824      741      370      529      440      606      443      614      530      485      411      608      614      373      163      188      719      330      485      625      305      308      532      353      417      611      602      390      444      807      728      223      672      58       339      0        652      705      573      582      
37       398      186      1389     888      670      966      844      399      232      1169     1137     259      105      185      938      665      728      73       851      1121     170      749      344      135      429      852      826      935      601      562      913      963      507      521      709      542      652      0        822      1177     1233     
38       490      988      1076     1071     1171     1133     148      960      977      873      978      785      717      943      586      862      554      886      1032     1063     939      1008     682      710      474      396      125      267      327      1058     105      173      828      336      737      962      705      822      0        770      980      
39       802      1361     307      707      1049     718      622      1016     1182     154      335      967      1106     1176     243      680      449      1250     691      472      1185     759      847      1045     771      399      647      510      652      992      824      660      794      966      535      895      573      1177     770      0        253      
40       899      1407     161      568      957      554      833      992      1188     109      137      993      1180     1193     397      630      536      1301     567      265      1205     661      889      1108     871      586      855      736      796      928      1046     891      777      1122     528      844      582      1233     980      253      0        
;

