
sets
i        orders          /0*10/
k        routes          /1*10/
p        positions       /0*10/
;

alias(i,j)
alias(i,h)
alias(i,hh)
alias(i,jj)
alias(k,kk)
                
                    Parameters

rho(i)	Processing time
/
0	0
1	12
2	72
3	94
4	36
5	21
6	7
7	8
8	20
9	28
10	46
/

gamma(i)	Duedate
/
0	0
1	85
2	31
3	96
4	75
5	25
6	26
7	34
8	47
9	28
10	60
/

sigma(i)	Size
/
0	0
1	7
2	1
3	5
4	2
5	7
6	1
7	7
8	3
9	7
10	4
/

epsilon(i)	Priority
/
0	0
1	3
2	3
3	1
4	8
5	2
6	1
7	3
8	5
9	7
10	9
/

psi	Vehicle Capacity
/ 8 /
;

Table kappa(i,j)                 Setup
         0        1        2        3        4        5        6        7        8        9        10       
0        0        92       30       4        33       64       26       66       60       66       34       
1        92       0        92       88       79       77       93       109      59       75       93       
2        30       92       0        31       59       39       4        36       79       42       63       
3        4        88       31       0        29       63       27       68       55       65       32       
4        33       79       59       29       0        83       56       95       30       84       13       
5        64       77       39       63       83       0        43       33       91       3        92       
6        26       93       4        27       56       43       0        40       77       46       59       
7        66       109      36       68       95       33       40       0        111      36       100      
8        60       59       79       55       30       91       77       111      0        91       41       
9        66       75       42       65       84       3        46       36       91       0        93       
10       34       93       63       32       13       92       59       100      41       93       0        
;



Table delta(i,j)                 Distance
         0        1        2        3        4        5        6        7        8        9        10       
0        0        5430     1680     1500     1770     3480     5550     5160     4740     4830     5370     
1        5430     0        177      134      148      126      13       12       49       183      56       
2        1680     177      0        54       28       75       184      165      141      208      157      
3        1500     134      54       0        32       75       139      123      108      160      129      
4        1770     148      28       32       0        56       156      137      113      192      131      
5        3480     126      75       75       56       0        136      113      79       225      89       
6        5550     13       184      139      156      136      0        24       61       175      69       
7        5160     12       165      123      137      113      24       0        37       183      47       
8        4740     49       141      108      113      79       61       37       0        203      22       
9        4830     183      208      160      192      225      175      183      203      0        224      
10       5370     56       157      129      131      89       69       47       22       224      0        
;

