
sets
i        orders          /0*10/
k        routes          /1*10/
p        positions       /0*10/
;

alias(i,j)
alias(i,h)
alias(i,hh)
alias(i,jj)
alias(k,kk)
                
                    Parameters

rho(i)	Processing time
/
0	0
1	54
2	73
3	22
4	94
5	73
6	59
7	59
8	28
9	70
10	3
/

gamma(i)	Duedate
/
0	0
1	34
2	4
3	29
4	20
5	10
6	42
7	82
8	99
9	97
10	94
/

sigma(i)	Size
/
0	0
1	4
2	8
3	4
4	7
5	2
6	1
7	2
8	7
9	5
10	1
/

epsilon(i)	Priority
/
0	0
1	9
2	6
3	1
4	1
5	7
6	9
7	9
8	1
9	8
10	8
/

psi	Vehicle Capacity
/ 9 /
;

Table kappa(i,j)                 Setup
         0        1        2        3        4        5        6        7        8        9        10       
0        0        51       29       28       21       72       20       97       68       17       46       
1        51       0        59       60       41       55       32       55       45       50       66       
2        29       59       0        1        47       96       39       113      90       13       75       
3        28       60       1        0        46       96       38       113      90       12       74       
4        21       41       47       46       0        51       13       79       47       34       31       
5        72       55       96       96       51       0        57       44       10       83       43       
6        20       32       39       38       13       57       0        78       51       25       44       
7        97       55       113      113      79       44       78       0        38       102      84       
8        68       45       90       90       47       10       51       38       0        77       46       
9        17       50       13       12       34       83       25       102      77       0        62       
10       46       66       75       74       31       43       44       84       46       62       0        
;



Table delta(i,j)                 Distance
         0        1        2        3        4        5        6        7        8        9        10       
0        0        7560     6900     2430     5730     6900     9000     6660     2760     8370     8550     
1        7560     0        187      246      104      303      194      42       268      146      259      
2        6900     187      0        281      92       128      74       147      176      78       77       
3        2430     246      281      0        219      305      344      228      172      313      346      
4        5730     104      92       219      0        199      131      62       178      95       169      
5        6900     303      128      305      199      0        183      261      141      205      105      
6        9000     194      74       344      131      183      0        165      251      47       90       
7        6660     42       147      228      62       261      165      0        229      119      222      
8        2760     268      176      172      178      141      251      229      0        244      212      
9        8370     146      78       313      95       205      47       119      244      0        127      
10       8550     259      77       346      169      105      90       222      212      127      0        
;

