
sets
i        orders          /0*20/
k        routes          /1*20/
p        positions       /0*20/
;

alias(i,j)
alias(i,h)
alias(i,hh)
alias(i,jj)
alias(k,kk)
                
                    Parameters

rho(i)	Processing time
/
0	0
1	34
2	68
3	74
4	56
5	86
6	24
7	38
8	3
9	43
10	77
11	86
12	41
13	16
14	12
15	41
16	39
17	55
18	3
19	11
20	33
/

gamma(i)	Duedate
/
0	0
1	20
2	73
3	44
4	57
5	20
6	11
7	14
8	53
9	32
10	27
11	58
12	53
13	88
14	22
15	78
16	4
17	27
18	83
19	16
20	96
/

sigma(i)	Size
/
0	0
1	8
2	7
3	3
4	2
5	9
6	1
7	2
8	7
9	8
10	9
11	2
12	9
13	1
14	9
15	3
16	8
17	1
18	1
19	5
20	7
/

epsilon(i)	Priority
/
0	0
1	4
2	2
3	4
4	9
5	4
6	8
7	6
8	6
9	3
10	1
11	9
12	4
13	1
14	5
15	3
16	9
17	8
18	7
19	7
20	3
/

psi	Vehicle Capacity
/ 29 /
;

Table kappa(i,j)                 Setup
         0        1        2        3        4        5        6        7        8        9        10       11       12       13       14       15       16       17       18       19       20       
0        0        161      164      190      177      60       135      157      104      177      184      131      175      189      116      141      177      113      56       158      130      
1        161      0        162      113      182      105      26       91       72       121      133      167      189      132      178      25       25       127      159      97       33       
2        164      162      0        75       19       160      153      74       108      54       49       41       27       56       65       166      152      55       112      68       159      
3        190      113      75       0        90       160      116      33       94       21       27       105      101      21       128      128      94       85       151      32       125      
4        177      182      19       90       0        178      173      93       127      70       63       47       11       69       68       186      171      72       123      87       179      
5        60       105      160      160      178      0        78       127      66       153      163      139      179      166      134      82       124      105      84       129      73       
6        135      26       153      116      173      78       0        88       51       119      131      152      179      131      160      13       47       110      134      93       9        
7        157      91       74       33       93       127      88       0        61       31       43       92       102      43       111      100      78       61       123      6        96       
8        104      72       108      94       127      66       51       61       0        89       100      101      132      102      108      64       78       60       88       63       55       
9        177      121      54       21       70       153      119      31       89       0        12       84       81       13       107      132      106      67       135      26       127      
10       184      133      49       27       63       163      131      43       100      12       0        83       73       7        107      144      117      72       139      38       139      
11       131      167      41       105      47       139      152      92       101      84       83       0        44       91       24       165      163      41       75       87       156      
12       175      189      27       101      11       179      179      102      132      81       73       44       0        80       63       192      180      74       120      95       184      
13       189      132      56       21       69       166      131      43       102      13       7        91       80       0        114      143      114      78       146      39       139      
14       116      178      65       128      68       134      160      111      108      107      107      24       63       114      0        172      177      52       60       106      162      
15       141      25       166      128      186      82       13       100      64       132      144      165      192      143      172      0        50       124      145      106      11       
16       177      25       152      94       171      124      47       78       78       106      117      163      180      114      177      50       0        124      167      84       55       
17       113      127      55       85       72       105      110      61       60       67       72       41       74       78       52       124      124      0        67       57       114      
18       56       159      112      151      123      84       134      123      88       135      139      75       120      146      60       145      167      67       0        121      134      
19       158      97       68       32       87       129      93       6        63       26       38       87       95       39       106      106      84       57       121      0        101      
20       130      33       159      125      179      73       9        96       55       127      139      156      184      139      162      11       55       114      134      101      0        
;



Table delta(i,j)                 Distance
         0        1        2        3        4        5        6        7        8        9        10       11       12       13       14       15       16       17       18       19       20       
0        0        1470     430      1460     1490     1540     1260     430      830      1220     360      580      1210     270      870      990      230      1280     930      1400     1070     
1        1470     0        120      127      91       186      102      177      173      120      119      165      71       135      161      183      139      175      204      73       221      
2        430      120      0        157      148      180      131      86       118      134      8        96       116      18       118      135      23       156      135      134      149      
3        1460     127      157      0        40       64       28       143      100      24       149      114      58       158      85       99       158      67       132      55       146      
4        1490     91       148      40       0        105      28       157      125      46       141      132      32       154      110      128      155      103      159      18       175      
5        1540     186      180      64       105      0        85       132      79       66       171      102      115      175      68       67       173      26       99       117      108      
6        1260     102      131      28       28       85       0        130      97       20       124      104      31       135      81       100      135      78       130      34       146      
7        430      177      86       143      157      132      130      0        54       120      79       30       135      70       65       68       66       106      53       153      64       
8        830      173      118      100      125      79       97       54       0        81       110      25       113      108      15       16       105      52       33       127      50       
9        1220     120      134      24       46       66       20       120      81       0        126      91       49       134      65       82       134      58       114      54       129      
10       360      119      8        149      141      171      124      79       110      126      0        87       110      16       109      126      20       147      127      129      141      
11       580      165      96       114      132      102      104      30       25       91       87       0        114      83       34       41       80       76       41       130      57       
12       1210     71       116      58       32       115      31       135      113      49       110      114      0        123      99       120      125      106      147      19       164      
13       270      135      18       158      154      175      135      70       108      134      16       83       123      0        110      124      4        150      120      142      134      
14       870      161      118      85       110      68       81       65       15       65       109      34       99       110      0        21       107      42       48       112      65       
15       990      183      135      99       128      67       100      68       16       82       126      41       120      124      21       0        121      41       34       132      47       
16       230      139      23       158      155      173      135      66       105      134      20       80       125      4        107      121      0        148      117      144      130      
17       1280     175      156      67       103      26       78       106      52       58       147      76       106      150      42       41       148      0        75       112      85       
18       930      204      135      132      159      99       130      53       33       114      127      41       147      120      48       34       117      75       0        161      17       
19       1400     73       134      55       18       117      34       153      127      54       129      130      19       142      112      132      144      112      161      0        177      
20       1070     221      149      146      175      108      146      64       50       129      141      57       164      134      65       47       130      85       17       177      0        
;

