
sets
i        orders          /0*20/
k        routes          /1*20/
p        positions       /0*20/
;

alias(i,j)
alias(i,h)
alias(i,hh)
alias(i,jj)
alias(k,kk)
                
                    Parameters

rho(i)	Processing time
/
0	0
1	6
2	23
3	45
4	23
5	54
6	67
7	86
8	59
9	31
10	76
11	61
12	75
13	29
14	24
15	8
16	48
17	77
18	56
19	17
20	24
/

gamma(i)	Duedate
/
0	0
1	19
2	88
3	4
4	94
5	75
6	21
7	47
8	83
9	92
10	45
11	74
12	41
13	48
14	28
15	21
16	20
17	64
18	42
19	43
20	62
/

sigma(i)	Size
/
0	0
1	6
2	6
3	5
4	5
5	1
6	8
7	9
8	3
9	2
10	8
11	8
12	2
13	7
14	2
15	9
16	9
17	1
18	7
19	9
20	1
/

epsilon(i)	Priority
/
0	0
1	2
2	9
3	6
4	5
5	3
6	5
7	7
8	7
9	1
10	5
11	6
12	3
13	5
14	6
15	8
16	9
17	6
18	6
19	6
20	7
/

psi	Vehicle Capacity
/ 29 /
;

Table kappa(i,j)                 Setup
         0        1        2        3        4        5        6        7        8        9        10       11       12       13       14       15       16       17       18       19       20       
0        0        44       56       89       150      85       56       203      147      23       89       34       73       164      216      163      212      20       124      108      53       
1        44       0        78       130      194      93       68       235      154      50       133      78       116      208      255      189      253      64       160      117      95       
2        56       78       0        69       159      35       16       158      93       33       88       48       96       150      182      111      183      48       87       55       83       
3        89       130      69       0        96       96       86       121      131      81       30       55       64       81       127      99       123      69       43       104      67       
4        150      194      159      96       0        190      174      173      226      156      71       121      78       63       142      179      129      133      120      201      99       
5        85       93       35       96       190      0        28       159      63       61       119      83       131      174      193      104      196      82       100      24       118      
6        56       68       16       86       174      28       0        171      91       33       104      59       108      167      198      121      199      55       102      52       93       
7        203      235      158      121      173      159      171      0        137      186      144      173      183      112      57       58       70       185      79       146      188      
8        147      154      93       131      226      63       91       137      0        123      160      139      182      193      185      80       193      141      112      38       172      
9        23       50       33       81       156      61       33       186      123      0        89       35       83       161      204      143      202      25       110      85       65       
10       89       133      88       30       71       119      104      144      160      89       0        55       39       75       138      128      131      69       69       131      50       
11       34       78       48       55       121      83       59       173      139      35       55       0        49       130      182      139      178      14       93       103      34       
12       73       116      96       64       78       131      108      183      182      83       39       49       0        107      176      163      168      58       106      148      20       
13       164      208      150      81       63       174      167      112      193      161      75       130      107      0        79       130      67       144      80       177      124      
14       216      255      182      127      142      193      198      57       185      204      138      182      176      79       0        106      15       196      95       185      188      
15       163      189      111      99       179      104      121      58       80       143      128      139      163      130      106      0        116      148      60       89       163      
16       212      253      183      123      129      196      199      70       193      202      131      178      168      67       15       116      0        192      96       190      181      
17       20       64       48       69       133      82       55       185      141      25       69       14       58       144      196      148      192      0        105      103      39       
18       124      160      87       43       120      100      102      79       112      110      69       93       106      80       95       60       96       105      0        98       110      
19       108      117      55       104      201      24       52       146      38       85       131      103      148      177      185      89       190      103      98       0        137      
20       53       95       83       67       99       118      93       188      172      65       50       34       20       124      188      163      181      39       110      137      0        
;



Table delta(i,j)                 Distance
         0        1        2        3        4        5        6        7        8        9        10       11       12       13       14       15       16       17       18       19       20       
0        0        380      1430     720      650      1080     690      1710     1600     810      760      1470     1470     590      1140     780      1440     770      1530     1450     1770     
1        380      0        135      41       67       96       69       146      124      86       72       141      124      55       89       55       114      56       114      143      154      
2        1430     135      0        167      200      39       203      76       134      65       207      11       60       189      68       82       87       187      184      24       70       
3        720      41       167      0        58       127      57       162      119      125      55       175      143      45       110      84       125      22       88       179      172      
4        650      67       200      58       0        162      4        212      177      144      12       206      190      13       156      123      178      42       143      206      221      
5        1080     96       39       127      162      0        165      75       110      44       168      48       51       151      37       43       67       148      151      54       76       
6        690      69       203      57       4        165      0        213      176      148      8        209      191      14       157      125      178      40       141      209      222      
7        1710     146      76       162      212      75       213      0        76       119      214      86       24       198      57       93       37       184      140      99       13       
8        1600     124      134      119      177      110      176      76       0        145      175      145      75       163      72       94       47       139      67       157      89       
9        810      86       65       125      144      44       148      119      145      0        153      67       95       135      74       55       107      142      173      63       120      
10       760      72       207      55       12       168      8        214      175      153      0        213      193      18       159      128      179      36       137      214      224      
11       1470     141      11       175      206      48       209      86       145      67       213      0        72       195      79       91       98       195      195      13       80       
12       1470     124      60       143      190      51       191      24       75       95       193      72       0        177      34       69       28       165      134      84       30       
13       590      55       189      45       13       151      14       198      163      135      18       195      177      0        143      111      164      31       131      196      208      
14       1140     89       68       110      156      37       157      57       72       74       159      79       34       143      0        36       33       132      116      88       65       
15       780      55       82       84       123      43       125      93       94       55       128      91       69       111      36       0        67       105      117      96       100      
16       1440     114      87       125      178      67       178      37       47       107      179      98       28       164      33       67       0        148      106      110      49       
17       770      56       187      22       42       148      40       184      139      142      36       195      165      31       132      105      148      0        101      198      195      
18       1530     114      184      88       143      151      141      140      67       173      137      195      134      131      116      117      106      101      0        204      153      
19       1450     143      24       179      206      54       209      99       157      63       214      13       84       196      88       96       110      198      204      0        93       
20       1770     154      70       172      221      76       222      13       89       120      224      80       30       208      65       100      49       195      153      93       0        
;

