
sets
i        orders          /0*40/
k        routes          /1*40/
p        positions       /0*40/
;

alias(i,j)
alias(i,h)
alias(i,hh)
alias(i,jj)
alias(k,kk)
                
                    Parameters

rho(i)	Processing time
/
0	0
1	44
2	46
3	53
4	29
5	2
6	40
7	86
8	79
9	93
10	80
11	86
12	87
13	59
14	52
15	34
16	26
17	37
18	82
19	51
20	62
21	20
22	23
23	54
24	56
25	79
26	17
27	54
28	47
29	15
30	52
31	2
32	39
33	80
34	83
35	38
36	85
37	60
38	91
39	87
40	32
/

gamma(i)	Duedate
/
0	0
1	86
2	86
3	33
4	39
5	69
6	75
7	32
8	72
9	75
10	87
11	72
12	54
13	54
14	57
15	49
16	61
17	65
18	3
19	97
20	73
21	48
22	20
23	47
24	62
25	8
26	69
27	51
28	62
29	58
30	14
31	64
32	73
33	14
34	11
35	69
36	12
37	21
38	20
39	47
40	28
/

sigma(i)	Size
/
0	0
1	4
2	3
3	6
4	8
5	7
6	7
7	7
8	1
9	9
10	4
11	2
12	2
13	4
14	9
15	2
16	7
17	1
18	5
19	9
20	3
21	8
22	4
23	1
24	1
25	9
26	4
27	6
28	2
29	1
30	6
31	3
32	9
33	1
34	8
35	2
36	5
37	8
38	2
39	4
40	7
/

epsilon(i)	Priority
/
0	0
1	5
2	8
3	4
4	1
5	8
6	9
7	5
8	4
9	5
10	3
11	7
12	8
13	4
14	9
15	4
16	7
17	7
18	6
19	5
20	2
21	8
22	6
23	2
24	2
25	7
26	8
27	1
28	8
29	7
30	5
31	1
32	3
33	3
34	7
35	6
36	7
37	8
38	1
39	5
40	3
/

psi	Vehicle Capacity
/ 20 /
;

Table kappa(i,j)                 Setup
         0        1        2        3        4        5        6        7        8        9        10       11       12       13       14       15       16       17       18       19       20       21       22       23       24       25       26       27       28       29       30       31       32       33       34       35       36       37       38       39       40       
0        0        919      373      610      556      370      745      157      737      736      654      546      991      723      1013     643      345      895      940      519      148      266      162      438      177      196      883      336      951      746      545      284      383      475      78       939      298      986      973      532      511      
1        919      0        1132     458      375      553      610      1037     1432     1259     1334     1290     939      1116     579      1303     578      591      45       1054     883      716      760      933      886      1077     149      938      378      1276     1341     739      844      971      853      1134     905      774      573      545      797      
2        373      1132     0        712      822      652      736      451      365      395      280      178      846      445      1024     272      581      892      1164     244      521      423      443      268      269      211      1052     701      1036     401      209      393      314      266      374      698      667      913      983      616      430      
3        610      458      712      0        342      360      224      761      982      800      885      854      579      660      418      852      302      323      499      601      646      349      454      484      507      713      348      786      343      818      915      349      404      519      532      709      741      476      382      96       339      
4        556      375      822      342      0        186      566      664      1159     1038     1063     994      921      930      706      1037     241      643      389      809      509      401      405      682      558      730      386      572      552      1054     1030     438      583      727      498      1030     535      811      679      368      595      
5        370      553      652      360      186      0        570      484      1001     907      905      827      903      821      774      882      94       684      571      672      335      244      221      548      383      545      537      435      657      921      856      289      450      594      312      960      393      829      740      335      499      
6        745      610      736      224      566      570      0        902      930      706      840      842      357      542      288      804      495      157      655      557      814      482      609      472      602      799      471      974      336      724      918      461      430      489      668      523      928      259      247      237      306      
7        157      1037     451      761      664      484      902      0        795      840      723      603      1144     850      1168     720      481      1051     1053     641      161      422      307      577      324      240      1016     270      1099     847      578      442      533      609      234      1078     250      1144     1129     686      665      
8        737      1432     365      982      1159     1001     930      795      0        266      97       193      896      432      1197     129      921      1068     1468     382      883      760      802      498      626      558      1330     1057     1262     253      231      721      589      462      739      655      1026     1026     1159     889      647      
9        736      1259     395      800      1038     907      706      840      266      0        215      315      632      173      955      185      817      831      1299     235      883      663      746      359      580      604      1142     1073     1043     17       402      618      457      312      710      390      1034     770      919      716      462      
10       654      1334     280      885      1063     905      840      723      97       215      0        127      829      364      1111     37       825      981      1371     287      802      664      711      401      534      484      1234     980      1170     208      198      624      491      366      650      604      947      948      1073     792      552      
11       546      1290     178      854      994      827      842      603      193      315      127      0        883      431      1123     138      753      992      1324     290      691      593      621      375      445      365      1200     864      1160     313      91       559      450      352      551      684      833      982      1084     758      539      
12       991      939      846      579      921      903      357      1144     896      632      829      883      0        465      423      792      818      353      985      607      1092     756      889      594      820      981      792      1271     594      646      972      720      613      582      922      279      1225     189      403      570      479      
13       723      1116     445      660      930      821      542      850      432      173      364      431      465      0        783      328      727      660      1158     210      860      589      694      291      549      632      992      1053     878      190      522      542      377      249      679      256      1011     596      747      584      335      
14       1013     579      1024     418      706      774      288      1168     1197     955      1111     1123     423      783      0        1074     721      132      622      835      1063     747      865      758      883      1083     433      1204     201      972      1202     733      718      773      934      683      1159     233      41       482      593      
15       643      1303     272      852      1037     882      804      720      129      185      37       138      792      328      1074     0        800      944      1340     252      791      639      692      369      515      480      1200     973      1134     180      219      599      461      333      635      570      939      910      1035     759      518      
16       345      578      581      302      241      94       495      481      921      817      825      753      818      727      721      800      0        621      603      583      350      161      183      457      317      499      538      484      624      832      789      202      359      504      275      867      439      755      685      258      405      
17       895      591      892      323      643      684      157      1051     1068     831      981      992      353      660      132      944      621      0        636      704      954      629      753      626      758      956      442      1105     243      848      1070     612      587      640      817      586      1059     184      91       370      461      
18       940      45       1164     499      389      571      655      1053     1468     1299     1371     1324     985      1158     622      1340     603      636      0        1092     898      745      783      970      914      1103     194      944      421      1316     1373     770      879      1009     876      1178     912      819      617      584      837      
19       519      1054     244      601      809      672      557      641      382      235      287      290      607      210      835      252      583      704      1092     0        661      428      513      127      352      422      949      854      884      250      374      383      225      83       483      455      813      694      796      509      265      
20       148      883      521      646      509      335      814      161      883      883      802      691      1092     860      1063     791      350      954      898      661      0        338      206      571      310      331      872      193      974      893      684      372      503      611      182      1066     151      1067     1026     584      619      
21       266      716      423      349      401      244      482      422      760      663      664      593      756      589      747      639      161      629      745      428      338      0        132      306      170      371      653      515      692      678      632      47       212      353      187      757      469      730      707      266      294      
22       162      760      443      454      405      221      609      307      802      746      711      621      889      694      865      692      183      753      783      513      206      132      0        403      176      324      720      383      792      759      641      170      320      448      93       880      337      861      827      383      422      
23       438      933      268      484      682      548      472      577      498      359      401      375      594      291      758      369      457      626      970      127      571      306      403      0        262      388      833      764      785      374      447      260      98       46       389      501      721      646      718      390      165      
24       177      886      269      507      558      383      602      324      626      580      534      445      820      549      883      515      317      758      914      352      310      170      176      262      0        205      823      504      849      592      473      158      208      301      130      762      462      830      842      417      341      
25       196      1077     211      713      730      545      799      240      558      604      484      365      981      632      1083     480      499      956      1103     422      331      371      324      388      205      0        1023     498      1055     611      352      364      378      409      234      874      468      1014     1042     622      516      
26       883      149      1052     348      386      537      471      1016     1330     1142     1234     1200     792      992      433      1200     538      442      194      949      872      653      720      833      823      1023     0        956      234      1159     1258     668      750      867      811      993      918      625      425      442      686      
27       336      938      701      786      572      435      974      270      1057     1073     980      864      1271     1053     1204     973      484      1105     944      854      193      515      383      764      504      498      956      0        1093     1082     846      554      694      804      375      1257     46       1232     1169     738      805      
28       951      378      1036     343      552      657      336      1099     1262     1043     1170     1160     594      878      201      1134     624      243      421      884      974      692      792      785      849      1055     234      1093     0        1060     1231     691      721      810      873      828      1050     413      199      432      621      
29       746      1276     401      818      1054     921      724      847      253      17       208      313      646      190      972      180      832      848      1316     250      893      678      759      374      592      611      1159     1082     1060     0        399      633      473      328      721      401      1044     786      936      733      479      
30       545      1341     209      915      1030     856      918      578      231      402      198      91       972      522      1202     219      789      1070     1373     374      684      632      641      447      473      352      1258     846      1231     399      0        602      512      429      563      775      819      1068     1162     819      613      
31       284      739      393      349      438      289      461      442      721      618      624      559      720      542      733      599      202      612      770      383      372      47       170      260      158      364      668      554      691      633      602      0        165      306      208      713      508      703      693      260      251      
32       383      844      314      404      583      450      430      533      589      457      491      450      613      377      718      461      359      587      879      225      503      212      320      98       208      378      750      694      721      473      512      165      0        144      322      563      649      635      677      308      137      
33       475      971      266      519      727      594      489      609      462      312      366      352      582      249      773      333      504      640      1009     83       611      353      448      46       301      409      867      804      810      328      429      306      144      0        430      469      762      648      732      427      188      
34       78       853      374      532      498      312      668      234      739      710      650      551      922      679      934      635      275      817      876      483      182      187      93       389      130      234      811      375      873      721      563      208      322      430      0        884      332      911      895      453      444      
35       939      1134     698      709      1030     960      523      1078     655      390      604      684      279      256      683      570      867      586      1178     455      1066     757      880      501      762      874      993      1257     828      401      775      713      563      469      884      0        1212     458      656      662      465      
36       298      905      667      741      535      393      928      250      1026     1034     947      833      1225     1011     1159     939      439      1059     912      813      151      469      337      721      462      468      918      46       1050     1044     819      508      649      762      332      1212     0        1185     1124     692      759      
37       986      774      913      476      811      829      259      1144     1026     770      948      982      189      596      233      910      755      184      819      694      1067     730      861      646      830      1014     625      1232     413      786      1068     703      635      648      911      458      1185     0        217      496      498      
38       973      573      983      382      679      740      247      1129     1159     919      1073     1084     403      747      41       1035     685      91       617      796      1026     707      827      718      842      1042     425      1169     199      936      1162     693      677      732      895      656      1124     217      0        443      553      
39       532      545      616      96       368      335      237      686      889      716      792      758      570      584      482      759      258      370      584      509      584      266      383      390      417      622      442      738      432      733      819      260      308      427      453      662      692      496      443      0        254      
40       511      797      430      339      595      499      306      665      647      462      552      539      479      335      593      518      405      461      837      265      619      294      422      165      341      516      686      805      621      479      613      251      137      188      444      465      759      498      553      254      0        
;



Table delta(i,j)                 Distance
         0        1        2        3        4        5        6        7        8        9        10       11       12       13       14       15       16       17       18       19       20       21       22       23       24       25       26       27       28       29       30       31       32       33       34       35       36       37       38       39       40       
0        0        2040     4920     5280     5610     3390     5580     8220     4980     5610     8520     4020     8040     5520     4500     4440     4110     6180     1500     1260     2490     8520     2400     2700     4680     7440     2850     7680     10530    5160     4950     1830     7020     4770     4350     5760     5220     2760     6630     3930     7050     
1        2040     0        112      190      183      181      123      216      119      179      228      73       271      187      183      159      198      163      108      87       19       223      103      155      167      210      132      231      286      181      167      105      220      104      107      206      131      72       230      123      212      
2        4920     112      0        299      133      266      147      111      188      123      254      47       374      148      193      142      255      53       213      154      116      235      135      227      147      103      244      137      269      151      133      160      312      13       37       315      27       82       337      95       298      
3        5280     190      299      0        361      209      218      389      155      360      250      254      94       360      322      325      275      352      144      217      183      270      257      227      332      400      89       420      351      349      340      235      95       289      297      16       320      255      44       303      114      
4        5610     183      133      361      0        240      272      207      296      11       383      164      450      19       98       48       193      116      232      150      199      366      109      193      44       117      282      90       402      32       24       139      403      144      100      377      110      111      405      60       396      
5        3390     181      266      209      240      0        297      378      265      245      387      245      300      228      157      192      73       300      86       112      195      391      141      46       197      333      125      325      461      213      215      110      295      264      239      220      269      185      250      203      304      
6        5580     123      147      218      272      297      0        190      65       264      111      108      265      282      299      264      321      195      214      210      104      101      221      277      270      243      210      283      164      280      263      227      190      134      172      231      175      174      242      218      170      
7        8220     216      111      389      207      378      190      0        251      196      268      142      451      226      290      235      363      92       322      266      213      238      244      339      237      104      347      156      237      235      218      271      380      115      141      404      113      193      422      194      361      
8        4980     119      188      155      296      265      65       251      0        290      121      141      201      302      301      277      303      240      179      199      100      129      222      255      284      290      161      324      206      297      282      219      129      175      203      167      214      187      177      237      111      
9        5610     179      123      360      11       245      264      196      290      0        375      156      448      30       107      55       201      105      233      152      195      357      111      198      52       106      283      82       393      42       31       142      399      134      92       376      99       107      403      57       392      
10       8520     228      254      250      383      387      111      268      121      375      0        219      257      394      409      375      422      298      300      314      209      33       330      375      382      342      279      387      106      392      375      333      179      242      283      258      282      285      255      330      153      
11       4020     73       47       254      164      245      108      142      141      156      219      0        327      175      202      160      246      101      180      137      72       203      130      211      165      150      205      183      249      174      157      148      264      35       64       270      73       76       291      112      251      
12       8040     271      374      94       450      300      265      451      201      448      257      327      0        450      416      416      368      428      238      310      261      285      348      321      424      477      183      502      363      440      430      328      78       362      378      81       398      341      50       391      104      
13       5520     187      148      360      19       228      282      226      302      30       394      175      450      0        81       37       177      135      226      145      204      378      104      181      30       137      278      107      417      15       19       131      406      158      113      375      126      115      404      65       400      
14       4500     183      193      322      98       157      299      290      301      107      409      202      416      81       0        55       98       199      179      108      202      399      79       112      56       212      234      188      451      66       77       89       385      198      156      337      179      126      367      98       384      
15       4440     159      142      325      48       192      264      235      277      55       375      160      416      37       55       0        146      143      189      108      177      362      68       145      7        157      242      137      408      24       24       94       375      150      105      340      126      91       369      48       370      
16       4110     198      255      275      193      73       321      363      303      201      422      246      368      177      98       146      0        276      136      112      216      421      119      50       149      300      187      283      484      162      170      98       355      256      222      287      250      174      318      172      360      
17       6180     163      53       352      116      300      195      92       240      105      298      101      428      135      199      143      276      0        256      189      169      274      160      257      145      49       293      89       297      143      126      190      365      65       61       368      32       116      390      104      351      
18       1500     108      213      144      232      86       214      322      179      233      300      180      238      226      179      189      136      256      0        81       118      305      122      87       196      298      55       304      377      213      208      95       218      207      195      158      224      142      188      179      224      
19       1260     87       154      217      150      112      210      266      199      152      314      137      310      145      108      108      112      189      81       0        106      310      41       74       116      225      133      226      372      132      127      20       276      152      128      233      158      73       262      99       276      
20       2490     19       116      183      199      195      104      213      100      195      209      72       261      204      202      177      216      169      118      106      0        204      122      172      185      217      134      242      268      198      184      124      205      106      117      199      137      88       221      139      196      
21       8520     223      235      270      366      391      101      238      129      357      33       203      285      378      399      362      421      274      305      310      204      0        322      375      368      317      290      364      80       378      360      328      207      223      265      279      262      274      280      315      181      
22       2400     103      135      257      109      141      221      244      222      111      330      130      348      104      79       68       119      160      122      41       122      322      0        97       75       191      174      187      377      92       86       32       310      137      103      272      132      55       301      62       307      
23       2700     155      227      227      193      46       277      339      255      198      375      211      321      181      112      145      50       257      87       74       172      375      97       0        150      288      138      279      441      166      168      67       305      226      198      240      228      145      271      158      310      
24       4680     167      147      332      44       197      270      237      284      52       382      165      424      30       56       7        149      145      196      116      185      368      75       150      0        156      249      134      413      16       21       101      382      154      110      348      129      98       377      53       378      
25       7440     210      103      400      117      333      243      104      290      106      342      150      477      137      212      157      300      49       298      225      217      317      191      288      156      0        338      52       332      149      135      223      415      115      104      416      79       156      439      130      401      
26       2850     132      244      89       282      125      210      347      161      283      279      205      183      278      234      242      187      293      55       133      134      290      174      138      249      338      0        350      367      266      260      149      170      236      233      103      260      184      133      227      179      
27       7680     231      137      420      90       325      283      156      324      82       387      183      502      107      188      137      283      89       304      226      242      364      187      279      134      52       350      0        383      122      113      219      445      150      124      436      110      166      461      126      433      
28       10530    286      269      351      402      461      164      237      206      393      106      249      363      417      451      408      484      297      377      372      268      80       377      441      413      332      367      383      0        420      401      388      285      259      304      360      293      325      360      360      259      
29       5160     181      151      349      32       213      280      235      297      42       392      174      440      15       66       24       162      143      213      132      198      378      92       166      16       149      266      122      420      0        18       118      398      160      115      365      131      110      393      62       393      
30       4950     167      133      340      24       215      263      218      282      31       375      157      430      19       77       24       170      126      208      127      184      360      86       168      21       135      260      113      401      18       0        115      386      142      97       356      113      96       384      46       380      
31       1830     105      160      235      139      110      227      271      219      142      333      148      328      131      89       94       98       190      95       20       124      328      32       67       101      223      149      219      388      118      115      0        296      160      131      250      161      78       280      94       295      
32       7020     220      312      95       403      295      190      380      129      399      179      264      78       406      385      375      355      365      218      276      205      207      310      305      382      415      170      445      285      398      386      296      0        299      321      94       337      292      81       343      26       
33       4770     104      13       289      144      264      134      115      175      134      242      35       362      158      198      150      256      65       207      152      106      223      137      226      154      115      236      150      259      160      142      160      299      0        44       305      40       82       326      102      286      
34       4350     107      37       297      100      239      172      141      203      92       283      64       378      113      156      105      222      61       195      128      117      265      103      198      110      104      233      124      304      115      97       131      321      44       0        314      30       55       338      58       310      
35       5760     206      315      16       377      220      231      404      167      376      258      270      81       375      337      340      287      368      158      233      199      279      272      240      348      416      103      436      360      365      356      250      94       305      314      0        336      271      30       319      116      
36       5220     131      27       320      110      269      175      113      214      99       282      73       398      126      179      126      250      32       224      158      137      262      132      228      129      79       260      110      293      131      113      161      337      40       30       336      0        85       359      81       324      
37       2760     72       82       255      111      185      174      193      187      107      285      76       341      115      126      91       174      116      142      73       88       274      55       145      98       156      184      166      325      110      96       78       292      82       55       271      85       0        297      51       285      
38       6630     230      337      44       405      250      242      422      177      403      255      291      50       404      367      369      318      390      188      262      221      280      301      271      377      439      133      461      360      393      384      280      81       326      338      30       359      297      0        346      105      
39       3930     123      95       303      60       203      218      194      237      57       330      112      391      65       98       48       172      104      179      99       139      315      62       158      53       130      227      126      360      62       46       94       343      102      58       319      81       51       346      0        336      
40       7050     212      298      114      396      304      170      361      111      392      153      251      104      400      384      370      360      351      224      276      196      181      307      310      378      401      179      433      259      393      380      295      26       286      310      116      324      285      105      336      0        
;

