

sets
i        orders          /0*80/
k        routes          /1*80/
p        positions       /0*80/
;

alias(i,j)
alias(i,h)
alias(i,hh)
alias(i,jj)
alias(k,kk)
                            Parameters

rho(i)	Processing time
/
0	0
1	19
2	79
3	38
4	86
5	81
6	59
7	83
8	79
9	37
10	76
11	83
12	13
13	19
14	84
15	61
16	12
17	91
18	5
19	2
20	84
21	70
22	78
23	54
24	48
25	78
26	4
27	97
28	28
29	84
30	23
31	36
32	82
33	86
34	1
35	17
36	13
37	2
38	83
39	12
40	3
41	26
42	43
43	48
44	8
45	67
46	22
47	96
48	48
49	15
50	59
51	18
52	3
53	51
54	74
55	2
56	25
57	64
58	96
59	68
60	31
61	39
62	23
63	49
64	14
65	52
66	85
67	26
68	78
69	39
70	76
71	33
72	30
73	9
74	21
75	32
76	23
77	68
78	63
79	61
80	78
/

gamma(i)	Duedate
/
0	0
1	98
2	15
3	45
4	14
5	76
6	45
7	4
8	3
9	56
10	37
11	5
12	6
13	86
14	48
15	63
16	28
17	99
18	66
19	62
20	85
21	10
22	21
23	40
24	9
25	33
26	8
27	27
28	57
29	28
30	5
31	64
32	99
33	12
34	11
35	25
36	58
37	19
38	59
39	78
40	10
41	17
42	28
43	19
44	16
45	40
46	97
47	2
48	77
49	30
50	11
51	86
52	44
53	81
54	84
55	90
56	67
57	9
58	26
59	57
60	31
61	70
62	5
63	48
64	28
65	44
66	38
67	17
68	36
69	68
70	19
71	65
72	1
73	91
74	92
75	50
76	42
77	77
78	16
79	32
80	50
/

sigma(i)	Size
/
0	0
1	7
2	5
3	6
4	3
5	9
6	1
7	6
8	9
9	7
10	9
11	5
12	8
13	2
14	1
15	6
16	6
17	7
18	9
19	7
20	3
21	5
22	9
23	3
24	8
25	7
26	2
27	4
28	2
29	1
30	7
31	6
32	6
33	8
34	2
35	3
36	6
37	2
38	3
39	1
40	8
41	7
42	1
43	8
44	3
45	3
46	3
47	1
48	7
49	2
50	2
51	8
52	7
53	8
54	6
55	6
56	4
57	6
58	2
59	9
60	4
61	1
62	3
63	6
64	1
65	6
66	2
67	4
68	1
69	7
70	1
71	7
72	5
73	2
74	2
75	8
76	6
77	8
78	4
79	4
80	4
/

epsilon(i)	Priority
/
0	0
1	8
2	2
3	2
4	9
5	1
6	1
7	9
8	2
9	6
10	6
11	5
12	9
13	9
14	7
15	3
16	3
17	4
18	4
19	1
20	7
21	4
22	3
23	3
24	7
25	4
26	5
27	5
28	7
29	2
30	6
31	6
32	8
33	8
34	4
35	6
36	2
37	2
38	4
39	3
40	1
41	5
42	7
43	9
44	9
45	6
46	6
47	7
48	5
49	7
50	3
51	5
52	9
53	2
54	6
55	3
56	5
57	5
58	7
59	3
60	2
61	5
62	5
63	1
64	6
65	8
66	9
67	5
68	9
69	7
70	7
71	9
72	7
73	4
74	8
75	2
76	2
77	3
78	4
79	7
80	4
/

psi	Vehicle Capacity
/ 68 /
;

Table kappa(i,j)                 Setup
         0        1        2        3        4        5        6        7        8        9        10       11       12       13       14       15       16       17       18       19       20       21       22       23       24       25       26       27       28       29       30       31       32       33       34       35       36       37       38       39       40       41       42       43       44       45       46       47       48       49       50       51       52       53       54       55       56       57       58       59       60       61       62       63       64       65       66       67       68       69       70       71       72       73       74       75       76       77       78       79       80       
0        0        3547     3038     4148     3911     7612     6390     1368     2750     3096     5164     7016     3962     1760     5477     2324     3913     2526     6294     6710     4273     4409     6267     2066     3743     983      2078     7059     7400     4123     6934     4061     7900     4274     6207     4592     3488     5483     1225     6164     4079     2529     3834     7387     3802     4826     5128     2193     4466     3042     6604     662      6970     6674     3412     4315     2135     4013     3370     6523     4973     6432     5052     6482     3594     7017     3217     3602     4131     3417     2936     2423     1623     2359     1871     3002     1451     646      3182     2500     6969     
1        3547     0        5675     5471     4903     5917     3951     3819     4067     4131     5041     8222     5017     2998     2970     2358     6819     1404     4943     5079     6635     1491     7807     2127     4066     3836     1951     7574     6917     790      5912     1527     5520     4709     4923     5457     5104     6169     2933     5160     4108     3022     2336     8428     7162     1998     6696     1397     3292     6192     8081     2993     5641     7528     160      4561     1560     3671     5831     6499     5058     6093     4495     5238     1637     4539     6424     7050     6823     6193     6235     1665     2184     1503     1688     611      3344     3754     3618     1060     5670     
2        3038     5675     0        2074     2344     7164     6848     1940     1974     2212     4020     4356     2291     2680     6224     3410     1181     4284     5838     6389     1249     5818     3479     3555     2992     2134     3724     4874     5956     5924     6039     5360     8031     3046     5717     2768     1523     3493     2816     5447     3365     2905     4557     4794     2192     6027     2477     4355     4561     1108     3820     3094     6330     4294     5598     3247     4140     3683     399      4875     3721     5072     4342     5884     4800     7386     1344     2439     1162     535      1510     4037     4451     5032     4358     5327     2349     2419     2829     4851     6303     
3        4148     5471     2074     0        624      5270     5383     2780     1538     1355     2069     2930     504      2831     4989     3162     2883     4125     4011     4581     1863     5069     2352     3502     1592     3182     3698     2966     3882     5435     4048     4616     6329     1243     3884     701      685      1457     3293     3542     1817     2473     3611     3261     4210     5107     1225     4454     3203     3177     2650     3861     4404     2526     5451     1487     4196     2292     1772     2803     1759     3011     2553     3997     4117     5833     3400     4501     2487     2396     3584     3864     5057     5388     4693     5336     2830     3523     1871     4971     4371     
4        3911     4903     2344     624      0        4837     4799     2568     1171     880      1676     3379     120      2421     4375     2639     3307     3586     3535     4098     2400     4451     2903     3004     968      2989     3197     3153     3722     4835     3696     4001     5809     716      3410     685      822      1574     2931     3112     1212     1952     2990     3658     4534     4483     1819     3954     2591     3445     3179     3541     3992     2840     4892     942      3695     1674     2121     2711     1380     2789     2045     3556     3509     5269     3687     4776     2966     2754     3818     3330     4651     4920     4236     4803     2509     3319     1286     4464     3964     
5        7612     5917     7164     5270     4837     0        2229     6657     5424     5078     3201     5951     4908     5878     3032     5318     8135     5579     1356     907      7119     4467     6299     5656     4246     7031     5729     4484     2527     5234     1392     4400     1578     4123     1466     4609     5656     4369     6387     1728     3854     5118     3949     5788     9356     4007     5885     6150     3153     8245     6335     6988     879      5031     6035     3917     5990     3697     6958     3231     3511     2645     2829     1281     4501     1970     8496     9563     7757     7592     8585     5504     7326     7043     6669     6320     6281     7260     4635     6387     922      
6        6390     3951     6848     5383     4799     2229     0        5766     4889     4637     3602     7041     4907     4836     994      4098     7973     4002     1990     1690     7194     2460     7103     4324     3910     6059     4329     5791     4222     3198     2929     2548     1585     4144     2074     4888     5511     5058     5233     2542     3592     4186     2570     7018     8943     1955     6355     4529     2286     7811     7241     5728     2400     6133     4091     3898     4437     3186     6761     4450     3853     3840     2930     2269     2856     631      8074     9041     7712     7353     8065     4018     5709     5270     5050     4447     5295     6201     4025     4633     2452     
7        1368     3819     1940     2780     2568     6657     5766     0        1435     1802     3940     5657     2609     969      4962     1776     3023     2478     5306     5780     3088     4219     4931     1773     2541     424      1909     5702     6159     4175     5824     3791     7169     2997     5205     3242     2122     4130     894      5087     2912     1592     3228     6022     3413     4530     3781     2452     3609     2382     5264     1191     5938     5307     3726     3073     2260     2962     2194     5230     3719     5193     3939     5451     3244     6369     2623     3390     3101     2422     2480     2260     2535     3091     2419     3420     512      752      2042     2931     5928     
8        2750     4067     1974     1538     1171     5424     4889     1435     0        374      2529     4466     1236     1292     4250     1710     3136     2677     4069     4587     2629     3936     3870     2005     1185     1860     2201     4324     4731     4156     4473     3472     6136     1565     3957     1856     1042     2744     1771     3774     1577     1058     2601     4781     4061     4096     2713     2947     2608     2928     4178     2371     4648     3995     4027     1659     2693     1775     1957     3795     2293     3768     2619     4172     2923     5443     3190     4197     2968     2496     3212     2413     3521     3857     3159     3864     1338     2178     865      3468     4632     
9        3096     4131     2212     1355     880      5078     4637     1802     374      0        2155     4244     967      1542     4050     1807     3342     2772     3726     4253     2710     3862     3708     2150     832      2225     2344     4011     4360     4149     4105     3399     5837     1195     3612     1557     1018     2433     2061     3415     1224     1119     2465     4535     4351     3977     2572     3102     2350     3220     4003     2682     4292     3720     4105     1285     2843     1475     2137     3433     1920     3395     2262     3819     2867     5174     3480     4511     3123     2716     3526     2510     3771     4051     3363     3981     1662     2539     650      3617     4275     
10       5164     5041     4020     2069     1676     3201     3602     3940     2529     2155     0        3526     1731     3445     3488     3259     4941     4002     1969     2542     3922     4111     3502     3669     1420     4359     3827     2561     2236     4709     2020     3742     4326     999      1842     1418     2497     1462     4007     1474     1112     2725     2735     3594     6208     3950     2804     4513     1884     5121     3652     4656     2337     2672     5083     870      4271     1402     3783     1489     310      1269     701      1930     3421     3951     5363     6452     4556     4417     5491     3797     5485     5532     4931     5144     3714     4656     1993     4950     2305     
11       7016     8222     4356     2930     3379     5951     7041     5657     4466     4244     3526     0        3280     5758     7013     6015     4446     6951     5151     5655     3291     7539     954      6383     4155     6035     6576     1526     3565     8048     4564     7128     7416     3522     5039     2769     3542     2112     6223     4566     4157     5331     6087     479      5909     7438     1910     7333     5365     5229     679      6779     5133     926      8225     3697     7074     4642     3957     2726     3360     3337     4226     4958     6711     7287     5353     6340     3922     4350     5669     6698     7987     8295     7606     8167     5755     6375     4630     7841     5079     
12       3962     5017     2291     504      120      4908     4907     2609     1236     967      1731     3280     0        2502     4491     2743     3228     3694     3615     4181     2298     4572     2789     3104     1088     3028     3297     3097     3734     4953     3748     4121     5901     800      3490     632      769      1521     3004     3181     1324     2055     3111     3568     4476     4604     1700     4055     2706     3396     3069     3606     4058     2762     5004     1034     3796     1791     2053     2706     1430     2811     2131     3628     3629     5372     3635     4728     2877     2687     3777     3437     4735     5015     4329     4910     2573     3362     1401     4566     4029     
13       1760     2998     2680     2831     2421     5878     4836     969      1292     1542     3445     5758     2502     0        4007     808      3837     1604     4547     4982     3664     3260     5153     875      2033     1223     1046     5542     5679     3266     5174     2826     6277     2624     4457     3098     2292     3969     561      4403     2342     769      2278     6066     4366     3561     3992     1729     2756     3303     5466     1211     5215     5262     2927     2624     1492     2252     2836     4858     3281     4713     3294     4727     2276     5448     3553     4358     3825     3203     3436     1359     2233     2579     1877     2689     465      1393     1452     2247     5212     
14       5477     2970     6224     4989     4375     3032     994      4962     4250     4050     3488     7013     4491     4007     0        3232     7382     3037     2372     2297     6714     1480     6941     3415     3424     5222     3401     5914     4619     2234     3394     1555     2579     3797     2410     4597     5001     4937     4357     2808     3174     3423     1735     7058     8244     988      6070     3551     1786     7123     7121     4814     2965     6143     3106     3558     3471     2701     6185     4611     3681     4046     2787     2685     1898     1613     7385     8304     7172     6746     7342     3073     4725     4275     4069     3454     4472     5336     3407     3639     3007     
15       2324     2358     3410     3162     2639     5318     4098     1776     1710     1807     3259     6015     2743     808      3232     0        4584     969      4031     4412     4290     2457     5514     409      1964     1995     580      5592     5435     2516     4767     2019     5583     2621     3954     3261     2750     4069     1135     3976     2161     689      1527     6274     5171     2753     4379     1324     2166     4099     5806     1678     4728     5415     2316     2546     1066     1905     3518     4737     3163     4493     2952     4245     1468     4719     4352     5166     4527     3942     4242     705      2228     2323     1681     2173     1267     2106     1407     1826     4733     
16       3913     6819     1181     2883     3307     8135     7973     3023     3136     3342     4941     4446     3228     3837     7382     4584     0        5439     6842     7405     1211     6999     3497     4711     4077     3128     4874     5296     6675     7095     6932     6541     9097     4023     6717     3576     2506     4138     3916     6406     4430     4086     5731     4920     1475     7207     2794     5472     5689     988      3813     4101     7278     4627     6734     4246     5270     4790     1213     5567     4632     5862     5351     6856     5982     8494     990      1894     525      646      1358     5197     5444     6078     5428     6442     3475     3358     3977     5955     7246     
17       2526     1404     4284     4125     3586     5579     4002     2478     2677     2772     4002     6951     3694     1604     3037     969      5439     0        4396     4680     5231     1883     6475     729      2834     2565     569      6443     6077     1701     5253     1545     5569     3494     4343     4184     3718     4959     1629     4462     2959     1653     1633     7192     5877     2306     5344     573      2539     4860     6762     1882     5112     6316     1351     3384     434      2600     4429     5491     3956     5174     3575     4653     1146     4633     5102     5811     5425     4807     4944     263      1750     1555     1090     1216     1982     2555     2320     948      5127     
18       6294     4943     5838     4011     3535     1356     1990     5306     4069     3726     1969     5151     3615     4547     2372     4031     6842     4396     0        572      5874     3600     5333     4389     2895     5685     4480     3827     2264     4350     1024     3421     2365     2818     127      3385     4345     3308     5069     584      2504     3782     2770     5084     8027     3222     4756     4969     1880     6909     5425     5682     716      4228     5041     2599     4786     2344     5650     2485     2273     1866     1496     314      3398     2140     7163     8222     6487     6281     7241     4289     6121     5914     5476     5267     4940     5921     3279     5263     735      
19       6710     5079     6389     4581     4098     907      1690     5780     4587     4253     2542     5655     4181     4982     2297     4412     7405     4680     572      0        6445     3663     5876     4749     3425     6148     4822     4285     2556     4428     1258     3553     1803     3382     699      3958     4904     3864     5486     1119     3038     4227     3048     5563     8574     3233     5324     5252     2247     7453     5956     6083     709      4729     5191     3159     5088     2834     6210     2953     2846     2331     2054     697      3618     1696     7708     8760     7055     6839     7777     4600     6425     6159     5770     5457     5392     6368     3775     5503     762      
20       4273     6635     1249     1863     2400     7119     7194     3088     2629     2710     3922     3291     2298     3664     6714     4290     1211     5231     5874     6445     0        6558     2359     4514     3299     3340     4700     4085     5511     6779     5859     6094     8190     3091     5747     2511     1715     2971     3913     5396     3601     3680     5175     3755     2683     6688     1582     5390     4951     1942     2691     4273     6248     3418     6577     3331     5157     4029     904      4401     3612     4737     4414     5853     5550     7669     2063     3082     706      1075     2380     4971     5623     6154     5463     6354     3420     3643     3357     5904     6212     
21       4409     1491     5818     5069     4451     4467     2460     4219     3936     3862     4111     7539     4572     3260     1480     2457     6999     1883     3600     3663     6558     0        7282     2473     3501     4381     2386     6669     5718     767      4607     463      4032     4057     3601     4868     4879     5429     3450     3904     3402     2917     1471     7672     7626     511      6263     2288     2231     6556     7515     3765     4271     6750     1630     3856     2283     2905     5875     5470     4208     4986     3469     3908     1018     3053     6809     7606     6891     6353     6696     2020     3397     2861     2769     2002     3706     4412     3234     2257     4305     
22       6267     7807     3479     2352     2903     6299     7103     4931     3870     3708     3502     954      2789     5153     6941     5514     3497     6475     5333     5876     2359     7282     0        5854     3796     5285     6050     2179     4095     7719     4910     6847     7674     3228     5212     2414     2869     2046     5575     4758     3885     4825     5811     1433     4956     7245     1163     6805     5206     4302     342      6090     5440     1447     7793     3442     6547     4387     3080     3101     3270     3655     4190     5187     6384     7423     4416     5390     2973     3429     4739     6215     7353     7727     7028     7688     5089     5621     4189     7323     5390     
23       2066     2127     3555     3502     3004     5656     4324     1773     2005     2150     3669     6383     3104     875      3415     409      4711     729      4389     4749     4514     2473     5854     0        2367     1908     195      5993     5840     2405     5151     2070     5843     3021     4317     3640     3046     4461     979      4358     2571     1055     1777     6653     5185     2830     4708     952      2512     4149     6152     1404     5092     5802     2063     2952     693      2310     3703     5147     3572     4901     3352     4613     1557     4951     4394     5141     4697     4078     4251     489      1821     1928     1274     1861     1267     1954     1801     1468     5099     
24       3743     4066     2992     1592     968      4246     3910     2541     1185     832      1420     4155     1088     2033     3424     1964     4077     2834     2895     3425     3299     3501     3796     2367     0        2954     2545     3628     3657     3925     3295     3057     5038     661      2780     1397     1600     2125     2594     2588     392      1350     2033     4369     5160     3517     2763     3279     1652     4033     4047     3243     3463     3484     4072     596      3024     730      2864     2829     1248     2689     1434     2988     2588     4417     4290     5334     3802     3473     4351     2595     4147     4287     3641     4040     2293     3242     588      3761     3447     
25       983      3836     2134     3182     2989     7031     6059     424      1860     2225     4359     6035     3028     1223     5222     1995     3128     2565     5685     6148     3340     4381     5285     1908     2954     0        2010     6117     6581     4264     6228     3971     7493     3420     5587     3660     2514     4548     937      5484     3320     1929     3499     6409     3327     4725     4144     2442     3951     2378     5621     973      6327     5709     3729     3493     2284     3347     2435     5655     4141     5614     4340     5840     3440     6670     2598     3245     3271     2569     2399     2375     2326     2952     2318     3386     768      341      2440     2882     6319     
26       2078     1951     3724     3698     3197     5729     4329     1909     2201     2344     3827     6576     3297     1046     3401     580      4874     569      4480     4822     4700     2386     6050     195      2545     2010     0        6173     5983     2267     5266     2002     5864     3201     4412     3830     3241     4646     1073     4471     2736     1246     1814     6843     5312     2768     4904     757      2600     4291     6347     1417     5188     5990     1881     3126     498      2455     3881     5309     3739     5050     3488     4713     1516     4959     4532     5254     4871     4245     4378     366      1680     1743     1105     1668     1412     2026     1984     1273     5197     
27       7059     7574     4874     2966     3153     4484     5791     5702     4324     4011     2561     1526     3097     5542     5914     5592     5296     6443     3827     4285     4085     6669     2179     5993     3628     6117     6173     0        2044     7270     3119     6304     5994     2971     3728     2468     3651     1580     6072     3254     3488     4955     5293     1303     6765     6483     2502     6907     4438     5901     2068     6691     3704     735      7606     3059     6653     3903     4500     1342     2516     1962     3207     3596     5971     5961     6077     7145     4784     5028     6338     6214     7744     7915     7265     7629     5662     6453     4194     7381     3648     
28       7400     6917     5956     3882     3722     2527     4222     6159     4731     4360     2236     3565     3734     5679     4619     5435     6675     6077     2264     2556     5511     5718     4095     5840     3657     6581     5983     2044     0        6428     1298     5455     4091     3167     2212     3190     4480     2540     6240     1825     3337     4947     4594     3333     8071     5401     4020     6621     3628     7059     4053     6890     1873     2692     6989     3091     6395     3530     5647     1109     2440     968      2503     1962     5287     4241     7279     8380     6210     6258     7466     5902     7661     7631     7075     7131     5949     6885     4228     7014     1816     
29       4123     790      5924     5435     4835     5234     3198     4175     4156     4149     4709     8048     4953     3266     2234     2516     7095     1701     4350     4428     6779     767      7719     2405     3925     4264     2267     7270     6428     0        5349     980      4752     4530     4345     5320     5158     5954     3330     4628     3891     3100     1980     8213     7579     1247     6653     1930     2863     6554     7972     3518     5028     7298     947      4351     2010     3413     6031     6117     4772     5661     4103     4655     1338     3771     6798     7510     7042     6455     6645     1916     2900     2269     2334     1375     3672     4236     3565     1742     5061     
30       6934     5912     6039     4048     3696     1392     2929     5824     4473     4105     2020     4564     3748     5174     3394     4767     6932     5253     1024     1258     5859     4607     4910     5151     3295     6228     5266     3119     1298     5349     0        4402     2876     3011     1007     3359     4516     3014     5721     794      2914     4407     3664     4418     8225     4242     4545     5821     2715     7141     4942     6359     592      3642     6002     2845     5618     2922     5793     1840     2318     1254     1888     710      4327     2946     7383     8472     6522     6426     7510     5118     6937     6797     6311     6200     5520     6496     3788     6155     535      
31       4061     1527     5360     4616     4001     4400     2548     3791     3472     3399     3742     7128     4121     2826     1555     2019     6541     1545     3421     3553     6094     463      6847     2070     3057     3971     2002     6304     5455     980      4402     0        4133     3628     3406     4434     4417     5022     3049     3666     2978     2457     1041     7274     7190     765      5816     2017     1884     6112     7086     3407     4115     6355     1638     3435     1969     2485     5412     5138     3818     4681     3125     3720     560      3168     6366     7181     6429     5895     6261     1643     3177     2724     2526     1931     3279     4022     2774     2084     4144     
32       7900     5520     8031     6329     5809     1578     1585     7169     6136     5837     4326     7416     5901     6277     2579     5583     9097     5569     2365     1803     8190     4032     7674     5843     5038     7493     5864     5994     4091     4752     2876     4133     0        5102     2491     5732     6591     5667     6714     2922     4670     5576     4067     7291     10189    3522     7121     6105     3569     9057     7745     7243     2290     6490     5663     4867     6003     4364     7888     4692     4623     4079     3776     2486     4423     980      9317     10334    8776     8506     9349     5568     7288     6855     6628     6027     6724     7664     5282     6218     2346     
33       4274     4709     3046     1243     716      4123     4144     2997     1565     1195     999      3522     800      2624     3797     2621     4023     3494     2818     3382     3091     4057     3228     3021     661      3420     3201     2971     3167     4530     3011     3628     5102     0        2694     817      1533     1466     3176     2401     657      1988     2589     3719     5239     4020     2276     3939     2018     4140     3458     3818     3283     2826     4721     245      3684     1159     2836     2249     734      2205     1331     2842     3192     4590     4386     5468     3677     3469     4501     3256     4785     4945     4293     4698     2826     3731     1224     4422     3257     
34       6207     4923     5717     3884     3410     1466     2074     5205     3957     3612     1842     5039     3490     4457     2410     3954     6717     4343     127      699      5747     3601     5212     4317     2780     5587     4412     3728     2212     4345     1007     3406     2491     2694     0        3258     4222     3185     4982     475      2388     3690     2724     4979     7907     3236     4630     4915     1815     6790     5307     5599     775      4118     5018     2476     4728     2242     5527     2385     2146     1769     1375     315      3362     2248     7043     8104     6361     6158     7124     4230     6060     5868     5419     5235     4844     5826     3174     5219     785      
35       4592     5457     2768     701      685      4609     4888     3242     1856     1557     1418     2769     632      3098     4597     3261     3576     4184     3385     3958     2511     4868     2414     3640     1397     3660     3830     2468     3190     5320     3359     4434     5732     817      3258     0        1301     890      3615     2889     1474     2584     3397     3013     4912     4838     1476     4584     2826     3874     2653     4226     3736     2169     5457     1044     4325     1976     2474     2125     1112     2309     1982     3346     3981     5297     4099     5200     3163     3098     4276     3934     5323     5565     4889     5400     3195     3994     1864     5086     3701     
36       3488     5104     1523     685      822      5656     5511     2122     1042     1018     2497     3542     769      2292     5001     2750     2506     3718     4345     4904     1715     4879     2869     3046     1600     2514     3241     3651     4480     5158     4516     4417     6591     1533     4222     1301     0        2129     2706     3933     1933     2083     3471     3900     3712     4985     1706     3983     3248     2627     3190     3239     4814     3200     5066     1746     3731     2329     1305     3427     2197     3571     2850     4375     3885     6010     2867     3959     2203     1936     3009     3454     4483     4871     4170     4905     2224     2855     1653     4505     4786     
37       5483     6169     3493     1457     1574     4369     5058     4130     2744     2433     1462     2112     1521     3969     4937     4069     4138     4959     3308     3864     2971     5429     2046     4461     2125     4548     4646     1580     2540     5954     3014     5022     5667     1466     3185     890      2129     0        4494     2745     2067     3411     3983     2262     5551     5328     1535     5392     3256     4578     2190     5112     3493     1360     6184     1609     5135     2540     3155     1431     1258     1805     2159     3188     4621     5379     4783     5880     3669     3746     4999     4718     6183     6389     5725     6164     4082     4883     2662     5882     3447     
38       1225     2933     2816     3293     2931     6387     5233     894      1771     2061     4007     6223     3004     561      4357     1135     3916     1629     5069     5486     3913     3450     5575     979      2594     937      1073     6072     6240     3330     5721     3049     6714     3176     4982     3615     2706     4494     0        4946     2903     1315     2663     6549     4251     3808     4412     1559     3245     3258     5896     649      5746     5766     2836     3183     1373     2800     3038     5415     3841     5275     3847     5258     2530     5854     3492     4182     3978     3310     3319     1438     1778     2241     1551     2526     498      981      2013     2039     5745     
39       6164     5160     5447     3542     3112     1728     2542     5087     3774     3415     1474     4566     3181     4403     2808     3976     6406     4462     584      1119     5396     3904     4758     4358     2588     5484     4471     3254     1825     4628     794      3666     2922     2401     475      2889     3933     2745     4946     0        2198     3634     2884     4503     7640     3576     4217     5028     1927     6536     4845     5579     884      3644     5244     2204     4824     2152     5233     1911     1784     1298     1155     457      3557     2723     6784     7860     6029     5867     6886     4324     6142     6008     5517     5427     4763     5742     3045     5368     862      
40       4079     4108     3365     1817     1212     3854     3592     2912     1577     1224     1112     4157     1324     2342     3174     2161     4430     2959     2504     3038     3601     3402     3885     2571     392      3320     2736     3488     3337     3891     2914     2978     4670     657      2388     1474     1933     2067     2903     2198     0        1613     1936     4330     5541     3364     2919     3443     1387     4416     4113     3553     3071     3422     4130     459      3195     502      3218     2576     1004     2374     1043     2596     2556     4078     4672     5722     4134     3835     4739     2737     4380     4461     3841     4140     2637     3599     897      3902     3055     
41       2529     3022     2905     2473     1952     5118     4186     1592     1058     1119     2725     5331     2055     769      3423     689      4086     1653     3782     4227     3680     2917     4825     1055     1350     1929     1246     4955     4947     3100     4407     2457     5576     1988     3690     2584     2083     3411     1315     3634     1613     0        1697     5597     4827     3127     3691     2002     2022     3716     5116     1959     4446     4748     2990     1945     1743     1485     2959     4172     2589     3987     2532     3958     1899     4782     3976     4881     3975     3439     3919     1391     2799     2982     2314     2862     1166     2141     764      2511     4444     
42       3834     2336     4557     3611     2990     3949     2570     3228     2601     2465     2735     6087     3111     2278     1735     1527     5731     1633     2770     3048     5175     1471     5811     1777     2033     3499     1814     5293     4594     1980     3664     1041     4067     2589     2724     3397     3471     3983     2663     2884     1936     1697     0        6238     6524     1513     4796     2206     967      5411     6047     3176     3487     5321     2398     2393     2040     1444     4559     4170     2791     3757     2161     3037     699      3191     5672     6573     5566     5087     5616     1558     3376     3144     2721     2546     2742     3632     1819     2495     3504     
43       7387     8428     4794     3261     3658     5788     7018     6022     4781     4535     3594     479      3568     6066     7058     6274     4920     7192     5084     5563     3755     7672     1433     6653     4369     6409     6843     1303     3333     8213     4418     7274     7291     3719     4979     3013     3900     2262     6549     4503     4330     5597     6238     0        6384     7540     2326     7598     5467     5689     1155     7122     5000     923      8440     3872     7339     4800     4395     2610     3465     3232     4285     4868     6883     7224     5818     6814     4395     4807     6130     6945     8299     8575     7894     8404     6091     6750     4874     8099     4944     
44       3802     7162     2192     4210     4534     9356     8943     3413     4061     4351     6208     5909     4476     4366     8244     5171     1475     5877     8027     8574     2683     7626     4956     5185     5160     3327     5312     6765     8071     7579     8225     7190     10189    5239     7907     4912     3712     5551     4251     7640     5541     4827     6524     6384     0        7913     4262     5765     6668     1133     5264     4207     8522     6101     7051     5439     5611     5825     2438     6971     5906     7220     6532     8077     6636     9504     871      483      1998     1814     933      5669     5425     6149     5587     6692     3924     3425     4926     6183     8496     
45       4826     1998     6027     5107     4483     4007     1955     4530     4096     3977     3950     7438     4604     3561     988      2753     7207     2306     3222     3233     6688     511      7245     2830     3517     4725     2768     6483     5401     1247     4242     765      3522     4020     3236     4838     4985     5328     3808     3576     3364     3127     1513     7540     7913     0        6272     2753     2074     6823     7460     4173     3868     6617     2140     3802     2723     2861     6052     5240     4081     4723     3277     3535     1286     2542     7080     7919     7064     6561     6989     2409     3885     3368     3248     2514     4019     4784     3332     2756     3905     
46       5128     6696     2477     1225     1819     5885     6355     3781     2713     2572     2804     1910     1700     3992     6070     4379     2794     5344     4756     5324     1582     6263     1163     4708     2763     4144     4904     2502     4020     6653     4545     5816     7121     2276     4630     1476     1706     1535     4412     4217     2919     3691     4796     2326     4262     6272     0        5656     4294     3434     1487     4932     5005     1851     6675     2512     5400     3418     2082     2919     2521     3340     3431     4671     5328     6744     3593     4648     2284     2551     3875     5083     6189     6568     5869     6552     3927     4483     3093     6176     4962     
47       2193     1397     4355     4454     3954     6150     4529     2452     2947     3102     4513     7333     4055     1729     3551     1324     5472     573      4969     5252     5390     2288     6805     952      3279     2442     757      6907     6621     1930     5821     2017     6105     3939     4915     4584     3983     5392     1559     5028     3443     2002     2206     7598     5765     2753     5656     0        3109     4808     7104     1605     5685     6740     1286     3851     259      3118     4546     6002     4447     5708     4118     5225     1688     5158     5036     5653     5514     4860     4840     719      1188     1018     525      972      2005     2357     2731     521      5700     
48       4466     3292     4561     3203     2591     3153     2286     3609     2608     2350     1884     5365     2706     2756     1786     2166     5689     2539     1880     2247     4951     2231     5206     2512     1652     3951     2600     4438     3628     2863     2715     1884     3569     2018     1815     2826     3248     3256     3245     1927     1387     2022     967      5467     6668     2074     4294     3109     0        5536     5406     3836     2590     4544     3361     1782     2915     922      4479     3254     2006     2807     1242     2120     1659     2835     5798     6786     5441     5067     5804     2416     4246     4081     3607     3512     3185     4149     1743     3440     2601     
49       3042     6192     1108     3177     3445     8245     7811     2382     2928     3220     5121     5229     3396     3303     7123     4099     988      4860     6909     7453     1942     6556     4302     4149     4033     2378     4291     5901     7059     6554     7141     6112     9057     4140     6790     3874     2627     4578     3258     6536     4416     3716     5411     5689     1133     6823     3434     4808     5536     0        4633     3324     7419     5282     6092     4332     4632     4693     1423     5974     4824     6180     5417     6968     5554     8371     262      1331     1412     884      441      4638     4628     5306     4693     5761     2882     2548     3793     5259     7395     
