

sets
i        orders          /0*5/
k        routes          /1*5/
p        positions       /0*5/
;

alias(i,j)
alias(i,h)
alias(i,hh)
alias(i,jj)
alias(k,kk)
                            Parameters

rho(i)	Processing time
/
0	0
1	16
2	26
3	81
4	95
5	79
/

gamma(i)	Duedate
/
0	0
1	81
2	16
3	95
4	35
5	64
/

sigma(i)	Size
/
0	0
1	3
2	1
3	4
4	7
5	8
/

epsilon(i)	Priority
/
0	0
1	6
2	5
3	9
4	2
5	2
/

psi	Vehicle Capacity
/ 20 /
;

Table kappa(i,j)                 Setup
         0        1        2        3        4        5        
0        0        59       135      259      273      235      
1        59       0        76       226      217      195      
2        135      76       0        200      147      160      
3        259      226      200      0        159      45       
4        273      217      147      159      0        119      
5        235      195      160      45       119      0        
;



Table delta(i,j)                 Distance
         0        1        2        3        4        5        
0        0        360      310      420      490      360      
1        360      0        19       41       39       62       
2        310      19       0        22       22       45       
3        420      41       22       0        11       37       
4        490      39       22       11       0        48       
5        360      62       45       37       48       0        
;

