
sets
i        orders          /0*40/
k        routes          /1*40/
p        positions       /0*40/
;

alias(i,j)
alias(i,h)
alias(i,hh)
alias(i,jj)
alias(k,kk)
                
                    Parameters

rho(i)	Processing time
/
0	0
1	13
2	84
3	22
4	82
5	40
6	17
7	14
8	54
9	40
10	39
11	85
12	90
13	89
14	52
15	88
16	55
17	86
18	38
19	78
20	97
21	75
22	88
23	63
24	19
25	27
26	2
27	10
28	69
29	22
30	78
31	24
32	63
33	74
34	73
35	15
36	14
37	90
38	39
39	10
40	22
/

gamma(i)	Duedate
/
0	0
1	58
2	31
3	34
4	67
5	20
6	12
7	37
8	95
9	35
10	60
11	62
12	75
13	90
14	87
15	15
16	69
17	3
18	73
19	92
20	73
21	24
22	44
23	42
24	62
25	95
26	58
27	48
28	39
29	29
30	22
31	43
32	56
33	46
34	39
35	7
36	38
37	35
38	13
39	45
40	26
/

sigma(i)	Size
/
0	0
1	7
2	5
3	9
4	2
5	9
6	1
7	8
8	4
9	2
10	3
11	4
12	9
13	8
14	9
15	4
16	6
17	8
18	8
19	1
20	9
21	8
22	5
23	1
24	8
25	5
26	2
27	1
28	3
29	4
30	5
31	3
32	1
33	2
34	6
35	2
36	5
37	4
38	2
39	4
40	1
/

epsilon(i)	Priority
/
0	0
1	5
2	5
3	7
4	1
5	9
6	3
7	6
8	2
9	7
10	9
11	9
12	4
13	2
14	7
15	4
16	6
17	3
18	9
19	5
20	7
21	8
22	3
23	3
24	8
25	5
26	4
27	5
28	2
29	6
30	7
31	5
32	3
33	5
34	4
35	8
36	9
37	4
38	3
39	5
40	7
/

psi	Vehicle Capacity
/ 15 /
;

Table kappa(i,j)                 Setup
         0        1        2        3        4        5        6        7        8        9        10       11       12       13       14       15       16       17       18       19       20       21       22       23       24       25       26       27       28       29       30       31       32       33       34       35       36       37       38       39       40       
0        0        79       54       83       132      186      175      162      207      41       270      190      245      55       165      140      174      102      75       135      90       135      208      237      163      62       129      246      111      49       218      130      155      232      177      227      237      283      205      190      185      
1        79       0        110      30       171      137      247      180      253      99       344      117      290      77       100      171      236      181      155      188      116      196      241      279      142      70       55       236      190      121      256      151      76       233      97       272      317      360      245      257      252      
2        54       110      0        125      180      235      139      214      247      13       282      200      191      109      207      87       127      91       84       175      46       170      154      183      216      116      145      301      97       85       264      183      185      285      199      173      226      286      150      216      209      
3        83       30       125      0        148      111      258      152      231      113      333      135      312      60       82       196      252      185      154      170      140      180      266      303      111      50       77       205      193      115      230      124      77       203      106      295      316      353      268      242      238      
4        132      171      180      148      0        172      245      48       83       170      211      283      355      94       188      267      268      160      125      38       222      59       331      351      114      100      224      149      165      96       87       37       217      121      250      338      240      243      322      113      113      
5        186      137      235      111      172      0        358      142      242      222      382      185      424      138      50       307      360      278      242      208      251      226      378      414      61       127      153      131      286      199      225      134      107      147      137      406      395      413      380      285      284      
6        175      247      139      258      245      358      0        292      275      148      222      336      138      221      340      141      50       86       123      218      159      200      152      141      325      231      284      392      80       164      304      267      323      366      338      126      122      204      131      207      200      
7        162      180      214      152      48       142      292      0        100      203      250      283      397      112      170      302      313      206      170      85       253      106      368      391      80       113      228      101      212      136      85       31       210      74       244      379      288      285      361      154      155      
8        207      253      247      231      83       242      275      100      0        239      162      367      402      176      266      330      310      199      174      72       292      79       387      400      180      183      307      175      202      162      34       113      300      138      333      386      230      204      375      79       85       
9        41       99       13       113      170      222      148      203      239      0        280      194      204      97       195      99       138      93       81       166      53       163      166      196      203      103      137      288      100      76       254      171      175      273      191      186      230      287      163      211      205      
10       270      344      282      333      211      382      222      250      162      280      0        460      360      273      393      339      272      195      199      174      325      157      371      364      325      284      398      337      190      223      195      248      410      300      439      349      114      46       352      97       98       
11       190      117      200      135      283      185      336      283      367      194      460      0        336      193      134      220      311      286      266      305      179      313      277      323      223      185      62       312      294      237      365      258      78       321      48       321      424      474      290      374      370      
12       245      290      191      312      355      424      138      397      402      204      360      336      0        300      390      120      93       202      231      336      174      323      60       13       408      307      303      489      200      260      427      367      355      471      357      18       254      339      46       342      334      
13       55       77       109      60       94       138      221      112      176      97       273      193      300      0        128      194      226      140      104      111      142      120      263      293      108      11       132      191      148      61       181      81       137      178      166      282      263      294      260      182      178      
14       165      100      207      82       188      50       340      170      266      195      393      134      390      128      0        271      334      264      231      221      216      236      341      380      95       116      105      179      273      189      255      154      57       191      86       373      391      419      345      298      296      
15       140      171      87       196      267      307      141      302      330      99       339      220      120      194      271      0        100      146      158      259      56       251      70       108      298      199      183      386      149      171      349      270      235      372      237      103      258      332      74       289      282      
16       174      236      127      252      268      360      50       313      310      138      272      311      93       226      334      100      0        111      143      246      132      232      101      93       334      235      265      409      107      178      336      285      310      387      320      78       173      255      80       248      241      
17       102      181      91       185      160      278      86       206      199      93       195      286      202      140      264      146      111      0        37       135      131      121      191      200      240      151      228      305      8        79       225      181      257      281      278      186      137      195      177      145      137      
18       75       155      84       154      125      242      123      170      174      81       199      266      231      104      231      158      143      37       0        105      130      94       213      228      203      115      205      268      44       43       196      144      229      244      252      214      162      208      201      132      125      
19       135      188      175      170      38       208      218      85       72       166      174      305      336      111      221      259      246      135      105      0        220      21       318      333      151      120      243      185      140      89       91       75       244      154      275      320      202      205      307      77       76       
20       90       116      46       140      222      251      159      253      292      53       325      179      174      142      216      56       132      131      130      220      0        216      126      163      243      145      134      333      137      130      307      221      182      321      189      156      261      327      129      262      255      
21       135      196      170      180      59       226      200      106      79       163      157      313      323      120      236      251      232      121      94       21       216      0        307      320      171      130      251      206      124      87       104      95       256      174      286      306      181      186      295      62       59       
22       208      241      154      266      331      378      152      368      387      166      371      277      60       263      341      70       101      191      213      318      126      307      0        46       368      268      248      455      191      234      409      337      302      440      301      49       274      356      23       336      329      
23       237      279      183      303      351      414      141      391      400      196      364      323      13       293      380      108      93       200      228      333      163      320      46       0        400      299      291      483      198      255      424      362      343      465      345      15       259      344      34       342      334      
24       163      142      216      111      114      61       325      80       180      203      325      223      408      108      95       298      334      240      203      151      243      171      368      400      0        100      177      94       248      161      164      76       145      98       178      390      347      357      367      227      227      
25       62       70       116      50       100      127      231      113      183      103      284      185      307      11       116      199      235      151      115      120      145      130      268      299      100      0        124      187      159      73       185      82       126      176      156      289      275      305      266      192      188      
26       129      55       145      77       224      153      284      228      307      137      398      62       303      132      105      183      265      228      205      243      134      251      248      291      177      124      0        271      235      175      308      201      54       274      55       287      365      413      257      312      307      
27       246      236      301      205      149      131      392      101      175      288      337      312      489      191      179      386      409      305      268      185      333      206      455      483      94       187      271      0        312      231      145      124      234      36       265      472      387      376      451      246      249      
28       111      190      97       193      165      286      80       212      202      100      190      294      200      148      273      149      107      8        44       140      137      124      191      198      248      159      235      312      0        87       228      187      266      286      286      184      129      190      176      145      137      
29       49       121      85       115      96       199      164      136      162      76       223      237      260      61       189      171      178      79       43       89       130      87       234      255      161      73       175      231      87       0        178      107      192      210      218      243      202      239      226      141      136      
30       218      256      264      230      87       225      304      85       34       254      195      365      427      181      255      349      336      225      196      91       307      104      409      424      164      185      308      145      228      178      0        107      294      108      328      410      264      237      398      113      119      
31       130      151      183      124      37       134      267      31       113      171      248      258      367      81       154      270      285      181      144      75       221      95       337      362      76       82       201      124      187      107      107      0        187      103      221      350      274      280      331      151      151      
32       155      76       185      77       217      107      323      210      300      175      410      78       355      137      57       235      310      257      229      244      182      256      302      343      145      126      54       234      266      192      294      187      0        243      33       338      392      430      309      318      315      
33       232      233      285      203      121      147      366      74       138      273      300      321      471      178      191      372      387      281      244      154      321      174      440      465      98       176      274      36       286      210      108      103      243      0        276      453      354      341      434      211      214      
34       177      97       199      106      250      137      338      244      333      191      439      48       357      166      86       237      320      278      252      275      189      286      301      345      178      156      55       265      286      218      328      221      33       276      0        341      414      457      310      348      345      
35       227      272      173      295      338      406      126      379      386      186      349      321      18       282      373      103      78       186      214      320      156      306      49       15       390      289      287      472      184      243      410      350      338      453      341      0        244      329      31       327      319      
36       237      317      226      316      240      395      122      288      230      230      114      424      254      263      391      258      173      137      162      202      261      181      274      259      347      275      365      387      129      202      264      274      392      354      414      244      0        85       253      150      144      
37       283      360      286      353      243      413      204      285      204      287      46       474      339      294      419      332      255      195      208      205      327      186      356      344      357      305      413      376      190      239      237      280      430      341      457      329      85       0        336      132      130      
38       205      245      150      268      322      380      131      361      375      163      352      290      46       260      345      74       80       177      201      307      129      295      23       34       367      266      257      451      176      226      398      331      309      434      310      31       253      336      0        321      313      
39       190      257      216      242      113      285      207      154      79       211      97       374      342      182      298      289      248      145      132      77       262      62       336      342      227      192      312      246      145      141      113      151      318      211      348      327      150      132      321      0        7        
40       185      252      209      238      113      284      200      155      85       205      98       370      334      178      296      282      241      137      125      76       255      59       329      334      227      188      307      249      137      136      119      151      315      214      345      319      144      130      313      7        0        
;



Table delta(i,j)                 Distance
         0        1        2        3        4        5        6        7        8        9        10       11       12       13       14       15       16       17       18       19       20       21       22       23       24       25       26       27       28       29       30       31       32       33       34       35       36       37       38       39       40       
0        0        247      314      506      521      201      376      113      465      641      274      469      411      391      228      362      487      136      427      300      369      563      190      518      352      274      286      297      540      275      239      343      257      555      528      436      393      399      550      319      285      
1        247      0        472      664      324      161      467      292      594      488      449      455      373      413      475      147      467      223      326      378      315      359      185      399      181      338      115      458      295      155      472      511      358      312      349      612      247      201      361      209      197      
2        314      472      0        195      793      321      130      204      154      618      46       319      322      235      331      618      338      250      734      604      327      632      293      482      450      584      560      558      703      567      193      40       129      708      567      140      442      507      599      377      587      
3        506      664      195      0        987      508      229      399      98       723      231      401      441      344      469      811      415      444      929      786      467      777      481      596      619      769      755      722      875      762      329      162      308      878      706      82       597      674      739      543      783      
4        521      324      793      987      0        485      791      600      919      678      766      755      671      728      720      177      764      543      198      447      615      498      510      643      443      417      237      583      312      250      761      830      682      336      537      931      505      419      527      504      255      
5        201      161      321      508      485      0        305      176      434      440      305      313      238      258      411      309      328      93       472      451      185      371      27       319      159      416      268      487      391      295      365      361      199      400      329      461      192      213      353      117      329      
6        376      467      130      229      791      305      0        263      137      507      167      194      216      120      448      614      212      268      764      676      238      548      281      375      395      649      570      652      651      589      318      153      121      651      478      219      369      448      511      318      617      
7        113      292      204      399      600      176      263      0        353      590      169      375      329      291      247      429      394      83       530      413      297      544      152      458      335      388      363      395      562      365      189      237      147      573      496      334      357      389      522      280      383      
8        465      594      154      98       919      434      137      353      0        625      200      303      345      248      474      742      317      382      877      758      373      682      409      499      533      737      692      712      788      705      332      139      237      789      610      127      506      586      643      456      730      
9        641      488      618      723      678      440      507      590      625      0        634      322      295      387      838      559      310      516      782      863      300      183      452      137      310      824      586      922      381      637      756      652      506      362      145      726      252      290      150      322      680      
10       274      449      46       231      766      305      167      169      200      634      0        348      340      261      285      592      367      225      698      560      337      635      277      497      444      541      531      512      693      534      151      68       131      700      574      165      444      501      605      374      553      
11       469      455      319      401      755      313      194      375      303      322      348      0        84       88       605      588      19       334      779      756      141      402      304      201      315      723      570      766      547      604      491      347      241      541      327      409      261      352      359      252      641      
12       411      373      322      441      671      238      216      329      345      295      340      84       0        97       571      504      94       275      698      688      57       339      233      160      231      653      488      708      469      524      471      356      216      465      266      434      181      271      299      168      562      
13       391      413      235      344      728      258      120      291      248      387      261      88       97       0        517      555      108      260      731      684      130      434      243      255      303      653      525      685      553      553      403      266      153      551      362      339      265      351      395      230      588      
14       228      475      331      469      720      411      448      247      474      838      285      605      571      517      0        577      625      324      585      363      544      782      392      706      570      363      496      264      768      471      142      335      363      784      739      387      601      621      764      524      466      
15       362      147      618      811      177      309      614      429      742      559      592      588      504      555      577      0        598      367      223      378      447      396      333      498      284      340      82       493      256      125      599      656      505      280      414      756      351      275      413      336      158      
16       487      467      338      415      764      328      212      394      317      310      367      19       94       108      625      598      0        352      792      773      152      398      320      193      322      739      582      784      548      617      511      365      261      541      323      425      266      357      355      262      655      
17       136      223      250      444      543      93       268      83       382      516      225      334      275      260      324      367      352      0        497      423      234      462      69       388      252      393      311      433      481      323      272      288      148      491      416      389      277      306      441      200      349      
18       427      326      734      929      198      472      764      530      877      782      698      779      698      731      585      223      792      497      0        263      641      619      490      715      496      240      211      403      461      177      656      767      646      487      637      862      564      495      637      535      147      
19       300      378      604      786      447      451      676      413      758      863      560      756      688      684      363      378      773      423      263      0        637      736      454      761      553      40       308      140      631      256      471      627      557      654      727      708      614      579      739      555      220      
20       369      315      327      467      615      185      238      297      373      300      337      141      57       130      544      447      152      234      641      637      0        311      184      164      177      602      430      664      423      467      455      364      207      421      242      450      135      222      274      111      505      
21       563      359      632      777      498      371      548      544      682      183      635      402      339      434      782      396      398      462      619      736      311      0        392      210      212      695      438      815      197      491      728      671      505      178      75       760      192      165      44       266      534      
22       190      185      293      481      510      27       281      152      409      452      277      304      233      243      392      333      320      69       490      454      184      392      0        328      182      420      289      482      418      312      340      333      173      427      347      434      209      238      372      132      345      
23       518      399      482      596      643      319      375      458      499      137      497      201      160      255      706      498      193      388      715      761      164      210      328      0        219      723      508      807      382      554      619      516      369      370      136      594      152      225      165      206      597      
24       352      181      450      619      443      159      395      335      533      310      444      315      231      303      570      284      322      252      496      553      177      212      182      219      0        514      288      616      256      335      522      490      321      259      179      587      67       57       198      76       377      
25       274      338      584      769      417      416      649      388      737      824      541      723      653      653      363      340      739      393      240      40       602      695      420      723      514      0        268      166      592      216      461      609      530      614      687      693      575      539      699      518      182      
26       286      115      560      755      237      268      570      363      692      586      531      570      488      525      496      82       582      311      211      308      430      438      289      508      288      268      0        415      323      53       526      596      456      346      443      696      356      295      448      324      95       
27       297      458      558      722      583      487      652      395      712      922      512      766      708      685      264      493      784      433      403      140      664      815      482      807      616      166      415      0        736      368      394      574      542      757      795      641      669      652      812      601      340      
28       540      295      703      875      312      391      651      562      788      381      693      547      469      553      768      256      548      481      461      631      423      197      418      382      256      592      323      736      0        375      751      744      574      25       253      842      288      203      234      332      412      
29       275      155      567      762      250      295      589      365      705      637      534      604      524      553      471      125      617      323      177      256      467      491      312      554      335      216      53       368      375      0        514      601      471      398      494      700      402      346      501      363      42       
30       239      472      193      329      761      365      318      189      332      756      151      491      471      403      142      599      511      272      656      471      455      728      340      619      522      461      526      394      751      514      0        193      255      762      676      247      538      578      704      462      521      
31       343      511      40       162      830      361      153      237      139      652      68       347      356      266      335      656      365      288      767      627      364      671      333      516      490      609      596      574      744      601      193      0        169      749      605      101      482      547      637      417      621      
32       257      358      129      308      682      199      121      147      237      506      131      241      216      153      363      505      261      148      646      557      207      505      173      369      321      530      456      542      574      471      255      169      0        579      443      267      314      377      474      247      498      
33       555      312      708      878      336      400      651      573      789      362      700      541      465      551      784      280      541      491      487      654      421      178      427      370      259      614      346      757      25       398      762      749      579      0        239      846      286      204      217      334      436      
34       528      349      567      706      537      329      478      496      610      145      574      327      266      362      739      414      323      416      637      727      242      75       347      136      179      687      443      795      253      494      676      605      443      239      0        692      138      148      32       215      537      
35       436      612      140      82       931      461      219      334      127      726      165      409      434      339      387      756      425      389      862      708      450      760      434      594      587      693      696      641      842      700      247      101      267      846      692      0        574      643      725      512      717      
36       393      247      442      597      505      192      369      357      506      252      444      261      181      265      601      351      266      277      564      614      135      192      209      152      67       575      356      669      288      402      538      482      314      286      138      574      0        91       165      77       444      
37       399      201      507      674      419      213      448      389      586      290      501      352      271      351      621      275      357      306      495      579      222      165      238      225      57       539      295      652      203      346      578      547      377      204      148      643      91       0        160      131      389      
38       550      361      599      739      527      353      511      522      643      150      605      359      299      395      764      413      355      441      637      739      274      44       372      165      198      699      448      812      234      501      704      637      474      217      32       725      165      160      0        242      544      
39       319      209      377      543      504      117      318      280      456      322      374      252      168      230      524      336      262      200      535      555      111      266      132      206      76       518      324      601      332      363      462      417      247      334      215      512      77       131      242      0        404      
40       285      197      587      783      255      329      617      383      730      680      553      641      562      588      466      158      655      349      147      220      505      534      345      597      377      182      95       340      412      42       521      621      498      436      537      717      444      389      544      404      0        
;

