

sets
i        orders          /0*5/
k        routes          /1*5/
p        positions       /0*5/
;

alias(i,j)
alias(i,h)
alias(i,hh)
alias(i,jj)
alias(k,kk)
                            Parameters

rho(i)	Processing time
/
0	0
1	58
2	69
3	26
4	4
5	69
/

gamma(i)	Duedate
/
0	0
1	61
2	53
3	65
4	48
5	53
/

sigma(i)	Size
/
0	0
1	2
2	6
3	6
4	2
5	3
/

epsilon(i)	Priority
/
0	0
1	8
2	6
3	2
4	3
5	5
/

psi	Vehicle Capacity
/ 14 /
;

Table kappa(i,j)                 Setup
         0        1        2        3        4        5        
0        0        11       41       43       19       2        
1        11       0        30       33       12       11       
2        41       30       0        9        24       41       
3        43       33       9        0        24       44       
4        19       12       24       24       0        20       
5        2        11       41       44       20       0        
;



Table delta(i,j)                 Distance
         0        1        2        3        4        5        
0        0        140      640      230      510      470      
1        140      0        57       28       39       37       
2        640      57       0        49       28       21       
3        230      28       49       0        47       38       
4        510      39       28       47       0        10       
5        470      37       21       38       10       0        
;

