

sets
i        orders          /0*10/
k        routes          /1*10/
p        positions       /0*10/
;

alias(i,j)
alias(i,h)
alias(i,hh)
alias(i,jj)
alias(k,kk)
                            Parameters

rho(i)	Processing time
/
0	0
1	84
2	53
3	93
4	28
5	14
6	95
7	60
8	28
9	53
10	40
/

gamma(i)	Duedate
/
0	0
1	3
2	91
3	63
4	97
5	96
6	33
7	90
8	37
9	18
10	7
/

sigma(i)	Size
/
0	0
1	5
2	4
3	9
4	9
5	7
6	8
7	9
8	3
9	6
10	6
/

epsilon(i)	Priority
/
0	0
1	2
2	6
3	2
4	2
5	4
6	8
7	5
8	2
9	6
10	1
/

psi	Vehicle Capacity
/ 12 /
;

Table kappa(i,j)                 Setup
         0        1        2        3        4        5        6        7        8        9        10       
0        0        69       34       94       80       8        63       84       45       96       35       
1        69       0        59       61       22       65       6        21       43       62       56       
2        34       59       0        62       61       39       53       65       18       64       3        
3        94       61       62       0        41       96       60       45       48       2        60       
4        80       22       61       41       0        79       24       5        42       42       58       
5        8        65       39       96       79       0        59       81       47       98       40       
6        63       6        53       60       24       59       0        24       37       61       50       
7        84       21       65       45       5        81       24       0        47       46       62       
8        45       43       18       48       42       47       37       47       0        51       15       
9        96       62       64       2        42       98       61       46       51       0        62       
10       35       56       3        60       58       40       50       62       15       62       0        
;



Table delta(i,j)                 Distance
         0        1        2        3        4        5        6        7        8        9        10       
0        0        390      1530     2880     780      1950     420      3120     1380     3090     1110     
1        390      0        38       85       18       61       15       98       33       94       32       
2        1530     38       0        55       35       59       49       84       10       70       40       
3        2880     85       55       0        90       54       100      45       66       20       63       
4        780      18       35       90       0        75       16       110      26       102      47       
5        1950     61       59       54       75       0        76       40       67       49       29       
6        420      15       49       100      16       76       0        114      42       109      47       
7        3120     98       84       45       110      40       114      0        94       27       67       
8        1380     33       10       66       26       67       42       94       0        81       44       
9        3090     94       70       20       102      49       109      27       81       0        67       
10       1110     32       40       63       47       29       47       67       44       67       0        
;

