
sets
i        orders          /0*5/
k        routes          /1*5/
p        positions       /0*5/
;

alias(i,j)
alias(i,h)
alias(i,hh)
alias(i,jj)
alias(k,kk)
                
                    Parameters

rho(i)	Processing time
/
0	0
1	11
2	81
3	34
4	80
5	70
/

gamma(i)	Duedate
/
0	0
1	75
2	1
3	86
4	45
5	75
/

sigma(i)	Size
/
0	0
1	3
2	6
3	7
4	3
5	4
/

epsilon(i)	Priority
/
0	0
1	5
2	4
3	2
4	3
5	9
/

psi	Vehicle Capacity
/ 29 /
;

Table kappa(i,j)                 Setup
         0        1        2        3        4        5        
0        0        21       15       33       15       20       
1        21       0        27       31       10       36       
2        15       27       0        22       17       8        
3        33       31       22       0        23       27       
4        15       10       17       23       0        25       
5        20       36       8        27       25       0        
;



Table delta(i,j)                 Distance
         0        1        2        3        4        5        
0        0        1110     1380     630      420      1020     
1        1110     0        10       30       48       23       
2        1380     10       0        35       56       32       
3        630      30       35       0        24       41       
4        420      48       56       24       0        48       
5        1020     23       32       41       48       0        
;

