
sets
i        orders          /0*20/
k        routes          /1*20/
p        positions       /0*20/
;

alias(i,j)
alias(i,h)
alias(i,hh)
alias(i,jj)
alias(k,kk)
                
                    Parameters

rho(i)	Processing time
/
0	0
1	61
2	88
3	22
4	34
5	28
6	77
7	74
8	46
9	61
10	70
11	30
12	84
13	57
14	66
15	26
16	91
17	85
18	90
19	42
20	19
/

gamma(i)	Duedate
/
0	0
1	78
2	68
3	48
4	75
5	21
6	80
7	31
8	88
9	5
10	81
11	43
12	19
13	68
14	96
15	95
16	26
17	65
18	23
19	92
20	4
/

sigma(i)	Size
/
0	0
1	4
2	8
3	3
4	1
5	8
6	5
7	8
8	6
9	1
10	7
11	1
12	6
13	9
14	8
15	6
16	7
17	5
18	7
19	6
20	7
/

epsilon(i)	Priority
/
0	0
1	5
2	7
3	1
4	2
5	5
6	7
7	9
8	5
9	6
10	4
11	8
12	1
13	9
14	2
15	7
16	7
17	5
18	2
19	5
20	1
/

psi	Vehicle Capacity
/ 37 /
;

Table kappa(i,j)                 Setup
         0        1        2        3        4        5        6        7        8        9        10       11       12       13       14       15       16       17       18       19       20       
0        0        28       147      120      73       154      119      68       80       101      50       119      63       86       64       109      81       90       129      146      135      
1        28       0        134      139      50       166      114      41       70       79       74       137      56       63       87       99       56       98       147      162      114      
2        147      134      0        153      90       132      47       111      67       68       153      149      85       81       152      40       94       98       155      155      51       
3        120      139      153      0        148      53       106      161      115      161      74       4        107      156      59       121      162      59       9        28       180      
4        73       50       90       148      0        159      84       22       41       29       104      145      41       13       112      63       13       93       154      166      64       
5        154      166      132      53       159      0        89       177      119      162      117      50       118      163      104      112      172      68       46       33       171      
6        119      114      47       106      84       89       0        106      45       77       113      102      58       83       109      24       94       52       108      110      81       
7        68       41       111      161      22       177      106      0        61       45       109      159      58       29       119      85       18       110      168      181      79       
8        80       70       67       115      41       119      45       61       0        46       90       111      18       44       93       29       53       56       120      129      69       
9        101      79       68       161      29       162      77       45       46       0        128      157      56       16       133      53       27       102      166      174      35       
10       50       74       153      74       104      117      113      109      90       128      0        74       73       116      14       113      116      66       83       102      158      
11       119      137      149      4        145      50       102      159      111      157      74       0        104      153      60       117      159      55       10       27       176      
12       63       56       85       107      41       118      58       58       18       56       73       104      0        49       77       46       55       52       113      124      84       
13       86       63       81       156      13       163      83       29       44       16       116      153      49       0        123      60       12       99       162      172      51       
14       64       87       152      59       112      104      109      119      93       133      14       60       77       123      0        113      125      60       69       87       161      
15       109      99       40       121      63       112      24       85       29       53       113      117      46       60       113      0        72       63       124      129      60       
16       81       56       94       162      13       172      94       18       53       27       116      159      55       12       125      72       0        106      168      179      60       
17       90       98       98       59       93       68       52       110      56       102      66       55       52       99       60       63       106      0        63       72       121      
18       129      147      155      9        154      46       108      168      120      166      83       10       113      162      69       124      168      63       0        19       184      
19       146      162      155      28       166      33       110      181      129      174      102      27       124      172      87       129      179      72       19       0        189      
20       135      114      51       180      64       171      81       79       69       35       158      176      84       51       161      60       60       121      184      189      0        
;



Table delta(i,j)                 Distance
         0        1        2        3        4        5        6        7        8        9        10       11       12       13       14       15       16       17       18       19       20       
0        0        7920     2100     6030     2400     7740     8190     2640     2970     8160     930      6030     5550     5070     7500     2850     1920     7140     3870     6870     6990     
1        7920     0        274      91       228      269      501      287      360      495      295      336      91       140      449      185      215      86       209      454      351      
2        2100     274      0        232      144      321      324      19       135      325      79       271      185      212      312      89       61       269      87       283      303      
3        6030     91       232      0        147      185      415      249      290      408      230      245      96       49       359      148      170      37       194      368      260      
4        2400     228      144      147      0        178      275      163      146      270      99       145      170      103      230      117      104      179      170      227      172      
5        7740     269      321      185      178      0        325      341      294      315      271      128      272      150      251      274      274      183      331      286      120      
6        8190     501      324      415      275      325      0        334      189      12       249      197      443      366      78       367      337      440      401      47       208      
7        2640     287      19       249      163      341      334      0        144      335      93       289      197      230      326      103      79       286      90       294      321      
8        2970     360      135      290      146      294      189      144      0        191      68       196      284      250      190      193      161      324      217      152      227      
9        8160     495      325      408      270      315      12       335      191      0        248      187      439      359      66       364      335      433      400      43       197      
10       930      295      79       230      99       271      249      93       68       248      0        200      216      196      233      125      92       266      152      206      232      
11       6030     336      271      245      145      128      197      289      196      187      200      0        304      196      125      262      246      261      314      157      31       
12       5550     91       185      96       170      272      443      197      284      439      216      304      0        122      401      97       129      123      119      396      325      
13       5070     140      212      49       103      150      366      230      250      359      196      196      122      0        309      140      152      76       193      319      212      
14       7500     449      312      359      230      251      78       326      190      66       233      125      401      309      0        336      311      380      379      56       132      
15       2850     185      89       148      117      274      367      103      193      364      125      262      97       140      336      0        33       185      56       321      289      
16       1920     215      61       170      104      274      337      79       161      335      92       246      129      152      311      33       0        207      69       293      275      
17       7140     86       269      37       179      183      440      286      324      433      266      261      123      76       380      185      207      0        229      393      272      
18       3870     209      87       194      170      331      401      90       217      400      152      314      119      193      379      56       69       229      0        358      343      
19       6870     454      283      368      227      286      47       294      152      43       206      157      396      319      56       321      293      393      358      0        173      
20       6990     351      303      260      172      120      208      321      227      197      232      31       325      212      132      289      275      272      343      173      0        
;

