
sets
i        orders          /0*20/
k        routes          /1*20/
p        positions       /0*20/
;

alias(i,j)
alias(i,h)
alias(i,hh)
alias(i,jj)
alias(k,kk)
                
                    Parameters

rho(i)	Processing time
/
0	0
1	87
2	47
3	51
4	93
5	91
6	25
7	42
8	12
9	37
10	10
11	85
12	52
13	29
14	49
15	89
16	18
17	74
18	39
19	36
20	19
/

gamma(i)	Duedate
/
0	0
1	31
2	52
3	27
4	85
5	73
6	25
7	38
8	49
9	98
10	9
11	38
12	43
13	2
14	42
15	79
16	15
17	30
18	5
19	67
20	76
/

sigma(i)	Size
/
0	0
1	8
2	3
3	4
4	8
5	7
6	9
7	8
8	3
9	2
10	9
11	9
12	1
13	9
14	9
15	2
16	1
17	2
18	7
19	9
20	1
/

epsilon(i)	Priority
/
0	0
1	3
2	1
3	3
4	5
5	1
6	6
7	1
8	8
9	5
10	2
11	6
12	6
13	1
14	2
15	7
16	2
17	5
18	9
19	4
20	8
/

psi	Vehicle Capacity
/ 21 /
;

Table kappa(i,j)                 Setup
         0        1        2        3        4        5        6        7        8        9        10       11       12       13       14       15       16       17       18       19       20       
0        0        51       110      56       140      119      39       109      98       67       40       88       51       61       60       39       99       65       57       89       67       
1        51       0        154      104      191      152      45       132      97       119      89       133      54       104      87       80       145      39       19       137      24       
2        110      154      0        55       69       171      113      71       117      74       98       123      112      50       75       121      118      176      150      31       157      
3        56       104      55       0        89       129      71       82       102      35       45       84       75       19       49       67       85       121      104      33       113      
4        140      191      69       89       0        144      160      140      181      75       108      101      164      99       132      129      88       200      193      59       202      
5        119      152      171      129      144      0        158      210      215      97       89       47       170      147      168      79       56       130      168      139      176      
6        39       45       113      71       160      158      0        87       61       96       76       127      12       64       42       79       135      79       36       102      43       
7        109      132      71       82       140      210      87       0        55       117      122      166      78       62       49       139      166      166      119      87       123      
8        98       97       117      102      181      215      61       55       0        136      127      178      48       85       53       137      183      136      80       123      81       
9        67       119      74       35       75       97       96       117      136      0        33       50       104      54       83       55       49       125      124      42       133      
10       40       89       98       45       108      89       76       122      127      33       0        50       86       61       79       23       59       91       98       69       107      
11       88       133      123      84       101      47       127      166      178      50       50       0        137      103      127      53       15       123      145      91       154      
12       51       54       112      75       164      170      12       78       48       104      86       137      0        65       38       91       145      90       41       105      47       
13       61       104      50       19       99       147      64       62       85       54       61       103      65       0        33       81       104      126      100      39       108      
14       60       87       75       49       132      168      42       49       53       83       79       127      38       33       0        93       131      118      78       72       84       
15       39       80       121      67       129      79       79       139      137      55       23       53       91       81       93       0        66       73       92       92       101      
16       99       145      118      85       88       56       135      166      183      49       59       15       145      104      131      66       0        137      156      87       165      
17       65       39       176      121      200      130      79       166      136      125      91       123      90       126      118      73       137      0        58       153      62       
18       57       19       150      104      193      168      36       119      80       124      98       145      41       100      78       92       156      58       0        137      9        
19       89       137      31       33       59       139      102      87       123      42       69       91       105      39       72       92       87       153      137      0        145      
20       67       24       157      113      202      176      43       123      81       133      107      154      47       108      84       101      165      62       9        145      0        
;



Table delta(i,j)                 Distance
         0        1        2        3        4        5        6        7        8        9        10       11       12       13       14       15       16       17       18       19       20       
0        0        9900     7080     6990     6780     2400     8430     11190    5580     9570     8160     10920    12720    10350    7950     11130    9900     3750     1560     9750     14910    
1        9900     0        315      220      107      260      121      126      149      192      129      63       135      241      305      190      153      340      292      279      248      
2        7080     315      0        94       229      250      354      422      203      167      352      375      327      158      34       221      205      349      190      113      347      
3        6990     220      94       0        143      215      271      332      127      92       270      281      240      111      87       149      120      323      181      100      279      
4        6780     107      229      143      0        162      128      194      42       163      128      155      204      211      229      192      145      257      185      229      296      
5        2400     260      250      215      162      0        201      294      128      287      192      288      366      323      271      333      287      108      74       314      452      
6        8430     121      354      271      128      201      0        92       151      280      10       106      256      331      357      295      252      250      259      355      369      
7        11190    126      422      332      194      294      92       0        228      317      102      69       240      367      419      316      280      339      349      402      356      
8        5580     149      203      127      42       128      151      228      0        171      148      195      240      214      209      210      163      229      143      223      324      
9        9570     192      167      92       163      287      280      317      171      0        283      255      162      50       143      56       43       394      267      90       187      
10       8160     129      352      270      128      192      10       102      148      283      0        117      264      333      355      300      256      240      252      357      376      
11       10920    63       375      281      155      288      106      69       195      255      117      0        172      304      367      249      215      353      331      342      288      
12       12720    135      327      240      204      366      256      240      240      162      264      172      0        194      305      121      122      460      377      247      116      
13       10350    241      158      111      211      323      331      367      214      50       333      304      194      0        127      73       88       431      293      54       189      
14       7950     305      34       87       229      271      357      419      209      143      355      367      305      127      0        193      183      374      216      79       317      
15       11130    190      221      149      192      333      295      316      210      56       300      249      121      73       193      0        47       438      319      127      130      
16       9900     153      205      120      145      287      252      280      163      43       256      215      122      88       183      47       0        392      279      133      167      
17       3750     340      349      323      257      108      250      339      229      394      240      353      460      431      374      438      392      0        160      422      553      
18       1560     292      190      181      185      74       259      349      143      267      252      331      377      293      216      319      279      160      0        273      447      
19       9750     279      113      100      229      314      355      402      223      90       357      342      247      54       79       127      133      422      273      0        242      
20       14910    248      347      279      296      452      369      356      324      187      376      288      116      189      317      130      167      553      447      242      0        
;

