

sets
i        orders          /0*80/
k        routes          /1*80/
p        positions       /0*80/
;

alias(i,j)
alias(i,h)
alias(i,hh)
alias(i,jj)
alias(k,kk)
                            Parameters

rho(i)	Processing time
/
0	0
1	58
2	22
3	54
4	94
5	2
6	58
7	94
8	95
9	8
10	73
11	32
12	22
13	8
14	67
15	37
16	54
17	6
18	11
19	20
20	8
21	81
22	62
23	43
24	33
25	43
26	93
27	66
28	13
29	36
30	31
31	93
32	4
33	43
34	58
35	89
36	70
37	20
38	11
39	42
40	40
41	25
42	47
43	48
44	95
45	33
46	95
47	42
48	7
49	37
50	15
51	39
52	94
53	99
54	13
55	12
56	21
57	79
58	47
59	90
60	63
61	72
62	63
63	38
64	68
65	66
66	28
67	92
68	55
69	29
70	72
71	20
72	7
73	67
74	78
75	99
76	39
77	97
78	52
79	25
80	18
/

gamma(i)	Duedate
/
0	0
1	66
2	91
3	58
4	74
5	32
6	69
7	49
8	43
9	53
10	59
11	50
12	64
13	18
14	92
15	74
16	26
17	44
18	10
19	95
20	57
21	40
22	55
23	20
24	93
25	93
26	11
27	86
28	78
29	55
30	79
31	60
32	79
33	28
34	3
35	32
36	73
37	71
38	63
39	48
40	62
41	73
42	5
43	88
44	87
45	56
46	88
47	41
48	93
49	48
50	85
51	20
52	57
53	21
54	26
55	43
56	68
57	69
58	74
59	34
60	62
61	44
62	8
63	12
64	45
65	96
66	54
67	77
68	6
69	70
70	55
71	69
72	17
73	43
74	89
75	58
76	24
77	15
78	84
79	2
80	91
/

sigma(i)	Size
/
0	0
1	9
2	2
3	9
4	1
5	3
6	9
7	9
8	3
9	9
10	3
11	1
12	8
13	4
14	1
15	4
16	9
17	5
18	6
19	6
20	7
21	5
22	6
23	8
24	6
25	2
26	6
27	5
28	5
29	2
30	6
31	9
32	4
33	8
34	5
35	4
36	4
37	3
38	4
39	3
40	1
41	8
42	1
43	9
44	5
45	5
46	4
47	1
48	7
49	6
50	5
51	7
52	1
53	8
54	4
55	3
56	4
57	3
58	8
59	7
60	8
61	9
62	8
63	3
64	2
65	6
66	9
67	9
68	9
69	5
70	5
71	5
72	2
73	6
74	9
75	4
76	1
77	4
78	3
79	7
80	4
/

epsilon(i)	Priority
/
0	0
1	1
2	2
3	2
4	1
5	8
6	7
7	5
8	6
9	4
10	5
11	9
12	6
13	4
14	6
15	5
16	3
17	8
18	6
19	3
20	4
21	4
22	5
23	4
24	4
25	6
26	4
27	8
28	1
29	9
30	4
31	9
32	8
33	2
34	8
35	5
36	1
37	7
38	2
39	4
40	3
41	2
42	4
43	2
44	4
45	6
46	7
47	3
48	2
49	8
50	9
51	1
52	5
53	7
54	9
55	4
56	1
57	3
58	9
59	4
60	1
61	4
62	8
63	9
64	7
65	3
66	4
67	8
68	2
69	6
70	4
71	9
72	5
73	9
74	9
75	3
76	2
77	6
78	6
79	7
80	3
/

psi	Vehicle Capacity
/ 136 /
;

Table kappa(i,j)                 Setup
         0        1        2        3        4        5        6        7        8        9        10       11       12       13       14       15       16       17       18       19       20       21       22       23       24       25       26       27       28       29       30       31       32       33       34       35       36       37       38       39       40       41       42       43       44       45       46       47       48       49       50       51       52       53       54       55       56       57       58       59       60       61       62       63       64       65       66       67       68       69       70       71       72       73       74       75       76       77       78       79       80       
0        0        1639     6215     8724     6295     993      1101     1129     7042     8177     5995     7379     3185     4251     2683     4000     598      7536     7284     5645     7156     4297     2022     5830     7676     3431     7608     5606     4523     3090     6992     2066     2432     5525     7031     5897     5906     1431     6865     6684     6965     3084     4758     8066     4114     7691     7046     7046     6893     7337     5381     1621     6288     7244     2267     7466     6366     5700     5140     4776     6775     2079     3489     2663     5687     3923     6123     5782     2488     3331     7723     6458     3782     4855     4509     2311     7690     6654     7440     3810     780      
1        1639     0        5637     8083     5318     2438     552      637      7912     8875     6381     6724     4620     4095     2013     5080     2127     8345     7831     6431     6538     5346     476      4800     8343     4814     8353     5084     3098     2484     7098     2396     3218     6089     6761     5159     6801     2867     7527     7323     6995     2950     3604     7670     2549     7299     6189     7290     6673     6696     4720     3252     6352     7501     2714     8301     5994     6105     4255     5453     6891     3455     4307     4185     5640     5116     6774     6855     972      3557     7416     6933     2219     4401     3095     2537     7562     6576     6728     3395     1656     
2        6215     5637     0        2508     1628     5987     5883     5490     6111     6124     3580     1178     6610     2210     3663     5511     6108     6163     4879     4994     942      5493     5259     1879     5638     6483     5933     622      3851     3197     2950     4292     4647     4087     1583     730      5565     6030     5106     4906     2643     3185     2717     2110     4662     1767     1369     3518     1669     1129     933      7288     2461     3685     4254     6235     833      3553     1659     4297     2873     5993     4594     6773     1932     5912     4665     6273     4936     3365     2015     4125     4690     1378     3804     4041     2551     2072     1299     2406     5468     
3        8724     8083     2508     0        3087     8476     8362     7977     7387     6917     5053     1360     8904     4635     6146     7630     8610     7251     5842     6651     1568     7548     7679     3610     6556     8734     6944     3122     5857     5688     3809     6786     7063     5761     2350     2926     7177     8494     6301     6153     3499     5684     4797     1392     6738     1564     2103     4404     2588     1393     3376     9769     3814     4466     6728     7365     2557     5162     3876     6226     3884     8406     6835     9140     3762     8057     6124     7992     7314     5776     1894     5397     6844     3878     5819     6533     2696     3184     1374     4914     7975     
4        6295     5318     1628     3087     0        6324     5694     5358     7618     7726     5101     1916     7420     3113     3613     6574     6343     7716     6473     6391     1898     6618     4870     542      7228     7357     7504     1804     2779     3239     4577     4688     5312     5514     3161     1007     6964     6477     6654     6445     4272     3646     1780     3365     3666     3106     985      5139     3278     1936     1426     7623     4059     5310     4763     7777     2461     5031     1173     5575     4495     6600     5567     7451     3445     6934     6151     7600     4443     4146     3449     5679     3797     2194     2743     4468     4110     3699     1765     2827     5636     
5        993      2438     5987     8476     6324     0        1967     1822     6104     7282     5250     7166     2215     3866     2792     3033     400      6612     6450     4744     6925     3334     2720     5910     6796     2447     6702     5365     4956     3095     6360     1696     1669     4712     6597     5781     4968     444      5993     5822     6372     2804     4970     7682     4701     7312     6971     6346     6435     7117     5236     1309     5693     6535     1761     6534     6010     4954     5151     3932     6142     1087     2626     1746     5169     2935     5265     4804     3116     2802     7295     5664     4378     4609     4933     1946     7165     6124     7261     3616     862      
6        1101     552      5883     8362     5694     1967     0        419      7683     8709     6308     7002     4176     4180     2220     4762     1625     8139     7713     6223     6803     5041     993      5190     8186     4390     8169     5307     3605     2688     7125     2257     2966     5954     6912     5455     6558     2407     7368     7171     7047     2999     4026     7868     3093     7493     6531     7271     6806     6969     4986     2704     6388     7480     2553     8086     6174     6024     4593     5274     6913     3022     4068     3706     5707     4760     6614     6550     1489     3500     7583     6834     2761     4593     3598     2442     7670     6662     7025     3556     1270     
7        1129     637      5490     7977     5358     1822     419      0        7331     8331     5903     6617     3988     3761     1830     4458     1538     7776     7319     5861     6414     4729     913      4865     7805     4178     7798     4907     3407     2292     6707     1861     2619     5564     6498     5080     6212     2243     6987     6787     6628     2580     3730     7461     2986     7086     6174     6858     6390     6584     4601     2744     5970     7067     2165     7727     5764     5621     4239     4899     6496     2821     3717     3565     5288     4485     6233     6239     1360     3089     7171     6435     2655     4187     3395     2036     7252     6243     6647     3147     1020     
8        7042     7912     6111     7387     7618     6104     7683     7331     0        1419     2531     6786     4493     4898     6534     3097     6493     572      1642     1499     6549     2791     7894     7633     1210     4158     842      5813     8537     6292     3577     5530     4716     2167     5122     6612     1136     5734     1087     1242     3891     5418     7696     6007     8923     5835     7456     2992     4891     6713     6251     6708     3720     2963     5206     450      5382     2588     6935     2517     3514     5133     3615     5124     4187     3323     1472     1573     7982     4595     5494     2026     8728     5589     8489     5433     4732     4288     7044     5679     6454     
9        8177     8875     6124     6917     7726     7282     8709     8331     1419     0        2769     6570     5843     5404     7295     4365     7658     857      1257     2538     6363     4064     8796     7839     546      5510     608      5962     9071     6984     3250     6480     5773     2805     4853     6730     2406     6944     1348     1559     3581     6158     8119     5529     9567     5440     7385     2640     4650     6499     6468     7998     3667     2513     6167     1008     5318     2962     7236     3434     3275     6377     4689     6458     4323     4645     2101     2986     8817     5386     5055     2142     9411     5917     9022     6342     4226     4099     6839     6244     7531     
10       5995     6381     3580     5053     5101     5250     6308     5903     2531     2769     0        4301     4563     2646     4633     3018     5571     2621     1546     1605     4054     2824     6233     5149     2229     4294     2437     3299     6304     4282     1432     4055     3589     777      2711     4094     2124     5021     1560     1346     1646     3508     5354     3733     6821     3491     4928     1149     2472     4228     3765     6264     1247     1311     3778     2676     2863     296      4498     1511     1264     4605     2703     5028     1659     3443     1104     2945     6189     2823     3212     626      6680     3164     6254     3867     2601     1869     4551     3493     5261     
11       7379     6724     1178     1360     1916     7166     7002     6617     6786     6570     4301     0        7738     3372     4787     6566     7283     6750     5382     5834     267      6520     6323     2390     6135     7595     6479     1800     4606     4330     3321     5471     5812     4921     1716     1573     6391     7207     5726     5548     2989     4363     3510     1491     5472     1309     1038     3935     1925     73       2016     8467     3070     4057     5432     6842     1485     4342     2541     5257     3321     7159     5695     7927     2780     6980     5405     7156     5965     4526     1705     4760     5554     2556     4565     5220     2499     2508     271      3576     6637     
12       3185     4620     6610     8904     7420     2215     4176     3988     4493     5843     4563     7738     0        4421     4382     1579     2590     5055     5318     3448     7475     1842     4844     7121     5442     336      5235     6021     6732     4494     5936     2975     2133     3833     6699     6647     3438     1771     4728     4617     6062     3815     6452     7835     6659     7500     7837     5708     6488     7676     6097     2294     5442     5852     2772     4943     6347     4298     6300     3052     5735     1168     2074     649      5194     1212     4122     2983     5175     3293     7363     4755     6357     5341     6699     3113     6987     6015     7901     4602     2969     
13       4251     4095     2210     4635     3113     3866     4180     3761     4898     5404     2646     3372     4421     0        2140     3461     4040     5140     4191     3497     3117     3507     3841     2942     4860     4315     5018     1604     3673     1718     3031     2209     2440     2734     2780     2245     4050     3861     4122     3899     2904     1188     2799     3828     4177     3455     3419     3309     2649     3315     1711     5144     2281     3523     2106     5159     2143     2443     2148     2563     2833     3787     2467     4564     1546     3828     3459     4581     3694     1155     3472     3270     4046     935      3624     1955     3491     2484     3509     852      3473     
14       2683     2013     3663     6146     3613     2792     2220     1830     6534     7295     4633     4787     4382     2140     0        4175     2754     6886     6154     5037     4584     4366     1709     3158     6750     4440     6832     3089     2359     472      5171     1410     2342     4498     4749     3255     5506     3031     5957     5740     5041     1137     2179     5664     2456     5291     4374     5426     4664     4753     2770     4056     4422     5640     1659     6872     3982     4383     2458     4018     4973     3331     3182     4210     3681     4376     5225     5780     1564     1939     5403     5230     2219     2390     2323     1318     5563     4594     4820     1387     2037     
15       4000     5080     5511     7630     6574     3033     4762     4458     3097     4365     3018     6566     1579     3461     4175     0        3429     3630     3751     1890     6299     306      5164     6371     3928     1284     3765     4972     6484     4116     4422     2866     1911     2268     5342     5689     1976     2645     3181     3056     4577     3271     5951     6468     6622     6155     6825     4153     5117     6498     5169     3632     3993     4289     2558     3539     5109     2768     5554     1517     4229     2035     1045     2132     3868     435      2548     1790     5367     2517     5974     3177     6363     4391     6443     2875     5521     4597     6759     3903     3496     
16       598      2127     6108     8610     6343     400      1625     1538     6493     7658     5571     7283     2590     4040     2754     3429     0        6997     6805     5121     7049     3730     2450     5907     7167     2833     7082     5489     4806     3103     6640     1834     1982     5058     6801     5856     5357     833      6361     6187     6637     2926     4910     7868     4488     7496     7033     6651     6647     7237     5321     1310     5958     6845     1961     6922     6181     5275     5173     4288     6422     1482     2986     2086     5402     3335     5628     5203     2877     3027     7498     6004     4160     4731     4787     2088     7405     6364     7366     3711     720      
17       7536     8345     6163     7251     7716     6612     8139     7776     572      857      2621     6750     5055     5140     6886     3630     6997     0        1410     1915     6523     3324     8304     7771     776      4720     350      5918     8807     6616     3463     5951     5176     2420     5052     6709     1654     6253     1062     1275     3789     5757     7920     5860     9237     5720     7482     2854     4830     6678     6386     7254     3719     2785     5631     158      5398     2738     7107     2902     3434     5662     4076     5682     4271     3875     1685     2146     8367     4950     5359     2039     9056     5765     8759     5838     4563     4241     7014     5950     6926     
18       7284     7831     4879     5842     6473     6450     7713     7319     1642     1257     1546     5382     5318     4191     6154     3751     6805     1410     0        1871     5164     3476     7715     6582     759      5003     1106     4705     7844     5817     2069     5458     4851     1763     3671     5475     2038     6158     664      707      2399     5020     6875     4450     8367     4317     6160     1455     3456     5310     5210     7311     2418     1375     5159     1531     4083     1772     5980     2518     2062     5648     3824     5882     3065     4109     1211     2847     7698     4289     3952     926      8225     4667     7794     5295     3153     2884     5648     5039     6591     
19       5645     6431     4994     6651     6391     4744     6223     5861     1499     2538     1605     5834     3448     3497     5037     1890     5121     1915     1871     0        5578     1607     6401     6343     2062     3131     1963     4604     7084     4807     2995     4041     3263     914      4304     5401     573      4409     1292     1169     3241     3928     6290     5339     7439     5093     6363     2561     4065     5762     4982     5497     2837     2643     3719     1870     4361     1498     5601     1019     2851     3854     2166     4022     3079     2237     709      1340     6482     3100     4818     1465     7238     4268     7037     3937     4187     3467     6073     4237     5017     
20       7156     6538     942      1568     1898     6925     6803     6414     6549     6363     4054     267      7475     3117     4584     6299     7049     6523     5164     5578     0        6253     6145     2335     5920     7330     6258     1560     4516     4123     3113     5231     5557     4664     1517     1418     6137     6960     5494     5312     2782     4125     3403     1466     5370     1225     1118     3724     1713     201      1819     8224     2829     3853     5187     6613     1222     4088     2403     4992     3102     6904     5429     7667     2517     6713     5158     6897     5799     4270     1599     4524     5438     2318     4473     4979     2354     2283     497      3347     6409     
21       4297     5346     5493     7548     6618     3334     5041     4729     2791     4064     2824     6520     1842     3507     4366     306      3730     3324     3476     1607     6253     0        5415     6438     3632     1531     3462     4974     6649     4279     4244     3092     2152     2059     5237     5710     1671     2950     2894     2776     4416     3417     6073     6355     6820     6052     6825     3944     5008     6451     5202     3935     3856     4071     2777     3232     5051     2588     5627     1356     4058     2342     1190     2417     3787     640      2281     1510     5602     2632     5853     2939     6568     4426     6607     3082     5367     4471     6722     4005     3777     
22       2022     476      5259     7679     4870     2720     993      913      7894     8796     6233     6323     4844     3841     1709     5164     2450     8304     7715     6401     6145     5415     0        4348     8258     5012     8293     4723     2624     2168     6867     2368     3264     5995     6441     4752     6801     3129     7448     7238     6745     2744     3141     7317     2104     6948     5757     7093     6365     6298     4333     3643     6118     7307     2693     8270     5657     5966     3829     5403     6664     3677     4325     4454     5386     5239     6698     6915     499      3426     7083     6804     1772     4065     2620     2466     7270     6304     6317     3093     1884     
23       5830     4800     1879     3610     542      5910     5190     4865     7633     7839     5149     2390     7121     2942     3158     6371     5907     7771     6582     6343     2335     6438     4348     0        7327     7079     7579     1878     2247     2815     4772     4309     4995     5493     3460     1161     6912     6087     6710     6496     4483     3313     1239     3791     3131     3506     1517     5305     3547     2400     1384     7199     4194     5488     4412     7821     2696     5049     824      5474     4668     6250     5343     7113     3519     6711     6161     7503     3913     3890     3823     5748     3256     2077     2209     4102     4425     3905     2266     2523     5193     
24       7676     8343     5638     6556     7228     6796     8186     7805     1210     546      2229     6135     5442     4860     6750     3928     7167     776      759      2062     5920     3632     8258     7327     0        5113     426      5453     8529     6438     2816     5950     5262     2264     4422     6228     2013     6469     817      1020     3148     5612     7583     5164     9021     5049     6919     2201     4210     6064     5951     7554     3176     2101     5639     928      4842     2416     6710     2915     2818     5916     4187     6044     3807     4234     1571     2691     8274     4844     4675     1604     8864     5386     8479     5808     3860     3642     6402     5698     7019     
25       3431     4814     6483     8734     7357     2447     4390     4178     4158     5510     4294     7595     336      4315     4440     1284     2833     4720     5003     3131     7330     1531     5012     7079     5113     0        4902     5904     6798     4517     5682     3030     2132     3551     6501     6554     3107     2003     4406     4300     5820     3794     6463     7636     6768     7307     7735     5433     6285     7531     6010     2620     5212     5572     2799     4608     6183     4035     6256     2784     5484     1368     1902     981      5001     894      3812     2648     5320     3213     7156     4461     6473     5245     6763     3143     6753     5797     7767     4556     3157     
26       7608     8353     5933     6944     7504     6702     8169     7798     842      608      2437     6479     5235     5018     6832     3765     7082     350      1106     1963     6258     3462     8293     7579     426      4902     0        5715     8691     6543     3174     5957     5219     2337     4773     6499     1799     6357     895      1118     3504     5697     7777     5552     9150     5423     7236     2561     4556     6407     6197     7398     3476     2478     5640     505      5153     2586     6936     2900     3158     5783     4127     5852     4064     4039     1607     2389     8334     4905     5056     1830     8980     5600     8642     5830     4251     3975     6745     5842     6976     
27       5606     5084     622      3122     1804     5365     5307     4907     5813     5962     3299     1800     6021     1604     3089     4972     5489     5918     4705     4604     1560     4974     4723     1878     5453     5904     5715     0        3554     2619     2923     3671     4034     3717     1836     800      5178     5408     4856     4645     2653     2565     2436     2594     4310     2228     1852     3435     1843     1751     559      6666     2317     3623     3633     5976     1002     3226     1393     3835     2805     5379     4027     6167     1650     5364     4346     5844     4428     2757     2401     3885     4301     757      3505     3419     2781     2079     1914     1795     4854     
28       4523     3098     3851     5857     2779     4956     3605     3407     8537     9071     6304     4606     6732     3673     2359     6484     4806     8807     7844     7084     4516     6649     2624     2247     8529     6798     8691     3554     0        2370     6375     3767     4697     6391     5375     3150     7604     5270     7796     7573     6144     3241     1134     5925     889      5604     3762     6800     5397     4608     3004     6099     5677     7006     4014     8820     4545     6114     2195     6086     6220     5649     5459     6519     4907     6714     7122     7992     2126     4063     5867     6931     1073     3250     50       3671     6332     5590     4504     2860     4108     
29       3090     2484     3197     5688     3239     3095     2688     2292     6292     6984     4282     4330     4494     1718     472      4116     3103     6616     5817     4807     4123     4279     2168     2815     6438     4517     6543     2619     2370     0        4745     1544     2385     4207     4279     2814     5301     3285     5658     5438     4602     887      1962     5192     2632     4819     3956     5024     4198     4295     2315     4386     3996     5238     1722     6611     3509     4044     2069     3791     4550     3509     3089     4387     3244     4359     4940     5639     1979     1721     4932     4890     2439     1918     2328     1381     5102     4143     4371     926      2400     
30       6992     7098     2950     3809     4577     6360     7125     6707     3577     3250     1432     3321     5936     3031     5171     4422     6640     3463     2069     2995     3113     4244     6867     4772     2816     5682     3174     2923     6375     4745     0        4950     4696     2209     1606     3619     3463     6192     2491     2346     331      4148     5302     2431     7035     2261     4148     615      1399     3250     3475     7475     749      745      4725     3569     2119     1656     4300     2904     217      5851     3972     6359     1512     4852     2379     4313     6724     3669     1916     1612     6959     3131     6325     4724     1197     878      3590     3840     6224     
31       2066     2396     4292     6786     4688     1696     2257     1861     5530     6480     4055     5471     2975     2209     1410     2866     1834     5951     5458     4041     5231     3092     2368     4309     5950     3030     5957     3671     3767     1544     4950     0        965      3704     4980     4094     4433     1792     5133     4931     4908     1108     3505     6037     3786     5664     5290     5046     4835     5422     3546     3002     4234     5251     325      5911     4348     3769     3519     3056     4734     1965     1962     2842     3621     3017     4379     4571     2512     1281     5675     4577     3512     2914     3733     254      5624     4588     5565     1926     1286     
32       2432     3218     4647     7063     5312     1669     2966     2619     4716     5773     3589     5812     2133     2440     2342     1911     1982     5176     4851     3263     5557     2152     3264     4995     5262     2132     5219     4034     4697     2385     4696     965      0        3093     5038     4590     3594     1511     4447     4260     4719     1683     4331     6151     4750     5790     5792     4677     4859     5755     4035     2813     4043     4867     683      5120     4529     3293     4177     2350     4479     1347     1102     2150     3566     2051     3700     3650     3455     1287     5733     4029     4478     3310     4660     1025     5540     4503     5946     2485     1757     
33       5525     6089     4087     5761     5514     4712     5954     5564     2167     2805     777      4921     3833     2734     4498     2268     5058     2420     1763     914      4664     2059     5995     5493     2264     3551     2337     3717     6391     4207     2209     3704     3093     0        3410     4516     1479     4443     1460     1245     2415     3362     5529     4470     6819     4209     5456     1886     3172     4848     4119     5643     1949     2020     3400     2429     3447     599      4776     809      2038     3975     2097     4327     2166     2686     735      2241     6012     2581     3952     962      6645     3432     6342     3551     3372     2583     5159     3531     4828     
34       7031     6761     1583     2350     3161     6597     6912     6498     5122     4853     2711     1716     6699     2780     4749     5342     6801     5052     3671     4304     1517     5237     6441     3460     4422     6501     4773     1836     5375     4279     1606     4980     5038     3410     0        2312     4835     6535     4047     3879     1274     3960     4246     1135     6145     814      2593     2220     238      1646     2372     7837     1466     2340     4843     5151     833      2812     3185     3897     1619     6342     4627     7003     1508     5774     3797     5644     6191     3797     698      3101     6136     2381     5327     4728     969      844      1986     3367     6252     
35       5897     5159     730      2926     1007     5781     5455     5080     6612     6730     4094     1573     6647     2245     3255     5689     5856     6709     5475     5401     1418     5710     4752     1161     6228     6554     6499     800      3150     2814     3619     4094     4590     4516     2312     0        5974     5876     5647     5438     3325     2996     2020     2777     3981     2454     1203     4163     2389     1553     555      7090     3067     4341     4111     6770     1535     4026     988      4612     3523     5919     4711     6740     2438     6067     5146     6629     4392     3354     2731     4673     4032     1310     3104     3854     3282     2748     1570     2168     5181     
36       5906     6801     5565     7177     6964     4968     6558     6212     1136     2406     2124     6391     3438     4050     5506     1976     5357     1654     2038     573      6137     1671     6801     6912     2013     3107     1799     5178     7604     5301     3463     4433     3594     1479     4835     5974     0        4602     1382     1349     3729     4416     6836     5847     7930     5614     6934     2980     4597     6318     5554     5604     3370     3032     4108     1567     4923     2049     6165     1518     3336     4008     2495     4052     3646     2239     1087     858      6912     3582     5325     1872     7718     4836     7558     4352     4661     3994     6632     4770     5323     
37       1431     2867     6030     8494     6477     444      2407     2243     5734     6944     5021     7207     1771     3861     3031     2645     833      6253     6158     4409     6960     2950     3129     6087     6469     2003     6357     5408     5270     3285     6192     1792     1511     4443     6535     5876     4602     0        5676     5513     6226     2879     5207     7639     5065     7274     7076     6138     6361     7155     5325     1303     5551     6321     1776     6170     5991     4726     5307     3647     5975     650      2345     1325     5075     2519     4960     4399     3504     2745     7232     5402     4747     4659     5245     2023     7051     6015     7318     3708     1247     
38       6865     7527     5106     6301     6654     5993     7368     6987     1087     1348     1560     5726     4728     4122     5957     3181     6361     1062     664      1292     5494     2894     7448     6710     817      4406     895      4856     7796     5658     2491     5133     4447     1460     4047     5647     1382     5676     0        222      2806     4821     6884     4919     8259     4750     6432     1906     3819     5653     5325     6786     2673     1884     4822     1128     4349     1692     6053     2098     2432     5136     3377     5311     3208     3515     754      2183     7472     4040     4407     981      8092     4713     7747     4993     3646     3220     5987     4948     6203     
39       6684     7323     4906     6153     6445     5822     7171     6787     1242     1559     1346     5548     4617     3899     5740     3056     6187     1275     707      1169     5312     2776     7238     6496     1020     4300     1118     4645     7573     5438     2346     4931     4260     1245     3879     5438     1349     5513     222      0        2654     4603     6662     4778     8037     4597     6238     1779     3649     5475     5111     6640     2486     1780     4621     1331     4157     1471     5835     1910     2274     4985     3200     5188     3000     3406     560      2183     7258     3826     4262     789      7871     4494     7524     4787     3518     3046     5807     4725     6014     
40       6965     6995     2643     3499     4272     6372     7047     6628     3891     3581     1646     2989     6062     2904     5041     4577     6637     3789     2399     3241     2782     4416     6745     4483     3148     5820     3504     2653     6144     4602     331      4908     4719     2415     1274     3325     3729     6226     2806     2654     0        4053     5057     2132     6826     1943     3823     946      1069     2919     3209     7518     678      1072     4700     3893     1810     1836     4040     3063     392      5916     4059     6460     1359     5010     2652     4570     6581     3633     1612     1902     6762     2916     6094     4675     957      577      3258     3686     6191     
41       3084     2950     3185     5684     3646     2804     2999     2580     5418     6158     3508     4363     3815     1188     1137     3271     2926     5757     5020     3928     4125     3417     2744     3313     5612     3794     5697     2565     3241     887      4148     1108     1683     3362     3960     2996     4416     2879     4821     4603     4053     0        2696     4981     3514     4606     4197     4350     3835     4315     2445     4109     3404     4563     1121     5746     3281     3253     2498     2910     3940     2954     2232     3806     2708     3542     4091     4755     2680     834      4647     4098     3310     1807     3198     860      4677     3663     4457     832      2314     
42       4758     3604     2717     4797     1780     4970     4026     3730     7696     8119     5354     3510     6452     2799     2179     5951     4910     7920     6875     6290     3403     6073     3141     1239     7583     6463     7777     2436     1134     1962     5302     3505     4331     5529     4246     2020     6836     5207     6884     6662     5057     2696     0        4797     1966     4472     2736     5756     4274     3506     1881     6219     4626     5958     3680     7946     3419     5191     1062     5329     5158     5468     4906     6347     3869     6236     6247     7311     2691     3441     4733     5979     2048     2215     1087     3342     5207     4494     3428     2087     4189     
43       8066     7670     2110     1392     3365     7682     7868     7461     6007     5529     3733     1491     7835     3828     5664     6468     7868     5860     4450     5339     1466     6355     7317     3791     5164     7636     5552     2594     5925     5192     2431     6037     6151     4470     1135     2777     5847     7639     4919     4778     2132     4981     4797     0        6757     375      2530     3017     1351     1453     3037     8938     2525     3075     5922     5975     1702     3871     3755     5007     2522     7465     5763     8137     2643     6901     4778     6678     7020     4894     521      4034     6797     3276     5881     5783     1304     1894     1722     4314     7293     
44       4114     2549     4662     6738     3666     4701     3093     2986     8923     9567     6821     5472     6659     4177     2456     6622     4488     9237     8367     7439     5370     6820     2104     3131     9021     6768     9150     4310     889      2632     7035     3786     4750     6819     6145     3981     7930     5065     8259     8037     6826     3514     1966     6757     0        6426     4648     7419     6147     5471     3778     5730     6314     7629     4075     9236     5311     6607     3003     6423     6867     5524     5638     6366     5538     6801     7555     8235     1626     4348     6670     7443     332      3910     923      3748     7088     6289     5379     3328     3838     
45       7691     7299     1767     1564     3106     7312     7493     7086     5835     5440     3491     1309     7500     3455     5291     6155     7496     5720     4317     5093     1225     6052     6948     3506     5049     7307     5423     2228     5604     4819     2261     5664     5790     4209     814      2454     5614     7274     4750     4597     1943     4606     4472     375      6426     0        2332     2866     1046     1257     2684     8571     2259     2948     5551     5829     1326     3609     3422     4711     2324     7109     5426     7790     2307     6587     4559     6434     6656     4528     407      3835     6457     2902     5558     5409     1241     1626     1566     3939     6918     
46       7046     6189     1369     2103     985      6971     6531     6174     7456     7385     4928     1038     7837     3419     4374     6825     7033     7482     6160     6363     1118     6825     5757     1517     6919     7735     7236     1852     3762     3956     4148     5290     5792     5456     2593     1203     6934     7076     6432     6238     3823     4197     2736     2530     4648     2332     0        4748     2763     1080     1759     8280     3762     4894     5314     7560     2084     4915     1938     5658     4110     7122     5872     7941     3295     7215     6021     7642     5352     4547     2714     5451     4771     2495     3726     5052     3468     3285     830      3367     6347     
47       7046     7290     3518     4404     5139     6346     7271     6858     2992     2640     1149     3935     5708     3309     5426     4153     6651     2854     1455     2561     3724     3944     7093     5305     2201     5433     2561     3435     6800     5024     615      5046     4677     1886     2220     4163     2980     6138     1906     1779     946      4350     5756     3017     7419     2866     4748     0        2011     3864     3974     7395     1131     214      4794     2963     2696     1430     4785     2657     644      5743     3841     6177     1892     4572     1895     3838     6990     3774     2509     1108     7320     3551     6750     4837     1740     1463     4204     4149     6293     
48       6893     6673     1669     2588     3278     6435     6806     6390     4891     4650     2472     1925     6488     2649     4664     5117     6647     4830     3456     4065     1713     5008     6365     3547     4210     6285     4556     1843     5397     4198     1399     4835     4859     3172     238      2389     4597     6361     3819     3649     1069     3835     4274     1351     6147     1046     2763     2011     0        1853     2393     7664     1227     2141     4687     4927     862      2573     3220     3666     1397     6153     4418     6802     1306     5550     3560     5405     6131     3632     880      2869     6126     2325     5348     4584     941      607      2192     3278     6113     
49       7337     6696     1129     1393     1936     7117     6969     6584     6713     6499     4228     73       7676     3315     4753     6498     7237     6678     5310     5762     201      6451     6298     2400     6064     7531     6407     1751     4608     4295     3250     5422     5755     4848     1646     1553     6318     7155     5653     5475     2919     4315     3506     1453     5471     1257     1080     3864     1853     0        1983     8416     2996     3987     5381     6770     1413     4269     2528     5186     3249     7102     5630     7867     2708     6913     5331     7083     5944     4469     1649     4687     5549     2508     4566     5170     2437     2436     339      3532     6594     
