

sets
i        orders          /0*5/
k        routes          /1*5/
p        positions       /0*5/
;

alias(i,j)
alias(i,h)
alias(i,hh)
alias(i,jj)
alias(k,kk)
                            Parameters

rho(i)	Processing time
/
0	0
1	86
2	39
3	8
4	38
5	41
/

gamma(i)	Duedate
/
0	0
1	85
2	23
3	48
4	50
5	63
/

sigma(i)	Size
/
0	0
1	8
2	9
3	7
4	3
5	6
/

epsilon(i)	Priority
/
0	0
1	1
2	8
3	4
4	7
5	2
/

psi	Vehicle Capacity
/ 127 /
;

Table kappa(i,j)                 Setup
         0        1        2        3        4        5        
0        0        192      371      301      294      503      
1        192      0        364      129      129      316      
2        371      364      0        475      307      468      
3        301      129      475      0        182      271      
4        294      129      307      182      0        218      
5        503      316      468      271      218      0        
;



Table delta(i,j)                 Distance
         0        1        2        3        4        5        
0        0        21       23       23       16       13       
1        21       0        14       18       7        13       
2        23       14       0        5        9        10       
3        23       18       5        0        13       10       
4        16       7        9        13       0        6        
5        13       13       10       10       6        0        
;

