

sets
i        orders          /0*10/
k        routes          /1*10/
p        positions       /0*10/
;

alias(i,j)
alias(i,h)
alias(i,hh)
alias(i,jj)
alias(k,kk)
                            Parameters

rho(i)	Processing time
/
0	0
1	37
2	24
3	89
4	41
5	2
6	38
7	74
8	39
9	62
10	56
/

gamma(i)	Duedate
/
0	0
1	62
2	12
3	73
4	57
5	30
6	80
7	56
8	93
9	15
10	19
/

sigma(i)	Size
/
0	0
1	6
2	1
3	2
4	9
5	4
6	4
7	9
8	3
9	9
10	1
/

epsilon(i)	Priority
/
0	0
1	3
2	7
3	9
4	7
5	8
6	3
7	8
8	2
9	9
10	7
/

psi	Vehicle Capacity
/ 52 /
;

Table kappa(i,j)                 Setup
         0        1        2        3        4        5        6        7        8        9        10       
0        0        959      391      177      608      504      953      765      99       621      472      
1        959      0        660      812      592      583      70       201      1036     1036     775      
2        391      660      0        349      589      113      678      459      490      844      588      
3        177      812      349      0        431      448      799      628      228      519      315      
4        608      592      589      431      0        619      546      495      637      444      207      
5        504      583      113      448      619      0        611      388      603      921      653      
6        953      70       678      799      546      611      0        222      1026     990      736      
7        765      201      459      628      495      388      222      0        847      922      645      
8        99       1036     490      228      637      603      1026     847      0        578      476      
9        621      1036     844      519      444      921      990      922      578      0        282      
10       472      775      588      315      207      653      736      645      476      282      0        
;



Table delta(i,j)                 Distance
         0        1        2        3        4        5        6        7        8        9        10       
0        0        770      2440     1920     3410     2000     540      1240     2720     2990     2550     
1        770      0        182      145      296      123      60       172      245      238      263      
2        2440     182      0        67       131      96       194      263      139      55       237      
3        1920     145      67       0        151      113      139      196      111      112      182      
4        3410     296      131      151      0        227      287      313      98       94       215      
5        2000     123      96       113      227      0        163      263      220      144      292      
6        540      60       194      139      287      163      0        112      219      247      214      
7        1240     172      263      196      313      263      112      0        222      307      155      
8        2720     245      139      111      98       220      219      222      0        141      120      
9        2990     238      55       112      94       144      247      307      141      0        255      
10       2550     263      237      182      215      292      214      155      120      255      0        
;

