

sets
i        orders          /0*40/
k        routes          /1*40/
p        positions       /0*40/
;

alias(i,j)
alias(i,h)
alias(i,hh)
alias(i,jj)
alias(k,kk)
                            Parameters

rho(i)	Processing time
/
0	0
1	48
2	34
3	95
4	29
5	63
6	65
7	61
8	60
9	62
10	5
11	14
12	34
13	87
14	5
15	55
16	78
17	92
18	90
19	22
20	29
21	70
22	90
23	35
24	62
25	6
26	35
27	69
28	70
29	49
30	74
31	21
32	55
33	67
34	28
35	88
36	29
37	36
38	80
39	45
40	86
/

gamma(i)	Duedate
/
0	0
1	39
2	87
3	87
4	57
5	87
6	54
7	26
8	90
9	83
10	69
11	56
12	51
13	55
14	97
15	14
16	43
17	15
18	30
19	9
20	42
21	48
22	47
23	8
24	95
25	70
26	60
27	74
28	92
29	65
30	72
31	81
32	55
33	63
34	39
35	16
36	72
37	84
38	55
39	65
40	58
/

sigma(i)	Size
/
0	0
1	2
2	7
3	5
4	4
5	5
6	4
7	9
8	2
9	4
10	9
11	6
12	9
13	9
14	7
15	5
16	7
17	3
18	3
19	7
20	2
21	6
22	1
23	8
24	3
25	5
26	1
27	2
28	7
29	7
30	1
31	7
32	7
33	3
34	4
35	7
36	4
37	8
38	5
39	1
40	9
/

epsilon(i)	Priority
/
0	0
1	3
2	2
3	7
4	9
5	9
6	1
7	7
8	8
9	1
10	3
11	8
12	8
13	7
14	4
15	3
16	7
17	7
18	8
19	2
20	8
21	9
22	4
23	5
24	1
25	6
26	3
27	7
28	4
29	8
30	1
31	2
32	4
33	9
34	3
35	6
36	1
37	1
38	8
39	6
40	7
/

psi	Vehicle Capacity
/ 101 /
;

Table kappa(i,j)                 Setup
         0        1        2        3        4        5        6        7        8        9        10       11       12       13       14       15       16       17       18       19       20       21       22       23       24       25       26       27       28       29       30       31       32       33       34       35       36       37       38       39       40       
0        0        199      1548     1186     1342     1914     946      1176     1090     461      1048     509      812      1021     1217     1719     928      1148     987      667      808      1866     726      1558     931      1363     708      1801     1191     1266     913      1210     1257     1891     1634     1841     1700     1156     952      382      382      
1        199      0        1375     1005     1176     1735     788      1013     937      269      850      528      736      895      1018     1544     804      968      1001     468      808      1693     554      1361     762      1177     744      1607     1000     1074     771      1056     1063     1692     1474     1641     1517     1036     864      449      317      
2        1548     1375     0        1213     1440     382      613      385      1463     1231     693      1334     971      660      662      1523     1578     414      2177     1037     1989     318      1269     972      617      290      2004     524      1051     445      680      1493     1003     929      194      883      1375     1711     865      1791     1224     
3        1186     1005     1213     0        246      1402     1026     1089     295      738      572      1420     1359     1254     550      545      506      912      1196     599      1059     1448     464      499      941      923      1156     1068     163      770      1112     284      230      896      1399     863      514      536      1394     1139     1173     
4        1342     1176     1440     246      0        1600     1271     1334     276      919      817      1628     1594     1499     781      391      509      1155     1161     815      1058     1657     621      610      1186     1152     1180     1239     394      1003     1355     171      436      990      1629     969      436      426      1635     1229     1378     
5        1914     1735     382      1402     1600     0        992      767      1681     1567     974      1717     1351     1039     882      1590     1833     766      2472     1358     2291     140      1557     1037     987      569      2323     408      1240     707      1062     1687     1174     842      415      813      1429     1931     1239     2134     1602     
6        946      788      613      1026     1271     992      0        230      1177     706      481      738      434      228      613      1505     1207     274      1693     574      1496     927      856      1064     85       505      1480     983      902      492      105      1252     905      1238     688      1184     1400     1396     400      1227     611      
7        1176     1013     385      1089     1334     767      230      0        1285     906      517      951      603      306      589      1513     1350     183      1884     742      1690     697      1009     1017     254      346      1685     806      944      401      295      1343     926      1119     461      1066     1389     1519     520      1445     840      
8        1090     937      1463     295      276      1681     1177     1285     0        697      783      1421     1442     1398     808      667      237      1121     915      647      794      1717     398      788      1096     1173     909      1360     446      1018     1247     121      522      1185     1641     1154     704      249      1504     954      1172     
9        461      269      1231     738      919      1567     706      906      697      0        627      724      807      871      784      1280     607      817      987      223      790      1544     301      1098     653      998      779      1394     731      875      725      812      796      1441     1358     1392     1248     834      905      567      477      
10       1048     850      693      572      817      974      481      517      783      627      0        1066     878      707      175      1024     885      341      1499     404      1317     977      584      606      398      414      1352     767      430      266      580      831      424      863      863      810      919      1026     876      1190     853      
11       509      528      1334     1420     1628     1717     738      951      1421     724      1066     0        400      695      1238     1964     1319     1004     1494     822      1310     1636     1023     1662     770      1239     1217     1715     1367     1196     656      1533     1410     1920     1364     1866     1905     1550     545      891      249      
12       812      736      971      1359     1594     1351     434      603      1442     807      878      400      0        312      1031     1877     1404     705      1736     794      1541     1259     1061     1480     499      930      1480     1404     1263     927      330      1538     1283     1673     978      1618     1788     1623     147      1174     432      
13       1021     895      660      1254     1499     1039     228      306      1398     871      707      695      312      0        828      1731     1412     446      1854     775      1656     947      1059     1276     313      649      1622     1112     1130     678      152      1476     1131     1417     669      1363     1623     1610     213      1344     647      
14       1217     1018     662      550      781      882      613      589      808      784      175      1238     1031     828      0        924      950      406      1600     560      1427     910      692      451      535      372      1476     622      389      221      717      831      349      687      849      634      801      1057     1014     1338     1028     
15       1719     1544     1523     545      391      1590     1505     1513     667      1280     1024     1964     1877     1731     924      0        896      1330     1518     1142     1433     1676     993      558      1421     1257     1563     1190     613      1131     1601     555      600      829      1717     829      163      774      1894     1621     1717     
16       928      804      1578     506      509      1833     1207     1350     237      607      885      1319     1404     1412     950      896      0        1203     690      636      558      1854     353      1005     1132     1295     672      1540     634      1142     1259     341      717      1402     1746     1369     941      232      1487     740      1078     
17       1148     968      414      912      1155     766      274      183      1121     817      341      1004     705      446      406      1330     1203     0        1772     627      1582     729      874      840      235      234      1591     711      764      232      374      1172     743      973      551      919      1207     1360     651      1377     852      
18       987      1001     2177     1196     1161     2472     1693     1884     915      987      1499     1494     1736     1854     1600     1518     690      1772     0        1146     197      2475     915      1696     1637     1912     285      2211     1320     1766     1711     992      1404     2093     2323     2059     1595     744      1858     610      1317     
19       667      468      1037     599      815      1358     574      742      647      223      404      822      794      775      560      1142     636      627      1146     0        955      1343     283      895      504      788      968      1171     553      658      623      745      607      1224     1177     1174     1088     840      860      786      575      
20       808      808      1989     1059     1058     2291     1496     1690     794      790      1317     1310     1541     1656     1427     1433     558      1582     197      955      0        2290     736      1555     1441     1728     159      2043     1170     1584     1514     887      1254     1950     2132     1913     1494     667      1661     443      1125     
21       1866     1693     318      1448     1657     140      927      697      1717     1544     977      1636     1259     947      910      1676     1854     729      2475     1343     2290     0        1561     1119     934      563      2312     518      1284     713      987      1732     1224     959      293      925      1518     1967     1140     2106     1538     
22       726      554      1269     464      621      1557     856      1009     398      301      584      1023     1061     1059     692      993      353      874      915      283      736      1561     0        894      783      997      786      1312     501      850      906      510      580      1270     1424     1227     977      561      1138     695      774      
23       1558     1361     972      499      610      1037     1064     1017     788      1098     606      1662     1480     1276     451      558      1005     840      1696     895      1555     1119     894      0        987      722      1644     648      394      617      1168     743      314      397      1165     366      404      1012     1465     1589     1435     
24       931      762      617      941      1186     987      85       254      1096     653      398      770      499      313      535      1421     1132     235      1637     504      1441     934      783      987      0        469      1432     944      817      433      182      1169     820      1176     714      1122     1317     1317     480      1191     618      
25       1363     1177     290      923      1152     569      505      346      1173     998      414      1239     930      649      372      1257     1295     234      1912     788      1728     563      997      722      469      0        1754     477      761      155      602      1202     716      775      477      722      1117     1421     861      1566     1083     
26       708      744      2004     1156     1180     2323     1480     1685     909      779      1352     1217     1480     1622     1476     1563     672      1591     285      968      159      2312     786      1644     1432     1754     0        2098     1252     1617     1486     1010     1336     2035     2136     1996     1613     808      1607     327      1053     
27       1801     1607     524      1068     1239     408      983      806      1360     1394     767      1715     1404     1112     622      1190     1540     711      2211     1171     2043     518      1312     648      944      477      2098     0        914      537      1078     1346     838      441      677      407      1028     1604     1326     1956     1549     
28       1191     1000     1051     163      394      1240     902      944      446      731      430      1367     1263     1130     389      613      634      764      1320     553      1170     1284     501      394      817      761      1252     914      0        610      994      448      84       782      1238     744      538      693      1284     1196     1125     
29       1266     1074     445      770      1003     707      492      401      1018     875      266      1196     927      678      221      1131     1142     232      1766     658      1584     713      850      617      433      155      1617     537      610      0        597      1048     570      746      628      691      998      1266     882      1442     1016     
30       913      771      680      1112     1355     1062     105      295      1247     725      580      656      330      152      717      1601     1259     374      1711     623      1514     987      906      1168     182      602      1486     1078     994      597      0        1327     1001     1343     730      1288     1499     1458     297      1217     557      
31       1210     1056     1493     284      171      1687     1252     1343     121      812      831      1533     1538     1476     831      555      341      1172     992      745      887      1732     510      743      1169     1202     1010     1346     448      1048     1327     0        513      1134     1677     1108     607      269      1593     1072     1284     
32       1257     1063     1003     230      436      1174     905      926      522      796      424      1410     1283     1131     349      600      717      743      1404     607      1254     1224     580      314      820      716      1336     838      84       570      1001     513      0        699      1193     660      505      766      1295     1275     1172     
33       1891     1692     929      896      990      842      1238     1119     1185     1441     863      1920     1673     1417     687      829      1402     973      2093     1224     1950     959      1270     397      1176     775      2035     441      782      746      1343     1134     699      0        1103     54       667      1404     1624     1961     1715     
34       1634     1474     194      1399     1629     415      688      461      1641     1358     863      1364     978      669      849      1717     1746     551      2323     1177     2132     293      1424     1165     714      477      2136     677      1238     628      730      1677     1193     1103     0        1059     1568     1888     853      1905     1287     
35       1841     1641     883      863      969      813      1184     1066     1154     1392     810      1866     1618     1363     634      829      1369     919      2059     1174     1913     925      1227     366      1122     722      1996     407      744      691      1288     1108     660      54       1059     0        666      1378     1570     1916     1662     
36       1700     1517     1375     514      436      1429     1400     1389     704      1248     919      1905     1788     1623     801      163      941      1207     1595     1088     1494     1518     977      404      1317     1117     1613     1028     538      998      1499     607      505      667      1568     666      0        854      1795     1639     1663     
37       1156     1036     1711     536      426      1931     1396     1519     249      834      1026     1550     1623     1610     1057     774      232      1360     744      840      667      1967     561      1012     1317     1421     808      1604     693      1266     1458     269      766      1404     1888     1378     854      0        1699     939      1308     
38       952      864      865      1394     1635     1239     400      520      1504     905      876      545      147      213      1014     1894     1487     651      1858     860      1661     1140     1138     1465     480      861      1607     1326     1284     882      297      1593     1295     1624     853      1570     1795     1699     0        1307     570      
39       382      449      1791     1139     1229     2134     1227     1445     954      567      1190     891      1174     1344     1338     1621     740      1377     610      786      443      2106     695      1589     1191     1566     327      1956     1196     1442     1217     1072     1275     1961     1905     1916     1639     939      1307     0        742      
40       382      317      1224     1173     1378     1602     611      840      1172     477      853      249      432      647      1028     1717     1078     852      1317     575      1125     1538     774      1435     618      1083     1053     1549     1125     1016     557      1284     1172     1715     1287     1662     1663     1308     570      742      0        
;



Table delta(i,j)                 Distance
         0        1        2        3        4        5        6        7        8        9        10       11       12       13       14       15       16       17       18       19       20       21       22       23       24       25       26       27       28       29       30       31       32       33       34       35       36       37       38       39       40       
0        0        2940     830      760      1820     1320     320      180      3140     2910     2970     2480     3340     540      3100     2540     1040     2720     2830     3040     2960     3400     1870     1940     2800     3160     2560     2240     2370     2550     1790     1140     2220     2130     1950     910      1530     730      1240     2000     3810     
1        2940     0        227      369      395      176      326      295      134      170      135      283      114      260      100      125      353      297      17       232      155      100      334      108      43       164      85       70       336      115      229      186      79       114      98       205      384      263      364      124      173      
2        830      227      0        148      185      52       110      75       276      208      214      182      253      33       264      172      128      207      219      225      267      261      153      120      221      287      177      157      190      217      186      41       165      133      130      60       165      37       198      120      299      
3        760      369      148      0        157      201      44       74       388      349      360      280      402      114      385      319      83       302      358      352      369      409      195      267      356      388      326      299      251      330      242      186      298      282      270      167      125      122      128      268      445      
4        1820     395      185      157      0        224      171      164      461      304      330      184      382      164      447      299      79       198      391      278      452      396      80       287      399      472      324      330      127      402      356      223      345      283      307      240      32       148      283      272      405      
5        1320     176      52       201      224      0        161      127      240      166      166      175      202      86       223      123      177      198      169      194      235      208      177      68       174      254      125      107      201      182      184      20       120      81       82       68       210      87       236      68       251      
6        320      326      110      44       171      161      0        35       344      317      324      262      364      78       341      282      91       286      315      325      325      370      190      225      312      345      286      256      243      286      202      145      254      243      227      123      140      92       117      229      409      
7        180      295      75       74       164      127      35       0        322      282      289      233      329      43       316      247      87       256      285      291      306      336      169      192      283      326      252      225      219      263      193      111      225      208      196      95       136      58       140      195      374      
8        3140     134      276      388      461      240      344      322      0        299      267      391      248      301      34       247      401      410      120      358      33       233      417      193      94       31       208      153      434      59       171      238      123      218      164      228      442      314      337      221      306      
9        2910     170      208      349      304      166      317      282      299      0        38       138      89       238      268      56       296      144      180      62       313      108      226      136      205      326      91       156      203      262      328      186      192      102      164      233      306      226      402      109      101      
10       2970     135      214      360      330      166      324      289      267      38       0        173      53       246      235      43       314      180      147      100      283      71       254      122      173      295      64       131      237      234      312      186      167      90       145      229      329      237      401      101      84       
11       2480     283      182      280      184      175      262      233      391      138      173      0        226      196      366      160      206      24       287      96       396      244      104      199      305      412      197      238      67       341      359      190      269      174      229      236      197      176      372      170      233      
12       3340     114      253      402      382      202      364      329      248      89       53       226      0        287      214      84       362      233      129      147      269      20       307      145      156      278      80       138      290      225      323      220      169      120      160      258      380      281      430      134      61       
13       540      260      33       114      164      86       78       43       301      238      246      196      287      0        292      204      99       220      251      249      289      294      148      154      252      309      211      190      192      242      194      74       195      167      162      75       141      22       176      154      331      
14       3100     100      264      385      447      223      341      316      34       268      235      366      214      292      0        217      391      384      88       328      62       199      398      170      63       65       178      128      412      57       184      224      103      192      143      220      430      302      345      197      272      
15       2540     125      172      319      299      123      282      247      247      56       43       160      84       204      217      0        277      173      132      111      259      97       227      81       154      273      39       100      219      207      273      143      136      48       108      186      296      197      358      58       127      
16       1040     353      128      83       79       177      91       87       401      296      314      206      362      99       391      277      0        226      346      287      388      373      113      244      349      408      293      284      169      341      281      169      293      250      258      173      49       90       205      237      397      
17       2720     297      207      302      198      198      286      256      410      144      180      24       233      220      384      173      226      0        302      93       415      252      120      218      322      432      212      256      73       360      382      213      288      192      249      260      213      200      396      188      233      
18       2830     17       219      358      391      169      315      285      120      180      147      287      129      251      88       132      346      302      0        241      140      117      332      104      27       149      92       62       338      98       212      177      64       115      89       193      379      255      349      123      189      
19       3040     232      225      352      278      194      325      291      358      62       100      96       147      249      328      111      287      93       241      0        370      167      198      183      265      384      150      210      163      317      370      213      245      149      213      262      287      233      423      153      140      
20       2960     155      267      369      452      235      325      306      33       313      283      396      269      289      62       259      388      415      140      370      0        256      413      197      113      20       222      161      434      55       143      231      127      225      166      214      431      303      310      227      329      
21       3400     100      261      409      396      208      370      336      233      108      71       244      20       294      199      97       373      252      117      167      256      0        323      147      143      263      84       134      308      214      317      225      163      127      159      261      393      290      432      140      73       
22       1870     334      153      195      80       177      190      169      417      226      254      104      307      148      398      227      113      120      332      198      413      323      0        230      344      432      256      274      56       359      339      182      295      219      255      213      93       126      306      209      327      
23       1940     108      120      267      287      68       225      192      193      136      122      199      145      154      170      81       244      218      104      183      197      147      230      0        114      213      65       43       241      142      192      81       70       34       31       113      275      155      285      30       200      
24       2800     43       221      356      399      174      312      283      94       205      173      305      156      252      63       154      349      322      27       265      113      143      344      114      0        122      115      70       354      72       192      180      58       131      92       189      385      259      337      138      216      
25       3160     164      287      388      472      254      345      326      31       326      295      412      278      309      65       273      408      432      149      384      20       263      432      213      122      0        234      176      452      72       161      250      143      241      183      234      451      323      328      243      336      
26       2560     85       177      326      324      125      286      252      208      91       64       197      80       211      178      39       293      212      92       150      222      84       256      65       115      234      0        67       253      170      249      141      102      43       83       178      317      207      350      57       136      
27       2240     70       157      299      330      107      256      225      153      156      131      238      138      190      128      100      284      256      62       210      161      134      274      43       70       176      67       0        284      107      184      116      36       64       28       136      317      193      301      68       198      
28       2370     336      190      251      127      201      243      219      434      203      237      67       290      192      412      219      169      73       338      163      434      308      56       241      354      452      253      284      0        379      376      211      310      223      269      249      147      170      359      216      300      
29       2550     115      217      330      402      182      286      263      59       262      234      341      225      242      57       207      341      360      98       317      55       214      359      142      72       72       170      107      379      0        129      179      72       171      111      168      383      254      288      172      286      
30       1790     229      186      242      356      184      202      193      171      328      312      359      323      194      184      273      281      382      212      370      143      317      339      192      192      161      249      184      376      129      0        169      154      226      166      126      329      214      167      219      383      
31       1140     186      41       186      223      20       145      111      238      186      186      190      220      74       224      143      169      213      177      213      231      225      182      81       180      250      141      116      211      179      169      0        123      99       88       49       206      78       216      86       270      
32       2220     79       165      298      345      120      254      225      123      192      167      269      169      195      103      136      293      288      64       245      127      163      295      70       58       143      102      36       310      72       154      123      0        98       41       131      329      202      285      99       230      
33       2130     114      133      282      283      81       243      208      218      102      90       174      120      167      192      48       250      192      115      149      225      127      219      34       131      241      43       64       223      171      226      99       98       0        64       140      275      163      312      13       171      
34       1950     98       130      270      307      82       227      196      164      164      145      229      160      162      143      108      258      249      89       213      166      159      255      31       92       183      83       28       269      111      166      88       41       64       0        107      292      167      274      62       219      
35       910      205      60       167      240      68       123      95       228      233      229      236      258      75       220      186      173      260      193      262      214      261      213      113      189      234      178      136      249      168      126      49       131      140      107      0        217      92       172      128      311      
36       1530     384      165      125      32       210      140      136      442      306      329      197      380      141      430      296      49       213      379      287      431      393      93       275      385      451      317      317      147      383      329      206      329      275      292      217      0        128      251      263      408      
37       730      263      37       122      148      87       92       58       314      226      237      176      281      22       302      197      90       200      255      233      303      290      126      155      259      323      207      193      170      254      214      78       202      163      167      92       128      0        196      150      322      
38       1240     364      198      128      283      236      117      140      337      402      401      372      430      176      345      358      205      396      349      423      310      432      306      285      337      328      350      301      359      288      167      216      285      312      274      172      251      196      0        300      484      
39       2000     124      120      268      272      68       229      195      221      109      101      170      134      154      197      58       237      188      123      153      227      140      209      30       138      243      57       68       216      172      219      86       99       13       62       128      263      150      300      0        184      
40       3810     173      299      445      405      251      409      374      306      101      84       233      61       331      272      127      397      233      189      140      329      73       327      200      216      336      136      198      300      286      383      270      230      171      219      311      408      322      484      184      0        
;

