

sets
i        orders          /0*10/
k        routes          /1*10/
p        positions       /0*10/
;

alias(i,j)
alias(i,h)
alias(i,hh)
alias(i,jj)
alias(k,kk)
                            Parameters

rho(i)	Processing time
/
0	0
1	75
2	86
3	96
4	38
5	85
6	82
7	69
8	58
9	65
10	93
/

gamma(i)	Duedate
/
0	0
1	97
2	79
3	75
4	62
5	71
6	17
7	67
8	92
9	35
10	15
/

sigma(i)	Size
/
0	0
1	7
2	1
3	4
4	3
5	8
6	5
7	3
8	2
9	7
10	9
/

epsilon(i)	Priority
/
0	0
1	8
2	7
3	6
4	1
5	7
6	9
7	4
8	7
9	1
10	5
/

psi	Vehicle Capacity
/ 28 /
;

Table kappa(i,j)                 Setup
         0        1        2        3        4        5        6        7        8        9        10       
0        0        194      397      492      446      319      526      245      490      126      362      
1        194      0        203      353      254      125      381      342      418      196      394      
2        397      203      0        298      78       78       308      511      440      381      518      
3        492      353      298      0        238      301      37       450      180      397      371      
4        446      254      78       238      0        135      242      526      398      410      510      
5        319      125      78       301      135      0        319      441      416      306      461      
6        526      381      308      37       242      319      0        488      204      433      406      
7        245      342      511      450      526      441      488      0        359      148      147      
8        490      418      440      180      398      416      204      359      0        369      237      
9        126      196      381      397      410      306      433      148      369      0        240      
10       362      394      518      371      510      461      406      147      237      240      0        
;



Table delta(i,j)                 Distance
         0        1        2        3        4        5        6        7        8        9        10       
0        0        320      230      280      310      420      410      250      20       370      370      
1        320      0        16       7        23       24       11       26       31       20       19       
2        230      16       0        10       9        39       28       33       24       13       33       
3        280      7        10       0        16       31       18       29       28       14       25       
4        310      23       9        16       0        47       33       42       31       9        41       
5        420      24       39       31       47       0        17       20       40       44       5        
6        410      11       28       18       33       17       0        28       40       28       14       
7        250      26       33       29       42       20       28       0        23       43       17       
8        20       31       24       28       31       40       40       23       0        37       35       
9        370      20       13       14       9        44       28       43       37       0        39       
10       370      19       33       25       41       5        14       17       35       39       0        
;

