
sets
i        orders          /0*10/
k        routes          /1*10/
p        positions       /0*10/
;

alias(i,j)
alias(i,h)
alias(i,hh)
alias(i,jj)
alias(k,kk)
                
                    Parameters

rho(i)	Processing time
/
0	0
1	47
2	29
3	92
4	52
5	35
6	24
7	95
8	81
9	14
10	44
/

gamma(i)	Duedate
/
0	0
1	53
2	4
3	54
4	47
5	1
6	94
7	2
8	28
9	29
10	9
/

sigma(i)	Size
/
0	0
1	3
2	4
3	7
4	4
5	1
6	2
7	6
8	3
9	4
10	1
/

epsilon(i)	Priority
/
0	0
1	9
2	9
3	6
4	4
5	2
6	1
7	2
8	9
9	5
10	9
/

psi	Vehicle Capacity
/ 11 /
;

Table kappa(i,j)                 Setup
         0        1        2        3        4        5        6        7        8        9        10       
0        0        305      147      113      33       225      279      103      274      185      171      
1        305      0        186      210      296      185      124      208      213      165      134      
2        147      186      0        33       156      84       220      102      263      38       70       
3        113      210      33       0        123      114      227      82       259      72       82       
4        33       296      156      123      0        238      258      88       245      194      165      
5        225      185      84       114      238      0        261      184      323      52       127      
6        279      124      220      227      258      261      0        177      90       219      149      
7        103      208      102      82       88       184      177      0        187      133      81       
8        274      213      263      259      245      323      90       187      0        275      198      
9        185      165      38       72       194      52       219      133      275      0        77       
10       171      134      70       82       165      127      149      81       198      77       0        
;



Table delta(i,j)                 Distance
         0        1        2        3        4        5        6        7        8        9        10       
0        0        790      540      720      1130     1060     1460     860      830      920      1420     
1        790      0        88       106      175      28       86       48       140      90       87       
2        540      88       0        126      162      115      172      62       135      139      171      
3        720      106      126      0        75       123      126      139      41       41       117      
4        1130     175      162      75       0        195      200      197      35       114      191      
5        1060     28       115      123      195      0        66       66       160      97       71       
6        1460     86       172      126      200      66       0        132      167      86       11       
7        860      48       62       139      197      66       132      0        164      133      135      
8        830      140      135      41       35       160      167      164      0        82       159      
9        920      90       139      41       114      97       86       133      82       0        76       
10       1420     87       171      117      191      71       11       135      159      76       0        
;

