
sets
i        orders          /0*10/
k        routes          /1*10/
p        positions       /0*10/
;

alias(i,j)
alias(i,h)
alias(i,hh)
alias(i,jj)
alias(k,kk)
                
                    Parameters

rho(i)	Processing time
/
0	0
1	70
2	98
3	13
4	8
5	72
6	40
7	17
8	29
9	54
10	81
/

gamma(i)	Duedate
/
0	0
1	80
2	85
3	53
4	71
5	20
6	22
7	72
8	18
9	98
10	27
/

sigma(i)	Size
/
0	0
1	9
2	9
3	7
4	7
5	1
6	4
7	2
8	7
9	9
10	7
/

epsilon(i)	Priority
/
0	0
1	8
2	2
3	8
4	9
5	7
6	8
7	5
8	8
9	1
10	2
/

psi	Vehicle Capacity
/ 36 /
;

Table kappa(i,j)                 Setup
         0        1        2        3        4        5        6        7        8        9        10       
0        0        322      242      214      223      332      80       95       262      209      292      
1        322      0        93       198      99       100      306      274      125      196      246      
2        242      93       0        184      39       97       215      215      140      179      175      
3        214      198      184      0        144      271      251      125      78       6        343      
4        223      99       39       144      0        133      209      184      105      140      209      
5        332      100      97       271      133      0        292      313      211      268      162      
6        80       306      215      251      209      292      0        155      278      245      222      
7        95       274      215      125      184      313      155      0        186      120      322      
8        262      125      140      78       105      211      278      186      0        78       314      
9        209      196      179      6        140      268      245      120      78       0        338      
10       292      246      175      343      209      162      222      322      314      338      0        
;



Table delta(i,j)                 Distance
         0        1        2        3        4        5        6        7        8        9        10       
0        0        720      1460     1500     770      1090     1310     1540     1030     120      380      
1        720      0        180      95       102      157      169      86       118      71       37       
2        1460     180      0        183      78       45       16       217      66       158      170      
3        1500     95       183      0        124      183      180      43       119      155      127      
4        770      102      78       124      0        60       67       149      26       89       93       
5        1090     157      45       183      60       0        29       210      66       121      139      
6        1310     169      16       180      67       29       0        211      60       143      156      
7        1540     86       217      43       149      210      211      0        151      155      123      
8        1030     118      66       119      26       66       60       151      0        115      115      
9        120      71       158      155      89       121      143      155      115      0        34       
10       380      37       170      127      93       139      156      123      115      34       0        
;

