
sets
i        orders          /0*10/
k        routes          /1*10/
p        positions       /0*10/
;

alias(i,j)
alias(i,h)
alias(i,hh)
alias(i,jj)
alias(k,kk)
                
                    Parameters

rho(i)	Processing time
/
0	0
1	87
2	45
3	78
4	93
5	76
6	72
7	31
8	75
9	91
10	60
/

gamma(i)	Duedate
/
0	0
1	68
2	75
3	98
4	80
5	25
6	65
7	88
8	87
9	94
10	74
/

sigma(i)	Size
/
0	0
1	9
2	6
3	2
4	5
5	5
6	7
7	1
8	4
9	7
10	5
/

epsilon(i)	Priority
/
0	0
1	4
2	7
3	6
4	8
5	5
6	1
7	4
8	3
9	6
10	1
/

psi	Vehicle Capacity
/ 13 /
;

Table kappa(i,j)                 Setup
         0        1        2        3        4        5        6        7        8        9        10       
0        0        95       111      58       114      91       154      172      82       32       154      
1        95       0        195      56       150      186      247      109      54       109      211      
2        111      195      0        169      203      67       124      230      194      125      78       
3        58       56       169      0        97       143      198      160      25       58       205      
4        114      150      203      97       0        146      166      257      97       85       264      
5        91       186      67       143      146      0        70       251      166      87       144      
6        154      247      124      198      166      70       0        321      217      139      201      
7        172      109      230      160      257      251      321      0        163      199      206      
8        82       54       194      25       97       166      217      163      0        80       229      
9        32       109      125      58       85       87       139      199      80       0        180      
10       154      211      78       205      264      144      201      206      229      180      0        
;



Table delta(i,j)                 Distance
         0        1        2        3        4        5        6        7        8        9        10       
0        0        1590     1440     470      740      330      1020     1810     950      790      2040     
1        1590     0        96       149      112      139      59       22       129      136      81       
2        1440     96       0        106      145      144      76       102      60       170      74       
3        470      149      106      0        100      70       91       168      51       114      175      
4        740      112      145      100      0        41       72       135      124      26       180      
5        330      139      144      70       41       0        86       162      107      46       195      
6        1020     59       76       91       72       86       0        79       81       98       109      
7        1810     22       102      168      135      162      79       0        143      158      68       
8        950      129      60       51       124      107      81       143      0        145      133      
9        790      136      170      114      26       46       98       158      145      0        206      
10       2040     81       74       175      180      195      109      68       133      206      0        
;

