
sets
i        orders          /0*5/
k        routes          /1*5/
p        positions       /0*5/
;

alias(i,j)
alias(i,h)
alias(i,hh)
alias(i,jj)
alias(k,kk)
                
                    Parameters

rho(i)	Processing time
/
0	0
1	98
2	85
3	13
4	42
5	72
/

gamma(i)	Duedate
/
0	0
1	11
2	90
3	26
4	30
5	85
/

sigma(i)	Size
/
0	0
1	8
2	5
3	7
4	4
5	2
/

epsilon(i)	Priority
/
0	0
1	9
2	7
3	1
4	3
5	7
/

psi	Vehicle Capacity
/ 31 /
;

Table kappa(i,j)                 Setup
         0        1        2        3        4        5        
0        0        15       88       36       44       81       
1        15       0        73       29       29       65       
2        88       73       0        78       44       17       
3        36       29       78       0        40       64       
4        44       29       44       40       0        37       
5        81       65       17       64       37       0        
;



Table delta(i,j)                 Distance
         0        1        2        3        4        5        
0        0        1060     800      300      520      940      
1        1060     0        16       44       64       7        
2        800      16       0        28       56       14       
3        300      44       28       0        40       39       
4        520      64       56       40       0        57       
5        940      7        14       39       57       0        
;

