
sets
i        orders          /0*5/
k        routes          /1*5/
p        positions       /0*5/
;

alias(i,j)
alias(i,h)
alias(i,hh)
alias(i,jj)
alias(k,kk)
                
                    Parameters

rho(i)	Processing time
/
0	0
1	26
2	6
3	3
4	12
5	15
/

gamma(i)	Duedate
/
0	0
1	34
2	19
3	67
4	17
5	8
/

sigma(i)	Size
/
0	0
1	9
2	6
3	9
4	9
5	3
/

epsilon(i)	Priority
/
0	0
1	6
2	3
3	1
4	6
5	4
/

psi	Vehicle Capacity
/ 34 /
;

Table kappa(i,j)                 Setup
         0        1        2        3        4        5        
0        0        76       35       44       114      81       
1        76       0        44       35       70       57       
2        35       44       0        25       99       71       
3        44       35       25       0        74       46       
4        114      70       99       74       0        33       
5        81       57       71       46       33       0        
;



Table delta(i,j)                 Distance
         0        1        2        3        4        5        
0        0        1140     340      600      440      1100     
1        1140     0        44       33       50       6        
2        340      44       0        13       9        41       
3        600      33       13       0        16       29       
4        440      50       9        16       0        45       
5        1100     6        41       29       45       0        
;

