
sets
i        orders          /0*5/
k        routes          /1*5/
p        positions       /0*5/
;

alias(i,j)
alias(i,h)
alias(i,hh)
alias(i,jj)
alias(k,kk)
                
                    Parameters

rho(i)	Processing time
/
0	0
1	24
2	86
3	74
4	13
5	51
/

gamma(i)	Duedate
/
0	0
1	8
2	74
3	82
4	24
5	77
/

sigma(i)	Size
/
0	0
1	4
2	2
3	5
4	3
5	6
/

epsilon(i)	Priority
/
0	0
1	7
2	4
3	4
4	9
5	6
/

psi	Vehicle Capacity
/ 10 /
;

Table kappa(i,j)                 Setup
         0        1        2        3        4        5        
0        0        62       101      41       48       53       
1        62       0        111      91       37       22       
2        101      111      0        141      74       89       
3        41       91       141      0        88       89       
4        48       37       74       88       0        15       
5        53       22       89       89       15       0        
;



Table delta(i,j)                 Distance
         0        1        2        3        4        5        
0        0        1280     620      860      780      720      
1        1280     0        51       23       34       43       
2        620      51       0        40       45       48       
3        860      23       40       0        11       20       
4        780      34       45       11       0        9        
5        720      43       48       20       9        0        
;

