

sets
i        orders          /0*40/
k        routes          /1*40/
p        positions       /0*40/
;

alias(i,j)
alias(i,h)
alias(i,hh)
alias(i,jj)
alias(k,kk)
                            Parameters

rho(i)	Processing time
/
0	0
1	27
2	91
3	66
4	8
5	70
6	76
7	94
8	39
9	71
10	95
11	25
12	56
13	20
14	77
15	27
16	78
17	15
18	18
19	3
20	19
21	55
22	2
23	90
24	85
25	53
26	44
27	19
28	12
29	51
30	4
31	17
32	80
33	32
34	36
35	62
36	44
37	1
38	74
39	19
40	9
/

gamma(i)	Duedate
/
0	0
1	36
2	66
3	60
4	26
5	70
6	43
7	13
8	97
9	41
10	49
11	12
12	14
13	60
14	91
15	55
16	34
17	39
18	11
19	14
20	19
21	14
22	42
23	23
24	97
25	43
26	43
27	18
28	82
29	21
30	30
31	94
32	24
33	46
34	62
35	35
36	49
37	49
38	32
39	53
40	82
/

sigma(i)	Size
/
0	0
1	1
2	7
3	6
4	8
5	6
6	1
7	6
8	1
9	3
10	4
11	1
12	5
13	1
14	6
15	9
16	8
17	8
18	4
19	5
20	7
21	8
22	8
23	6
24	9
25	9
26	4
27	7
28	8
29	4
30	3
31	2
32	1
33	1
34	8
35	7
36	8
37	6
38	1
39	5
40	9
/

epsilon(i)	Priority
/
0	0
1	8
2	9
3	6
4	7
5	6
6	6
7	1
8	8
9	9
10	4
11	3
12	3
13	7
14	1
15	1
16	7
17	3
18	2
19	9
20	9
21	4
22	4
23	4
24	1
25	9
26	9
27	3
28	7
29	5
30	6
31	6
32	8
33	1
34	7
35	8
36	5
37	4
38	9
39	6
40	3
/

psi	Vehicle Capacity
/ 10 /
;

Table kappa(i,j)                 Setup
         0        1        2        3        4        5        6        7        8        9        10       11       12       13       14       15       16       17       18       19       20       21       22       23       24       25       26       27       28       29       30       31       32       33       34       35       36       37       38       39       40       
0        0        604      2016     996      3409     3347     3881     3123     1911     3945     3974     2973     2237     3219     1708     2118     3089     1658     2756     3706     3404     2001     3146     911      3143     3545     2446     774      2408     2969     2418     2550     1363     2840     801      3748     2266     3039     4451     3300     3031     
1        604      0        1459     1466     3677     3409     4054     3175     1423     3562     3916     2698     2172     3284     2096     2621     2758     1084     2671     3799     3316     1775     2767     831      2838     3224     2978     1325     2880     3184     2741     2455     921      2944     288      3948     2154     3129     4604     3213     3108     
2        2016     1459     0        2559     4036     3315     4153     3089     398      2363     3473     1872     2034     3212     2926     3627     1767     385      2349     3729     2868     1388     1644     1493     1909     2199     4036     2569     3792     3476     3334     2156     771      3019     1455     4120     1907     3140     4613     2784     3093     
3        996      1466     2559     0        2489     2664     3044     2468     2311     3962     3434     2852     1853     2541     737      1155     3061     2281     2337     2970     2940     1929     3205     1073     3060     3466     1525     336      1420     2114     1476     2173     1791     2130     1731     2887     1954     2336     3623     2841     2346     
4        3409     3677     4036     2489     0        1232     761      1299     3646     3950     2085     2930     2057     1222     1759     1900     3254     3968     2007     1129     2064     2691     3533     2894     3129     3381     2058     2817     1600     562      1016     2089     3404     1118     3964     546      2219     1115     1276     2038     1181     
5        3347     3409     3315     2664     1232     0        901      237      2918     2759     923      1838     1311     127      2095     2603     2155     3356     992      414      841      1933     2444     2578     2009     2203     2904     2993     2416     888      1563     1163     2851     535      3677     958      1413     330      1298     831      320      
6        3881     4054     4153     3044     761      901      0        1092     3754     3619     1517     2740     2119     973      2351     2619     3055     4155     1881     570      1695     2765     3344     3232     2906     3078     2809     3380     2340     930      1641     2032     3620     1148     4335     215      2249     1013     579      1706     1062     
7        3123     3175     3089     2468     1299     237      1092     0        2690     2653     1023     1674     1076     123      1932     2486     1995     3123     789      648      784      1703     2282     2345     1857     2085     2809     2793     2325     865      1461     944      2615     370      3442     1115     1183     209      1525     744      155      
8        1911     1423     398      2311     3646     2918     3754     2690     0        2185     3099     1542     1635     2813     2607     3330     1484     548      1955     3332     2490     989      1415     1239     1609     1939     3745     2366     3473     3085     2971     1760     554      2621     1498     3722     1508     2741     4215     2403     2694     
9        3945     3562     2363     3962     3950     2759     3619     2653     2185     0        2240     1151     2259     2739     3878     4625     901      2697     2009     3051     1926     2036     799      3076     928      576      5030     4154     4611     3468     3820     2027     2640     2874     3675     3712     2103     2836     3817     1928     2770     
10       3974     3916     3473     3434     2085     923      1517     1023     3099     2240     0        1673     1750     1005     2946     3508     1923     3612     1245     974      615      2212     2196     3117     1753     1772     3822     3746     3335     1811     2476     1462     3195     1394     4157     1671     1763     1215     1592     712      1175     
11       2973     2698     1872     2852     2930     1838     2740     1674     1542     1151     1673     0        1108     1782     2728     3473     323      2088     925      2205     1128     975      608      2067     223      615      3878     3071     3462     2408     2686     894      1816     1817     2873     2787     952      1825     3064     1075     1760     
12       2237     2172     2034     1853     2057     1311     2119     1076     1635     2259     1750     1108     0        1197     1627     2366     1393     2048     519      1724     1167     648      1625     1366     1331     1707     2770     2121     2357     1496     1609     324      1540     988      2422     2087     173      1107     2596     1063     1063     
13       3219     3284     3212     2541     1222     127      973      123      2813     2739     1005     1782     1197     0        1981     2506     2102     3245     908      528      843      1826     2390     2452     1961     2176     2817     2869     2329     828      1471     1066     2734     415      3552     1005     1306     215      1402     817      195      
14       1708     2096     2926     737      1759     2095     2351     1932     2607     3878     2946     2728     1627     1981     0        760      2992     2719     2016     2347     2535     1949     3190     1476     2950     3334     1179     1059     866      1426     742      1907     2167     1567     2378     2182     1775     1766     2930     2446     1790     
15       2118     2621     3627     1155     1900     2603     2619     2486     3330     4625     3508     3473     2366     2506     760      0        3744     3387     2713     2768     3172     2709     3948     2142     3696     4073     420      1350     348      1783     1044     2627     2858     2117     2882     2418     2521     2293     3170     3092     2333     
16       3089     2758     1767     3061     3254     2155     3055     1995     1484     901      1923     323      1393     2102     2992     3744     0        2031     1247     2514     1415     1139     290      2201     170      466      4154     3258     3749     2730     2990     1206     1847     2140     2906     3107     1228     2148     3364     1372     2083     
17       1658     1084     385      2281     3968     3356     4155     3123     548      2697     3612     2088     2048     3245     2719     3387     2031     0        2429     3771     2998     1433     1947     1247     2157     2482     3787     2257     3578     3417     3194     2222     571      3008     1069     4102     1946     3149     4644     2906     3108     
18       2756     2671     2349     2337     2007     992      1881     789      1955     2009     1245     925      519      908      2016     2713     1247     2429     0        1397     650      998      1525     1879     1131     1433     3096     2620     2648     1484     1824     218      1971     892      2912     1900     519      913      2283     546      850      
19       3706     3799     3729     2970     1129     414      570      648      3332     3051     974      2205     1724     528      2347     2768     2514     3771     1397     0        1131     2347     2804     2967     2360     2515     3025     3304     2538     985      1728     1575     3262     866      4070     700      1828     671      886      1150     690      
20       3404     3316     2868     2940     2064     841      1695     784      2490     1926     615      1128     1167     843      2535     3172     1415     2998     650      1131     0        1597     1703     2528     1253     1384     3525     3237     3050     1648     2189     862      2580     1100     3551     1786     1161     990      1952     103      929      
21       2001     1775     1388     1929     2691     1933     2765     1703     989      2036     2212     975      648      1826     1949     2709     1139     1433     998      2347     1597     0        1278     1092     1160     1569     3128     2119     2771     2128     2129     789      983      1636     1983     2736     519      1752     3228     1499     1704     
22       3146     2767     1644     3205     3533     2444     3344     2282     1415     799      2196     608      1625     2390     3190     3948     290      1947     1525     2804     1703     1278     0        2284     450      568      4362     3379     3971     3004     3233     1468     1845     2416     2888     3395     1455     2431     3653     1662     2367     
23       911      831      1493     1073     2894     2578     3232     2345     1239     3076     3117     2067     1366     2452     1476     2142     2201     1247     1879     2967     2528     1092     2284     0        2243     2649     2546     1141     2331     2381     2015     1667     721      2114     1106     3133     1373     2298     3777     2425     2277     
24       3143     2838     1909     3060     3129     2009     2906     1857     1609     928      1753     223      1331     1961     2950     3696     170      2157     1131     2360     1253     1160     450      2243     0        409      4102     3271     3686     2614     2908     1114     1938     2021     2999     2964     1174     2017     3204     1214     1952     
25       3545     3224     2199     3466     3381     2203     3078     2085     1939     576      1772     615      1707     2176     3334     4073     466      2482     1433     2515     1384     1569     568      2649     409      0        4474     3680     4048     2893     3248     1459     2313     2299     3372     3161     1559     2265     3313     1374     2199     
26       2446     2978     4036     1525     2058     2904     2809     2809     3745     5030     3822     3878     2770     2817     1179     420      4154     3787     3096     3025     3525     3128     4362     2546     4102     4474     0        1671     489      2045     1347     3022     3265     2446     3229     2598     2928     2609     3332     3449     2654     
27       774      1325     2569     336      2817     2993     3380     2793     2366     4154     3746     3071     2121     2869     1059     1350     3258     2257     2620     3304     3237     2119     3379     1141     3271     3680     1671     0        1653     2450     1801     2445     1822     2460     1562     3222     2207     2666     3959     3137     2674     
28       2408     2880     3792     1420     1600     2416     2340     2325     3473     4611     3335     3462     2357     2329     866      348      3749     3578     2648     2538     3050     2771     3971     2331     3686     4048     489      1653     0        1556     864      2588     3031     1964     3150     2133     2521     2123     2876     2978     2169     
29       2969     3184     3476     2114     562      888      930      865      3085     3468     1811     2408     1496     828      1426     1783     2730     3417     1484     985      1648     2128     3004     2381     2614     2893     2045     2450     1556     0        749      1544     2857     594      3470     780      1660     657      1509     1602     720      
30       2418     2741     3334     1476     1016     1563     1641     1461     2971     3820     2476     2686     1609     1471     742      1044     2990     3194     1824     1728     2189     2129     3233     2015     2908     3248     1347     1801     864      749      0        1794     2624     1100     3028     1459     1782     1261     2214     2119     1306     
31       2550     2455     2156     2173     2089     1163     2032     944      1760     2027     1462     894      324      1066     1907     2627     1206     2222     218      1575     862      789      1468     1667     1114     1459     3022     2445     2588     1544     1794     0        1756     973      2694     2033     301      1034     2461     759      977      
32       1363     921      771      1791     3404     2851     3620     2615     554      2640     3195     1816     1540     2734     2167     2858     1847     571      1971     3262     2580     983      1845     721      1938     2313     3265     1822     3031     2857     2624     1756     0        2471     1060     3557     1463     2623     4125     2483     2587     
33       2840     2944     3019     2130     1118     535      1148     370      2621     2874     1394     1817     988      415      1567     2117     2140     3008     892      866      1100     1636     2416     2114     2021     2299     2446     2460     1964     594      1100     973      2471     0        3220     1101     1133     205      1668     1040     223      
34       801      288      1455     1731     3964     3677     4335     3442     1498     3675     4157     2873     2422     3552     2378     2882     2906     1069     2912     4070     3551     1983     2888     1106     2999     3372     3229     1562     3150     3470     3028     2694     1060     3220     0        4232     2393     3402     4883     3449     3380     
35       3748     3948     4120     2887     546      958      215      1115     3722     3712     1671     2787     2087     1005     2182     2418     3107     4102     1900     700      1786     2736     3395     3133     2964     3161     2598     3222     2133     780      1459     2033     3557     1101     4232     0        2228     998      757      1786     1055     
36       2266     2154     1907     1954     2219     1413     2249     1183     1508     2103     1763     952      173      1306     1775     2521     1228     1946     519      1828     1161     519      1455     1373     1174     1559     2928     2207     2521     1660     1782     301      1463     1133     2393     2228     0        1237     2708     1058     1187     
37       3039     3129     3140     2336     1115     330      1013     209      2741     2836     1215     1825     1107     215      1766     2293     2148     3149     913      671      990      1752     2431     2298     2017     2265     2609     2666     2123     657      1261     1034     2623     205      3402     998      1237     0        1502     946      66       
38       4451     4604     4613     3623     1276     1298     579      1525     4215     3817     1592     3064     2596     1402     2930     3170     3364     4644     2283     886      1952     3228     3653     3777     3204     3313     3332     3959     2876     1509     2214     2461     4125     1668     4883     757      2708     1502     0        1991     1538     
39       3300     3213     2784     2841     2038     831      1706     744      2403     1928     712      1075     1063     817      2446     3092     1372     2906     546      1150     103      1499     1662     2425     1214     1374     3449     3137     2978     1602     2119     759      2483     1040     3449     1786     1058     946      1991     0        882      
40       3031     3108     3093     2346     1181     320      1062     155      2694     2770     1175     1760     1063     195      1790     2333     2083     3108     850      690      929      1704     2367     2277     1952     2199     2654     2674     2169     720      1306     977      2587     223      3380     1055     1187     66       1538     882      0        
;



Table delta(i,j)                 Distance
         0        1        2        3        4        5        6        7        8        9        10       11       12       13       14       15       16       17       18       19       20       21       22       23       24       25       26       27       28       29       30       31       32       33       34       35       36       37       38       39       40       
0        0        820      450      760      640      1080     1260     940      640      940      1300     1490     1600     930      1400     810      840      90       200      440      830      440      980      1040     310      920      660      1100     1490     340      760      750      570      1110     680      140      690      860      650      870      1520     
1        820      0        40       34       28       128      47       21       93       12       108      69       78       47       77       134      20       87       87       42       136      63       78       27       104      120      67       40       80       113      50       37       32       34       131      95       64       107      119      78       77       
2        450      40       0        32       35       123      81       56       60       52       122      109      116      51       111      113      39       49       55       24       115      27       89       65       64       110      64       75       116      73       59       32       12       72       105      57       64       100      97       60       107      
3        760      34       32       0        52       150      56       55       64       40       139      94       95       19       111      145      17       78       88       52       148      40       107      60       88       140      89       74       113      99       77       3        20       66       138      86       88       128      129      44       77       
4        640      28       35       52       0        100      75       31       95       38       88       87       102      70       78       106      45       72       63       20       108      62       56       41       91       92       38       46       85       98       25       54       38       48       103      78       36       79       91       91       106      
5        1080     128      123      150      100      0        171      119      170      135      60       161      186      169      121      51       146      117      89       99       51       143      60       127      136      17       61       119      133      132      79       152      132      130      67       115      63       23       55       183      203      
6        1260     47       81       56       75       171      0        51       118      36       139      48       39       51       85       181      42       130      133      89       183      96       115      45       143      165      112      58       82       154      92       59       69       45       178      138      109      152      166      89       31       
7        940      21       56       55       31       119      51       0        113      19       91       56       72       67       56       133      40       101      94       50       135      82       63       10       119      114      61       19       60       127      40       59       52       17       133      108      58       101      120      99       83       
8        640      93       60       64       95       170      118      113      0        102      180      159      158      69       169      145      80       57       84       81       147      32       147      120      49       155      118      133      174      61       118      60       61       127      131      63       119      147      129      38       133      
9        940      12       52       40       38       135      36       19       102      0        110      57       66       49       71       144      24       100      99       54       147      74       82       20       116      129      75       34       73       125      56       44       43       25       142      107      72       115      130      84       68       
10       1300     108      122      139      88       60       139      91       180      110      0        114      142      155      68       106      128      140      116      99       107      148      33       94       161      70       63       81       80       162      63       142      127      94       118      142      61       61       103      180      169      
11       1490     69       109      94       87       161      48       56       159      57       114      0        28       96       48       185      78       156      150      106      187      131      101      45       173      160      112      44       40       182      90       98       101      39       186      163      108      147      173      134      66       
12       1600     78       116      95       102      186      39       72       158      66       142      28       0        90       77       205      80       165      165      119      207      135      126      62       180      183      132      67       68       190      111      98       106      57       205      173      129      170      192      129      43       
13       930      47       51       19       70       169      51       67       69       49       155      96       90       0        120      165      27       94       107      71       167      53       124      69       101      159      108      84       121      113      95       18       39       74       157      102      106      147      148      38       65       
14       1400     77       111      111      78       121      85       56       169      71       68       48       77       120      0        154      95       149      135      97       156      137      63       51       169      124      85       36       12       175      67       114      108      46       160      155      81       111      145      154      111      
15       810      134      113      145      106      51       181      133      145      144      106      185      205      165      154      0        147      88       62       94       2        124      91       143      101      36       73       140      166      94       94       146      125      148      18       83       77       45       16       167      212      
16       840      20       39       17       45       146      42       40       80       24       128      78       80       27       95       147      0        88       93       52       149      55       98       43       100      137      84       58       97       111      69       20       27       49       141      96       82       124      131      60       68       
17       90       87       49       78       72       117      130      101      57       100      140      156      165      94       149      88       88       0        28       51       90       42       108      111      21       101      76       117      157      26       85       76       60       118      74       8        79       95       72       83       155      
18       200      87       55       88       63       89       133      94       84       99       116      150      165      107      135      62       93       28       0        45       64       62       86       105      47       73       54       108      145      46       68       88       68       111      50       27       57       67       45       105      162      
19       440      42       24       52       20       99       89       50       81       54       99       106      119      71       97       94       52       51       45       0        97       49       66       60       71       87       39       66       105      78       37       53       33       67       89       58       39       76       79       84       118      
20       830      136      115      148      108      51       183      135      147      147      107      187      207      167      156      2        149      90       64       97       0        126      93       145      103      37       75       142      167      96       96       148      127      150      19       85       79       46       18       169      214      
21       440      63       27       40       62       143      96       82       32       74       148      131      135      53       137      124      55       42       62       49       126      0        115      90       48       129      88       102      143      60       86       38       30       97       113      50       88       119      107      42       117      
22       980      78       89       107      56       60       115      63       147      82       33       101      126      124      63       91       98       108      86       66       93       115      0        69       129      60       31       59       75       132      30       110      93       71       99       111      29       48       84       147      146      
23       1040     27       65       60       41       127      45       10       120      20       94       45       62       69       51       143      43       111      105      60       145      90       69       0        128      122      70       15       53       137      49       63       60       7        143      118      67       109      130      103      76       
24       310      104      64       88       91       136      143      119      49       116      161      173      180      101      169      101      100      21       47       71       103      48       129      128      0        119      98       136      177      12       106      86       73       135      86       20       100      115      87       82       165      
25       920      120      110      140      92       17       165      114      155      129      70       160      183      159      124      36       137      101      73       87       37       129      60       122      119      0        53       116      136      116      73       141      121      126      51       99       56       13       39       170      197      
26       660      67       64       89       38       61       112      61       118      75       63       112      132      108      85       73       84       76       54       39       75       88       31       70       98       53       0        67       96       100      21       91       72       75       75       79       4        40       61       124      143      
27       1100     40       75       74       46       119      58       19       133      34       81       44       67       84       36       140      58       117      108      66       142      102      59       15       136      116      67       0        41       144      45       77       71       13       142      124      63       103      128      118      88       
28       1490     80       116      113      85       133      82       60       174      73       80       40       68       121      12       166      97       157      145      105      167      143      75       53       177      136      96       41       0        183      77       117      112      47       171      163      92       123      156      157      105      
29       340      113      73       99       98       132      154      127      61       125      162      182      190      113      175      94       111      26       46       78       96       60       132      137      12       116      100      144      183      0        110      97       84       144      78       21       103      112      80       95       177      
30       760      50       59       77       25       79       92       40       118      56       63       90       111      95       67       94       69       85       68       37       96       86       30       49       106      73       21       45       77       110      0        80       63       53       96       89       17       60       82       117      124      
31       750      37       32       3        54       152      59       59       60       44       142      98       98       18       114      146      20       76       88       53       148      38       110      63       86       141      91       77       117      97       80       0        20       69       138      85       90       129      129      40       79       
32       570      32       12       20       38       132      69       52       61       43       127      101      106      39       108      125      27       60       68       33       127      30       93       60       73       121      72       71       112      84       63       20       0        66       118      68       71       109      109      53       95       
33       1110     34       72       66       48       130      45       17       127      25       94       39       57       74       46       148      49       118      111      67       150      97       71       7        135      126      75       13       47       144      53       69       66       0        149      125      71       113      135      109      75       
34       680      131      105      138      103      67       178      133      131      142      118      186      205      157      160      18       141      74       50       89       19       113      99       143      86       51       75       142      171      78       96       138      118      149      0        68       80       56       15       155      208      
35       140      95       57       86       78       115      138      108      63       107      142      163      173      102      155      83       96       8        27       58       85       50       111      118      20       99       79       124      163      21       89       85       68       125      68       0        82       94       67       91       163      
36       690      64       64       88       36       63       109      58       119      72       61       108      129      106      81       77       82       79       57       39       79       88       29       67       100      56       4        63       92       103      17       90       71       71       80       82       0        43       65       124      140      
37       860      107      100      128      79       23       152      101      147      115      61       147      170      147      111      45       124      95       67       76       46       119      48       109      115      13       40       103      123      112      60       129      109      113      56       94       43       0        42       160      184      
38       650      119      97       129      91       55       166      120      129      130      103      173      192      148      145      16       131      72       45       79       18       107      84       130      87       39       61       128      156      80       82       129      109      135      15       67       65       42       0        150      197      
39       870      78       60       44       91       183      89       99       38       84       180      134      129      38       154      167      60       83       105      84       169      42       147      103      82       170      124      118      157      95       117      40       53       109      155      91       124      160      150      0        99       
40       1520     77       107      77       106      203      31       83       133      68       169      66       43       65       111      212      68       155      162      118      214      117      146      76       165      197      143      88       105      177      124      79       95       75       208      163      140      184      197      99       0        
;

