

sets
i        orders          /0*20/
k        routes          /1*20/
p        positions       /0*20/
;

alias(i,j)
alias(i,h)
alias(i,hh)
alias(i,jj)
alias(k,kk)
                            Parameters

rho(i)	Processing time
/
0	0
1	80
2	7
3	41
4	79
5	11
6	44
7	22
8	94
9	68
10	59
11	46
12	84
13	43
14	27
15	4
16	34
17	27
18	16
19	85
20	49
/

gamma(i)	Duedate
/
0	0
1	14
2	30
3	73
4	23
5	91
6	97
7	46
8	53
9	8
10	95
11	90
12	58
13	83
14	47
15	6
16	25
17	55
18	50
19	85
20	58
/

sigma(i)	Size
/
0	0
1	7
2	9
3	4
4	6
5	7
6	3
7	4
8	9
9	6
10	6
11	5
12	1
13	8
14	7
15	3
16	1
17	3
18	3
19	5
20	6
/

epsilon(i)	Priority
/
0	0
1	4
2	4
3	3
4	2
5	1
6	2
7	4
8	3
9	7
10	6
11	6
12	6
13	5
14	5
15	4
16	1
17	6
18	8
19	4
20	3
/

psi	Vehicle Capacity
/ 110 /
;

Table kappa(i,j)                 Setup
         0        1        2        3        4        5        6        7        8        9        10       11       12       13       14       15       16       17       18       19       20       
0        0        51       93       89       99       78       107      80       30       81       81       35       35       107      144      102      112      120      158      104      23       
1        51       0        133      85       90       113      121      116      44       65       111      75       16       76       170      153      161      114      191      111      53       
2        93       133      0        96       107      22       68       20       89       112      33       110      123      145      67       59       110      113      66       82       80       
3        89       85       96       0        11       75       44       77       59       24       63       125      89       51       99       146      181      31       130      29       67       
4        99       90       107      11       0        86       51       88       68       25       74       135      95       44       105      157      193      24       137      34       77       
5        78       113      22       75       86       0        53       2        69       90       14       100      104      123      69       73       118      94       80       64       61       
6        107      121      68       44       51       53       0        53       83       69       39       138      119      95       54       126      172      47       86       17       84       
7        80       116      20       77       88       2        53       0        72       92       14       102      107      125      67       73       118      95       77       65       64       
8        30       44       89       59       68       69       83       72       0        50       67       66       37       79       128      116      136      91       147      78       13       
9        81       65       112      24       25       90       69       92       50       0        79       116      71       33       123      155      183      49       152      54       62       
10       81       111      33       63       74       14       39       14       67       79       0        107      104      112      63       88       132      80       80       50       61       
11       35       75       110      125      135      100      138      102      66       116      107      0        58       141      170      98       90       156      177      138      57       
12       35       16       123      89       95       104      119      107      37       71       104      58       0        88       165      138      145      119      184      112      43       
13       107      76       145      51       44       123      95       125      79       33       112      141      88       0        149      188      214      60       181      78       91       
14       144      170      67       99       105      69       54       67       128      123      63       170      165      149      0        122      175      95       37       70       124      
15       102      153      59       146      157      73       126      73       116      155      88       98       138      188      122      0        54       168      108      138      103      
16       112      161      110      181      193      118      172      118      136      183      132      90       145      214      175      54       0        207      163      180      123      
17       120      114      113      31       24       94       47       95       91       49       80       156      119      60       95       168      207      0        131      31       98       
18       158      191      66       130      137      80       86       77       147      152      80       177      184      181      37       108      163      131      0        103      141      
19       104      111      82       29       34       64       17       65       78       54       50       138      112      78       70       138      180      31       103      0        81       
20       23       53       80       67       77       61       84       64       13       62       61       57       43       91       124      103      123      98       141      81       0        
;



Table delta(i,j)                 Distance
         0        1        2        3        4        5        6        7        8        9        10       11       12       13       14       15       16       17       18       19       20       
0        0        780      2190     3000     2880     2640     1560     3180     2940     2340     4050     3090     3360     1680     3390     3690     2100     1470     3060     3450     2280     
1        780      0        57       78       120      79       26       111      79       94       159      83       132      57       139      148      65       26       122      89       78       
2        2190     57       0        35       143      28       53       85       114      95       207      31       185      42       178      190      33       68       128      75       52       
3        3000     78       35       0        178      53       62       115      110      130      236      16       211      78       211      222      67       78       163      48       86       
4        2880     120      143      178      0        139      147      105      191      59       104      173      113      102      54       69       117      145      41       206      105      
5        2640     79       28       53       139      0        81       62       142      84       216      41       199      39       181      194      22       94       116      100      36       
6        1560     26       53       62       147      81       0        126      62       116      182      72       153      71       165      174      74       16       146      63       91       
7        3180     111      85       115      105      62       126      0        188      47       201      103      196      55       156      171      53       135      69       160      35       
8        2940     79       114      110      191      142      62       188      0        173      195      124      157      133      195      199      137      53       200      79       153      
9        2340     94       95       130      59       84       116      47       173      0        154      122      151      52       109      123      64       121      32       167      48       
10       4050     159      207      236      104      216      182      201      195      154      0        238      40       177      51       38       194      171      145      245      189      
11       3090     83       31       16       173      41       72       103      124      122      238      0        215      71       209      221      58       88       155      64       75       
12       3360     132      185      211      113      199      153      196      157      151      40       215      0        161      71       64       178      140      150      214      177      
13       1680     57       42       78       102      39       71       55       133      52       177      71       161      0        141      154      17       80       85       115      21       
14       3390     139      178      211      54       181      165      156      195      109      51       209      71       141      0        15       158      158      95       229      150      
15       3690     148      190      222      69       194      174      171      199      123      38       221      64       154      15       0        171      166      110      238      164      
16       2100     65       33       67       117      22       74       53       137      64       194      58       178      17       158      171      0        86       97       108      19       
17       1470     26       68       78       145      94       16       135      53       121      171      88       140      80       158      166      86       0        148      74       101      
18       3060     122      128      163      41       116      146      69       200      32       145      155      150      85       95       110      97       148      0        199      80       
19       3450     89       75       48       206      100      63       160      79       167      245      64       214      115      229      238      108      74       199      0        127      
20       2280     78       52       86       105      36       91       35       153      48       189      75       177      21       150      164      19       101      80       127      0        
;

