
sets
i        orders          /0*10/
k        routes          /1*10/
p        positions       /0*10/
;

alias(i,j)
alias(i,h)
alias(i,hh)
alias(i,jj)
alias(k,kk)
                
                    Parameters

rho(i)	Processing time
/
0	0
1	80
2	64
3	71
4	27
5	48
6	97
7	47
8	9
9	86
10	41
/

gamma(i)	Duedate
/
0	0
1	39
2	57
3	2
4	69
5	32
6	49
7	80
8	49
9	42
10	56
/

sigma(i)	Size
/
0	0
1	6
2	2
3	2
4	7
5	8
6	2
7	3
8	5
9	5
10	6
/

epsilon(i)	Priority
/
0	0
1	9
2	3
3	5
4	3
5	1
6	3
7	6
8	3
9	3
10	4
/

psi	Vehicle Capacity
/ 23 /
;

Table kappa(i,j)                 Setup
         0        1        2        3        4        5        6        7        8        9        10       
0        0        275      327      37       213      348      290      186      147      21       354      
1        275      0        122      249      71       159      183      104      128      256      178      
2        327      122      0        293      177      37       95       205      192      312      57       
3        37       249      293      0        192      313      253      169      120      34       317      
4        213      71       177      192      0        212      209      33       76       192      228      
5        348      159      37       313      212      0        85       239      220      335      21       
6        290      183      95       253      209      85       0        227      187      281      77       
7        186      104      205      169      33       239      227      0        63       165      254      
8        147      128      192      120      76       220      187      63       0        128      230      
9        21       256      312      34       192      335      281      165      128      0        341      
10       354      178      57       317      228      21       77       254      230      341      0        
;



Table delta(i,j)                 Distance
         0        1        2        3        4        5        6        7        8        9        10       
0        0        195      116      48       103      198      144      141      68       85       204      
1        195      0        157      240      130      217      205      224      220      116      251      
2        116      157      0        160      32       276      232      238      87       70       294      
3        48       240      160      0        150      202      144      135      93       133      198      
4        103      130      32       150      0        245      204      212      95       39       266      
5        198      217      276      202      245      0        57       71       266      206      39       
6        144      205      232      144      204      57       0        22       212      165      62       
7        141      224      238      135      212      71       22       0        210      175      63       
8        68       220      87       93       95       266      212      210      0        105      273      
9        85       116      70       133      39       206      165      175      105      0        227      
10       204      251      294      198      266      39       62       63       273      227      0        
;

