
sets
i        orders          /0*10/
k        routes          /1*10/
p        positions       /0*10/
;

alias(i,j)
alias(i,h)
alias(i,hh)
alias(i,jj)
alias(k,kk)
                
                    Parameters

rho(i)	Processing time
/
0	0
1	67
2	2
3	36
4	79
5	3
6	70
7	37
8	56
9	25
10	53
/

gamma(i)	Duedate
/
0	0
1	74
2	63
3	20
4	12
5	45
6	56
7	28
8	69
9	64
10	30
/

sigma(i)	Size
/
0	0
1	2
2	9
3	9
4	4
5	1
6	9
7	9
8	1
9	1
10	9
/

epsilon(i)	Priority
/
0	0
1	5
2	2
3	7
4	3
5	1
6	5
7	5
8	4
9	6
10	8
/

psi	Vehicle Capacity
/ 9 /
;

Table kappa(i,j)                 Setup
         0        1        2        3        4        5        6        7        8        9        10       
0        0        108      208      150      243      249      305      130      176      305      125      
1        108      0        108      44       178      184      203      90       150      236      20       
2        208      108      0        65       108      224      96       179      231      260      87       
3        150      44       65       0        151      185      160      116      173      231      25       
4        243      178      108      151      0        330      134      265      324      369      160      
5        249      184      224      185      330      0        276      119      93       56       190      
6        305      203      96       160      134      276      0        264      309      297      183      
7        130      90       179      116      265      119      264      0        60       175      105      
8        176      150      231      173      324      93       309      60       0        144      165      
9        305      236      260      231      369      56       297      175      144      0        240      
10       125      20       87       25       160      190      183      105      165      240      0        
;



Table delta(i,j)                 Distance
         0        1        2        3        4        5        6        7        8        9        10       
0        0        154      295      109      26       284      61       103      172      5        179      
1        154      0        158      154      166      148      213      180      156      151      39       
2        295      158      0        313      313      11       357      271      305      293      121      
3        109      154      313      0        92       303      127      208      69       104      193      
4        26       166      313      92       0        302      48       128      159      24       195      
5        284      148      11       303      302      0        345      260      296      282      111      
6        61       213      357      127      48       345      0        139      196      63       240      
7        103      180      271      208      128      260      139      0        262      107      184      
8        172      156      305      69       159      296      196      262      0        167      195      
9        5        151      293      104      24       282      63       107      167      0        177      
10       179      39       121      193      195      111      240      184      195      177      0        
;

