
sets
i        orders          /0*10/
k        routes          /1*10/
p        positions       /0*10/
;

alias(i,j)
alias(i,h)
alias(i,hh)
alias(i,jj)
alias(k,kk)
                
                    Parameters

rho(i)	Processing time
/
0	0
1	48
2	29
3	1
4	10
5	36
6	45
7	57
8	10
9	48
10	19
/

gamma(i)	Duedate
/
0	0
1	15
2	37
3	51
4	42
5	72
6	35
7	9
8	1
9	35
10	54
/

sigma(i)	Size
/
0	0
1	8
2	1
3	5
4	7
5	7
6	8
7	8
8	3
9	8
10	3
/

epsilon(i)	Priority
/
0	0
1	6
2	7
3	2
4	7
5	3
6	9
7	9
8	4
9	7
10	8
/

psi	Vehicle Capacity
/ 22 /
;

Table kappa(i,j)                 Setup
         0        1        2        3        4        5        6        7        8        9        10       
0        0        222      82       300      172      273      271      237      173      176      172      
1        222      0        193      212      52       109      51       47       250      200      259      
2        82       193      0        222      141      212      234      191      99       94       101      
3        300      212      222      0        203      113      204      167      180      136      191      
4        172      52       141      203      0        122      98       69       206      159      214      
5        273      109      212      113      122      0        91       62       223      166      234      
6        271      51       234      204      98       91       0        48       278      224      288      
7        237      47       191      167      69       62       48       0        230      176      240      
8        173      250      99       180      206      223      278      230      0        56       11       
9        176      200      94       136      159      166      224      176      56       0        67       
10       172      259      101      191      214      234      288      240      11       67       0        
;



Table delta(i,j)                 Distance
         0        1        2        3        4        5        6        7        8        9        10       
0        0        218      94       203      282      81       225      64       199      147      279      
1        218      0        195      31       206      154      150      225      209      70       271      
2        94       195      0        194      326      128      263      153      263      135      345      
3        203      31       194      0        178      133      120      203      178      60       241      
4        282      206      326      178      0        205      64       238      100      209      90       
5        81       154      128      133      205      0        146      71       134      87       216      
6        225      150      263      120      64       146      0        189      79       145      122      
7        64       225      153      203      238      71       189      0        145      158      221      
8        199      209      263      178      100      134      79       145      0        178      82       
9        147      70       135      60       209      87       145      158      178      0        253      
10       279      271      345      241      90       216      122      221      82       253      0        
;

