
sets
i        orders          /0*10/
k        routes          /1*10/
p        positions       /0*10/
;

alias(i,j)
alias(i,h)
alias(i,hh)
alias(i,jj)
alias(k,kk)
                
                    Parameters

rho(i)	Processing time
/
0	0
1	7
2	8
3	41
4	14
5	72
6	84
7	35
8	8
9	21
10	49
/

gamma(i)	Duedate
/
0	0
1	50
2	18
3	90
4	28
5	9
6	42
7	9
8	58
9	45
10	30
/

sigma(i)	Size
/
0	0
1	9
2	3
3	2
4	5
5	3
6	2
7	4
8	5
9	6
10	5
/

epsilon(i)	Priority
/
0	0
1	6
2	3
3	7
4	4
5	1
6	5
7	3
8	5
9	5
10	9
/

psi	Vehicle Capacity
/ 21 /
;

Table kappa(i,j)                 Setup
         0        1        2        3        4        5        6        7        8        9        10       
0        0        218      261      334      278      376      338      269      391      276      153      
1        218      0        43       223      290      245      248      223      266      138      135      
2        261      43       0        223      313      236      251      239      257      140      169      
3        334      223      223      0        163      46       33       89       57       85       181      
4        278      290      313      163      0        204      138      82       205      193      170      
5        376      245      236      46       204      0        66       135      21       110      222      
6        338      248      251      33       138      66       0        75       67       111      187      
7        269      223      239      89       82       135      75       0        141      111      128      
8        391      266      257      57       205      21       67       141      0        130      237      
9        276      138      140      85       193      110      111      111      130      0        125      
10       153      135      169      181      170      222      187      128      237      125      0        
;



Table delta(i,j)                 Distance
         0        1        2        3        4        5        6        7        8        9        10       
0        0        160      176      233      256      192      191      27       85       264      81       
1        160      0        64       169      113      207      31       180      162      109      80       
2        176      64       0        105      81       156      65       201      205      98       109      
3        233      169      105      0        125      100      167      261      289      160      193      
4        256      113      81       125      0        211      89       280      274      36       183      
5        192      207      156      100      211      0        219      217      268      242      190      
6        191      31       65       167      89       219      0        211      191      79       111      
7        27       180      201      261      280      217      211      0        73       286      100      
8        85       162      205      289      274      268      191      73       0        271      96       
9        264      109      98       160      36       242      79       286      271      0        186      
10       81       80       109      193      183      190      111      100      96       186      0        
;

