

sets
i        orders          /0*20/
k        routes          /1*20/
p        positions       /0*20/
;

alias(i,j)
alias(i,h)
alias(i,hh)
alias(i,jj)
alias(k,kk)
                            Parameters

rho(i)	Processing time
/
0	0
1	64
2	50
3	34
4	65
5	6
6	80
7	28
8	93
9	88
10	44
11	72
12	15
13	4
14	92
15	30
16	42
17	94
18	97
19	89
20	76
/

gamma(i)	Duedate
/
0	0
1	2
2	18
3	34
4	4
5	34
6	99
7	59
8	52
9	55
10	52
11	15
12	17
13	52
14	71
15	98
16	40
17	6
18	50
19	98
20	53
/

sigma(i)	Size
/
0	0
1	5
2	7
3	2
4	3
5	8
6	5
7	8
8	9
9	5
10	3
11	3
12	7
13	4
14	4
15	9
16	8
17	1
18	4
19	8
20	8
/

epsilon(i)	Priority
/
0	0
1	1
2	4
3	6
4	5
5	9
6	3
7	3
8	7
9	8
10	7
11	9
12	1
13	8
14	1
15	5
16	2
17	2
18	6
19	1
20	2
/

psi	Vehicle Capacity
/ 69 /
;

Table kappa(i,j)                 Setup
         0        1        2        3        4        5        6        7        8        9        10       11       12       13       14       15       16       17       18       19       20       
0        0        403      739      985      715      794      848      210      629      322      179      586      439      332      909      363      691      357      506      91       526      
1        403      0        763      1041     779      589      529      248      745      81       566      662      156      656      932      505      395      650      803      493      813      
2        739      763      0        277      74       424      672      614      178      745      704      159      620      572      174      378      585      516      528      778      510      
3        985      1041     277      0        273      642      899      883      358      1021     918      403      898      757      124      624      838      703      655      1011     630      
4        715      779      74       273      0        490      732      610      113      753      664      130      644      520      198      352      635      464      461      747      442      
5        794      589      424      642      490      0        257      593      551      619      855      468      438      805      518      546      233      760      844      870      836      
6        848      529      672      899      732      257      0        638      776      587      954      686      417      950      775      699      157      915      1026     935      1022     
7        210      248      614      883      610      593      638      0        549      181      335      481      235      407      789      283      481      402      556      297      568      
8        629      745      178      358      113      551      776      549      0        708      561      93       623      410      305      273      662      354      349      652      331      
9        322      81       745      1021     753      619      587      181      708      0        486      631      182      584      917      454      444      583      737      412      749      
10       179      566      704      918      664      855      954      335      561      486      0        545      569      184      862      338      797      227      355      125      378      
11       586      662      159      403      130      468      686      481      93       631      545      0        535      417      323      223      569      362      395      621      382      
12       439      156      620      898      644      438      417      235      623      182      569      535      0        615      785      414      266      597      739      529      745      
13       332      656      572      757      520      805      950      407      410      584      184      417      615      0        715      259      798      55       174      305      196      
14       909      932      174      124      198      518      775      789      305      917      862      323      785      715      0        546      714      659      639      944      617      
15       363      505      378      624      352      546      699      283      273      454      338      223      414      259      546      0        552      217      334      400      335      
16       691      395      585      838      635      233      157      481      662      444      797      569      266      798      714      552      0        766      883      778      882      
17       357      650      516      703      464      760      915      402      354      583      227      362      597      55       659      217      766      0        156      341      171      
18       506      803      528      655      461      844      1026     556      349      737      355      395      739      174      639      334      883      156      0        478      26       
19       91       493      778      1011     747      870      935      297      652      412      125      621      529      305      944      400      778      341      478      0        500      
20       526      813      510      630      442      836      1022     568      331      749      378      382      745      196      617      335      882      171      26       500      0        
;



Table delta(i,j)                 Distance
         0        1        2        3        4        5        6        7        8        9        10       11       12       13       14       15       16       17       18       19       20       
0        0        990      3300     4230     1860     3810     2580     1890     3540     4800     1230     3570     2640     1890     2070     1290     4170     4020     810      2790     2460     
1        990      0        137      156      92       160      81       95       105      175      44       112      65       92       92       76       152      150      58       79       60       
2        3300     137      0        60       117      76       192      98       140      73       99       124      150      121      45       94       67       57       107      203      193      
3        4230     156      60       0        168      136      227      150      114      19       112      93       143      171      74       140      10       6        148      233      217      
4        1860     92       117      168      0        93       90       20       177      185      98       174      150      3        95       29       170      162      35       111      114      
5        3810     160      76       136      93       0        183      75       203      146      140      191      198      95       96       88       143      133      108      202      202      
6        2580     81       192      227      90       183      0        108      186      246      121      193      142      88       154      101      225      221      84       25       44       
7        1890     95       98       150      20       75       108      0        169      166      92       164      148      24       80       20       153      145      37       127      128      
8        3540     105      140      114      177      203      186      169      0        128      78       21       48       179      106      150      105      109      142      179      155      
9        4800     175      73       19       185      146      246      166      128      0        131      107      160      188      92       158      24       25       167      252      236      
10       1230     44       99       112      98       140      121      92       78       131      0        78       59       100      54       72       108      105      64       123      105      
11       3570     112      124      93       174      191      193      164      21       107      78       0        64       176      95       146      84       89       141      189      166      
12       2640     65       150      143      150      198      142      148      48       160      59       64       0        152      107      128      135      137      115      132      107      
13       1890     92       121      171      3        95       88       24       179      188      100      176      152      0        99       32       173      166      37       109      113      
14       2070     92       45       74       95       96       154      80       106      92       54       95       107      99       0        67       75       68       74       163      150      
15       1290     76       94       140      29       88       101      20       150      158      72       146      128      32       67       0        142      135      20       117      114      
16       4170     152      67       10       170      143      225      153      105      24       108      84       135      173      75       142      0        9        148      230      213      
17       4020     150      57       6        162      133      221      145      109      25       105      89       137      166      68       135      9        0        142      226      211      
18       810      58       107      148      35       108      84       37       142      167      64       141      115      37       74       20       148      142      0        98       94       
19       2790     79       203      233      111      202      25       127      179      252      123      189      132      109      163      117      230      226      98       0        26       
20       2460     60       193      217      114      202      44       128      155      236      105      166      107      113      150      114      213      211      94       26       0        
;

