
sets
i        orders          /0*10/
k        routes          /1*10/
p        positions       /0*10/
;

alias(i,j)
alias(i,h)
alias(i,hh)
alias(i,jj)
alias(k,kk)
                
                    Parameters

rho(i)	Processing time
/
0	0
1	17
2	58
3	15
4	17
5	25
6	51
7	38
8	6
9	5
10	62
/

gamma(i)	Duedate
/
0	0
1	79
2	6
3	32
4	20
5	6
6	66
7	40
8	99
9	36
10	96
/

sigma(i)	Size
/
0	0
1	6
2	3
3	2
4	6
5	9
6	3
7	8
8	7
9	8
10	5
/

epsilon(i)	Priority
/
0	0
1	5
2	2
3	9
4	8
5	3
6	1
7	5
8	8
9	4
10	2
/

psi	Vehicle Capacity
/ 39 /
;

Table kappa(i,j)                 Setup
         0        1        2        3        4        5        6        7        8        9        10       
0        0        41       40       67       41       68       83       79       38       44       48       
1        41       0        10       35       14       39       42       43       65       72       8        
2        40       10       0        29       24       32       44       39       58       66       18       
3        67       35       29       0        49       5        36       14       73       79       38       
4        41       14       24       49       0        53       48       55       72       79       12       
5        68       39       32       5        53       0        41       17       72       78       42       
6        83       42       44       36       48       41       0        27       102      109      36       
7        79       43       39       14       55       17       27       0        87       94       42       
8        38       65       58       73       72       72       102      87       0        7        74       
9        44       72       66       79       79       78       109      94       7        0        81       
10       48       8        18       38       12       42       36       42       74       81       0        
;



Table delta(i,j)                 Distance
         0        1        2        3        4        5        6        7        8        9        10       
0        0        1890     2520     1560     3420     4050     3030     210      2850     1200     1230     
1        1890     0        21       35       50       73       37       58       73       57       44       
2        2520     21       0        53       30       51       17       79       71       71       64       
3        1560     35       53       0        76       101      65       45       103      68       13       
4        3420     50       30       76       0        25       13       109      89       101      89       
5        4050     73       51       101      25       0        36       131      94       117      113      
6        3030     37       17       65       13       36       0        96       81       88       77       
7        210      58       79       45       109      131      96       0        96       43       34       
8        2850     73       71       103      89       94       81       96       0        56       106      
9        1200     57       71       68       101      117      88       43       56       0        65       
10       1230     44       64       13       89       113      77       34       106      65       0        
;

