
sets
i        orders          /0*10/
k        routes          /1*10/
p        positions       /0*10/
;

alias(i,j)
alias(i,h)
alias(i,hh)
alias(i,jj)
alias(k,kk)
                
                    Parameters

rho(i)	Processing time
/
0	0
1	38
2	83
3	73
4	46
5	46
6	57
7	60
8	67
9	61
10	24
/

gamma(i)	Duedate
/
0	0
1	6
2	58
3	31
4	85
5	66
6	74
7	17
8	53
9	90
10	26
/

sigma(i)	Size
/
0	0
1	4
2	4
3	1
4	5
5	8
6	2
7	1
8	6
9	2
10	9
/

epsilon(i)	Priority
/
0	0
1	4
2	4
3	6
4	5
5	6
6	3
7	3
8	5
9	8
10	1
/

psi	Vehicle Capacity
/ 28 /
;

Table kappa(i,j)                 Setup
         0        1        2        3        4        5        6        7        8        9        10       
0        0        48       34       50       80       13       40       90       3        55       21       
1        48       0        61       98       78       44       60       106      52       28       55       
2        34       61       0        53       49       24       7        56       36       50       13       
3        50       98       53       0        100      55       60       91       47       98       48       
4        80       78       49       100      0        66       42       37       82       51       61       
5        13       44       24       55       66       0        28       79       16       44       12       
6        40       60       7        60       42       28       0        51       42       46       19       
7        90       106      56       91       37       79       51       0        92       82       69       
8        3        52       36       47       82       16       42       92       0        59       23       
9        55       28       50       98       51       44       46       82       59       0        50       
10       21       55       13       48       61       12       19       69       23       50       0        
;



Table delta(i,j)                 Distance
         0        1        2        3        4        5        6        7        8        9        10       
0        0        2070     720      2550     990      90       1440     840      480      1110     2730     
1        2070     0        70       86       41       67       90       83       82       89       24       
2        720      70       0        62       29       21       26       13       20       19       88       
3        2550     86       62       0        66       82       51       67       81       62       88       
4        990      41       29       66       0        30       51       42       42       48       60       
5        90       67       21       82       30       0        46       27       17       36       89       
6        1440     90       26       51       51       46       0        20       36       12       104      
7        840      83       13       67       42       27       20       0        15       9        101      
8        480      82       20       81       42       17       36       15       0        24       103      
9        1110     89       19       62       48       36       12       9        24       0        106      
10       2730     24       88       88       60       89       104      101      103      106      0        
;

