
sets
i        orders          /0*10/
k        routes          /1*10/
p        positions       /0*10/
;

alias(i,j)
alias(i,h)
alias(i,hh)
alias(i,jj)
alias(k,kk)
                
                    Parameters

rho(i)	Processing time
/
0	0
1	34
2	83
3	38
4	24
5	34
6	1
7	55
8	73
9	35
10	65
/

gamma(i)	Duedate
/
0	0
1	83
2	76
3	66
4	19
5	93
6	63
7	3
8	21
9	7
10	75
/

sigma(i)	Size
/
0	0
1	5
2	2
3	6
4	8
5	1
6	6
7	6
8	2
9	7
10	2
/

epsilon(i)	Priority
/
0	0
1	3
2	2
3	2
4	4
5	1
6	7
7	5
8	6
9	9
10	1
/

psi	Vehicle Capacity
/ 32 /
;

Table kappa(i,j)                 Setup
         0        1        2        3        4        5        6        7        8        9        10       
0        0        96       31       65       41       78       21       30       59       81       50       
1        96       0        104      84       121      50       111      99       77       14       88       
2        31       104      0        94       69       100      48       5        41       91       80       
3        65       84       94       0        56       37       61       91       103      72       16       
4        41       121      69       56       0        86       20       69       100      107      41       
5        78       50       100      37       86       0        83       95       93       41       46       
6        21       111      48       61       20       83       0        48       80       96       45       
7        30       99       5        91       69       95       48       0        37       85       77       
8        59       77       41       103      100      93       80       37       0        67       93       
9        81       14       91       72       107      41       96       85       67       0        74       
10       50       88       80       16       41       46       45       77       93       74       0        
;



Table delta(i,j)                 Distance
         0        1        2        3        4        5        6        7        8        9        10       
0        0        3120     1980     1470     2760     2370     1140     2940     900      3210     2700     
1        3120     0        51       61       16       26       66       71       88       24       21       
2        1980     51       0        48       48       37       33       40       42       43       30       
3        1470     61       48       0        47       36       21       88       50       73       55       
4        2760     16       48       47       0        13       55       76       80       36       25       
5        2370     26       37       36       13       0        41       70       67       39       22       
6        1140     66       33       21       55       41       0        72       29       69       52       
7        2940     71       40       88       76       70       72       0        69       50       51       
8        900      88       42       50       80       67       29       69       0        85       70       
9        3210     24       43       73       36       39       69       50       85       0        18       
10       2700     21       30       55       25       22       52       51       70       18       0        
;

