
sets
i        orders          /0*10/
k        routes          /1*10/
p        positions       /0*10/
;

alias(i,j)
alias(i,h)
alias(i,hh)
alias(i,jj)
alias(k,kk)
                
                    Parameters

rho(i)	Processing time
/
0	0
1	21
2	1
3	88
4	63
5	46
6	99
7	67
8	11
9	72
10	34
/

gamma(i)	Duedate
/
0	0
1	50
2	24
3	25
4	87
5	9
6	96
7	29
8	3
9	67
10	24
/

sigma(i)	Size
/
0	0
1	4
2	1
3	8
4	2
5	2
6	9
7	3
8	4
9	6
10	2
/

epsilon(i)	Priority
/
0	0
1	3
2	3
3	4
4	5
5	5
6	3
7	6
8	2
9	3
10	5
/

psi	Vehicle Capacity
/ 28 /
;

Table kappa(i,j)                 Setup
         0        1        2        3        4        5        6        7        8        9        10       
0        0        48       51       23       47       66       61       6        56       42       80       
1        48       0        18       68       84       59       17       53       26       41       52       
2        51       18       0        73       94       77       13       54       45       57       71       
3        23       68       73       0        29       69       83       21       70       49       90       
4        47       84       94       29       0        61       101      48       76       50       88       
5        66       59       77       69       61       0        75       72       34       24       30       
6        61       17       13       83       101      75       0        65       41       59       63       
7        6        53       54       21       48       72       65       0        62       48       86       
8        56       26       45       70       76       34       41       62       0        26       27       
9        42       41       57       49       50       24       59       48       26       0        41       
10       80       52       71       90       88       30       63       86       27       41       0        
;



Table delta(i,j)                 Distance
         0        1        2        3        4        5        6        7        8        9        10       
0        0        420      1080     1260     2460     2730     240      1800     2100     1770     2430     
1        420      0        32       36       67       77       10       49       55       45       68       
2        1080     32       0        8        78       97       40       77       64       50       90       
3        1260     36       8        0        73       93       45       77       58       44       86       
4        2460     67       78       73       0        27       75       45       14       28       28       
5        2730     77       97       93       27       0        83       36       39       50       10       
6        240      10       40       45       75       83       0        51       64       55       73       
7        1800     49       77       77       45       36       51       0        44       48       26       
8        2100     55       64       58       14       39       64       44       0        13       36       
9        1770     45       50       44       28       50       55       48       13       0        46       
10       2430     68       90       86       28       10       73       26       36       46       0        
;

