
sets
i        orders          /0*10/
k        routes          /1*10/
p        positions       /0*10/
;

alias(i,j)
alias(i,h)
alias(i,hh)
alias(i,jj)
alias(k,kk)
                
                    Parameters

rho(i)	Processing time
/
0	0
1	5
2	38
3	79
4	42
5	14
6	96
7	48
8	71
9	33
10	5
/

gamma(i)	Duedate
/
0	0
1	59
2	56
3	46
4	63
5	95
6	42
7	64
8	89
9	58
10	97
/

sigma(i)	Size
/
0	0
1	8
2	9
3	3
4	3
5	9
6	8
7	8
8	5
9	2
10	7
/

epsilon(i)	Priority
/
0	0
1	1
2	3
3	1
4	7
5	3
6	2
7	9
8	8
9	2
10	8
/

psi	Vehicle Capacity
/ 23 /
;

Table kappa(i,j)                 Setup
         0        1        2        3        4        5        6        7        8        9        10       
0        0        8        81       16       52       53       89       25       86       34       35       
1        8        0        76       21       46       46       85       33       85       26       27       
2        81       76       0        76       30       38       16       89       50       56       71       
3        16       21       76       0        50       55       81       14       73       40       46       
4        52       46       30       50       0        14       42       64       59       26       41       
5        53       46       38       55       14       0        52       70       73       20       33       
6        89       85       16       81       42       52       0        92       39       68       84       
7        25       33       89       14       64       70       92       0        78       55       60       
8        86       85       50       73       59       73       39       78       0        80       96       
9        34       26       56       40       26       20       68       55       80       0        16       
10       35       27       71       46       41       33       84       60       96       16       0        
;



Table delta(i,j)                 Distance
         0        1        2        3        4        5        6        7        8        9        10       
0        0        3240     810      3540     1980     3000     330      1770     2160     1590     1770     
1        3240     0        82       9        48       80       120      50       43       68       65       
2        810      82       0        91       45       91       39       32       51       40       46       
3        3540     9        91       0        56       85       129      60       52       76       73       
4        1980     48       45       56       0        53       77       26       5        20       18       
5        3000     80       91       85       53       0        108      80       51       50       45       
6        330      120      39       129      77       108      0        70       83       63       69       
7        1770     50       32       60       26       80       70       0        30       37       39       
8        2160     43       51       52       5        51       83       30       0        24       21       
9        1590     68       40       76       20       50       63       37       24       0        6        
10       1770     65       46       73       18       45       69       39       21       6        0        
;

