
sets
i        orders          /0*10/
k        routes          /1*10/
p        positions       /0*10/
;

alias(i,j)
alias(i,h)
alias(i,hh)
alias(i,jj)
alias(k,kk)
                
                    Parameters

rho(i)	Processing time
/
0	0
1	93
2	64
3	20
4	26
5	59
6	21
7	41
8	53
9	74
10	89
/

gamma(i)	Duedate
/
0	0
1	48
2	96
3	42
4	15
5	94
6	77
7	61
8	43
9	84
10	88
/

sigma(i)	Size
/
0	0
1	8
2	2
3	6
4	7
5	6
6	2
7	4
8	9
9	3
10	9
/

epsilon(i)	Priority
/
0	0
1	6
2	1
3	6
4	5
5	2
6	6
7	2
8	5
9	8
10	8
/

psi	Vehicle Capacity
/ 38 /
;

Table kappa(i,j)                 Setup
         0        1        2        3        4        5        6        7        8        9        10       
0        0        60       57       13       78       48       98       48       45       82       93       
1        60       0        44       47       34       17       80       32       42       43       33       
2        57       44       0        53       30       51       43       65       11       29       66       
3        13       47       53       0        69       35       95       34       41       74       80       
4        78       34       30       69       0        49       50       65       38       9        40       
5        48       17       51       35       49       0        92       16       46       57       46       
6        98       80       43       95       50       92       0        107      53       41       90       
7        48       32       65       34       65       16       107      0        58       74       58       
8        45       42       11       41       38       46       53       58       0        39       69       
9        82       43       29       74       9        57       41       74       39       0        49       
10       93       33       66       80       40       46       90       58       69       49       0        
;



Table delta(i,j)                 Distance
         0        1        2        3        4        5        6        7        8        9        10       
0        0        1710     1770     1590     1530     1260     1770     1290     1710     1830     1410     
1        1710     0        6        64       79       15       109      85       58       37       98       
2        1770     6        0        60       76       18       108      84       54       31       97       
3        1590     64       60       0        19       56       61       38       10       35       56       
4        1530     79       76       19       0        68       42       21       30       55       39       
5        1260     15       18       56       68       0        95       72       53       37       84       
6        1770     109      108      61       42       95       0        24       71       93       13       
7        1290     85       84       38       21       72       24       0        48       69       18       
8        1710     58       54       10       30       53       71       48       0        26       66       
9        1830     37       31       35       55       37       93       69       26       0        86       
10       1410     98       97       56       39       84       13       18       66       86       0        
;

