

sets
i        orders          /0*40/
k        routes          /1*40/
p        positions       /0*40/
;

alias(i,j)
alias(i,h)
alias(i,hh)
alias(i,jj)
alias(k,kk)
                            Parameters

rho(i)	Processing time
/
0	0
1	10
2	77
3	3
4	70
5	81
6	63
7	41
8	82
9	19
10	93
11	98
12	54
13	99
14	15
15	83
16	10
17	75
18	48
19	8
20	34
21	50
22	84
23	5
24	5
25	33
26	38
27	30
28	72
29	56
30	61
31	58
32	4
33	5
34	56
35	58
36	4
37	47
38	38
39	89
40	34
/

gamma(i)	Duedate
/
0	0
1	58
2	37
3	26
4	18
5	39
6	18
7	34
8	62
9	80
10	99
11	59
12	64
13	42
14	70
15	53
16	31
17	28
18	19
19	77
20	79
21	11
22	79
23	83
24	60
25	11
26	17
27	43
28	78
29	89
30	8
31	27
32	98
33	82
34	91
35	83
36	59
37	34
38	89
39	49
40	14
/

sigma(i)	Size
/
0	0
1	6
2	2
3	3
4	1
5	8
6	9
7	9
8	8
9	4
10	9
11	3
12	6
13	1
14	7
15	8
16	3
17	7
18	9
19	7
20	9
21	3
22	5
23	9
24	3
25	4
26	8
27	6
28	6
29	4
30	9
31	9
32	4
33	5
34	7
35	3
36	8
37	6
38	2
39	5
40	8
/

epsilon(i)	Priority
/
0	0
1	9
2	4
3	5
4	2
5	1
6	3
7	4
8	5
9	2
10	4
11	9
12	4
13	4
14	2
15	9
16	5
17	8
18	2
19	1
20	5
21	6
22	1
23	2
24	1
25	4
26	9
27	2
28	8
29	2
30	4
31	7
32	9
33	3
34	4
35	3
36	1
37	5
38	7
39	9
40	8
/

psi	Vehicle Capacity
/ 20 /
;

Table kappa(i,j)                 Setup
         0        1        2        3        4        5        6        7        8        9        10       11       12       13       14       15       16       17       18       19       20       21       22       23       24       25       26       27       28       29       30       31       32       33       34       35       36       37       38       39       40       
0        0        407      2187     2930     1251     3965     3256     3424     3228     2867     3097     2015     3119     430      2043     3580     1021     2582     2134     382      2809     3402     1802     1535     3290     1922     2301     1936     1542     2856     909      3579     2688     2900     386      1577     2423     1508     2821     877      1306     
1        407      0        1934     2676     970      3696     2866     3028     3037     2683     2940     1665     3091     471      1670     3337     669      2193     1856     512      2408     3137     1636     1133     3275     1911     2188     2018     1694     2449     1082     3191     2671     2511     115      1264     2043     1193     2714     479      1451     
2        2187     1934     0        744      964      1778     1806     2031     1165     860      1172     741      1816     2406     2392     1402     1314     2539     181      2442     1712     1215     575      1381     2024     1255     846      1703     1879     2104     1845     2028     1572     1526     2047     2520     1150     2472     1185     1593     1794     
3        2930     2676     744      0        1705     1039     1752     1967     640      577      834      1259     1777     3147     2927     664      2042     2953     829      3185     1885     477      1220     2002     1960     1718     1129     2164     2451     2344     2530     1863     1708     1598     2787     3156     1429     3116     1129     2315     2415     
4        1251     970      964      1705     0        2728     2167     2365     2090     1747     2025     829      2361     1442     1798     2366     378      2139     888      1480     1825     2168     768      786      2563     1320     1363     1624     1533     2040     1188     2469     1986     1814     1082     1726     1321     1666     1870     659      1342     
5        3965     3696     1778     1039     2728     0        2026     2176     1063     1340     1367     2157     2317     4164     3710     474      3046     3605     1840     4207     2390     563      2250     2909     2441     2656     2040     3076     3421     2856     3557     1959     2424     2057     3805     4040     2125     4009     1813     3309     3413     
6        3256     2866     1806     1752     2167     2026     0        226      2374     2309     2586     1349     3491     3242     2042     2070     2250     1738     1667     3322     545      1787     2326     1744     3686     3050     2630     3487     3581     910      3350     329      3333     357      2937     2566     848      2566     2828     2386     3439     
7        3424     3028     2031     1967     2365     2176     226      0        2582     2528     2801     1556     3714     3388     2090     2254     2428     1730     1891     3471     640      1976     2548     1897     3907     3274     2856     3709     3797     898      3551     274      3559     551      3094     2645     1043     2650     3051     2549     3651     
8        3228     3037     1165     640      2090     1063     2374     2582     0        363      306      1828     1292     3506     3511     595      2459     3574     1313     3528     2525     708      1426     2535     1444     1654     1047     2047     2429     2984     2664     2454     1361     2237     3152     3682     2059     3636     749      2741     2457     
9        2867     2683     860      577      1747     1340     2309     2528     363      0        318      1571     1200     3150     3246     869      2120     3355     1026     3171     2383     873      1064     2242     1385     1322     706      1736     2094     2825     2304     2436     1154     2122     2799     3378     1874     3328     555      2404     2108     
10       3097     2940     1172     834      2025     1367     2586     2801     306      318      0        1889     994      3401     3562     901      2402     3673     1341     3415     2687     1002     1304     2553     1156     1412     832      1780     2185     3134     2470     2693     1058     2418     3055     3681     2187     3631     451      2685     2233     
11       2015     1665     741      1259     829      2157     1349     1556     1828     1571     1889     0        2548     2105     1683     1896     998      1797     561      2167     1081     1638     1077     754      2757     1808     1546     2214     2251     1409     2002     1643     2272     1004     1758     1902     523      1865     1926     1214     2096     
12       3119     3091     1816     1777     2361     2317     3491     3714     1292     1200     994      2548     0        3501     4109     1872     2722     4331     1996     3487     3505     1996     1606     3062     209      1197     1023     1319     1798     3917     2298     3634     435      3275     3201     4086     2958     4025     663      2983     1948     
13       430      471      2406     3147     1442     4164     3242     3388     3506     3150     3401     2105     3501     0        1778     3808     1125     2342     2325     100      2754     3607     2097     1498     3678     2308     2634     2353     1971     2731     1337     3570     3074     2893     360      1241     2443     1176     3159     891      1733     
14       2043     1670     2392     2927     1798     3710     2042     2090     3511     3246     3562     1683     4109     1778     0        3531     1511     575      2220     1878     1499     3253     2508     1046     4316     3118     3086     3395     3206     1221     2672     2344     3763     1790     1658     630      1585     666      3542     1362     2976     
15       3580     3337     1402     664      2366     474      2070     2254     595      869      901      1896     1872     3808     3531     0        2706     3498     1494     3844     2339     292      1823     2648     2010     2189     1572     2605     2957     2811     3120     2079     1956     2018     3449     3799     1974     3761     1342     2979     2958     
16       1021     669      1314     2042     378      3046     2250     2428     2459     2120     2402     998      2722     1125     1511     2706     0        1919     1213     1178     1835     2492     1143     613      2922     1635     1736     1885     1710     1964     1241     2569     2336     1892     769      1366     1408     1304     2247     283      1490     
17       2582     2193     2539     2953     2139     3605     1738     1730     3574     3355     3673     1797     4331     2342     575      3498     1919     0        2358     2442     1239     3208     2770     1352     4540     3440     3313     3764     3629     833      3137     2001     4023     1569     2195     1198     1529     1239     3722     1828     3409     
18       2134     1856     181      829      888      1840     1667     1891     1313     1026     1341     561      1996     2325     2220     1494     1213     2358     0        2367     1544     1282     667      1222     2204     1382     1016     1822     1961     1928     1869     1905     1744     1373     1965     2369     978      2324     1366     1485     1856     
19       382      512      2442     3185     1480     4207     3322     3471     3528     3171     3415     2167     3487     100      1878     3844     1178     2442     2367     0        2839     3648     2112     1578     3661     2291     2638     2317     1923     2823     1290     3651     3057     2972     409      1340     2518     1275     3162     957      1688     
20       2809     2408     1712     1885     1825     2390     545      640      2525     2383     2687     1081     3505     2754     1499     2339     1835     1239     1544     2839     0        2047     2149     1274     3709     2883     2558     3295     3320     471      3010     862      3284     334      2468     2022     569      2023     2849     1931     3152     
21       3402     3137     1215     477      2168     563      1787     1976     708      873      1002     1638     1996     3607     3253     292      2492     3208     1282     3648     2047     0        1694     2393     2153     2147     1538     2582     2898     2519     3004     1813     2019     1726     3247     3539     1688     3503     1406     2759     2875     
22       1802     1636     575      1220     768      2250     2326     2548     1426     1064     1304     1077     1606     2097     2508     1823     1143     2770     667      2112     2149     1694     0        1462     1811     734      595      1160     1304     2484     1310     2572     1257     2018     1752     2491     1580     2432     1104     1418     1223     
23       1535     1133     1381     2002     786      2909     1744     1897     2535     2242     2553     754      3062     1498     1046     2648     613      1352     1222     1578     1274     2393     1462     0        3270     2096     2040     2411     2293     1355     1853     2072     2719     1394     1196     1154     956      1114     2502     657      2083     
24       3290     3275     2024     1960     2563     2441     3686     3907     1444     1385     1156     2757     209      3678     4316     2010     2922     4540     2204     3661     3709     2153     1811     3270     0        1370     1232     1444     1923     4123     2451     3822     604      3476     3384     4287     3164     4226     861      3180     2088     
25       1922     1911     1255     1718     1320     2656     3050     3274     1654     1322     1412     1808     1197     2308     3118     2189     1635     3440     1382     2291     2883     2147     734      2096     1370     0        616      453      775      3210     1127     3283     766      2749     2018     2992     2315     2927     1013     1866     830      
26       2301     2188     846      1129     1363     2040     2630     2856     1047     706      832      1546     1023     2634     3086     1572     1736     3313     1016     2638     2558     1538     595      2040     1232     616      0        1043     1387     2942     1638     2826     728      2367     2303     3086     1994     3028     525      2008     1410     
27       1936     2018     1703     2164     1624     3076     3487     3709     2047     1736     1780     2214     1319     2353     3395     2605     1885     3764     1822     2317     3295     2582     1160     2411     1444     453      1043     0        480      3598     1043     3727     901      3177     2113     3196     2730     3128     1346     2077     656      
28       1542     1694     1879     2451     1533     3421     3581     3797     2429     2094     2185     2251     1798     1971     3206     2957     1710     3629     1961     1923     3320     2898     1304     2293     1923     775      1387     480      0        3570     633      3848     1377     3250     1775     2930     2775     2860     1771     1849     243      
29       2856     2449     2104     2344     2040     2856     910      898      2984     2825     3134     1409     3917     2731     1221     2811     1964     833      1928     2823     471      2519     2484     1355     4123     3210     2942     3598     3570     0        3192     1168     3670     800      2489     1814     960      1831     3269     1993     3382     
30       909      1082     1845     2530     1188     3557     3350     3551     2664     2304     2470     2002     2298     1337     2672     3120     1241     3137     1869     1290     3010     3004     1310     1853     2451     1127     1638     1043     633      3192     0        3645     1863     3000     1154     2339     2508     2268     2117     1313     398      
31       3579     3191     2028     1863     2469     1959     329      274      2454     2436     2693     1643     3634     3570     2344     2079     2569     2001     1905     3651     862      1813     2572     2072     3822     3283     2826     3727     3848     1168     3645     0        3510     680      3264     2884     1161     2885     2975     2712     3716     
32       2688     2671     1572     1708     1986     2424     3333     3559     1361     1154     1058     2272     435      3074     3763     1956     2336     4023     1744     3057     3284     2019     1257     2719     604      766      728      901      1377     3670     1863     3510     0        3084     2779     3703     2722     3640     615      2588     1517     
33       2900     2511     1526     1598     1814     2057     357      551      2237     2122     2418     1004     3275     2893     1790     2018     1892     1569     1373     2972     334      1726     2018     1394     3476     2749     2367     3177     3250     800      3000     680      3084     0        2584     2274     493      2267     2614     2032     3100     
34       386      115      2047     2787     1082     3805     2937     3094     3152     2799     3055     1758     3201     360      1658     3449     769      2195     1965     409      2468     3247     1752     1196     3384     2018     2303     2113     1775     2489     1154     3264     2779     2584     0        1216     2121     1146     2828     555      1532     
35       1577     1264     2520     3156     1726     4040     2566     2645     3682     3378     3681     1902     4086     1241     630      3799     1366     1198     2369     1340     2022     3539     2491     1154     4287     2992     3086     3196     2930     1814     2339     2884     3703     2274     1216     0        1967     70       3583     1127     2689     
36       2423     2043     1150     1429     1321     2125     848      1043     2059     1874     2187     523      2958     2443     1585     1974     1408     1529     978      2518     569      1688     1580     956      3164     2315     1994     2730     2775     960      2508     1161     2722     493      2121     1967     0        1948     2309     1566     2618     
37       1508     1193     2472     3116     1666     4009     2566     2650     3636     3328     3631     1865     4025     1176     666      3761     1304     1239     2324     1275     2023     3503     2432     1114     4226     2927     3028     3128     2860     1831     2268     2885     3640     2267     1146     70       1948     0        3527     1061     2619     
38       2821     2714     1185     1129     1870     1813     2828     3051     749      555      451      1926     663      3159     3542     1342     2247     3722     1366     3162     2849     1406     1104     2502     861      1013     525      1346     1771     3269     2117     2975     615      2614     2828     3583     2309     3527     0        2523     1844     
39       877      479      1593     2315     659      3309     2386     2549     2741     2404     2685     1214     2983     891      1362     2979     283      1828     1485     957      1931     2759     1418     657      3180     1866     2008     2077     1849     1993     1313     2712     2588     2032     555      1127     1566     1061     2523     0        1616     
40       1306     1451     1794     2415     1342     3413     3439     3651     2457     2108     2233     2096     1948     1733     2976     2958     1490     3409     1856     1688     3152     2875     1223     2083     2088     830      1410     656      243      3382     398      3716     1517     3100     1532     2689     2618     2619     1844     1616     0        
;



Table delta(i,j)                 Distance
         0        1        2        3        4        5        6        7        8        9        10       11       12       13       14       15       16       17       18       19       20       21       22       23       24       25       26       27       28       29       30       31       32       33       34       35       36       37       38       39       40       
0        0        2820     3240     6420     5940     6570     3480     5970     2100     4560     6030     4680     4230     5070     5790     3330     1620     3810     1830     4860     6180     6270     5280     5460     660      1590     6030     4320     4410     4620     5460     5490     3060     4680     4860     4770     6240     1830     5790     4050     3750     
1        2820     0        15       150      106      141      34       149      41       123      137      95       55       80       99       77       86       46       33       90       114      115      83       149      71       64       117      72       75       66       91       145      76       91       69       71       124      39       108      57       41       
2        3240     15       0        136      91       126      37       138      56       116      124      84       51       64       88       73       93       32       47       90       99       102      73       141      85       72       101      74       62       51       83       137      74       78       54       64       109      50       92       58       40       
3        6420     150      136      0        101      39       168      35       190      82       13       58       167      91       147      104      168      104      166      206      100      132      152      70       196      161      63       196      75       93       163      61       114      60       111      166      60       159      67       181      167      
4        5940     106      91       101      0        67       102      126      144      142      96       90       87       31       47       123      174      74       137      117      8        31       58       150      176      155      38       114      73       47       66       142      131      82       37       79       43       138      34       103      96       
5        6570     141      126      39       67       0        152      73       182      110      41       68       145      67       114      116      179      95       164      180      64       97       123      105      198      167      30       173      72       76       133      96       126      65       87       141      24       159      38       160      148      
6        3480     34       37       168      102      152      0        173      48       154      157      119      24       85       80       110      118      66       62       55       110      101      61       178      95       96       124      37       96       76       66       174      110      113      67       42       131      71       115      23       8        
7        5970     149      138      35       126      73       173      0        186      53       32       54       177      108      168      87       148      107      158      218      127      158      170      34       182      145      90       205      77       105      181      26       96       60       127      180      89       149      92       190      174      
8        2100     41       56       190      144      182      48       186      0        153      177      133      72       120      128      105      87       86       32       92       152      148      110      181      51       67       158      74       115      107      115      179      101      130      107      90       165      45       148      65       57       
9        4560     123      116      82       142      110      154      53       153      0        72       51       164      114      173      47       98       92       121      205      145      171      169      30       138      100      114      190      72       104      181      31       52       59       127      173      117      110      112      174      157      
10       6030     137      124      13       96       41       157      32       177      72       0        45       156      82       140      91       155      92       153      196      95       127      144      64       182      147      58       185      62       83       155      55       101      47       102      157      57       145      61       170      155      
11       4680     95       84       58       90       68       119      54       133      51       45       0        124      63       124      48       112      53       108      165      94       120      122      64       137      102      65       152      24       56       134      57       58       8        79       129      69       100      61       137      120      
12       4230     55       51       167      87       145      24       177      72       164      156      124      0        77       58       124      141      72       85       41       95       81       39       186      119      119      115      28       100      73       42       181      125      117      57       17       122      94       107      16       15       
13       5070     80       64       91       31       67       85       108      120      114      82       63       77       0        60       92       142      43       109      115      38       57       62       127      147      124      39       106      43       15       73       119      99       55       20       75       46       108      30       93       81       
14       5790     99       88       147      47       114      80       168      128      173      140      124      58       60       0        144      181      88       133      76       51       25       19       187      170      160      85       77       101      69       22       180      150      115      46       42       89       138      79       72       72       
15       3330     77       73       104      123      116      110      87       105      47       91       48       124      92       144      0        64       56       74       163      129      148      136      76       95       58       108      147      51       78       147      75       10       51       99       134      113      63       102      131      114      
16       1620     86       93       168      174      179      118      148      87       98       155      112      141      142      181      64       0        99       58       172      180      192      167      128      47       22       167      154      109      126      176      130      54       114      141      157      173      47       160      141      126      
17       3810     46       32       104      74       95       66       107      86       92       92       53       72       43       88       56       99       0        69       113      81       94       79       113      105      81       74       99       30       27       91       108      62       47       43       80       81       66       65       84       67       
18       1830     33       47       166      137      164      62       158      32       121      153      108      85       109      133      74       58       69       0        114      145      148      117      150      38       36       143      96       93       94       124      149      69       106      101      102      150      12       134      84       70       
19       4860     90       90       206      117      180      55       218      92       205      196      165      41       115      76       163      172      113      114      0        124      101      60       227      143      150      150      18       140      113      54       222      164      158      94       39       157      125      142      32       49       
20       6180     114      99       100      8        64       110      127      152      145      95       94       95       38       51       129      180      81       145      124      0        32       64       152      183      163      37       121      78       54       72       143      137      86       45       86       40       146      35       111      104      
21       6270     115      102      132      31       97       101      158      148      171      127      120      81       57       25       148      192      94       148      101      32       0        43       181      187      172      69       102      100      70       47       173      155      111      50       67       72       152      66       96       93       
22       5280     83       73       152      58       123      61       170      110      169      144      122      39       62       19       136      167      79       117      60       64       43       0        186      153      146      93       58       98       66       11       179      140      114      43       23       99       122      86       52       53       
23       5460     149      141      70       150      105      178      34       181      30       64       64       186      127      187      76       128      113      150      227      152      181      186      0        168      130      117      213      88       120      198      9        82       72       143      192      118      139      117      197      180      
24       660      71       85       196      176      198      95       182      51       138      182      137      119      147      170      95       47       105      38       143      183      187      153      168      0        38       180      125      126      132      160      169      87       136      139      137      186      39       171      115      104      
25       1590     64       72       161      155      167      96       145      67       100      147      102      119      124      160      58       22       81       36       150      163      172      146      130      38       0        152      132      96       109      155      131      49       103      122      135      159      25       144      119      104      
26       6030     117      101      63       38       30       124      90       158      114      58       65       115      39       85       108      167      74       143      150      37       69       93       117      180      152      0        144      57       50       103      108      117      58       58       111      7        140      9        131      120      
27       4320     72       74       196      114      173      37       205      74       190      185      152      28       106      77       147      154      99       96       18       121      102      58       213      125      132      144      0        127      102      56       208      147      145      86       35       150      107      135      15       33       
28       4410     75       62       75       73       72       96       77       115      72       62       24       100      43       101      51       109      30       93       140      78       100      98       88       126      96       57       127      0        32       110      82       60       17       55       104      63       87       51       112      96       
29       4620     66       51       93       47       76       76       105      107      104      83       56       73       15       69       78       126      27       94       113      54       70       66       120      132      109      50       102      32       0        77       113      85       48       23       74       57       93       41       87       73       
30       5460     91       83       163      66       133      66       181      115      181      155      134      42       73       22       147      176      91       124      54       72       47       11       198      160      155      103      56       110      77       0        191      151      125      55       24       108      131      96       53       57       
31       5490     145      137      61       142      96       174      26       179      31       55       57       181      119      180      75       130      108      149      222      143      173      179      9        169      131      108      208      82       113      191      0        82       65       136      186      109      138      108      192      175      
32       3060     76       74       114      131      126      110      96       101      52       101      58       125      99       150      10       54       62       69       164      137      155      140      82       87       49       117      147      60       85       151      82       0        61       105      137      123      57       111      132      114      
33       4680     91       78       60       82       65       113      60       130      59       47       8        117      55       115      51       114      47       106      158      86       111      114      72       136      103      58       145      17       48       125      65       61       0        71       121      63       99       54       130      113      
34       4860     69       54       111      37       87       67       127      107      127      102      79       57       20       46       99       141      43       101      94       45       50       43       143      139      122      58       86       55       23       55       136      105      71       0        55       65       102      49       73       62       
35       4770     71       64       166      79       141      42       180      90       173      157      129      17       75       42       134      157      80       102      39       86       67       23       192      137      135      111      35       104      74       24       186      137      121      55       0        117      110      103      29       33       
36       6240     124      109      60       43       24       131      89       165      117      57       69       122      46       89       113      173      81       150      157      40       72       99       118      186      159      7        150      63       57       108      109      123      63       65       117      0        147      16       138      127      
37       1830     39       50       159      138      159      71       149      45       110      145      100      94       108      138      63       47       66       12       125      146      152      122      139      39       25       140      107      87       93       131      138      57       99       102      110      147      0        132      94       79       
38       5790     108      92       67       34       38       115      92       148      112      61       61       107      30       79       102      160      65       134      142      35       66       86       117      171      144      9        135      51       41       96       108      111      54       49       103      16       132      0        122      111      
39       4050     57       58       181      103      160      23       190      65       174      170      137      16       93       72       131      141      84       84       32       111      96       52       197      115      119      131      15       112      87       53       192      132      130      73       29       138      94       122      0        17       
40       3750     41       40       167      96       148      8        174      57       157      155      120      15       81       72       114      126      67       70       49       104      93       53       180      104      104      120      33       96       73       57       175      114      113      62       33       127      79       111      17       0        
;

