

sets
i        orders          /0*10/
k        routes          /1*10/
p        positions       /0*10/
;

alias(i,j)
alias(i,h)
alias(i,hh)
alias(i,jj)
alias(k,kk)
                            Parameters

rho(i)	Processing time
/
0	0
1	74
2	52
3	18
4	67
5	54
6	73
7	46
8	72
9	89
10	95
/

gamma(i)	Duedate
/
0	0
1	63
2	51
3	17
4	59
5	10
6	44
7	33
8	77
9	18
10	90
/

sigma(i)	Size
/
0	0
1	4
2	7
3	2
4	2
5	3
6	1
7	2
8	7
9	3
10	8
/

epsilon(i)	Priority
/
0	0
1	3
2	8
3	3
4	4
5	8
6	3
7	6
8	3
9	7
10	5
/

psi	Vehicle Capacity
/ 26 /
;

Table kappa(i,j)                 Setup
         0        1        2        3        4        5        6        7        8        9        10       
0        0        101      95       43       78       72       54       73       26       36       6        
1        101      0        28       58       75       31       103      32       99       66       106      
2        95       28       0        52       49       24       83       44       101      58       99       
3        43       58       52       0        51       29       54       35       50       7        48       
4        78       75       49       51       0        49       41       73       97       51       79       
5        72       31       24       29       49       0        71       25       77       36       77       
6        54       103      83       54       41       71       0        88       79       49       51       
7        73       32       44       35       73       25       88       0        68       42       79       
8        26       99       101      50       97       77       79       68       0        47       32       
9        36       66       58       7        51       36       49       42       47       0        41       
10       6        106      99       48       79       77       51       79       32       41       0        
;



Table delta(i,j)                 Distance
         0        1        2        3        4        5        6        7        8        9        10       
0        0        1560     1830     750      930      2400     1130     280      1810     1300     2170     
1        1560     0        162      232      198      115      90       130      41       252      156      
2        1830     162      0        234      272      131      217      162      140      314      313      
3        750      232      234      0        107      311      181      102      256      110      275      
4        930      198      272      107      0        304      115      110      234      54       182      
5        2400     115      131      311      304      0        204      212      74       356      261      
6        1130     90       217      181      115      204      0        98       130      170      108      
7        280      130      162      102      110      212      98       0        154      153      206      
8        1810     41       140      256      234      74       130      154      0        287      193      
9        1300     252      314      110      54       356      170      153      287      0        226      
10       2170     156      313      275      182      261      108      206      193      226      0        
;

