

sets
i        orders          /0*40/
k        routes          /1*40/
p        positions       /0*40/
;

alias(i,j)
alias(i,h)
alias(i,hh)
alias(i,jj)
alias(k,kk)
                            Parameters

rho(i)	Processing time
/
0	0
1	86
2	90
3	55
4	24
5	33
6	66
7	91
8	28
9	43
10	11
11	53
12	15
13	29
14	4
15	48
16	25
17	14
18	35
19	68
20	33
21	79
22	43
23	56
24	84
25	89
26	30
27	68
28	52
29	77
30	60
31	64
32	98
33	1
34	2
35	74
36	70
37	71
38	93
39	19
40	66
/

gamma(i)	Duedate
/
0	0
1	32
2	82
3	37
4	80
5	3
6	71
7	28
8	87
9	41
10	79
11	36
12	72
13	24
14	80
15	4
16	41
17	27
18	87
19	31
20	74
21	61
22	9
23	95
24	16
25	36
26	23
27	29
28	40
29	7
30	90
31	19
32	86
33	15
34	41
35	27
36	26
37	14
38	73
39	61
40	86
/

sigma(i)	Size
/
0	0
1	9
2	9
3	9
4	1
5	3
6	5
7	1
8	3
9	2
10	9
11	3
12	4
13	3
14	5
15	4
16	2
17	6
18	7
19	6
20	9
21	1
22	9
23	1
24	8
25	2
26	6
27	6
28	8
29	2
30	2
31	7
32	3
33	5
34	2
35	3
36	3
37	4
38	5
39	9
40	7
/

epsilon(i)	Priority
/
0	0
1	3
2	7
3	8
4	1
5	9
6	9
7	2
8	7
9	2
10	4
11	7
12	3
13	2
14	8
15	4
16	5
17	8
18	8
19	8
20	4
21	1
22	1
23	7
24	3
25	2
26	4
27	3
28	9
29	4
30	4
31	2
32	8
33	3
34	2
35	2
36	1
37	9
38	5
39	2
40	9
/

psi	Vehicle Capacity
/ 22 /
;

Table kappa(i,j)                 Setup
         0        1        2        3        4        5        6        7        8        9        10       11       12       13       14       15       16       17       18       19       20       21       22       23       24       25       26       27       28       29       30       31       32       33       34       35       36       37       38       39       40       
0        0        271      107      278      61       144      310      210      54       53       127      228      153      323      402      319      46       312      369      339      388      203      100      222      189      224      304      161      301      342      310      207      103      156      384      228      33       276      193      131      303      
1        271      0        257      23       313      130      353      72       265      218      188      238      302      57       130      103      229      325      197      162      117      221      309      52       95       94       92       138      41       190      180      70       186      337      307      288      267      121      204      145      113      
2        107      257      0        271      89       161      203      185      53       99       68       127      57       314      383      268      117      205      294      270      363      106      56       205      205      178      255      200      295      265      232      186      77       82       284      121      74       215      102      118      246      
3        278      23       271      0        323      134      376      89       275      225      203      260      318      45       125      123      234      347      218      184      117      242      321      67       93       116      114      135      24       212      203      86       198      353      330      308      276      144      224      156      135      
4        61       313      89       323      0        193      278      246      50       101      141      216      115      368      443      345      103      287      381      355      427      196      51       261      239      250      331      218      346      352      319      244      129      105      373      202      47       296      191      167      325      
5        144      130      161      134      193      0        324      83       149      92       107      209      217      179      259      198      99       308      272      238      247      183      201      86       46       115      183      45       157      252      227      76       84       243      336      242      145      174      164      49       190      
6        310      353      203      376      278      324      0        293      256      297      220      118      162      405      444      299      317      40       255      257      417      141      226      315      353      260      294      369      395      229      208      300      251      183      150      85       277      245      160      275      272      
7        210      72       185      89       246      83       293      0        196      157      116      176      230      129      199      115      171      269      192      156      181      155      238      22       76       40       100      114      112      174      153      8        116      265      273      222      200      95       137      79       108      
8        54       265      53       275      50       149      256      196      0        64       92       178      100      320      395      295      75       259      333      307      378      155      56       213      196      200      281      179      299      305      272      195      80       109      335      174      20       247      148      119      275      
9        53       218      99       225      101      92       297      157      64       0        89       200      155      270      349      268      21       292      323      292      335      173      120      168      138      173      253      116      248      297      266      153      59       171      351      212      55       228      160      79       252      
10       127      188      68       203      141      107      220      116      92       89       0        113      115      246      314      204      110      210      242      215      295      86       123      136      145      111      190      151      227      215      183      118      32       149      262      136      104      154      71       58       183      
11       228      238      127      260      216      209      118      176      178      200      113      0        121      292      340      199      221      98       188      175      314      26       174      197      236      144      191      254      280      158      127      182      145      159      157      53       197      142      44       161      172      
12       153      302      57       318      115      217      162      230      100      155      115      121      0        359      423      298      171      174      306      288      401      111      64       251      259      215      286      257      342      276      244      232      132      39       269      91       120      241      116      171      273      
13       323      57       314      45       368      179      405      129      320      270      246      292      359      0        81       127      279      374      221      189      78       276      365      109      137      149      122      177      22       221      218      127      242      395      344      343      321      163      260      201      146      
14       402      130      383      125      443      259      444      199      395      349      314      340      423      81       0        145      358      409      221      199      28       329      436      182      218      207      150      259      104      232      240      199      315      461      357      393      397      199      315      276      172      
15       319      103      268      123      345      198      299      115      295      268      204      199      298      127      145      0        284      263      95       62       118      193      325      115      181      95       15       224      129      94       95       122      217      337      219      253      304      58       182      189      27       
16       46       229      117      234      103      99       317      171      75       21       110      221      171      279      358      284      0        313      342      310      346      195      130      181      143      190      269      115      256      317      286      167      79       184      372      232      60       246      181      95       270      
17       312      325      205      347      287      308      40       269      259      292      210      98       174      374      409      263      313      0        215      219      382      125      237      290      333      233      260      353      365      190      171      276      242      201      113      85       280      212      143      260      237      
18       369      197      294      218      381      272      255      192      333      323      242      188      306      221      221      95       342      215      0        36       193      195      349      199      266      157      105      306      224      30       62       200      265      345      138      237      347      98       193      249      87       
19       339      162      270      184      355      238      257      156      307      292      215      175      288      189      199      62       310      219      36       0        170      177      326      163      230      123      70       270      191      33       49       164      236      328      159      227      319      64       172      216      50       
20       388      117      363      117      427      247      417      181      378      335      295      314      401      78       28       118      346      382      193      170      0        305      418      166      210      186      123      252      99       203      212      183      298      439      329      368      381      173      291      260      145      
21       203      221      106      242      196      183      141      155      155      173      86       26       111      276      329      193      195      125      195      177      305      0        157      177      212      127      183      228      263      165      132      161      119      150      180      66       174      135      19       135      167      
22       100      309      56       321      51       201      226      238      56       120      123      174      64       365      436      325      130      237      349      326      418      157      0        256      248      234      312      234      346      319      286      238      123      56       328      153      71       272      156      165      302      
23       222      52       205      67       261      86       315      22       213      168      136      197      251      109      182      115      181      290      199      163      166      177      256      0        66       58       101      108      91       185      166      18       133      285      289      244      215      106      159      93       113      
24       189      95       205      93       239      46       353      76       196      138      145      236      259      137      218      181      143      333      266      230      210      212      248      66       0        115      167      44       114      250      229      67       127      288      348      275      192      171      193      87       180      
25       224      94       178      116      250      115      260      40       200      173      111      144      215      149      207      95       190      233      157      123      186      127      234      58       115      0        80       151      136      137      113      48       122      253      233      193      208      59       110      94       79       
26       304      92       255      114      331      183      294      100      281      253      190      191      286      122      150      15       269      260      105      70       123      183      312      101      167      80       0        210      122      99       96       107      203      325      222      245      289      49       171      174      24       
27       161      138      200      135      218      45       369      114      179      116      151      254      257      177      259      224      115      353      306      270      252      228      234      108      44       151      210      0        154      288      265      105      125      281      379      287      171      209      210      94       221      
28       301      41       295      24       346      157      395      112      299      248      227      280      342      22       104      129      256      365      224      191      99       263      346      91       114      136      122      154      0        221      215      109      222      377      342      330      299      158      246      181      145      
29       342      190      265      212      352      252      229      174      305      297      215      158      276      221      232      94       317      190      30       33       203      165      319      185      250      137      99       288      221      0        33       183      239      315      126      207      319      79       163      225      77       
30       310      180      232      203      319      227      208      153      272      266      183      127      244      218      240      95       286      171      62       49       212      132      286      166      229      113      96       265      215      33       0        161      208      283      127      178      287      60       130      196      72       
31       207      70       186      86       244      76       300      8        195      153      118      182      232      127      199      122      167      276      200      164      183      161      238      18       67       48       107      105      109      183      161      0        115      267      281      227      198      103      143      77       115      
32       103      186      77       198      129      84       251      116      80       59       32       145      132      242      315      217      79       242      265      236      298      119      123      133      127      122      203      125      222      239      208      115      0        160      293      166      86       173      103      41       200      
33       156      337      82       353      105      243      183      265      109      171      149      159      39       395      461      337      184      201      345      328      439      150      56       285      288      253      325      281      377      315      283      267      160      0        302      123      126      280      156      201      312      
34       384      307      284      330      373      336      150      273      335      351      262      157      269      344      357      219      372      113      138      159      329      180      328      289      348      233      222      379      342      126      127      281      293      302      0        179      354      187      192      296      198      
35       228      288      121      308      202      242      85       222      174      212      136      53       91       343      393      253      232      85       237      227      368      66       153      244      275      193      245      287      330      207      178      227      166      123      179      0        195      195      84       193      226      
36       33       267      74       276      47       145      277      200      20       55       104      197      120      321      397      304      60       280      347      319      381      174      71       215      192      208      289      171      299      319      287      198      86       126      354      195      0        258      165      121      285      
37       276      121      215      144      296      174      245      95       247      228      154      142      241      163      199      58       246      212      98       64       173      135      272      106      171      59       49       209      158      79       60       103      173      280      187      195      258      0        125      151      31       
38       193      204      102      224      191      164      160      137      148      160      71       44       116      260      315      182      181      143      193      172      291      19       156      159      193      110      171      210      246      163      130      143      103      156      192      84       165      125      0        117      157      
39       131      145      118      156      167      49       275      79       119      79       58       161      171      201      276      189      95       260      249      216      260      135      165      93       87       94       174      94       181      225      196      77       41       201      296      193      121      151      117      0        174      
40       303      113      246      135      325      190      272      108      275      252      183      172      273      146      172      27       270      237      87       50       145      167      302      113      180      79       24       221      145      77       72       115      200      312      198      226      285      31       157      174      0        
;



Table delta(i,j)                 Distance
         0        1        2        3        4        5        6        7        8        9        10       11       12       13       14       15       16       17       18       19       20       21       22       23       24       25       26       27       28       29       30       31       32       33       34       35       36       37       38       39       40       
0        0        4950     1560     3570     3030     3330     3090     1830     2850     360      1110     4590     2640     840      3420     1860     2400     1410     4290     3630     2220     3870     2190     2730     930      1380     3900     1200     3330     3390     4560     2820     930      420      1590     2310     1290     4770     3030     1470     4290     
1        4950     0        134      110      65       94       129      226      115      153      201      32       142      141      148      145      87       188      154      45       202      39       101      169      140      199      183      127      118      119      178      73       136      151      205      230      134      5        124      213      41       
2        1560     134      0        67       68       61       122      103      43       48       77       114      39       53       64       17       70       98       93       97       68       95       74       128      23       67       87       26       58       128      105      61       27       47       72       96       66       129      48       90       125      
3        3570     110      67       0        67       19       162      168      24       113      143      80       43       114      39       63       97       163      46       96       114      76       111      182      88       128      73       84       10       163      69       65       91       112      131      152      121      108      22       155      123      
4        3030     65       68       67       0        47       101      162      59       90       136      52       83       81       97       81       37       132      112      32       137      28       54       130      74       133      131      62       69       99       134      7        71       88       139      164      79       61       70       149      61       
5        3330     94       61       19       47       0        144      164      23       104      138      65       50       101      54       63       79       152      65       76       118      58       93       166      80       127      89       73       24       144      88       45       81       102      131      153      106      91       30       151      104      
6        3090     129      122      162      101      144      0        151      145      93       134      139      158      77       180      139      65       90       204      89       175      115      51       44       104      149      209      96       160      14       222      100      98       92       156      179      61       124      156      143      89       
7        1830     226      103      168      162      164      151      0        145      73       26       213      129      87       151      104      142      64       180      182      75       190      133      124      88       42       153      100      158      164      182      155      90       75       43       44       99       221      147      13       204      
8        2850     115      43       24       59       23       145      145      0        90       119      88       27       91       38       41       82       140      58       91       95       76       94       162      65       106      72       61       16       147      77       55       67       88       109      131      99       111      11       131      120      
9        360      153      48       113      90       104      93       73       90       0        49       142      86       16       112      61       68       50       141      109      82       118      61       86       25       57       131      31       106      103      152      84       23       2        64       88       32       148      97       61       131      
10       1110     201      77       143      136      138      134      26       119      49       0        187      105      64       128      80       117      55       158      157      61       164      110      113      62       24       134      74       133      146      161      129      64       51       29       46       78       195      122      13       180      
11       4590     32       114      80       52       65       139      213      88       142      187      0        115      133      118      123      85       184      122      50       180      26       101      175      125      182      153      113      88       133      146      58       123      140      187      211      130      31       96       200      62       
12       2640     142      39       43       83       50       158      129      27       86       105      115      0        92       25       26       99       135      55       115      70       103      107      167      62       87       51       64       32       162      66       78       66       85       90       109      104      138      21       116      144      
13       840      141      53       114      81       101      77       87       91       16       64       133      92       0        118      69       54       52       146      96       97       108      46       75       31       73       140      29       107      87       159      75       26       15       80       105      16       136      99       76       116      
14       3420     148      64       39       97       54       180      151      38       112      128      118      25       118      0        51       119      161      30       128      85       112      129      192      87       109      35       89       30       184      41       93       92       111      110      126      129      145      26       138      157      
15       1860     145      17       63       81       63       139      104      41       61       80       123      26       69       51       0        87       110      81       111      57       106      92       144      38       65       71       43       53       145      91       75       43       60       68       90       82       141      42       91       140      
16       2400     87       70       97       37       79       65       142      82       68       117      85       99       54       119      87       0        101      140      42       135      59       16       92       62       121      150      50       96       65       160      35       57       66       128      153      47       82       94       130      62       
17       1410     188      98       163      132      152      90       64       140      50       55       184      135      52       161      110      101      0        191      142      113      158      87       60       75       78       177      79       156      104      200      126      72       51       84       101      54       183      147      60       158      
18       4290     154      93       46       112      65       204      180      58       141      158      122      55       146      30       81       140      191      0        142      112      121      152      219      116      138      41       116      44       206      24       110      120      140      139      153      156      152      48       168      170      
19       3630     45       97       96       32       76       89       182      91       109      157      50       115      96       128      111      42       142      142      0        166      27       55       127      98       158      163      85       100      83       165      37       94       107      164      190      89       40       102      170      29       
20       2220     202      68       114      137      118      175      75       95       82       61       180      70       97       85       57       135      113      112      166      0        163      135      165      73       36       79       85       103      184      109      130      79       83       33       41       113      198      91       66       194      
21       3870     39       95       76       28       58       115      190      76       118      164      26       103      108      112      106      59       158      121      27       163      0        75       150      102      161      147      90       82       110      145      35       99       116      166      191      104      35       86       177      49       
22       2190     101      74       111      54       93       51       133      94       61       110      101      107      46       129      92       16       87       152      55       135      75       0        76       62       117      159      51       109      54       171      51       56       59       124      149      34       95       105      122      71       
23       2730     169      128      182      130      166      44       124      162      86       113      175      167      75       192      144      92       60       219      127      165      150      76       0        106      133      215      103      178      57       234      127      101      86       140      160      63       164      171      120      131      
24       930      140      23       88       74       80       104      88       65       25       62       125      62       31       87       38       62       75       116      98       73       102      62       106      0        60       109      13       81       112      128      67       6        23       66       91       45       135      71       75       124      
25       1380     199      67       128      133      127      149      42       106      57       24       182      87       73       109      65       121      78       138      158      36       161      117      133      60       0        111      73       118      160      139      126      64       58       7        32       89       194      106      30       183      
26       3900     183      87       73       131      89       209      153      72       131      134      153      51       140      35       71       150      177      41       163      79       147      159      215      109      111      0        113      65       213      30       127      114      130      110      120      153      180      61       142      192      
27       1200     127      26       84       62       73       96       100      61       31       74       113      64       29       89       43       50       79       116      85       85       90       51       103      13       73       113      0        78       103      130      55       9        29       79       104      40       122      69       87       111      
28       3330     118      58       10       69       24       160      158      16       106      133      88       32       107      30       53       96       156      44       100      103      82       109      178      81       118      65       78       0        162      65       66       83       104      121      141      116      115      11       145      128      
29       3390     119      128      163      99       144      14       164      147      103      146      133      162      87       184      145      65       104      206      83       184      110      54       57       112      160      213      103      162      0        225      99       106      102      167      190      71       115      159      156      79       
30       4560     178      105      69       134      88       222      182      77       152      161      146      66       159      41       91       160      200      24       165      109      145      171      234      128      139      30       130      65       225      0        131      133      151      139      150      171      176      66       170      192      
31       2820     73       61       65       7        45       100      155      55       84       129      58       78       75       93       75       35       126      110      37       130      35       51       127      67       126      127      55       66       99       131      0        64       81       132      157      74       68       66       142      66       
32       930      136      27       91       71       81       98       90       67       23       64       123      66       26       92       43       57       72       120      94       79       99       56       101      6        64       114      9        83       106      133      64       0        21       70       96       39       131      74       77       119      
33       420      151      47       112      88       102      92       75       88       2        51       140      85       15       111      60       66       51       140      107      83       116      59       86       23       58       130      29       104      102      151      81       21       0        65       90       31       146      95       63       129      
34       1590     205      72       131      139      131      156      43       109      64       29       187      90       80       110      68       128      84       139      164      33       166      124      140      66       7        110      79       121      167      139      132      70       65       0        25       96       200      109      32       190      
35       2310     230      96       152      164      153      179      44       131      88       46       211      109      105      126      90       153      101      153      190      41       191      149      160      91       32       120      104      141      190      150      157      96       90       25       0        120      225      129      41       215      
36       1290     134      66       121      79       106      61       99       99       32       78       130      104      16       129      82       47       54       156      89       113      104      34       63       45       89       153      40       116      71       171      74       39       31       96       120      0        129      109      89       106      
37       4770     5        129      108      61       91       124      221      111      148      195      31       138      136      145      141      82       183      152      40       198      35       95       164      135      194      180      122      115      115      176      68       131      146      200      225      129      0        121      208      37       
38       3030     124      48       22       70       30       156      147      11       97       122      96       21       99       26       42       94       147      48       102      91       86       105      171      71       106      61       69       11       159      66       66       74       95       109      129      109      121      0        133      131      
39       1470     213      90       155      149      151      143      13       131      61       13       200      116      76       138      91       130      60       168      170      66       177      122      120      75       30       142      87       145      156      170      142      77       63       32       41       89       208      133      0        192      
40       4290     41       125      123      61       104      89       204      120      131      180      62       144      116      157      140      62       158      170      29       194      49       71       131      124      183      192      111      128      79       192      66       119      129      190      215      106      37       131      192      0        
;

