
sets
i        orders          /0*20/
k        routes          /1*20/
p        positions       /0*20/
;

alias(i,j)
alias(i,h)
alias(i,hh)
alias(i,jj)
alias(k,kk)
                
                    Parameters

rho(i)	Processing time
/
0	0
1	10
2	53
3	33
4	37
5	58
6	42
7	99
8	83
9	70
10	1
11	91
12	69
13	91
14	89
15	19
16	28
17	12
18	29
19	89
20	5
/

gamma(i)	Duedate
/
0	0
1	4
2	45
3	68
4	38
5	39
6	45
7	2
8	35
9	75
10	7
11	68
12	65
13	49
14	82
15	64
16	9
17	86
18	49
19	44
20	65
/

sigma(i)	Size
/
0	0
1	6
2	6
3	6
4	7
5	4
6	2
7	2
8	2
9	5
10	2
11	1
12	3
13	4
14	5
15	3
16	1
17	6
18	7
19	5
20	4
/

epsilon(i)	Priority
/
0	0
1	7
2	8
3	6
4	3
5	1
6	7
7	3
8	9
9	2
10	6
11	7
12	6
13	3
14	5
15	4
16	6
17	7
18	9
19	2
20	3
/

psi	Vehicle Capacity
/ 31 /
;

Table kappa(i,j)                 Setup
         0        1        2        3        4        5        6        7        8        9        10       11       12       13       14       15       16       17       18       19       20       
0        0        85       173      102      36       61       128      38       83       126      131      152      79       87       136      88       42       91       76       124      93       
1        85       0        90       117      49       123      104      123      112      119      45       160      72       103      71       30       43       37       67       165      177      
2        173      90       0        164      137      197      121      212      170      147      46       187      152      156      59       88       132      89       124      218      262      
3        102      117      164      0        96       65       52       123      21       32       144      50       164      15       105      92       99       86       50       53       137      
4        36       49       137      96       0        79       107      74       82       112      94       145      67       80       102      53       5        57       54       132      128      
5        61       123      197      65       79       0        111      65       44       97       163      107      139      57       146      110      85       108      75       65       73       
6        128      104      121      52       107      111      0        159      68       26       113      66       168      54       62       74       107      66       53       103      185      
7        38       123      212      123      74       65       159      0        102      152      169      170      101      111      173      126      79       128      109      130      61       
8        83       112      170      21       82       44       68       102      0        53       144      69       150      15       113      90       86       85       47       53       117      
9        126      119      147      32       112      97       26       152      53       0        135      42       177      41       87       90       113      83       58       78       170      
10       131      45       46       144      94       163      113      169      144      135      0        178      106      132      57       54       89       58       96       195      222      
11       152      160      187      50       145      107      66       170      69       42       178      0        213      65       128      131      148      124      95       60       173      
12       79       72       152      164      67       139      168      101      150      177      106      213      0        148      143      98       65       105      119      198      163      
13       87       103      156      15       80       57       54       111      15       41       132      65       148      0        99       79       83       73       37       63       130      
14       136      71       59       105      102      146      62       173      113      87       57       128      143      99       0        50       99       45       71       159      215      
15       88       30       88       92       53       110      74       126      90       90       54       131      98       79       50       0        49       7        42       142      174      
16       42       43       132      99       5        85       107      79       86       113      89       148      65       83       99       49       0        54       55       137      134      
17       91       37       89       86       57       108      66       128      85       83       58       124      105      73       45       7        54       0        37       137      174      
18       76       67       124      50       54       75       53       109      47       58       96       95       119      37       71       42       55       37       0        99       145      
19       124      165      218      53       132      65       103      130      53       78       195      60       198      63       159      142      137      137      99       0        117      
20       93       177      262      137      128      73       185      61       117      170      222      173      163      130      215      174      134      174      145      117      0        
;



Table delta(i,j)                 Distance
         0        1        2        3        4        5        6        7        8        9        10       11       12       13       14       15       16       17       18       19       20       
0        0        26       338      655      223      363      304      406      101      360      254      454      472      486      249      328      341      391      203      335      495      
1        26       0        340      666      238      361      324      406      109      361      254      475      495      477      248      313      367      396      222      329      492      
2        338      340      0        363      179      62       239      69       438      22       86       359      407      217      97       218      397      77       228      104      172      
3        655      666      363      0        434      393      388      332      742      353      438      343      386      459      454      568      505      288      468      450      349      
4        223      238      179      434      0        233      104      245      308      200      135      262      296      388      149      317      232      196      50       244      350      
5        363      361      62       393      233      0        301      62       465      52       114      421      469      156      114      175      457      123      282      57       132      
6        304      324      239      388      104      301      0        292      372      256      225      158      192      456      242      413      161      221      101      326      396      
7        406      406      69       332      245      62       292      0        506      47       152      394      444      173      158      235      453      82       295      119      105      
8        101      109      438      742      308      465      372      506      0        460      354      508      517      586      350      421      369      487      277      436      597      
9        360      361      22       353      200      52       256      47       460      0        106      370      418      200      115      221      415      72       250      103      150      
10       254      254      86       438      135      114      225      152      354      106      0        370      412      260      19       189      367      152      179      110      245      
11       454      475      359      343      262      421      158      394      508      370      370      0        51       567      389      559      176      312      256      459      485      
12       472      495      407      386      296      469      192      444      517      418      412      51       0        616      430      601      162      362      282      504      536      
13       486      477      217      459      388      156      456      173      586      200      260      567      616      0        254      191      613      255      436      154      109      
14       249      248      97       454      149      114      242      158      350      115      19       389      430      254      0        171      382      167      191      100      246      
15       328      313      218      568      317      175      413      235      421      221      189      559      601      191      171      0        548      293      353      118      259      
16       341      367      397      505      232      457      161      453      369      415      367      176      162      613      382      548      0        382      194      475      557      
17       391      396      77       288      196      123      221      82       487      72       152      312      362      255      167      293      382      0        244      176      177      
18       203      222      228      468      50       282      101      295      277      250      179      256      282      436      191      353      194      244      0        289      400      
19       335      329      104      450      244      57       326      119      436      103      110      459      504      154      100      118      475      176      289      0        169      
20       495      492      172      349      350      132      396      105      597      150      245      485      536      109      246      259      557      177      400      169      0        
;

