
sets
i        orders          /0*20/
k        routes          /1*20/
p        positions       /0*20/
;

alias(i,j)
alias(i,h)
alias(i,hh)
alias(i,jj)
alias(k,kk)
                
                    Parameters

rho(i)	Processing time
/
0	0
1	61
2	24
3	39
4	21
5	33
6	31
7	94
8	9
9	80
10	49
11	66
12	39
13	30
14	58
15	1
16	56
17	74
18	78
19	17
20	52
/

gamma(i)	Duedate
/
0	0
1	24
2	93
3	63
4	34
5	13
6	66
7	60
8	41
9	3
10	46
11	83
12	36
13	60
14	87
15	18
16	75
17	21
18	48
19	30
20	99
/

sigma(i)	Size
/
0	0
1	9
2	6
3	8
4	6
5	3
6	6
7	7
8	3
9	2
10	4
11	4
12	6
13	8
14	3
15	3
16	8
17	6
18	1
19	6
20	3
/

epsilon(i)	Priority
/
0	0
1	7
2	6
3	6
4	2
5	4
6	1
7	4
8	2
9	5
10	8
11	3
12	5
13	8
14	2
15	1
16	5
17	6
18	2
19	4
20	7
/

psi	Vehicle Capacity
/ 40 /
;

Table kappa(i,j)                 Setup
         0        1        2        3        4        5        6        7        8        9        10       11       12       13       14       15       16       17       18       19       20       
0        0        42       93       163      163      42       50       210      165      133      147      166      58       232      228      154      18       120      142      157      161      
1        42       0        57       133      157      11       55       191      177      120      125      129      75       216      209      118      45       117      125      166      131      
2        93       57       0        77       126      66       71       143      169      86       77       73       93       171      161      61       101      96       83       155      75       
3        163      133      77       0        96       143      124      76       165      68       34       41       138      107      92       34       175      95       52       149      2        
4        163      157      126      96       0        169      113      69       74       40       64       135      111      76       80       125      181      43       47       59       97       
5        42       11       66       143      169      0        64       203      187      132      136      137      83       228      221      127      41       128      136      177      141      
6        50       55       71       124      113      64       0        162      122      84       102      137      22       182      179      124      67       70       95       113      122      
7        210      191      143      76       69       203      162      0        141      79       66       114      167      31       18       110      226      101      67       127      78       
8        165      177      169      165      74       187      122      141      0        97       131      201      107      138      149      188      183      75       113      15       165      
9        133      120      86       68       40       132      84       79       97       0        34       103      88       98       95       91       150      28       17       82       68       
10       147      125      77       34       64       136      102      66       131      34       0        71       113      94       85       61       162      62       18       115      34       
11       166      129      73       41       135      137      137      114      201      103      71       0        156      145      130      13       174      127      89       185      39       
12       58       75       93       138      111      83       22       167      107      88       113      156      0        184      183      142      77       68       102      99       137      
13       232      216      171      107      76       228      182      31       138      98       94       145      184      0        18       141      248      116      91       126      109      
14       228      209      161      92       80       221      179      18       149      95       85       130      183      18       0        126      244      116      85       136      95       
15       154      118      61       34       125      127      124      110      188      91       61       13       142      141      126      0        163      115      77       173      32       
16       18       45       101      175      181      41       67       226      183      150      162      174      77       248      244      163      0        138      158      176      173      
17       120      117      96       95       43       128      70       101      75       28       62       127      68       116      116      115      138      0        45       60       95       
18       142      125      83       52       47       136      95       67       113      17       18       89       102      91       85       77       158      45       0        97       52       
19       157      166      155      149      59       177      113      127      15       82       115      185      99       126      136      173      176      60       97       0        149      
20       161      131      75       2        97       141      122      78       165      68       34       39       137      109      95       32       173      95       52       149      0        
;



Table delta(i,j)                 Distance
         0        1        2        3        4        5        6        7        8        9        10       11       12       13       14       15       16       17       18       19       20       
0        0        529      349      136      701      445      205      126      516      409      653      339      585      340      324      396      100      468      175      183      240      
1        529      0        486      394      568      83       657      409      418      561      617      693      595      529      585      464      597      251      488      631      290      
2        349      486      0        331      363      422      293      279      205      83       303      238      235      47       116      58       321      271      174      278      344      
3        136      394      331      0        644      310      308      55       451      408      618      409      558      341      352      362      220      366      192      282      104      
4        701      568      363      644      0        554      651      604      193      342      117      554      174      393      451      308      683      336      532      639      608      
5        445      83       422      310      554      0        575      326      386      500      588      618      557      462      514      407      514      220      408      549      207      
6        205      657      293      308      651      575      0        265      497      312      573      153      499      257      203      351      106      517      172      27       396      
7        126      409      279      55       604      326      265      0        413      354      572      356      509      287      297      314      189      346      137      239      131      
8        516      418      205      451      193      386      497      413      0        225      202      435      178      248      316      147      511      168      356      480      415      
9        409      561      83       408      342      500      312      354      225      0        260      215      187      69       109      99       364      331      235      304      426      
10       653      617      303      618      117      588      573      572      202      260      0        460      73       322      369      259      620      369      478      565      601      
11       339      693      238      409      554      618      153      356      435      215      460      0        388      190      121      291      251      504      224      164      475      
12       585      595      235      558      174      557      499      509      178      187      73       388      0        250      296      195      549      344      409      491      549      
13       340      529      47       341      393      462      257      287      248      69       322      190      250      0        69       101      298      318      165      246      367      
14       324      585      116      352      451      514      203      297      316      109      369      121      296      69       0        170      264      385      162      197      396      
15       396      464      58       362      308      407      351      314      147      99       259      291      195      101      170      0        375      232      224      336      358      
16       100      597      321      220      683      514      106      189      511      364      620      251      549      298      264      375      0        496      155      88       318      
17       468      251      271      366      336      220      517      346      168      331      369      504      344      318      385      232      496      0        349      495      298      
18       175      488      174      192      532      408      172      137      356      235      478      224      409      165      162      224      155      349      0        147      250      
19       183      631      278      282      639      549      27       239      480      304      565      164      491      246      197      336      88       495      147      0        369      
20       240      290      344      104      608      207      396      131      415      426      601      475      549      367      396      358      318      298      250      369      0        
;

