
sets
i        orders          /0*5/
k        routes          /1*5/
p        positions       /0*5/
;

alias(i,j)
alias(i,h)
alias(i,hh)
alias(i,jj)
alias(k,kk)
                
                    Parameters

rho(i)	Processing time
/
0	0
1	57
2	11
3	64
4	64
5	10
/

gamma(i)	Duedate
/
0	0
1	28
2	15
3	9
4	52
5	42
/

sigma(i)	Size
/
0	0
1	8
2	2
3	7
4	3
5	9
/

epsilon(i)	Priority
/
0	0
1	9
2	4
3	3
4	8
5	9
/

psi	Vehicle Capacity
/ 42 /
;

Table kappa(i,j)                 Setup
         0        1        2        3        4        5        
0        0        41       27       38       55       39       
1        41       0        17       48       47       72       
2        27       17       0        32       36       64       
3        38       48       32       0        23       76       
4        55       47       36       23       0        95       
5        39       72       64       76       95       0        
;



Table delta(i,j)                 Distance
         0        1        2        3        4        5        
0        0        76       27       7        59       98       
1        76       0        49       81       32       24       
2        27       49       0        32       35       71       
3        7        81       32       0        65       101      
4        59       32       35       65       0        56       
5        98       24       71       101      56       0        
;

