
sets
i        orders          /0*5/
k        routes          /1*5/
p        positions       /0*5/
;

alias(i,j)
alias(i,h)
alias(i,hh)
alias(i,jj)
alias(k,kk)
                
                    Parameters

rho(i)	Processing time
/
0	0
1	75
2	98
3	22
4	54
5	88
/

gamma(i)	Duedate
/
0	0
1	33
2	36
3	57
4	32
5	76
/

sigma(i)	Size
/
0	0
1	5
2	1
3	3
4	1
5	8
/

epsilon(i)	Priority
/
0	0
1	1
2	6
3	4
4	8
5	2
/

psi	Vehicle Capacity
/ 33 /
;

Table kappa(i,j)                 Setup
         0        1        2        3        4        5        
0        0        85       21       25       92       26       
1        85       0        98       94       39       59       
2        21       98       0        8        110      44       
3        25       94       8        0        109      43       
4        92       39       110      109      0        66       
5        26       59       44       43       66       0        
;



Table delta(i,j)                 Distance
         0        1        2        3        4        5        
0        0        59       101      99       33       48       
1        59       0        42       42       38       36       
2        101      42       0        27       79       73       
3        99       42       27       0        70       60       
4        33       38       79       70       0        15       
5        48       36       73       60       15       0        
;

