
sets
i        orders          /0*5/
k        routes          /1*5/
p        positions       /0*5/
;

alias(i,j)
alias(i,h)
alias(i,hh)
alias(i,jj)
alias(k,kk)
                
                    Parameters

rho(i)	Processing time
/
0	0
1	86
2	55
3	14
4	52
5	97
/

gamma(i)	Duedate
/
0	0
1	30
2	33
3	33
4	20
5	99
/

sigma(i)	Size
/
0	0
1	2
2	7
3	7
4	6
5	2
/

epsilon(i)	Priority
/
0	0
1	6
2	1
3	9
4	3
5	3
/

psi	Vehicle Capacity
/ 19 /
;

Table kappa(i,j)                 Setup
         0        1        2        3        4        5        
0        0        56       30       37       38       59       
1        56       0        85       93       94       79       
2        30       85       0        24       16       76       
3        37       93       24       0        10       61       
4        38       94       16       10       0        70       
5        59       79       76       61       70       0        
;



Table delta(i,j)                 Distance
         0        1        2        3        4        5        
0        0        26       61       48       50       76       
1        26       0        59       57       39       61       
2        61       59       0        25       23       34       
3        48       57       25       0        37       58       
4        50       39       23       37       0        26       
5        76       61       34       58       26       0        
;

