
sets
i        orders          /0*80/
k        routes          /1*80/
p        positions       /0*80/
;

alias(i,j)
alias(i,h)
alias(i,hh)
alias(i,jj)
alias(k,kk)
                
                    Parameters

rho(i)	Processing time
/
0	0
1	15
2	82
3	86
4	72
5	51
6	89
7	83
8	21
9	20
10	74
11	96
12	56
13	90
14	90
15	86
16	5
17	10
18	84
19	55
20	44
21	78
22	17
23	32
24	73
25	4
26	38
27	1
28	33
29	50
30	74
31	80
32	28
33	21
34	49
35	66
36	35
37	89
38	39
39	39
40	4
41	34
42	61
43	96
44	29
45	69
46	22
47	64
48	76
49	60
50	12
51	64
52	99
53	40
54	89
55	97
56	76
57	18
58	41
59	23
60	56
61	40
62	91
63	63
64	64
65	48
66	20
67	21
68	9
69	78
70	60
71	1
72	62
73	97
74	43
75	35
76	55
77	93
78	12
79	89
80	67
/

gamma(i)	Duedate
/
0	0
1	5
2	85
3	29
4	54
5	66
6	26
7	5
8	82
9	65
10	99
11	66
12	17
13	60
14	51
15	45
16	62
17	9
18	73
19	34
20	65
21	75
22	75
23	97
24	37
25	2
26	81
27	37
28	50
29	32
30	20
31	31
32	67
33	39
34	20
35	13
36	10
37	84
38	48
39	71
40	73
41	91
42	58
43	9
44	87
45	84
46	99
47	18
48	2
49	89
50	44
51	67
52	79
53	69
54	53
55	89
56	70
57	70
58	19
59	64
60	63
61	45
62	37
63	92
64	4
65	5
66	74
67	90
68	46
69	53
70	4
71	37
72	76
73	60
74	23
75	54
76	44
77	26
78	53
79	64
80	39
/

sigma(i)	Size
/
0	0
1	1
2	6
3	8
4	1
5	4
6	9
7	4
8	6
9	2
10	2
11	1
12	3
13	5
14	4
15	1
16	6
17	8
18	6
19	1
20	2
21	3
22	7
23	1
24	2
25	5
26	1
27	2
28	5
29	9
30	7
31	2
32	7
33	1
34	9
35	2
36	3
37	6
38	6
39	4
40	3
41	6
42	4
43	8
44	8
45	5
46	7
47	5
48	3
49	9
50	3
51	4
52	5
53	1
54	4
55	4
56	7
57	9
58	7
59	4
60	6
61	7
62	2
63	7
64	4
65	1
66	3
67	5
68	9
69	2
70	2
71	2
72	5
73	2
74	1
75	4
76	9
77	5
78	9
79	2
80	3
/

epsilon(i)	Priority
/
0	0
1	4
2	5
3	8
4	9
5	9
6	3
7	7
8	8
9	7
10	4
11	3
12	1
13	5
14	5
15	9
16	2
17	5
18	6
19	9
20	1
21	6
22	4
23	8
24	5
25	7
26	1
27	2
28	2
29	7
30	6
31	5
32	2
33	1
34	2
35	3
36	5
37	1
38	7
39	3
40	3
41	4
42	7
43	2
44	6
45	1
46	2
47	6
48	1
49	1
50	1
51	7
52	5
53	9
54	2
55	4
56	6
57	6
58	9
59	4
60	2
61	1
62	8
63	7
64	8
65	4
66	4
67	7
68	7
69	1
70	3
71	7
72	4
73	8
74	9
75	4
76	7
77	4
78	7
79	5
80	8
/

psi	Vehicle Capacity
/ 16 /
;

Table kappa(i,j)                 Setup
         0        1        2        3        4        5        6        7        8        9        10       11       12       13       14       15       16       17       18       19       20       21       22       23       24       25       26       27       28       29       30       31       32       33       34       35       36       37       38       39       40       41       42       43       44       45       46       47       48       49       50       51       52       53       54       55       56       57       58       59       60       61       62       63       64       65       66       67       68       69       70       71       72       73       74       75       76       77       78       79       80       
0        0        723      1290     1463     1866     1912     1302     579      880      2148     360      1889     758      944      1908     1697     1709     1373     2135     1549     576      976      1472     1071     2030     1210     1691     1525     1129     839      2064     1596     1024     1207     794      621      773      355      1401     1817     1629     511      1176     634      1789     1319     1364     1940     1442     1802     746      749      2041     269      772      2143     1782     893      960      202      597      1411     1848     929      1382     1091     622      792      1918     321      980      1736     2157     1428     733      928      894      965      1975     342      1654     
1        723      0        628      1407     1594     1592     579      309      877      1745     1004     1411     1378     305      1397     1014     986      1208     1810     917      276      506      1247     398      1421     550      1033     1198     854      1328     1608     885      1056     1466     977      955      318      1051     692      1288     1159     312      498      718      1290     1426     648      1312     1300     1132     735      1381     1323     453      1031     1663     1059     170      1322     659      443      852      1131     344      978      496      500      512      1439     409      783      1041     1771     741      350      516      957      1209     1260     948      1146     
2        1290     628      0        1281     1230     1183     356      721      1452     1247     1610     874      1800     679      834      883      574      1028     1374     293      900      417      995      625      796      80       975      853      703      1657     1074     669      1110     1597     1586     1581     535      1567     221      717      665      782      132      978      747      1438     248      685      1117     1016     912      1812     971      1034     1649     1108     635      511      1559     1270     1054     321      620      759      613      227      785      640      900      972      760      864      1284     157      916      989      1075     1817     935      1420     612      
3        1463     1407     1281     0        570      682      1608     1147     2188     994      1797     998      1344     1682     1085     2157     1835     257      849      1261     1592     967      343      1719     1426     1263     2237     549      594      1053     1049     1948     439      617      2193     2061     1092     1452     1502     1087     873      1196     1308     838      999      321      1527     1433     182      2291     745      1373     2226     1400     2199     1152     1885     1464     814      1612     1750     1040     1811     1741     711      1124     962      896      1014     1342     625      2143     970      1407     1736     1922     568      2398     2200     1272     971      
4        1866     1594     1230     570      0        128      1587     1414     2455     434      2221     571      1886     1809     671      2092     1690     506      287      1081     1835     1089     394      1804     1040     1249     2196     398      764      1604     537      1872     914      1187     2508     2412     1287     1932     1424     728      601      1479     1311     1237     637      890      1469     1092     467      2220     1121     1914     2044     1735     2534     635      1720     1590     1373     1977     2007     915      1602     1881     636      1167     1272     1139     574      1668     894      2060     403      1305     1944     2095     1024     2730     2037     1745     692      
5        1912     1592     1183     682      128      0        1539     1434     2463     312      2270     458      1975     1790     558      2028     1614     583      223      1009     1843     1086     457      1776     926      1209     2136     399      791      1699     409      1809     995      1298     2527     2441     1294     1999     1367     626      530      1502     1274     1292     538      1004     1415     985      560      2154     1174     2002     1958     1766     2557     506      1640     1574     1473     2013     2016     863      1515     1865     617      1143     1306     1162     458      1697     933      1993     289      1244     1942     2084     1098     2751     1955     1812     613      
6        1302     579      356      1608     1587     1539     0        808      1238     1587     1572     1208     1925     459      1155     552      406      1361     1725     582      793      666      1341     354      1036     348      630      1207     1016     1832     1404     357      1381     1854     1408     1448     672      1625     204      1038     1016     846      299      1162     1081     1732     142      910      1453     686      1127     1932     758      1032     1485     1427     480      410      1774     1227     910      675      567      530      965      486      942      845      1231     986      1037     548      1627     324      741      743      1322     1630     702      1508     955      
7        579      309      721      1147     1414     1434     808      0        1052     1632     922      1339     1117     614      1348     1299     1200     975      1658     971      444      404      1038     702      1452     643      1330     1035     649      1035     1524     1148     765      1158     1093     1010     194      846      861      1251     1078     72       619      409      1231     1132     835      1361     1062     1423     435      1124     1567     352      1122     1595     1272     446      1015     607      607      835      1311     649      850      514      197      275      1368     282      539      1319     1649     868      594      792      657      1317     1510     708      1092     
8        880      877      1452     2188     2455     2463     1238     1052     0        2622     815      2284     1607     786      2264     1331     1578     2028     2683     1744     619      1378     2089     884      2242     1383     1260     2065     1696     1720     2482     1350     1776     2059     228      409      1169     1181     1426     2151     2035     996      1320     1371     2161     2120     1366     2122     2114     1381     1447     1592     1769     805      328      2534     1642     944      1831     678      448      1718     1777     709      1852     1366     1227     1324     2312     853      1592     1396     2648     1519     539      498      1652     406      1694     1221     2017     
9        2148     1745     1247     994      434      312      1587     1632     2622     0        2508     382      2269     1902     455      2024     1582     876      245      1014     2010     1251     744      1867     774      1291     2141     626      1019     1999     207      1809     1286     1610     2708     2642     1470     2265     1396     563      592      1703     1358     1547     506      1316     1451     867      865      2142     1427     2295     1886     1977     2748     261      1594     1699     1778     2230     2183     931      1448     1980     782      1263     1529     1369     362      1907     1173     1979     56       1270     2089     2207     1379     2937     1894     2079     634      
10       360      1004     1610     1797     2221     2270     1572     922      815      2508     0        2247     837      1161     2263     1897     1977     1724     2492     1881     786      1325     1826     1292     2371     1530     1869     1885     1488     1023     2423     1829     1358     1469     647      434      1114     431      1696     2170     1986     851      1489     984      2145     1623     1653     2277     1789     1987     1099     816      2278     578      583      2501     2050     1165     1200     345      726      1757     2134     1124     1741     1425     981      1150     2276     645      1338     1945     2516     1739     899      1050     1230     743      2208     558      2009     
11       1889     1411     874      998      571      458      1208     1339     2284     382      2247     0        2124     1542     99       1644     1205     797      565      632      1683     940      670      1499     469      924      1760     477      797      1880     200      1428     1162     1571     2386     2337     1162     2054     1015     184      261      1412     992      1334     127      1299     1071     528      827      1762     1217     2147     1524     1691     2432     256      1221     1347     1684     1946     1853     569      1082     1621     513      917      1269     1097     29       1621     956      1600     427      889      1746     1850     1226     2617     1528     1872     267      
12       758      1378     1800     1344     1886     1975     1925     1117     1607     2269     837      2124     0        1651     2175     2392     2315     1394     2173     1994     1310     1398     1525     1767     2402     1730     2403     1666     1336     299      2254     2258     983      812      1472     1264     1275     425      1968     2116     1891     1080     1720     839      2058     1066     1948     2344     1419     2507     936      31       2684     973      1417     2350     2387     1543     544      950      1354     1799     2414     1652     1629     1574     1015     1169     2150     988      1184     2420     2259     1956     1478     1680     899      1580     2626     437      1952     
13       944      305      679      1682     1809     1790     459      614      786      1902     1161     1542     1651     0        1510     753      838      1467     1999     967      377      733      1489     130      1458     619      752      1410     1105     1623     1743     667      1352     1771     948      993      594      1294     640      1394     1310     612      553      1023     1416     1722     581      1337     1561     860      1036     1651     1117     686      1025     1783     908      221      1626     826      459      973      1020     79       1175     647      804      796      1569     663      1058     792      1935     734      285      309      1258     1172     1047     1215     1275     
14       1908     1397     834      1085     671      558      1155     1348     2264     455      2263     99       2175     1510     0        1571     1127     874      655      573      1672     944      751      1459     369      890      1690     552      841      1939     254      1357     1225     1648     2374     2334     1164     2087     957      117      286      1420     957      1371     119      1380     1016     431      911      1687     1257     2197     1436     1700     2425     274      1139     1322     1750     1955     1840     545      995      1590     549      901      1291     1117     102      1630     997      1525     505      832      1725     1819     1281     2606     1441     1908     255      
15       1697     1014     883      2157     2092     2028     552      1299     1331     2024     1897     1644     2392     753      1571     0        459      1907     2195     1021     1127     1217     1879     628      1345     893      128      1730     1567     2334     1826     219      1930     2398     1547     1657     1197     2046     670      1461     1498     1320     850      1684     1525     2284     634      1219     1998     134      1662     2394     446      1438     1642     1824     477      854      2300     1573     1172     1179     650      775      1494     1038     1459     1384     1662     1410     1588     72       2071     787      998      874      1865     1735     371      1959     1419     
16       1709     986      574      1835     1690     1614     406      1200     1578     1582     1977     1205     2315     838      1127     459      0        1579     1765     609      1194     981      1527     714      886      621      586      1356     1273     2202     1380     275      1684     2170     1768     1830     1044     2029     361      1020     1089     1244     609      1524     1092     2010     369      760      1664     564      1471     2323     397      1439     1852     1372     73       817      2122     1633     1297     804      210      897      1135     787      1313     1191     1222     1392     1334     403      1631     430      1123     1081     1646     1982     364      1906     1001     
17       1373     1208     1028     257      506      583      1361     975      2028     876      1724     797      1394     1467     874      1907     1579     0        791      1005     1417     738      134      1493     1197     1014     1991     322      362      1123     884      1696     412      774      2056     1942     889      1425     1248     861      637      1033     1062     740      777      508      1275     1193     94       2041     628      1420     1969     1268     2072     986      1628     1246     906      1499     1582     783      1555     1531     455      881      808      707      817      1203     436      1892     865      1151     1548     1724     518      2270     1943     1239     731      
18       2135     1810     1374     849      287      223      1725     1658     2683     245      2492     565      2173     1999     655      2195     1765     791      0        1174     2064     1305     671      1978     1001     1406     2307     622      1015     1891     434      1977     1201     1464     2749     2665     1515     2214     1545     749      709      1726     1472     1512     673      1167     1597     1083     754      2317     1394     2201     2090     1990     2781     504      1785     1786     1659     2237     2236     1052     1647     2075     832      1352     1530     1385     553      1921     1156     2155     191      1420     2159     2296     1309     2974     2093     2027     777      
19       1549     917      293      1261     1081     1009     582      971      1744     1014     1881     632      1994     967      573      1021     609      1005     1174     0        1191     601      936      900      503      368      1133     753      753      1818     825      803      1192     1677     1880     1872     777      1801     384      457      481      1037     426      1155     508      1475     442      396      1083     1145     1067     2009     978      1303     1942     844      644      805      1687     1546     1348     227      550      1047     549      457      994      827      654      1237     860      983      1058     259      1210     1275     1189     2111     963      1642     398      
20       576      276      900      1592     1835     1843     793      444      619      2010     786      1683     1310     377      1672     1127     1194     1417     2064     1191     0        761      1471     507      1695     823      1116     1445     1078     1321     1879     1043     1201     1552     702      681      549      930      938      1563     1429     399      768      814      1564     1561     888      1585     1505     1228     867      1306     1492     337      755      1937     1266     401      1365     449      172      1128     1360     354      1235     771      633      709      1712     339      981      1169     2034     1002     176      387      1085     934      1424     873      1420     
21       976      506      417      967      1089     1086     666      404      1378     1251     1325     940      1398     733      944      1217     981      738      1305     601      761      0        755      754      1058     360      1285     692      376      1242     1129     1022     715      1194     1457     1397     221      1204     620      847      680      476      379      565      829      1066     622      976      832      1351     494      1412     1376     756      1498     1196     1046     511      1143     1010     934      436      1037     801      474      194      393      228      969      686      371      1215     1273     575      856      1008     665      1686     1333     1042     688      
22       1472     1247     995      343      394      457      1341     1038     2089     744      1826     670      1525     1489     751      1879     1527     134      671      936      1471     755      0        1503     1084     992      1969     206      394      1256     751      1664     542      903      2129     2025     930      1542     1211     746      530      1100     1046     843      659      629      1244     1090     162      2012     727      1551     1911     1349     2150     852      1572     1267     1040     1587     1640     723      1487     1556     392      875      885      764      689      1282     506      1858     734      1106     1593     1759     641      2347     1890     1356     628      
23       1071     398      625      1719     1804     1776     354      702      884      1867     1292     1499     1767     130      1459     628      714      1493     1978     900      507      754      1503     0        1379     576      637      1408     1131     1727     1699     537      1413     1848     1059     1116     649      1418     549      1342     1279     710      509      1107     1372     1781     487      1255     1587     739      1108     1769     986      809      1140     1733     784      265      1717     957      586      936      902      183      1167     637      883      852      1525     782      1102     665      1903     654      410      389      1326     1279     916      1333     1235     
24       2030     1421     796      1426     1040     926      1036     1452     2242     774      2371     469      2402     1458     369      1345     886      1197     1001     503      1695     1058     1084     1379     0        871      1471     878      1078     2192     569      1148     1502     1955     2382     2376     1257     2258     833      338      560      1521     929      1570     428      1704     895      128      1247     1446     1466     2421     1133     1794     2446     526      878      1307     2025     2041     1851     622      713      1537     795      948      1444     1269     467      1726     1221     1289     830      725      1710     1763     1535     2613     1151     2088     472      
25       1210     550      80       1263     1249     1209     348      643      1383     1291     1530     924      1730     619      890      893      621      1014     1406     368      823      360      992      576      871      0        978      863      676      1593     1125     685      1067     1551     1513     1504     459      1489     260      774      703      703      67       913      797      1405     269      762      1105     1027     853      1741     1016     954      1574     1164     685      440      1503     1190     980      359      686      699      620      166      715      576      950      892      717      881      1326     227      846      929      1025     1745     975      1344     659      
26       1691     1033     975      2237     2196     2136     630      1330     1260     2141     1869     1760     2403     752      1690     128      586      1991     2307     1133     1116     1285     1969     637      1471     978      0        1828     1644     2362     1945     332      1991     2451     1481     1604     1245     2044     771      1578     1606     1344     929      1725     1639     2350     729      1345     2083     121      1711     2404     550      1438     1578     1945     605      883      2341     1554     1142     1280     779      762      1588     1114     1500     1438     1779     1416     1655     196      2188     891      973      828      1921     1659     478      1967     1530     
27       1525     1198     853      549      398      399      1207     1035     2065     626      1885     477      1666     1410     552      1730     1356     322      622      753      1445     692      206      1408     878      863      1828     0        397      1412     587      1512     690      1095     2127     2043     895      1639     1059     540      324      1103     923      920      455      830      1099     884      368      1861     800      1690     1732     1369     2158     685      1396     1192     1209     1618     1617     554      1301     1483     243      771      912      763      499      1300     547      1704     631      947      1549     1697     767      2352     1715     1453     423      
28       1129     854      703      594      764      791      1016     649      1696     1019     1488     797      1336     1105     841      1567     1273     362      1015     753      1078     376      394      1131     1078     676      1644     397      0        1114     951      1361     440      924      1743     1650     536      1259     925      780      555      715      717      538      723      737      944      1037     456      1701     420      1358     1670     975      1769     1039     1329     884      951      1222     1247     527      1281     1170     292      530      515      374      825      906      158      1557     1028     843      1199     1368     457      1965     1636     1076     617      
29       839      1328     1657     1053     1604     1699     1832     1035     1720     1999     1023     1880     299      1623     1939     2334     2202     1123     1891     1818     1321     1242     1256     1727     2192     1593     2362     1412     1114     0        1998     2180     721      514      1618     1423     1161     591      1845     1890     1660     1017     1594     680      1825     768      1833     2145     1140     2457     751      330      2585     990      1578     2096     2271     1480     245      1042     1401     1609     2278     1638     1403     1430     890      1017     1905     982      973      2354     1986     1815     1497     1707     659      1756     2533     499      1730     
30       2064     1608     1074     1049     537      409      1404     1524     2482     207      2423     200      2254     1743     254      1826     1380     884      434      825      1879     1129     751      1699     569      1125     1945     587      951      1998     0        1612     1277     1650     2581     2527     1351     2211     1209     368      450      1597     1192     1489     327      1364     1266     659      895      1941     1371     2278     1679     1875     2626     103      1390     1547     1789     2130     2049     769      1242     1822     682      1116     1442     1274     174      1804     1110     1779     261      1084     1944     2051     1354     2811     1688     2027     467      
31       1596     885      669      1948     1872     1809     357      1148     1350     1809     1829     1428     2258     667      1357     219      275      1696     1977     803      1043     1022     1664     537      1148     685      332      1512     1361     2180     1612     0        1738     2212     1551     1635     1026     1935     453      1246     1279     1178     647      1516     1308     2085     420      1020     1786     348      1484     2263     449      1329     1641     1614     317      717      2130     1492     1119     960      483      711      1277     837      1294     1203     1447     1292     1392     195      1856     568      941      862      1680     1756     380      1833     1201     
32       1024     1056     1110     439      914      995      1381     765      1776     1286     1358     1162     983      1352     1225     1930     1684     412      1201     1192     1201     715      542      1413     1502     1067     1991     690      440      721      1277     1738     0        488      1766     1627     763      1027     1326     1185     953      801      1093     408      1114     369      1334     1470     451      2063     333      1009     2081     976      1767     1375     1744     1148     525      1178     1349     967      1710     1400     706      905      569      560      1186     923      349      1930     1276     1260     1358     1557     130      1966     2042     843      1031     
33       1207     1466     1597     617      1187     1298     1854     1158     2059     1610     1469     1571     812      1771     1648     2398     2170     774      1464     1677     1552     1194     903      1848     1955     1551     2451     1095     924      514      1650     2212     488      0        2000     1826     1207     1055     1811     1626     1396     1173     1573     749      1546     297      1816     1936     754      2529     741      843      2567     1263     1978     1752     2232     1583     278      1398     1674     1451     2199     1808     1170     1387     967      1013     1592     1229     837      2402     1587     1748     1723     1932     532      2169     2526     911      1483     
34       794      977      1586     2193     2508     2527     1408     1093     228      2708     647      2386     1472     948      2374     1547     1768     2056     2749     1880     702      1457     2129     1059     2382     1513     1481     2127     1743     1618     2581     1551     1766     2000     0        213      1238     1049     1586     2265     2131     1028     1453     1358     2266     2092     1529     2267     2137     1603     1448     1454     1979     792      100      2639     1835     1075     1755     603      535      1830     1961     878      1929     1473     1247     1368     2414     853      1624     1610     2730     1670     675      690      1638     231      1905     1120     2122     
35       621      955      1581     2061     2412     2441     1448     1010     409      2642     434      2337     1264     993      2334     1657     1830     1942     2665     1872     681      1397     2025     1116     2376     1504     1604     2043     1650     1423     2527     1635     1627     1826     213      0        1175     845      1611     2230     2078     940      1450     1222     2222     1937     1557     2266     2020     1725     1321     1245     2075     677      155      2593     1900     1079     1572     449      539      1797     2013     933      1860     1442     1140     1279     2366     744      1519     1715     2659     1682     708      782      1497     343      2001     930      2079     
36       773      318      535      1092     1287     1294     672      194      1169     1470     1114     1162     1275     594      1164     1197     1044     889      1515     777      549      221      930      649      1257     459      1245     895      536      1161     1351     1026     763      1207     1238     1175     0        1032     693      1065     902      263      444      490      1050     1132     675      1167     981      1326     466      1285     1424     540      1277     1418     1115     384      1104     792      722      643      1139     649      690      320      270      203      1191     471      467      1208     1491     686      662      834      679      1467     1372     885      908      
37       355      1051     1567     1452     1932     1999     1625     846      1181     2265     431      2054     425      1294     2087     2046     2029     1425     2214     1801     930      1204     1542     1418     2258     1489     2044     1639     1259     591      2211     1935     1027     1055     1049     845      1032     0        1703     2010     1801     791      1465     722      1968     1239     1672     2180     1476     2153     840      411      2375     608      1000     2299     2102     1222     780      532      949      1636     2153     1282     1541     1352     814      989      2082     642      1101     2082     2265     1714     1089     1282     908      1171     2312     186      1843     
38       1401     692      221      1502     1424     1367     204      861      1426     1396     1696     1015     1968     640      957      670      361      1248     1545     384      938      620      1211     549      833      260      771      1059     925      1845     1209     453      1326     1811     1586     1611     693      1703     0        841      838      912      250      1165     889      1659     62       707      1337     802      1110     1978     756      1134     1659     1227     427      538      1761     1351     1072     509      450      716      824      425      959      831      1037     1080     976      646      1438     125      912      937      1285     1812     716      1570     769      
39       1817     1288     717      1087     728      626      1038     1251     2151     563      2170     184      2116     1394     117      1461     1020     861      749      457      1563     847      746      1342     338      774      1578     540      780      1890     368      1246     1185     1626     2265     2230     1065     2010     841      0        232      1323     841      1300     92       1369     899      365      909      1578     1189     2137     1342     1603     2317     391      1037     1208     1710     1857     1730     435      898      1474     487      791      1205     1030     201      1533     932      1416     611      716      1612     1704     1231     2497     1344     1832     166      
40       1629     1159     665      873      601      530      1016     1078     2035     592      1986     261      1891     1310     286      1498     1089     637      709      481      1429     680      530      1279     560      703      1606     324      555      1660     450      1279     953      1396     2131     2078     902      1801     838      232      0        1151     770      1084     168      1144     889      560      692      1624     970      1912     1446     1430     2176     516      1119     1107     1478     1685     1600     345      1006     1389     263      672      1009     837      290      1360     711      1463     624      715      1500     1615     1001     2362     1437     1621     100      
41       511      312      782      1196     1479     1502     846      72       996      1703     851      1412     1080     612      1420     1320     1244     1033     1726     1037     399      476      1100     710      1521     703      1344     1103     715      1017     1597     1178     801      1173     1028     940      263      791      912      1323     1151     0        675      424      1304     1164     883      1430     1119     1441     468      1086     1604     279      1055     1668     1317     466      1014     534      554      906      1362     639      921      580      234      340      1441     209      598      1344     1719     926      559      763      687      1250     1545     662      1164     
42       1176     498      132      1308     1311     1274     299      619      1320     1358     1489     992      1720     553      957      850      609      1062     1472     426      768      379      1046     509      929      67       929      923      717      1594     1192     647      1093     1573     1453     1450     444      1465     250      841      770      675      0        915      865      1438     244      816      1154     984      862      1730     1000     915      1516     1231     677      379      1514     1147     922      426      694      632      680      189      708      582      1018     856      746      842      1393     251      784      862      1044     1684     955      1326     726      
43       634      718      978      838      1237     1292     1162     409      1371     1547     984      1334     839      1023     1371     1684     1524     740      1512     1155     814      565      843      1107     1570     913      1725     920      538      680      1489     1516     408      749      1358     1222     490      722      1165     1300     1084     424      915      0        1252     752      1155     1507     808      1812     119      855      1910     569      1361     1577     1592     845      615      773      952      960      1598     1058     822      751      225      338      1361     517      379      1698     1550     1136     980      1187     281      1559     1860     538      1134     
44       1789     1290     747      999      637      538      1081     1231     2161     506      2145     127      2058     1416     119      1525     1092     777      673      508      1564     829      659      1372     428      797      1639     455      723      1825     327      1308     1114     1546     2266     2222     1050     1968     889      92       168      1304     865      1252     0        1285     945      458      821      1645     1138     2080     1423     1584     2315     373      1112     1222     1640     1838     1733     444      979      1495     431      795      1172     998      153      1513     879      1482     549      764      1622     1724     1167     2498     1422     1788     144      
45       1319     1426     1438     321      890      1004     1732     1132     2120     1316     1623     1299     1066     1722     1380     2284     2010     508      1167     1475     1561     1066     629      1781     1704     1405     2350     830      737      768      1364     2085     369      297      2092     1937     1132     1239     1659     1369     1144     1164     1438     752      1285     0        1674     1697     472      2417     697      1097     2407     1315     2084     1467     2067     1516     523      1492     1704     1248     2015     1770     940      1248     935      928      1317     1268     695      2280     1291     1581     1723     1924     476      2280     2373     1072     1237     
46       1364     648      248      1527     1469     1415     142      835      1366     1451     1653     1071     1948     581      1016     634      369      1275     1597     442      888      622      1244     487      895      269      729      1099     944      1833     1266     420      1334     1816     1529     1557     675      1672     62       899      889      883      244      1155     945      1674     0        769      1366     767      1106     1957     756      1096     1603     1286     439      490      1757     1307     1018     554      484      656      860      429      944      825      1094     1043     985      616      1493     183      856      876      1288     1754     711      1543     822      
47       1940     1312     685      1433     1092     985      910      1361     2122     867      2277     528      2344     1337     431      1219     760      1193     1083     396      1585     976      1090     1255     128      762      1345     884      1037     2145     659      1020     1470     1936     2267     2266     1167     2180     707      365      560      1430     816      1507     458      1697     769      0        1252     1323     1408     2362     1023     1698     2332     630      756      1193     1989     1943     1738     547      594      1416     767      851      1367     1194     533      1632     1172     1164     921      603      1594     1641     1494     2497     1037     2015     462      
48       1442     1300     1117     182      467      560      1453     1062     2114     865      1789     827      1419     1561     911      1998     1664     94       754      1083     1505     832      162      1587     1247     1105     2083     368      456      1140     895      1786     451      754      2137     2020     981      1476     1337     909      692      1119     1154     808      821      472      1366     1252     0        2132     700      1447     2052     1347     2151     998      1712     1340     913      1574     1670     864      1634     1624     534      975      891      797      845      1284     524      1982     847      1238     1639     1816     568      2350     2028     1291     789      
49       1802     1132     1016     2291     2220     2154     686      1423     1381     2142     1987     1762     2507     860      1687     134      564      2041     2317     1145     1228     1351     2012     739      1446     1027     121      1861     1701     2457     1941     348      2063     2529     1603     1725     1326     2153     802      1578     1624     1441     984      1812     1645     2417     767      1323     2132     0        1792     2508     453      1546     1699     1936     568      977      2428     1669     1260     1309     739      874      1626     1172     1587     1515     1780     1522     1722     162      2190     916      1089     948      1997     1780     385      2073     1543     
