
sets
i        orders          /0*80/
k        routes          /1*80/
p        positions       /0*80/
;

alias(i,j)
alias(i,h)
alias(i,hh)
alias(i,jj)
alias(k,kk)
                
                    Parameters

rho(i)	Processing time
/
0	0
1	8
2	94
3	82
4	16
5	32
6	85
7	60
8	98
9	60
10	94
11	38
12	49
13	38
14	19
15	28
16	97
17	3
18	46
19	55
20	44
21	83
22	84
23	56
24	9
25	53
26	1
27	19
28	57
29	97
30	38
31	91
32	97
33	39
34	51
35	99
36	73
37	42
38	53
39	70
40	64
41	36
42	37
43	39
44	94
45	14
46	68
47	12
48	85
49	89
50	3
51	37
52	78
53	71
54	25
55	65
56	95
57	46
58	3
59	36
60	61
61	19
62	84
63	61
64	80
65	6
66	1
67	52
68	97
69	39
70	86
71	68
72	16
73	17
74	21
75	24
76	53
77	75
78	62
79	68
80	23
/

gamma(i)	Duedate
/
0	0
1	73
2	93
3	15
4	29
5	25
6	88
7	60
8	74
9	14
10	39
11	8
12	30
13	96
14	23
15	40
16	37
17	35
18	49
19	25
20	49
21	12
22	19
23	51
24	46
25	47
26	89
27	28
28	52
29	41
30	47
31	23
32	80
33	30
34	65
35	27
36	92
37	82
38	71
39	71
40	42
41	69
42	11
43	29
44	10
45	35
46	14
47	91
48	18
49	91
50	33
51	19
52	71
53	86
54	25
55	77
56	29
57	83
58	88
59	40
60	85
61	94
62	92
63	87
64	24
65	24
66	92
67	66
68	88
69	22
70	25
71	80
72	41
73	69
74	36
75	13
76	10
77	63
78	32
79	60
80	45
/

sigma(i)	Size
/
0	0
1	8
2	4
3	6
4	7
5	5
6	9
7	3
8	1
9	5
10	8
11	9
12	3
13	2
14	4
15	1
16	3
17	3
18	2
19	4
20	9
21	7
22	8
23	8
24	1
25	4
26	8
27	7
28	4
29	9
30	5
31	6
32	7
33	1
34	7
35	7
36	5
37	6
38	1
39	3
40	1
41	7
42	4
43	7
44	3
45	5
46	2
47	3
48	7
49	3
50	8
51	3
52	1
53	5
54	4
55	2
56	6
57	7
58	1
59	3
60	7
61	6
62	9
63	4
64	1
65	7
66	5
67	4
68	5
69	4
70	9
71	4
72	6
73	9
74	5
75	6
76	8
77	9
78	8
79	4
80	8
/

epsilon(i)	Priority
/
0	0
1	5
2	2
3	4
4	6
5	3
6	9
7	6
8	9
9	8
10	6
11	7
12	7
13	3
14	4
15	6
16	8
17	5
18	7
19	7
20	2
21	3
22	4
23	7
24	7
25	2
26	5
27	1
28	6
29	1
30	4
31	4
32	8
33	1
34	4
35	1
36	5
37	2
38	5
39	3
40	2
41	1
42	5
43	4
44	7
45	9
46	2
47	4
48	3
49	5
50	1
51	3
52	4
53	4
54	6
55	4
56	7
57	2
58	1
59	3
60	5
61	3
62	1
63	1
64	4
65	6
66	9
67	3
68	2
69	1
70	8
71	1
72	5
73	3
74	8
75	7
76	7
77	4
78	2
79	3
80	4
/

psi	Vehicle Capacity
/ 14 /
;

Table kappa(i,j)                 Setup
         0        1        2        3        4        5        6        7        8        9        10       11       12       13       14       15       16       17       18       19       20       21       22       23       24       25       26       27       28       29       30       31       32       33       34       35       36       37       38       39       40       41       42       43       44       45       46       47       48       49       50       51       52       53       54       55       56       57       58       59       60       61       62       63       64       65       66       67       68       69       70       71       72       73       74       75       76       77       78       79       80       
0        0        1374     1830     1480     1680     1698     1334     1969     773      691      974      1795     646      666      1567     1680     1636     1039     754      1135     1120     1985     2830     1911     658      911      520      956      1953     1182     1202     377      1314     734      2302     898      609      779      1564     2364     977      1531     1788     1694     2086     778      780      1550     2306     236      1298     1285     473      1974     1704     1608     1313     1374     188      1773     1455     1789     1447     1098     990      662      674      2018     255      402      467      1313     544      734      1147     2157     1243     1127     1333     2145     1113     
1        1374     0        2416     153      1811     334      709      2089     607      1840     1284     1294     764      798      631      624      1500     1900     1724     252      1607     752      2076     2541     721      514      856      502      974      1559     251      1747     1969     1868     2020     1104     823      663      1726     1863     1129     434      553      506      2020     1804     662      219      1869     1257     337      1630     983      866      1094     421      218      2175     1261     873      94       1281     1770     1359     1071     1475     812      1111     1264     1709     1338     371      1843     688      630      1070     203      438      1841     2188     1067     
2        1830     2416     0        2401     769      2705     1784     731      2124     1243     1146     1559     1862     1773     2036     2168     1137     804      1087     2323     830      2493     2255     132      1962     1977     1996     2345     2149     858      2435     1755     520      1204     1360     1331     1801     1868     784      1676     1291     2189     2969     2316     1009     1091     1868     2433     1569     1659     2105     786      1715     2317     1689     2825     2212     505      1990     2015     2506     1567     663      1057     1347     1188     1745     2081     1634     1572     1404     2082     1514     2206     1792     2367     2212     1977     582      869      1352     
3        1480     153      2401     0        1764     304      645      2032     727      1905     1289     1195     849      869      515      487      1435     1931     1773     390      1609     600      1936     2528     822      587      969      647      832      1552     403      1848     1974     1930     1922     1117     904      735      1685     1746     1131     308      592      356      1944     1856     734      72       1758     1346     296      1615     1064     716      991      499      199      2191     1378     744      167      1182     1745     1352     1071     1522     879      972      1351     1797     1401     319      1928     821      610      919      244      447      1835     2119     1048     
4        1680     1811     769      1764     0        2061     1119     304      1680     1349     730      792      1443     1348     1333     1455     376      953      1119     1779     588      1759     1558     899      1543     1464     1636     1872     1392     501      1890     1770     677      1328     734      877      1398     1398     115      975      805      1511     2353     1615     427      1179     1397     1782     874      1454     1478     404      1377     1569     936      2233     1595     908      1786     1272     1894     801      278      601      837      1046     1319     1316     1431     1587     1214     1449     1599     1792     1186     1604     1616     1391     498      467      778      
5        1698     334      2705     304      2061     0        941      2323     925      2174     1591     1454     1098     1133     769      699      1724     2224     2056     562      1912     657      2091     2833     1051     849      1177     778      1003     1856     510      2073     2276     2202     2176     1417     1158     998      1985     1971     1433     565      323      530      2222     2137     997      279      1994     1590     600      1919     1317     842      1249     310      498      2491     1574     961      245      1441     2049     1656     1373     1806     1146     1152     1598     2041     1672     623      2176     988      914      1025     521      745      2139     2403     1352     
6        1334     709      1784     645      1119     941      0        1386     829      1524     746      623      735      680      287      428      792      1426     1340     746      1040     777      1567     1914     789      555      952      930      623      961      844      1639     1400     1538     1333     616      745      608      1045     1227     593      405      1237     543      1311     1429     607      662      1212     1126     372      1007     860      683      447      1127     490      1637     1314     440      784      611      1121     770      533      1097     666      685      1118     1528     1059     338      1631     964      198      840      531      356      1239     1479     461      
7        1969     2089     731      2032     304      2323     1386     0        1983     1584     1032     961      1748     1653     1575     1686     600      1158     1363     2071     856      1967     1526     842      1848     1762     1940     2172     1574     786      2181     2034     844      1559     630      1182     1703     1701     417      950      1109     1764     2624     1854     278      1412     1700     2044     842      1747     1753     683      1680     1763     1137     2511     1871     1030     2081     1478     2169     972      526      903      1140     1322     1624     1477     1724     1848     1502     1722     1845     2096     1471     1768     1898     1677     703      188      1077     
8        773      607      2124     727      1680     925      829      1983     0        1312     995      1435     264      351      959      1036     1468     1472     1244     362      1295     1286     2392     2237     168      273      253      228      1364     1289     432      1150     1624     1346     2100     818      328      282      1573     2044     880      853      1030     999      1996     1313     283      799      2018     689      619      1383     455      1328     1275     852      591      1786     653      1206     683      1424     1548     1110     843      1018     379      1468     701      1131     834      647      1271     134      637      1529     509      496      1546     2123     911      
9        691      1840     1243     1905     1349     2174     1524     1584     1312     0        853      1766     1084     1041     1806     1942     1463     450      234      1640     773      2285     2774     1298     1152     1325     1085     1532     2124     880      1733     515      778      43       2067     917      1021     1176     1248     2231     964      1848     2334     2014     1776     171      1177     1965     2148     635      1651     956      866      2207     1754     2159     1710     745      878      1942     1931     1765     1073     923      1013     431      1028     2143     617      339      503      1651     273      1326     1393     2353     1662     1473     881      1772     1125     
10       974      1284     1146     1289     730      1591     746      1032     995      853      0        916      741      647      1032     1173     670      680      636      1177     323      1522     1940     1266     843      830      915      1208     1297     294      1289     1137     685      854      1331     184      687      727      615      1424     159      1132     1835     1284     1116     723      726      1332     1355     740      996      387      648      1406     903      1685     1092     904      1062     1120     1377     915      555      129      220      433      618      1300     719      975      526      980      1034     1093     685      1530     1080     848      564      1195     293      
11       1795     1294     1559     1195     792      1454     623      961      1435     1766     916      0        1291     1214     686      767      423      1508     1542     1366     1062     1013     1037     1690     1365     1163     1515     1552     613      949      1460     2029     1344     1764     726      911      1280     1182     781      609      839      893      1773     941      793      1626     1181     1187     588      1563     972      928      1351     803      205      1695     1085     1597     1823     529      1355     13       948      846      812      1350     1192     525      1548     1880     1409     934      1949     1568     799      815      1141     979      1150     990      686      
12       646      764      1862     849      1443     1098     735      1748     264      1084     741      1291     0        95       935      1040     1263     1213     995      556      1034     1338     2293     1973     102      266      224      490      1333     1032     651      1002     1360     1115     1915     569      66       135      1333     1895     638      885      1251     1048     1781     1068     136      917      1858     496      652      1128     219      1336     1156     1078     671      1524     588      1159     852      1282     1295     860      609      761      124      1415     502      948      590      667      1080     352      537      1525     607      482      1284     1896     695      
13       666      798      1773     869      1348     1133     680      1653     351      1041     647      1214     95       0        900      1013     1172     1141     936      610      944      1325     2225     1886     196      284      307      573      1290     939      712      1005     1275     1069     1827     474      66       135      1238     1815     543      871      1305     1037     1688     1012     136      934      1775     488      645      1035     201      1307     1087     1136     681      1446     634      1113     890      1205     1201     765      514      694      29       1364     489      934      540      655      1060     447      486      1490     625      468      1194     1801     603      
14       1567     631      2036     515      1333     769      287      1575     959      1806     1032     686      935      900      0        141      975      1712     1626     763      1319     490      1467     2168     965      703      1133     996      405      1235     835      1891     1675     1821     1411     903      960      800      1273     1233     880      207      1087     282      1457     1715     799      501      1243     1373     357      1272     1095     410      481      1013     445      1916     1523     255      679      673      1373     1049     821      1381     893      514      1368     1793     1331     322      1902     1088     426      590      521      467      1508     1642     743      
15       1680     624      2168     487      1455     699      428      1686     1036     1942     1173     767      1040     1013     141      0        1090     1854     1765     797      1459     349      1451     2300     1060     794      1228     1044     351      1374     853      2013     1814     1958     1480     1043     1071     905      1399     1273     1021     196      1022     174      1553     1853     904      454      1295     1493     417      1410     1212     296      565      969      475      2056     1626     262      654      753      1506     1190     961      1519     1008     486      1490     1920     1463     388      2032     1160     554      493      558      560      1646     1744     884      
16       1636     1500     1137     1435     376      1724     792      600      1468     1463     670      423      1263     1172     975      1090     0        1144     1230     1504     705      1386     1318     1269     1356     1222     1477     1634     1016     591      1611     1803     940      1453     668      747      1232     1188     358      768      666      1164     2028     1256     532      1306     1187     1446     689      1400     1163     544      1253     1193     560      1920     1281     1192     1706     897      1577     430      532      559      671      1082     1144     944      1381     1636     1196     1130     1679     1593     898      1230     1315     1104     745      687      569      
17       1039     1900     804      1931     953      2224     1426     1158     1472     450      680      1508     1213     1141     1712     1854     1144     0        286      1745     446      2203     2460     874      1303     1399     1293     1701     1966     559      1851     954      329      416      1687     824      1146     1263     866      1893     833      1804     2435     1960     1372     288      1263     1981     1801     895      1647     601      1022     2084     1544     2271     1731     336      1209     1793     1994     1510     675      687      894      455      1118     1954     871      769      660      1636     723      1525     1348     2199     1703     1483     460      1346     972      
18       754      1724     1087     1773     1119     2056     1340     1363     1244     234      636      1542     995      936      1626     1765     1230     286      0        1546     539      2112     2543     1160     1077     1211     1044     1472     1925     646      1646     686      588      224      1834     724      929      1067     1016     1997     761      1687     2241     1850     1546     88       1067     1830     1914     623      1505     723      789      2019     1539     2071     1575     620      927      1745     1818     1541     845      695      814      252      917      1935     600      499      411      1500     482      1282     1227     2156     1536     1331     664      1550     919      
19       1135     252      2323     390      1779     562      746      2071     362      1640     1177     1366     556      610      763      797      1504     1745     1546     0        1497     983      2231     2443     495      350      615      258      1147     1466     112      1511     1850     1671     2078     992      620      482      1684     1961     1033     600      696      714      2035     1621     482      462      1954     1036     409      1547     774      1068     1178     526      322      2039     1013     1018     321      1354     1699     1270     981      1304     629      1272     1046     1485     1145     447      1622     436      605      1274     242      400      1741     2187     1005     
20       1120     1607     830      1609     588      1912     1040     856      1295     773      323      1062     1034     944      1319     1459     705      446      539      1497     0        1805     2024     947      1135     1149     1183     1515     1538     114      1609     1182     364      758      1295     506      975      1037     480      1466     479      1437     2158     1583     1014     608      1037     1650     1380     908      1315     185      903      1668     1104     2008     1414     597      1247     1371     1700     1064     330      269      538      465      916      1517     884      999      655      1297     1013     1382     1002     1771     1403     1171     250      1039     579      
21       1985     752      2493     600      1759     657      777      1967     1286     2285     1522     1013     1338     1325     490      349      1386     2203     2112     983      1805     0        1448     2625     1342     1078     1505     1241     424      1717     1003     2331     2157     2302     1676     1391     1377     1206     1715     1412     1370     454      957      291      1804     2200     1204     534      1457     1812     687      1748     1527     226      830      967      695      2401     1913     489      737      1000     1834     1536     1310     1864     1324     566      1811     2248     1800     671      2364     1397     892      373      777      858      1984     2003     1232     
22       2830     2076     2255     1936     1558     2091     1567     1526     2392     2774     1940     1037     2293     2225     1467     1451     1318     2460     2543     2231     2024     1448     0        2368     2354     2120     2514     2460     1104     1910     2299     3065     2227     2767     903      1948     2292     2172     1614     584      1876     1644     2403     1586     1248     2622     2170     1894     689      2599     1824     1858     2378     1249     1137     2392     1911     2465     2849     1213     2101     1042     1810     1853     1850     2372     2206     964      2585     2912     2445     1787     2974     2527     1764     1076     1988     1901     2036     1416     1724     
23       1911     2541     132      2528     899      2833     1914     842      2237     1298     1266     1690     1973     1886     2168     2300     1269     874      1160     2443     947      2625     2368     0        2073     2096     2101     2459     2281     981      2555     1813     618      1257     1469     1451     1911     1984     917      1792     1414     2320     3094     2447     1120     1155     1984     2561     1684     1749     2232     913      1819     2449     1821     2949     2339     552      2075     2147     2632     1698     795      1181     1470     1281     1859     2213     1724     1633     1498     2210     1565     2315     1919     2499     2337     2103     702      968      1480     
24       658      721      1962     822      1543     1051     789      1848     168      1152     843      1365     102      196      965      1060     1356     1303     1077     495      1135     1342     2354     2073     0        266      168      397      1368     1134     581      1027     1459     1184     2003     671      161      183      1434     1972     739      893      1183     1051     1877     1147     184      892      1938     540      656      1231     289      1357     1222     1007     657      1618     571      1199     806      1355     1398     962      708      849      225      1458     550      990      667      676      1127     250      590      1551     585      500      1385     1994     789      
25       911      514      1977     587      1464     849      555      1762     273      1325     830      1163     266      284      703      794      1222     1399     1211     350      1149     1078     2120     2096     266      0        433      412      1107     1122     460      1269     1500     1353     1840     645      317      149      1363     1772     691      627      1035     786      1754     1290     148      652      1748     760      390      1206     477      1090     1001     872      405      1690     836      943      607      1152     1363     929      643      965      297      1204     764      1211     823      410      1341     408      364      1285     343      235      1395     1892     685      
26       520      856      1996     969      1636     1177     952      1940     253      1085     915      1515     224      307      1133     1228     1477     1293     1044     615      1183     1505     2514     2101     168      433      0        451      1536     1198     683      897      1482     1122     2134     759      245      343      1523     2119     834      1058     1276     1214     1989     1105     345      1040     2081     452      821      1298     281      1524     1379     1097     815      1619     410      1366     935      1506     1468     1041     813      839      333      1625     468      883      635      843      1024     241      753      1719     739      668      1430     2095     908      
27       956      502      2345     647      1872     778      930      2172     228      1532     1208     1552     490      573      996      1044     1634     1701     1472     258      1515     1241     2460     2459     397      412      451      0        1391     1503     268      1333     1849     1567     2244     1027     555      482      1768     2157     1084     849      831      970      2166     1539     482      717      2140     902      639      1594     683      1322     1375     651      569      2014     811      1251     555      1540     1756     1318     1041     1247     600      1510     917      1333     1061     674      1475     221      758      1527     485      574      1765     2304     1094     
28       1953     974      2149     832      1392     1003     623      1574     1364     2124     1297     613      1333     1290     405      351      1016     1966     1925     1147     1538     424      1104     2281     1368     1107     1536     1391     0        1437     1205     2262     1868     2134     1251     1207     1353     1199     1364     991      1164     548      1323     484      1393     2014     1198     790      1033     1748     754      1447     1479     199      459      1295     825      2120     1920     184      996      601      1507     1279     1112     1693     1280     149      1741     2150     1677     722      2249     1493     805      233      906      872      1683     1595     1007     
29       1182     1559     858      1552     501      1856     961      786      1289     880      294      949      1032     939      1235     1374     591      559      646      1466     114      1717     1910     981      1134     1122     1198     1503     1437     0        1578     1271     439      867      1191     477      977      1021     389      1354     433      1364     2112     1504     922      718      1020     1588     1269     962      1256     104      923      1573     998      1967     1359     685      1298     1274     1651     952      273      200      488      545      911      1411     938      1091     715      1236     1114     1384     942      1669     1355     1121     282      963      507      
30       1202     251      2435     403      1890     510      844      2181     432      1733     1289     1460     651      712      835      853      1611     1851     1646     112      1609     1003     2299     2555     581      460      683      268      1205     1578     0        1579     1960     1765     2177     1104     717      588      1795     2049     1145     657      601      750      2141     1720     588      470      2045     1119     492      1660     867      1110     1268     426      389      2148     1068     1087     289      1448     1812     1382     1093     1406     733      1336     1130     1564     1242     530      1703     479      712      1315     321      506      1853     2296     1118     
31       377      1747     1755     1848     1770     2073     1639     2034     1150     515      1137     2029     1002     1005     1891     2013     1803     954      686      1511     1182     2331     3065     1813     1027     1269     897      1333     2262     1271     1579     0        1273     556      2451     1118     956      1129     1659     2562     1189     1876     2165     2042     2193     666      1130     1917     2491     519      1649     1365     804      2302     1967     1985     1674     1261     536      2079     1829     2025     1508     1244     1218     729      1006     2313     523      187      620      1661     260      1111     1465     2476     1607     1473     1346     2219     1343     
32       1314     1969     520      1974     677      2276     1400     844      1624     778      685      1344     1360     1275     1675     1814     940      329      588      1850     364      2157     2227     618      1459     1500     1482     1849     1868     439      1960     1273     0        745      1408     864      1297     1380     612      1647     842      1800     2518     1943     1076     611      1380     2014     1549     1138     1679     421      1201     2010     1419     2366     1778     254      1470     1709     2062     1348     416      630      903      668      1249     1832     1113     1086     884      1662     1050     1699     1366     2098     1766     1534     195      1030     941      
33       734      1868     1204     1930     1328     2202     1538     1559     1346     43       854      1764     1115     1069     1821     1958     1453     416      224      1671     758      2302     2767     1257     1184     1353     1122     1567     2134     867      1765     556      745      0        2050     927      1051     1204     1229     2220     971      1868     2365     2033     1755     149      1205     1990     2136     672      1673     940      897      2220     1757     2191     1734     705      920      1952     1960     1764     1051     919      1021     441      1055     2149     654      383      529      1672     310      1363     1411     2363     1688     1496     855      1747     1131     
34       2302     2020     1360     1922     734      2176     1333     630      2100     2067     1331     726      1915     1827     1411     1480     668      1687     1834     2078     1295     1676     903      1469     2003     1840     2134     2244     1251     1191     2177     2451     1408     2050     0        1416     1889     1828     823      358      1335     1618     2497     1654     352      1901     1827     1912     259      2067     1694     1110     1919     1450     930      2422     1809     1626     2374     1226     2082     740      1012     1212     1337     1723     1800     1117     2047     2277     1855     1656     2305     2230     1487     1388     1861     1682     1232     513      1229     
35       898      1104     1331     1117     877      1417     616      1182     818      917      184      911      569      474      903      1043     747      824      724      992      506      1391     1948     1451     671      645      759      1027     1207     477      1104     1118     864      927      1416     0        521      545      765      1466     80       980      1654     1138     1237     813      544      1162     1407     662      827      566      510      1295     856      1502     918      1074     958      1024     1198     907      730      292      100      486      445      1230     645      975      499      814      1057     921      523      1436     902      672      749      1336     225      
36       609      823      1801     904      1398     1158     745      1703     328      1021     687      1280     66       66       960      1071     1232     1146     929      620      975      1377     2292     1911     161      317      245      555      1353     977      717      956      1297     1051     1889     521      0        173      1287     1881     593      923      1316     1087     1745     1002     174      970      1840     443      693      1074     160      1365     1154     1143     721      1459     569      1176     913      1272     1242     809      569      695      89       1429     447      893      524      706      1024     407      550      1551     660      519      1225     1854     662      
37       779      663      1868     735      1398     998      608      1701     282      1176     727      1182     135      135      800      905      1188     1263     1067     482      1037     1206     2172     1984     183      149      343      482      1199     1021     588      1129     1380     1204     1828     545      173      0        1292     1790     602      752      1176     915      1715     1144     1        800      1757     616      520      1111     330      1201     1038     1009     549      1561     723      1026     755      1173     1274     835      562      822      149      1284     619      1065     674      534      1193     404      409      1390     491      348      1286     1840     628      
38       1564     1726     784      1685     115      1985     1045     417      1573     1248     615      781      1333     1238     1273     1399     358      866      1016     1684     480      1715     1614     917      1434     1363     1523     1768     1364     389      1795     1659     612      1229     823      765      1287     1292     0        1036     695      1443     2272     1555     534      1079     1291     1707     939      1338     1396     295      1263     1533     904      2147     1511     855      1670     1232     1811     788      196      486      729      934      1209     1299     1316     1478     1099     1368     1493     1683     1098     1583     1528     1300     422      582      679      
39       2364     1863     1676     1746     975      1971     1227     950      2044     2231     1424     609      1895     1815     1233     1273     768      1893     1997     1961     1466     1412     584      1792     1972     1772     2119     2157     991      1354     2049     2562     1647     2220     358      1466     1881     1790     1036     0        1388     1437     2294     1440     677      2072     1789     1724     108      2129     1557     1293     1940     1185     783      2240     1664     1883     2409     1010     1911     619      1232     1323     1374     1847     1792     846      2112     2398     1946     1519     2446     2178     1408     1090     1728     1582     1458     860      1252     
40       977      1129     1291     1131     805      1433     593      1109     880      964      159      839      638      543      880      1021     666      833      761      1033     479      1370     1876     1414     739      691      834      1084     1164     433      1145     1189     842      971      1335     80       593      602      695      1388     0        973      1681     1127     1158     850      602      1173     1328     741      837      515      590      1262     795      1534     935      1063     1039     984      1222     836      673      237      61       533      514      1178     724      1042     569      821      1117     988      526      1395     925      692      713      1261     161      
41       1531     434      2189     308      1511     565      405      1764     853      1848     1132     893      885      871      207      196      1164     1804     1687     600      1437     454      1644     2320     893      627      1058     849      548      1364     657      1876     1800     1868     1618     980      923      752      1443     1437     973      0        881      167      1657     1774     750      293      1450     1358     237      1412     1072     477      688      805      279      2032     1463     439      474      880      1526     1169     912      1436     870      680      1357     1796     1356     217      1915     973      460      680      363      403      1643     1839     858      
42       1788     553      2969     592      2353     323      1237     2624     1030     2334     1835     1773     1251     1305     1087     1022     2028     2435     2241     696      2158     957      2403     3094     1183     1035     1276     831      1323     2112     601      2165     2518     2365     2497     1654     1316     1176     2272     2294     1681     881      0        853      2534     2317     1175     588      2317     1719     875      2183     1468     1155     1568     179      761      2720     1639     1284     463      1760     2322     1912     1624     1998     1324     1472     1731     2160     1841     904      2300     1053     1180     1329     756      991      2394     2711     1619     
43       1694     506      2316     356      1615     530      543      1854     999      2014     1284     941      1048     1037     282      174      1256     1960     1850     714      1583     291      1586     2447     1051     786      1214     970      484      1504     750      2042     1943     2033     1654     1138     1087     915      1555     1440     1127     167      853      0        1726     1938     914      307      1465     1524     396      1547     1238     360      738      812      410      2180     1622     431      516      927      1652     1314     1066     1600     1037     630      1524     1964     1523     381      2082     1113     623      565      494      568      1781     1915     1003     
44       2086     2020     1009     1944     427      2222     1311     278      1996     1776     1116     793      1781     1688     1457     1553     532      1372     1546     2035     1014     1804     1248     1120     1877     1754     1989     2166     1393     922      2141     2193     1076     1755     352      1237     1745     1715     534      677      1158     1657     2534     1726     0        1606     1714     1947     569      1855     1683     829      1747     1589     989      2436     1802     1283     2179     1323     2092     806      703      989      1176     1467     1660     1281     1833     2012     1624     1649     2026     2118     1429     1569     1840     1634     912      205      1088     
45       778      1804     1091     1856     1179     2137     1429     1412     1313     171      723      1626     1068     1012     1715     1853     1306     288      88       1621     608      2200     2622     1155     1147     1290     1105     1539     2014     718      1720     666      611      149      1901     813      1002     1144     1079     2072     850      1774     2317     1938     1606     0        1145     1913     1987     671      1590     790      857      2108     1626     2146     1658     605      958      1834     1897     1626     902      779      903      338      995      2023     649      481      479      1586     440      1344     1314     2245     1618     1415     709      1600     1008     
46       780      662      1868     734      1397     997      607      1700     283      1177     726      1181     136      136      799      904      1187     1263     1067     482      1037     1204     2170     1984     184      148      345      482      1198     1020     588      1130     1380     1205     1827     544      174      1        1291     1789     602      750      1175     914      1714     1145     0        799      1756     617      519      1111     331      1200     1037     1008     548      1561     724      1025     754      1171     1273     835      562      822      150      1282     620      1066     675      533      1194     405      408      1389     490      347      1286     1839     627      
47       1550     219      2433     72       1782     279      662      2044     799      1965     1332     1187     917      934      501      454      1446     1981     1830     462      1650     534      1894     2561     892      652      1040     717      790      1588     470      1917     2014     1990     1912     1162     970      800      1707     1724     1173     293      588      307      1947     1913     799      0        1740     1413     335      1648     1130     662      982      516      255      2235     1450     716      209      1173     1774     1389     1112     1578     942      934      1417     1864     1462     352      1993     893      647      863      310      499      1871     2126     1082     
48       2306     1869     1569     1758     874      1994     1212     842      2018     2148     1355     588      1858     1775     1243     1295     689      1801     1914     1954     1380     1457     689      1684     1938     1748     2081     2140     1033     1269     2045     2491     1549     2136     259      1407     1840     1757     939      108      1328     1450     2317     1465     569      1987     1756     1740     0        2070     1554     1203     1891     1230     777      2256     1665     1782     2358     1034     1922     600      1136     1248     1318     1772     1750     892      2052     2325     1879     1516     2369     2151     1386     1150     1725     1568     1362     754      1199     
49       236      1257     1659     1346     1454     1590     1126     1747     689      635      740      1563     496      488      1373     1493     1400     895      623      1036     908      1812     2599     1749     540      760      452      902      1748     962      1119     519      1138     672      2067     662      443      616      1338     2129     741      1358     1719     1524     1855     671      617      1413     2070     0        1133     1065     286      1783     1479     1541     1165     1231     339      1566     1344     1557     1231     866      755      470      488      1806     24       452      257      1143     586      692      948      1959     1103     956      1134     1921     879      
