
sets
i        orders          /0*80/
k        routes          /1*80/
p        positions       /0*80/
;

alias(i,j)
alias(i,h)
alias(i,hh)
alias(i,jj)
alias(k,kk)
                
                    Parameters

rho(i)	Processing time
/
0	0
1	52
2	67
3	28
4	32
5	76
6	54
7	1
8	27
9	14
10	52
11	31
12	39
13	74
14	94
15	68
16	5
17	37
18	41
19	73
20	40
21	3
22	24
23	57
24	59
25	12
26	49
27	6
28	93
29	10
30	66
31	34
32	59
33	2
34	54
35	80
36	72
37	83
38	26
39	95
40	11
41	21
42	49
43	82
44	1
45	41
46	72
47	30
48	71
49	13
50	27
51	16
52	36
53	58
54	13
55	54
56	50
57	71
58	60
59	3
60	39
61	94
62	35
63	73
64	56
65	94
66	59
67	45
68	45
69	51
70	34
71	73
72	88
73	59
74	99
75	32
76	17
77	37
78	99
79	82
80	58
/

gamma(i)	Duedate
/
0	0
1	69
2	35
3	46
4	50
5	49
6	31
7	50
8	46
9	10
10	93
11	39
12	58
13	21
14	80
15	78
16	22
17	52
18	73
19	28
20	69
21	54
22	2
23	4
24	30
25	10
26	35
27	17
28	89
29	27
30	19
31	33
32	44
33	4
34	6
35	65
36	18
37	14
38	1
39	33
40	83
41	29
42	80
43	53
44	39
45	59
46	16
47	7
48	35
49	71
50	38
51	56
52	3
53	77
54	41
55	51
56	62
57	73
58	80
59	37
60	78
61	44
62	76
63	18
64	45
65	3
66	8
67	97
68	2
69	40
70	87
71	83
72	7
73	95
74	15
75	25
76	19
77	41
78	83
79	30
80	16
/

sigma(i)	Size
/
0	0
1	2
2	2
3	5
4	9
5	7
6	7
7	6
8	3
9	4
10	5
11	8
12	9
13	6
14	6
15	3
16	7
17	8
18	7
19	4
20	9
21	5
22	8
23	7
24	2
25	3
26	5
27	4
28	7
29	6
30	1
31	2
32	7
33	4
34	8
35	5
36	2
37	2
38	8
39	6
40	2
41	6
42	1
43	7
44	4
45	9
46	8
47	6
48	9
49	6
50	4
51	5
52	7
53	2
54	7
55	9
56	4
57	4
58	4
59	9
60	3
61	5
62	4
63	8
64	5
65	5
66	9
67	2
68	4
69	3
70	6
71	8
72	4
73	2
74	2
75	7
76	9
77	8
78	9
79	8
80	1
/

epsilon(i)	Priority
/
0	0
1	4
2	1
3	2
4	4
5	1
6	4
7	2
8	5
9	6
10	9
11	2
12	9
13	9
14	9
15	7
16	1
17	4
18	7
19	6
20	6
21	9
22	6
23	8
24	9
25	1
26	9
27	3
28	8
29	9
30	5
31	6
32	2
33	8
34	4
35	3
36	7
37	2
38	2
39	2
40	6
41	1
42	8
43	3
44	1
45	7
46	6
47	8
48	2
49	3
50	3
51	9
52	3
53	7
54	2
55	2
56	7
57	6
58	2
59	9
60	2
61	1
62	6
63	9
64	5
65	8
66	3
67	4
68	7
69	7
70	9
71	6
72	8
73	1
74	1
75	6
76	6
77	4
78	3
79	9
80	3
/

psi	Vehicle Capacity
/ 23 /
;

Table kappa(i,j)                 Setup
         0        1        2        3        4        5        6        7        8        9        10       11       12       13       14       15       16       17       18       19       20       21       22       23       24       25       26       27       28       29       30       31       32       33       34       35       36       37       38       39       40       41       42       43       44       45       46       47       48       49       50       51       52       53       54       55       56       57       58       59       60       61       62       63       64       65       66       67       68       69       70       71       72       73       74       75       76       77       78       79       80       
0        0        2106     1260     1708     1784     552      1263     692      779      1226     1174     573      1936     1615     1009     2242     1034     1423     1568     1126     372      256      1493     486      912      1490     1640     1562     251      944      834      1084     1885     871      1470     395      2112     2013     1040     1923     604      2061     496      1242     1438     578      1351     1968     1651     252      946      735      566      743      1265     1417     1718     811      100      1172     1899     2190     1986     802      145      1013     1965     435      1895     2220     1857     1126     1149     1879     436      2004     846      1240     1740     601      1153     
1        2106     0        1330     945      1088     2590     1631     2196     1771     1143     1899     2378     617      2240     1353     297      1081     1865     562      1759     2297     2353     613      2291     2101     730      1987     1018     1931     1732     2251     1166     540      1674     1320     2300     224      296      2108     553      2662     827      2521     992      1629     2622     1343     1018     549      2106     1737     2748     2605     1997     845      1307     1374     1955     2013     1074     498      97       1140     2282     2008     1202     239      2421     1628     132      1194     1558     1164     1251     1687     1348     1278     1002     1442     2632     954      
2        1260     1330     0        1595     544      1811     1744     990      569      1299     1869     1774     1563     949      270      1308     653      567      825      1739     1249     1504     881      1675     818      1170     747      377      1011     1587     998      357      1466     1482     1673     1619     1465     1424     1918     1510     1858     890      1757     422      1867     1837     99       1843     1198     1114     461      1995     1825     1650     730      1621     467      1665     1211     1148     1449     1427     1932     1872     1250     415      1103     1690     2171     1462     1876     1585     277      1927     1044     2071     640      408      1954     1861     726      
3        1708     945      1595     0        1674     2053     767      2091     1758     482      1052     1759     370      2524     1447     1236     991      2152     893      933      2017     1904     770      1695     2114     431      2342     1480     1637     981      2196     1263     412      970      413      1744     774      663      1304     414      2132     1596     1983     1175     715      2084     1662     271      489      1821     1813     2173     2067     1297     864      424      1882     1232     1608     561      453      961      339      1565     1572     1238     1030     1878     698      967      295      758      1324     352      1284     488      1132     1188     499      2083     880      
4        1784     1088     544      1674     0        2336     2033     1523     1112     1525     2213     2267     1520     1216     774      954      959      877      781      2072     1793     2034     905      2167     1324     1252     940      246      1539     1949     1514     738      1417     1850     1872     2123     1282     1284     2312     1455     2387     390      2279     648      2123     2363     476      1877     1198     1654     989      2519     2350     2075     893      1830     295      2075     1725     1378     1387     1175     1985     2323     1757     815      851      2205     2337     1208     1969     1891     655      2027     1511     2161     1045     641      2118     2385     956      
5        552      2590     1811     2053     2336     0        1440     1100     1307     1586     1246     349      2335     2066     1561     2752     1548     1928     2075     1264     696      311      1985     372      1361     1921     2135     2112     800      1123     1227     1630     2300     1098     1734     308      2568     2461     1016     2334     79       2608     70       1782     1604     32       1901     2287     2096     728      1472     183      15       815      1768     1690     2266     895      616      1575     2321     2668     2280     669      599      1557     2471     175      2065     2695     2138     1349     1698     2146     908      2250     1372     1781     1957     49       1654     
6        1263     1631     1744     767      2033     1440     0        1842     1648     527      285      1105     1130     2539     1507     1895     1102     2214     1353     184      1628     1381     1211     1068     1960     920      2434     1795     1305     325      1974     1389     1148     392      358      1146     1502     1385     546      1163     1519     2090     1376     1401     175      1469     1836     926      1088     1458     1766     1522     1452     625      1144     343      2154     546      1176     661      1185     1671     884      849      1118     1328     1641     1275     637      1683     736      164      1476     730      946      817      1116     1411     519      1459     1078     
7        692      2196     990      2091     1523     1100     1842     0        435      1639     1813     1246     2219     966      854      2244     1168     875      1636     1739     405      812      1619     1169     268      1759     1059     1365     543      1551     142      1030     2143     1459     1963     1068     2272     2197     1717     2187     1112     1881     1075     1208     2011     1114     1047     2363     1874     440      533      1269     1109     1412     1389     1906     1352     1472     733      1532     2144     2291     2412     1495     800      996      2000     1061     2440     2325     2305     1685     1045     2339     896      2478     984      1199     2255     1146     1305     
8        779      1771     569      1758     1112     1307     1648     435      0        1342     1686     1343     1841     907      420      1809     785      652      1214     1584     688      995      1209     1249     357      1389     875      937      535      1404     481      604      1758     1300     1698     1170     1858     1789     1655     1803     1342     1456     1262     779      1805     1329     639      2028     1484     581      167      1490     1319     1355     988      1641     979      1395     762      1215     1755     1866     2091     1515     818      580      1569     1212     2196     1901     1999     1485     612      2040     744      2183     626      769      1994     1356     917      
9        1226     1143     1299     482      1525     1586     527      1639     1342     0        767      1310     753      2174     1097     1390     647      1819     825      623      1539     1423     684      1239     1690     414      2028     1294     1162     590      1752     943      732      544      374      1278     1050     934      964      760      1664     1563     1515     916      597      1618     1383     744      594      1344     1423     1716     1600     876      633      321      1672     824      1125     152      759      1197     777      1159     1090     896      1125     1410     876      1215     666      421      1022     702      803      843      730      928      663      1619     586      
10       1174     1899     1869     1052     2213     1246     285      1813     1686     767      0        899      1414     2592     1614     2155     1257     2292     1580     145      1546     1242     1441     882      1967     1177     2517     1969     1270     285      1952     1526     1429     392      643      976      1779     1662     272      1445     1323     2306     1188     1567     394      1273     1965     1206     1351     1398     1821     1305     1257     449      1341     628      2303     371      1100     879      1465     1943     1157     607      1036     1457     1893     1095     829      1958     1009     346      1615     996      946      1067     1228     1576     765      1258     1260     
11       573      2378     1774     1759     2267     349      1105     1246     1343     1310     899      0        2064     2187     1508     2566     1393     1992     1897     925      867      459      1791     99       1482     1677     2211     2030     808      798      1386     1534     2040     790      1416     179      2332     2220     666      2070     424      2497     298      1664     1265     374      1870     1981     1858     816      1509     419      359      480      1593     1376     2241     558      581      1324     2064     2449     1964     324      530      1457     2284     227      1722     2474     1819     1028     1612     1823     762      1921     1243     1665     1624     359      1480     
12       1936     617      1563     370      1520     2335     1130     2219     1841     753      1414     2064     0        2512     1475     914      1057     2131     761      1289     2208     2153     682      1992     2198     462      2299     1365     1824     1315     2308     1277     103      1287     781      2028     419      321      1658     68       2412     1365     2264     1146     1085     2367     1612     401      367      2010     1864     2468     2349     1620     863      787      1766     1561     1835     766      135      614      523      1898     1810     1275     757      2159     1017     614      579      1103     1318     635      1500     730      1235     1160     843      2369     924      
13       1615     2240     949      2524     1216     2066     2539     966      907      2174     2592     2187     2512     0        1082     2158     1541     382      1769     2486     1371     1772     1830     2101     708      2108     286      1222     1401     2309     846      1261     2415     2204     2545     2008     2397     2364     2560     2459     2078     1600     2039     1367     2687     2080     908      2781     2146     1371     774      2235     2075     2259     1668     2489     928      2301     1626     2030     2398     2335     2863     2399     1689     1289     2003     2017     3048     2370     2795     2375     1203     2843     1652     2988     1447     1354     2837     2112     1644     
14       1009     1353     270      1447     774      1561     1507     854      420      1097     1614     1508     1475     1082     0        1389     459      722      802      1489     1044     1259     813      1408     750      1042     934      559      765      1330     898      198      1385     1224     1470     1356     1451     1390     1652     1430     1612     1074     1504     362      1640     1588     369      1708     1109     889      394      1744     1575     1380     611      1416     737      1397     953      951      1376     1450     1786     1601     988      208      1148     1433     1974     1484     1714     1345     191      1761     773      1906     390      351      1760     1610     568      
15       2242     297      1308     1236     954      2752     1895     2244     1809     1390     2155     2566     914      2158     1389     0        1208     1797     676      2012     2393     2495     776      2476     2115     978      1889     952      2046     1969     2281     1223     836      1902     1598     2473     512      594      2350     850      2820     622      2684     1044     1905     2783     1298     1315     807      2211     1749     2918     2767     2215     983      1581     1249     2180     2155     1302     794      323      1437     2499     2158     1273     282      2588     1924     341      1490     1810     1199     1547     1843     1645     1397     1051     1735     2796     1097     
16       1034     1081     653      991      959      1548     1102     1168     785      647      1257     1393     1057     1541     459      1208     0        1178     534      1120     1218     1287     471      1297     1142     604      1382     714      850      990      1251     295      977      890      1021     1280     1119     1035     1353     1021     1614     1116     1481     311      1217     1579     739      1256     706      1025     823      1718     1563     1129     236      969      1052     1122     946      497      976      1170     1329     1392     950      252      931      1389     1522     1201     1255     949      377      1302     642      1447     197      319      1306     1593     137      
17       1423     1865     567      2152     877      1928     2214     875      652      1819     2292     1992     2131     382      722      1797     1178     0        1387     2177     1255     1620     1448     1899     611      1732     226      851      1185     2006     800      890      2033     1900     2193     1818     2017     1983     2288     2077     1954     1267     1890     987      2354     1947     527      2405     1765     1202     490      2107     1939     1994     1291     2138     609      2028     1412     1673     2016     1960     2490     2166     1470     925      1630     1850     2696     1996     2427     2050     827      2476     1374     2621     1103     974      2482     1976     1273     
18       1568     562      825      893      781      2075     1353     1636     1214     825      1580     1897     761      1769     802      676      534      1387     0        1435     1739     1820     142      1804     1552     482      1543     605      1380     1357     1695     609      659      1277     1130     1798     650      599      1741     701      2143     741      2007     440      1409     2106     861      1098     418      1551     1192     2242     2090     1571     307      1095     1008     1545     1479     701      637      656      1204     1851     1481     640      397      1912     1568     689      1189     1236     617      1246     1167     1380     726      451      1352     2119     421      
19       1126     1759     1739     933      2072     1264     184      1739     1584     623      145      925      1289     2486     1489     2012     1120     2177     1435     0        1497     1224     1296     893      1877     1034     2401     1829     1196     187      1875     1393     1298     285      533      976      1644     1527     370      1317     1343     2161     1202     1428     340      1293     1834     1106     1210     1337     1713     1341     1276     449      1197     510      2168     369      1045     733      1333     1805     1068     665      984      1326     1749     1103     801      1821     920      202      1481     914      854      1000     1100     1437     701      1282     1118     
20       372      2297     1249     2017     1793     696      1628     405      688      1539     1546     867      2208     1371     1044     2393     1218     1255     1739     1497     0        415      1689     800      668      1750     1452     1600     383      1313     533      1177     2146     1235     1814     692      2334     2244     1406     2188     708      2118     672      1353     1803     709      1325     2283     1894     198      838      864      704      1113     1454     1759     1667     1182     452      1463     2155     2387     2312     1143     512      1120     2128     666      2256     2419     2190     1486     1219     2216     736      2346     1020     1347     2093     741      1351     
21       256      2353     1504     1904     2034     311      1381     812      995      1423     1242     459      2153     1772     1259     2495     1287     1620     1820     1224     415      0        1741     405      1064     1718     1829     1815     494      1055     946      1340     2108     1002     1630     295      2350     2248     1059     2145     353      2317     270      1499     1554     334      1593     2155     1884     418      1160     494      324      792      1516     1580     1956     871      340      1387     2125     2435     2162     758      347      1270     2218     250      2018     2464     2028     1262     1404     2043     668      2160     1101     1497     1882     361      1403     
22       1493     613      881      770      905      1985     1211     1619     1209     684      1441     1791     682      1830     813      776      471      1448     142      1296     1689     1741     0        1700     1557     348      1618     711      1319     1223     1689     615      584      1146     990      1700     653      580      1607     629      2055     883      1916     467      1267     2016     931      989      319      1496     1207     2147     2000     1447     235      954      1115     1418     1400     562      570      700      1091     1729     1397     629      493      1818     1434     730      1065     1096     643      1122     1078     1258     668      481      1217     2027     340      
23       486      2291     1675     1695     2167     372      1068     1169     1249     1239     882      99       1992     2101     1408     2476     1297     1899     1804     893      800      405      1700     0        1398     1597     2119     1930     714      752      1309     1434     1964     731      1365     110      2250     2140     669      1996     451      2399     308      1565     1233     401      1771     1924     1776     734      1415     477      384      443      1499     1322     2142     524      487      1244     1988     2364     1912     352      433      1358     2193     213      1694     2389     1769     979      1513     1775     663      1878     1145     1567     1585     393      1386     
24       912      2101     818      2114     1324     1361     1960     268      357      1690     1967     1482     2198     708      750      2115     1142     611      1552     1877     668      1064     1557     1398     0        1746     790      1195     717      1692     195      945      2114     1593     2037     1303     2200     2136     1899     2158     1376     1698     1331     1112     2123     1375     857      2384     1839     665      366      1532     1370     1594     1341     1980     1125     1646     934      1566     2109     2197     2445     1708     999      929      1889     1309     2530     2232     2351     1799     937      2390     1023     2533     982      1101     2333     1407     1273     
25       1490     730      1170     431      1252     1921     920      1759     1389     414      1177     1677     462      2108     1042     978      604      1732     482      1034     1750     1718     348      1597     1746     0        1917     1051     1366     1001     1850     851      396      945      657      1619     654      543      1378     437      1997     1214     1851     748      949      1953     1234     673      183      1551     1423     2067     1936     1272     440      627      1452     1227     1391     354      408      787      763      1558     1371     836      720      1747     1087     807      723      832      905      779      1054     918      775      762      870      1959     477      
26       1640     1987     747      2342     940      2135     2434     1059     875      2028     2517     2211     2299     286      934      1889     1382     226      1543     2401     1452     1829     1618     2119     790      1917     0        970      1405     2231     966      1090     2199     2125     2402     2036     2154     2129     2515     2242     2157     1319     2099     1169     2572     2152     687      2590     1937     1413     715      2311     2145     2221     1478     2349     647      2255     1633     1880     2179     2080     2680     2391     1692     1132     1748     2063     2905     2115     2623     2271     1020     2673     1601     2818     1320     1155     2689     2183     1470     
27       1562     1018     377      1480     246      2112     1795     1365     937      1294     1969     2030     1365     1222     559      952      714      851      605      1829     1600     1815     711      1930     1195     1051     970      0        1322     1704     1375     496      1262     1604     1649     1890     1184     1166     2066     1303     2166     519      2053     403      1890     2140     348      1699     1021     1448     838      2294     2127     1829     662      1604     404      1829     1498     1145     1238     1112     1802     2079     1526     573      781      1976     2124     1147     1774     1650     418      1830     1271     1968     801      395      1904     2161     717      
28       251      1931     1011     1637     1539     800      1305     543      535      1162     1270     808      1824     1401     765      2046     850      1185     1380     1196     383      494      1319     714      717      1366     1405     1322     0        1009     682      856      1763     918      1456     635      1958     1866     1183     1804     847      1828     746      1023     1477     825      1101     1905     1513     185      701      983      813      878      1086     1400     1467     933      228      1081     1772     2019     1939     997      288      790      1774     686      1916     2050     1821     1152     915      1849     370      1983     653      1019     1741     849      979      
29       944      1732     1587     981      1949     1123     325      1551     1404     590      285      798      1315     2309     1330     1969     990      2006     1357     187      1313     1055     1223     752      1692     1001     2231     1704     1009     0        1688     1249     1310     106      618      825      1639     1523     384      1334     1203     2066     1058     1301     499      1153     1684     1187     1184     1151     1536     1218     1136     321      1096     580      2027     250      861      668      1341     1787     1165     584      800      1178     1697     956      962      1805     1021     230      1338     1024     669      1126     947      1309     836      1145     1006     
30       834      2251     998      2196     1514     1227     1974     142      481      1752     1952     1386     2308     846      898      2281     1251     800      1695     1875     533      946      1689     1309     195      1850     966      1375     682      1688     0        1086     2228     1594     2085     1207     2339     2269     1859     2273     1234     1884     1206     1259     2143     1239     1043     2468     1956     582      537      1391     1235     1554     1464     2027     1321     1613     875      1639     2227     2347     2521     1637     943      1060     2046     1196     2567     2382     2418     1817     1089     2454     1028     2594     1075     1249     2378     1272     1386     
31       1084     1166     357      1263     738      1630     1389     1030     604      943      1526     1534     1277     1261     198      1223     295      890      609      1393     1177     1340     615      1434     945      851      1090     496      856      1249     1086     0        1186     1145     1317     1396     1256     1192     1595     1231     1687     978      1568     179      1510     1658     446      1521     911      1004     592      1809     1644     1344     415      1265     778      1349     1013     793      1177     1262     1602     1586     1037     77       970      1487     1817     1296     1536     1233     89       1586     774      1730     311      171      1600     1677     383      
32       1885     540      1466     412      1417     2300     1148     2143     1758     732      1429     2040     103      2415     1385     836      977      2033     659      1298     2146     2108     584      1964     2114     396      2199     1262     1763     1310     2228     1186     0        1274     810      1995     362      251      1664     44       2377     1266     2230     1051     1119     2333     1513     492      275      1948     1776     2439     2315     1608     774      809      1663     1552     1785     725      42       550      612      1888     1763     1187     662      2126     1088     554      654      1106     1224     712      1448     816      1160     1064     904      2336     842      
33       871      1674     1482     970      1850     1098     392      1459     1300     544      392      790      1287     2204     1224     1902     890      1900     1277     285      1235     1002     1146     731      1593     945      2125     1604     918      106      1594     1145     1274     0        636      793      1593     1477     468      1301     1178     1977     1030     1201     567      1129     1579     1192     1129     1067     1431     1206     1111     333      1007     591      1924     281      783      601      1303     1733     1181     615      726      1074     1626     926      1024     1753     1040     260      1234     1050     570      1161     842      1209     880      1124     913      
34       1470     1320     1673     413      1872     1734     358      1963     1698     374      643      1416     781      2545     1470     1598     1021     2193     1130     533      1814     1630     990      1365     2037     657      2402     1649     1456     618      2085     1317     810      636      0        1429     1171     1055     902      820      1814     1869     1666     1283     309      1764     1756     574      798      1628     1788     1835     1747     938      987      57       2035     865      1374     524      849      1349     547      1188     1326     1270     1362     1563     503      1359     404      387      1395     414      1085     533      1098     1295     296      1758     954      
35       395      2300     1619     1744     2123     308      1146     1068     1170     1278     976      179      2028     2008     1356     2473     1280     1818     1798     976      692      295      1700     110      1303     1619     2036     1890     635      825      1207     1396     1995     793      1429     0        2270     2161     773      2028     388      2368     239      1536     1315     340      1714     1980     1796     637      1337     448      322      530      1492     1384     2084     610      413      1271     2016     2375     1974     462      369      1321     2191     133      1778     2401     1833     1047     1472     1842     638      1950     1117     1536     1661     341      1378     
36       2112     224      1465     774      1282     2568     1502     2272     1858     1050     1779     2332     419      2397     1451     512      1119     2017     650      1644     2334     2350     653      2250     2200     654      2154     1184     1958     1639     2339     1256     362      1593     1171     2270     0        117      2005     362      2643     1045     2498     1091     1480     2600     1490     811      474      2139     1843     2718     2583     1923     886      1166     1559     1874     2015     1009     322      197      932      2207     2003     1279     436      2396     1436     195      999      1448     1268     1054     1682     1142     1316     1102     1261     2607     984      
37       2013     296      1424     663      1284     2461     1385     2197     1789     934      1662     2220     321      2364     1390     594      1035     1983     599      1527     2244     2248     580      2140     2136     543      2129     1166     1866     1523     2269     1192     251      1477     1055     2161     117      0        1887     258      2536     1080     2391     1034     1365     2493     1456     721      365      2048     1783     2609     2476     1808     807      1050     1552     1758     1915     896      209      298      843      2092     1900     1209     463      2288     1335     304      899      1330     1212     956      1580     1051     1230     1046     1155     2500     899      
38       1040     2108     1918     1304     2312     1016     546      1717     1655     964      272      666      1658     2560     1652     2350     1353     2288     1741     370      1406     1059     1607     669      1899     1378     2515     2066     1183     384      1859     1595     1664     468      902      773      2005     1887     0        1684     1089     2445     963      1664     667      1040     2016     1472     1559     1283     1803     1054     1025     305      1476     881      2371     260      984      1051     1697     2159     1427     352      917      1521     2080     879      1093     2176     1279     557      1684     1268     914      1339     1285     1671     1037     1021     1382     
39       1923     553      1510     414      1455     2334     1163     2187     1803     760      1445     2070     68       2459     1430     850      1021     2077     701      1317     2188     2145     629      1996     2158     437      2242     1303     1804     1334     2273     1231     44       1301     820      2028     362      258      1684     0        2412     1296     2264     1096     1127     2367     1556     468      320      1989     1821     2472     2349     1634     819      821      1703     1578     1823     760      68       555      590      1914     1800     1232     688      2159     1077     557      641      1127     1269     698      1487     796      1203     1109     899      2370     886      
40       604      2662     1858     2132     2387     79       1519     1112     1342     1664     1323     424      2412     2078     1612     2820     1614     1954     2143     1343     708      353      2055     451      1376     1997     2157     2166     847      1203     1234     1687     2377     1178     1814     388      2643     2536     1089     2412     0        2665     149      1842     1683     50       1946     2367     2171     761      1506     157      67       894      1837     1770     2308     974      675      1652     2398     2741     2360     740      663      1615     2540     254      2143     2768     2218     1429     1753     2225     977      2329     1436     1841     2037     69       1723     
41       2061     827      890      1596     390      2608     2090     1881     1456     1563     2306     2497     1365     1600     1074     622      1116     1267     741      2161     2118     2317     883      2399     1698     1214     1319     519      1828     2066     1884     978      1266     1977     1869     2368     1045     1080     2445     1296     2665     0        2546     833      2150     2636     841      1754     1106     1962     1350     2787     2622     2242     969      1835     672      2228     1991     1432     1229     898      1872     2509     2013     1050     617      2463     2289     927      1884     1966     913      1943     1735     2066     1253     832      2077     2655     1064     
42       496      2521     1757     1983     2279     70       1376     1075     1262     1515     1188     298      2264     2039     1504     2684     1481     1890     2007     1202     672      270      1916     308      1331     1851     2099     2053     746      1058     1206     1568     2230     1030     1666     239      2498     2391     963      2264     149      2546     0        1718     1542     102      1848     2219     2025     687      1428     241      85       752      1700     1622     2214     833      555      1504     2250     2598     2212     622      534      1495     2403     105      2003     2625     2070     1282     1637     2079     840      2184     1307     1718     1893     111      1586     
43       1242     992      422      1175     648      1782     1401     1208     779      916      1567     1664     1146     1367     362      1044     311      987      440      1428     1353     1499     467      1565     1112     748      1169     403      1023     1301     1259     179      1051     1201     1283     1536     1091     1034     1664     1096     1842     833      1718     0        1505     1811     487      1421     779      1177     752      1959     1796     1433     311      1234     755      1429     1166     765      1038     1088     1511     1689     1184     233      792      1633     1773     1122     1460     1253     178      1512     902      1655     420      13       1554     1829     330      
44       1438     1629     1867     715      2123     1604     175      2011     1805     597      394      1265     1085     2687     1640     1905     1217     2354     1409     340      1803     1554     1267     1233     2123     949      2572     1890     1477     499      2143     1510     1119     567      309      1315     1480     1365     667      1127     1683     2150     1542     1505     0        1633     1956     828      1101     1632     1916     1680     1616     789      1230     324      2261     709      1351     744      1158     1659     768      994      1293     1453     1664     1443     464      1668     622      326      1594     605      1115     672      1251     1516     370      1622     1176     
45       578      2622     1837     2084     2363     32       1469     1114     1329     1618     1273     374      2367     2080     1588     2783     1579     1947     2106     1293     709      334      2016     401      1375     1953     2152     2140     825      1153     1239     1658     2333     1129     1764     340      2600     2493     1040     2367     50       2636     102      1811     1633     0        1926     2319     2128     749      1493     160      17       844      1799     1721     2290     924      645      1607     2353     2700     2311     692      629      1586     2502     207      2093     2727     2169     1379     1726     2176     939      2280     1402     1810     1987     33       1686     
46       1351     1343     99       1662     476      1901     1836     1047     639      1383     1965     1870     1612     908      369      1298     739      527      861      1834     1325     1593     931      1771     857      1234     687      348      1101     1684     1043     446      1513     1579     1756     1714     1490     1456     2016     1556     1946     841      1848     487      1956     1926     0        1905     1250     1198     514      2085     1914     1749     798      1704     370      1764     1304     1232     1494     1439     1997     1970     1345     508      1110     1782     2252     1474     1947     1678     362      1999     1143     2142     736      473      2033     1951     804      
47       1968     1018     1843     271      1877     2287     926      2363     2028     744      1206     1981     401      2781     1708     1315     1256     2405     1098     1106     2283     2155     989      1924     2384     673      2590     1699     1905     1187     2468     1521     492      1192     574      1980     811      721      1472     468      2367     1754     2219     1421     828      2319     1905     0        679      2088     2080     2398     2301     1508     1114     607      2103     1437     1868     832      531      1008     121      1762     1829     1500     1154     2114     641      1004     218      957      1577     261      1548     331      1402     1435     506      2315     1140     
48       1651     549      1198     489      1198     2096     1088     1874     1484     594      1351     1858     367      2146     1109     807      706      1765     418      1210     1894     1884     319      1776     1839     183      1937     1021     1513     1184     1956     911      275      1129     798      1796     474      365      1559     320      2171     1106     2025     779      1101     2128     1250     679      0        1696     1500     2244     2111     1456     499      777      1425     1411     1553     536      270      603      787      1742     1536     912      563      1923     1183     623      781      1009     950      840      1217     968      893      793      974      2134     569      
49       252      2106     1114     1821     1654     728      1458     440      581      1344     1398     816      2010     1371     889      2211     1025     1202     1551     1337     198      418      1496     734      665      1551     1413     1448     185      1151     582      1004     1948     1067     1628     637      2139     2048     1283     1989     761      1962     687      1177     1632     749      1198     2088     1696     0        744      910      740      981      1262     1572     1553     1045     299      1265     1957     2195     2119     1054     366      943      1943     651      2079     2227     1999     1311     1054     2026     544      2158     828      1172     1910     777      1157     
