

sets
i        orders          /0*40/
k        routes          /1*40/
p        positions       /0*40/
;

alias(i,j)
alias(i,h)
alias(i,hh)
alias(i,jj)
alias(k,kk)
                            Parameters

rho(i)	Processing time
/
0	0
1	72
2	84
3	5
4	38
5	14
6	53
7	34
8	97
9	69
10	68
11	25
12	35
13	69
14	89
15	4
16	55
17	50
18	10
19	98
20	16
21	51
22	19
23	68
24	85
25	1
26	74
27	83
28	76
29	63
30	38
31	39
32	55
33	85
34	18
35	38
36	56
37	87
38	24
39	41
40	48
/

gamma(i)	Duedate
/
0	0
1	21
2	21
3	30
4	30
5	49
6	32
7	47
8	59
9	32
10	89
11	13
12	87
13	23
14	29
15	41
16	54
17	34
18	12
19	29
20	4
21	99
22	77
23	26
24	28
25	81
26	15
27	31
28	49
29	83
30	20
31	21
32	55
33	58
34	3
35	24
36	65
37	20
38	3
39	80
40	41
/

sigma(i)	Size
/
0	0
1	7
2	3
3	1
4	5
5	4
6	1
7	5
8	1
9	8
10	9
11	6
12	6
13	4
14	4
15	3
16	9
17	3
18	2
19	1
20	9
21	4
22	3
23	2
24	6
25	9
26	5
27	4
28	3
29	5
30	3
31	4
32	7
33	3
34	8
35	9
36	2
37	5
38	4
39	1
40	9
/

epsilon(i)	Priority
/
0	0
1	1
2	4
3	7
4	7
5	2
6	4
7	8
8	2
9	7
10	3
11	8
12	3
13	6
14	1
15	7
16	4
17	8
18	1
19	7
20	9
21	9
22	5
23	1
24	9
25	1
26	3
27	8
28	9
29	1
30	8
31	3
32	7
33	1
34	8
35	5
36	4
37	4
38	5
39	7
40	7
/

psi	Vehicle Capacity
/ 29 /
;

Table kappa(i,j)                 Setup
         0        1        2        3        4        5        6        7        8        9        10       11       12       13       14       15       16       17       18       19       20       21       22       23       24       25       26       27       28       29       30       31       32       33       34       35       36       37       38       39       40       
0        0        508      952      1173     957      1637     784      600      651      946      281      270      1262     411      859      598      686      1324     738      999      723      424      1053     1471     532      757      800      1726     1270     1328     817      1394     1101     929      1434     1309     1006     720      1127     1706     137      
1        508      0        779      1087     638      1425     1286     962      261      678      790      656      983      818      561      1038     1128     1093     1137     799      545      602      1329     1380     499      1112     790      1512     1397     1206     1265     1404     1517     461      1366     1041     537      267      788      1565     539      
2        952      779      0        324      277      686      1451     1551     1023     179      1129     832      349      1364     268      1540     1138     373      1689     60       245      596      964      604      1254     957      281      775      796      427      1747     678      1367     628      596      378      646      602      353      790      853      
3        1173     1087     324      0        584      532      1521     1769     1339     489      1295     993      459      1577     591      1728     1177     358      1889     334      542      764      845      301      1541     952      375      611      554      164      1918     362      1309     946      278      440      956      926      596      535      1053     
4        957      638      277      584      0        795      1578     1530     847      98       1184     914      345      1356     98       1554     1297     466      1687     250      281      700      1210     828      1137     1153     511      880      1073     647      1774     945      1578     365      835      404      372      400      170      964      890      
5        1637     1425     686      532      795      0        2052     2237     1642     746      1796     1494     458      2049     863      2218     1710     331      2372     646      927      1258     1346     385      1918     1483     879      88       977      375      2419     665      1824     1119     451      396      1091     1195     682      260      1532     
6        784      1286     1451     1521     1578     2052     0        827      1430     1528     509      675      1800     729      1484     639      352      1802     782      1510     1299     877      891      1760     1220     603      1190     2132     1299     1682     656      1565     574      1663     1702     1827     1736     1461     1739     2023     754      
7        600      962      1551     1769     1530     2237     827      0        946      1532     531      798      1851     193      1435     197      977      1921     183      1596     1317     1009     1497     2065     593      1166     1394     2325     1800     1926     361      1966     1358     1423     2024     1900     1500     1224     1698     2304     716      
8        651      261      1023     1339     847      1642     1430     946      0        904      921      858      1188     846      785      1066     1323     1312     1129     1037     798      847      1576     1627     376      1339     1052     1727     1659     1450     1287     1662     1727     575      1616     1249     639      446      977      1800     725      
9        946      678      179      489      98       746      1528     1532     904      0        1157     876      319      1352     118      1543     1236     414      1682     154      233      652      1121     744      1172     1079     423      833      974      563      1759     849      1500     456      747      372      469      463      213      896      867      
10       281      790      1129     1295     1184     1796     509      531      921      1157     0        302      1462     351      1086     438      489      1502     607      1182     925      538      970      1579     732      642      922      1883     1271     1457     623      1454     902      1200     1533     1502     1276     992      1354     1829     295      
11       270      656      832      993      914      1494     675      798      858      876      302      0        1172     605      818      735      472      1203     900      887      642      237      782      1279     799      494      620      1581     1015     1155     926      1168     869      991      1235     1209     1063     793      1080     1528     142      
12       1262     983      349      459      345      458      1800     1851     1188     319      1462     1172     0        1671     426      1859     1486     155      2000     289      541      938      1266     591      1482     1298     623      540      1013     429      2072     791      1697     661      622      62       637      742      225      659      1177     
13       411      818      1364     1577     1356     2049     729      193      846      1352     351      605      1671     0        1260     222      822      1735     330      1410     1133     815      1322     1872     537      993      1201     2137     1612     1734     447      1774     1221     1276     1831     1718     1353     1072     1525     2112     523      
14       859      561      268      591      98       863      1484     1435     785      118      1086     818      426      1260     0        1457     1209     531      1591     262      194      608      1150     858      1058     1073     455      950      1045     677      1677     947      1500     363      857      482      390      345      268      1015     792      
15       598      1038     1540     1728     1554     2218     639      197      1066     1543     438      735      1859     222      1457     0        826      1913     172      1589     1318     965      1368     2015     742      1036     1353     2306     1701     1889     227      1893     1186     1493     1970     1903     1571     1287     1725     2263     687      
16       686      1128     1138     1177     1297     1710     352      977      1323     1236     489      472      1486     822      1209     826      0        1474     994      1198     1016     608      563      1410     1203     252      865      1788     953      1338     921      1213     417      1440     1350     1508     1507     1251     1449     1672     598      
17       1324     1093     373      358      466      331      1802     1921     1312     414      1502     1203     155      1735     531      1913     1474     0        2062     325      604      966      1198     440      1587     1268     611      419      906      289      2120     658      1650     805      476      103      787      866      374      509      1226     
18       738      1137     1689     1889     1687     2372     782      183      1129     1682     607      900      2000     330      1591     172      994      2062     0        1737     1461     1125     1540     2179     776      1208     1513     2460     1873     2048     198      2062     1343     1597     2135     2047     1674     1396     1856     2424     840      
19       999      799      60       334      250      646      1510     1596     1037     154      1182     887      289      1410     262      1589     1198     325      1737     0        281      652      1018     596      1281     1017     341      734      834      416      1798     695      1426     611      595      321      622      605      302      766      903      
20       723      545      245      542      281      927      1299     1317     798      233      925      642      541      1133     194      1318     1016     604      1461     281      0        421      971      837      1010     880      294      1016     911      666      1531     867      1308     509      821      586      554      413      440      1034     636      
21       424      602      596      764      700      1258     877      1009     847      652      538      237      938      815      608      965      608      966      1125     652      421      0        728      1056     891      524      388      1344     864      924      1161     970      947      836      1015     973      901      659      861      1299     294      
22       1053     1329     964      845      1210     1346     891      1497     1576     1121     970      782      1266     1322     1150     1368     563      1198     1540     1018     971      728      0        988      1579     332      699      1410     429      977      1482     738      485      1477     921      1265     1526     1340     1317     1242     921      
23       1471     1380     604      301      828      385      1760     2065     1627     744      1579     1279     591      1872     858      2015     1410     440      2179     596      837      1056     988      0        1842     1168     671      432      597      181      2199     280      1472     1192     68       543      1189     1202     790      262      1348     
24       532      499      1254     1541     1137     1918     1220     593      376      1172     732      799      1482     537      1058     742      1203     1587     776      1281     1010     891      1579     1842     0        1290     1201     2006     1755     1675     949      1824     1621     927      1819     1539     997      759      1288     2044     658      
25       757      1112     957      952      1153     1483     603      1166     1339     1079     642      494      1298     993      1073     1036     252      1268     1208     1017     880      524      332      1168     1290     0        676      1558     701      1108     1155     963      429      1351     1107     1313     1411     1182     1291     1430     636      
26       800      790      281      375      511      879      1190     1394     1052     423      922      620      623      1201     455      1353     865      611      1513     341      294      388      699      671      1201     676      0        964      620      536      1546     623      1086     801      635      642      840      703      625      911      678      
27       1726     1512     775      611      880      88       2132     2325     1727     833      1883     1581     540      2137     950      2306     1788     419      2460     734      1016     1344     1410     432      2006     1558     964      0        1029     450      2506     710      1891     1198     500      478      1168     1280     762      250      1620     
28       1270     1397     796      554      1073     977      1299     1800     1659     974      1271     1015     1013     1612     1045     1701     953      906      1873     834      911      864      429      597      1755     701      620      1029     0        637      1844     324      909      1406     529      993      1435     1323     1129     834      1133     
29       1328     1206     427      164      647      375      1682     1926     1450     563      1457     1155     429      1734     677      1889     1338     289      2048     416      666      924      977      181      1675     1108     536      450      637      0        2081     369      1451     1011     195      389      1009     1022     615      378      1211     
30       817      1265     1747     1918     1774     2419     656      361      1287     1759     623      926      2072     447      1677     227      921      2120     198      1798     1531     1161     1482     2199     949      1155     1546     2506     1844     2081     0        2059     1230     1720     2150     2115     1798     1514     1945     2451     895      
31       1394     1404     678      362      945      665      1565     1966     1662     849      1454     1168     791      1774     947      1893     1213     658      2062     695      867      970      738      280      1824     963      623      710      324      369      2059     0        1223     1305     214      757      1318     1271     954      510      1261     
32       1101     1517     1367     1309     1578     1824     574      1358     1727     1500     902      869      1697     1221     1500     1186     417      1650     1343     1426     1308     947      485      1472     1621     429      1086     1891     909      1451     1230     1223     0        1779     1406     1705     1840     1607     1709     1727     1004     
33       929      461      628      946      365      1119     1663     1423     575      456      1200     991      661      1276     363      1493     1440     805      1597     611      509      836      1477     1192     927      1351     801      1198     1406     1011     1720     1305     1779     0        1200     724      77       208      436      1313     915      
34       1434     1366     596      278      835      451      1702     2024     1616     747      1533     1235     622      1831     857      1970     1350     476      2135     595      821      1015     921      68       1819     1107     635      500      529      195      2150     214      1406     1200     0        579      1201     1198     810      324      1309     
35       1309     1041     378      440      404      396      1827     1900     1249     372      1502     1209     62       1718     482      1903     1508     103      2047     321      586      973      1265     543      1539     1313     642      478      993      389      2115     757      1705     724      579      0        699      803      287      600      1219     
36       1006     537      646      956      372      1091     1736     1500     639      469      1276     1063     637      1353     390      1571     1507     787      1674     622      554      901      1526     1189     997      1411     840      1168     1435     1009     1798     1318     1840     77       1201     699      0        286      413      1296     990      
37       720      267      602      926      400      1195     1461     1224     446      463      992      793      742      1072     345      1287     1251     866      1396     605      413      659      1340     1202     759      1182     703      1280     1323     1022     1514     1271     1607     208      1198     803      286      0        534      1359     709      
38       1127     788      353      596      170      682      1739     1698     977      213      1354     1080     225      1525     268      1725     1449     374      1856     302      440      861      1317     790      1288     1291     625      762      1129     615      1945     954      1709     436      810      287      413      534      0        883      1060     
39       1706     1565     790      535      964      260      2023     2304     1800     896      1829     1528     659      2112     1015     2263     1672     509      2424     766      1034     1299     1242     262      2044     1430     911      250      834      378      2451     510      1727     1313     324      600      1296     1359     883      0        1588     
40       137      539      853      1053     890      1532     754      716      725      867      295      142      1177     523      792      687      598      1226     840      903      636      294      921      1348     658      636      678      1620     1133     1211     895      1261     1004     915      1309     1219     990      709      1060     1588     0        
;



Table delta(i,j)                 Distance
         0        1        2        3        4        5        6        7        8        9        10       11       12       13       14       15       16       17       18       19       20       21       22       23       24       25       26       27       28       29       30       31       32       33       34       35       36       37       38       39       40       
0        0        221      148      341      177      285      107      226      238      138      130      34       383      317      72       134      374      292      41       208      245      376      460      173      52       367      290      422      175      358      229      197      224      224      47       169      82       342      171      304      340      
1        221      0        93       121      257      289      205      253      240      156      280      189      223      100      233      139      160      149      190      294      191      180      312      107      169      162      201      253      48       286      183      134      89       306      208      302      259      121      83       171      119      
2        148      93       0        201      247      315      111      265      262      150      243      123      308      193      143      46       253      224      130      285      231      228      395      36       97       220      257      341      48       342      219      167      151      300      153      274      208      204      108      243      204      
3        341      121      201      0        366      372      308      349      331      270      398      309      219      64       344      239      89       189      311      401      270      95       300      196      289      68       259      232      166      334      269      231      173      411      329      417      379      13       196      210      18       
4        177      257      247      366      0        117      274      61       85       102      77       162      299      315      248      266      356      224      149      38       132      438      352      284      182      418      179      337      235      214      122      137      195      53       131      64       111      361      174      222      357      
5        285      289      315      372      117      0        370      59       53       169      193      263      235      311      354      346      334      191      251      109      101      459      264      351      277      434      122      268      286      111      106      156      204      103      238      169      228      363      214      177      358      
6        107      205      111      308      274      370      0        312      318      204      237      112      412      305      50       68       365      324      125      308      307      317      497      112      93       315      343      447      158      423      292      246      249      324      145      275      190      313      198      341      312      
7        226      253      265      349      61       59       312      0        26       115      139      204      249      292      294      293      324      184      192      69       87       429      295      301      219      407      128      286      241      153      82       119      175      71       178      122      170      341      172      177      337      
8        238      240      262      331      85       53       318      26       0        116      161      213      223      272      304      293      302      161      201      95       63       414      269      298      226      391      102      260      234      130      61       106      159      97       191      147      189      323      163      152      318      
9        138      156      150      270      102      169      204      115      116      0        131      107      251      225      195      178      273      163      97       140      107      336      324      187      113      318      152      291      133      222      92       63       109      154      96       147      125      266      73       170      262      
10       130      280      243      398      77       193      237      139      161      131      0        130      365      356      200      248      404      284      118      90       201      457      425      277      156      442      249      405      246      291      187      187      239      105      94       39       48       395      202      285      392      
11       34       189      123      309      162      263      112      204      213      107      130      0        349      283      90       119      340      258      13       196      214      350      427      152      26       339      258      387      144      329      199      164      190      212      35       166      88       310      136      270      308      
12       383      223      308      219      299      235      412      249      223      251      365      349      0        160      425      354      140      90       342      318      166      314      89       329      344      286      121      39       259      147      178      188      163      320      347      363      374      206      217      81       201      
13       317      100      193      64       315      311      305      292      272      225      356      283      160      0        334      238      59       125      283      348      210      159      245      201      267      132      196      179      148      270      210      178      120      357      298      370      343      53       155      146      48       
14       72       233      143      344      248      354      50       294      304      195      200      90       425      334      0        109      393      335      102      280      303      361      507      154      83       358      344      462      185      418      287      248      262      296      117      240      152      348      208      350      347      
15       134      139      46       239      266      346      68       293      293      178      248      119      354      238      109      0        298      269      130      303      269      253      442      45       92       249      299      388      95       383      256      205      195      319      154      283      208      244      149      288      244      
16       374      160      253      89       356      334      365      324      302      273      404      340      140      59       393      298      0        143      339      386      238      179      214      260      325      151      213      146      208      273      242      219      164      393      352      415      396      76       208      158      72       
17       292      149      224      189      224      191      324      184      161      163      284      258      90       125      335      269      143      0        252      249      97       282      173      249      253      256      71       129      176      146      103      100      74       255      257      287      287      178      127      23       173      
18       41       190      130      311      149      251      125      192      201      97       118      13       342      283      102      130      339      252      0        183      205      355      419      161      37       343      249      381      147      318      189      156      185      199      24       154      78       311      133      263      309      
19       208      294      285      401      38       109      308      69       95       140      90       196      318      348      280      303      386      249      183      0        153      474      363      322      218      454      197      355      273      217      145      170      228      16       163      60       134      395      211      244      391      
20       245      191      231      270      132      101      307      87       63       107      201      214      166      210      303      269      238      97       205      153      0        357      225      265      220      333      48       205      195      116      15       64       103      158      201      196      216      262      124      90       257      
21       376      180      228      95       438      459      317      429      414      336      457      350      314      159      361      253      179      282      355      474      357      0        393      208      325      28       351      325      211      429      353      309      255      486      377      482      431      108      263      304      113      
22       460      312      395      300      352      264      497      295      269      324      425      427      89       245      507      442      214      173      419      363      225      393      0        418      424      365      176      68       347      155      239      263      248      362      421      416      441      287      300      157      282      
23       173      107      36       196      284      351      112      301      298      187      277      152      329      201      154      45       260      249      161      322      265      208      418      0        126      204      288      360      73       374      253      201      178      337      185      309      240      202      141      270      202      
24       52       169      97       289      182      277      93       219      226      113      156      26       344      267      83       92       325      253      37       218      220      325      424      126      0        315      260      381      123      335      204      164      181      234      61       192      115      290      127      267      288      
25       367      162      220      68       418      434      315      407      391      318      442      339      286      132      358      249      151      256      343      454      333      28       365      204      315      0        325      297      197      402      330      287      232      466      364      465      417      80       244      277      85       
26       290      201      257      259      179      122      343      128      102      152      249      258      121      196      344      299      213      71       249      197      48       351      176      288      260      325      0        158      216      86       63       97       113      199      247      243      264      249      150      54       244      
27       422      253      341      232      337      268      447      286      260      291      405      387      39       179      462      388      146      129      381      355      205      325      68       360      381      297      158      0        292      172      217      228      200      357      386      401      414      219      254      120      214      
28       175      48       48       166      235      286      158      241      234      133      246      144      259      148      185      95       208      176      147      273      195      211      347      73       123      197      216      292      0        301      184      132      105      287      167      273      220      167      72       197      165      
29       358      286      342      334      214      111      423      153      130      222      291      329      147      270      418      383      273      146      318      217      116      429      155      374      335      402      86       172      301      0        131      177      199      213      312      274      318      323      234      124      317      
30       229      183      219      269      122      106      292      82       61       92       187      199      178      210      287      256      242      103      189      145      15       353      239      253      204      330      63       217      184      131      0        52       98       151      186      185      201      261      112      100      256      
31       197      134      167      231      137      156      246      119      106      63       187      164      188      178      248      205      219      100      156      170      64       309      263      201      164      287      97       228      132      177      52       0        58       180      158      195      187      225      60       108      220      
32       224      89       151      173      195      204      249      175      159      109      239      190      163      120      262      195      164      74       185      228      103      255      248      178      181      232      113      200      105      199      98       58       0        238      194      251      233      166      54       93       162      
33       224      306      300      411      53       103      324      71       97       154      105      212      320      357      296      319      393      255      199      16       158      486      362      337      234      466      199      357      287      213      151      180      238      0        179      72       149      405      223      248      401      
34       47       208      153      329      131      238      145      178      191      96       94       35       347      298      117      154      352      257      24       163      201      377      421      185      61       364      247      386      167      312      186      158      194      179      0        131      55       329      144      266      326      
35       169      302      274      417      64       169      275      122      147      147      39       166      363      370      240      283      415      287      154      60       196      482      416      309      192      465      243      401      273      274      185      195      251      72       131      0        87       413      221      285      409      
36       82       259      208      379      111      228      190      170      189      125      48       88       374      343      152      208      396      287      78       134      216      431      441      240      115      417      264      414      220      318      201      187      233      149      55       87       0        378      188      293      375      
37       342      121      204      13       361      363      313      341      323      266      395      310      206      53       348      244      76       178      311      395      262      108      287      202      290      80       249      219      167      323      261      225      166      405      329      413      378      0        193      199      5        
38       171      83       108      196      174      214      198      172      163      73       202      136      217      155      208      149      208      127      133      211      124      263      300      141      127      244      150      254      72       234      112      60       54       223      144      221      188      193      0        143      189      
39       304      171      243      210      222      177      341      177      152      170      285      270      81       146      350      288      158      23       263      244      90       304      157      270      267      277      54       120      197      124      100      108      93       248      266      285      293      199      143      0        194      
40       340      119      204      18       357      358      312      337      318      262      392      308      201      48       347      244      72       173      309      391      257      113      282      202      288      85       244      214      165      317      256      220      162      401      326      409      375      5        189      194      0        
;

