

sets
i        orders          /0*40/
k        routes          /1*40/
p        positions       /0*40/
;

alias(i,j)
alias(i,h)
alias(i,hh)
alias(i,jj)
alias(k,kk)
                            Parameters

rho(i)	Processing time
/
0	0
1	71
2	99
3	59
4	12
5	52
6	71
7	13
8	56
9	28
10	58
11	6
12	3
13	84
14	21
15	62
16	72
17	92
18	24
19	82
20	38
21	81
22	31
23	4
24	92
25	34
26	3
27	52
28	20
29	85
30	43
31	35
32	42
33	54
34	35
35	59
36	14
37	45
38	21
39	9
40	37
/

gamma(i)	Duedate
/
0	0
1	32
2	76
3	66
4	48
5	63
6	78
7	71
8	5
9	52
10	85
11	12
12	4
13	18
14	30
15	6
16	16
17	47
18	5
19	69
20	91
21	38
22	34
23	82
24	59
25	20
26	68
27	83
28	80
29	3
30	46
31	85
32	25
33	84
34	70
35	87
36	43
37	55
38	3
39	82
40	76
/

sigma(i)	Size
/
0	0
1	6
2	7
3	1
4	9
5	2
6	4
7	5
8	6
9	5
10	7
11	4
12	1
13	1
14	1
15	7
16	8
17	9
18	6
19	5
20	3
21	7
22	5
23	1
24	5
25	5
26	4
27	3
28	8
29	4
30	2
31	5
32	2
33	1
34	2
35	7
36	4
37	1
38	7
39	4
40	4
/

epsilon(i)	Priority
/
0	0
1	9
2	5
3	7
4	7
5	4
6	8
7	5
8	2
9	9
10	5
11	2
12	3
13	4
14	8
15	6
16	3
17	6
18	2
19	2
20	4
21	5
22	5
23	7
24	4
25	8
26	9
27	9
28	9
29	5
30	3
31	7
32	4
33	5
34	2
35	4
36	2
37	6
38	1
39	7
40	7
/

psi	Vehicle Capacity
/ 75 /
;

Table kappa(i,j)                 Setup
         0        1        2        3        4        5        6        7        8        9        10       11       12       13       14       15       16       17       18       19       20       21       22       23       24       25       26       27       28       29       30       31       32       33       34       35       36       37       38       39       40       
0        0        553      847      896      1531     1888     1311     740      930      878      2007     323      521      172      1762     1176     1477     699      634      260      1541     271      1212     1307     1531     720      682      1302     438      218      1113     1861     352      932      1099     1161     1001     356      1107     776      829      
1        553      0        302      443      1002     1472     1081     226      417      342      1592     800      1064     542      1286     649      1460     323      93       728      1355     822      750      884      1480     940      302      1042     894      473      1020     1406     205      982      643      663      448      420      560      1112     582      
2        847      302      0        265      702      1225     975      131      155      54       1343     1063     1364     810      1008     352      1453     456      249      1030     1256     1118     501      657      1454     1098     311      921      1146     732      1008     1138     495      1054     572      388      181      707      323      1304     556      
3        896      443      265      0        662      1030     710      226      142      220      1151     1038     1416     809      868      330      1203     695      443      1121     991      1161     318      441      1197     954      217      656      1099     727      762      975      571      849      834      274      394      859      534      1181     329      
4        1531     1002     702      662      0        732      995      792      601      660      826      1699     2053     1464     414      355      1589     1098     949      1730     1215     1802     422      492      1545     1582     876      921      1761     1382     1221     570      1184     1409     965      390      608      1407     608      1820     922      
5        1888     1472     1225     1030     732      0        764      1248     1074     1171     120      1940     2386     1764     331      916      1266     1680     1458     2132     813      2133     726      590      1187     1636     1221     716      1962     1688     1085     192      1593     1361     1653     840      1221     1890     1278     1874     1076     
6        1311     1081     975      710      995      764      0        913      839      929      858      1273     1753     1156     863      874      594      1382     1116     1571     280      1514     627      505      550      895      779      74       1269     1094     321      855      1110     602      1541     753      1085     1436     1211     1125     510      
7        740      226      131      226      792      1248     913      0        194      142      1368     939      1261     689      1060     436      1357     473      216      941      1193     1011     524      662      1364     967      186      865      1019     610      911      1180     392      935      669      438      313      647      454      1172     455      
8        930      417      155      142      601      1074     839      194      0        101      1193     1110     1452     867      870      246      1345     611      387      1135     1118     1200     348      502      1337     1074     295      780      1181     786      905      994      585      987      702      246      252      836      391      1295     469      
9        878      342      54       220      660      1171     929      142      101      0        1289     1082     1397     832      957      307      1418     511      298      1069     1210     1149     447      602      1415     1092     301      873      1161     752      974      1086     527      1033     613      335      190      754      336      1303     526      
10       2007     1592     1343     1151     826      120      858      1368     1193     1289     0        2055     2503     1882     413      1029     1331     1798     1578     2251     877      2251     845      710      1247     1741     1341     816      2074     1806     1180     259      1713     1459     1761     958      1335     2010     1387     1977     1193     
11       323      800      1063     1038     1699     1940     1273     939      1110     1082     2055     0        488      257      1868     1353     1305     1004     891      470      1461     293      1331     1391     1375     495      823      1283     115      331      1015     1945     598      774      1399     1312     1235     680      1357     478      866      
12       521      1064     1364     1416     2053     2386     1753     1261     1452     1397     2503     488      0        622      2278     1698     1785     1139     1138     368      1948     255      1729     1815     1858     970      1199     1756     535      699      1503     2371     870      1262     1531     1682     1510     745      1605     884      1311     
13       172      542      810      809      1464     1764     1156     689      867      832      1882     257      622      0        1661     1113     1304     761      633      425      1378     369      1115     1194     1359     557      591      1151     356      81       946      1750     341      760      1149     1081     980      480      1100     643      692      
14       1762     1286     1008     868      414      331      863      1060     870      957      413      1868     2278     1661     0        666      1435     1448     1255     1989     1003     2023     550      480      1370     1642     1080     797      1908     1581     1158     156      1438     1405     1368     624      966      1706     999      1885     1012     
15       1176     649      352      330      355      916      874      436      246      307      1029     1353     1698     1113     666      0        1436     781      602      1375     1138     1447     257      418      1412     1282     532      805      1421     1032     1019     805      829      1153     749      121      305      1060     376      1512     637      
16       1477     1460     1453     1203     1589     1266     594      1357     1345     1418     1331     1305     1785     1304     1435     1436     0        1783     1523     1722     454      1593     1205     1096     98       814      1183     668      1250     1274     446      1399     1409     545      2024     1317     1597     1715     1735     952      901      
17       699      323      456      695      1098     1680     1382     473      611      511      1798     1004     1139     761      1448     781      1783     0        267      772      1660     934      958      1113     1802     1237     611      1337     1113     711      1342     1585     442      1303     400      840      490      394      521      1384     898      
18       634      93       249      443      949      1458     1116     216      387      298      1578     891      1138     633      1255     602      1523     267      0        792      1394     901      732      877      1539     1029     345      1073     987      565      1079     1381     293      1058     553      631      372      458      473      1205     632      
19       260      728      1030     1121     1730     2132     1571     941      1135     1069     2251     470      368      425      1989     1375     1722     772      792      0        1801     219      1440     1546     1781     940      914      1561     575      478      1371     2095     552      1178     1163     1375     1163     377      1249     948      1085     
20       1541     1355     1256     991      1215     813      280      1193     1118     1210     877      1461     1948     1378     1003     1138     454      1660     1394     1801     0        1721     885      742      374      1026     1053     339      1438     1323     445      952      1370     714      1821     1017     1363     1695     1486     1229     776      
21       271      822      1118     1161     1802     2133     1514     1011     1200     1149     2251     293      255      369      2023     1447     1593     934      901      219      1721     0        1473     1560     1660     787      944      1514     381      445      1280     2116     623      1056     1334     1428     1270     551      1372     757      1060     
22       1212     750      501      318      422      726      627      524      348      447      845      1331     1729     1115     550      257      1205     958      732      1440     885      1473     0        166      1173     1167     530      556      1380     1034     810      658      889      987      991      140      530      1170     626      1407     507      
23       1307     884      657      441      492      590      505      662      502      602      710      1391     1815     1194     480      418      1096     1113     877      1546     742      1560     166      0        1055     1168     632      431      1429     1115     736      556      1003     951      1157     306      696      1300     792      1411     532      
24       1531     1480     1454     1197     1545     1187     550      1364     1337     1415     1247     1375     1858     1359     1370     1412     98       1802     1539     1781     374      1660     1173     1055     0        889      1195     624      1324     1324     460      1326     1443     604      2026     1292     1590     1755     1725     1038     910      
25       720      940      1098     954      1582     1636     895      967      1074     1092     1741     495      970      557      1642     1282     814      1237     1029     940      1026     787      1167     1168     889      0        791      927      435      561      590      1684     796      311      1583     1201     1279     1030     1421     243      660      
26       682      302      311      217      876      1221     779      186      295      301      1341     823      1199     591      1080     532      1183     611      345      914      1053     944      530      632      1195     791      0        741      889      509      737      1181     373      748      852      490      489      684      633      1004     286      
27       1302     1042     921      656      921      716      74       865      780      873      816      1283     1756     1151     797      805      668      1337     1073     1561     339      1514     556      431      624      927      741      0        1285     1086     371      796      1084     644      1483     684      1024     1409     1147     1161     485      
28       438      894      1146     1099     1761     1962     1269     1019     1181     1161     2074     115      535      356      1908     1421     1250     1113     987      575      1438     381      1380     1429     1324     435      889      1285     0        421      993      1978     696      735      1504     1372     1321     794      1448     376      898      
29       218      473      732      727      1382     1688     1094     610      786      752      1806     331      699      81       1581     1032     1274     711      565      478      1323     445      1034     1115     1324     561      509      1086     421      0        898      1671     278      732      1093     1000     904      469      1027     675      619      
30       1113     1020     1008     762      1221     1085     321      911      905      974      1180     1015     1503     946      1158     1019     446      1342     1079     1371     445      1280     810      736      460      590      737      371      993      898      0        1166     989      285      1578     905      1156     1307     1296     810      455      
31       1861     1406     1138     975      570      192      855      1180     994      1086     259      1945     2371     1750     156      805      1399     1585     1381     2095     952      2116     658      556      1326     1684     1181     796      1978     1671     1166     0        1547     1428     1519     750      1109     1827     1149     1926     1080     
32       352      205      495      571      1184     1593     1110     392      585      527      1713     598      870      341      1438     829      1409     442      293      552      1370     623      889      1003     1443     796      373      1084     696      278      989      1547     0        895      815      823      652      325      765      943      600      
33       932      982      1054     849      1409     1361     602      935      987      1033     1459     774      1262     760      1405     1153     545      1303     1058     1178     714      1056     987      951      604      311      748      644      735      732      285      1428     895      0        1597     1054     1223     1184     1369     524      520      
34       1099     643      572      834      965      1653     1541     669      702      613      1761     1399     1531     1149     1368     749      2024     400      553      1163     1821     1334     991      1157     2026     1583     852      1483     1504     1093     1578     1519     815      1597     0        851      464      787      375      1753     1123     
35       1161     663      388      274      390      840      753      438      246      335      958      1312     1682     1081     624      121      1317     840      631      1375     1017     1428     140      306      1292     1201     490      684      1372     1000     905      750      823      1054     851      0        392      1082     485      1436     545      
36       1001     448      181      394      608      1221     1085     313      252      190      1335     1235     1510     980      966      305      1597     490      372      1163     1363     1270     530      696      1590     1279     489      1024     1321     904      1156     1109     652      1223     464      392      0        815      145      1485     714      
37       356      420      707      859      1407     1890     1436     647      836      754      2010     680      745      480      1706     1060     1715     394      458      377      1695     551      1170     1300     1755     1030     684      1409     794      469      1307     1827     325      1184     787      1082     815      0        886      1121     925      
38       1107     560      323      534      608      1278     1211     454      391      336      1387     1357     1605     1100     999      376      1735     521      473      1249     1486     1372     626      792      1725     1421     633      1147     1448     1027     1296     1149     765      1369     375      485      145      886      0        1625     858      
39       776      1112     1304     1181     1820     1874     1125     1172     1295     1303     1977     478      884      643      1885     1512     952      1384     1205     948      1229     757      1407     1411     1038     243      1004     1161     376      675      810      1926     943      524      1753     1436     1485     1121     1625     0        899      
40       829      582      556      329      922      1076     510      455      469      526      1193     866      1311     692      1012     637      901      898      632      1085     776      1060     507      532      910      660      286      485      898      619      455      1080     600      520      1123     545      714      925      858      899      0        
;



Table delta(i,j)                 Distance
         0        1        2        3        4        5        6        7        8        9        10       11       12       13       14       15       16       17       18       19       20       21       22       23       24       25       26       27       28       29       30       31       32       33       34       35       36       37       38       39       40       
0        0        163      126      163      272      162      64       122      115      145      66       258      46       60       98       114      75       194      227      137      185      148      137      190      244      81       266      135      105      241      245      219      177      182      252      218      141      195      79       64       231      
1        163      0        160      98       112      161      225      196      139      212      96       115      138      205      247      52       236      298      238      258      32       31       108      183      252      240      104      99       267      219      127      86       189      345      142      382      47       185      87       104      133      
2        126      160      0        84       263      257      177      42       22       53       115      276      82       111      138      118      186      321      102      116      192      130      212      64       120      192      253      205      202      115      284      159      51       257      297      289      175      290      135      95       282      
3        163      98       84       0        185      238      225      126      70       136      113      207      118      175      211      81       236      343      141      200      128      68       186      86       155      242      174      177      260      121      225      75       95       327      240      361      132      268      124      102      231      
4        272      112      263      185      0        216      331      302      244      316      206      55       250      316      359      164      343      375      322      368      87       137      177      269      334      346      12       170      375      291      99       124      281      454      115      491      135      225      193      215      126      
5        162      161      257      238      216      0        186      272      237      295      142      172      184      222      258      157      194      162      357      299      152      176      53       307      374      194      218      62       226      354      135      247      303      304      131      337      114      33       122      162      108      
6        64       225      177      225      331      186      0        160      171      180      129      312      107      74       86       177      11       158      270      143      244      211      177      241      287      16       326      179      44       292      292      284      226      125      296      161      197      215      138      129      274      
7        122      196      42       126      302      272      160      0        59       23       133      311      88       87       104      149      166      313      110      74       227      166      232      91       127      173      293      226      177      137      315      202      72       223      327      254      204      305      155      113      311      
8        115      139      22       70       244      237      171      59       0        73       95       254      69       110      143      96       180      308      120      130      170      108      191      75       138      186      234      184      200      126      262      144      67       260      275      294      153      270      115      75       260      
9        145      212      53       136      316      295      180      23       73       0        155      328      111      107      117      168      186      335      92       76       244      182      254      84       108      192      306      248      194      125      334      210      63       234      347      263      224      328      177      135      331      
10       66       96       115      113      206      142      129      133      95       155      0        196      50       112      155      48       141      229      215      177      119      82       99       167      233      145      200      93       171      216      190      157      162      249      200      285      79       175      22       20       181      
11       258      115      276      207      55       172      312      311      254      328      196      0        246      309      352      163      323      335      348      370      83       146      142      293      361      325      63       137      356      322      45       160      302      437      60       473      117      176      179      210      73       
12       46       138      82       118      250      184      107      88       69       111      50       246      0        66       108      86       117      239      184      126      165      116      146      144      202      123      243      142      142      196      241      181      133      213      251      249      129      217      72       35       232      
13       60       205      111      175      316      222      74       87       110      107      112      309      66       0        42       153      79       230      197      78       231      183      196      173      214      85       309      194      91       222      301      244      156      151      309      186      192      255      131      101      289      
14       98       247      138      211      359      258      86       104      143      117      155      352      108      42       0        195      86       242      209      58       274      224      236      195      224      91       351      234      81       241      343      282      176      119      350      151      234      290      173      143      330      
15       114      52       118      81       164      157      177      149      96       168      48       163      86       153      195      0        189      269      208      207      80       34       105      155      224      193      156      96       219      199      166      111      155      295      179      331      57       186      48       52       164      
16       75       236      186      236      343      194      11       166      180      186      141      323      117      79       86       189      0        156      277      144      256      223      188      250      293      6        338      189      33       300      303      295      234      114      307      150      208      223      149      140      284      
17       194      298      321      343      375      162      158      313      308      335      229      335      239      230      242      269      156      0        420      300      301      301      198      383      438      151      375      207      169      435      298      379      371      217      292      239      253      168      221      242      270      
18       227      238      102      141      322      357      270      110      120      92       215      348      184      197      209      208      277      420      0        162      269      207      310      54       17       283      310      302      286      47       365      200      53       323      380      351      265      389      235      196      369      
19       137      258      116      200      368      299      143      74       130      76       177      370      126      78       58       207      144      300      162      0        287      231      270      160      175      149      359      266      139      200      367      275      140      162      377      189      256      332      198      160      358      
20       185      32       192      128      87       152      244      227      170      244      119      83       165      231      274      80       256      301      269      287      0        63       104      214      283      259      82       95       288      248      96       102      220      367      112      403      49       172      106      130      106      
21       148      31       130      68       137      176      211      166      108      182      82       146      116      183      224      34       223      301      207      231      63       0        123      152      222      228      128      114      253      190      158      78       158      328      173      364      65       203      81       84       162      
22       137      108      212      186      177      53       177      232      191      254      99       142      146      196      236      105      188      198      310      270      104      123      0        258      327      189      177      9        221      304      116      195      256      302      119      337      61       81       77       119      96       
23       190      183      64       86       269      307      241      91       75       84       167      293      144      173      195      155      250      383      54       160      214      152      258      0        69       256      257      250      264      51       310      149      21       314      325      345      211      339      186      149      315      
24       244      252      120      155      334      374      287      127      138      108      233      361      202      214      224      224      293      438      17       175      283      222      327      69       0        300      322      319      302      48       380      210      70       337      395      364      281      406      252      213      384      
25       81       240      192      242      346      194      16       173      186      192      145      325      123      85       91       193      6        151      283      149      259      228      189      256      300      0        342      191      32       306      305      300      240      112      308      148      211      222      153      145      286      
26       266      104      253      174      12       218      326      293      234      306      200      63       243      309      351      156      338      375      310      359      82       128      177      257      322      342      0        169      370      279      107      112      269      449      124      485      131      228      188      208      132      
27       135      99       205      177      170      62       179      226      184      248      93       137      142      194      234      96       189      207      302      266      95       114      9        250      319      191      169      0        223      295      113      185      249      304      118      339      51       90       71       113      96       
28       105      267      202      260      375      226      44       177      200      194      171      356      142      91       81       219      33       169      286      139      288      253      221      264      302      32       370      223      0        313      337      323      247      81       340      116      241      253      181      169      318      
29       241      219      115      121      291      354      292      137      126      125      216      322      196      222      241      199      300      435      47       200      248      190      304      51       48       306      279      295      313      0        345      167      66       359      361      388      252      385      234      199      352      
30       245      127      284      225      99       135      292      315      262      334      190      45       241      301      343      166      303      298      365      367      96       158      116      310      380      305      107      113      337      345      0        190      316      418      17       453      111      134      170      206      29       
31       219      86       159      75       124      247      284      202      144      210      157      160      181      244      282      111      295      379      200      275      102      78       195      149      210      300      112      185      323      167      190      0        163      394      208      429      133      270      159      154      205      
32       177      189      51       95       281      303      226      72       67       63       162      302      133      156      176      155      234      371      53       140      220      158      256      21       70       240      269      249      247      66       316      163      0        294      330      325      213      336      181      142      318      
33       182      345      257      327      454      304      125      223      260      234      249      437      213      151      119      295      114      217      323      162      367      328      302      314      337      112      449      304      81       359      418      394      294      0        421      36       321      330      261      244      399      
34       252      142      297      240      115      131      296      327      275      347      200      60       251      309      350      179      307      292      380      377      112      173      119      325      395      308      124      118      340      361      17       208      330      421      0        456      123      126      179      217      23       
35       218      382      289      361      491      337      161      254      294      263      285      473      249      186      151      331      150      239      351      189      403      364      337      345      364      148      485      339      116      388      453      429      325      36       456      0        357      362      297      280      433      
36       141      47       175      132      135      114      197      204      153      224      79       117      129      192      234      57       208      253      265      256      49       65       61       211      281      211      131      51       241      252      111      133      213      321      123      357      0        139      61       95       107      
37       195      185      290      268      225      33       215      305      270      328      175      176      217      255      290      186      223      168      389      332      172      203      81       339      406      222      228      90       253      385      134      270      336      330      126      362      139      0        154      195      105      
38       79       87       135      124      193      122      138      155      115      177      22       179      72       131      173      48       149      221      235      198      106      81       77       186      252      153      188      71       181      234      170      159      181      261      179      297      61       154      0        42       160      
39       64       104      95       102      215      162      129      113      75       135      20       210      35       101      143      52       140      242      196      160      130      84       119      149      213      145      208      113      169      199      206      154      142      244      217      280      95       195      42       0        199      
40       231      133      282      231      126      108      274      311      260      331      181      73       232      289      330      164      284      270      369      358      106      162      96       315      384      286      132      96       318      352      29       205      318      399      23       433      107      105      160      199      0        
;

