
sets
i        orders          /0*5/
k        routes          /1*5/
p        positions       /0*5/
;

alias(i,j)
alias(i,h)
alias(i,hh)
alias(i,jj)
alias(k,kk)
                
                    Parameters

rho(i)	Processing time
/
0	0
1	73
2	4
3	60
4	75
5	59
/

gamma(i)	Duedate
/
0	0
1	89
2	30
3	62
4	35
5	97
/

sigma(i)	Size
/
0	0
1	6
2	1
3	9
4	5
5	7
/

epsilon(i)	Priority
/
0	0
1	9
2	5
3	7
4	1
5	6
/

psi	Vehicle Capacity
/ 39 /
;

Table kappa(i,j)                 Setup
         0        1        2        3        4        5        
0        0        60       52       58       38       35       
1        60       0        11       48       24       36       
2        52       11       0        51       20       33       
3        58       48       51       0        36       25       
4        38       24       20       36       0        13       
5        35       36       33       25       13       0        
;



Table delta(i,j)                 Distance
         0        1        2        3        4        5        
0        0        540      500      220      480      240      
1        540      0        7        59       10       34       
2        500      7        0        57       13       29       
3        220      59       57       0        49       39       
4        480      10       13       49       0        31       
5        240      34       29       39       31       0        
;

