
sets
i        orders          /0*80/
k        routes          /1*80/
p        positions       /0*80/
;

alias(i,j)
alias(i,h)
alias(i,hh)
alias(i,jj)
alias(k,kk)
                
                    Parameters

rho(i)	Processing time
/
0	0
1	96
2	35
3	13
4	85
5	29
6	91
7	45
8	72
9	12
10	5
11	41
12	29
13	9
14	72
15	63
16	65
17	80
18	32
19	60
20	87
21	92
22	91
23	83
24	69
25	98
26	65
27	8
28	99
29	72
30	5
31	44
32	94
33	33
34	2
35	73
36	51
37	6
38	5
39	2
40	60
41	75
42	75
43	68
44	58
45	46
46	42
47	72
48	70
49	90
50	57
51	91
52	77
53	40
54	48
55	50
56	95
57	48
58	2
59	4
60	89
61	81
62	21
63	88
64	7
65	13
66	28
67	69
68	56
69	13
70	89
71	75
72	97
73	20
74	94
75	27
76	27
77	34
78	50
79	85
80	35
/

gamma(i)	Duedate
/
0	0
1	40
2	47
3	17
4	5
5	97
6	56
7	31
8	79
9	92
10	31
11	82
12	55
13	90
14	85
15	10
16	35
17	32
18	61
19	42
20	11
21	48
22	70
23	83
24	76
25	54
26	26
27	77
28	96
29	33
30	91
31	63
32	13
33	3
34	67
35	51
36	79
37	80
38	5
39	24
40	66
41	41
42	16
43	11
44	27
45	74
46	4
47	1
48	32
49	18
50	63
51	26
52	48
53	79
54	95
55	36
56	48
57	47
58	47
59	77
60	88
61	86
62	28
63	42
64	64
65	41
66	75
67	70
68	63
69	61
70	23
71	90
72	10
73	45
74	57
75	99
76	60
77	87
78	45
79	70
80	36
/

sigma(i)	Size
/
0	0
1	4
2	2
3	7
4	9
5	4
6	3
7	8
8	2
9	2
10	9
11	6
12	6
13	5
14	1
15	9
16	3
17	3
18	1
19	7
20	5
21	2
22	3
23	5
24	8
25	3
26	9
27	3
28	6
29	8
30	3
31	9
32	6
33	3
34	7
35	8
36	1
37	4
38	4
39	3
40	2
41	8
42	6
43	5
44	4
45	1
46	9
47	6
48	3
49	8
50	4
51	9
52	3
53	8
54	2
55	9
56	5
57	4
58	1
59	7
60	3
61	1
62	7
63	5
64	6
65	3
66	8
67	1
68	4
69	9
70	9
71	7
72	9
73	9
74	8
75	2
76	9
77	7
78	8
79	2
80	5
/

epsilon(i)	Priority
/
0	0
1	5
2	7
3	4
4	3
5	7
6	6
7	8
8	7
9	3
10	3
11	1
12	5
13	4
14	6
15	9
16	4
17	1
18	5
19	3
20	5
21	9
22	6
23	9
24	1
25	5
26	1
27	8
28	2
29	3
30	7
31	3
32	2
33	1
34	7
35	8
36	4
37	1
38	8
39	3
40	3
41	8
42	5
43	6
44	4
45	7
46	1
47	3
48	6
49	7
50	3
51	4
52	7
53	7
54	7
55	5
56	2
57	1
58	1
59	2
60	1
61	8
62	5
63	7
64	6
65	2
66	5
67	1
68	8
69	4
70	7
71	7
72	5
73	3
74	6
75	1
76	6
77	9
78	7
79	1
80	1
/

psi	Vehicle Capacity
/ 40 /
;

Table kappa(i,j)                 Setup
         0        1        2        3        4        5        6        7        8        9        10       11       12       13       14       15       16       17       18       19       20       21       22       23       24       25       26       27       28       29       30       31       32       33       34       35       36       37       38       39       40       41       42       43       44       45       46       47       48       49       50       51       52       53       54       55       56       57       58       59       60       61       62       63       64       65       66       67       68       69       70       71       72       73       74       75       76       77       78       79       80       
0        0        1695     653      1913     751      2597     314      1855     2041     2130     1441     505      1785     1955     1115     1538     2112     935      250      1440     1346     2571     1885     809      2449     1982     1132     1966     2510     1216     392      1279     1754     1952     1501     1244     593      1239     1940     516      1869     724      2725     1529     1887     2272     2100     174      1882     1667     735      658      185      345      1879     662      1397     1432     2535     1415     1527     1192     2603     603      1676     554      1636     2120     2079     1155     2500     1993     1538     2111     1177     1196     2394     2383     1641     2108     1737     
1        1695     0        1079     1569     1452     1421     1875     580      1656     478      1134     1193     2189     1805     714      344      1517     2069     1491     2256     1686     1727     1329     1882     1771     2073     1292     506      1782     1321     1407     781      2464     532      424      574      1112     830      1716     1383     924      987      1692     308      456      880      418      1818     2194     1812     1808     1868     1865     1671     465      1092     1408     900      1890     1779     264      1602     1464     1638     1105     1142     1582     1342     1611     1510     1894     2208     482      1529     1438     900      1386     1428     403      423      1138     
2        653      1079     0        1433     523      1972     796      1202     1562     1540     899      253      1591     1546     668      888      1579     1086     521      1433     1061     2006     1341     897      1918     1669     696      1313     1969     780      525      647      1714     1298     848      748      96       616      1503     331      1245     101      2127     882      1351     1620     1495     749      1655     1341     811      836      804      595      1347     44       965      827      2016     1154     884      911      1984     618      1103     163      1222     1544     1578     834      1990     1733     1039     1582     810      590      1789     1787     1117     1501     1165     
3        1913     1569     1433     0        1171     1054     1827     1072     129      1941     549      1685     865      262      1829     1237     283      1472     1902     1244     706      750      263      1384     566      580      781      1252     639      696      1947     930      1263     1207     1164     1791     1529     918      161      1399     709      1454     1000     1281     2025     1190     1839     1894     800      502      1382     1506     1966     1620     2034     1394     519      728      632      715      1333     804      1020     1379     465      1596     326      464      178      795      591      746      1938     272      749      897      780      725      1920     1832     431      
4        751      1452     523      1171     0        1967     666      1372     1298     1930     756      695      1104     1203     1184     1171     1391     617      797      909      609      1864     1177     430      1722     1247     407      1531     1787     482      887      762      1192     1503     1105     1246     585      708      1189     274      1265     614      2048     1185     1800     1753     1865     723      1184     925      361      446      794      449      1799     482      652      830      1801     690      1208     452      1962     236      1005     631      885      1432     1342     405      1762     1279     1524     1388     427      639      1734     1712     1584     1868     1061     
5        2597     1421     1972     1054     1967     0        2618     877      1014     1540     1214     2205     1916     1279     2024     1256     780      2430     2494     2286     1700     514      867      2301     714      1591     1573     916      664      1517     2479     1325     2318     889      1237     1917     2058     1360     1188     2102     728      1938     308      1293     1793     562      1437     2639     1840     1554     2273     2387     2707     2389     1808     1951     1416     1166     798      1736     1334     1747     62       2202     965      2120     1344     600      922      1700     840      1762     1902     793      1628     1400     274      333      1822     1424     913      
6        314      1875     796      1827     666      2618     0        1948     1952     2332     1417     734      1569     1828     1365     1671     2055     651      549      1176     1191     2530     1843     561      2385     1809     1073     2081     2451     1147     694      1342     1490     2061     1622     1482     769      1294     1829     532      1902     888      2712     1670     2117     2353     2290     147      1676     1512     506      401      192      230      2111     787      1310     1459     2459     1245     1677     1049     2617     449      1664     753      1524     2096     2001     1036     2419     1797     1780     2052     1077     1238     2393     2374     1875     2296     1722     
7        1855     580      1202     1072     1372     877      1948     0        1137     873      779      1405     1815     1327     1148     381      968      1952     1708     2001     1385     1147     813      1783     1196     1626     1069     190      1204     1059     1668     613      2149     148      377      1039     1273     666      1230     1416     371      1144     1126     416      1012     420      769      1934     1794     1418     1728     1819     1995     1721     1025     1193     1071     579      1316     1462     456      1350     912      1599     643      1328     1172     775      1079     1269     1323     1779     1046     980      1189     733      809      848      982      761      652      
8        2041     1656     1562     129      1298     1014     1952     1137     0        2010     673      1814     905      264      1945     1331     236      1578     2032     1320     813      659      327      1498     457      581      910      1311     532      825      2076     1046     1311     1266     1261     1903     1658     1037     179      1528     767      1581     924      1375     2111     1212     1906     2021     826      575      1500     1624     2093     1746     2121     1523     646      841      511      812      1428     921      974      1503     563      1725     437      453      91       917      468      751      2040     222      875      1020     742      680      2017     1899     521      
9        2130     478      1540     1941     1930     1540     2332     873      2010     0        1567     1625     2629     2193     1060     795      1838     2547     1910     2726     2144     1946     1685     2360     2038     2481     1759     710      2033     1782     1809     1245     2923     754      875      915      1562     1296     2097     1853     1245     1444     1841     768      352      981      107      2264     2624     2242     2285     2343     2306     2135     369      1557     1852     1336     2156     2233     733      2069     1594     2113     1494     1585     2004     1635     1952     1977     2170     2625     674      1851     1904     1368     1588     1644     551      118      1514     
10       1441     1134     899      549      756      1214     1417     779      673      1567     0        1153     1061     722      1288     789      681      1239     1393     1224     606      1130     447      1094     1021     950      358      967      1076     312      1422     398      1373     927      709      1261     995      376      652      926      546      911      1295     827      1579     1078     1475     1454     1061     678      1061     1173     1525     1191     1585     864      292      233      1117     684      874      585      1207     990      249      1063     452      682      680      515      1090     1076     1438     683      436      348      978      957      1438     1472     305      
11       505      1193     253      1685     695      2205     734      1405     1814     1625     1153     0        1795     1791     631      1062     1833     1171     306      1582     1277     2257     1594     993      2171     1899     937      1496     2222     1022     276      886      1878     1487     1036     749      157      860      1751     437      1482     267      2370     1048     1389     1825     1596     644      1867     1571     904      895      682      588      1382     290      1210     1074     2270     1367     1039     1123     2220     711      1354     90       1466     1794     1831     1053     2244     1953     1047     1835     1039     839      2031     2032     1144     1603     1416     
12       1785     2189     1591     865      1104     1916     1569     1815     905      2629     1061     1795     0        643      2191     1845     1136     980      1888     516      540      1543     1098     1009     1318     376      952      2005     1395     894      1988     1416     408      1963     1765     2210     1670     1374     728      1376     1498     1662     1823     1880     2624     2024     2537     1689     125      399      1064     1169     1753     1439     2629     1546     780      1294     1323     442      1925     680      1878     1183     1177     1724     646      1330     996      764      1267     263      2438     1123     807      1313     1642     1583     2460     2533     1182     
13       1955     1805     1546     262      1203     1279     1828     1327     264      2193     722      1791     643      0        2007     1467     500      1390     1977     1080     644      905      525      1334     686      321      855      1510     764      769      2039     1120     1051     1466     1392     1983     1639     1098     100      1456     968      1582     1180     1510     2261     1451     2091     1913     561      351      1349     1473     1984     1638     2269     1504     581      933      710      616      1561     778      1238     1383     702      1705     325      709      356      800      658      491      2152     486      779      1064     1007     945      2143     2085     678      
14       1115     714      668      1829     1184     2024     1365     1148     1945     1060     1288     631      2191     2007     0        768      1885     1752     876      2091     1651     2219     1654     1565     2197     2198     1242     1160     2230     1310     760      899      2360     1170     793      146      637      911      1940     993      1376     571      2255     732      778      1535     1055     1269     2236     1884     1478     1494     1299     1211     769      706      1469     1105     2311     1748     694      1517     2056     1284     1395     627      1710     1773     1932     1429     2299     2292     423      1892     1384     943      1921     1944     533      1066     1450     
15       1538     344      888      1237     1171     1256     1671     381      1331     795      789      1062     1845     1467     768      0        1212     1783     1368     1931     1349     1479     1008     1600     1491     1730     964      435      1512     987      1314     449      2128     429      80       666      945      502      1380     1151     641      814      1492     45       794      785      714      1636     1850     1467     1533     1606     1692     1452     802      888      1065     555      1609     1440     97       1273     1287     1377     772      992      1238     1058     1293     1182     1607     1863     721      1222     1108     575      1163     1192     687      714      810      
16       2112     1517     1579     283      1391     780      2055     968      236      1838     681      1833     1136     500      1885     1212     0        1741     2075     1527     979      481      239      1642     339      817      986      1129     398      908      2103     1000     1539     1085     1150     1826     1675     1004     408      1595     598      1584     717      1257     1968     992      1732     2110     1060     784      1633     1755     2182     1839     1979     1545     752      790      438      995      1310     1063     742      1610     494      1742     601      225      146      1041     417      988      1932     15       985      1003     507      447      1897     1723     436      
17       935      2069     1086     1472     617      2430     651      1952     1578     2547     1239     1171     980      1390     1752     1783     1741     0        1119     531      766      2221     1575     190      2035     1283     893      2121     2110     926      1253     1356     841      2089     1714     1833     1117     1301     1421     758      1783     1186     2451     1799     2411     2305     2482     793      1099     1041     274      284      843      620      2409     1051     1015     1380     2085     774      1824     684      2414     468      1477     1140     1145     1847     1649     731      2037     1231     2120     1734     806      1229     2173     2136     2189     2484     1522     
18       250      1491     521      1902     797      2494     549      1708     2032     1910     1393     306      1888     1977     876      1368     2075     1119     0        1595     1407     2516     1840     968      2414     2045     1127     1802     2470     1214     145      1169     1906     1792     1341     1010     438      1137     1950     526      1766     564      2646     1354     1653     2128     1886     421      1975     1720     885      835      434      499      1644     545      1401     1345     2508     1487     1344     1249     2506     717      1612     380      1652     2056     2059     1196     2478     2076     1299     2076     1201     1107     2309     2306     1407     1895     1674     
19       1440     2256     1433     1244     909      2286     1176     2001     1320     2726     1224     1582     516      1080     2091     1931     1527     531      1595     0        620      1978     1424     632      1765     877      966      2187     1843     951      1718     1481     314      2149     1853     2144     1490     1429     1143     1145     1747     1523     2241     1958     2653     2287     2646     1313     641      745      711      783      1368     1104     2655     1391     937      1427     1789     559      1994     659      2257     883      1416     1530     943      1686     1405     749      1735     779      2408     1516     825      1357     2014     1964     2455     2645     1441     
20       1346     1686     1061     706      609      1700     1191     1385     813      2144     606      1277     540      644      1651     1349     979      766      1407     620      0        1456     833      691      1269     638      415      1573     1343     367      1492     905      778      1533     1269     1671     1144     858      661      881      1126     1126     1694     1380     2109     1667     2058     1285     594      322      705      828      1355     1014     2112     1016     317      819      1322     97       1422     157      1677     753      796      1201     380      1104     883      227      1275     676      1905     971      267      791      1433     1390     1933     2056     825      
21       2571     1727     2006     750      1864     514      2530     1147     659      1946     1130     2257     1543     905      2219     1479     481      2221     2516     1978     1456     0        688      2124     232      1185     1457     1255     162      1383     2532     1385     1952     1218     1435     2137     2100     1402     835      2056     843      1998     291      1523     2149     980      1839     2579     1449     1234     2115     2237     2650     2311     2162     1976     1232     1184     289      1465     1572     1545     454      2088     904      2167     1076     463      577      1523     336      1349     2188     487      1465     1417     358      303      2129     1827     842      
22       1885     1329     1341     263      1177     867      1843     813      327      1685     447      1594     1098     525      1654     1008     239      1575     1840     1424     833      688      0        1460     576      840      770      991      629      698      1866     763      1483     946      940      1601     1436     765      425      1369     446      1345     881      1053     1785     933      1582     1891     1047     711      1443     1562     1962     1622     1795     1307     563      553      677      869      1105     890      843      1403     258      1504     482      271      285      854      656      1004     1723     243      789      763      600      560      1695     1574     205      
23       809      1882     897      1384     430      2301     561      1783     1498     2360     1094     993      1009     1334     1565     1600     1642     190      968      632      691      2124     1460     0        1950     1270     739      1948     2022     784      1096     1181     946      1918     1533     1644     932      1125     1352     572      1634     997      2341     1615     2221     2146     2296     689      1120     996      88       160      749      472      2219     862      897      1219     2009     723      1638     579      2288     283      1339     957      1061     1729     1562     605      1964     1244     1930     1636     673      1054     2050     2017     1998     2299     1388     
24       2449     1771     1918     566      1722     714      2385     1196     457      2038     1021     2171     1318     686      2197     1491     339      2035     2414     1765     1269     232      576      1950     0        956      1320     1331     77       1240     2442     1326     1727     1290     1436     2129     2013     1334     625      1933     852      1920     523      1536     2209     1107     1931     2444     1220     1025     1948     2071     2515     2171     2222     1884     1075     1118     119      1269     1587     1371     658      1937     824      2080     891      432      388      1359     135      1118     2211     338      1309     1338     497      427      2164     1920     763      
25       1982     2073     1669     580      1247     1591     1809     1626     581      2481     950      1899     376      321      2198     1730     817      1283     2045     877      638      1185     840      1270     956      0        976      1813     1032     897      2125     1344     778      1768     1651     2192     1758     1313     421      1518     1276     1721     1470     1770     2524     1770     2382     1913     266      328      1306     1424     1981     1646     2531     1625     729      1179     951      568      1820     795      1548     1384     987      1819     498      1030     671      851      895      170      2386     803      860      1265     1322     1258     2389     2376     973      
26       1132     1292     696      781      407      1573     1073     1069     910      1759     358      937      952      855      1242     964      986      893      1127     966      415      1457     770      739      1320     976      0        1246     1384     86       1183     515      1176     1211     887      1258     788      463      823      618      894      745      1642     991      1702     1412     1679     1124     994      651      702      814      1195     853      1705     653      275      491      1403     512      1028     310      1565     636      607      852      530      1026     946      218      1367     1054     1491     984      149      391      1333     1308     1521     1678     661      
27       1966     506      1313     1252     1531     916      2081     190      1311     710      967      1496     2005     1510     1160     435      1129     2121     1802     2187     1573     1255     991      1948     1331     1813     1246     0        1330     1241     1749     769      2339     45       464      1036     1375     823      1412     1552     545      1244     1193     454      895      378      603      2056     1983     1608     1890     1976     2115     1857     909      1309     1260     761      1450     1651     477      1534     960      1753     832      1425     1362     924      1248     1451     1462     1967     988      1143     1371     894      903      952      906      594      839      
28       2510     1782     1969     639      1787     664      2451     1204     532      2033     1076     2222     1395     764      2230     1512     398      2110     2470     1843     1343     162      629      2022     77       1032     1384     1330     0        1305     2494     1368     1804     1290     1460     2157     2064     1379     702      1993     871      1969     453      1556     2215     1087     1926     2508     1297     1103     2019     2142     2579     2236     2228     1936     1143     1161     136      1345     1607     1443     606      2004     870      2131     964      457      461      1429     176      1194     2229     399      1377     1386     467      400      2179     1915     808      
29       1216     1321     780      696      482      1517     1147     1059     825      1782     312      1022     894      769      1310     987      908      926      1214     951      367      1383     698      784      1240     897      86       1241     1305     0        1270     539      1142     1205     907      1319     873      491      736      703      857      826      1575     1016     1741     1384     1699     1203     928      575      755      871      1275     931      1745     737      188      480      1321     462      1056     293      1507     705      554      937      444      959      863      210      1284     982      1543     906      130      424      1272     1244     1568     1697     603      
30       392      1407     525      1947     887      2479     694      1668     2076     1809     1422     276      1988     2039     760      1314     2103     1253     145      1718     1492     2532     1866     1096     2442     2125     1183     1749     2494     1270     0        1162     2025     1743     1295     900      431      1136     2005     613      1757     542      2647     1296     1539     2088     1792     565      2071     1798     1011     969      574      633      1530     558      1458     1350     2540     1576     1281     1335     2495     835      1628     365      1713     2069     2097     1274     2512     2166     1182     2105     1272     1115     2307     2308     1293     1801     1691     
31       1279     781      647      930      762      1325     1342     613      1046     1245     398      886      1416     1120     899      449      1000     1356     1169     1481     905      1385     763      1181     1326     1344     515      769      1368     539      1162     0        1682     741      372      864      734      55       1047     811      597      620      1485     477      1208     1011     1164     1339     1432     1055     1121     1208     1404     1113     1212     626      638      210      1435     998      517      824      1336     986      505      798      845      923      1036     732      1417     1461     1042     1006     659      128      1145     1148     1049     1163     564      
32       1754     2464     1714     1263     1192     2318     1490     2149     1311     2923     1373     1878     408      1051     2360     2128     1539     841      1906     314      778      1952     1483     946      1727     778      1176     2339     1804     1142     2025     1682     0        2298     2048     2402     1778     1633     1133     1441     1857     1799     2231     2158     2879     2393     2836     1627     511      772      1023     1098     1682     1417     2882     1671     1080     1595     1729     691      2199     867      2281     1190     1528     1821     1009     1726     1402     961      1673     634      2656     1526     1027     1564     2044     1986     2693     2834     1542     
33       1952     532      1298     1207     1503     889      2061     148      1266     754      927      1487     1963     1466     1170     429      1085     2089     1792     2149     1533     1218     946      1918     1290     1768     1211     45       1290     1205     1743     741      2298     0        452      1049     1363     795      1367     1531     500      1232     1162     453      931      365      647      2039     1940     1565     1861     1949     2098     1836     945      1293     1220     724      1408     1611     480      1497     932      1726     788      1414     1319     881      1203     1415     1420     1922     1012     1098     1335     865      867      914      934      638      795      
34       1501     424      848      1164     1105     1237     1622     377      1261     875      709      1036     1765     1392     793      80       1150     1714     1341     1853     1269     1435     940      1533     1436     1651     887      464      1460     907      1295     372      2048     452      0        702      911      425      1305     1097     592      780      1461     118      872      793      792      1593     1769     1387     1466     1543     1650     1400     880      845      984      475      1554     1359     169      1195     1265     1315     699      962      1159     1005     1226     1104     1549     1784     783      1159     1029     498      1128     1153     756      791      740      
35       1244     574      748      1791     1246     1917     1482     1039     1903     915      1261     749      2210     1983     146      666      1826     1833     1010     2144     1671     2137     1601     1644     2129     2192     1258     1036     2157     1319     900      864      2402     1049     702      0        733      885      1911     1079     1293     647      2158     626      642      1414     909      1393     2248     1886     1558     1584     1427     1316     634      781      1466     1063     2245     1769     583      1546     1951     1366     1345     733      1698     1700     1884     1455     2236     2295     298      1834     1403     927      1828     1855     397      919      1396     
36       593      1112     96       1529     585      2058     769      1273     1658     1562     995      157      1670     1639     637      945      1675     1117     438      1490     1144     2100     1436     932      2013     1758     788      1375     2064     873      431      734      1778     1363     911      733      0        706      1598     359      1332     131      2217     936      1354     1693     1524     706      1737     1430     844      856      755      585      1349     135      1059     919      2112     1236     933      992      2071     649      1197     67       1316     1637     1674     917      2086     1818     1029     1677     898      683      1878     1878     1115     1530     1259     
37       1239     830      616      918      708      1360     1294     666      1037     1296     376      860      1374     1098     911      502      1004     1301     1137     1429     858      1402     765      1125     1334     1313     463      823      1379     491      1136     55       1633     795      425      885      706      0        1029     764      631      597      1511     528      1252     1060     1216     1295     1393     1018     1066     1154     1360     1065     1256     592      599      217      1441     952      566      772      1369     933      510      771      815      938      1032     681      1421     1426     1075     1009     608      73       1172     1172     1087     1216     571      
38       1940     1716     1503     161      1189     1188     1829     1230     179      2097     652      1751     728      100      1940     1380     408      1421     1950     1143     661      835      425      1352     625      421      823      1412     702      736      2005     1047     1133     1367     1305     1911     1598     1029     0        1434     869      1533     1103     1423     2172     1350     1996     1907     653      400      1361     1485     1978     1631     2180     1462     548      854      664      649      1475     783      1150     1381     610      1664     305      612      269      794      615      589      2071     394      762      999      915      855      2059     1989     583      
39       516      1383     331      1399     274      2102     532      1416     1528     1853     926      437      1376     1456     993      1151     1595     758      526      1145     881      2056     1369     572      1933     1518     618      1552     1993     703      613      811      1441     1531     1097     1079     359      764      1434     0        1379     432      2216     1154     1678     1822     1801     536      1458     1193     485      505      604      304      1675     302      887      937      2019     964      1165     724      2105     290      1165     388      1133     1607     1564     669      1985     1553     1371     1594     678      710      1889     1875     1447     1806     1225     
40       1869     924      1245     709      1265     728      1902     371      767      1245     546      1482     1498     968      1376     641      598      1783     1766     1747     1126     843      446      1634     852      1276     894      545      871      857      1757     597      1857     500      592      1293     1332     631      869      1379     0        1215     897      685      1371     540      1140     1915     1463     1100     1594     1700     1983     1671     1383     1223     811      442      971      1190     736      1127     739      1501     331      1395     853      420      707      1061     971      1435     1359     611      982      673      556      571      1313     1132     316      
41       724      987      101      1454     614      1938     888      1144     1581     1444     911      267      1662     1582     571      814      1584     1186     564      1523     1126     1998     1345     997      1920     1721     745      1244     1969     826      542      620      1799     1232     780      647      131      597      1533     432      1215     0        2105     805      1250     1564     1402     832      1721     1395     911      938      884      692      1246     135      1006     813      2022     1222     803      981      1953     719      1098     184      1262     1534     1592     899      1998     1793     938      1587     869      582      1765     1768     1016     1408     1160     
42       2725     1692     2127     1000     2048     308      2712     1126     924      1841     1295     2370     1823     1180     2255     1492     717      2451     2646     2241     1694     291      881      2341     523      1470     1642     1193     453      1575     2647     1485     2231     1162     1461     2158     2217     1511     1103     2216     897      2105     0        1532     2082     860      1737     2748     1732     1497     2324     2443     2818     2487     2097     2101     1443     1301     572      1713     1577     1767     249      2278     1051     2282     1318     616      837      1735     623      1636     2169     727      1671     1539     340      341      2096     1724     991      
43       1529     308      882      1281     1185     1293     1670     416      1375     768      827      1048     1880     1510     732      45       1257     1799     1354     1958     1380     1523     1053     1615     1536     1770     991      454      1556     1016     1296     477      2158     453      118      626      936      528      1423     1154     685      805      1532     0        754      814      690      1632     1887     1505     1546     1616     1686     1454     761      885      1100     593      1654     1472     52       1301     1326     1387     815      980      1277     1103     1338     1209     1652     1902     676      1267     1136     600      1204     1235     642      691      854      
44       1887     456      1351     2025     1800     1793     2117     1012     2111     352      1579     1389     2624     2261     778      794      1968     2411     1653     2653     2109     2149     1785     2221     2209     2524     1702     895      2215     1741     1539     1208     2879     931      872      642      1354     1252     2172     1678     1371     1250     2082     754      0        1231     410      2034     2636     2255     2140     2182     2069     1939     17       1376     1844     1347     2329     2203     705      2011     1842     1956     1561     1364     2031     1786     2066     1918     2336     2655     359      1980     1851     1317     1798     1846     246      424      1594     
45       2272     880      1620     1190     1753     562      2353     420      1212     981      1078     1825     2024     1451     1535     785      992      2305     2128     2287     1667     980      933      2146     1107     1770     1412     378      1087     1384     2088     1011     2393     365      793      1414     1693     1060     1350     1822     540      1564     860      814      1231     0        877      2346     1978     1627     2099     2198     2408     2124     1247     1610     1351     927      1218     1730     844      1663     614      1986     871      1747     1384     767      1132     1592     1242     1936     1362     1007     1512     1121     623      687      1273     864      851      
46       2100     418      1495     1839     1865     1437     2290     769      1906     107      1475     1596     2537     2091     1055     714      1732     2482     1886     2646     2058     1839     1582     2296     1931     2382     1679     603      1926     1699     1792     1164     2836     647      792      909      1524     1216     1996     1801     1140     1402     1737     690      410      877      0        2228     2530     2148     2223     2286     2274     2089     427      1510     1763     1245     2048     2146     660      1987     1491     2055     1394     1551     1908     1528     1847     1896     2063     2528     694      1745     1822     1289     1481     1537     572      14       1413     
47       174      1818     749      1894     723      2639     147      1934     2021     2264     1454     644      1689     1913     1269     1636     2110     793      421      1313     1285     2579     1891     689      2444     1913     1124     2056     2508     1203     565      1339     1627     2039     1593     1393     706      1295     1907     536      1915     832      2748     1632     2034     2346     2228     0        1793     1608     625      531      71       275      2027     748      1375     1474     2523     1346     1633     1137     2641     532      1697     678      1601     2137     2065     1113     2486     1910     1689     2108     1147     1244     2424     2409     1789     2235     1757     
48       1882     2194     1655     800      1184     1840     1676     1794     826      2624     1061     1867     125      561      2236     1850     1060     1099     1975     641      594      1449     1047     1120     1220     266      994      1983     1297     928      2071     1432     511      1940     1769     2248     1737     1393     653      1458     1463     1721     1732     1887     2636     1978     2530     1793     0        382      1170     1279     1858     1538     2642     1610     794      1294     1218     501      1933     745      1799     1279     1151     1794     622      1263     917      822      1162     138      2465     1046     855      1336     1568     1506     2481     2525     1149     
49       1667     1812     1341     502      925      1554     1512     1418     575      2242     678      1571     399      351      1884     1467     784      1041     1720     745      322      1234     711      996      1025     328      651      1608     1103     575      1798     1055     772      1565     1387     1886     1430     1018     400      1193     1100     1395     1497     1505     2255     1627     2148     1608     382      0        1019     1141     1677     1337     2261     1297     420      912      1059     273      1552     475      1522     1076     778      1491     246      957      660      524      1008     410      2093     773      532      964      1281     1227     2104     2144     783      
