

sets
i        orders          /0*20/
k        routes          /1*20/
p        positions       /0*20/
;

alias(i,j)
alias(i,h)
alias(i,hh)
alias(i,jj)
alias(k,kk)
                            Parameters

rho(i)	Processing time
/
0	0
1	32
2	60
3	41
4	91
5	43
6	90
7	78
8	85
9	49
10	77
11	92
12	25
13	90
14	48
15	24
16	42
17	79
18	48
19	18
20	7
/

gamma(i)	Duedate
/
0	0
1	48
2	78
3	5
4	95
5	97
6	89
7	20
8	67
9	35
10	89
11	24
12	94
13	52
14	89
15	18
16	27
17	18
18	11
19	80
20	5
/

sigma(i)	Size
/
0	0
1	8
2	9
3	9
4	9
5	6
6	5
7	2
8	8
9	9
10	6
11	2
12	7
13	9
14	1
15	1
16	6
17	3
18	2
19	4
20	2
/

epsilon(i)	Priority
/
0	0
1	1
2	1
3	9
4	8
5	9
6	9
7	7
8	9
9	2
10	1
11	6
12	6
13	7
14	4
15	8
16	1
17	9
18	5
19	4
20	2
/

psi	Vehicle Capacity
/ 134 /
;

Table kappa(i,j)                 Setup
         0        1        2        3        4        5        6        7        8        9        10       11       12       13       14       15       16       17       18       19       20       
0        0        515      1181     824      1553     1253     665      801      916      1568     1925     1519     1360     1574     1120     1227     1402     2345     1208     2194     1290     
1        515      0        797      965      1310     738      704      961      728      1451     1777     1005     883      1133     624      751      909      1842     906      1702     1108     
2        1181     797      0        999      607      728      788      1023     444      902      1135     777      377      427      429      323      1030     1321     225      1128     554      
3        824      965      999      0        1010     1513     272      36       554      856      1214     1687     1348     1413     1242     1246     1774     2319     864      2123     721      
4        1553     1310     607      1010     0        1324     948      1046     637      392      532      1316     906      740      1033     907      1624     1581     414      1365     291      
5        1253     738      728      1513     1324     0        1246     1523     1036     1628     1856     286      457      745      306      417      302      1159     951      1060     1273     
6        665      704      788      272      948      1246     0        278      364      905      1265     1431     1113     1213     983      1001     1503     2103     699      1915     663      
7        801      961      1023     36       1046     1523     278      0        579      893      1250     1702     1369     1439     1256     1264     1781     2344     893      2148     756      
8        916      728      444      554      637      1036     364      579      0        723      1054     1167     802      861      739      710      1324     1765     335      1569     388      
9        1568     1451     902      856      392      1628     905      893      723      0        361      1662     1249     1121     1324     1224     1930     1973     677      1758     363      
10       1925     1777     1135     1214     532      1856     1265     1250     1054     361      0        1841     1434     1241     1564     1439     2156     1995     928      1782     669      
11       1519     1005     777      1687     1316     286      1431     1702     1167     1662     1841     0        413      628      448      461      415      874      1000     784      1328     
12       1360     883      377      1348     906      457      1113     1369     802      1249     1434     413      0        297      274      133      738      1005     592      837      919      
13       1574     1133     427      1413     740      745      1213     1439     861      1121     1241     628      297      0        561      402      1008     913      561      710      844      
14       1120     624      429      1242     1033     306      983      1256     739      1324     1564     448      274      561      0        162      606      1224     648      1078     968      
15       1227     751      323      1246     907      417      1001     1264     710      1224     1439     461      133      402      162      0        716      1133     549      969      877      
16       1402     909      1030     1774     1624     302      1503     1781     1324     1930     2156     415      738      1008     606      716      0        1215     1253     1167     1574     
17       2345     1842     1321     2319     1581     1159     2103     2344     1765     1973     1995     874      1005     913      1224     1133     1215     0        1474     215      1743     
18       1208     906      225      864      414      951      699      893      335      677      928      1000     592      561      648      549      1253     1474     0        1270     328      
19       2194     1702     1128     2123     1365     1060     1915     2148     1569     1758     1782     784      837      710      1078     969      1167     215      1270     0        1532     
20       1290     1108     554      721      291      1273     663      756      388      363      669      1328     919      844      968      877      1574     1743     328      1532     0        
;



Table delta(i,j)                 Distance
         0        1        2        3        4        5        6        7        8        9        10       11       12       13       14       15       16       17       18       19       20       
0        0        3630     2010     600      3610     1510     4450     4460     1530     5250     2580     4880     4020     180      3080     620      5780     2270     4680     1770     2780     
1        3630     0        462      358      210      418      232      266      440      242      191      129      72       355      290      420      321      140      128      197      294      
2        2010     462      0        150      357      53       610      619      50       673      428      567      521      219      499      220      565      326      528      330      227      
3        600      358      150      0        322      97       471      476      105      543      285      478      406      75       350      108      541      218      451      192      227      
4        3610     210      357      322      0        332      440      470      357      450      340      250      281      364      450      423      219      186      198      278      133      
5        1510     418      53       97       332      0        558      567      25       623      375      528      475      169      446      178      546      280      493      278      209      
6        4450     232      610      471      440      558      0        40       573      102      187      287      169      431      184      483      536      304      325      280      500      
7        4460     266      619      476      470      567      40       0        580      133      191      327      206      430      165      479      574      324      364      289      523      
8        1530     440      50       105      357      25       573      580      0        641      389      551      495      171      455      170      572      301      517      293      235      
9        5250     242      673      543      450      623      102      133      641      0        270      246      170      511      286      568      503      351      296      351      533      
10       2580     191      428      285      340      375      187      191      389      270      0        312      186      243      110      298      504      160      319      99       356      
11       4880     129      567      478      250      528      287      327      551      246      312      0        133      482      399      547      256      261      55       326      369      
12       4020     72       521      406      281      475      169      206      495      170      186      133      0        392      265      455      369      194      160      226      365      
13       180      355      219      75       364      169      431      430      171      511      243      482      392      0        290      65       580      223      463      166      287      
14       3080     290      499      350      450      446      184      165      455      286      110      399      265      290      0        328      609      269      416      193      459      
15       620      420      220      108      423      178      483      479      170      568      298      547      455      65       328      0        640      288      528      228      335      
16       5780     321      565      541      219      546      536      574      572      503      504      256      369      580      609      640      0        378      211      470      338      
17       2270     140      326      218      186      280      304      324      301      351      160      261      194      223      269      288      378      0        240      93       199      
18       4680     128      528      451      198      493      325      364      517      296      319      55       160      463      416      528      211      240      0        317      322      
19       1770     197      330      192      278      278      280      289      293      351      99       326      226      166      193      228      470      93       317      0        267      
20       2780     294      227      227      133      209      500      523      235      533      356      369      365      287      459      335      338      199      322      267      0        
;

