

sets
i        orders          /0*20/
k        routes          /1*20/
p        positions       /0*20/
;

alias(i,j)
alias(i,h)
alias(i,hh)
alias(i,jj)
alias(k,kk)
                            Parameters

rho(i)	Processing time
/
0	0
1	84
2	68
3	69
4	50
5	72
6	25
7	50
8	57
9	53
10	69
11	85
12	88
13	1
14	30
15	63
16	19
17	5
18	58
19	76
20	56
/

gamma(i)	Duedate
/
0	0
1	11
2	52
3	16
4	25
5	73
6	13
7	59
8	11
9	82
10	47
11	77
12	93
13	43
14	69
15	79
16	95
17	99
18	79
19	63
20	56
/

sigma(i)	Size
/
0	0
1	5
2	2
3	4
4	3
5	6
6	9
7	4
8	6
9	4
10	7
11	3
12	9
13	4
14	7
15	4
16	6
17	2
18	7
19	5
20	8
/

epsilon(i)	Priority
/
0	0
1	6
2	8
3	9
4	6
5	2
6	4
7	4
8	6
9	4
10	5
11	3
12	7
13	7
14	8
15	9
16	9
17	3
18	2
19	6
20	1
/

psi	Vehicle Capacity
/ 146 /
;

Table kappa(i,j)                 Setup
         0        1        2        3        4        5        6        7        8        9        10       11       12       13       14       15       16       17       18       19       20       
0        0        1885     1367     631      540      2097     2199     566      751      499      1119     1106     705      1263     1532     856      1398     842      533      1035     1208     
1        1885     0        1520     2038     1347     1694     320      1495     1577     1394     790      1354     1704     1083     365      1261     487      1464     2097     957      757      
2        1367     1520     0        993      1081     734      1710     1505     617      1214     981      309      691      1801     1372     1565     1248     532      1132     782      1406     
3        631      2038     993      0        830      1708     2320     1106     486      892      1257     848      357      1727     1738     1341     1589     615      149      1081     1525     
4        540      1347     1081     830      0        1756     1659     423      576      132      579      775      633      904      1000     547      861      581      830      523      714      
5        2097     1694     734      1708     1756     0        1757     2171     1349     1888     1475     999      1425     2321     1704     2171     1626     1255     1853     1333     1885     
6        2199     320      1710     2320     1659     1757     0        1815     1847     1711     1091     1587     1977     1376     686      1578     805      1729     2388     1241     1075     
7        566      1495     1505     1106     423      2171     1815     0        977      292      848      1198     1008     703      1129     300      1022     999      1052     879      749      
8        751      1577     617      486      576      1349     1847     977      0        693      820      387      130      1450     1303     1121     1154     130      589      622      1157     
9        499      1394     1214     892      132      1888     1711     292      693      0        657      907      737      835      1037     452      906      708      871      633      712      
10       1119     790      981      1257     579      1475     1091     848      820      657      0        713      940      848      484      736      334      726      1308     213      427      
11       1106     1354     309      848      775      999      1587     1198     387      907      713      0        499      1505     1149     1256     1012     268      968      502      1127     
12       705      1704     691      357      633      1425     1977     1008     130      737      940      499      0        1529     1423     1180     1275     257      469      747      1259     
13       1263     1083     1801     1727     904      2321     1376     703      1450     835      848      1505     1529     0        772      407      759      1413     1705     1022     442      
14       1532     365      1372     1738     1000     1704     686      1129     1303     1037     484      1149     1423     772      0        900      149      1204     1783     684      397      
15       856      1261     1565     1341     547      2171     1578     300      1121     452      736      1256     1180     407      900      0        818      1109     1308     838      504      
16       1398     487      1248     1589     861      1626     805      1022     1154     906      334      1012     1275     759      149      818      0        1057     1635     537      334      
17       842      1464     532      615      581      1255     1729     999      130      708      726      268      257      1413     1204     1109     1057     0        719      520      1090     
18       533      2097     1132     149      830      1853     2388     1052     589      871      1308     968      469      1705     1783     1308     1635     719      0        1147     1540     
19       1035     957      782      1081     523      1333     1241     879      622      633      213      502      747      1022     684      838      537      520      1147     0        625      
20       1208     757      1406     1525     714      1885     1075     749      1157     712      427      1127     1259     442      397      504      334      1090     1540     625      0        
;



Table delta(i,j)                 Distance
         0        1        2        3        4        5        6        7        8        9        10       11       12       13       14       15       16       17       18       19       20       
0        0        1670     1300     4740     3560     4250     2700     820      780      660      1200     1160     3980     3370     2410     3130     2400     3760     2000     4980     4220     
1        1670     0        297      630      523      549      324      204      134      158      131      206      558      464      77       338      80       529      284      663      509      
2        1300     297      0        356      226      363      288      139      191      167      222      166      276      263      370      345      369      274      223      371      384      
3        4740     630      356      0        200      547      424      495      545      523      516      435      83       216      694      478      708      391      556      104      331      
4        3560     523      226      200      0        347      430      347      411      385      438      367      125      277      597      491      595      193      380      163      425      
5        4250     549      363      547      347      0        651      353      417      396      546      518      473      583      622      708      585      156      269      485      725      
6        2700     324      288      424      430      651      0        349      337      335      196      154      385      209      353      62       397      551      467      500      191      
7        820      204      139      495      347      353      349      0        71       46       198      196      414      389      281      395      260      325      118      502      490      
8        780      134      191      545      411      417      337      71       0        26       158      185      467      415      210      374      189      397      160      562      498      
9        660      158      167      523      385      396      335      46       26       0        166      180      443      400      235      375      215      371      146      537      489      
10       1200     131      222      516      438      546      196      198      158      166      0        81       451      336      180      221      210      489      312      561      378      
11       1160     206      166      435      367      518      154      196      185      180      81       0        371      258      261      199      286      440      314      482      316      
12       3980     558      276      83       125      473      385      414      467      443      451      371      0        193      625      444      635      319      473      115      331      
13       3370     464      263      216      277      583      209      389      415      400      336      258      193      0        516      261      544      447      486      302      148      
14       2410     77       370      694      597      622      353      281      210      235      180      261      625      516      0        354      64       606      355      732      543      
15       3130     338      345      478      491      708      62       395      374      375      221      199      444      261      354      0        406      611      513      558      209      
16       2400     80       369      708      595      585      397      260      189      215      210      286      635      544      64       406      0        584      316      738      586      
17       3760     529      274      391      193      156      551      325      397      371      489      440      319      447      606      611      584      0        292      329      594      
18       2000     284      223      556      380      269      467      118      160      146      312      314      473      486      355      513      316      292      0        543      599      
19       4980     663      371      104      163      485      500      502      562      537      561      482      115      302      732      558      738      329      543      0        429      
20       4220     509      384      331      425      725      191      490      498      489      378      316      331      148      543      209      586      594      599      429      0        
;

