

sets
i        orders          /0*80/
k        routes          /1*80/
p        positions       /0*80/
;

alias(i,j)
alias(i,h)
alias(i,hh)
alias(i,jj)
alias(k,kk)
                            Parameters

rho(i)	Processing time
/
0	0
1	67
2	1
3	45
4	66
5	7
6	49
7	87
8	99
9	64
10	84
11	17
12	72
13	7
14	87
15	86
16	52
17	84
18	90
19	10
20	81
21	96
22	71
23	84
24	4
25	96
26	54
27	63
28	62
29	19
30	18
31	6
32	76
33	63
34	88
35	67
36	66
37	35
38	55
39	61
40	48
41	18
42	35
43	44
44	82
45	22
46	79
47	13
48	57
49	47
50	31
51	74
52	20
53	89
54	95
55	55
56	50
57	83
58	10
59	12
60	51
61	82
62	9
63	40
64	25
65	29
66	42
67	47
68	50
69	26
70	96
71	87
72	47
73	22
74	54
75	26
76	8
77	44
78	77
79	59
80	78
/

gamma(i)	Duedate
/
0	0
1	72
2	74
3	72
4	57
5	23
6	61
7	28
8	68
9	1
10	19
11	98
12	8
13	17
14	97
15	43
16	65
17	80
18	48
19	12
20	40
21	75
22	95
23	85
24	65
25	2
26	66
27	69
28	74
29	40
30	81
31	27
32	2
33	31
34	9
35	82
36	79
37	20
38	96
39	86
40	21
41	88
42	45
43	49
44	44
45	34
46	95
47	43
48	18
49	30
50	38
51	60
52	10
53	66
54	90
55	55
56	14
57	66
58	28
59	23
60	2
61	9
62	93
63	75
64	62
65	49
66	63
67	91
68	98
69	90
70	59
71	81
72	98
73	38
74	92
75	58
76	96
77	86
78	42
79	10
80	18
/

sigma(i)	Size
/
0	0
1	9
2	3
3	1
4	6
5	3
6	4
7	3
8	5
9	3
10	4
11	2
12	1
13	3
14	1
15	9
16	8
17	7
18	6
19	3
20	4
21	1
22	3
23	4
24	1
25	9
26	1
27	9
28	7
29	7
30	4
31	5
32	8
33	6
34	9
35	7
36	8
37	8
38	8
39	6
40	7
41	2
42	9
43	9
44	3
45	2
46	8
47	3
48	8
49	5
50	4
51	1
52	4
53	8
54	1
55	1
56	1
57	4
58	9
59	2
60	7
61	1
62	3
63	8
64	2
65	8
66	7
67	4
68	1
69	5
70	3
71	6
72	2
73	2
74	7
75	2
76	9
77	7
78	3
79	4
80	5
/

epsilon(i)	Priority
/
0	0
1	1
2	2
3	8
4	9
5	7
6	3
7	7
8	8
9	7
10	8
11	9
12	6
13	4
14	5
15	8
16	7
17	4
18	1
19	9
20	4
21	3
22	9
23	8
24	2
25	5
26	2
27	2
28	7
29	2
30	6
31	2
32	6
33	3
34	2
35	1
36	6
37	6
38	3
39	8
40	7
41	5
42	7
43	5
44	8
45	2
46	9
47	3
48	1
49	1
50	8
51	4
52	8
53	5
54	7
55	9
56	6
57	4
58	5
59	9
60	6
61	5
62	3
63	7
64	9
65	6
66	4
67	5
68	1
69	6
70	1
71	7
72	3
73	2
74	2
75	8
76	6
77	9
78	3
79	8
80	9
/

psi	Vehicle Capacity
/ 83 /
;

Table kappa(i,j)                 Setup
         0        1        2        3        4        5        6        7        8        9        10       11       12       13       14       15       16       17       18       19       20       21       22       23       24       25       26       27       28       29       30       31       32       33       34       35       36       37       38       39       40       41       42       43       44       45       46       47       48       49       50       51       52       53       54       55       56       57       58       59       60       61       62       63       64       65       66       67       68       69       70       71       72       73       74       75       76       77       78       79       80       
0        0        3095     532      1719     1250     1733     876      3443     2255     2409     2802     2232     2832     1584     4043     3453     1646     2290     1402     2815     579      2748     388      1490     1769     1094     2977     991      2329     2719     3029     2656     2058     3405     1760     1953     898      1366     869      2114     1760     2384     2400     1319     2302     2639     2822     3387     1255     4496     3625     2719     3042     2712     1433     4433     3566     3625     2996     2889     790      3018     2426     2756     406      3160     1013     2748     2396     1118     1853     2969     1722     3976     3218     854      2233     2602     1373     3207     2130     
1        3095     0        3107     2097     2138     1364     2447     1932     2196     1610     2887     2230     1200     2449     1287     3826     1461     806      3503     860      3673     2998     3454     3392     1398     2019     3405     2602     3618     1330     2254     1742     2883     1196     1654     1173     3860     2007     3951     1903     2137     1898     3294     1933     877      648      1234     1835     2056     1813     1584     3151     3215     1896     3293     1725     2097     730      252      925      2923     2191     695      379      2936     3191     3357     1725     726      4213     1890     1019     2618     1807     1026     2277     1773     3119     2121     1265     3412     
2        532      3107     0        1405     1575     1761     1249     3740     2638     2696     3252     2621     2639     2011     4173     3951     1654     2308     1935     2685     837      3212     541      2021     1911     1259     3466     630      2854     2959     3394     2368     2536     3597     1584     2050     1302     1664     1130     1812     1430     2071     2903     1569     2403     2744     3045     3674     1545     4656     3858     3198     3511     3041     1961     4585     3877     3710     2970     2744     316      3375     2414     2805     907      3621     1545     3051     2460     1255     1580     2806     2176     4208     3395     1087     2546     3083     1121     3421     2649     
3        1719     2097     1405     0        1787     1123     1741     3397     2721     2464     3497     2725     1296     2372     3344     4383     1022     1441     2886     1434     2214     3521     1923     2890     1503     1294     3878     774      3562     2545     3304     963      2994     2968     483      1466     2615     1768     2516     407      68       670      3446     1600     1726     2003     2571     3309     1687     3867     3317     3582     3823     2880     2799     3783     3563     2806     1890     1464     1108     3262     1452     1917     1857     3886     2548     2806     1673     2660     217      1495     2595     3637     2750     1405     2424     3488     371      2875     3328     
4        1250     2138     1575     1787     0        988      383      2193     1076     1159     1772     1063     2344     585      2877     2609     987      1417     1390     2180     1753     1770     1636     1309     750      496      2103     1510     1811     1483     1819     2435     1207     2193     1486     985      1797     136      1976     2036     1854     2276     1661     236      1263     1561     1595     2136     109      3298     2385     1810     2076     1472     1208     3241     2320     2525     2121     2279     1613     1800     1591     1762     929      2159     1219     1499     1415     2286     1775     2391     808      2734     2022     507      984      1710     1451     1980     1576     
5        1733     1364     1761     1123     988      0        1184     2281     1670     1346     2465     1681     1357     1505     2428     3392     117      558      2357     1203     2312     2513     2089     2291     399      689      2897     1328     2767     1429     2190     1502     2097     1925     668      351      2531     897      2595     1213     1188     1404     2559     751      671      1001     1466     2195     880      2927     2245     2603     2802     1763     2191     2851     2445     1949     1266     1299     1613     2145     696      1044     1608     2846     2129     1683     700      2849     1009     1408     1725     2580     1711     945      1327     2525     944      1797     2535     
6        876      2447     1249     1741     383      1184     0        2568     1394     1539     2014     1374     2503     771      3250     2777     1146     1684     1200     2384     1369     1987     1258     1168     1050     520      2277     1306     1829     1867     2161     2509     1346     2574     1536     1274     1433     512      1595     2050     1803     2308     1765     522      1588     1904     1978     2513     417      3678     2769     1995     2291     1836     1072     3619     2690     2881     2404     2477     1338     2147     1849     2079     546      2392     945      1873     1722     1903     1776     2581     958      3118     2400     335      1357     1885     1377     2363     1598     
7        3443     1932     3740     3397     2193     2281     2568     0        1309     1044     1467     1347     3027     1994     1410     2212     2391     2045     3022     2690     3917     1622     3826     2844     1941     2496     1947     3511     2580     852      669      3474     1972     796      2922     1932     3851     2085     4103     3405     3460     3517     2166     2170     1696     1515     837      98       2203     1524     531      1807     1687     754      2776     1517     172      1555     2150     2781     3715     624      2130     1760     3097     1593     3104     694      1805     4428     3257     2896     1995     734      912      2654     1210     1846     3214     666      2466     
8        2255     2196     2638     2721     1076     1670     1394     1309     0        597      796      41       2884     703      2409     1738     1738     1787     1719     2618     2669     859      2619     1546     1273     1521     1261     2572     1464     968      779      3151     746      1650     2320     1425     2557     1020     2829     2878     2789     3074     1105     1167     1449     1552     1104     1285     1133     2702     1675     980      1136     567      1473     2669     1390     2257     2300     2723     2689     777      1951     1848     1874     1176     1797     701      1634     3159     2652     2848     685      1989     1569     1583     426      931      2432     1402     1288     
9        2409     1610     2696     2464     1159     1346     1539     1044     597      0        1293     635      2400     1082     1870     2245     1441     1304     2190     2107     2903     1394     2795     2034     962      1456     1802     2488     2058     396      846      2735     1329     1123     2014     1028     2887     1045     3108     2545     2531     2706     1702     1126     939      976      533      980      1161     2219     1244     1541     1631     417      1949     2175     1183     1670     1732     2211     2676     799      1449     1276     2079     1630     2186     360      1112     3427     2355     2335     1168     1588     1006     1610     222      1509     2235     883      1872     
10       2802     2887     3252     3497     1772     2465     2014     1467     796      1293     0        783      3667     1243     2822     954      2530     2567     1869     3389     3113     156      3128     1680     2069     2254     524      3280     1162     1569     803      3947     785      2094     3110     2219     2882     1750     3209     3670     3566     3870     749      1912     2215     2267     1685     1498     1851     2991     1971     341      342      1009     1649     2981     1454     2806     3023     3494     3352     857      2724     2568     2398     389      2094     1188     2396     3539     3439     3619     1080     2200     2086     2268     1189     399      3193     1862     1108     
11       2232     2230     2621     2725     1063     1681     1374     1347     41       635      783      0        2906     673      2450     1720     1747     1811     1679     2643     2641     839      2595     1506     1286     1515     1239     2564     1425     1008     808      3167     705      1692     2329     1443     2523     1012     2798     2888     2793     3086     1068     1163     1476     1585     1144     1324     1124     2743     1716     955      1121     607      1433     2711     1426     2297     2331     2748     2676     807      1976     1880     1848     1166     1762     742      1661     3128     2660     2873     647      2029     1610     1571     457      902      2432     1443     1247     
12       2832     1200     2639     1296     2344     1357     2503     3027     2884     2400     3667     2906     0        2850     2463     4620     1365     1100     3698     344      3386     3743     3113     3643     1678     1983     4146     2023     4112     2270     3197     571      3420     2363     1073     1477     3714     2253     3688     943      1303     812      3876     2108     1461     1523     2224     2929     2237     2982     2752     3860     4009     2783     3543     2891     3198     1908     948      279      2369     3139     951      1267     2836     4024     3438     2643     1292     3879     1086     228      3065     3000     2169     2212     2477     3797     1517     2380     3882     
13       1584     2449     2011     2372     585      1505     771      1994     703      1082     1243     673      2850     0        2947     2032     1527     1833     1112     2648     1970     1218     1935     968      1179     1080     1528     2055     1263     1474     1480     2991     622      2206     2058     1401     1858     622      2126     2614     2439     2848     1078     789      1587     1815     1608     1959     686      3301     2305     1238     1523     1239     877      3257     2087     2692     2484     2751     2109     1480     2011     2071     1189     1621     1116     1333     1765     2456     2357     2869     225      2637     2077     1042     861      1134     2034     1966     1032     
14       4043     1287     4173     3344     2877     2428     3250     1410     2409     1870     2822     2450     2463     2947     0        3621     2543     1931     4058     2133     4597     2969     4426     3905     2278     2955     3328     3751     3845     1474     2026     3020     3153     759      2877     2123     4673     2742     4842     3183     3391     3185     3449     2741     1770     1430     1339     1350     2832     526      879      3152     3078     1884     3819     440      1505     558      1532     2184     4042     1968     1893     1432     3791     2995     4028     1718     1733     5140     3146     2260     3037     831      870      3189     2092     3169     3312     1007     3689     
15       3453     3826     3951     4383     2609     3392     2777     2212     1738     2245     954      1720     4620     2032     3621     0        3449     3520     2238     4343     3643     881      3725     2073     3002     3105     505      4080     1250     2498     1625     4886     1430     2940     4022     3164     3305     2614     3668     4584     4451     4794     1054     2782     3170     3215     2605     2270     2702     3699     2743     800      614      1931     2088     3706     2139     3684     3970     4448     4100     1689     3678     3516     3051     641      2569     2106     3350     3980     4343     4573     1823     2899     2968     3072     2142     898      4058     2727     1375     
16       1646     1461     1654     1022     987      117      1146     2391     1738     1441     2530     1747     1365     1527     2543     3449     0        655      2334     1240     2225     2572     1996     2277     482      635      2951     1212     2786     1539     2283     1464     2131     2042     584      466      2461     909      2512     1140     1089     1345     2593     753      788      1117     1580     2305     877      3042     2361     2656     2865     1858     2177     2967     2553     2059     1350     1330     1499     2240     780      1150     1543     2914     2090     1784     812      2760     921      1434     1750     2697     1828     884      1411     2574     829      1914     2552     
17       2290     806      2308     1441     1417     558      1684     2045     1787     1304     2567     1811     1100     1833     1931     3520     655      0        2807     834      2869     2645     2648     2717     670      1225     3049     1831     3077     1224     2121     1449     2362     1531     961      436      3073     1297     3149     1372     1495     1472     2809     1191     370      566      1209     1950     1321     2445     1892     2766     2909     1698     2617     2364     2217     1422     721      940      2138     2065     177      506      2148     2923     2618     1570     242      3407     1264     1064     2034     2202     1314     1484     1377     2708     1381     1461     2853     
18       1402     3503     1935     2886     1390     2357     1200     3022     1719     2190     1869     1679     3698     1112     4058     2238     2334     2807     0        3560     1433     1756     1571     188      2138     1720     1834     2297     1005     2584     2422     3703     1105     3313     2731     2373     1068     1510     1431     3226     2943     3490     1226     1620     2626     2891     2719     3003     1489     4400     3387     1651     1988     2286     246      4360     3087     3799     3505     3656     2175     2441     2981     3123     1076     2134     390      2408     2790     1742     2950     3765     1038     3707     3190     1517     1967     1535     2514     3070     865      
19       2815     860      2685     1434     2180     1203     2384     2690     2618     2107     3389     2643     344      2648     2133     4343     1240     834      3560     0        3384     3473     3125     3489     1469     1875     3879     2096     3902     1951     2885     886      3193     2019     1103     1249     3673     2076     3682     1143     1456     1077     3643     1945     1173     1197     1898     2592     2076     2655     2408     3598     3730     2477     3389     2565     2861     1576     608      105      2440     2825     667      930      2769     3737     3329     2331     994      3897     1217     229      2855     2656     1826     2120     2202     3542     1583     2040     3676     
20       579      3673     837      2214     1753     2312     1369     3917     2669     2903     3113     2641     3386     1970     4597     3643     2225     2869     1433     3384     0        3035     296      1577     2334     1665     3202     1446     2435     3236     3449     3171     2334     3940     2313     2525     505      1880     303      2619     2246     2884     2598     1858     2871     3206     3347     3868     1777     5039     4138     2974     3309     3170     1555     4978     4028     4192     3575     3455     1153     3446     3005     3331     824      3441     1074     3226     2971     544      2370     3532     2060     4487     3760     1416     2711     2854     1894     3732     2272     
21       2748     2998     3212     3521     1770     2513     1987     1622     859      1394     156      839      3743     1218     2969     881      2572     2645     1756     3473     3035     0        3064     1568     2121     2260     408      3270     1012     1690     956      4005     701      2236     3148     2283     2785     1760     3119     3709     3589     3916     602      1925     2301     2370     1810     1651     1856     3145     2122     185      306      1137     1544     3134     1610     2941     3126     3578     3326     1009     2807     2671     2343     411      2000     1317     2483     3447     3472     3703     1035     2355     2222     2256     1271     249      3207     2002     970      
22       388      3454     541      1923     1636     2089     1258     3826     2619     2795     3128     2595     3113     1935     4426     3725     1996     2648     1571     3125     296      3064     0        1693     2150     1473     3265     1152     2552     3107     3397     2883     2365     3793     2042     2327     774      1753     593      2329     1954     2593     2671     1707     2678     3017     3210     3771     1642     4883     4013     3020     3350     3091     1654     4819     3947     4001     3344     3193     857      3389     2776     3123     746      3474     1188     3131     2766     771      2084     3265     2055     4364     3605     1239     2615     2901     1611     3595     2370     
23       1490     3392     2021     2890     1309     2291     1168     2844     1546     2034     1680     1506     3643     968      3905     2073     2277     2717     188      3489     1577     1568     1693     0        2047     1680     1657     2339     860      2430     2238     3676     917      3156     2704     2281     1240     1420     1597     3215     2949     3475     1047     1544     2517     2770     2566     2828     1413     4237     3219     1466     1804     2113     100      4198     2906     3661     3405     3587     2243     2259     2893     3012     1134     1949     506      2240     2686     1914     2940     3699     872      3535     3038     1498     1812     1350     2520     2911     698      
24       1769     1398     1911     1503     750      399      1050     1941     1273     962      2069     1286     1678     1179     2278     3002     482      670      2138     1469     2334     2121     2150     2047     0        676      2510     1583     2437     1100     1801     1884     1742     1687     1064     235      2474     628      2595     1613     1569     1801     2200     535      541      872      1161     1860     661      2748     1968     2218     2408     1377     1946     2679     2099     1858     1370     1572     1822     1759     846      1028     1556     2448     1964     1310     672      2878     1403     1690     1389     2314     1484     918      929      2144     1278     1524     2209     
25       1094     2019     1259     1294     496      689      520      2496     1521     1456     2254     1515     1983     1080     2955     3105     635      1225     1720     1875     1665     2260     1473     1680     676      0        2599     1055     2279     1700     2216     1998     1702     2344     1029     860      1847     505      1934     1563     1360     1813     2152     354      1207     1545     1786     2426     404      3420     2598     2305     2566     1829     1582     3353     2640     2530     1945     1965     1220     2187     1378     1669     922      2643     1457     1816     1308     2208     1296     2066     1301     2948     2148     258      1332     2207     954      2163     2044     
26       2977     3405     3466     3878     2103     2897     2277     1947     1261     1802     524      1239     4146     1528     3328     505      2951     3049     1834     3879     3202     408      3265     1657     2510     2599     0        3579     918      2091     1301     4395     934      2609     3521     2680     2897     2109     3250     4083     3946     4296     609      2277     2707     2778     2209     1988     2196     3469     2465     296      270      1533     1657     3465     1909     3329     3534     3984     3606     1360     3212     3079     2573     408      2135     1712     2891     3571     3840     4109     1321     2670     2608     2569     1678     394      3553     2381     975      
27       991      2602     630      774      1510     1328     1306     3511     2572     2488     3280     2564     2023     2055     3751     4080     1212     1831     2297     2096     1446     3270     1152     2339     1583     1055     3579     0        3104     2681     3270     1738     2651     3246     995      1662     1871     1552     1746     1182     802      1442     3070     1410     1999     2329     2745     3434     1440     4254     3547     3292     3576     2876     2260     4177     3663     3253     2438     2147     346      3240     1909     2337     1222     3666     1927     2849     2018     1886     952      2200     2258     3890     3034     1014     2382     3185     512      3101     2880     
28       2329     3618     2854     3562     1811     2767     1829     2580     1464     2058     1162     1425     4112     1263     3845     1250     2786     3077     1005     3902     2435     1012     2552     860      2437     2279     918      3104     0        2432     1914     4245     735      3089     3296     2653     2066     1876     2433     3841     3626     4086     417      2036     2797     2970     2568     2594     1920     4083     3046     844      1138     1961     900      4062     2592     3722     3689     4006     3052     1956     3254     3252     1949     1292     1366     2128     2981     2739     3575     4126     1048     3313     3027     2161     1861     763      3203     2843     235      
29       2719     1330     2959     2545     1483     1429     1867     852      968      396      1569     1008     2270     1474     1474     2498     1539     1224     2584     1951     3236     1690     3107     2430     1100     1700     2091     2681     2432     0        939      2672     1712     733      2071     1079     3251     1357     3456     2563     2608     2689     2062     1405     861      756      137      766      1465     1837     906      1853     1890     566      2344     1789     1018     1289     1492     2050     2904     878      1334     1047     2413     1861     2569     395      994      3769     2407     2172     1564     1256     610      1888     618      1837     2365     501      2255     
30       3029     2254     3394     3304     1819     2190     2161     669      779      846      803      808      3197     1480     2026     1625     2283     2121     2422     2885     3449     956      3397     2238     1801     2216     1301     3270     1914     939      0        3566     1337     1318     2859     1874     3322     1740     3604     3392     3371     3549     1498     1864     1750     1695     1020     695      1858     2189     1168     1141     1054     429      2180     2178     683      2058     2429     2985     3420     64       2250     1987     2652     985      2550     554      1907     3935     3200     3108     1429     1404     1344     2319     893      1177     3060     1102     1809     
31       2656     1742     2368     963      2435     1502     2509     3474     3151     2735     3947     3167     571      2991     3020     4886     1464     1449     3703     886      3171     4005     2883     3676     1884     1998     4395     1738     4245     2672     3566     0        3596     2863     972      1729     3554     2370     3474     556      942      315      4057     2208     1819     1960     2647     3378     2326     3542     3248     4102     4288     3140     3580     3452     3647     2462     1491     844      2070     3512     1344     1744     2741     4320     3400     3018     1678     3624     803      795      3215     3516     2659     2186     2773     4026     1283     2851     4010     
32       2058     2883     2536     2994     1207     2097     1346     1972     746      1329     785      705      3420     622      3153     1430     2131     2362     1105     3193     2334     701      2365     917      1742     1702     934      2651     735      1712     1337     3596     0        2394     2675     1947     2097     1238     2423     3233     3061     3463     461      1407     2069     2235     1849     1967     1308     3428     2393     662      985      1283     874      3400     2016     2999     2957     3298     2672     1364     2537     2518     1652     1110     1309     1437     2254     2753     2977     3420     400      2687     2316     1646     1128     546      2655     2146     543      
33       3405     1196     3597     2968     2193     1925     2574     796      1650     1123     2094     1692     2363     2206     759      2940     2042     1531     3313     2019     3940     2236     3793     3156     1687     2344     2609     3246     3089     733      1318     2863     2394     0        2484     1584     3976     2062     4169     2893     3024     2958     2696     2086     1258     965      605      710      2162     1107     389      2416     2370     1129     3071     1056     942      761      1435     2099     3505     1255     1562     1121     3121     2302     3302     961      1294     4477     2795     2204     2286     670      217      2558     1346     2425     2861     248      2931     
34       1760     1654     1584     483      1486     668      1536     2922     2320     2014     3110     2329     1073     2058     2877     4022     584      961      2731     1103     2313     3148     2042     2704     1064     1029     3521     995      3296     2071     2859     972      2675     2484     0        997      2646     1437     2615     561      542      790      3135     1269     1243     1520     2092     2832     1378     3397     2833     3225     3444     2431     2608     3315     3089     2347     1467     1160     1337     2813     985      1446     1790     3495     2433     2347     1190     2810     340      1225     2284     3153     2267     1214     1993     3139     485      2392     3061     
35       1953     1173     2050     1466     985      351      1274     1932     1425     1028     2219     1443     1477     1401     2123     3164     466      436      2373     1249     2525     2283     2327     2281     235      860      2680     1662     2653     1079     1874     1729     1947     1584     997      0        2689     863      2794     1517     1530     1680     2401     766      354      695      1114     1845     893      2609     1895     2391     2561     1445     2180     2537     2097     1674     1137     1353     1929     1826     614      811      1766     2590     2196     1351     450      3069     1337     1473     1606     2233     1372     1113     1044     2324     1295     1448     2427     
36       898      3860     1302     2615     1797     2531     1433     3851     2557     2887     2882     2523     3714     1858     4673     3305     2461     3073     1068     3673     505      2785     774      1240     2474     1847     2897     1871     2066     3251     3322     3554     2097     3976     2646     2689     0        1933     373      3012     2655     3282     2287     1955     3016     3337     3372     3813     1849     5084     4131     2698     3036     3096     1245     5030     3945     4314     3792     3752     1612     3329     3225     3500     925      3178     788      3179     3140     674      2751     3839     1895     4473     3814     1588     2678     2580     2272     3752     1933     
37       1366     2007     1664     1768     136      897      512      2085     1020     1045     1750     1012     2253     622      2742     2614     909      1297     1510     2076     1880     1760     1753     1420     628      505      2109     1552     1876     1357     1740     2370     1238     2062     1437     863      1933     0        2108     1994     1836     2226     1698     169      1130     1425     1466     2025     119      3165     2261     1814     2065     1376     1320     3107     2216     2388     1995     2176     1681     1717     1473     1629     1059     2139     1352     1392     1285     2415     1740     2290     847      2611     1888     580      882      1720     1447     1851     1642     
38       869      3951     1130     2516     1976     2595     1595     4103     2829     3108     3209     2798     3688     2126     4842     3668     2512     3149     1431     3682     303      3119     593      1597     2595     1934     3250     1746     2433     3456     3604     3474     2423     4169     2615     2794     373      2108     0        2921     2547     3186     2641     2102     3135     3467     3571     4059     2011     5273     4351     3041     3380     3351     1593     5215     4206     4452     3860     3754     1445     3606     3290     3603     1051     3518     1120     3419     3243     331      2673     3832     2189     4697     3995     1680     2908     2923     2197     3955     2293     
39       2114     1903     1812     407      2036     1213     2050     3405     2878     2545     3670     2888     943      2614     3183     4584     1140     1372     3226     1143     2619     3709     2329     3215     1613     1563     4083     1182     3841     2563     3392     556      3233     2893     561      1517     3012     1994     2921     0        388      270      3692     1826     1708     1935     2567     3312     1930     3710     3261     3787     4004     2962     3121     3623     3575     2630     1673     1151     1514     3343     1332     1791     2225     4054     2904     2866     1614     3067     275      1159     2839     3562     2678     1717     2540     3701     743      2833     3606     
40       1760     2137     1430     68       1854     1188     1803     3460     2789     2531     3566     2793     1303     2439     3391     4451     1089     1495     2943     1456     2246     3589     1954     2949     1569     1360     3946     802      3626     2608     3371     942      3061     3024     542      1530     2655     1836     2547     388      0        640      3513     1668     1786     2059     2633     3371     1754     3914     3375     3650     3891     2947     2859     3830     3627     2850     1927     1481     1128     3328     1500     1966     1909     3954     2603     2872     1729     2685     248      1507     2661     3694     2806     1468     2492     3556     429      2934     3392     
41       2384     1898     2071     670      2276     1404     2308     3517     3074     2706     3870     3086     812      2848     3185     4794     1345     1472     3490     1077     2884     3916     2593     3475     1801     1813     4296     1442     4086     2689     3549     315      3463     2958     790      1680     3282     2226     3186     270      640      0        3924     2059     1828     2019     2681     3422     2168     3711     3335     4001     4207     3120     3381     3622     3689     2627     1655     1059     1768     3498     1401     1839     2495     4250     3171     3012     1712     3325     543      1039     3073     3622     2747     1977     2719     3919     1014     2920     3851     
42       2400     3294     2903     3446     1661     2559     1765     2166     1105     1702     749      1068     3876     1078     3449     1054     2593     2809     1226     3643     2598     602      2671     1047     2200     2152     609      3070     417      2062     1498     4057     461      2696     3135     2401     2287     1698     2641     3692     3513     3924     0        1866     2504     2647     2195     2181     1764     3673     2638     450      774      1567     1048     3655     2175     3350     3383     3748     3065     1542     2983     2937     2000     926      1528     1738     2690     2961     3435     3871     853      2899     2645     2080     1521     354      3102     2451     380      
43       1319     1933     1569     1600     236      751      522      2170     1167     1126     1912     1163     2108     789      2741     2782     753      1191     1620     1945     1858     1925     1707     1544     535      354      2277     1410     2036     1405     1864     2208     1407     2086     1269     766      1955     169      2102     1826     1668     2059     1866     0        1067     1381     1504     2105     131      3182     2310     1982     2229     1484     1443     3120     2308     2360     1903     2043     1560     1837     1363     1561     1051     2301     1429     1482     1207     2399     1571     2155     1014     2662     1902     485      987      1888     1282     1888     1802     
44       2302     877      2403     1726     1263     671      1588     1696     1449     939      2215     1476     1461     1587     1770     3170     788      370      2626     1173     2871     2301     2678     2517     541      1207     2707     1999     2797     861      1750     1819     2069     1258     1243     354      3016     1130     3135     1708     1786     1828     2504     1067     0        341      859      1603     1185     2260     1592     2430     2557     1328     2418     2186     1866     1323     898      1278     2277     1695     510      499      2098     2565     2482     1200     186      3415     1569     1403     1770     1920     1042     1456     1029     2378     1603     1149     2580     
45       2639     648      2744     2003     1561     1001     1904     1515     1552     976      2267     1585     1523     1815     1430     3215     1117     566      2891     1197     3206     2370     3017     2770     872      1545     2778     2329     2970     756      1695     1960     2235     965      1520     695      3337     1425     3467     1935     2059     2019     2647     1381     341      0        701      1417     1493     1925     1326     2517     2601     1302     2673     1850     1687     986      756      1295     2613     1634     619      301      2425     2589     2774     1144     329      3750     1830     1416     1977     1635     747      1790     1127     2480     1913     901      2765     
46       2822     1234     3045     2571     1595     1466     1978     837      1104     533      1685     1144     2224     1608     1339     2605     1580     1209     2719     1898     3347     1810     3210     2566     1161     1786     2209     2745     2568     137      1020     2647     1849     605      2092     1114     3372     1466     3571     2567     2633     2681     2195     1504     859      701      0        744      1571     1712     812      1977     2000     677      2479     1661     1008     1155     1411     1994     2979     957      1303     978      2525     1965     2698     499      971      3881     2424     2114     1701     1162     473      1984     754      1964     2409     385      2392     
47       3387     1835     3674     3309     2136     2195     2513     98       1285     980      1498     1324     2929     1959     1350     2270     2305     1950     3003     2592     3868     1651     3771     2828     1860     2426     1988     3434     2594     766      695      3378     1967     710      2832     1845     3813     2025     4059     3312     3371     3422     2181     2105     1603     1417     744      0        2141     1495     477      1836     1733     721      2757     1483     269      1471     2052     2683     3643     643      2034     1662     3046     1645     3073     641      1710     4383     3166     2798     1971     721      818      2589     1157     1870     3130     570      2471     
48       1255     2056     1545     1687     109      880      417      2203     1133     1161     1851     1124     2237     686      2832     2702     877      1321     1489     2076     1777     1856     1642     1413     661      404      2196     1440     1920     1465     1858     2326     1308     2162     1378     893      1849     119      2011     1930     1754     2168     1764     131      1185     1493     1571     2141     0        3264     2370     1902     2161     1496     1312     3204     2335     2465     2031     2174     1563     1835     1494     1682     960      2240     1303     1509     1330     2315     1670     2286     911      2721     1985     461      1001     1804     1356     1956     1685     
49       4496     1813     4656     3867     3298     2927     3678     1524     2702     2219     2991     2743     2982     3301     526      3699     3042     2445     4400     2655     5039     3145     4883     4237     2748     3420     3469     4254     4083     1837     2189     3542     3428     1107     3397     2609     5084     3165     5273     3710     3914     3711     3673     3182     2260     1925     1712     1495     3264     0        1037     3331     3206     2145     4156     91       1564     1083     2057     2703     4537     2139     2415     1951     4223     3102     4405     2001     2238     5579     3671     2774     3364     801      1279     3644     2440     3365     3825     1337     3949     
