

sets
i        orders          /0*80/
k        routes          /1*80/
p        positions       /0*80/
;

alias(i,j)
alias(i,h)
alias(i,hh)
alias(i,jj)
alias(k,kk)
                            Parameters

rho(i)	Processing time
/
0	0
1	27
2	93
3	84
4	32
5	16
6	45
7	36
8	85
9	31
10	22
11	6
12	48
13	32
14	64
15	27
16	1
17	63
18	47
19	22
20	33
21	2
22	68
23	75
24	66
25	88
26	19
27	31
28	95
29	40
30	90
31	65
32	26
33	52
34	6
35	22
36	5
37	38
38	49
39	61
40	41
41	8
42	17
43	31
44	51
45	59
46	3
47	9
48	16
49	25
50	4
51	97
52	99
53	58
54	36
55	20
56	86
57	74
58	1
59	43
60	31
61	9
62	34
63	24
64	67
65	26
66	16
67	26
68	78
69	77
70	3
71	59
72	62
73	4
74	95
75	33
76	70
77	84
78	96
79	72
80	69
/

gamma(i)	Duedate
/
0	0
1	29
2	20
3	87
4	14
5	30
6	86
7	36
8	57
9	49
10	14
11	46
12	89
13	52
14	66
15	11
16	27
17	53
18	83
19	76
20	80
21	60
22	91
23	99
24	36
25	28
26	97
27	36
28	97
29	66
30	59
31	98
32	47
33	46
34	95
35	68
36	7
37	61
38	35
39	75
40	39
41	79
42	52
43	47
44	35
45	15
46	4
47	64
48	60
49	56
50	18
51	38
52	18
53	79
54	53
55	9
56	88
57	70
58	62
59	43
60	40
61	18
62	95
63	84
64	21
65	66
66	94
67	32
68	30
69	83
70	36
71	20
72	3
73	78
74	57
75	23
76	92
77	99
78	5
79	6
80	61
/

sigma(i)	Size
/
0	0
1	6
2	3
3	7
4	7
5	9
6	6
7	8
8	7
9	9
10	4
11	7
12	4
13	9
14	8
15	6
16	1
17	1
18	8
19	8
20	5
21	1
22	3
23	1
24	5
25	9
26	9
27	2
28	4
29	8
30	5
31	1
32	3
33	7
34	5
35	5
36	3
37	8
38	7
39	8
40	5
41	7
42	9
43	7
44	2
45	7
46	1
47	6
48	1
49	8
50	9
51	1
52	4
53	1
54	5
55	3
56	5
57	5
58	7
59	7
60	8
61	6
62	3
63	1
64	3
65	4
66	8
67	4
68	1
69	4
70	2
71	2
72	1
73	9
74	3
75	1
76	2
77	6
78	7
79	1
80	1
/

epsilon(i)	Priority
/
0	0
1	4
2	3
3	9
4	8
5	4
6	5
7	2
8	2
9	2
10	6
11	3
12	2
13	3
14	3
15	3
16	7
17	8
18	3
19	6
20	9
21	8
22	2
23	2
24	8
25	3
26	1
27	5
28	7
29	6
30	7
31	2
32	2
33	2
34	6
35	6
36	7
37	5
38	1
39	6
40	2
41	6
42	8
43	5
44	3
45	9
46	2
47	9
48	2
49	6
50	7
51	8
52	3
53	7
54	1
55	7
56	5
57	7
58	8
59	7
60	3
61	9
62	1
63	6
64	6
65	7
66	7
67	1
68	6
69	9
70	6
71	8
72	6
73	7
74	8
75	2
76	4
77	3
78	5
79	3
80	3
/

psi	Vehicle Capacity
/ 79 /
;

Table kappa(i,j)                 Setup
         0        1        2        3        4        5        6        7        8        9        10       11       12       13       14       15       16       17       18       19       20       21       22       23       24       25       26       27       28       29       30       31       32       33       34       35       36       37       38       39       40       41       42       43       44       45       46       47       48       49       50       51       52       53       54       55       56       57       58       59       60       61       62       63       64       65       66       67       68       69       70       71       72       73       74       75       76       77       78       79       80       
0        0        3784     2280     1621     809      3244     1747     637      2162     1112     2652     1775     1393     2435     2668     3127     1430     2477     637      2115     600      2825     2525     3391     3008     1234     3156     1811     1416     1457     2880     3135     3312     1368     1346     3363     3265     870      1165     2252     1367     721      1842     2859     1833     3602     2060     1945     898      2397     1990     1856     941      2184     2816     2752     577      2137     1737     3470     1261     2399     1729     1659     3621     2587     2184     1868     4043     1506     982      3958     3300     3697     1778     3316     2444     1636     3753     1535     726      
1        3784     0        1583     2352     3124     722      2089     3761     2182     3576     2361     2934     3731     1415     1161     1614     4670     3163     4047     1717     3325     1047     1708     1424     2817     2647     816      2518     4568     2328     2573     719      617      2526     3409     722      1624     4340     3822     2652     4595     3796     2075     937      3809     2922     3561     2360     2892     1386     1846     2060     2931     3108     1300     1924     3973     2060     2769     1409     2909     1471     4560     3069     461      2465     1792     1918     1092     2725     4029     512      664      1197     4860     2014     1598     3295     190      4557     3330     
2        2280     1583     0        1226     1560     967      876      2398     1497     2366     2029     1436     2607     743      770      1099     3088     1885     2475     174      1920     553      1314     1882     1840     1081     876      1000     2986     859      1579     880      1288     953      1846     1083     1912     2765     2244     2030     3012     2217     1009     658      2837     2242     2723     1524     1436     427      291      1000     1375     2396     590      1731     2404     1328     1254     1937     1328     787      2997     1549     1570     2074     1002     597      2207     1647     2446     1893     1025     1996     3286     1489     323      1772     1605     2981     1976     
3        1621     2352     1226     0        1308     1996     350      1433     601      1230     1193     1958     1422     937      1191     2323     2883     2655     2099     1071     1055     1609     903      1769     2856     1053     1933     1627     2823     646      2622     1836     1796     1054     2020     2142     1651     2395     2222     964      2809     1958     277      1530     1614     3352     1503     451      793      1060     1018     292      1138     1227     1802     1165     2019     528      1786     1848     1480     881      2998     1974     2095     1174     589      629      2435     423      2265     2421     2038     2079     3181     2692     1534     2133     2276     2885     1014     
4        809      3124     1560     1308     0        2525     1268     1223     1910     1510     2492     1029     1824     1885     2085     2326     1625     1772     923      1410     814      2113     2141     2984     2240     478      2431     1003     1548     854      2092     2437     2722     607      788      2632     2904     1221     914      2190     1549     697      1427     2187     2226     2827     2334     1740     558      1764     1280     1438     199      2287     2052     2461     848      1824     954      3059     468      1867     1691     947      3028     2460     1747     1280     3544     1420     982      3366     2584     3237     1894     2507     1676     1003     3120     1592     974      
5        3244     722      967      1996     2525     0        1675     3317     2014     3215     2368     2228     3418     1122     906      943      4012     2442     3435     1128     2851     419      1620     1716     2123     2047     99       1824     3905     1801     1872     184      818      1918     2727     150      1856     3721     3154     2544     3938     3169     1726     474      3574     2292     3385     2137     2382     936      1255     1713     2342     2979     580      1958     3365     1860     2071     1734     2256     1191     3872     2369     945      2452     1532     1443     1674     2409     3381     1175     62       1635     4183     1381     905      2594     825      3883     2886     
6        1747     2089     876      350      1268     1675     0        1673     770      1540     1374     1738     1754     692      936      1973     2890     2396     2141     722      1241     1277     878      1716     2547     904      1608     1367     2816     449      2306     1525     1573     863      1892     1818     1639     2443     2157     1239     2814     1957     198      1221     1963     3025     1850     709      854      740      676      201      1075     1552     1453     1233     2062     631      1556     1791     1326     652      2945     1777     1880     1382     479      279      2308     772      2250     2216     1721     1981     3162     2346     1185     1959     2033     2858     1241     
7        637      3761     2398     1433     1223     3317     1673     0        1856     507      2246     2252     762      2353     2604     3378     2031     2990     1266     2224     485      2901     2291     3133     3457     1503     3239     2183     2032     1539     3296     3181     3226     1623     1912     3452     2975     1464     1791     1807     1975     1352     1699     2883     1202     4039     1454     1627     978      2401     2113     1715     1266     1647     2977     2433     1211     1878     2172     3212     1687     2303     2361     2161     3527     2163     2022     1875     3845     1164     1620     3854     3367     3473     2386     3634     2626     2182     3699     2160     432      
8        2162     2182     1497     601      1910     2014     770      1856     0        1514     606      2505     1598     898      1110     2563     3474     3164     2680     1387     1569     1701     489      1279     3283     1633     1978     2137     3417     1195     3034     1834     1572     1615     2613     2165     1121     2971     2824     543      3400     2553     572      1545     1628     3730     1386     229      1386     1171     1385     571      1739     964      1994     590      2600     168      2324     1358     2062     830      3599     2537     1833     612      509      990      2013     691      2862     2127     2041     1630     3777     2979     1820     2709     2065     3483     1485     
9        1112     3576     2366     1230     1510     3215     1540     507      1514     0        1816     2517     313      2164     2418     3419     2531     3269     1749     2194     697      2816     1987     2786     3666     1658     3148     2366     2526     1549     3478     3061     3003     1755     2269     3359     2609     1964     2219     1362     2472     1796     1507     2756     736      4229     951      1290     1091     2279     2102     1521     1489     1152     2956     2058     1688     1575     2406     2865     1940     2105     2840     2452     3291     1724     1788     1788     3528     858      2083     3605     3260     3144     2883     3726     2636     2511     3491     2647     536      
10       2652     2361     2029     1193     2492     2368     1374     2246     606      1816     0        3111     1797     1337     1482     3044     4016     3763     3211     1942     2051     2126     759      1121     3851     2237     2354     2738     3968     1802     3597     2184     1749     2222     3212     2514     902      3493     3405     459      3944     3110     1176     1931     1672     4271     1334     751      1951     1652     1958     1173     2329     852      2464     437      3133     746      2930     1188     2666     1276     4172     3143     1941     116      1032     1577     1892     1147     3422     2171     2382     1500     4331     3478     2346     3315     2209     4044     1937     
11       1775     2934     1436     1958     1029     2228     1738     2252     2505     2517     3111     0        2828     2085     2186     1669     1893     752      1572     1383     1832     1897     2550     3268     1234     933      2130     437      1771     1316     1129     2216     2722     904      589      2285     3259     1780     1045     2922     1826     1273     1935     2070     3209     1828     3266     2405     1455     1824     1291     1939     1028     3129     1655     2945     1532     2369     189      3331     576      2102     1665     161      2994     3113     2152     1573     3644     2231     1346     3306     2290     3422     1998     1692     1336     370      2992     1714     1983     
12       1393     3731     2607     1422     1824     3418     1754     762      1598     313      1797     2828     0        2335     2586     3678     2791     3580     2027     2439     1011     3029     2085     2836     3968     1958     3356     2666     2794     1817     3775     3257     3141     2050     2582     3564     2644     2224     2521     1338     2736     2093     1693     2951     440      4526     721      1389     1393     2482     2355     1707     1800     1033     3196     2095     1970     1687     2714     2912     2252     2273     3122     2765     3419     1694     1940     2017     3595     1013     2373     3721     3459     3205     3147     3999     2889     2825     3634     2922     849      
13       2435     1415     743      937      1885     1122     692      2353     898      2164     1337     2085     2335     0        254      1706     3506     2611     2792     719      1932     806      588      1183     2581     1449     1081     1656     3421     1032     2318     946      881      1361     2387     1273     1183     3094     2720     1437     3429     2582     660      649      2460     2957     2263     1015     1538     325      794      645      1686     1861     1126     998      2714     739      1895     1248     1821     68       3504     2169     1188     1401     410      605      1659     1322     2857     1524     1154     1372     3753     2142     1037     2381     1346     3446     1924     
14       2668     1161     770      1191     2085     906      936      2604     1110     2418     1482     2186     2586     254      0        1591     3696     2654     3002     803      2177     651      724      1113     2558     1632     879      1750     3607     1241     2293     724      644      1533     2535     1057     1162     3302     2891     1637     3619     2780     914      449      2700     2891     2491     1248     1770     362      905      899      1886     2074     1015     1098     2924     961      1999     1166     1979     313      3668     2284     953      1558     650      811      1483     1573     3046     1292     931      1236     3930     2040     1013     2503     1096     3623     2174     
15       3127     1614     1099     2323     2326     943      1973     3378     2563     3419     3044     1669     3678     1706     1591     0        3561     1640     3140     1253     2893     947      2290     2599     1206     1904     880      1380     3440     1871     973      1065     1741     1773     2247     895      2706     3390     2703     3105     3492     2845     2106     1178     3929     1354     3822     2614     2400     1398     1324     2098     2188     3489     580      2686     3083     2395     1568     2629     1928     1768     3320     1829     1888     3106     2055     1694     2618     2742     2985     2103     984      2563     3662     454      791      2032     1750     3383     2980     
16       1430     4670     3088     2883     1625     4012     2890     2031     3474     2531     4016     1893     2791     3506     3696     3561     0        2255     810      2964     1997     3628     3754     4606     2927     2063     3914     2216     129      2478     2924     3958     4321     2167     1315     4095     4517     566      864      3647     76       932      3039     3743     3228     3482     3482     3277     2090     3359     2838     3051     1822     3611     3471     4049     886      3412     1997     4681     1761     3491     503      1732     4623     3964     3367     2901     5165     2876     649      4958     4074     4862     358      3568     3111     1542     4689     269      2144     
17       2477     3163     1885     2655     1772     2442     2396     2990     3164     3269     3763     752      3580     2611     2654     1640     2255     0        2164     1893     2582     2211     3138     3767     677      1669     2351     1030     2125     2008     739      2486     3091     1621     1156     2453     3793     2308     1531     3617     2203     1882     2592     2426     3961     1230     4011     3090     2206     2309     1837     2593     1780     3853     1874     3549     2142     3016     886      3821     1328     2643     1881     828      3324     3777     2759     2189     4025     2958     1855     3603     2499     3862     2243     1458     1670     853      3262     2018     2734     
18       637      4047     2475     2099     923      3435     2141     1266     2680     1749     3211     1572     2027     2792     3002     3140     810      2164     0        2330     1187     3029     2986     3847     2775     1399     3340     1760     784      1762     2698     3355     3641     1522     1016     3536     3745     302      664      2837     743      300      2275     3110     2467     3366     2697     2477     1309     2687     2201     2288     1119     2805     2938     3261     79       2627     1603     3924     1217     2769     1095     1423     3949     3156     2611     2192     4444     2068     386      4287     3495     4123     1148     3243     2563     1317     4043     897      1336     
19       2115     1717     174      1071     1410     1128     722      2224     1387     2194     1942     1383     2439     719      803      1253     2964     1893     2330     0        1746     710      1257     1893     1909     931      1040     948      2866     685      1654     1029     1375     809      1749     1249     1903     2623     2130     1911     2888     2078     871      782      2677     2342     2573     1395     1264     441      129      864      1220     2262     762      1673     2257     1221     1195     1953     1211     749      2894     1481     1668     1980     910      442      2275     1489     2318     1999     1186     2039     3174     1625     462      1701     1726     2867     1801     
20       600      3325     1920     1055     814      2851     1241     485      1569     697      2051     1832     1011     1932     2177     2893     1997     2582     1187     1746     0        2433     1953     2815     3010     1028     2770     1721     1968     1060     2838     2721     2812     1143     1574     2982     2680     1453     1556     1657     1930     1161     1300     2428     1424     3585     1574     1349     493      1949     1633     1315     814      1624     2495     2159     1114     1554     1734     2895     1257     1888     2236     1760     3118     1988     1637     1417     3491     905      1466     3451     2903     3134     2333     3153     2142     1814     3274     2067     168      
21       2825     1047     553      1609     2113     419      1277     2901     1701     2816     2126     1897     3029     806      651      947      3628     2211     3029     710      2433     0        1367     1670     1999     1635     337      1474     3523     1381     1736     330      883      1507     2362     550      1764     3317     2776     2242     3553     2767     1347     238      3208     2274     3042     1796     1962     554      838      1335     1928     2659     388      1749     2957     1538     1728     1707     1867     873      3512     2028     1116     2198     1198     1033     1815     2028     2990     1413     475      1684     3813     1400     564      2254     1095     3510     2472     
22       2525     1708     1314     903      2141     1620     878      2291     489      1987     759      2550     2085     588      724      2290     3754     3138     2986     1257     1953     1367     0        866      3154     1778     1600     2141     3685     1323     2894     1436     1093     1724     2762     1768     763      3286     3036     949      3679     2822     715      1173     2112     3544     1852     699      1677     912      1301     704      1952     1402     1710     416      2906     414      2362     944      2193     533      3824     2611     1346     834      406      977      1553     1138     3121     1638     1638     1183     4035     2729     1620     2807     1583     3733     1895     
23       3391     1424     1882     1769     2984     1716     1716     3133     1279     2786     1121     3268     2836     1183     1113     2599     4606     3767     3847     1893     2815     1670     866      0        3654     2589     1746     2838     4532     2143     3389     1554     911      2517     3555     1832     227      4147     3862     1536     4530     3673     1571     1432     2772     3942     2450     1508     2540     1460     1977     1559     2790     1968     2059     742      3767     1262     3079     79       2985     1171     4650     3353     963      1237     1238     1748     772      1969     3966     1106     1701     380      4877     3053     2121     3563     1242     4572     2749     
24       3008     2817     1840     2856     2240     2123     2547     3457     3283     3666     3851     1234     3968     2581     2558     1206     2927     677      2775     1909     3010     1999     3154     3654     0        2009     2045     1302     2797     2239     265      2212     2871     1923     1758     2095     3720     2946     2171     3785     2873     2481     2731     2235     4313     594      4309     3256     2575     2257     1898     2728     2196     4083     1618     3571     2744     3121     1285     3697     1771     2627     2558     1364     3059     3885     2820     2295     3784     3216     2494     3297     2171     3683     2919     890      1549     1461     2945     2694     3146     
25       1234     2647     1081     1053     478      2047     904      1503     1633     1658     2237     933      1958     1449     1632     1904     2063     1669     1399     931      1028     1635     1778     2589     2009     0        1954     708      1974     455      1821     1959     2261     134      988      2156     2532     1693     1274     2007     1986     1154     1089     1710     2311     2572     2342     1504     566      1299     802      1097     297      2196     1586     2136     1326     1517     783      2661     429      1440     2061     927      2565     2225     1372     847      3107     1298     1413     2901     2106     2817     2304     2133     1212     1080     2647     1996     1148     
26       3156     816      876      1933     2431     99       1608     3239     1978     3148     2354     2130     3356     1081     879      880      3914     2351     3340     1040     2770     337      1600     1746     2045     1954     0        1725     3806     1717     1792     192      864      1824     2628     212      1877     3625     3055     2513     3840     3073     1667     433      3521     2234     3341     2092     2298     873      1166     1654     2249     2942     484      1951     3270     1821     1972     1769     2159     1150     3773     2270     1014     2434     1488     1369     1743     2350     3283     1259     161      1685     4084     1325     806      2495     912      3784     2809     
27       1811     2518     1000     1627     1003     1824     1367     2183     2137     2366     2738     437      2666     1656     1750     1380     2216     1030     1760     948      1721     1474     2141     2838     1302     708      1725     0        2102     983      1116     1798     2286     624      908      1892     2835     2010     1351     2588     2145     1464     1564     1639     3014     1865     3025     2061     1274     1389     861      1566     918      2836     1263     2544     1705     1991     255      2899     559      1676     2048     554      2561     2749     1750     1173     3207     1948     1614     2877     1886     2986     2363     1509     921      780      2568     2067     1851     
28       1416     4568     2986     2823     1548     3905     2816     2032     3417     2526     3968     1771     2794     3421     3607     3440     129      2125     784      2866     1968     3523     3685     4532     2797     1974     3806     2102     0        2397     2795     3854     4228     2075     1197     3985     4449     578      751      3608     95       865      2970     3643     3233     3352     3476     3225     2031     3267     2741     2981     1744     3588     3360     3988     854      3350     1879     4607     1658     3408     407      1611     4529     3919     3294     2817     5081     2833     566      4863     3967     4782     365      3442     3001     1417     4590     164      2119     
29       1457     2328     859      646      854      1801     449      1539     1195     1549     1802     1316     1817     1032     1241     1871     2478     2008     1762     685      1060     1381     1323     2143     2239     455      1717     983      2397     0        2017     1682     1883     420      1442     1928     2080     2063     1719     1611     2402     1551     638      1402     2108     2760     2072     1089     581      943      573      645      655      1855     1438     1683     1684     1070     1141     2216     877      1013     2507     1341     2191     1799     918      429      2690     977      1832     2530     1855     2385     2736     2183     1095     1515     2304     2431     1121     
30       2880     2573     1579     2622     2092     1872     2306     3296     3034     3478     3597     1129     3775     2318     2293     973      2924     739      2698     1654     2838     1736     2894     3389     265      1821     1792     1116     2795     2017     0        1955     2610     1725     1693     1851     3455     2891     2128     3541     2865     2400     2487     1971     4108     750      4090     3013     2387     1994     1648     2483     2030     3850     1356     3311     2661     2871     1143     3432     1625     2365     2590     1275     2803     3633     2565     2049     3527     2993     2445     3047     1921     3420     2949     721      1285     1408     2696     2704     2967     
31       3135     719      880      1836     2437     184      1525     3181     1834     3061     2184     2216     3257     946      724      1065     3958     2486     3355     1029     2721     330      1436     1554     2212     1959     192      1798     3854     1682     1955     0        676      1833     2690     333      1685     3645     3106     2362     3883     3096     1564     306      3403     2419     3209     1962     2261     784      1158     1550     2249     2798     613      1775     3283     1681     2050     1577     2197     1014     3840     2350     848      2268     1356     1306     1572     2245     3321     1117     207      1498     4143     1513     880      2576     782      3840     2749     
32       3312     617      1288     1796     2722     818      1573     3226     1572     3003     1749     2722     3141     881      644      1741     4321     3091     3641     1375     2812     883      1093     911      2871     2261     864      2286     4228     1883     2610     676      0        2154     3124     924      1077     3941     3501     2034     4245     3414     1526     665      3201     3095     2946     1759     2414     962      1494     1510     2523     2490     1254     1313     3564     1458     2541     922      2583     924      4270     2837     309      1851     1216     1454     934      2145     3673     647      797      822      4544     2189     1426     3061     493      4237     2799     
33       1368     2526     953      1054     607      1918     863      1623     1615     1755     2222     904      2050     1361     1533     1773     2167     1621     1522     809      1143     1507     1724     2517     1923     134      1824     624      2075     420      1725     1833     2154     0        1040     2025     2471     1814     1359     2018     2091     1270     1057     1590     2390     2476     2403     1503     667      1191     680      1062     431      2232     1453     2096     1450     1490     739      2588     469      1357     2143     922      2456     2217     1318     769      3013     1337     1519     2791     1977     2732     2397     2011     1078     1096     2531     2090     1256     
34       1346     3409     1846     2020     788      2727     1892     1912     2613     2269     3212     589      2582     2387     2535     2247     1315     1156     1016     1749     1574     2362     2762     3555     1758     988      2628     908      1197     1442     1693     2690     3124     1040     0        2800     3511     1199     457      2947     1246     727      2077     2504     2998     2349     3121     2468     1335     2178     1634     2085     901      3071     2171     3125     989      2503     682      3624     570      2388     1151     429      3414     3193     2356     1807     4018     2192     758      3740     2789     3757     1456     2281     1822     303      3447     1159     1740     
35       3363     722      1083     2142     2632     150      1818     3452     2165     3359     2514     2285     3564     1273     1057     895      4095     2453     3536     1249     2982     550      1768     1832     2095     2156     212      1892     3985     1928     1851     333      924      2025     2800     0        1980     3819     3234     2695     4022     3265     1874     624      3724     2227     3536     2288     2509     1082     1373     1860     2453     3129     630      2101     3468     2011     2134     1846     2346     1341     3939     2430     1012     2599     1682     1581     1737     2557     3469     1208     134      1727     4256     1314     984      2653     854      3958     3022     
36       3265     1624     1912     1651     2904     1856     1639     2975     1121     2609     902      3259     2644     1183     1162     2706     4517     3793     3745     1903     2680     1764     763      227      3720     2532     1877     2835     4449     2080     3455     1685     1077     2471     3511     1980     0        4044     3797     1328     4442     3585     1478     1529     2563     4037     2235     1349     2436     1485     1975     1467     2714     1752     2150     551      3665     1128     3069     286      2940     1159     4585     3334     1167     1018     1162     1707     990      1812     3884     1329     1847     601      4799     3161     2175     3538     1446     4496     2604     
37       870      4340     2765     2395     1221     3721     2443     1464     2971     1964     3493     1780     2224     3094     3302     3390     566      2308     302      2623     1453     3317     3286     4147     2946     1693     3625     2010     578      2063     2891     3645     3941     1814     1199     3819     4044     0        777      3110     512      554      2576     3404     2662     3530     2915     2766     1608     2985     2494     2588     1418     3054     3214     3555     381      2923     1833     4224     1483     3071     953      1623     4248     3436     2912     2493     4746     2347     453      4586     3781     4425     922      3468     2841     1487     4340     723      1592     
38       1165     3822     2244     2222     914      3154     2157     1791     2824     2219     3405     1045     2521     2720     2891     2703     864      1531     664      2130     1556     2776     3036     3862     2171     1274     3055     1351     751      1719     2128     3106     3501     1359     457      3234     3797     777      0        3092     793      445      2328     2902     2955     2753     3130     2653     1459     2543     2008     2338     1089     3151     2608     3370     666      2735     1135     3934     919      2713     788      884      3798     3371     2635     2121     4372     2315     323      4129     3216     4090     1043     2735     2250     719      3849     736      1724     
39       2252     2652     2030     964      2190     2544     1239     1807     543      1362     459      2922     1338     1437     1637     3105     3647     3617     2837     1911     1657     2242     949      1536     3785     2007     2513     2588     3608     1611     3541     2362     2034     2018     2947     2695     1328     3110     3092     0        3578     2764     1054     2080     1236     4250     927      530      1634     1714     1896     1058     2047     456      2537     799      2761     710      2751     1608     2429     1369     3839     2933     2265     361      1052     1492     2308     779      3077     2527     2568     1914     3974     3517     2354     3084     2517     3695     1528     
40       1367     4595     3012     2809     1549     3938     2814     1975     3400     2472     3944     1826     2736     3429     3619     3492     76       2203     743      2888     1930     3553     3679     4530     2873     1986     3840     2145     95       2402     2865     3883     4245     2091     1246     4022     4442     512      793      3578     0        857      2964     3667     3174     3432     3423     3204     2016     3283     2762     2975     1746     3546     3399     3975     817      3337     1928     4605     1686     3414     501      1665     4547     3893     3291     2824     5089     2805     572      4882     4000     4786     411      3504     3037     1478     4613     258      2078     
41       721      3796     2217     1958     697      3169     1957     1352     2553     1796     3110     1273     2093     2582     2780     2845     932      1882     300      2078     1161     2767     2822     3673     2481     1154     3073     1464     865      1551     2400     3096     3414     1270     727      3265     3585     554      445      2764     857      0        2107     2860     2530     3074     2724     2364     1166     2453     1950     2118     896      2780     2660     3123     262      2484     1303     3749     929      2564     1079     1125     3719     3065     2434     1977     4241     1985     313      4056     3229     3932     1224     2943     2286     1030     3801     933      1324     
42       1842     2075     1009     277      1427     1726     198      1699     572      1507     1176     1935     1693     660      914      2106     3039     2592     2275     871      1300     1347     715      1571     2731     1089     1667     1564     2970     638      2487     1564     1526     1057     2077     1874     1478     2576     2328     1054     2964     2107     0        1258     1861     3199     1718     528      969      794      843      15       1240     1391     1566     1047     2195     434      1754     1648     1515     606      3114     1973     1827     1184     342      439      2201     683      2405     2156     1767     1858     3321     2495     1328     2153     2003     3019     1275     
43       2859     937      658      1530     2187     474      1221     2883     1545     2756     1931     2070     2951     649      449      1178     3743     2426     3110     782      2428     238      1173     1432     2235     1710     433      1639     3643     1402     1971     306      665      1590     2504     624      1529     3404     2902     2080     3667     2860     1258     0        3100     2511     2912     1663     1976     482      910      1244     1995     2509     627      1539     3036     1389     1894     1468     1984     718      3654     2192     923      2008     1058     1011     1600     1939     3099     1239     510      1451     3944     1632     760      2418     947      3639     2451     
44       1833     3809     2837     1614     2226     3574     1963     1202     1628     736      1672     3209     440      2460     2700     3929     3228     3961     2467     2677     1424     3208     2112     2772     4313     2311     3521     3014     3233     2108     4108     3403     3201     2390     2998     3724     2563     2662     2955     1236     3174     2530     1861     3100     0        4857     378      1454     1756     2653     2608     1873     2183     827      3416     2034     2410     1751     3084     2844     2636     2393     3562     3157     3458     1558     2051     2239     3544     1190     2812     3740     3610     3151     3585     4278     3138     3230     3693     3362     1257     
45       3602     2922     2242     3352     2827     2292     3025     4039     3730     4229     4271     1828     4526     2957     2891     1354     3482     1230     3366     2342     3585     2274     3544     3942     594      2572     2234     1865     3352     2760     750      2419     3095     2476     2349     2227     4037     3530     2753     4250     3432     3074     3199     2511     4857     0        4831     3727     3138     2632     2355     3194     2774     4577     1887     3955     3336     3563     1872     3976     2358     3011     3086     1958     3235     4317     3244     2760     3963     3732     3077     3427     2329     3917     3447     913      1926     2049     3075     3239     3716     
46       2060     3561     2723     1503     2334     3385     1850     1454     1386     951      1334     3266     721      2263     2491     3822     3482     4011     2697     2573     1574     3042     1852     2450     4309     2342     3341     3025     3476     2072     4090     3209     2946     2403     3121     3536     2235     2915     3130     927      3423     2724     1718     2912     378      4831     0        1248     1817     2490     2520     1728     2260     482      3284     1723     2634     1529     3125     2519     2705     2195     3783     3232     3187     1219     1853     2130     3223     1100     3020     3454     3416     2830     3834     4196     3036     3329     3434     3595     1406     
47       1945     2360     1524     451      1740     2137     709      1627     229      1290     751      2405     1389     1015     1248     2614     3277     3090     2477     1395     1349     1796     699      1508     3256     1504     2092     2061     3225     1089     3013     1962     1759     1503     2468     2288     1349     2766     2653     530      3204     2364     528      1663     1454     3727     1248     0        1200     1248     1371     533      1579     874      2058     813      2398     300      2230     1587     1931     947      3421     2424     2031     725      605      967      2238     462      2675     2332     2169     1857     3587     3013     1846     2584     2252     3296     1259     
48       898      2892     1436     793      558      2382     854      978      1386     1091     1951     1455     1393     1538     1770     2400     2090     2206     1309     1264     493      1962     1677     2540     2575     566      2298     1274     2031     581      2387     2261     2414     667      1335     2509     2436     1608     1459     1634     2016     1166     969      1976     1756     3138     1817     1200     0        1506     1147     983      445      1735     2006     1958     1229     1321     1328     2617     888      1504     2221     1414     2723     1913     1309     974      3161     862      1476     3060     2436     2826     2390     2668     1650     1517     2857     2097     589      
49       2397     1386     427      1060     1764     936      740      2401     1171     2279     1652     1824     2482     325      362      1398     3359     2309     2687     441      1949     554      912      1460     2257     1299     873      1389     3267     943      1994     784      962      1191     2178     1082     1485     2985     2543     1714     3283     2453     794      482      2653     2632     2490     1248     1506     0        545      781      1567     2117     823      1324     2611     1004     1637     1517     1627     379      3316     1922     1265     1709     662      533      1840     1477     2710     1602     980      1598     3585     1826     711      2141     1361     3277     1969     
