

sets
i        orders          /0*10/
k        routes          /1*10/
p        positions       /0*10/
;

alias(i,j)
alias(i,h)
alias(i,hh)
alias(i,jj)
alias(k,kk)
                            Parameters

rho(i)	Processing time
/
0	0
1	50
2	77
3	57
4	92
5	30
6	56
7	35
8	3
9	38
10	77
/

gamma(i)	Duedate
/
0	0
1	95
2	14
3	27
4	40
5	7
6	66
7	26
8	74
9	81
10	95
/

sigma(i)	Size
/
0	0
1	9
2	7
3	3
4	3
5	7
6	7
7	7
8	2
9	6
10	1
/

epsilon(i)	Priority
/
0	0
1	3
2	2
3	9
4	4
5	7
6	7
7	4
8	9
9	8
10	2
/

psi	Vehicle Capacity
/ 72 /
;

Table kappa(i,j)                 Setup
         0        1        2        3        4        5        6        7        8        9        10       
0        0        71       81       54       74       26       61       59       79       33       51       
1        71       0        89       19       29       50       26       78       13       62       24       
2        81       89       0        90       63       64       62       22       102      49       90       
3        54       19       90       0        40       37       31       74       24       53       4        
4        74       29       63       40       0        47       13       57       41       51       43       
5        26       50       64       37       47       0        35       44       60       17       35       
6        61       26       62       31       13       35       0        52       39       41       33       
7        59       78       22       74       57       44       52       0        90       27       74       
8        79       13       102      24       41       60       39       90       0        73       28       
9        33       62       49       53       51       17       41       27       73       0        51       
10       51       24       90       4        43       35       33       74       28       51       0        
;



Table delta(i,j)                 Distance
         0        1        2        3        4        5        6        7        8        9        10       
0        0        29       16       33       26       9        33       7        33       29       29       
1        29       0        46       44       38       38       4        36       25       58       57       
2        16       46       0        37       31       9        50       9        45       14       17       
3        33       44       37       0        7        30       47       33       23       39       33       
4        26       38       31       7        0        23       41       27       20       35       30       
5        9        38       9        30       23       0        42       4        36       20       20       
6        33       4        50       47       41       42       0        41       27       63       61       
7        7        36       9        33       27       4        41       0        38       22       23       
8        33       25       45       23       20       36       27       38       0        53       49       
9        29       58       14       39       35       20       63       22       53       0        6        
10       29       57       17       33       30       20       61       23       49       6        0        
;

