

sets
i        orders          /0*10/
k        routes          /1*10/
p        positions       /0*10/
;

alias(i,j)
alias(i,h)
alias(i,hh)
alias(i,jj)
alias(k,kk)
                            Parameters

rho(i)	Processing time
/
0	0
1	87
2	85
3	37
4	27
5	83
6	99
7	30
8	91
9	94
10	32
/

gamma(i)	Duedate
/
0	0
1	73
2	48
3	68
4	56
5	83
6	71
7	30
8	41
9	96
10	42
/

sigma(i)	Size
/
0	0
1	3
2	6
3	4
4	6
5	7
6	1
7	4
8	1
9	7
10	9
/

epsilon(i)	Priority
/
0	0
1	3
2	1
3	2
4	8
5	5
6	6
7	7
8	8
9	1
10	6
/

psi	Vehicle Capacity
/ 50 /
;

Table kappa(i,j)                 Setup
         0        1        2        3        4        5        6        7        8        9        10       
0        0        230      467      528      241      294      512      279      526      571      74       
1        230      0        339      312      232      110      290      87       298      351      245      
2        467      339      0        246      243      426      459      252      321      288      422      
3        528      312      246      0        390      335      251      249      85       48       517      
4        241      232      243      390      0        342      491      192      426      438      184      
5        294      110      426      335      342      0        224      179      293      363      329      
6        512      290      459      251      491      224      0        299      167      246      536      
7        279      87       252      249      192      179      299      0        256      293      271      
8        526      298      321      85       426      293      167      256      0        81       527      
9        571      351      288      48       438      363      246      293      81       0        562      
10       74       245      422      517      184      329      536      271      527      562      0        
;



Table delta(i,j)                 Distance
         0        1        2        3        4        5        6        7        8        9        10       
0        0        32       55       22       47       6        45       23       31       42       40       
1        32       0        30       16       19       31       42       22       32       16       15       
2        55       30       0        33       11       56       34       52       34       14       15       
3        22       16       33       0        25       24       30       26       17       20       18       
4        47       19       11       25       0        47       36       41       32       5        7        
5        6        31       56       24       47       0        49       18       35       43       41       
6        45       42       34       30       36       49       0        56       14       33       31       
7        23       22       52       26       41       18       56       0        43       38       37       
8        31       32       34       17       32       35       14       43       0        28       26       
9        42       16       14       20       5        43       33       38       28       0        2        
10       40       15       15       18       7        41       31       37       26       2        0        
;

