

sets
i        orders          /0*10/
k        routes          /1*10/
p        positions       /0*10/
;

alias(i,j)
alias(i,h)
alias(i,hh)
alias(i,jj)
alias(k,kk)
                            Parameters

rho(i)	Processing time
/
0	0
1	32
2	72
3	75
4	70
5	86
6	47
7	24
8	94
9	76
10	93
/

gamma(i)	Duedate
/
0	0
1	99
2	34
3	18
4	22
5	38
6	62
7	71
8	43
9	71
10	58
/

sigma(i)	Size
/
0	0
1	1
2	6
3	7
4	8
5	5
6	5
7	8
8	2
9	5
10	3
/

epsilon(i)	Priority
/
0	0
1	5
2	8
3	5
4	3
5	7
6	2
7	9
8	5
9	3
10	4
/

psi	Vehicle Capacity
/ 144 /
;

Table kappa(i,j)                 Setup
         0        1        2        3        4        5        6        7        8        9        10       
0        0        923      573      214      789      688      385      271      662      872      782      
1        923      0        806      774      1114     529      695      655      713      342      1017     
2        573      806      0        376      325      298      232      460      136      550      256      
3        214      774      376      0        638      476      171      149      451      674      610      
4        789      1114     325      638      0        586      537      756      401      822      112      
5        688      529      298      476      586      0        313      463      185      253      487      
6        385      695      232      171      537      313      0        228      283      533      485      
7        271      655      460      149      756      463      228      0        497      613      711      
8        662      713      136      451      401      185      283      497      0        429      304      
9        872      342      550      674      822      253      533      613      429      0        715      
10       782      1017     256      610      112      487      485      711      304      715      0        
;



Table delta(i,j)                 Distance
         0        1        2        3        4        5        6        7        8        9        10       
0        0        25       35       62       42       49       48       37       28       50       51       
1        25       0        26       37       21       30       29       21       6        25       26       
2        35       26       0        41       19       55       53       10       21       36       44       
3        62       37       41       0        22       40       39       31       33       13       22       
4        42       21       19       22       0        41       39       9        15       17       26       
5        49       30       55       40       41       0        1        47       34       29       18       
6        48       29       53       39       39       1        0        45       32       28       16       
7        37       21       10       31       9        47       45       0        15       26       34       
8        28       6        21       33       15       34       32       15       0        22       26       
9        50       25       36       13       17       29       28       26       22       0        12       
10       51       26       44       22       26       18       16       34       26       12       0        
;

