
sets
i        orders          /0*5/
k        routes          /1*5/
p        positions       /0*5/
;

alias(i,j)
alias(i,h)
alias(i,hh)
alias(i,jj)
alias(k,kk)
                
                    Parameters

rho(i)	Processing time
/
0	0
1	20
2	63
3	13
4	21
5	81
/

gamma(i)	Duedate
/
0	0
1	5
2	29
3	82
4	69
5	40
/

sigma(i)	Size
/
0	0
1	9
2	2
3	7
4	9
5	7
/

epsilon(i)	Priority
/
0	0
1	1
2	6
3	1
4	3
5	7
/

psi	Vehicle Capacity
/ 38 /
;

Table kappa(i,j)                 Setup
         0        1        2        3        4        5        
0        0        63       15       48       125      34       
1        63       0        53       17       81       55       
2        15       53       0        36       111      21       
3        48       17       36       0        85       38       
4        125      81       111      85       0        96       
5        34       55       21       38       96       0        
;



Table delta(i,j)                 Distance
         0        1        2        3        4        5        
0        0        162      196      150      146      196      
1        162      0        72       39       98       45       
2        196      72       0        111      170      37       
3        150      39       111      0        59       84       
4        146      98       170      59       0        143      
5        196      45       37       84       143      0        
;

