
sets
i        orders          /0*5/
k        routes          /1*5/
p        positions       /0*5/
;

alias(i,j)
alias(i,h)
alias(i,hh)
alias(i,jj)
alias(k,kk)
                
                    Parameters

rho(i)	Processing time
/
0	0
1	14
2	45
3	4
4	87
5	89
/

gamma(i)	Duedate
/
0	0
1	27
2	84
3	20
4	14
5	98
/

sigma(i)	Size
/
0	0
1	1
2	7
3	4
4	6
5	9
/

epsilon(i)	Priority
/
0	0
1	6
2	5
3	8
4	6
5	4
/

psi	Vehicle Capacity
/ 20 /
;

Table kappa(i,j)                 Setup
         0        1        2        3        4        5        
0        0        107      11       101      17       15       
1        107      0        111      50       107      104      
2        11       111      0        100      28       8        
3        101      50       100      0        109      91       
4        17       107      28       109      0        32       
5        15       104      8        91       32       0        
;



Table delta(i,j)                 Distance
         0        1        2        3        4        5        
0        0        95       100      136      39       58       
1        95       0        18       137      67       71       
2        100      18       0        122      66       85       
3        136      137      122      0        107      172      
4        39       67       66       107      0        66       
5        58       71       85       172      66       0        
;

