
sets
i        orders          /0*5/
k        routes          /1*5/
p        positions       /0*5/
;

alias(i,j)
alias(i,h)
alias(i,hh)
alias(i,jj)
alias(k,kk)
                
                    Parameters

rho(i)	Processing time
/
0	0
1	50
2	76
3	50
4	81
5	54
/

gamma(i)	Duedate
/
0	0
1	18
2	89
3	29
4	80
5	16
/

sigma(i)	Size
/
0	0
1	7
2	5
3	3
4	1
5	4
/

epsilon(i)	Priority
/
0	0
1	2
2	1
3	8
4	6
5	6
/

psi	Vehicle Capacity
/ 32 /
;

Table kappa(i,j)                 Setup
         0        1        2        3        4        5        
0        0        115      79       76       95       9        
1        115      0        61       96       92       110      
2        79       61       0        35       34       71       
3        76       96       35       0        20       66       
4        95       92       34       20       0        85       
5        9        110      71       66       85       0        
;



Table delta(i,j)                 Distance
         0        1        2        3        4        5        
0        0        53       89       111      56       73       
1        53       0        142      149      29       104      
2        89       142      0        102      142      87       
3        111      149      102      0        129      164      
4        56       29       142      129      0        122      
5        73       104      87       164      122      0        
;

