
sets
i        orders          /0*10/
k        routes          /1*10/
p        positions       /0*10/
;

alias(i,j)
alias(i,h)
alias(i,hh)
alias(i,jj)
alias(k,kk)
                
                    Parameters

rho(i)	Processing time
/
0	0
1	28
2	93
3	82
4	28
5	78
6	6
7	34
8	76
9	20
10	64
/

gamma(i)	Duedate
/
0	0
1	39
2	11
3	90
4	16
5	76
6	6
7	36
8	81
9	49
10	36
/

sigma(i)	Size
/
0	0
1	5
2	1
3	8
4	1
5	6
6	5
7	2
8	5
9	6
10	9
/

epsilon(i)	Priority
/
0	0
1	2
2	4
3	2
4	1
5	3
6	8
7	3
8	2
9	1
10	5
/

psi	Vehicle Capacity
/ 38 /
;

Table kappa(i,j)                 Setup
         0        1        2        3        4        5        6        7        8        9        10       
0        0        127      104      313      169      71       294      40       122      255      78       
1        127      0        137      215      198      60       201      157      54       130      129      
2        104      137      0        242      69       120      220      90       169      228      174      
3        313      215      242      0        244      267      23       322      266      129      342      
4        169      198      69       244      0        189      221      145      236      265      242      
5        71       60       120      267      189      0        251      106      54       190      75       
6        294      201      220      23       221      251      0        301      254      129      326      
7        40       157      90       322      145      106      301      0        159      279      116      
8        122      54       169      266      236      54       254      159      0        167      91       
9        255      130      228      129      265      190      129      279      167      0        256      
10       78       129      174      342      242      75       326      116      91       256      0        
;



Table delta(i,j)                 Distance
         0        1        2        3        4        5        6        7        8        9        10       
0        0        900      1860     1950     1830     1590     1680     1290     1110     1500     1860     
1        900      0        81       61       34       76       30       19       52       26       39       
2        1860     81       0        52       92       14       88       79       29       83       87       
3        1950     61       52       0        52       60       50       48       37       47       44       
4        1830     34       92       52       0        94       5        17       65       10       9        
5        1590     76       14       60       94       0        89       79       28       84       89       
6        1680     30       88       50       5        89       0        12       60       5        10       
7        1290     19       79       48       17       79       12       0        51       7        20       
8        1110     52       29       37       65       28       60       51       0        55       61       
9        1500     26       83       47       10       84       5        7        55       0        13       
10       1860     39       87       44       9        89       10       20       61       13       0        
;

