
sets
i        orders          /0*10/
k        routes          /1*10/
p        positions       /0*10/
;

alias(i,j)
alias(i,h)
alias(i,hh)
alias(i,jj)
alias(k,kk)
                
                    Parameters

rho(i)	Processing time
/
0	0
1	52
2	51
3	68
4	29
5	76
6	76
7	30
8	72
9	79
10	41
/

gamma(i)	Duedate
/
0	0
1	11
2	48
3	71
4	90
5	99
6	23
7	55
8	69
9	91
10	84
/

sigma(i)	Size
/
0	0
1	4
2	7
3	6
4	8
5	8
6	4
7	3
8	2
9	1
10	4
/

epsilon(i)	Priority
/
0	0
1	2
2	1
3	6
4	9
5	7
6	1
7	9
8	4
9	2
10	8
/

psi	Vehicle Capacity
/ 31 /
;

Table kappa(i,j)                 Setup
         0        1        2        3        4        5        6        7        8        9        10       
0        0        263      215      315      212      148      252      53       25       332      122      
1        263      0        330      223      241      139      189      238      239      233      302      
2        215      330      0        213      99       299      176      171      208      226      97       
3        315      223      213      0        124      291      63       263      292      17       259      
4        212      241      99       124      0        243      77       159      194      139      135      
5        148      139      299      291      243      0        235      148      129      307      233      
6        252      189      176      63       77       235      0        200      229      80       203      
7        53       238      171      263      159      148      200      0        37       280      87       
8        25       239      208      292      194      129      229      37       0        309      120      
9        332      233      226      17       139      307      80       280      309      0        274      
10       122      302      97       259      135      233      203      87       120      274      0        
;



Table delta(i,j)                 Distance
         0        1        2        3        4        5        6        7        8        9        10       
0        0        1440     1170     900      2160     420      360      2370     1170     600      960      
1        1440     0        85       63       86       44       54       126      58       55       50       
2        1170     85       0        30       95       51       31       58       68       48       48       
3        900      63       30       0        101      44       17       87       69       49       17       
4        2160     86       95       101      0        58       84       88       33       52       104      
5        420      44       51       44       58       0        27       81       25       11       45       
6        360      54       31       17       84       27       0        80       51       31       24       
7        2370     126      58       87       88       81       80       0        80       71       102      
8        1170     58       68       69       33       25       51       80       0        21       70       
9        600      55       48       49       52       11       31       71       21       0        53       
10       960      50       48       17       104      45       24       102      70       53       0        
;

