
sets
i        orders          /0*10/
k        routes          /1*10/
p        positions       /0*10/
;

alias(i,j)
alias(i,h)
alias(i,hh)
alias(i,jj)
alias(k,kk)
                
                    Parameters

rho(i)	Processing time
/
0	0
1	62
2	90
3	4
4	32
5	31
6	78
7	1
8	10
9	82
10	25
/

gamma(i)	Duedate
/
0	0
1	53
2	83
3	34
4	54
5	33
6	99
7	45
8	30
9	33
10	95
/

sigma(i)	Size
/
0	0
1	2
2	5
3	4
4	4
5	5
6	4
7	3
8	1
9	8
10	2
/

epsilon(i)	Priority
/
0	0
1	3
2	9
3	6
4	1
5	7
6	6
7	1
8	3
9	9
10	6
/

psi	Vehicle Capacity
/ 23 /
;

Table kappa(i,j)                 Setup
         0        1        2        3        4        5        6        7        8        9        10       
0        0        202      240      12       315      181      110      103      149      32       38       
1        202      0        100      214      113      183      156      106      171      172      163      
2        240      100      0        249      145      130      236      138      137      217      205      
3        12       214      249      0        327      185      120      114      154      44       50       
4        315      113      145      327      0        269      256      219      267      285      277      
5        181      183      130      185      269      0        237      123      31       176      162      
6        110      156      236      120      256      237      0        115      209      84       91       
7        103      106      138      114      219      123      115      0        98       79       66       
8        149      171      137      154      267      31       209      98       0        145      131      
9        32       172      217      44       285      176      84       79       145      0        14       
10       38       163      205      50       277      162      91       66       131      14       0        
;



Table delta(i,j)                 Distance
         0        1        2        3        4        5        6        7        8        9        10       
0        0        3420     300      2970     2310     1860     930      2280     1350     960      990      
1        3420     0        106      50       65       64       83       76       69       96       95       
2        300      106      0        89       75       59       23       75       38       22       35       
3        2970     50       89       0        89       79       71       100      64       71       96       
4        2310     65       75       89       0        17       56       11       44       80       45       
5        1860     64       59       79       17       0        39       23       27       63       33       
6        930      83       23       71       56       39       0        59       15       23       29       
7        2280     76       75       100      11       23       59       0        49       83       43       
8        1350     69       38       64       44       27       15       49       0        36       32       
9        960      96       22       71       80       63       23       83       36       0        49       
10       990      95       35       96       45       33       29       43       32       49       0        
;

