
sets
i        orders          /0*10/
k        routes          /1*10/
p        positions       /0*10/
;

alias(i,j)
alias(i,h)
alias(i,hh)
alias(i,jj)
alias(k,kk)
                
                    Parameters

rho(i)	Processing time
/
0	0
1	81
2	1
3	15
4	8
5	62
6	99
7	79
8	62
9	83
10	92
/

gamma(i)	Duedate
/
0	0
1	74
2	2
3	93
4	59
5	44
6	15
7	45
8	89
9	55
10	25
/

sigma(i)	Size
/
0	0
1	1
2	1
3	3
4	8
5	9
6	2
7	6
8	2
9	3
10	9
/

epsilon(i)	Priority
/
0	0
1	3
2	6
3	3
4	3
5	9
6	3
7	7
8	8
9	6
10	3
/

psi	Vehicle Capacity
/ 21 /
;

Table kappa(i,j)                 Setup
         0        1        2        3        4        5        6        7        8        9        10       
0        0        347      146      266      327      346      169      269      256      232      372      
1        347      0        288      97       54       31       178      246      214      142      50       
2        146      288      0        191      291      274      151      127      123      146      328      
3        266      97       191      0        113      84       107      160      126      45       141      
4        327      54       291      113      0        82       160      273      239      155      46       
5        346      31       274      84       82       0        179      221      191      128      79       
6        169      178      151      107      160      179      0        197      167      92       204      
7        269      246      127      160      273      221      197      0        33       125      295      
8        256      214      123      126      239      191      167      33       0        91       263      
9        232      142      146      45       155      128      92       125      91       0        186      
10       372      50       328      141      46       79       204      295      263      186      0        
;



Table delta(i,j)                 Distance
         0        1        2        3        4        5        6        7        8        9        10       
0        0        2310     1890     1710     3360     1740     1050     1740     1200     1140     3210     
1        2310     0        80       35       48       76       52       42       76       42       49       
2        1890     80       0        45       85       5        80       38       98       71       76       
3        1710     35       45       0        55       40       51       7        75       38       49       
4        3360     48       85       55       0        83       97       56       121      84       9        
5        1740     76       5        40       83       0        74       34       93       65       74       
6        1050     52       80       51       97       74       0        56       25       13       95       
7        1740     42       38       7        56       34       56       0        80       44       49       
8        1200     76       98       75       121      93       25       80       0        38       120      
9        1140     42       71       38       84       65       13       44       38       0        82       
10       3210     49       76       49       9        74       95       49       120      82       0        
;

