

sets
i        orders          /0*80/
k        routes          /1*80/
p        positions       /0*80/
;

alias(i,j)
alias(i,h)
alias(i,hh)
alias(i,jj)
alias(k,kk)
                            Parameters

rho(i)	Processing time
/
0	0
1	62
2	35
3	24
4	19
5	62
6	41
7	26
8	89
9	38
10	96
11	87
12	25
13	6
14	53
15	50
16	21
17	90
18	22
19	64
20	57
21	6
22	60
23	2
24	19
25	11
26	50
27	72
28	34
29	23
30	49
31	13
32	72
33	91
34	12
35	81
36	85
37	37
38	6
39	96
40	9
41	21
42	7
43	31
44	10
45	54
46	62
47	42
48	10
49	77
50	84
51	68
52	84
53	63
54	46
55	36
56	68
57	88
58	5
59	13
60	80
61	75
62	84
63	85
64	23
65	47
66	8
67	99
68	76
69	16
70	92
71	16
72	70
73	84
74	36
75	91
76	34
77	46
78	93
79	59
80	94
/

gamma(i)	Duedate
/
0	0
1	82
2	48
3	27
4	79
5	86
6	2
7	33
8	9
9	76
10	41
11	21
12	79
13	84
14	72
15	20
16	6
17	46
18	15
19	61
20	88
21	28
22	60
23	95
24	11
25	60
26	13
27	54
28	26
29	84
30	65
31	31
32	5
33	45
34	80
35	28
36	46
37	95
38	33
39	99
40	54
41	68
42	71
43	90
44	88
45	38
46	92
47	36
48	43
49	82
50	52
51	15
52	18
53	98
54	5
55	94
56	89
57	26
58	35
59	23
60	23
61	85
62	36
63	89
64	13
65	4
66	64
67	58
68	64
69	6
70	51
71	49
72	33
73	28
74	33
75	61
76	22
77	79
78	67
79	92
80	31
/

sigma(i)	Size
/
0	0
1	9
2	6
3	8
4	5
5	9
6	3
7	1
8	5
9	4
10	3
11	4
12	4
13	4
14	2
15	6
16	6
17	4
18	6
19	1
20	5
21	1
22	3
23	5
24	8
25	9
26	2
27	5
28	5
29	6
30	7
31	2
32	8
33	4
34	2
35	1
36	5
37	1
38	8
39	7
40	2
41	7
42	4
43	2
44	8
45	8
46	9
47	8
48	5
49	5
50	6
51	7
52	3
53	1
54	3
55	9
56	8
57	3
58	8
59	5
60	7
61	7
62	6
63	6
64	6
65	2
66	6
67	4
68	8
69	6
70	9
71	6
72	3
73	9
74	1
75	1
76	9
77	5
78	8
79	2
80	9
/

epsilon(i)	Priority
/
0	0
1	1
2	6
3	5
4	7
5	6
6	1
7	9
8	1
9	9
10	2
11	7
12	1
13	3
14	7
15	6
16	4
17	9
18	9
19	2
20	2
21	5
22	8
23	9
24	8
25	4
26	9
27	9
28	5
29	6
30	7
31	2
32	4
33	2
34	6
35	5
36	3
37	9
38	3
39	2
40	7
41	9
42	3
43	9
44	9
45	4
46	1
47	4
48	3
49	3
50	3
51	8
52	6
53	9
54	5
55	5
56	5
57	1
58	8
59	1
60	1
61	7
62	3
63	1
64	5
65	5
66	1
67	8
68	3
69	6
70	9
71	1
72	8
73	2
74	2
75	1
76	5
77	3
78	1
79	1
80	1
/

psi	Vehicle Capacity
/ 24 /
;

Table kappa(i,j)                 Setup
         0        1        2        3        4        5        6        7        8        9        10       11       12       13       14       15       16       17       18       19       20       21       22       23       24       25       26       27       28       29       30       31       32       33       34       35       36       37       38       39       40       41       42       43       44       45       46       47       48       49       50       51       52       53       54       55       56       57       58       59       60       61       62       63       64       65       66       67       68       69       70       71       72       73       74       75       76       77       78       79       80       
0        0        195      521      3213     1588     2746     2522     1622     1363     3548     4256     1853     564      2955     2438     4070     3885     1428     3930     4153     1657     4066     1640     1392     3012     3576     3367     4333     723      3898     2490     537      3934     3470     999      3046     2596     3573     604      3861     1889     3201     1260     2746     1737     1126     2034     1771     2790     3614     1996     1931     1620     3566     3937     3347     3018     2523     1643     2827     2954     2495     2658     3446     3260     1960     1891     2257     139      1852     2476     3531     2687     3740     2289     3616     1313     3293     496      3969     3457     
1        195      0        340      3022     1567     2704     2356     1680     1332     3409     4073     1733     622      2855     2245     3889     3725     1443     3744     3961     1568     3895     1446     1205     2849     3381     3236     4144     535      3750     2307     385      3746     3276     804      2851     2410     3384     773      3676     1823     3090     1140     2552     1641     931      1862     1581     2602     3502     1832     1768     1672     3497     3788     3184     2828     2454     1509     2634     2797     2344     2482     3250     3087     1815     1817     2124     313      1711     2286     3340     2649     3623     2138     3508     1122     3139     651      3778     3345     
2        521      340      0        2770     1739     2824     2207     1946     1495     3328     3858     1720     918      2863     1925     3682     3584     1665     3513     3706     1626     3722     1135     998      2707     3092     3176     3903     388      3643     2099     133      3506     3002     536      2542     2188     3141     1113     3455     1916     3075     1151     2235     1683     641      1522     1348     2268     3480     1700     1432     1933     3563     3677     3040     2585     2529     1198     2371     2672     2014     2302     2949     2910     1738     1895     2073     651      1647     2050     3087     2776     3589     2041     3496     892      3019     990      3527     3325     
3        3213     3022     2770     0        3022     3183     1151     3655     2910     1880     1185     2090     3224     2398     1245     1065     1522     3250     784      940      2445     1349     1717     1826     1138     646      1981     1140     2490     1852     821      2848     750      400      2234     857      674      386      3656     780      2659     2305     2326     1084     2368     2132     2066     1442     1490     2463     1490     2252     3614     3208     1832     1202     216      2738     2655     414      1290     2480     880      774      843      1756     2572     1830     3299     1855     745      318      3204     2430     1544     2551     1899     1410     3514     757      2391     
4        1588     1567     1739     3022     0        1170     1934     655      244      2469     3724     946      1063     1620     2880     3516     3017     307      3523     3875     579      3334     2202     1602     2276     3591     2229     3945     1461     2882     2205     1860     3576     3394     1701     3288     2356     3276     1439     3405     491      1916     847      3116     665      1815     2932     1872     3358     2312     1535     2930     612      2044     2938     2563     2806     1042     2857     2770     2148     3536     2185     3573     2651     1271     557      1320     1520     1167     2346     3306     1106     2467     1544     2283     1664     2409     1367     3677     2163     
5        2746     2704     2824     3183     1170     0        2042     1523     1383     1908     3513     1353     2233     938      3478     3311     2590     1411     3440     3856     1235     2992     2979     2377     2136     3822     1647     3830     2489     2320     2472     2954     3527     3583     2649     3709     2617     3315     2596     3298     916      1213     1726     3639     1215     2730     3761     2496     3969     1493     1922     3806     1487     923      2385     2302     2989     451      3834     3072     1975     4388     2309     3883     2537     1622     956      1390     2686     1594     2689     3397     77       1662     1680     1424     2483     2081     2533     3669     1383     
6        2522     2356     2207     1151     1934     2042     0        2585     1862     1234     1823     987      2364     1341     1645     1621     1377     2192     1591     1944     1357     1548     1534     1226     500      1782     1182     2014     1840     1470     469      2321     1643     1549     1712     1707     593      1351     2830     1479     1529     1341     1379     1711     1268     1676     2229     986      2100     1631     526      2358     2542     2195     1494     833      949      1593     2609     1042     493      2814     271      1843     761      677      1442     679      2570     794      713      1400     2059     1667     399      1694     1352     835      2696     1747     1510     
7        1622     1680     1946     3655     655      1523     2585     0        748      3089     4380     1598     1062     2189     3402     4172     3661     407      4176     4522     1227     3986     2665     2104     2932     4206     2840     4598     1779     3507     2834     2042     4227     4018     2077     3861     2984     3921     1234     4059     1126     2493     1382     3660     1318     2209     3331     2423     3862     2868     2164     3295     44       2447     3565     3216     3438     1562     3138     3382     2802     3902     2832     4171     3307     1915     1201     1975     1510     1806     2959     3945     1447     3031     2198     2826     2136     3056     1227     4324     2727     
8        1363     1332     1495     2910     244      1383     1862     748      0        2519     3676     888      861      1730     2687     3470     3026     340      3452     3787     525      3319     1986     1396     2244     3457     2290     3875     1218     2922     2089     1617     3498     3270     1464     3122     2237     3184     1274     3341     583      2014     648      2933     625      1581     2703     1690     3158     2420     1420     2695     709      2227     2975     2547     2693     1199     2614     2634     2128     3303     2100     3424     2602     1185     621      1299     1304     1072     2210     3203     1323     2569     1488     2400     1448     2412     1186     3589     2267     
9        3548     3409     3328     1880     2469     1908     1234     3089     2519     0        1708     1717     3252     974      2801     1527     701      2775     1765     2202     2015     1129     2768     2405     827      2486     262      2084     2943     422      1623     3453     1878     2231     2880     2682     1681     1810     3719     1615     1978     699      2294     2794     1915     2867     3453     2215     3209     626      1652     3588     3044     1503     484      679      1778     1599     3842     2021     751      4021     1324     2653     1038     1596     1915     1295     3564     1698     1853     1945     1966     555      1288     725      2538     479      3601     2048     617      
10       4256     4073     3858     1185     3724     3513     1823     4380     3676     1708     0        2790     4170     2589     2422     208      1029     3998     414      663      3159     603      2874     2870     1453     1384     1933     413      3538     1419     1766     3951     501      1221     3324     1933     1670     809      4628     412      3276     2370     3197     2226     3064     3239     3248     2510     2601     2322     2325     3436     4336     3211     1364     1215     1312     3124     3840     1591     1595     3630     1621     1640     1074     2498     3193     2407     4324     2617     1817     937      3558     2212     2187     2423     2967     1431     4490     635      2326     
11       1853     1733     1720     2090     946      1353     987      1598     888      1717     2790     0        1535     1145     2142     2583     2159     1209     2577     2929     370      2435     1631     1044     1357     2680     1520     3000     1336     2095     1283     1852     2630     2471     1395     2446     1436     2331     2004     2462     581      1359     593      2329     281      1446     2416     1145     2634     1769     630      2473     1555     1896     2143     1665     1875     939      2551     1870     1245     3044     1239     2687     1715     335      497      431      1856     258      1453     2366     1337     1889     602      1779     1162     1544     1884     2731     1613     
12       564      622      918      3224     1063     2233     2364     1062     861      3252     4170     1535     0        2554     2651     3973     3671     871      3883     4155     1260     3905     1855     1428     2824     3670     3046     4299     871      3630     2439     998      3904     3530     1199     3207     2567     3556     471      3794     1430     2822     992      2944     1353     1340     2402     1811     3061     3235     1846     2333     1057     3089     3676     3152     3016     2057     2116     2873     2739     2926     2548     3577     3125     1726     1450     1964     468      1607     2480     3540     2169     3374     2063     3224     1399     3061     349      3963     3079     
13       2955     2855     2863     2398     1620     938      1341     2189     1730     974      2589     1145     2554     0        2953     2390     1651     1925     2547     2974     1302     2056     2646     2123     1281     3045     712      2922     2481     1392     1810     2996     2643     2794     2526     3046     1933     2469     2996     2402     1148     305      1721     3048     1219     2561     3417     2093     3425     692      1452     3507     2145     858      1456     1392     2227     641      3648     2373     1120     4034     1577     3146     1665     1226     1110     878      2939     1272     2051     2569     993      847      1092     671      2252     1161     2896     2795     542      
14       2438     2245     1925     1245     2880     3478     1645     3402     2687     2801     2422     2142     2651     2953     0        2310     2652     3007     2012     2035     2388     2564     803      1298     1974     1270     2804     2306     1788     2909     1191     1957     1953     1275     1464     646      1120     1613     2992     2023     2695     2984     2039     312      2355     1325     829      1016     491      3269     1560     1021     3370     3811     2908     2199     1178     3038     1456     875      2064     1258     1483     1073     1884     1856     2619     2128     2556     1890     951      1493     3471     3291     1868     3336     1277     2333     2854     1901     3154     
15       4070     3889     3682     1065     3516     3311     1621     4172     3470     1527     208      2583     3973     2390     2310     0        869      3791     369      738      2952     467      2720     2689     1244     1357     1745     558      3355     1265     1584     3777     487      1165     3149     1860     1496     712      4433     292      3068     2177     2996     2134     2857     3068     3130     2335     2523     2147     2127     3314     4128     3030     1214     1010     1167     2919     3707     1458     1387     3538     1425     1605     867      2294     2985     2198     4135     2413     1651     858      3355     2045     1981     2248     2789     1230     4295     653      2143     
16       3885     3725     3584     1522     3017     2590     1377     3661     3026     701      1029     2159     3671     1651     2652     869      0        3315     1167     1590     2503     432      2822     2599     878      2037     950      1425     3216     397      1597     3698     1289     1796     3085     2378     1590     1327     4142     1026     2535     1394     2681     2568     2402     3040     3403     2321     2985     1297     1893     3564     3616     2194     351      544      1497     2247     3887     1789     934      3910     1323     2246     773      1947     2461     1731     3923     2064     1774     1480     2644     1183     1610     1398     2722     615      4014     1465     1314     
17       1428     1443     1665     3250     307      1411     2192     407      340      2775     3998     1209     871      1925     3007     3791     3315     0        3783     4123     839      3624     2285     1710     2558     3798     2536     4206     1445     3187     2429     1775     3831     3611     1723     3456     2578     3521     1187     3670     797      2222     977      3260     934      1850     2976     2020     3473     2617     1760     2953     370      2311     3242     2852     3033     1335     2832     2974     2435     3561     2434     3763     2924     1518     861      1604     1340     1407     2551     3542     1341     2773     1811     2585     1750     2705     1134     3925     2468     
18       3930     3744     3513     784      3523     3440     1591     4176     3452     1765     414      2577     3883     2547     2012     369      1167     3783     0        437      2948     812      2494     2538     1311     991      1955     423      3208     1562     1448     3599     123      811      2976     1520     1334     401      4332     149      3100     2367     2930     1812     2858     2884     2839     2166     2187     2391     2058     3028     4133     3248     1518     1158     934      3026     3439     1197     1469     3216     1356     1242     907      2266     3014     2227     4006     2381     1463     523      3477     2306     1979     2490     2626     1395     4192     299      2368     
19       4153     3961     3706     940      3875     3856     1944     4522     3787     2202     663      2929     4155     2974     2035     738      1590     4123     437      0        3297     1206     2629     2766     1720     827      2391     316      3430     1987     1723     3780     331      759      3171     1454     1589     604      4592     586      3471     2801     3233     1786     3211     3066     2858     2382     2110     2828     2372     3054     4480     3685     1940     1591     1141     3434     3491     1335     1881     3158     1690     1087     1318     2606     3385     2604     4239     2716     1682     621      3890     2741     2342     2927     2839     1829     4450     197      2805     
20       1657     1568     1626     2445     579      1235     1357     1227     525      2015     3159     370      1260     1302     2388     2952     2503     839      2948     3297     0        2794     1786     1174     1721     3022     1796     3370     1269     2410     1630     1759     2999     2820     1413     2748     1783     2697     1716     2832     328      1563     492      2601     101      1496     2556     1372     2876     1976     963      2586     1185     1938     2461     2022     2229     903      2598     2204     1603     3179     1606     3014     2085     692      279      774      1636     590      1782     2727     1200     2114     973      1970     1267     1888     1607     3099     1820     
21       4066     3895     3722     1349     3334     2992     1548     3986     3319     1129     603      2435     3905     2056     2564     467      432      3624     812      1206     2794     0        2856     2724     1084     1764     1369     1009     3371     816      1648     3828     935      1545     3203     2195     1600     1067     4373     690      2863     1813     2913     2432     2695     3140     3358     2404     2839     1729     2074     3532     3941     2626     760      772      1385     2630     3892     1689     1191     3817     1419     1996     812      2184     2785     2020     4117     2304     1777     1223     3043     1614     1851     1830     2837     939      4240     1108     1744     
22       1640     1446     1135     1717     2202     2979     1534     2665     1986     2768     2874     1631     1855     2646     803      2720     2822     2285     2494     2629     1786     2856     0        612      1996     1966     2696     2856     987      2985     1225     1183     2468     1897     661      1407     1255     2102     2188     2462     2112     2757     1359     1107     1779     522      785      564      1211     3109     1200     861      2637     3477     3002     2297     1562     2570     1076     1304     2025     1412     1504     1815     2068     1429     2049     1768     1755     1414     1080     2024     2957     3171     1581     3156     538      2355     2051     2463     2970     
23       1392     1205     998      1826     1602     2377     1226     2104     1396     2405     2870     1044     1428     2123     1298     2689     2599     1710     2538     2766     1174     2724     612      0        1725     2242     2287     2941     669      2687     1105     1104     2542     2108     485      1794     1205     2181     1837     2471     1500     2274     755      1562     1169     461      1385     387      1763     2654     754      1431     2072     2926     2716     2056     1627     1980     1524     1454     1708     2011     1304     2151     1912     899      1439     1253     1472     855      1085     2145     2352     2738     1132     2688     133      2055     1695     2580     2506     
24       3012     2849     2707     1138     2276     2136     500      2932     2244     827      1453     1357     2824     1281     1974     1244     878      2558     1311     1720     1721     1084     1996     1725     0        1780     863      1716     2338     989      804      2821     1392     1525     2211     1882     854      1190     3293     1175     1823     1167     1832     1972     1624     2172     2644     1467     2385     1346     1016     2788     2888     2070     1007     335      995      1715     3071     1209     162      3200     505      1907     403      1100     1741     956      3054     1220     1028     1289     2170     1338     767      1428     1850     365      3162     1532     1260     
25       3576     3381     3092     646      3591     3822     1782     4206     3457     2486     1384     2680     3670     3045     1270     1357     2037     3798     991      827      3022     1764     1966     2242     1780     0        2608     1135     2869     2403     1397     3148     884      256      2576     645      1244     710      4073     1080     3258     2947     2842     991      2952     2454     2071     1859     1286     3086     2059     2268     4167     3850     2373     1808     833      3375     2720     823      1934     2334     1513     261      1454     2345     3172     2455     3677     2434     1246     557      3841     3041     2165     3177     2285     2029     3931     758      3022     
26       3367     3236     3176     1981     2229     1647     1182     2840     2290     262      1933     1520     3046     712      2804     1745     950      2536     1955     2391     1796     1369     2696     2287     863      2608     0        2295     2788     682      1613     3303     2063     2352     2750     2746     1692     1957     3509     1805     1738     444      2107     2826     1697     2749     3411     2134     3234     483      1536     3535     2796     1293     745      815      1854     1338     3760     2071     744      3995     1322     2755     1155     1437     1678     1112     3376     1531     1853     2082     1705     487      1155     570      2421     582      3395     2228     418      
27       4333     4144     3903     1140     3945     3830     2014     4598     3875     2084     413      3000     4299     2922     2306     558      1425     4206     423      316      3370     1009     2856     2941     1716     1135     2295     0        3609     1820     1861     3985     398      1038     3367     1748     1740     762      4746     543      3518     2722     3352     2072     3280     3269     3134     2563     2411     2705     2480     3328     4555     3585     1767     1531     1318     3424     3756     1552     1871     3457     1779     1396     1315     2689     3433     2645     4412     2804     1858     833      3870     2603     2400     2806     3023     1761     4605     405      2698     
28       723      535      388      2490     1461     2489     1840     1779     1218     2943     3538     1336     871      2481     1788     3355     3216     1445     3208     3430     1269     3371     987      669      2338     2869     2788     3609     0        3263     1772     518      3211     2754     327      2365     1875     2849     1212     3141     1574     2688     782      2087     1318     469      1559     1048     2190     3093     1325     1516     1758     3197     3298     2673     2294     2171     1396     2107     2297     2123     1954     2752     2560     1351     1544     1684     811      1259     1752     2808     2446     3201     1657     3110     591      2642     1072     3245     2938     
29       3898     3750     3643     1852     2882     2320     1470     3507     2922     422      1419     2095     3630     1392     2909     1265     397      3187     1562     1987     2410     816      2985     2687     989      2403     682      1820     3263     0        1782     3764     1683     2156     3171     2697     1806     1697     4100     1419     2391     1107     2657     2857     2309     3143     3621     2453     3276     935      1946     3770     3462     1838     65       711      1796     2021     4061     2072     980      4157     1488     2600     1037     1937     2326     1665     3922     2047     1989     1846     2381     805      1611     1034     2817     635      3978     1859     978      
30       2490     2307     2099     821      2205     2472     469      2834     2089     1623     1766     1283     2439     1810     1191     1584     1597     2429     1448     1723     1630     1648     1225     1105     804      1397     1613     1861     1772     1782     0        2197     1465     1189     1568     1245     153      1120     2885     1371     1861     1807     1511     1242     1557     1496     1840     759      1635     2078     670      1987     2794     2664     1793     1080     604      2021     2291     601      876      2398     299      1420     845      948      1775     1083     2561     1040     244      1120     2483     2100     792      2147     1206     1170     2744     1528     1965     
31       537      385      133      2848     1860     2954     2321     2042     1617     3453     3951     1852     998      2996     1957     3777     3698     1775     3599     3780     1759     3828     1183     1104     2821     3148     3303     3985     518      3764     2197     0        3589     3067     628      2584     2281     3223     1142     3545     2047     3206     1284     2269     1816     716      1499     1441     2278     3611     1819     1393     2032     3696     3797     3154     2668     2661     1123     2445     2791     1962     2408     2997     3016     1866     2027     2202     675      1777     2137     3164     2904     3720     2165     3628     991      3138     1028     3605     3456     
32       3934     3746     3506     750      3576     3527     1643     4227     3498     1878     501      2630     3904     2643     1953     487      1289     3831     123      331      2999     935      2468     2542     1392     884      2063     398      3211     1683     1465     3589     0        721      2970     1437     1343     367      4349     265      3162     2470     2963     1740     2911     2873     2782     2165     2105     2504     2094     2973     4184     3356     1640     1260     921      3108     3391     1164     1553     3140     1398     1139     989      2313     3076     2291     4014     2426     1459     459      3562     2422     2036     2603     2625     1498     4209     176      2477     
33       3470     3276     3002     400      3394     3583     1549     4018     3270     2231     1221     2471     3530     2794     1275     1165     1796     3611     811      759      2820     1545     1897     2108     1525     256      2352     1038     2754     2156     1189     3067     721      0        2475     717      1037     478      3946     877      3045     2692     2668     1034     2746     2360     2100     1722     1385     2830     1858     2295     3978     3596     2128     1552     601      3137     2731     656      1680     2425     1278     452      1198     2135     2958     2226     3566     2230     1066     321      3603     2786     1938     2921     2164     1773     3804     634      2766     
34       999      804      536      2234     1701     2649     1712     2077     1464     2880     3324     1395     1199     2526     1464     3149     3085     1723     2976     3171     1413     3203     661      485      2211     2576     2750     3367     327      3171     1568     628      2970     2475     0        2053     1653     2604     1528     2919     1736     2703     924      1766     1441     141      1254     813      1862     3095     1229     1232     2053     3290     3200     2541     2048     2294     1185     1839     2192     1840     1784     2447     2390     1329     1693     1681     1105     1260     1513     2552     2613     3190     1596     3123     365      2539     1390     2992     2944     
35       3046     2851     2542     857      3288     3709     1707     3861     3122     2682     1933     2446     3207     3046     646      1860     2378     3456     1520     1454     2748     2195     1407     1794     1882     645      2746     1748     2365     2697     1245     2584     1437     717      2053     0        1113     1148     3578     1568     3025     3012     2479     348      2695     1920     1426     1441     668      3228     1818     1624     3826     3893     2681     2019     907      3258     2079     679      2010     1709     1471     428      1666     2123     2942     2319     3157     2188     1020     1002     3715     3217     2031     3309     1808     2204     3438     1349     3137     
36       2596     2410     2188     674      2356     2617     593      2984     2237     1681     1670     1436     2567     1933     1120     1496     1590     2578     1334     1589     1783     1600     1255     1205     854      1244     1692     1740     1875     1806     153      2281     1343     1037     1653     1113     0        989      3007     1267     2014     1914     1653     1138     1710     1572     1818     839      1542     2165     821      1975     2944     2783     1811     1096     457      2166     2303     454      948      2353     372      1270     821      1101     1928     1230     2672     1193     184      979      2629     2177     938      2238     1297     1214     2867     1396     2059     
37       3573     3384     3141     386      3276     3315     1351     3921     3184     1810     809      2331     3556     2469     1613     712      1327     3521     401      604      2697     1067     2102     2181     1190     710      1957     762      2849     1697     1120     3223     367      478      2604     1148     989      0        3997     420      2881     2331     2629     1423     2613     2506     2439     1802     1810     2425     1768     2628     3879     3233     1665     1142     556      2882     3038     800      1352     2828     1091     930      811      2006     2794     2021     3654     2114     1097     156      3344     2365     1750     2519     2262     1376     3856     408      2376     
38       604      773      1113     3656     1439     2596     2830     1234     1274     3719     4628     2004     471      2996     2992     4433     4142     1187     4332     4592     1716     4373     2188     1837     3293     4073     3509     4746     1212     4100     2885     1142     4349     3946     1528     3578     3007     3997     0        4248     1856     3272     1462     3294     1812     1666     2635     2224     3368     3682     2309     2535     1246     3483     4146     3622     3450     2469     2243     3291     3210     3100     3007     3963     3589     2197     1886     2434     467      2078     2910     3973     2528     3825     2534     3667     1788     3532     141      4401     3527     
39       3861     3676     3455     780      3405     3298     1479     4059     3341     1615     412      2462     3794     2402     2023     292      1026     3670     149      586      2832     690      2462     2471     1175     1080     1805     543      3141     1419     1371     3545     265      877      2919     1568     1267     420      4248     0        2976     2218     2833     1843     2741     2832     2846     2106     2230     2242     1960     3032     4016     3099     1376     1011     900      2887     3431     1181     1331     3246     1254     1322     773      2156     2891     2102     3932     2272     1409     566      3336     2158     1861     2341     2565     1247     4109     440      2218     
40       1889     1823     1916     2659     491      916      1529     1126     583      1978     3276     581      1430     1148     2695     3068     2535     797      3100     3471     328      2863     2112     1500     1823     3258     1738     3518     1574     2391     1861     2047     3162     3045     1736     3025     2014     2881     1856     2976     0        1436     811      2896     340      1822     2884     1682     3185     1839     1212     2915     1081     1677     2448     2095     2446     634      2921     2451     1686     3507     1793     3269     2210     915      86       873      1849     837      2035     2926     877      1990     1130     1817     1595     1931     1764     3274     1687     
41       3201     3090     3075     2305     1916     1213     1341     2493     2014     699      2370     1359     2822     305      2984     2177     1394     2222     2367     2801     1563     1813     2757     2274     1167     2947     444      2722     2688     1107     1807     3206     2470     2692     2703     3012     1914     2331     3272     2218     1436     0        1949     3049     1473     2725     3510     2194     3442     414      1558     3615     2449     904      1172     1210     2153     945      3789     2333     1017     4117     1544     3071     1520     1377     1392     1023     3192     1444     2052     2444     1274     554      1176     421      2406     972      3168     2629     257      
42       1260     1140     1151     2326     847      1726     1379     1382     648      2294     3197     593      992      1721     2039     2996     2681     977      2930     3233     492      2913     1359     755      1832     2842     2107     3352     782      2657     1511     1284     2963     2668     924      2479     1653     2629     1462     2833     811      1949     0        2284     535      1015     2105     1042     2513     2361     873      2120     1346     2415     2700     2160     2110     1390     2109     2020     1748     2720     1579     2794     2140     735      771      999      1269     617      1601     2631     1688     2483     1072     2368     822      2074     1333     3037     2204     
43       2746     2552     2235     1084     3116     3639     1711     3660     2933     2794     2226     2329     2944     3048     312      2134     2568     3260     1812     1786     2601     2432     1107     1562     1972     991      2826     2072     2087     2857     1242     2269     1740     1034     1766     348      1138     1423     3294     1843     2896     3049     2284     0        2559     1629     1080     1244     418      3302     1718     1277     3627     3905     2849     2158     1071     3192     1730     784      2082     1404     1511     775      1820     2023     2817     2262     2863     2071     998      1289     3637     3308     1986     3377     1556     2317     3156     1668     3198     
44       1737     1641     1683     2368     665      1215     1268     1318     625      1915     3064     281      1353     1219     2355     2857     2402     934      2858     3211     101      2695     1779     1169     1624     2952     1697     3280     1318     2309     1557     1816     2911     2746     1441     2695     1710     2613     1812     2741     340      1473     535      2559     0        1516     2555     1341     2844     1887     894      2593     1275     1880     2360     1922     2153     856      2623     2138     1504     3180     1521     2951     1990     612      270      674      1720     518      1717     2647     1185     2022     880      1883     1270     1787     1702     3013     1730     
45       1126     931      641      2132     1815     2730     1676     2209     1581     2867     3239     1446     1340     2561     1325     3068     3040     1850     2884     3066     1496     3140     522      461      2172     2454     2749     3269     469      3143     1496     716      2873     2360     141      1920     1572     2506     1666     2832     1822     2725     1015     1629     1516     0        1126     737      1720     3110     1216     1115     2185     3342     3169     2498     1952     2361     1109     1731     2163     1721     1728     2319     2330     1347     1774     1701     1237     1289     1423     2448     2696     3198     1593     3141     328      2509     1529     2889     2961     
46       2034     1862     1522     2066     2932     3761     2229     3331     2703     3453     3248     2416     2402     3417     829      3130     3403     2976     2839     2858     2556     3358     785      1385     2644     2071     3411     3134     1559     3621     1840     1499     2782     2100     1254     1426     1818     2439     2635     2846     2884     3510     2105     1080     2555     1126     0        1324     886      3845     1965     197      3308     4255     3628     2912     1977     3355     661      1677     2702     627      2139     1847     2630     2210     2824     2542     2169     2199     1633     2322     3738     3894     2337     3899     1290     3010     2512     2728     3713     
47       1771     1581     1348     1442     1872     2496     986      2423     1690     2215     2510     1145     1811     2093     1016     2335     2321     2020     2166     2382     1372     2404     564      387      1467     1859     2134     2563     1048     2453     759      1441     2165     1722     813      1441     839      1802     2224     2106     1682     2194     1042     1244     1341     737      1324     0        1504     2544     641      1420     2388     2933     2474     1783     1246     2069     1628     1067     1480     1943     999      1778     1596     895      1608     1219     1856     903      705      1761     2482     2607     1018     2591     460      1818     2082     2197     2406     
48       2790     2602     2268     1490     3358     3969     2100     3862     3158     3209     2601     2634     3061     3425     491      2523     2985     3473     2187     2110     2876     2839     1211     1763     2385     1286     3234     2411     2190     3276     1635     2278     2105     1385     1862     668      1542     1810     3368     2230     3185     3442     2513     418      2844     1720     886      1504     0        3707     2049     1075     3832     4284     3268     2576     1488     3528     1544     1203     2489     1047     1914     1035     2239     2347     3110     2613     2916     2382     1390     1667     3963     3718     2347     3779     1726     2733     3235     2015     3599     
49       3614     3502     3480     2463     2312     1493     1631     2868     2420     626      2322     1769     3235     692      3269     2147     1297     2617     2391     2828     1976     1729     3109     2654     1346     3086     483      2705     3093     935      2078     3611     2504     2830     3095     3228     2165     2425     3682     2242     1839     414      2361     3302     1887     3110     3845     2544     3707     0        1919     3960     2826     902      999      1283     2338     1307     4157     2553     1222     4441     1793     3237     1632     1766     1799     1415     3606     1841     2320     2554     1563     169      1533     101      2787     1056     3580     2674     157      
