
sets
i        orders          /0*10/
k        routes          /1*10/
p        positions       /0*10/
;

alias(i,j)
alias(i,h)
alias(i,hh)
alias(i,jj)
alias(k,kk)
                
                    Parameters

rho(i)	Processing time
/
0	0
1	6
2	27
3	58
4	37
5	78
6	37
7	85
8	11
9	25
10	43
/

gamma(i)	Duedate
/
0	0
1	50
2	39
3	35
4	69
5	40
6	98
7	10
8	78
9	71
10	19
/

sigma(i)	Size
/
0	0
1	7
2	5
3	6
4	7
5	1
6	9
7	1
8	5
9	1
10	3
/

epsilon(i)	Priority
/
0	0
1	2
2	9
3	1
4	4
5	7
6	1
7	1
8	4
9	6
10	8
/

psi	Vehicle Capacity
/ 12 /
;

Table kappa(i,j)                 Setup
         0        1        2        3        4        5        6        7        8        9        10       
0        0        42       87       199      175      106      66       320      92       230      45       
1        42       0        60       161      182      138      41       320      127      204      13       
2        87       60       0        118      143      141      95       269      136      145      72       
3        199      161      118      0        215      255      177      290      252      101      167      
4        175      182      143      215      0        115      224      147      127      159      196      
5        106      138      141      255      115      0        171      258      16       241      147      
6        66       41       95       177      224      171      0        361      158      235      28       
7        320      320      269      290      147      258      361      0        272      194      333      
8        92       127      136      252      127      16       158      272      0        245      135      
9        230      204      145      101      159      241      235      194      245      0        216      
10       45       13       72       167      196      147      28       333      135      216      0        
;



Table delta(i,j)                 Distance
         0        1        2        3        4        5        6        7        8        9        10       
0        0        1100     140      200      260      1540     1100     1300     1000     320      960      
1        1100     0        57       65       53       31       19       10       46       40       25       
2        140      57       0        12       8        77       60       67       57       22       47       
3        200      65       12       0        20       88       65       76       56       26       58       
4        260      53       8        20       0        70       58       62       59       23       40       
5        1540     31       77       88       70       0        49       24       78       67       30       
6        1100     19       60       65       58       49       0        25       29       39       42       
7        1300     10       67       76       62       24       25       0        55       51       29       
8        1000     46       57       56       59       78       29       55       0        36       62       
9        320      40       22       26       23       67       39       51       36       0        40       
10       960      25       47       58       40       30       42       29       62       40       0        
;

