
sets
i        orders          /0*10/
k        routes          /1*10/
p        positions       /0*10/
;

alias(i,j)
alias(i,h)
alias(i,hh)
alias(i,jj)
alias(k,kk)
                
                    Parameters

rho(i)	Processing time
/
0	0
1	36
2	42
3	22
4	64
5	30
6	99
7	74
8	93
9	89
10	65
/

gamma(i)	Duedate
/
0	0
1	44
2	99
3	23
4	39
5	24
6	49
7	51
8	34
9	95
10	65
/

sigma(i)	Size
/
0	0
1	9
2	4
3	1
4	8
5	2
6	9
7	7
8	8
9	2
10	8
/

epsilon(i)	Priority
/
0	0
1	7
2	2
3	2
4	1
5	8
6	7
7	1
8	5
9	7
10	3
/

psi	Vehicle Capacity
/ 11 /
;

Table kappa(i,j)                 Setup
         0        1        2        3        4        5        6        7        8        9        10       
0        0        94       254      224      94       208      166      50       124      173      108      
1        94       0        191      223      8        193      160      109      92       244      104      
2        254      191      0        157      199      122      137      290      131      308      159      
3        224      223      157      0        232      38       63       274      132      182      124      
4        94       8        199      232      0        202      168      105      101      249      112      
5        208      193      122      38       202      0        41       256      101      197      101      
6        166      160      137      63       168      41       0        215      69       171      61       
7        50       109      290      274      105      256      215      0        166      212      154      
8        124      92       131      132      101      101      69       166      0        199      32       
9        173      244      308      182      249      197      171      212      199      0        167      
10       108      104      159      124      112      101      61       154      32       167      0        
;



Table delta(i,j)                 Distance
         0        1        2        3        4        5        6        7        8        9        10       
0        0        1940     320      1540     2160     1780     2140     1720     1080     1080     1680     
1        1940     0        81       33       44       78       30       24       46       55       29       
2        320      81       0        63       95       81       93       71       38       42       70       
3        1540     33       63       0        32       46       30       10       42       26       7        
4        2160     44       95       32       0        47       15       28       73       54       26       
5        1780     78       81       46       47       0        59       53       81       43       48       
6        2140     30       93       30       15       59       0        21       66       55       23       
7        1720     24       71       10       28       53       21       0        45       36       5        
8        1080     46       38       42       73       81       66       45       0        39       47       
9        1080     55       42       26       54       43       55       36       39       0        33       
10       1680     29       70       7        26       48       23       5        47       33       0        
;

