

sets
i        orders          /0*5/
k        routes          /1*5/
p        positions       /0*5/
;

alias(i,j)
alias(i,h)
alias(i,hh)
alias(i,jj)
alias(k,kk)
                            Parameters

rho(i)	Processing time
/
0	0
1	59
2	28
3	94
4	39
5	88
/

gamma(i)	Duedate
/
0	0
1	60
2	70
3	11
4	62
5	33
/

sigma(i)	Size
/
0	0
1	5
2	8
3	5
4	7
5	3
/

epsilon(i)	Priority
/
0	0
1	2
2	1
3	1
4	1
5	7
/

psi	Vehicle Capacity
/ 27 /
;

Table kappa(i,j)                 Setup
         0        1        2        3        4        5        
0        0        43       36       54       21       46       
1        43       0        52       61       26       35       
2        36       52       0        18       29       26       
3        54       61       18       0        44       27       
4        21       26       29       44       0        27       
5        46       35       26       27       27       0        
;



Table delta(i,j)                 Distance
         0        1        2        3        4        5        
0        0        300      810      450      330      630      
1        300      0        22       14       2        12       
2        810      22       0        14       20       13       
3        450      14       14       0        13       15       
4        330      2        20       13       0        10       
5        630      12       13       15       10       0        
;

