

sets
i        orders          /0*5/
k        routes          /1*5/
p        positions       /0*5/
;

alias(i,j)
alias(i,h)
alias(i,hh)
alias(i,jj)
alias(k,kk)
                            Parameters

rho(i)	Processing time
/
0	0
1	23
2	56
3	32
4	7
5	56
/

gamma(i)	Duedate
/
0	0
1	33
2	26
3	79
4	8
5	87
/

sigma(i)	Size
/
0	0
1	6
2	8
3	9
4	9
5	8
/

epsilon(i)	Priority
/
0	0
1	9
2	9
3	7
4	3
5	7
/

psi	Vehicle Capacity
/ 15 /
;

Table kappa(i,j)                 Setup
         0        1        2        3        4        5        
0        0        252      229      298      226      355      
1        252      0        115      84       80       103      
2        229      115      0        89       34       182      
3        298      84       89       0        74       99       
4        226      80       34       74       0        157      
5        355      103      182      99       157      0        
;



Table delta(i,j)                 Distance
         0        1        2        3        4        5        
0        0        830      290      620      1680     760      
1        830      0        70       24       167      76       
2        290      70       0        46       140      46       
3        620      24       46       0        152      55       
4        1680     167      140      152      0        98       
5        760      76       46       55       98       0        
;

