

sets
i        orders          /0*5/
k        routes          /1*5/
p        positions       /0*5/
;

alias(i,j)
alias(i,h)
alias(i,hh)
alias(i,jj)
alias(k,kk)
                            Parameters

rho(i)	Processing time
/
0	0
1	16
2	49
3	81
4	71
5	76
/

gamma(i)	Duedate
/
0	0
1	70
2	73
3	61
4	86
5	59
/

sigma(i)	Size
/
0	0
1	2
2	1
3	5
4	1
5	6
/

epsilon(i)	Priority
/
0	0
1	2
2	5
3	1
4	9
5	4
/

psi	Vehicle Capacity
/ 47 /
;

Table kappa(i,j)                 Setup
         0        1        2        3        4        5        
0        0        61       153      221      55       157      
1        61       0        101      168      116      108      
2        153      101      0        68       207      144      
3        221      168      68       0        275      184      
4        55       116      207      275      0        204      
5        157      108      144      184      204      0        
;



Table delta(i,j)                 Distance
         0        1        2        3        4        5        
0        0        1080     680      330      890      630      
1        1080     0        136      120      47       46       
2        680      136      0        35       94       104      
3        330      120      35       0        88       81       
4        890      47       94       88       0        49       
5        630      46       104      81       49       0        
;

