

sets
i        orders          /0*5/
k        routes          /1*5/
p        positions       /0*5/
;

alias(i,j)
alias(i,h)
alias(i,hh)
alias(i,jj)
alias(k,kk)
                            Parameters

rho(i)	Processing time
/
0	0
1	92
2	27
3	6
4	50
5	21
/

gamma(i)	Duedate
/
0	0
1	6
2	31
3	65
4	36
5	90
/

sigma(i)	Size
/
0	0
1	1
2	1
3	6
4	1
5	8
/

epsilon(i)	Priority
/
0	0
1	3
2	2
3	3
4	9
5	4
/

psi	Vehicle Capacity
/ 127 /
;

Table kappa(i,j)                 Setup
         0        1        2        3        4        5        
0        0        123      131      42       177      184      
1        123      0        114      90       107      62       
2        131      114      0        134      220      158      
3        42       90       134      0        135      148      
4        177      107      220      135      0        101      
5        184      62       158      148      101      0        
;



Table delta(i,j)                 Distance
         0        1        2        3        4        5        
0        0        700      1190     1140     800      810      
1        700      0        62       91       89       47       
2        1190     62       0        57       89       105      
3        1140     91       57       0        47       138      
4        800      89       89       47       0        130      
5        810      47       105      138      130      0        
;

