

sets
i        orders          /0*5/
k        routes          /1*5/
p        positions       /0*5/
;

alias(i,j)
alias(i,h)
alias(i,hh)
alias(i,jj)
alias(k,kk)
                            Parameters

rho(i)	Processing time
/
0	0
1	60
2	48
3	92
4	41
5	2
/

gamma(i)	Duedate
/
0	0
1	5
2	16
3	22
4	66
5	34
/

sigma(i)	Size
/
0	0
1	4
2	2
3	9
4	4
5	4
/

epsilon(i)	Priority
/
0	0
1	5
2	2
3	5
4	3
5	1
/

psi	Vehicle Capacity
/ 13 /
;

Table kappa(i,j)                 Setup
         0        1        2        3        4        5        
0        0        250      283      311      75       137      
1        250      0        70       121      245      118      
2        283      70       0        181      294      167      
3        311      121      181      0        275      178      
4        75       245      294      275      0        128      
5        137      118      167      178      128      0        
;



Table delta(i,j)                 Distance
         0        1        2        3        4        5        
0        0        490      710      300      930      240      
1        490      0        57       41       46       66       
2        710      57       0        86       91       96       
3        300      41       86       0        74       30       
4        930      46       91       74       0        104      
5        240      66       96       30       104      0        
;

