

sets
i        orders          /0*40/
k        routes          /1*40/
p        positions       /0*40/
;

alias(i,j)
alias(i,h)
alias(i,hh)
alias(i,jj)
alias(k,kk)
                            Parameters

rho(i)	Processing time
/
0	0
1	18
2	4
3	87
4	68
5	92
6	60
7	66
8	9
9	59
10	47
11	1
12	71
13	92
14	64
15	54
16	92
17	58
18	57
19	12
20	27
21	9
22	97
23	95
24	17
25	65
26	22
27	41
28	53
29	68
30	74
31	51
32	36
33	18
34	36
35	67
36	51
37	62
38	91
39	71
40	11
/

gamma(i)	Duedate
/
0	0
1	3
2	65
3	37
4	43
5	90
6	58
7	88
8	66
9	36
10	71
11	9
12	15
13	80
14	62
15	99
16	20
17	57
18	17
19	20
20	32
21	6
22	65
23	59
24	4
25	4
26	35
27	86
28	17
29	10
30	69
31	62
32	6
33	90
34	3
35	52
36	26
37	58
38	69
39	51
40	75
/

sigma(i)	Size
/
0	0
1	3
2	8
3	4
4	8
5	3
6	8
7	5
8	4
9	6
10	4
11	1
12	3
13	2
14	2
15	3
16	4
17	7
18	6
19	8
20	3
21	1
22	4
23	3
24	7
25	1
26	9
27	5
28	1
29	5
30	6
31	8
32	5
33	2
34	3
35	1
36	6
37	6
38	1
39	3
40	5
/

epsilon(i)	Priority
/
0	0
1	9
2	9
3	9
4	9
5	8
6	9
7	7
8	2
9	9
10	6
11	8
12	1
13	5
14	9
15	3
16	5
17	3
18	3
19	5
20	2
21	4
22	9
23	9
24	2
25	7
26	7
27	2
28	5
29	4
30	9
31	9
32	1
33	9
34	8
35	2
36	7
37	8
38	3
39	7
40	5
/

psi	Vehicle Capacity
/ 39 /
;

Table kappa(i,j)                 Setup
         0        1        2        3        4        5        6        7        8        9        10       11       12       13       14       15       16       17       18       19       20       21       22       23       24       25       26       27       28       29       30       31       32       33       34       35       36       37       38       39       40       
0        0        253      212      207      101      345      393      110      314      350      266      201      384      90       321      200      301      261      201      49       232      107      243      289      409      267      202      193      91       150      191      226      215      191      413      139      25       405      215      436      366      
1        253      0        118      70       309      107      189      157      233      281      114      126      239      317      260      287      254      161      79       235      206      217      74       91       161      54       130      228      289      110      126      147      189      293      368      201      253      203      142      184      312      
2        212      118      0        52       230      154      182      103      134      181      54       13       178      245      155      175      145      60       46       175      89       231      175      206      223      86       202      113      210      80       192      229      258      183      265      233      225      193      25       253      209      
3        207      70       52       0        247      138      193      99       183      231      76       57       213      258      206      217      197      108      9        179      141      201      122      154      205      61       153      158      227      57       144      178      211      222      316      196      213      206      77       233      260      
4        101      309      230      247      0        381      407      152      290      314      282      216      374      25       287      132      265      259      238      79       209      208      319      364      449      306      290      158      20       198      279      317      312      119      360      239      125      417      221      479      322      
5        345      107      154      138      381      0        94       238      207      249      110      167      172      395      237      324      241      157      145      318      221      323      172      165      68       77       235      262      362      195      233      249      292      334      332      309      350      106      171      99       281      
6        393      189      182      193      407      94       0        283      164      192      127      194      95       425      191      320      202      150      196      357      212      393      261      259      114      142      320      263      388      249      315      337      379      333      265      384      403      13       186      141      222      
7        110      157      103      99       152      238      283      0        219      261      156      93       280      160      232      165      215      157      92       79       145      140      172      216      304      160      161      125      132      46       149      190      203      164      335      152      121      295      110      332      283      
8        314      233      134      183      290      207      164      219      0        48       119      137      91       313      30       175      38       74       178      267      83       358      302      324      262      182      335      132      275      211      326      362      392      189      135      364      333      167      114      293      79       
9        350      281      181      231      314      249      192      261      48       0        167      183      103      338      29       188      49       123      226      301      118      401      350      372      299      230      383      159      301      257      373      410      439      203      86       409      370      193      160      329      32       
10       266      114      54       76       282      110      127      156      119      167      0        67       136      299      147      214      144      51       76       229      112      275      185      205      177      63       226      152      263      126      218      250      285      224      254      273      277      139      63       208      198      
11       201      126      13       57       216      167      194      93       137      183      67       0        187      232      156      164      144      66       49       162      83       224      179      212      236      97       201      102      197      75       191      229      256      171      265      228      214      205      22       266      210      
12       384      239      178      213      374      172      95       280      91       103      136      187      0        396      111      265      127      123      212      340      165      410      314      323      208      185      361      217      358      258      354      384      421      279      170      409      400      93       170      236      130      
13       90       317      245      258      25       395      425      160      313      338      299      232      396      0        311      158      289      279      250      81       231      197      321      367      462      318      287      181      38       207      276      313      305      145      385      229      111      435      239      491      347      
14       321      260      155      206      287      237      191      232      30       29       147      156      111      311      0        164      21       99       201      272      88       372      327      351      292      210      357      131      273      230      347      384      413      178      109      381      341      194      133      323      53       
15       200      287      175      217      132      324      320      165      175      188      214      164      265      158      164      0        143      172      207      152      107      287      327      367      391      261      326      62       124      196      314      355      367      14       227      308      225      328      154      423      191      
16       301      254      145      197      265      241      202      215      38       49       144      144      127      289      21       143      0        93       191      252      70       356      319      345      298      207      346      110      252      216      336      374      400      157      122      365      321      206      121      329      67       
17       261      161      60       108      259      157      150      157      74       123      51       66       123      279      99       172      93       0        103      218      65       291      227      252      221      113      260      113      242      141      251      287      318      184      209      294      277      159      47       253      153      
18       201      79       46       9        238      145      196      92       178      226      76       49       212      250      201      207      191      103      0        172      133      199      130      163      212      68       157      149      218      52       148      183      214      213      311      196      208      209      70       241      254      
19       49       235      175      179      79       318      357      79       267      301      229      162      340      81       272      152      252      218      172      0        184      140      240      286      384      240      211      144      62       126      199      239      237      144      363      167      73       368      173      412      316      
20       232      206      89       141      209      221      212      145      83       118      112      83       165      231      88       107      70       65       133      184      0        285      263      295      286      168      282      52       193      149      271      311      335      120      191      296      252      220      64       318      138      
21       107      217      231      201      208      323      393      140      358      401      275      224      410      197      372      287      356      291      199      140      285      0        177      219      378      252      118      262      196      151      111      134      112      282      476      34       86       406      245      399      423      
22       243      74       175      122      319      172      261      172      302      350      185      179      314      321      327      327      319      227      130      240      263      177      0        46       213      129      66       273      300      132      68       76       120      330      437      152      236      274      200      228      380      
23       289      91       206      154      364      165      259      216      324      372      205      212      323      367      351      367      345      252      163      286      295      219      46       0        191      143      102      310      345      174      108      100      144      371      459      191      281      272      231      202      403      
24       409      161      223      205      449      68       114      304      262      299      177      236      208      462      292      391      298      221      212      384      286      378      213      191      0        144      279      329      430      260      279      287      332      401      376      360      412      120      238      31       330      
25       267      54       86       61       306      77       142      160      182      230      63       97       185      318      210      261      207      113      68       240      168      252      129      143      144      0        180      199      286      117      174      200      239      269      316      242      273      155      107      173      261      
26       202      130      202      153      290      235      320      161      335      383      226      201      361      287      357      326      346      260      157      211      282      118      66       102      279      180      0        280      273      134      12       29       59       326      467      89       189      333      224      295      411      
27       193      228      113      158      158      262      263      125      132      159      152      102      217      181      131      62       110      113      149      144      52       262      273      310      329      199      280      0        143      146      268      310      327      72       219      277      215      271      92       360      172      
28       91       289      210      227      20       362      388      132      275      301      263      197      358      38       273      124      252      242      218      62       193      196      300      345      430      286      273      143      0        179      262      301      297      113      350      225      116      399      202      459      310      
29       150      110      80       57       198      195      249      46       211      257      126      75       258      207      230      196      216      141      52       126      149      151      132      174      260      117      134      146      179      0        123      164      185      198      338      153      156      261      97       287      283      
30       191      126      192      144      279      233      315      149      326      373      218      191      354      276      347      314      336      251      148      199      271      111      68       108      279      174      12       268      262      123      0        41       66       313      457      84       179      328      214      296      401      
31       226      147      229      178      317      249      337      190      362      410      250      229      384      313      384      355      374      287      183      239      311      134      76       100      287      200      29       310      301      164      41       0        45       355      494      102      211      350      252      300      438      
32       215      189      258      211      312      292      379      203      392      439      285      256      421      305      413      367      400      318      214      237      335      112      120      144      332      239      59       327      297      185      66       45       0        365      522      77       196      392      279      345      467      
33       191      293      183      222      119      334      333      164      189      203      224      171      279      145      178      14       157      184      213      144      120      282      330      371      401      269      326      72       113      198      313      355      365      0        241      304      216      340      163      433      206      
34       413      368      265      316      360      332      265      335      135      86       254      265      170      385      109      227      122      209      311      363      191      476      437      459      376      316      467      219      350      338      457      494      522      241      0        487      435      263      243      405      56       
35       139      201      233      196      239      309      384      152      364      409      273      228      409      229      381      308      365      294      196      167      296      34       152      191      360      242      89       277      225      153      84       102      77       304      487      0        119      397      249      379      433      
36       25       253      225      213      125      350      403      121      333      370      277      214      400      111      341      225      321      277      208      73       252      86       236      281      412      273      189      215      116      156      179      211      196      216      435      119      0        415      230      437      387      
37       405      203      193      206      417      106      13       295      167      193      139      205      93       435      194      328      206      159      209      368      220      406      274      272      120      155      333      271      399      261      328      350      392      340      263      397      415      0        196      145      221      
38       215      142      25       77       221      171      186      110      114      160      63       22       170      239      133      154      121      47       70       173      64       245      200      231      238      107      224      92       202      97       214      252      279      163      243      249      230      196      0        270      187      
39       436      184      253      233      479      99       141      332      293      329      208      266      236      491      323      423      329      253      241      412      318      399      228      202      31       173      295      360      459      287      296      300      345      433      405      379      437      145      270      0        360      
40       366      312      209      260      322      281      222      283      79       32       198      210      130      347      53       191      67       153      254      316      138      423      380      403      330      261      411      172      310      283      401      438      467      206      56       433      387      221      187      360      0        
;



Table delta(i,j)                 Distance
         0        1        2        3        4        5        6        7        8        9        10       11       12       13       14       15       16       17       18       19       20       21       22       23       24       25       26       27       28       29       30       31       32       33       34       35       36       37       38       39       40       
0        0        22       88       71       71       145      116      16       193      38       156      129      154      33       111      21       145      130      11       79       125      124      155      77       128      53       51       80       94       76       77       156      207      86       167      94       19       93       161      22       17       
1        22       0        72       87       67       124      107      37       171      57       134      115      146      34       91       14       139      113      10       76       103      104      139      83       116      74       36       86       86       66       57       137      185      77       150      72       22       92       140      44       5        
2        88       72       0        115      130      118      159      96       127      104      95       43       82       62       38       86       81       138      80       49       79       48       67       80       48       126      92       82       142      121      34       72       146      131      79       53       70       59       84       104      75       
3        71       87       115      0        140      208      186      56       241      34       206      144      144      61       151      92       131      200      79       73       180      163      170      44       133      38       121      45       164      147      125      187      258      157      186      148      66       77       200      55       83       
4        71       67       130      140      0        120      47       84       190      105      156      172      210      100      134      54       205      79       67       143      121      145      193      148      178      111      38       151      25       18       102      181      198      21       200      103      86       159      174      85       67       
5        145      124      118      208      120      0        108      162      79       182      57       137      189      148      87       126      193      55       134      163      40       87       143      188      154      198      101      191      108      101      89       109      81       102      138      65       142      176      88       168      129      
6        116      107      159      186      47       108      0        130      186      152      157      197      241      142      152      97       238      54       110      181      124      160      215      191      207      158      72       194      22       41       126      194      189      30       218      118      129      197      181      132      109      
7        16       37       96       56       84       162      130      0        207      22       170      136      155      35       123      37       145      146      27       78       140      135      162      69       132      36       67       72       108      91       90       167      222      101      175      109      25       91       173      8        32       
8        193      171      127      241      190      79       186      207      0        222      36       120      167      182      90       179      177      135      182      176      70       79       110      208      140      243      162      210      184      172      117      71       21       176      97       98       183      184      47       215      176      
9        38       57       104      34       105      182      152      22       222      0        186      140      152      42       135      59       141      168      48       75       157      148      167      57       134      21       89       60       130      113      105      177      238      123      181      125      40       85       185      20       53       
10       156      134      95       206      156      57       157      170      36       186      0        97       148      146      57       143      155      109      145      144      35       49       94       175      116      206      126      177      152      139      81       57       52       144      86       62       146      154      32       178      139      
11       129      115      43       144      172      137      197      136      120      140      97       0        52       101      50       129      58       170      122      71       97       50       26       103      19       162      134      103      182      162      71       50       141      172      42       82       111      71       73       144      118      
12       154      146      82       144      210      189      241      155      167      152      148      52       0        121      102      160      14       219      150      77       149      103      57       100      35       172      172      99       224      202      116      96       189      213      74       131      134      67       121      162      148      
13       33       34       62       61       100      148      142      35       182      42       146      101      121      0        94       46       112      145      33       45       119      106      127      48       97       63       71       51       121      100      65       135      198      112      140      87       14       60       144      43       33       
14       111      91       38       151      134      87       152      123      90       135      57       50       102      94       0        103      105      120      101      87       46       12       63       118      67       157      97       120      139      121      35       47       108      129      66       34       97       97       50       131      96       
15       21       14       86       92       54       126      97       37       179      59       143      129      160      46       103      0        154      108      13       89       109      115      153      94       131      72       29       97       75       55       68       150      192      66       163      81       32       105      151      42       13       
16       145      139      81       131      205      193      238      145      177      141      155      58       14       112      105      154      0        219      143      67       152      108      68       87       39       160      168      86       220      198      115      105      198      209      85       132      126      55       130      152      141      
17       130      113      138      200      79       55       54       146      135      168      109      170      219      145      120      108      219      0        120      174      81       125      182      192      183      180      78       195      60       62       104      155      136      58       181      87       134      189      138      150      116      
18       11       10       80       79       67       134      110      27       182      48       145      122      150      33       101      13       143      120      0        77       114      114      147      80       123      64       42       83       89       69       67       147      196      80       159      83       18       93       150      33       5        
19       79       76       49       73       143      163      181      78       176      75       144      71       77       45       87       89       67       174      77       0        127      97       96       32       60       96       109      33       161      140      74       116      196      151      113      98       59       16       132      84       76       
20       125      103      79       180      121      40       124      140      70       157      35       97       149      119      46       109      152      81       114      127      0        46       104      155      114      176      91       157      117      104      55       73       82       109      101      32       117      139      57       147      108      
21       124      104      48       163      145      87       160      135      79       148      49       50       103      106      12       115      108      125      114      97       46       0        57       129      69       169      108      130      149      131      47       35       98       139      57       43       110      105      37       144      108      
22       155      139      67       170      193      143      215      162      110      167      94       26       57       127      63       153      68       182      147      96       104      57       0        128      39       189      155      128      201      182      91       39       131      191      17       97       137      96       65       170      143      
23       77       83       80       44       148      188      191      69       208      57       175      103      100      48       118      94       87       192      80       32       155      129      128      0        90       74       119      3        169      149      100      149      227      160      145      124      62       33       164      73       81       
24       128      116      48       133      178      154      207      132      140      134      116      19       35       97       67       131      39       183      123      60       114      69       39       90       0        155      140      90       190      169      80       69       161      179      56       96       108      57       93       139      119      
25       53       74       126      38       111      198      158      36       243      21       206      162      172      63       157      72       160      180      64       96       176      169      189      74       155      0        102      76       136      121      125      198      258      130      203      145      60       105      207      30       69       
26       51       36       92       121      38       101      72       67       162      89       126      134      172      71       97       29       168      78       42       109      91       108      155      119      140      102      0        122      52       31       64       144      172      42       162      68       58       125      140      71       39       
27       80       86       82       45       151      191      194      72       210      60       177      103      99       51       120      97       86       195      83       33       157      130      128      3        90       76       122      0        172      152      102      150      229      163      145      126      65       33       166      76       84       
28       94       86       142      164      25       108      22       108      184      130      152      182      224      121      139      75       220      60       89       161      117      149      201      169      190      136      52       172      0        21       111      184      189      10       206      106      107      177      173      110      88       
29       76       66       121      147      18       101      41       91       172      113      139      162      202      100      121      55       198      62       69       140      104      131      182      149      169      121      31       152      21       0        91       166      179      11       187      88       87       156      158      93       67       
30       77       57       34       125      102      89       126      90       117      105      81       71       116      65       35       68       115      104      67       74       55       47       91       100      80       125      64       102      111      91       0        82       133      100      98       24       65       88       83       98       61       
31       156      137      72       187      181      109      194      167      71       177      57       50       96       135      47       150      105      155      147      116      73       35       39       149      69       198      144      150      184      166      82       0        93       174      29       78       141      120      26       175      142      
32       207      185      146      258      198      81       189      222      21       238      52       141      189      198      108      192      198      136      196      196      82       98       131      227      161      258      172      229      189      179      133      93       0        182      118      113      198      204      68       229      190      
33       86       77       131      157      21       102      30       101      176      123      144      172      213      112      129      66       209      58       80       151      109      139      191      160      179      130      42       163      10       11       100      174      182      0        195      96       98       167      164      103      78       
34       167      150      79       186      200      138      218      175      97       181      86       42       74       140      66       163      85       181      159      113      101      57       17       145      56       203      162      145      206      187      98       29       118      195      0        100      149      113      54       183      154      
35       94       72       53       148      103      65       118      109      98       125      62       82       131      87       34       81       132      87       83       98       32       43       97       124      96       145      68       126      106      88       24       78       113      96       100      0        85       111      72       116      77       
36       19       22       70       66       86       142      129      25       183      40       146      111      134      14       97       32       126      134      18       59       117      110      137      62       108      60       58       65       107      87       65       141      198      98       149      85       0        75       147      34       19       
37       93       92       59       77       159      176      197      91       184      85       154      71       67       60       97       105      55       189      93       16       139      105      96       33       57       105      125      33       177      156      88       120      204      167      113      111      75       0        138      97       92       
38       161      140      84       200      174      88       181      173      47       185      32       73       121      144      50       151      130      138      150      132      57       37       65       164      93       207      140      166      173      158      83       26       68       164      54       72       147      138      0        181      145      
39       22       44       104      55       85       168      132      8        215      20       178      144      162      43       131      42       152      150      33       84       147      144      170      73       139      30       71       76       110      93       98       175      229      103      183      116      34       97       181      0        39       
40       17       5        75       83       67       129      109      32       176      53       139      118      148      33       96       13       141      116      5        76       108      108      143      81       119      69       39       84       88       67       61       142      190      78       154      77       19       92       145      39       0        
;

