

sets
i        orders          /0*10/
k        routes          /1*10/
p        positions       /0*10/
;

alias(i,j)
alias(i,h)
alias(i,hh)
alias(i,jj)
alias(k,kk)
                            Parameters

rho(i)	Processing time
/
0	0
1	4
2	49
3	76
4	42
5	65
6	48
7	15
8	23
9	22
10	46
/

gamma(i)	Duedate
/
0	0
1	23
2	35
3	90
4	84
5	82
6	60
7	53
8	96
9	50
10	96
/

sigma(i)	Size
/
0	0
1	2
2	1
3	7
4	8
5	9
6	7
7	7
8	4
9	3
10	2
/

epsilon(i)	Priority
/
0	0
1	9
2	6
3	9
4	8
5	9
6	4
7	8
8	5
9	2
10	6
/

psi	Vehicle Capacity
/ 22 /
;

Table kappa(i,j)                 Setup
         0        1        2        3        4        5        6        7        8        9        10       
0        0        351      379      562      647      650      845      798      49       626      354      
1        351      0        719      870      741      810      734      730      330      846      703      
2        379      719      0        222      620      536      982      903      389      430      79       
3        562      870      222      0        544      421      963      872      557      280      297      
4        647      741      620      544      0        148      441      342      605      290      684      
5        650      810      536      421      148      0        588      489      615      148      609      
6        845      734      982      963      441      588      0        101      796      730      1028     
7        798      730      903      872      342      489      101      0        749      632      954      
8        49       330      389      557      605      615      796      749      0        600      373      
9        626      846      430      280      290      148      730      632      600      0        508      
10       354      703      79       297      684      609      1028     954      373      508      0        
;



Table delta(i,j)                 Distance
         0        1        2        3        4        5        6        7        8        9        10       
0        0        960      190      530      800      470      1010     450      720      750      1120     
1        960      0        94       97       120      62       68       62       126      99       89       
2        190      94       0        70       98       56       112      55       91       92       125      
3        530      97       70       0        29       37       66       37       29       23       68       
4        800      120      98       29       0        64       73       64       16       22       67       
5        470      62       56       37       64       0        55       1        66       47       69       
6        1010     68       112      66       73       55       0        57       86       51       21       
7        450      62       55       37       64       1        57       0        66       48       70       
8        720      126      91       29       16       66       86       66       0        34       82       
9        750      99       92       23       22       47       51       48       34       0        48       
10       1120     89       125      68       67       69       21       70       82       48       0        
;

