

sets
i        orders          /0*10/
k        routes          /1*10/
p        positions       /0*10/
;

alias(i,j)
alias(i,h)
alias(i,hh)
alias(i,jj)
alias(k,kk)
                            Parameters

rho(i)	Processing time
/
0	0
1	52
2	86
3	92
4	82
5	2
6	55
7	32
8	40
9	55
10	65
/

gamma(i)	Duedate
/
0	0
1	45
2	25
3	91
4	52
5	17
6	28
7	63
8	15
9	90
10	28
/

sigma(i)	Size
/
0	0
1	4
2	9
3	1
4	9
5	8
6	2
7	6
8	4
9	8
10	7
/

epsilon(i)	Priority
/
0	0
1	2
2	9
3	4
4	3
5	5
6	6
7	6
8	2
9	3
10	4
/

psi	Vehicle Capacity
/ 44 /
;

Table kappa(i,j)                 Setup
         0        1        2        3        4        5        6        7        8        9        10       
0        0        838      414      724      530      1023     213      297      527      740      507      
1        838      0        435      486      352      868      661      602      310      911      390      
2        414      435      0        393      122      784      285      173      148      645      114      
3        724      486      393      0        294      413      663      428      441      439      282      
4        530      352      122      294      0        701      407      258      154      619      39       
5        1023     868      784      413      701      0        1023     759      853      369      682      
6        213      661      285      663      407      1023     0        268      353      804      397      
7        297      602      173      428      258      759      268      0        321      543      225      
8        527      310      148      441      154      853      353      321      0        766      183      
9        740      911      645      439      619      369      804      543      766      0        584      
10       507      390      114      282      39       682      397      225      183      584      0        
;



Table delta(i,j)                 Distance
         0        1        2        3        4        5        6        7        8        9        10       
0        0        290      240      160      480      470      480      680      910      420      470      
1        290      0        47       36       52       68       77       98       118      47       69       
2        240      47       0        11       72       61       34       59       92       65       23       
3        160      36       11       0        65       60       43       67       97       58       34       
4        480      52       72       65       0        37       82       90       90       7        94       
5        470      68       61       60       37       0        56       56       54       33       77       
6        480      77       34       43       82       56       0        26       65       76       30       
7        680      98       59       67       90       56       26       0        43       85       55       
8        910      118      92       97       90       54       65       43       0        87       95       
9        420      47       65       58       7        33       76       85       87       0        87       
10       470      69       23       34       94       77       30       55       95       87       0        
;

