

sets
i        orders          /0*10/
k        routes          /1*10/
p        positions       /0*10/
;

alias(i,j)
alias(i,h)
alias(i,hh)
alias(i,jj)
alias(k,kk)
                            Parameters

rho(i)	Processing time
/
0	0
1	91
2	88
3	57
4	79
5	2
6	90
7	48
8	12
9	51
10	41
/

gamma(i)	Duedate
/
0	0
1	41
2	87
3	40
4	27
5	56
6	97
7	74
8	82
9	91
10	7
/

sigma(i)	Size
/
0	0
1	3
2	5
3	5
4	4
5	7
6	3
7	8
8	3
9	8
10	7
/

epsilon(i)	Priority
/
0	0
1	2
2	7
3	1
4	3
5	8
6	6
7	5
8	4
9	6
10	7
/

psi	Vehicle Capacity
/ 23 /
;

Table kappa(i,j)                 Setup
         0        1        2        3        4        5        6        7        8        9        10       
0        0        477      176      233      266      463      695      306      728      683      826      
1        477      0        648      590      412      444      469      777      488      613      349      
2        176      648      0        288      355      544      856      177      890      817      997      
3        233      590      288      0        497      690      633      269      667      549      924      
4        266      412      355      497      0        197      794      529      823      850      728      
5        463      444      544      690      197      0        891      721      916      985      687      
6        695      469      856      633      794      891      0        899      34       222      564      
7        306      777      177      269      529      721      899      0        933      816      1126     
8        728      488      890      667      823      916      34       933      0        239      562      
9        683      613      817      549      850      985      222      816      239      0        776      
10       826      349      997      924      728      687      564      1126     562      776      0        
;



Table delta(i,j)                 Distance
         0        1        2        3        4        5        6        7        8        9        10       
0        0        500      720      460      640      720      770      570      510      380      580      
1        500      0        31       5        48       68       37       7        16       87       37       
2        720      31       0        32       78       98       58       25       46       102      24       
3        460      5        32       0        50       69       42       11       19       82       34       
4        640      48       78       50       0        21       31       53       31       101      84       
5        720      68       98       69       21       0        51       73       51       105      103      
6        770      37       58       42       31       51       0        37       26       116      73       
7        570      7        25       11       53       73       37       0        21       92       35       
8        510      16       46       19       31       51       26       21       0        89       53       
9        380      87       102      82       101      105      116      92       89       0        82       
10       580      37       24       34       84       103      73       35       53       82       0        
;

