
sets
i        orders          /0*5/
k        routes          /1*5/
p        positions       /0*5/
;

alias(i,j)
alias(i,h)
alias(i,hh)
alias(i,jj)
alias(k,kk)
                
                    Parameters

rho(i)	Processing time
/
0	0
1	90
2	8
3	65
4	58
5	31
/

gamma(i)	Duedate
/
0	0
1	29
2	94
3	42
4	49
5	86
/

sigma(i)	Size
/
0	0
1	2
2	7
3	8
4	1
5	1
/

epsilon(i)	Priority
/
0	0
1	8
2	4
3	2
4	4
5	5
/

psi	Vehicle Capacity
/ 28 /
;

Table kappa(i,j)                 Setup
         0        1        2        3        4        5        
0        0        29       35       33       24       48       
1        29       0        44       6        23       36       
2        35       44       0        51       21       31       
3        33       6        51       0        29       41       
4        24       23       21       29       0        24       
5        48       36       31       41       24       0        
;



Table delta(i,j)                 Distance
         0        1        2        3        4        5        
0        0        34       39       20       29       52       
1        34       0        5        26       13       19       
2        39       5        0        30       17       15       
3        20       26       30       0        30       46       
4        29       13       17       30       0        24       
5        52       19       15       46       24       0        
;

