

sets
i        orders          /0*10/
k        routes          /1*10/
p        positions       /0*10/
;

alias(i,j)
alias(i,h)
alias(i,hh)
alias(i,jj)
alias(k,kk)
                            Parameters

rho(i)	Processing time
/
0	0
1	50
2	96
3	40
4	37
5	95
6	35
7	3
8	40
9	48
10	13
/

gamma(i)	Duedate
/
0	0
1	1
2	38
3	46
4	78
5	33
6	8
7	8
8	18
9	7
10	10
/

sigma(i)	Size
/
0	0
1	8
2	2
3	9
4	3
5	8
6	3
7	9
8	3
9	5
10	7
/

epsilon(i)	Priority
/
0	0
1	7
2	4
3	5
4	4
5	8
6	3
7	6
8	1
9	3
10	3
/

psi	Vehicle Capacity
/ 27 /
;

Table kappa(i,j)                 Setup
         0        1        2        3        4        5        6        7        8        9        10       
0        0        699      657      1057     820      599      609      1023     762      400      344      
1        699      0        1012     578      129      363      267      441      518      721      709      
2        657      1012     0        990      1077     678      764      1073     664      311      349      
3        1057     578      990      0        496      457      463      187      338      830      859      
4        820      129      1077     496      0        402      312      337      514      801      797      
5        599      363      678      457      402      0        95       448      200      427      438      
6        609      267      764      463      312      95       0        414      271      497      500      
7        1023     441      1073     187      337      448      414      0        411      866      884      
8        762      518      664      338      514      200      271      411      0        493      525      
9        400      721      311      830      801      427      497      866      493      0        56       
10       344      709      349      859      797      438      500      884      525      56       0        
;



Table delta(i,j)                 Distance
         0        1        2        3        4        5        6        7        8        9        10       
0        0        60       300      80       450      220      210      190      370      320      370      
1        60       0        25       6        40       17       22       15       31       28       33       
2        300      25       0        22       35       27       27       11       26       37       13       
3        80       6        22       0        43       22       16       11       34       33       29       
4        450      40       35       43       0        23       57       38       9        20       47       
5        220      17       27       22       23       0        38       23       17       11       40       
6        210      22       27       16       57       38       0        19       47       49       26       
7        190      15       11       11       38       23       19       0        28       34       19       
8        370      31       26       34       9        17       47       28       0        18       39       
9        320      28       37       33       20       11       49       34       18       0        50       
10       370      33       13       29       47       40       26       19       39       50       0        
;

