

sets
i        orders          /0*40/
k        routes          /1*40/
p        positions       /0*40/
;

alias(i,j)
alias(i,h)
alias(i,hh)
alias(i,jj)
alias(k,kk)
                            Parameters

rho(i)	Processing time
/
0	0
1	69
2	9
3	82
4	51
5	11
6	64
7	39
8	23
9	30
10	85
11	64
12	7
13	71
14	6
15	39
16	57
17	45
18	76
19	59
20	34
21	73
22	49
23	48
24	80
25	29
26	40
27	96
28	88
29	35
30	38
31	5
32	75
33	42
34	53
35	19
36	55
37	35
38	35
39	37
40	18
/

gamma(i)	Duedate
/
0	0
1	13
2	92
3	85
4	50
5	69
6	94
7	69
8	52
9	76
10	21
11	39
12	13
13	52
14	66
15	54
16	5
17	16
18	46
19	40
20	53
21	68
22	3
23	77
24	26
25	52
26	13
27	21
28	67
29	56
30	17
31	73
32	14
33	5
34	58
35	32
36	80
37	14
38	14
39	99
40	22
/

sigma(i)	Size
/
0	0
1	8
2	1
3	2
4	1
5	2
6	5
7	4
8	7
9	8
10	6
11	9
12	1
13	2
14	2
15	3
16	4
17	6
18	1
19	3
20	2
21	9
22	8
23	8
24	6
25	2
26	4
27	8
28	8
29	1
30	4
31	3
32	5
33	3
34	9
35	9
36	5
37	8
38	9
39	8
40	8
/

epsilon(i)	Priority
/
0	0
1	7
2	4
3	2
4	2
5	6
6	2
7	5
8	2
9	6
10	3
11	3
12	7
13	9
14	2
15	3
16	7
17	2
18	3
19	2
20	8
21	1
22	1
23	8
24	1
25	2
26	6
27	3
28	9
29	8
30	7
31	5
32	5
33	7
34	7
35	1
36	5
37	3
38	2
39	8
40	8
/

psi	Vehicle Capacity
/ 65 /
;

Table kappa(i,j)                 Setup
         0        1        2        3        4        5        6        7        8        9        10       11       12       13       14       15       16       17       18       19       20       21       22       23       24       25       26       27       28       29       30       31       32       33       34       35       36       37       38       39       40       
0        0        148      219      171      53       133      32       190      151      174      130      182      215      207      303      49       84       171      164      79       90       190      287      69       158      282      147      148      158      197      210      102      127      175      149      149      149      126      179      3        251      
1        148      0        365      319      201      277      121      310      189      313      101      302      363      306      360      138      181      317      281      163      234      312      422      215      269      425      280      39       302      332      358      46       261      70       22       270      104      268      327      150      256      
2        219      365      0        50       167      131      251      211      262      65       340      123      29       173      291      251      242      47       214      219      130      114      95       150      150      65       100      368      124      69       81       318      114      374      362      203      328      142      57       216      337      
3        171      319      50       0        118      83       202      171      235      58       289      119      44       172      295      200      192      15       170      182      85       115      140      104      136      116      80       320      81       78       66       272      85       333      317      157      291      94       21       169      320      
4        53       201      167      118      0        85       84       160      169      128      175      150      161      186      296      86       95       119      140      97       42       155      240      22       135      231      108      201      110      153      157      156      88       225      202      123      192      81       125      51       269      
5        133      277      131      83       85       0        155      95       248      129      226      180      112      229      349      142      119      95       88       179      86       180      223      88       182      195      133      269      25       155      85       233      123      308      281      75       277      11       74       131      345      
6        32       121      251      202      84       155      0        199      166      207      98       214      245      236      326      30       77       203      171      99       122      222      320      101      189      314      180      117      180      230      237      78       159      158      126      158      143      147      208      36       263      
7        190      310      211      171      160      95       199      0        330      223      231      276      185      324      444      173      129      185      29       256      177      276      306      172      277      268      228      290      89       248      138      274      218      357      321      41       339      90       155      189      430      
8        151      189      262      235      169      248      166      330      0        197      245      153      275      133      172      195      236      225      308      74       165      165      282      161      117      305      161      218      270      203      298      157      151      152      171      292      95       247      253      150      100      
9        174      313      65       58       128      129      207      223      197      0        302      62       83       115      237      214      218      42       218      159      86       57       112      107      86       114      36       321      135      26       122      266      53       315      307      204      267      138      78       171      273      
10       130      101      340      289      175      226      98       231      245      302      0        312      330      333      415      89       109      293      202      190      216      320      415      195      287      405      278      67       248      326      311      96       257      169      122      195      186      215      291      133      332      
11       182      302      123      119      150      180      214      276      153      62       312      0        145      52       175      229      245      104      266      138      111      11       129      128      36       153      47       317      191      55       185      257      62       290      292      251      237      186      140      179      216      
12       215      363      29       44       161      112      245      185      275      83       330      145      0        196      316      242      228      50       191      226      129      138      122      148      169      84       115      363      101      93       52       316      124      378      362      181      335      123      38       212      356      
13       207      306      173      172      186      229      236      324      133      115      333      52       196      0        122      256      280      157      312      145      152      58       158      165      50       194      96       327      241      104      238      265      106      282      293      296      226      234      193      204      174      
14       303      360      291      295      296      349      326      444      172      237      415      175      316      122      0        351      384      280      430      227      268      180      251      277      167      298      219      391      363      223      360      329      226      315      342      414      261      354      316      301      133      
15       49       138      251      200      86       142      30       173      195      214      89       229      242      256      351      0        48       203      145      125      128      236      326      106      207      315      191      126      166      238      227      100      170      184      147      133      172      133      203      51       293      
16       84       181      242      192      95       119      77       129      236      218      109      245      228      280      384      48       0        198      99       164      135      250      327      117      229      308      202      162      140      244      204      147      183      231      192      89       220      108      190      86       336      
17       171      317      47       15       119      95       203      185      225      42       293      104      50       157      280      203      198      0        183      175      82       100      130      102      122      111      67       320      96       63       80       270      74       328      315      170      284      105      36       168      308      
18       164      281      214      170      140      88       171      29       308      218      202      266      191      312      430      145      99       183      0        234      161      267      309      154      264      275      219      260      90       243      148      245      206      329      292      16       312      80       157      164      408      
19       79       163      219      182      97       179      99       256      74       159      190      138      226      145      227      125      164      175      234      0        101      149      262      92       105      273      123      182      203      174      239      120      106      156      153      218      109      177      197      77       174      
20       90       234      130      85       42       86       122      177      165      86       216      111      129      152      268      128      135      82       161      101      0        115      198      21       102      192      66       238      106      110      137      188      48       248      232      145      208      87       97       87       260      
21       190      312      114      115      155      180      222      276      165      57       320      11       138      58       180      236      250      100      267      149      115      0        117      133      47       142      49       327      189      46       180      267      67       301      302      252      248      187      136      186      226      
22       287      422      95       140      240      223      320      306      282      112      415      129      122      158      251      326      327      130      309      262      198      117      0        220      165      54       142      433      218      90       173      376      162      417      415      297      365      234      151      284      333      
23       69       215      150      104      22       88       101      172      161      107      195      128      148      165      277      106      117      102      154      92       21       133      220      0        115      213      86       217      111      131      150      168      66       232      213      138      194      86       114      66       258      
24       158      269      150      136      135      182      189      277      117      86       287      36       169      50       167      207      229      122      264      105      102      47       165      115      0        187      56       287      197      86       203      225      59       255      258      248      201      186      157      155      187      
25       282      425      65       116      231      195      314      268      305      114      405      153      84       194      298      315      308      111      275      273      192      142      54       213      187      0        149      431      185      102      130      378      167      429      421      265      380      206      120      279      368      
26       147      280      100      80       108      133      180      228      161      36       278      47       115      96       219      191      202      67       219      123      66       49       142      86       56       149      0        291      144      51       147      234      20       280      274      203      231      139      101      144      241      
27       148      39       368      320      201      269      117      290      218      321      67       317      363      327      391      126      162      320      260      182      238      327      433      217      287      431      291      0        293      342      352      63       271      109      62       252      140      259      326      151      292      
28       158      302      124      81       110      25       180      89       270      135      248      191      101      241      363      166      140      96       90       203      106      189      218      111      197      185      144      293      0        159      64       258      138      333      306      80       302      33       67       156      366      
29       197      332      69       78       153      155      230      248      203      26       326      55       93       104      223      238      244      63       243      174      110      46       90       131      86       102      51       342      159      0        138      286      71       330      325      229      279      163      98       194      271      
30       210      358      81       66       157      85       237      138      298      122      311      185      52       238      360      227      204      80       148      239      137      180      173      150      203      130      147      352      64       138      0        313      149      382      360      141      345      96       45       208      386      
31       102      46       318      272      156      233      78       274      157      266      96       257      316      265      329      100      147      270      245      120      188      267      376      168      225      378      234      63       258      286      313      0        214      84       48       233      90       225      281      104      237      
32       127      261      114      85       88       123      159      218      151      53       257      62       124      106      226      170      183      74       206      106      48       67       162      66       59       167      20       271      138      71       149      214      0        262      255      190      214      127      104      123      236      
33       175      70       374      333      225      308      158      357      152      315      169      290      378      282      315      184      231      328      329      156      248      301      417      232      255      429      280      109      333      330      382      84       262      0        48       316      56       301      345      176      197      
34       149      22       362      317      202      281      126      321      171      307      122      292      362      293      342      147      192      315      292      153      232      302      415      213      258      421      274      62       306      325      360      48       255      48       0        280      83       273      327      151      234      
35       149      270      203      157      123      75       158      41       292      204      195      251      181      296      414      133      89       170      16       218      145      252      297      138      248      265      203      252      80       229      141      233      190      316      280      0        298      65       146      149      392      
36       149      104      328      291      192      277      143      339      95       267      186      237      335      226      261      172      220      284      312      109      208      248      365      194      201      380      231      140      302      279      345      90       214      56       83       298      0        272      305      150      151      
37       126      268      142      94       81       11       147      90       247      138      215      186      123      234      354      133      108      105      80       177      87       187      234      86       186      206      139      259      33       163      96       225      127      301      273      65       272      0        86       124      345      
38       179      327      57       21       125      74       208      155      253      78       291      140      38       193      316      203      190      36       157      197      97       136      151      114      157      120      101      326      67       98       45       281      104      345      327      146      305      86       0        176      340      
39       3        150      216      169      51       131      36       189      150      171      133      179      212      204      301      51       86       168      164      77       87       186      284      66       155      279      144      151      156      194      208      104      123      176      151      149      150      124      176      0        250      
40       251      256      337      320      269      345      263      430      100      273      332      216      356      174      133      293      336      308      408      174      260      226      333      258      187      368      241      292      366      271      386      237      236      197      234      392      151      345      340      250      0        
;



Table delta(i,j)                 Distance
         0        1        2        3        4        5        6        7        8        9        10       11       12       13       14       15       16       17       18       19       20       21       22       23       24       25       26       27       28       29       30       31       32       33       34       35       36       37       38       39       40       
0        0        10170    8880     8760     11250    6360     7260     6420     10470    10200    6840     9690     4110     3990     10620    7080     7770     11100    3150     5700     10950    9810     9570     9030     8040     11460    8160     1110     870      1800     8100     7740     11910    8220     7380     8820     13410    4200     2310     3360     14040    
1        10170    0        77       241      67       134      255      237      193      8        133      17       201      232      210      118      238      148      275      285      79       105      297      316      298      125      67       302      325      280      70       98       88       214      209      240      114      235      271      237      145      
2        8880     77       0        275      80       85       275      249      128      84       70       73       164      174      144      60       263      213      255      288      69       163      333      345      321      95       68       259      288      236      50       114      100      137      231      275      185      221      239      210      219      
3        8760     241      275      0        308      238      54       78       400      234      263      227      215      285      415      253      32       140      187      115      317      143      57       77       69       360      206      272      264      264      225      161      329      376      54       2        286      156      219      194      282      
4        11250    67       80       308      0        163      320      300      149      74       150      81       240      254      166      140      304      210      326      346      22       172      365      384      364      63       119      338      366      315      110      159      23       194      274      308      126      288      315      283      164      
5        6360     134      85       238      163      0        222      192      174      137      26       121      79       97       187      26       218      225      174      221      154      171      293      298      269      176      75       174      203      151      65       94       185      138      186      239      249      145      155      128      276      
6        7260     255      275      54       320      222      0        34       393      250      249      239      182      251      407      242      25       182      137      61       326      171      80       76       46       366      208      226      214      219      224      163      342      359      46       56       318      112      173      152      320      
7        6420     237      249      78       300      192      34       0        364      233      218      221      149      217      378      212      45       185      108      52       304      164      113      109      77       342      184      195      186      187      199      141      323      327      40       80       310      79       142      119      316      
8        10470    193      128      400      149      174      393      364      0        201      148      196      245      216      17       152      385      338      343      396      127      290      457      467      440      93       195      315      351      293      176      239      150      82       353      401      275      319      315      296      313      
9        10200    8        84       234      74       137      250      233      201      0        137      17       202      235      218      123      232      140      274      281      87       98       291      310      293      132      68       303      325      281      72       95       94       221      204      234      111      233      271      236      140      
10       6840     133      70       263      150      26       249      218      148      137      0        122      102      104      160      15       244      239      198      248      138      185      318      324      295      155      84       191      222      167      68       113      170      113      212      264      247      172      177      151      278      
11       9690     17       73       227      81       121      239      221      196      17       122      0        185      219      213      107      222      142      258      268      90       96       284      302      283      135      51       286      308      264      56       81       103      210      193      227      127      217      254      220      156      
12       4110     201      164      215      240      79       182      149      245      202      102      185      0        69       254      105      187      249      98       162      233      200      261      258      225      256      134      101      125      79       133      125      262      189      160      217      310      80       75       50       333      
13       3990     232      174      285      254      97       251      217      216      235      104      219      69       0        221      116      257      309      147      225      241      257      331      326      293      252      171      99       136      77       163      178      274      144      230      286      346      143      110      106      374      
14       10620    210      144      415      166      187      407      378      17       218      160      213      254      221      0        165      400      356      352      408      144      307      472      481      454      109      211      320      357      299      192      255      167      81       368      416      292      330      324      305      330      
15       7080     118      60       253      140      26       242      212      152      123      15       107      105      116      165      0        235      225      200      244      129      171      309      316      288      150      69       199      228      175      53       100      160      125      203      254      233      170      181      154      263      
16       7770     238      263      32       304      218      25       45       385      232      244      222      187      257      400      235      0        157      154      85       311      149      75       82       60       352      195      240      231      232      212      149      326      356      32       35       295      124      187      162      296      
17       11100    148      213      140      210      225      182      185      338      140      239      142      249      309      356      225      157      0        275      236      225      54       186      214      210      272      157      340      347      323      175      131      225      345      145      139      150      233      292      257      142      
18       3150     275      255      187      326      174      137      108      343      274      198      258      98       147      352      200      154      275      0        89       322      238      215      200      166      350      209      90       77       89       215      181      349      284      142      189      373      43       41       47       388      
19       5700     285      288      115      346      221      61       52       396      281      248      268      162      225      408      244      85       236      89       0        347      216      129      111      78       383      227      179      161      178      240      187      368      350      91       117      362      82       129      119      368      
20       10950    79       69       317      22       154      326      304      127      87       138      90       233      241      144      129      311      225      322      347      0        185      374      391      370      46       119      328      357      305      108      163      33       173      280      317      148      286      308      278      186      
21       9810     105      163      143      172      171      171      164      290      98       185      96       200      257      307      171      149      54       238      216      185      0        197      220      208      230      103      295      306      277      122      78       191      292      126      142      147      195      250      214      153      
22       9570     297      333      57       365      293      80       113      457      291      318      284      261      331      472      309      75       186      215      129      374      197      0        33       54       417      264      305      290      299      282      218      385      431      106      57       335      192      252      232      328      
23       9030     316      345      77       384      298      76       109      467      310      324      302      258      326      481      316      82       214      200      111      391      220      33       0        34       433      277      290      272      287      294      231      405      435      114      77       362      184      239      223      356      
24       8040     298      321      69       364      269      46       77       440      293      295      283      225      293      454      288      60       210      166      78       370      208      54       34       0        411      254      256      239      253      270      208      386      405      90       71       353      150      205      190      351      
25       11460    125      95       360      63       176      366      342      93       132      155      135      256      252      109      150      352      272      350      383      46       230      417      433      411      0        157      345      377      322      143      203      58       157      321      360      184      317      332      304      223      
26       8160     67       68       206      119      75       208      184      195      68       84       51       134      171      211      69       195      157      209      227      119      103      264      277      254      157      0        235      257      213      19       45       142      188      164      207      177      170      203      169      203      
27       1110     302      259      272      338      174      226      195      315      303      191      286      101      99       320      199      240      340      90       179      328      295      305      290      256      345      235      0        38       23       234      223      359      242      223      275      412      117      53       83       434      
28       870      325      288      264      366      203      214      186      351      325      222      308      125      136      357      228      231      347      77       161      357      306      290      272      239      377      257      38       0        58       258      239      387      280      219      266      431      115      55       91       450      
29       1800     280      236      264      315      151      219      187      293      281      167      264      79       77       299      175      232      323      89       178      305      277      299      287      253      322      213      23       58       0        211      203      336      222      212      266      390      108      48       70       413      
30       8100     70       50       225      110      65       224      199      176      72       68       56       133      163      192      53       212      175      215      240      108      122      282      294      270      143      19       234      258      211      0        63       133      169      181      225      183      178      206      173      211      
31       7740     98       114      161      159      94       163      141      239      95       113      81       125      178      255      100      149      131      181      187      163      78       218      231      208      203      45       223      239      203      63       0        182      225      118      161      192      139      184      148      210      
32       11910    88       100      329      23       185      342      323      150      94       170      103      262      274      167      160      326      225      349      368      33       191      385      405      386      58       142      359      387      336      133      182      0        203      296      329      126      311      337      306      164      
33       8220     214      137      376      194      138      359      327      82       221      113      210      189      144      81       125      356      345      284      350      173      292      431      435      405      157      188      242      280      222      169      225      203      0        324      377      316      269      252      238      352      
34       7380     209      231      54       274      186      46       40       353      204      212      193      160      230      368      203      32       145      142      91       280      126      106      114      90       321      164      223      219      212      181      118      296      324      0        56       274      106      170      142      278      
35       8820     240      275      2        308      239      56       80       401      234      264      227      217      286      416      254      35       139      189      117      317      142      57       77       71       360      207      275      266      266      225      161      329      377      56       0        285      158      221      196      281      
36       13410    114      185      286      126      249      318      310      275      111      247      127      310      346      292      233      295      150      373      362      148      147      335      362      353      184      177      412      431      390      183      192      126      316      274      285      0        330      376      340      38       
37       4200     235      221      156      288      145      112      79       319      233      172      217      80       143      330      170      124      233      43       82       286      195      192      184      150      317      170      117      115      108      178      139      311      269      106      158      330      0        64       39       345      
38       2310     271      239      219      315      155      173      142      315      271      177      254      75       110      324      181      187      292      41       129      308      250      252      239      205      332      203      53       55       48       206      184      337      252      170      221      376      64       0        36       394      
39       3360     237      210      194      283      128      152      119      296      236      151      220      50       106      305      154      162      257      47       119      278      214      232      223      190      304      169      83       91       70       173      148      306      238      142      196      340      39       36       0        358      
40       14040    145      219      282      164      276      320      316      313      140      278      156      333      374      330      263      296      142      388      368      186      153      328      356      351      223      203      434      450      413      211      210      164      352      278      281      38       345      394      358      0        
;

