

sets
i        orders          /0*40/
k        routes          /1*40/
p        positions       /0*40/
;

alias(i,j)
alias(i,h)
alias(i,hh)
alias(i,jj)
alias(k,kk)
                            Parameters

rho(i)	Processing time
/
0	0
1	71
2	91
3	28
4	13
5	68
6	36
7	1
8	50
9	78
10	33
11	22
12	42
13	80
14	58
15	4
16	52
17	81
18	62
19	60
20	90
21	96
22	95
23	35
24	85
25	36
26	37
27	32
28	71
29	99
30	77
31	33
32	80
33	71
34	40
35	71
36	95
37	11
38	92
39	63
40	85
/

gamma(i)	Duedate
/
0	0
1	37
2	63
3	32
4	77
5	17
6	14
7	66
8	11
9	64
10	15
11	8
12	74
13	36
14	11
15	73
16	1
17	89
18	1
19	7
20	80
21	90
22	79
23	34
24	94
25	84
26	37
27	9
28	96
29	40
30	43
31	46
32	98
33	44
34	92
35	16
36	85
37	3
38	27
39	5
40	74
/

sigma(i)	Size
/
0	0
1	5
2	5
3	7
4	7
5	8
6	3
7	7
8	6
9	9
10	2
11	7
12	2
13	2
14	4
15	4
16	2
17	9
18	9
19	3
20	3
21	1
22	2
23	7
24	8
25	3
26	7
27	3
28	4
29	8
30	7
31	5
32	6
33	5
34	2
35	9
36	8
37	5
38	3
39	5
40	7
/

epsilon(i)	Priority
/
0	0
1	6
2	7
3	6
4	5
5	2
6	9
7	5
8	1
9	2
10	7
11	5
12	8
13	3
14	9
15	6
16	1
17	3
18	2
19	7
20	7
21	6
22	5
23	8
24	1
25	3
26	5
27	1
28	8
29	4
30	2
31	2
32	7
33	8
34	7
35	9
36	5
37	9
38	1
39	4
40	9
/

psi	Vehicle Capacity
/ 171 /
;

Table kappa(i,j)                 Setup
         0        1        2        3        4        5        6        7        8        9        10       11       12       13       14       15       16       17       18       19       20       21       22       23       24       25       26       27       28       29       30       31       32       33       34       35       36       37       38       39       40       
0        0        104      205      166      359      87       266      343      341      378      185      94       426      312      379      266      38       370      399      229      167      265      236      386      278      235      20       231      442      124      337      146      352      305      260      159      299      204      256      370      280      
1        104      0        183      184      259      21       167      239      263      283      101      17       343      229      278      177      66       266      295      148      72       285      243      332      182      138      108      208      373      26       236      103      259      280      161      173      200      104      197      295      237      
2        205      183      0        73       270      195      297      315      183      267      126      169      269      174      380      162      186      320      338      124      153      125      77       188      319      283      224      26       256      203      262      286      234      100      292      69       324      248      86       202      81       
3        166      184      73       0        334      188      330      365      256      335      168      167      343      244      425      224      161      377      397      183      183      102      69       256      350      309      187      89       329      209      322      280      303      151      323      11       360      272      159      276      152      
4        359      259      270      334      0        280      178      98       132      41       181      265      140      108      169      110      321      73       74       151      192      389      343      242      195      200      367      274      217      249      26       310      54       296      179      325      175      197      191      151      235      
5        87       21       195      188      280      0        180      257      285      305      122      26       364      251      292      199      51       285      314      169      94       291      250      351      193      149      89       221      394      37       257      92       281      294      173      178      213      117      216      316      254      
6        266      167      297      330      178      180      0        101      265      217      170      183      311      227      113      180      231      138      170      189      147      419      372      371      23       34       265      315      374      143      152      159      213      371      6        318      32       63       259      296      312      
7        343      239      315      365      98       257      101      0        219      139      197      251      239      187      74       160      306      38       69       190      190      440      392      332      111      132      346      326      315      221      80       257      149      365      105      355      85       147      252      244      302      
8        341      263      183      256      132      285      265      219      0        106      162      261      88       38       294      93       308      203      205      115      193      283      242      112      288      273      355      175      113      267      141      348      77       175      263      250      276      253      97       32       120      
9        378      283      267      335      41       305      217      139      106      0        195      287      99       94       209      116      341      112      104      158      212      380      336      211      236      238      388      266      178      276      65       343      32       279      218      327      216      232      183      118      220      
10       185      101      126      168      181      122      170      197      162      195      0        99       243      129      257      81       149      211      234      47       35       250      202      236      193      158      196      145      272      107      163      193      167      206      165      157      197      125      104      194      152      
11       94       17       169      167      265      26       183      251      261      287      99       0        342      229      292      178      56       276      305      146      74       269      227      325      198      155      101      195      369      43       243      117      262      268      176      156      215      119      190      292      227      
12       426      343      269      343      140      364      311      239      88       99       243      342      0        114      308      165      392      211      199      197      271      360      323      143      331      327      439      259      84       342      162      419      97       243      311      337      313      314      184      68       199      
13       312      229      174      244      108      251      227      187      38       94       129      229      114      0        262      54       278      176      182      83       158      286      241      146      249      234      325      172      152      231      112      311      61       188      225      237      239      214      89       71       127      
14       379      278      380      425      169      292      113      74       294      209      257      292      308      262      0        232      343      97       115      259      243      505      457      406      107      146      378      394      386      255      153      268      222      437      119      414      81       175      323      317      374      
15       266      177      162      224      110      199      180      160      93       116      81       178      165      54       232      0        230      160      175      42       105      284      237      191      203      183      277      168      206      177      99       256      86       205      177      215      195      160      91       125      142      
16       38       66       186      161      321      51       231      306      308      341      149      56       392      278      343      230      0        332      361      194      129      263      228      360      245      201      47       213      412      88       299      127      316      287      225      152      264      168      227      338      256      
17       370      266      320      377      73       285      138      38       203      112      211      276      211      176      97       160      332      0        31       196      210      444      396      315      149      169      374      328      290      249      64       292      128      361      142      366      123      180      250      224      298      
18       399      295      338      397      74       314      170      69       205      104      234      305      199      182      115      175      361      31       0        214      236      459      412      315      180      200      403      343      281      279      76       323      127      370      174      387      153      211      263      222      309      
19       229      148      124      183      151      169      189      190      115      158      47       146      197      83       259      42       194      196      214      0        79       249      201      194      212      185      242      135      225      153      139      237      127      182      185      173      211      156      70       147      122      
20       167      72       153      183      192      94       147      190      193      212      35       74       271      158      243      105      129      210      236      79       0        273      226      271      168      130      175      174      305      73       171      158      188      239      141      172      176      94       139      225      186      
21       265      285      125      102      389      291      419      440      283      380      250      269      360      286      505      284      263      444      459      249      273      0        48       239      441      402      286      115      322      309      383      383      347      121      414      112      447      366      198      293      162      
22       236      243      77       69       343      250      372      392      242      336      202      227      323      241      457      237      228      396      412      201      226      48       0        213      394      356      256      69       293      266      336      343      303      96       366      76       400      320      153      255      123      
23       386      332      188      256      242      351      371      332      112      211      236      325      143      146      406      191      360      315      315      194      271      239      213      0        394      374      404      166      83       343      253      429      188      119      368      254      384      348      135      93       107      
24       278      182      319      350      195      193      23       111      288      236      193      198      331      249      107      203      245      149      180      212      168      441      394      394      0        43       275      338      396      157      170      161      234      395      27       338      27       79       283      318      335      
25       235      138      283      309      200      149      34       132      273      238      158      155      327      234      146      183      201      169      200      185      130      402      356      374      43       0        232      303      385      113      174      125      229      364      28       298      65       37       255      305      306      
26       20       108      224      187      367      89       265      346      355      388      196      101      439      325      378      277      47       374      403      242      175      286      256      404      275      232      0        251      458      125      344      135      363      324      258      179      297      203      273      385      299      
27       231      208      26       89       274      221      315      326      175      266      145      195      259      172      394      168      213      328      343      135      174      115      69       166      338      303      251      0        239      228      268      311      233      74       310      87       341      268      83       191      62       
28       442      373      256      329      217      394      374      315      113      178      272      369      84       152      386      206      412      290      281      225      305      322      293      83       396      385      458      239      0        378      235      461      166      201      373      325      381      366      185      80       176      
29       124      26       203      209      249      37       143      221      267      276      107      43       342      231      255      177      88       249      279      153      73       309      266      343      157      113      125      228      378      0        225      86       255      298      137      198      176      80       209      299      252      
30       337      236      262      322      26       257      152      80       141      65       163      243      162      112      153      99       299      64       76       139      171      383      336      253      170      174      344      268      235      225      0        284      69       297      153      312      151      171      187      164      235      
31       146      103      286      280      310      92       159      257      348      343      193      117      419      311      268      256      127      292      323      237      158      383      343      429      161      125      135      311      461      86       284      0        326      383      153      270      187      113      295      381      338      
32       352      259      234      303      54       281      213      149      77       32       167      262      97       61       222      86       316      128      127      127      188      347      303      188      234      229      363      233      166      255      69       326      0        248      213      294      217      218      150      96       188      
33       305      280      100      151      296      294      371      365      175      279      206      268      243      188      437      205      287      361      370      182      239      121      96       119      395      364      324      74       201      298      297      383      248      0        367      153      394      331      114      177      62       
34       260      161      292      323      179      173      6        105      263      218      165      176      311      225      119      177      225      142      174      185      141      414      366      368      27       28       258      310      373      137      153      153      213      367      0        312      39       56       255      294      308      
35       159      173      69       11       325      178      318      355      250      327      157      156      337      237      414      215      152      366      387      173      172      112      76       254      338      298      179      87       325      198      312      270      294      153      312      0        348      261      152      271      149      
36       299      200      324      360      175      213      32       85       276      216      197      215      313      239      81       195      264      123      153      211      176      447      400      384      27       65       297      341      381      176      151      187      217      394      39       348      0        96       280      305      333      
37       204      104      248      272      197      117      63       147      253      232      125      119      314      214      175      160      168      180      211      156      94       366      320      348      79       37       203      268      366      80       171      113      218      331      56       261      96       0        225      285      275      
38       256      197      86       159      191      216      259      252      97       183      104      190      184      89       323      91       227      250      263      70       139      198      153      135      283      255      273      83       185      209      187      295      150      114      255      152      280      225      0        120      52       
39       370      295      202      276      151      316      296      244      32       118      194      292      68       71       317      125      338      224      222      147      225      293      255      93       318      305      385      191      80       299      164      381      96       177      294      271      305      285      120      0        131      
40       280      237      81       152      235      254      312      302      120      220      152      227      199      127      374      142      256      298      309      122      186      162      123      107      335      306      299      62       176      252      235      338      188      62       308      149      333      275      52       131      0        
;



Table delta(i,j)                 Distance
         0        1        2        3        4        5        6        7        8        9        10       11       12       13       14       15       16       17       18       19       20       21       22       23       24       25       26       27       28       29       30       31       32       33       34       35       36       37       38       39       40       
0        0        3630     3540     9780     4290     10770    3960     5520     5400     6930     6210     1800     9480     4680     8520     9660     4560     4350     4950     9210     11250    8700     10410    4530     7410     3690     7020     1410     5400     5940     2310     8550     5940     4890     7740     9480     2670     10860    9900     8940     7920     
1        3630     0        102      335      113      448      251      299      295      265      301      135      421      275      251      341      215      238      275      368      460      277      351      45       328      244      345      89       299      223      187      390      249      173      283      412      95       389      405      400      221      
2        3540     102      0        236      25       359      238      296      241      163      221      81       345      233      170      240      124      163      281      269      369      185      253      88       237      225      280      126      254      121      195      316      149      71       180      329      29       287      310      322      147      
3        9780     335      236      0        222      277      393      450      323      102      240      265      325      343      123      25       189      239      450      149      270      74       23       306      200      375      316      353      350      127      386      310      144      167      72       282      255      68       208      301      153      
4        4290     113      25       222      0        366      263      320      261      159      234      104      358      255      147      228      133      178      306      269      374      166      238      89       245      249      296      149      275      116      220      329      151      66       172      339      54       277      314      334      123      
5        10770    448      359      277      366      0        323      354      211      230      151      315      88       248      371      252      235      214      375      128      24       329      294      447      121      308      156      405      234      263      366      103      217      305      241      50       354      233      69       82       387      
6        3960     251      238      393      263      323      0        59       112      291      191      159      254      75       387      382      204      157      58       322      345      380      416      283      245      18       169      164      91       273      70       226      249      258      320      273      210      409      320      245      374      
7        5520     299      296      450      320      354      59       0        149      347      236      217      277      115      446      438      261      212      32       370      377      439      473      334      291      75       198      210      122      332      112      253      306      317      377      304      267      463      361      273      433      
8        5400     295      241      323      261      211      112      149      0        224      90       165      145      37       349      306      151      92       165      223      233      329      346      313      144      98       59       226      28       222      162      116      183      228      252      161      221      323      212      134      346      
9        6930     265      163      102      159      230      291      347      224      0        147      171      253      241      145      92       87       137      348      114      233      110      125      248      123      273      226      265      250      42       286      232      41       93       29       218      174      130      167      228      157      
10       6210     301      221      240      234      151      191      236      90       147      0        166      124      120      287      221      101      63       248      133      168      258      263      306      54       174      78       254      118      159      221      95       112      183      173      111      211      234      131      101      290      
11       1800     135      81       265      104      315      159      217      165      171      166      0        285      153      233      261      94       103      205      251      330      234      287      148      198      145      211      97       175      138      125      254      139      106      197      278      56       301      279      265      216      
12       9480     421      345      325      358      88       254      277      145      253      124      285      0        181      398      301      225      184      300      181      112      362      345      429      130      242      86       364      162      275      307      31       226      305      273      47       334      295      134      25       407      
13       4680     275      233      343      255      248      75       115      37       241      120      153      181      0        357      328      160      104      129      254      270      341      366      297      175      61       95       200      24       233      127      152      199      231      271      198      210      349      247      171      350      
14       8520     251      170      123      147      371      387      446      349      145      287      233      398      357      0        143      198      257      438      246      370      48       126      213      268      371      364      296      372      128      358      376      175      128      130      363      197      191      305      373      34       
15       9660     341      240      25       228      252      382      438      306      92       221      261      301      328      143      0        180      225      440      124      245      94       43       315      179      364      296      352      334      124      379      287      132      169      64       258      256      50       182      277      171      
16       4560     215      124      189      133      235      204      261      151      87       101      94       225      160      198      180      0        58       261      157      246      180      212      212      113      186      171      191      173      72       200      197      48       82       117      205      120      213      190      201      196      
17       4350     238      163      239      178      214      157      212      92       137      63       103      184      104      257      225      58       0        216      171      229      238      262      245      103      139      118      191      115      130      170      154      95       138      166      175      149      251      185      162      254      
18       4950     275      281      450      306      375      58       32       165      348      248      205      300      129      438      440      261      216      0        380      397      433      473      312      302      76       219      186      141      328      89       275      307      309      377      325      252      468      377      295      422      
19       9210     368      269      149      269      128      322      370      223      114      133      251      181      254      246      124      157      171      380      0        124      201      167      357      79       304      195      349      252      154      341      172      119      203      117      136      273      114      59       159      265      
20       11250    460      369      270      374      24       345      377      233      233      168      330      112      270      370      245      246      229      397      124      0        326      286      458      132      330      179      421      256      268      386      127      224      311      241      73       366      222      65       106      388      
21       8700     277      185      74       166      329      380      439      329      110      258      234      362      341      48       94       180      238      433      201      326      0        81       243      232      363      336      309      353      108      359      342      147      127      89       324      209      143      261      337      78       
22       10410    351      253      23       238      294      416      473      346      125      263      287      345      366      126      43       212      262      473      167      286      81       0        321      222      399      339      373      373      149      408      331      167      186      96       302      274      72       225      321      158      
23       4530     45       88       306      89       447      283      334      313      248      306      148      429      297      213      315      212      245      312      357      458      243      321      0        326      274      358      128      321      205      223      399      238      155      261      415      95       364      399      407      181      
24       7410     328      237      200      245      121      245      291      144      123      54       198      130      175      268      179      113      103      302      79       132      232      222      326      0        228      119      292      172      148      271      110      99       185      143      97       233      185      82       105      278      
25       3690     244      225      375      249      308      18       75       98       273      174      145      242      61       371      364      186      139      76       304      330      363      399      274      228      0        156      160      80       256      72       213      232      242      303      259      198      391      304      232      359      
26       7020     345      280      316      296      156      169      198      59       226      78       211      86       95       364      296      171      118      219      195      179      336      339      358      119      156      0        281      78       235      221      57       189      253      251      106      263      304      170      76       366      
27       1410     89       126      353      149      405      164      210      226      265      254      97       364      200      296      352      191      191      186      349      421      309      373      128      292      160      281      0        224      228      98       333      236      186      289      364      100      395      374      346      272      
28       5400     299      254      350      275      234      91       122      28       250      118      175      162      24       372      334      173      115      141      252      256      353      373      321      172      80       78       224      0        246      150      135      209      248      279      184      232      352      239      154      367      
29       5940     223      121      127      116      263      273      332      222      42       159      138      275      233      128      124      72       130      328      154      268      108      149      205      148      256      235      228      246      0        259      250      48       50       61       245      134      168      204      250      132      
30       2310     187      195      386      220      366      70       112      162      286      221      125      307      127      358      379      200      170      89       341      386      359      408      223      271      72       221      98       150      259      0        277      248      232      315      319      166      413      352      295      339      
31       8550     390      316      310      329      103      226      253      116      232      95       254      31       152      376      287      197      154      275      172      127      342      331      399      110      213      57       333      135      250      277      0        202      278      253      53       303      286      132      20       383      
32       5940     249      149      144      151      217      249      306      183      41       112      139      226      199      175      132      48       95       307      119      224      147      167      238      99       232      189      236      209      48       248      202      0        87       71       197      154      165      162      201      180      
33       4890     173      71       167      66       305      258      317      228      93       183      106      305      231      128      169      82       138      309      203      311      127      186      155      185      242      253      186      248      50       232      278      87       0        109      281      87       216      249      281      118      
34       7740     283      180      72       172      241      320      377      252      29       173      197      273      271      130      64       117      166      377      117      241      89       96       261      143      303      251      289      279      61       315      253      71       109      0        235      195      107      175      248      147      
35       9480     412      329      282      339      50       273      304      161      218      111      278      47       198      363      258      205      175      325      136      73       324      302      415      97       259      106      364      184      245      319      53       197      281      235      0        321      249      86       33       375      
36       2670     95       29       255      54       354      210      267      221      174      211      56       334      210      197      256      120      149      252      273      366      209      274      95       233      198      263      100      232      134      166      303      154      87       195      321      0        302      310      311      175      
37       10860    389      287      68       277      233      409      463      323      130      234      301      295      349      191      50       213      251      468      114      222      143      72       364      185      391      304      395      352      168      413      286      165      216      107      249      302      0        165      273      221      
38       9900     405      310      208      314      69       320      361      212      167      131      279      134      247      305      182      190      185      377      59       65       261      225      399      82       304      170      374      239      204      352      132      162      249      175      86       310      165      0        115      322      
39       8940     400      322      301      334      82       245      273      134      228      101      265      25       171      373      277      201      162      295      159      106      337      321      407      105      232      76       346      154      250      295      20       201      281      248      33       311      273      115      0        381      
40       7920     221      147      153      123      387      374      433      346      157      290      216      407      350      34       171      196      254      422      265      388      78       158      181      278      359      366      272      367      132      339      383      180      118      147      375      175      221      322      381      0        
;

