

sets
i        orders          /0*80/
k        routes          /1*80/
p        positions       /0*80/
;

alias(i,j)
alias(i,h)
alias(i,hh)
alias(i,jj)
alias(k,kk)
                            Parameters

rho(i)	Processing time
/
0	0
1	89
2	65
3	79
4	50
5	61
6	38
7	77
8	4
9	73
10	68
11	66
12	48
13	67
14	95
15	57
16	27
17	62
18	36
19	15
20	53
21	30
22	29
23	52
24	58
25	9
26	68
27	83
28	81
29	13
30	39
31	19
32	73
33	79
34	33
35	84
36	57
37	81
38	71
39	60
40	74
41	3
42	71
43	40
44	44
45	39
46	39
47	7
48	43
49	45
50	51
51	21
52	69
53	74
54	45
55	87
56	82
57	38
58	70
59	70
60	12
61	65
62	4
63	1
64	3
65	70
66	98
67	51
68	13
69	32
70	5
71	16
72	14
73	2
74	16
75	8
76	44
77	7
78	84
79	5
80	90
/

gamma(i)	Duedate
/
0	0
1	8
2	74
3	84
4	67
5	81
6	92
7	35
8	85
9	94
10	15
11	89
12	81
13	70
14	16
15	42
16	92
17	14
18	34
19	31
20	32
21	94
22	44
23	25
24	82
25	92
26	42
27	8
28	62
29	51
30	44
31	85
32	90
33	99
34	32
35	99
36	13
37	45
38	85
39	22
40	99
41	20
42	63
43	7
44	40
45	12
46	56
47	19
48	43
49	16
50	99
51	87
52	81
53	5
54	45
55	98
56	13
57	15
58	60
59	64
60	53
61	95
62	5
63	77
64	16
65	23
66	17
67	89
68	11
69	97
70	1
71	44
72	12
73	36
74	46
75	37
76	53
77	36
78	33
79	18
80	96
/

sigma(i)	Size
/
0	0
1	9
2	6
3	7
4	8
5	1
6	4
7	7
8	2
9	8
10	5
11	6
12	2
13	7
14	2
15	9
16	4
17	9
18	7
19	4
20	5
21	5
22	6
23	3
24	1
25	8
26	5
27	6
28	4
29	1
30	5
31	5
32	2
33	8
34	8
35	8
36	5
37	7
38	1
39	8
40	3
41	6
42	4
43	1
44	6
45	9
46	3
47	6
48	3
49	4
50	9
51	8
52	5
53	7
54	5
55	6
56	9
57	5
58	8
59	8
60	4
61	9
62	2
63	2
64	3
65	2
66	7
67	7
68	6
69	8
70	6
71	2
72	8
73	7
74	3
75	1
76	4
77	3
78	8
79	4
80	9
/

epsilon(i)	Priority
/
0	0
1	5
2	8
3	6
4	3
5	5
6	5
7	5
8	3
9	3
10	7
11	6
12	6
13	3
14	3
15	5
16	9
17	1
18	2
19	6
20	6
21	5
22	6
23	7
24	6
25	7
26	7
27	9
28	8
29	9
30	9
31	9
32	8
33	6
34	2
35	1
36	9
37	9
38	6
39	3
40	5
41	4
42	6
43	9
44	5
45	5
46	3
47	2
48	7
49	4
50	9
51	7
52	5
53	3
54	2
55	9
56	1
57	1
58	8
59	5
60	8
61	7
62	5
63	7
64	1
65	9
66	4
67	3
68	9
69	8
70	4
71	9
72	6
73	5
74	5
75	3
76	5
77	9
78	8
79	6
80	1
/

psi	Vehicle Capacity
/ 77 /
;

Table kappa(i,j)                 Setup
         0        1        2        3        4        5        6        7        8        9        10       11       12       13       14       15       16       17       18       19       20       21       22       23       24       25       26       27       28       29       30       31       32       33       34       35       36       37       38       39       40       41       42       43       44       45       46       47       48       49       50       51       52       53       54       55       56       57       58       59       60       61       62       63       64       65       66       67       68       69       70       71       72       73       74       75       76       77       78       79       80       
0        0        429      608      477      104      701      356      332      104      466      474      364      679      429      430      567      651      398      627      371      131      137      560      28       457      642      448      536      59       739      129      646      648      385      102      280      372      675      108      547      601      112      454      526      675      342      727      499      532      463      537      678      444      552      254      536      226      676      484      187      252      326      175      664      78       632      121      313      485      704      292      559      162      716      415      780      390      251      676      607      221      
1        429      0        810      628      450      552      180      259      326      558      245      67       798      712      618      603      336      663      390      165      559      321      755      456      659      683      267      634      475      483      322      358      496      246      426      704      678      744      505      437      754      361      223      120      750      688      505      203      526      150      555      732      594      488      653      444      295      526      414      602      600      754      293      498      351      666      485      320      403      498      279      645      278      470      644      485      492      207      535      730      212      
2        608      810      0        182      505      551      631      551      647      265      991      755      152      202      196      289      756      215      650      648      570      708      54       614      158      271      589      211      640      712      699      719      545      576      513      547      264      230      515      488      91       706      638      822      221      329      659      698      359      931      325      254      215      430      456      469      798      548      456      512      381      662      738      567      636      282      714      490      470      629      856      218      699      689      193      783      318      764      535      143      658      
3        477      628      182      0        374      418      449      369      495      89       818      576      202      196      57       160      585      163      485      466      474      557      129      489      70       198      408      82       520      561      548      550      398      393      375      499      228      207      402      324      132      561      456      640      205      297      514      517      203      753      174      217      36       272      397      304      641      408      283      432      301      614      582      421      489      196      593      309      296      483      696      106      541      536      109      630      136      597      398      130      487      
4        104      450      505      374      0        628      335      290      160      369      542      383      576      331      326      472      619      296      578      354      142      215      456      115      353      545      405      436      147      688      206      607      579      345      24       264      277      575      63       476      497      204      422      530      574      259      668      476      445      513      446      578      342      473      202      464      309      605      412      158      166      343      251      597      142      536      219      254      415      642      373      459      222      663      312      735      295      307      603      504      239      
5        701      552      551      418      628      0        419      389      652      340      797      542      440      612      462      266      290      570      179      420      768      699      515      725      488      288      300      350      759      176      693      247      58       353      613      851      629      350      685      154      460      726      333      482      360      689      117      352      219      702      244      325      413      162      754      164      745      27       216      758      656      955      702      55       663      274      817      388      215      92       770      336      660      159      519      247      367      661      25       410      562      
6        356      180      631      449      335      419      0        80       271      377      400      138      618      546      441      426      297      496      293      20       469      301      576      384      482      507      120      453      412      403      298      296      361      72       312      600      519      567      398      282      573      336      104      208      572      541      405      143      352      317      378      555      415      323      530      283      330      392      245      494      460      673      295      370      291      491      450      142      235      389      351      464      258      383      472      432      312      242      398      549      156      
7        332      259      551      369      290      389      80       0        266      299      467      210      542      469      361      355      328      418      295      98       430      310      496      359      402      438      116      377      391      407      304      317      332      55       268      551      446      495      353      240      495      338      134      283      499      472      398      192      286      391      310      485      335      269      474      236      359      362      190      446      396      633      313      345      281      422      439      63       184      376      392      389      271      385      393      448      233      281      366      472      175      
8        104      326      647      495      160      652      271      266      0        465      382      261      696      487      456      556      568      448      557      284      235      62       595      129      490      637      377      541      150      669      53       567      596      313      142      383      435      679      196      499      625      75       374      426      680      419      663      412      509      362      520      677      459      516      348      492      152      626      441      287      326      428      92       610      25       625      178      266      439      643      214      562      62       648      455      703      385      150      628      623      123      
9        466      558      265      89       369      340      377      299      465      0        761      509      244      272      122      106      496      230      396      392      487      526      214      483      153      176      324      79       516      474      517      461      314      316      364      537      291      213      409      235      197      536      373      559      215      353      429      433      120      689      99       212      73       187      436      216      604      327      194      458      336      649      547      337      464      167      586      244      207      398      654      97       504      450      179      542      80       550      317      173      437      
10       474      245      991      818      542      797      400      467      382      761      0        262      1005     857      795      823      573      813      636      391      600      337      937      492      834      905      506      840      495      724      345      599      741      472      522      747      811      962      577      676      950      367      466      343      967      801      750      448      751      100      777      953      782      723      728      680      253      771      645      661      708      761      298      744      404      890      468      516      635      744      192      855      319      713      809      720      686      236      780      934      334      
11       364      67       755      576      383      542      138      210      261      509      262      0        753      650      561      563      358      601      393      128      493      262      701      391      602      645      245      587      411      494      262      372      484      209      358      637      614      704      438      414      704      301      209      169      709      622      509      208      490      180      516      693      541      460      585      418      250      515      382      535      534      689      238      489      286      629      426      267      372      498      247      600      218      478      585      506      440      157      523      683      145      
12       679      798      152      202      576      440      618      542      696      244      1005     753      0        329      250      207      681      322      568      632      667      758      156      690      231      152      550      165      720      612      750      641      446      553      578      670      383      91       600      414      86       764      600      788      81       453      555      654      288      933      254      117      237      351      572      398      841      442      402      619      485      786      783      466      691      167      794      489      415      526      894      153      741      591      280      684      320      792      428      73       680      
13       429      712      202      196      331      612      546      469      487      272      857      650      329      0        150      357      745      51       657      566      372      546      173      430      127      386      544      276      452      744      536      715      586      510      345      345      62       376      327      502      243      536      586      753      369      127      701      649      393      812      368      393      199      458      253      482      638      599      449      312      185      460      580      609      472      388      525      406      461      670      701      298      546      719      93       810      271      622      590      279      528      
14       430      618      196      57       326      462      441      361      456      122      795      561      250      150      0        212      605      109      512      459      419      518      142      440      41       255      416      139      470      595      509      574      436      392      330      441      173      264      350      354      171      519      461      640      261      240      551      524      243      735      219      275      49       309      340      335      606      449      305      376      244      556      546      459      448      254      544      298      317      520      662      163      506      570      57       662      135      568      440      181      461      
15       567      603      289      160      472      266      426      355      556      106      823      563      207      357      212      0        477      321      366      438      593      616      249      585      229      83       346      84       618      423      608      438      256      357      466      642      385      141      514      208      201      630      396      584      147      452      371      449      81       744      48       129      165      146      541      191      689      260      196      564      441      755      633      278      558      68       688      312      209      340      733      71       590      400      268      494      177      626      247      155      513      
16       651      336      756      585      619      290      297      328      568      496      573      358      681      745      605      477      0        695      116      283      758      593      708      680      643      534      216      546      709      156      591      43       251      273      597      879      738      601      682      269      674      630      197      230      610      779      197      157      399      473      434      579      562      330      798      287      604      271      302      775      714      962      580      239      588      517      746      374      289      205      605      543      548      152      654      149      473      510      285      631      449      
17       398      663      215      163      296      570      496      418      448      230      813      601      322      51       109      321      695      0        609      515      355      508      174      401      98       359      493      244      426      697      499      666      542      459      308      348      65       357      300      455      235      501      535      702      352      136      656      598      350      765      328      371      158      414      250      436      600      556      401      300      167      465      541      565      434      359      500      355      412      625      662      268      505      672      53       763      222      579      548      264      482      
18       627      390      650      485      578      179      293      295      557      396      636      393      568      657      512      366      116      609      0        286      720      594      604      655      548      419      180      439      687      112      589      73       136      244      558      829      658      486      639      162      565      626      191      307      495      705      116      187      291      537      325      464      466      220      741      181      622      158      207      727      650      920      588      126      574      402      733      323      196      108      635      434      550      90       564      159      386      531      171      521      448      
19       371      165      648      466      354      420      20       98       284      392      391      128      632      566      459      438      283      515      286      0        486      311      593      400      501      519      119      468      428      395      308      285      362      81       330      618      539      579      416      286      589      347      95       188      585      561      400      127      363      306      390      567      432      331      550      289      335      393      253      513      480      690      302      369      305      502      463      161      243      385      352      479      267      376      491      421      330      245      399      564      166      
20       131      559      570      474      142      768      469      430      235      487      600      493      667      372      419      593      758      355      720      486      0        264      529      109      436      660      546      546      107      830      258      748      720      485      162      149      310      681      83       617      583      233      561      652      679      260      811      611      576      594      574      688      446      610      144      604      347      746      553      70       188      204      303      739      210      653      164      396      556      785      412      570      293      806      388      877      421      382      743      600      348      
21       137      321      708      557      215      699      301      310      62       526      337      262      758      546      518      616      593      508      594      311      264      0        657      155      552      697      414      603      163      704      9        597      643      353      200      413      492      740      242      548      688      39       406      431      741      472      703      436      566      330      579      738      521      569      391      542      93       673      492      324      379      442      38       655      73       684      164      319      489      684      158      623      45       684      516      733      446      121      675      685      145      
22       560      755      54       129      456      515      576      496      595      214      937      701      156      173      142      249      708      174      604      593      529      657      0        567      105      246      537      167      594      671      648      672      504      522      463      517      231      217      470      442      73       655      585      769      209      300      620      646      314      876      281      238      161      385      423      423      746      509      407      475      341      633      686      526      586      253      668      435      420      589      803      178      647      647      144      742      263      710      497      120      603      
23       28       456      614      489      115      725      384      359      129      483      492      391      690      430      440      585      680      401      655      400      109      155      567      0        466      659      476      551      33       767      149      674      673      412      119      258      371      690      103      571      611      126      483      554      689      336      754      527      553      485      557      693      457      575      240      561      241      701      509      170      249      298      194      690      104      650      104      339      510      730      306      574      185      744      422      807      408      273      700      620      249      
24       457      659      158      70       353      488      482      402      490      153      834      602      231      127      41       229      643      98       548      501      436      552      105      466      0        261      456      149      494      628      542      611      466      434      359      444      164      259      371      388      147      551      502      681      254      234      582      564      271      775      244      273      81       339      344      368      640      477      342      388      254      560      581      489      480      262      568      340      354      551      698      171      541      603      49       696      176      606      467      168      500      
25       642      683      271      198      545      288      507      438      637      176      905      645      152      386      255      83       534      359      419      519      660      697      246      659      261      0        422      117      692      459      689      493      294      438      540      696      424      67       583      271      180      709      472      658      75       494      403      522      156      825      128      48       216      209      595      257      771      290      271      625      497      811      715      314      637      17       763      395      284      374      816      92       672      438      306      531      253      709      276      128      596      
26       448      267      589      408      405      300      120      116      377      324      506      245      550      544      416      346      216      493      180      119      546      414      537      476      456      422      0        392      507      292      410      201      242      63       384      664      531      486      468      170      520      446      49       238      493      566      288      108      266      416      298      471      380      222      582      176      450      273      150      560      499      749      411      250      393      405      553      157      138      270      471      398      372      271      459      331      280      362      279      487      271      
27       536      634      211      82       436      350      453      377      541      79       840      587      165      276      139      84       546      244      439      468      546      603      167      551      149      117      392      0        583      504      594      508      337      390      434      579      310      139      471      277      129      612      441      629      139      379      453      499      148      767      114      143      100      219      477      258      683      343      250      509      380      694      625      359      539      114      655      323      263      422      733      24       582      480      191      574      158      629      331      96       517      
28       59       475      640      520      147      759      412      391      150      516      495      411      720      452      470      618      709      426      687      428      107      163      594      33       494      692      507      583      0        799      158      704      707      443      152      252      392      722      125      605      640      129      512      577      721      353      786      556      587      494      591      725      488      609      248      595      241      734      542      175      269      280      201      723      125      683      74       372      543      763      306      606      199      776      450      838      441      285      734      650      272      
29       739      483      712      561      688      176      403      407      669      474      724      494      612      744      595      423      156      697      112      395      830      704      671      767      628      459      292      504      799      0        700      125      167      356      668      935      750      523      749      242      624      738      299      384      533      802      59       285      359      625      390      499      548      288      845      261      730      169      300      835      752      1029     698      146      686      444      846      433      291      85       739      494      661      25       650      72       478      637      184      575      559      
30       129      322      699      548      206      693      298      304      53       517      345      262      750      536      509      608      591      499      589      308      258      9        648      149      542      689      410      594      158      700      0        594      637      348      191      407      483      731      233      542      678      39       402      432      733      463      698      434      558      336      571      729      512      562      383      536      102      667      485      317      370      438      46       650      64       676      163      312      482      679      166      615      44       680      507      730      437      126      669      676      142      
31       646      358      719      550      607      247      296      317      567      461      599      372      641      715      574      438      43       666      73       285      748      597      672      674      611      493      201      508      704      125      594      0        208      263      585      865      712      560      670      231      636      632      192      259      568      755      159      165      361      499      395      538      530      291      781      249      614      228      268      761      694      951      586      196      586      475      745      357      256      164      620      505      552      116      624      136      444      521      242      592      451      
32       648      496      545      398      579      58       361      332      596      314      741      484      446      586      436      256      251      542      136      362      720      643      504      673      466      294      242      337      707      167      637      208      0        295      563      809      599      360      637      102      456      670      275      430      369      655      116      297      195      646      225      337      388      128      713      116      687      31       167      713      616      911      645      22       608      278      763      335      164      85       712      327      603      145      492      239      331      603      39       408      505      
33       385      246      576      393      345      353      72       55       313      316      472      209      553      510      392      357      273      459      244      81       485      353      522      412      434      438      63       390      443      356      348      263      295      0        323      606      491      498      408      211      514      383      80       247      504      521      350      141      281      388      309      486      362      251      527      211      392      326      173      501      448      688      351      305      330      421      489      107      163      331      418      399      311      334      429      395      259      308      331      486      211      
34       102      426      513      375      24       613      312      268      142      364      522      358      578      345      330      466      597      308      558      330      162      200      463      119      359      540      384      434      152      668      191      585      563      323      0        288      293      573      85       461      501      193      400      505      573      279      650      452      435      491      438      575      342      460      227      449      293      590      397      182      186      365      234      581      126      531      222      235      399      625      356      457      203      644      320      714      289      286      588      506      215      
35       280      704      547      499      264      851      600      551      383      537      747      637      670      345      441      642      879      348      829      618      149      413      517      258      444      696      664      579      252      935      407      865      809      606      288      0        287      703      202      708      583      381      685      792      699      218      909      739      643      743      633      715      480      689      101      692      494      831      644      105      200      116      451      829      358      693      293      507      650      881      558      603      442      910      395      988      486      531      826      612      491      
36       372      678      264      228      277      629      519      446      435      291      811      614      383      62       173      385      738      65       658      539      310      492      231      371      164      424      531      310      392      750      483      712      599      491      293      287      0        422      268      508      296      480      569      727      417      71       711      631      410      770      389      437      220      471      192      490      586      615      451      250      123      403      528      621      419      424      464      384      462      681      649      333      496      725      118      814      272      575      607      328      486      
37       675      744      230      207      575      350      567      495      679      213      962      704      91       376      264      141      601      357      486      579      681      740      217      690      259      67       486      139      722      523      731      560      360      498      573      703      422      0        608      338      144      750      536      723      10       493      466      587      220      884      189      25       235      276      603      323      817      353      336      640      508      819      760      379      677      84       794      448      348      438      865      116      717      503      308      595      293      760      339      97       647      
38       108      505      515      402      63       685      398      353      196      409      577      438      600      327      350      514      682      300      639      416      83       242      470      103      371      583      468      471      125      749      233      670      637      408      85       202      268      608      0        534      518      221      485      589      606      234      728      538      494      558      493      614      373      527      152      521      333      662      470      98       145      281      280      656      173      576      199      316      473      702      399      495      259      725      326      797      340      347      660      531      292      
39       547      437      488      324      476      154      282      240      499      235      676      414      414      502      354      208      269      455      162      286      617      548      442      571      388      271      170      277      605      242      542      231      102      211      461      708      508      338      534      0        405      573      215      393      346      561      204      255      130      586      164      319      307      62       613      19       599      129      64       611      517      808      553      122      510      254      663      234      61       174      628      274      510      217      408      308      236      518      129      362      415      
40       601      754      91       132      497      460      573      495      625      197      950      704      86       243      171      201      674      235      565      589      583      688      73       611      147      180      520      129      640      624      678      636      456      514      501      583      296      144      518      405      0        690      569      756      135      367      570      627      275      883      240      166      168      345      486      387      773      457      379      533      399      699      714      478      619      190      714      437      393      540      828      131      673      601      194      695      264      730      444      51       620      
41       112      361      706      561      204      726      336      338      75       536      367      301      764      536      519      630      630      501      626      347      233      39       655      126      551      709      446      612      129      738      39       632      670      383      193      381      480      750      221      573      690      0        440      471      751      454      734      473      584      366      595      749      526      591      366      566      114      700      516      296      363      405      73       683      72       698      124      341      513      714      180      633      84       717      513      768      457      160      702      691      181      
42       454      223      638      456      422      333      104      134      374      373      466      209      600      586      461      396      197      535      191      95       561      406      585      483      502      472      49       441      512      299      402      192      275      80       400      685      569      536      485      215      569      440      0        188      543      601      305      63       315      373      347      521      426      269      608      223      431      306      200      580      529      765      398      280      394      454      552      187      187      291      445      447      362      280      502      328      326      340      314      536      260      
43       526      120      822      640      530      482      208      283      426      559      343      169      788      753      640      584      230      702      307      188      652      431      769      554      681      658      238      629      577      384      432      259      430      247      505      792      727      723      589      393      756      471      188      0        730      748      416      137      503      243      535      707      609      452      730      404      414      457      387      687      666      852      407      427      451      641      595      346      375      414      400      636      387      375      675      377      506      324      469      725      305      
44       675      750      221      205      574      360      572      499      680      215      967      709      81       369      261      147      610      352      495      585      679      741      209      689      254      75       493      139      721      533      733      568      369      504      573      699      417      10       606      346      135      751      543      730      0        488      476      594      227      889      195      35       233      283      598      331      820      363      342      637      505      815      762      389      678      93       793      452      355      447      868      117      719      513      303      605      295      763      349      90       650      
45       342      688      329      297      259      689      541      472      419      353      801      622      453      127      240      452      779      136      705      561      260      472      300      336      234      494      566      379      353      802      463      755      655      521      279      218      71       493      234      561      367      454      601      748      488      0        765      662      471      768      452      508      286      528      128      543      565      673      502      194      93       333      509      678      399      494      421      413      511      735      630      402      481      776      187      863      325      565      665      399      486      
46       727      505      659      514      668      117      405      398      663      429      750      509      555      701      551      371      197      656      116      400      811      703      620      754      582      403      288      453      786      59       698      159      116      350      650      909      711      466      728      204      570      734      305      416      476      765      0        303      311      651      341      441      503      242      816      222      736      113      266      810      721      1006     700      93       679      388      837      416      259      31       751      442      661      47       607      130      440      645      127      521      559      
47       499      203      698      517      476      352      143      192      412      433      448      208      654      649      524      449      157      598      187      127      611      436      646      527      564      522      108      499      556      285      434      165      297      141      452      739      631      587      538      255      627      473      63       137      594      662      303      0        367      351      400      570      488      314      665      267      449      326      252      634      588      815      423      297      433      504      590      249      239      295      455      504      391      270      565      301      388      355      337      593      292      
48       532      526      359      203      445      219      352      286      509      120      751      490      288      393      243      81       399      350      291      363      576      566      314      553      271      156      266      148      587      359      558      361      195      281      435      643      410      220      494      130      275      584      315      503      227      471      311      367      0        669      34       205      193      71       544      111      632      206      115      556      444      752      579      218      514      140      653      251      128      280      673      144      536      334      299      428      157      563      197      233      452      
49       463      150      931      753      513      702      317      391      362      689      100      180      933      812      735      744      473      765      537      306      594      330      876      485      775      825      416      767      494      625      336      499      646      388      491      743      770      884      558      586      883      366      373      243      889      768      651      351      669      0        696      873      718      636      710      592      265      676      559      649      676      771      293      648      386      809      482      445      549      646      218      780      301      614      755      620      618      212      685      862      284      
