
sets
i        orders          /0*80/
k        routes          /1*80/
p        positions       /0*80/
;

alias(i,j)
alias(i,h)
alias(i,hh)
alias(i,jj)
alias(k,kk)
                
                    Parameters

rho(i)	Processing time
/
0	0
1	39
2	18
3	22
4	52
5	24
6	32
7	95
8	71
9	80
10	20
11	26
12	5
13	94
14	77
15	77
16	98
17	49
18	40
19	17
20	89
21	49
22	54
23	23
24	94
25	37
26	33
27	26
28	56
29	37
30	86
31	66
32	25
33	16
34	86
35	20
36	8
37	8
38	47
39	54
40	38
41	59
42	49
43	59
44	90
45	40
46	26
47	43
48	88
49	32
50	28
51	59
52	63
53	54
54	10
55	11
56	34
57	9
58	98
59	31
60	98
61	27
62	20
63	24
64	93
65	97
66	41
67	19
68	81
69	31
70	17
71	33
72	58
73	45
74	16
75	75
76	68
77	95
78	94
79	39
80	66
/

gamma(i)	Duedate
/
0	0
1	5
2	92
3	9
4	24
5	10
6	51
7	67
8	85
9	44
10	70
11	93
12	63
13	97
14	15
15	57
16	82
17	22
18	17
19	28
20	86
21	36
22	45
23	70
24	63
25	29
26	83
27	53
28	40
29	29
30	9
31	42
32	41
33	32
34	50
35	9
36	9
37	14
38	85
39	87
40	11
41	68
42	13
43	34
44	22
45	53
46	47
47	50
48	12
49	71
50	83
51	43
52	48
53	36
54	87
55	90
56	77
57	6
58	61
59	52
60	94
61	74
62	58
63	52
64	42
65	41
66	16
67	32
68	2
69	92
70	57
71	99
72	5
73	45
74	29
75	26
76	73
77	30
78	77
79	35
80	18
/

sigma(i)	Size
/
0	0
1	8
2	7
3	1
4	8
5	1
6	3
7	7
8	6
9	9
10	7
11	8
12	6
13	6
14	5
15	2
16	2
17	8
18	6
19	1
20	9
21	1
22	2
23	6
24	6
25	6
26	5
27	8
28	4
29	9
30	9
31	9
32	9
33	9
34	5
35	2
36	3
37	4
38	9
39	5
40	8
41	6
42	2
43	2
44	8
45	3
46	9
47	7
48	1
49	7
50	1
51	5
52	7
53	4
54	8
55	5
56	3
57	4
58	2
59	2
60	2
61	6
62	4
63	4
64	1
65	2
66	9
67	3
68	3
69	3
70	1
71	8
72	8
73	8
74	3
75	9
76	6
77	1
78	6
79	8
80	5
/

epsilon(i)	Priority
/
0	0
1	3
2	3
3	1
4	4
5	9
6	1
7	6
8	5
9	4
10	2
11	8
12	4
13	7
14	6
15	7
16	5
17	3
18	1
19	9
20	5
21	6
22	8
23	9
24	3
25	5
26	4
27	3
28	7
29	4
30	1
31	3
32	5
33	4
34	6
35	3
36	8
37	9
38	8
39	9
40	1
41	4
42	2
43	8
44	4
45	9
46	2
47	5
48	9
49	7
50	3
51	3
52	7
53	2
54	9
55	3
56	4
57	9
58	1
59	5
60	1
61	3
62	9
63	5
64	3
65	7
66	4
67	5
68	6
69	8
70	2
71	7
72	1
73	1
74	9
75	4
76	5
77	6
78	4
79	8
80	5
/

psi	Vehicle Capacity
/ 12 /
;

Table kappa(i,j)                 Setup
         0        1        2        3        4        5        6        7        8        9        10       11       12       13       14       15       16       17       18       19       20       21       22       23       24       25       26       27       28       29       30       31       32       33       34       35       36       37       38       39       40       41       42       43       44       45       46       47       48       49       50       51       52       53       54       55       56       57       58       59       60       61       62       63       64       65       66       67       68       69       70       71       72       73       74       75       76       77       78       79       80       
0        0        722      495      107      318      159      138      475      702      572      326      711      585      187      853      67       163      875      657      251      866      501      706      130      531      398      505      538      497      387      353      333      969      634      703      502      621      606      746      999      555      366      692      775      465      401      596      533      480      515      664      306      655      510      730      319      477      353      714      753      501      792      147      581      557      219      548      556      766      847      692      25       588      299      611      326      465      752      51       796      192      
1        722      0        829      767      797      578      648      280      451      432      797      721      685      592      588      746      618      457      80       532      517      442      317      721      720      658      304      187      769      795      701      555      584      584      270      761      104      165      517      595      397      583      592      136      716      327      164      414      699      230      120      714      712      279      83       676      250      378      318      585      425      549      715      141      754      507      177      236      126      374      534      698      228      426      362      523      397      542      711      452      761      
2        495      829      0        599      184      441      382      725      511      430      176      322      219      381      577      561      381      693      749      384      640      393      611      365      142      176      524      666      69       109      163      298      726      349      641      80       735      808      506      758      452      257      396      797      114      560      665      428      136      734      845      195      266      550      883      203      615      624      617      465      409      533      348      726      131      554      674      593      794      716      440      500      605      521      510      336      432      495      544      606      308      
3        107      767      599      0        420      246      243      502      795      665      428      817      691      286      950      39       264      962      709      344      958      595      787      235      638      505      581      591      604      490      461      435      1062     737      780      609      671      635      842      1091     645      470      794      835      572      462      657      625      587      547      695      413      762      583      764      427      533      389      795      853      593      889      253      626      664      262      600      626      825      928      791      112      659      360      698      424      553      850      71       887      293      
4        318      797      184      420      0        301      227      635      579      467      8        468      344      248      685      383      237      767      718      281      730      408      645      190      269      183      502      616      209      75       117      243      826      445      664      218      695      740      595      858      473      228      502      795      202      487      637      447      227      655      786      84       408      523      836      125      557      519      652      573      419      632      175      674      281      422      625      572      790      771      530      327      593      419      538      273      418      590      369      679      127      
5        159      578      441      246      301      0        80       357      549      419      306      593      473      60       705      210      63       718      508      99       712      349      547      151      435      300      345      391      422      347      279      201      816      499      544      423      475      479      597      845      399      243      554      620      377      251      442      379      385      389      534      248      542      351      595      239      328      233      555      611      347      644      151      439      467      120      401      398      612      687      547      140      430      152      454      182      308      606      174      641      208      
6        138      648      382      243      227      80       0        437      570      441      233      574      449      60       717      203      32       748      576      128      734      370      586      73       399      264      395      460      374      281      228      196      837      496      589      377      544      557      611      867      427      227      554      681      335      320      505      404      348      467      610      187      519      405      670      190      397      314      594      616      371      656      70       511      427      199      470      455      673      726      556      131      484      228      487      192      342      616      175      667      127      
7        475      280      725      502      635      357      437      0        538      450      639      734      653      394      706      487      413      631      246      355      666      414      447      509      656      551      283      158      681      659      569      427      756      600      415      677      205      133      606      777      410      470      633      383      626      169      238      411      619      50       193      562      704      260      263      534      150      125      453      658      399      651      508      153      693      256      161      264      372      564      592      450      291      216      419      389      347      627      454      588      564      
8        702      451      511      795      579      549      570      538      0        130      575      287      304      515      170      759      541      188      388      452      163      201      139      621      371      395      261      390      442      536      461      379      267      171      184      431      402      531      69       297      153      366      152      355      406      406      327      170      380      510      531      503      299      280      531      462      389      525      140      133      202      113      606      431      393      575      391      277      358      205      90       687      256      471      120      378      245      93       724      100      620      
9        572      432      430      665      467      419      441      450      130      0        464      296      255      385      290      629      411      310      356      321      294      71       182      493      301      288      167      319      363      434      350      252      397      157      210      353      357      471      180      427      40       244      183      372      317      299      279      44       294      430      485      387      281      193      502      345      300      416      188      213      72       229      478      372      332      451      324      211      371      304      146      557      206      350      79       248      121      194      594      226      496      
10       326      797      176      428      8        306      233      639      575      464      0        461      337      253      679      391      242      763      718      284      726      406      642      198      262      179      502      617      201      67       113      243      821      440      662      210      696      742      590      853      471      226      497      794      196      489      637      445      221      658      788      83       401      523      838      124      558      523      650      567      417      627      183      676      274      427      627      571      789      767      525      335      592      423      535      274      417      585      377      675      135      
11       711      721      322      817      468      593      574      734      287      296      461      0        127      539      276      778      555      427      648      499      358      319      423      594      198      315      459      614      265      399      372      392      426      139      467      255      653      766      245      456      335      351      135      639      266      570      574      327      243      721      781      424      59       486      795      397      589      677      426      179      335      250      576      668      192      670      619      507      641      478      197      705      500      590      359      417      387      223      749      351      562      
12       585      685      219      691      344      473      449      653      304      255      337      127      0        417      358      652      431      478      608      383      422      250      421      467      79       187      396      552      153      279      244      275      507      134      458      142      604      704      290      538      288      230      177      626      141      484      527      271      116      647      728      296      70       424      752      269      517      581      426      246      267      314      448      610      91       559      559      456      625      509      225      580      457      487      332      304      311      276      624      392      434      
13       187      592      381      286      248      60       60       394      515      385      253      539      417      0        665      248      28       691      518      68       679      314      527      130      375      240      335      404      361      289      218      149      782      451      529      363      488      508      558      812      370      188      507      621      317      265      447      347      325      420      560      189      486      346      617      178      341      273      535      567      315      605      122      457      407      176      414      395      614      667      505      174      424      179      428      138      283      565      215      611      172      
14       853      588      577      950      685      705      717      706      170      290      679      276      358      665      0        913      689      173      535      606      94       357      275      760      436      504      432      554      511      629      571      521      150      239      319      500      556      688      109      181      320      497      183      471      490      577      486      333      463      675      681      619      318      450      671      582      558      696      272      112      362      61       743      591      446      741      554      442      477      248      161      840      418      639      290      527      411      100      879      136      748      
15       67       746      561      39       383      210      203      487      759      629      391      778      652      248      913      0        226      928      686      307      922      558      755      196      598      465      550      567      565      453      421      396      1026     698      749      570      648      620      805      1055     609      431      755      809      533      435      631      589      547      530      679      374      722      552      747      387      508      369      763      815      557      852      214      605      625      239      577      597      800      896      753      73       630      333      664      386      518      813      37       851      256      
16       163      618      381      264      237      63       32       413      541      411      242      555      431      28       689      226      0        718      545      96       705      340      555      103      386      250      363      430      366      284      221      170      808      472      557      369      514      531      583      838      396      205      529      649      325      291      474      374      335      441      583      186      501      374      642      182      367      291      563      590      341      629      97       482      416      184      440      423      641      694      529      152      452      201      456      163      310      589      194      637      150      
17       875      457      693      962      767      718      748      631      188      310      763      427      478      691      173      928      718      0        420      624      79       379      187      803      551      584      392      472      624      723      650      563      128      345      216      613      450      583      188      146      321      553      305      327      591      535      394      344      565      592      564      692      456      400      540      651      495      651      180      247      376      177      788      494      569      725      470      374      335      85       253      858      343      619      264      557      410      206      892      88       806      
18       657      80       749      709      718      508      576      246      388      356      718      648      608      518      535      686      545      420      0        457      473      362      260      648      640      578      224      119      689      715      620      476      549      510      216      681      41       164      455      564      320      502      522      137      636      257      83       336      619      197      146      634      637      199      146      596      181      325      263      521      345      491      641      92       675      447      109      155      126      342      466      633      150      358      289      444      316      480      650      402      686      
19       251      532      384      344      281      99       128      355      452      321      284      499      383      68       606      307      96       624      457      0        615      251      459      195      353      223      267      346      352      306      221      108      718      400      461      352      428      460      498      748      304      154      455      556      303      210      383      282      305      375      508      207      450      279      563      183      284      242      467      511      250      545      186      401      387      178      356      328      548      599      448      235      357      140      361      83       215      506      272      545      229      
20       866      517      640      958      730      712      734      666      163      294      726      358      422      679      94       922      705      79       473      615      0        365      219      784      498      547      407      509      573      681      614      542      103      292      258      561      499      632      136      133      314      526      245      393      545      553      434      333      518      630      619      659      393      420      601      619      523      672      214      180      365      109      768      538      513      733      508      403      400      159      202      851      374      627      267      542      406      145      887      78       780      
21       501      442      393      595      408      349      370      414      201      71       406      319      250      314      357      558      340      379      362      251      365      0        237      423      278      236      146      302      330      382      294      183      468      187      256      321      355      455      248      498      65       181      229      403      279      252      280      39       259      402      478      326      292      174      504      284      270      364      244      272      17       296      408      360      312      386      308      207      400      367      205      486      214      289      129      177      67       259      523      297      429      
22       706      317      611      787      645      547      586      447      139      182      642      423      421      527      275      755      555      187      260      459      219      237      0        648      478      469      208      290      543      615      530      416      309      297      46       533      282      415      200      331      171      418      289      216      499      349      215      197      475      411      406      563      428      214      398      521      309      464      8        270      227      232      635      319      505      543      288      187      219      140      227      687      156      436      107      402      245      226      718      144      661      
23       130      721      365      235      190      151      73       509      621      493      198      594      467      130      760      196      103      803      648      195      784      423      648      0        407      279      462      533      369      257      228      242      886      531      654      375      617      630      657      917      484      263      590      751      340      393      577      460      357      540      683      179      537      475      743      197      470      384      656      655      427      701      18       584      431      263      543      524      744      786      598      136      553      301      546      247      403      660      179      720      68       
24       531      720      142      638      269      435      399      656      371      301      262      198      79       375      436      598      386      551      640      353      498      278      478      407      0        135      420      572      74       201      179      247      585      206      511      63       632      721      364      617      328      200      254      673      68       487      558      307      51       656      750      231      139      448      782      211      529      571      483      324      295      391      389      632      36       531      579      485      671      576      298      529      492      472      381      282      329      352      573      464      368      
25       398      658      176      505      183      300      264      551      395      288      179      315      187      240      504      465      250      584      578      223      547      236      469      279      135      0        354      491      131      146      67       125      644      266      492      129      561      632      412      676      299      81       324      636      80       384      494      274      85       558      669      115      258      379      710      82       439      454      476      394      249      450      260      551      167      400      500      424      632      590      347      395      439      352      362      162      262      408      439      496      250      
26       505      304      524      581      502      345      395      283      261      167      502      459      396      335      432      550      363      392      224      267      407      146      208      462      420      354      0        156      465      493      399      258      506      321      199      458      211      309      327      531      127      280      351      294      412      146      140      131      396      263      331      418      436      28       361      378      133      265      216      375      129      374      452      213      456      334      162      70       288      348      309      484      92       227      142      231      92       347      513      329      488      
27       538      187      666      591      616      391      460      158      390      319      617      614      552      404      554      567      430      472      119      346      509      302      290      533      572      491      156      0        611      621      526      379      598      476      256      605      84       152      459      618      279      412      500      246      557      140      81       287      543      121      178      534      593      128      220      498      63       210      295      515      285      502      527      60       608      328      10       113      236      406      453      514      135      240      273      344      243      481      531      432      575      
28       497      769      69       604      209      422      374      681      442      363      201      265      153      361      511      565      366      624      689      352      573      330      543      369      74       131      465      611      0        136      146      256      660      280      574      11       677      756      438      691      386      211      329      731      54       513      605      363      70       686      790      191      207      492      826      184      563      585      549      399      346      466      351      671      73       529      619      533      729      647      372      499      543      483      443      293      373      427      543      537      321      
29       387      795      109      490      75       347      281      659      536      434      67       399      279      289      629      453      284      723      715      306      681      382      615      257      201      146      493      621      136      0        94       242      774      391      638      145      696      754      545      806      446      213      445      781      139      501      633      420      165      674      796      99       340      517      842      124      565      548      622      516      395      579      240      681      209      465      630      564      776      734      479      393      581      446      509      277      404      538      436      635      198      
30       353      701      163      461      117      279      228      569      461      350      113      372      244      218      571      421      221      650      620      221      614      294      530      228      179      67       399      526      146      94       0        147      711      332      550      149      601      661      479      743      359      118      390      688      112      408      538      333      130      582      702      52       313      422      747      39       471      463      537      460      305      517      209      586      203      390      535      469      683      654      414      354      488      360      423      183      311      475      398      562      190      
31       333      555      298      435      243      201      196      427      379      252      243      392      275      149      521      396      170      563      476      108      542      183      416      242      247      125      258      379      256      242      147      0        644      301      429      254      455      514      416      675      246      47       358      552      203      263      394      221      201      437      554      159      342      279      600      120      323      329      424      419      189      461      226      439      282      285      388      328      546      550      359      323      349      227      310      37       178      420      364      478      245      
32       969      584      726      1062     826      816      837      756      267      397      821      426      507      782      150      1026     808      128      549      718      103      468      309      886      585      644      506      598      660      774      711      644      0        383      342      648      578      712      232      31       417      627      330      451      636      652      520      437      609      718      692      757      468      517      667      718      617      769      302      260      468      195      870      621      596      835      596      496      460      210      296      954      466      729      369      645      509      236      990      177      881      
33       634      584      349      737      445      499      496      600      171      157      440      139      134      451      239      698      472      345      510      400      292      187      297      531      206      266      321      476      280      391      332      301      383      0        338      269      514      627      157      415      196      269      58       509      253      440      435      189      226      584      642      382      131      348      657      345      453      551      301      127      201      188      513      529      224      560      480      368      510      376      92       625      361      470      222      317      254      147      666      258      513      
34       703      270      641      780      664      544      589      415      184      210      662      467      458      529      319      749      557      216      216      461      258      256      46       654      511      492      199      256      574      638      550      429      342      338      0        564      240      373      247      362      192      436      333      172      528      331      178      218      505      376      362      581      469      199      352      539      282      442      47       317      245      278      641      280      540      530      254      163      174      154      272      684      130      424      131      411      252      273      712      186      671      
35       502      761      80       609      218      423      377      677      431      353      210      255      142      363      500      570      369      613      681      352      561      321      533      375      63       129      458      605      11       145      149      254      648      269      564      0        670      751      427      680      377      208      318      723      50       508      598      354      62       681      784      196      196      485      819      187      558      583      539      388      338      455      356      665      63       529      613      526      720      636      361      503      535      481      433      291      366      416      548      526      328      
36       621      104      735      671      695      475      544      205      402      357      696      653      604      488      556      648      514      450      41       428      499      355      282      617      632      561      211      84       677      696      601      455      578      514      240      670      0        133      471      595      319      484      530      178      623      224      78       333      607      156      129      612      638      184      149      575      147      285      286      534      338      509      611      51       667      409      74       148      167      375      477      597      152      323      297      422      304      496      612      426      657      
37       606      165      808      635      740      479      557      133      531      471      742      766      704      508      688      620      531      583      164      460      632      455      415      630      721      632      309      152      756      754      661      514      712      627      373      751      133      0        600      728      431      551      650      290      702      253      203      440      690      91       60       662      745      281      130      629      193      253      419      660      438      640      628      99       757      386      147      260      279      507      600      581      275      329      419      477      394      624      587      559      681      
38       746      517      506      842      595      597      611      606      69       180      590      245      290      558      109      805      583      188      455      498      136      248      200      657      364      412      327      459      438      545      479      416      232      157      247      427      471      600      0        264      211      395      116      414      409      470      396      224      382      579      599      525      269      347      597      485      457      589      200      72       253      48       640      500      381      632      460      346      418      232      66       732      325      530      187      420      301      26       770      106      649      
39       999      595      758      1091     858      845      867      777      297      427      853      456      538      812      181      1055     838      146      564      748      133      498      331      917      617      676      531      618      691      806      743      675      31       415      362      680      595      728      264      0        446      658      362      462      668      677      540      466      641      738      706      789      499      542      678      750      640      794      324      292      498      227      901      640      627      862      616      519      471      222      328      984      488      756      396      675      538      268      1019     204      912      
40       555      397      452      645      473      399      427      410      153      40       471      335      288      370      320      609      396      321      320      304      314      65       171      484      328      299      127      279      386      446      359      246      417      196      192      377      319      431      211      446      0        246      223      345      338      261      241      26       316      390      446      391      318      153      465      349      260      379      179      250      57       259      469      332      360      422      284      172      343      303      183      538      169      319      64       237      92       227      573      242      492      
41       366      583      257      470      228      243      227      470      366      244      226      351      230      188      497      431      205      553      502      154      526      181      418      263      200      81       280      412      211      213      118      47       627      269      436      208      484      551      395      658      246      0        327      570      157      303      420      220      154      477      589      145      298      304      631      103      359      375      426      392      191      439      245      472      235      332      421      351      565      548      336      357      369      274      311      82       192      397      400      466      254      
42       692      592      396      794      502      554      554      633      152      183      497      135      177      507      183      755      529      305      522      455      245      229      289      590      254      324      351      500      329      445      390      358      330      58       333      318      530      650      116      362      223      327      0        505      307      479      452      223      280      613      659      440      152      376      668      404      484      593      291      70       240      137      572      550      267      610      504      389      507      347      62       682      377      517      233      372      294      100      723      223      572      
43       775      136      797      835      795      620      681      383      355      372      794      639      626      621      471      809      649      327      137      556      393      403      216      751      673      636      294      246      731      781      688      552      451      509      172      723      178      290      414      462      345      570      505      0        682      374      178      368      661      334      254      711      641      278      217      670      302      457      215      486      388      439      742      230      704      573      238      228      11       242      444      752      202      477      293      526      377      440      773      335      782      
44       465      716      114      572      202      377      335      626      406      317      196      266      141      317      490      533      325      591      636      303      545      279      499      340      68       80       412      557      54       139      112      203      636      253      528      50       623      702      409      668      338      157      307      682      0        458      552      314      27       631      736      162      206      438      772      145      509      533      505      377      295      441      321      617      91       480      565      480      679      609      343      464      491      431      396      240      319      401      509      503      299      
45       401      327      560      462      487      251      320      169      406      299      489      570      484      265      577      435      291      535      257      210      553      252      349      393      487      384      146      140      513      501      408      263      652      440      331      508      224      253      470      677      261      303      479      374      458      0        196      256      450      173      298      409      537      135      352      376      77       119      357      512      239      518      388      191      523      202      150      169      365      485      445      378      203      102      288      225      185      488      398      476      437      
46       596      164      665      657      637      442      505      238      327      279      637      574      527      447      486      631      474      394      83       383      434      280      215      577      558      494      140      81       605      633      538      394      520      435      178      598      78       203      396      540      241      420      452      178      552      196      0        255      535      197      207      554      559      115      225      515      125      286      220      458      263      436      569      105      592      396      76       72       169      325      399      573      74       298      218      364      233      420      594      359      611      
47       533      414      428      625      447      379      404      411      170      44       445      327      271      347      333      589      374      344      336      282      333      39       197      460      307      274      131      287      363      420      333      221      437      189      218      354      333      440      224      466      26       220      223      368      314      256      255      0        293      394      458      365      306      159      481      323      263      372      205      257      32       272      445      342      340      407      292      185      365      329      189      517      186      306      90       213      77       238      553      263      467      
48       480      699      136      587      227      385      348      619      380      294      221      243      116      325      463      547      335      565      619      305      518      259      475      357      51       85       396      543      70       165      130      201      609      226      505      62       607      690      382      641      316      154      280      661      27       450      535      293      0        622      722      182      183      423      757      160      497      529      481      350      275      414      338      604      82       483      551      463      659      583      315      478      473      429      373      237      303      373      522      477      320      
49       515      230      734      547      655      389      467      50       510      430      658      721      647      420      675      530      441      592      197      375      630      402      411      540      656      558      263      121      686      674      582      437      718      584      376      681      156      91       579      738      390      477      613      334      631      173      197      394      622      0        149      579      694      237      216      549      131      162      416      633      386      622      538      105      693      295      122      233      323      522      569      490      257      240      392      399      337      601      497      554      592      
