

sets
i        orders          /0*10/
k        routes          /1*10/
p        positions       /0*10/
;

alias(i,j)
alias(i,h)
alias(i,hh)
alias(i,jj)
alias(k,kk)
                            Parameters

rho(i)	Processing time
/
0	0
1	17
2	57
3	67
4	80
5	71
6	56
7	41
8	49
9	55
10	30
/

gamma(i)	Duedate
/
0	0
1	71
2	27
3	40
4	87
5	60
6	81
7	94
8	86
9	98
10	87
/

sigma(i)	Size
/
0	0
1	3
2	7
3	4
4	8
5	8
6	1
7	1
8	1
9	7
10	8
/

epsilon(i)	Priority
/
0	0
1	7
2	9
3	9
4	5
5	4
6	7
7	2
8	8
9	7
10	4
/

psi	Vehicle Capacity
/ 42 /
;

Table kappa(i,j)                 Setup
         0        1        2        3        4        5        6        7        8        9        10       
0        0        71       57       63       118      79       102      70       77       96       65       
1        71       0        49       49       69       90       95       79       23       50       61       
2        57       49       0        5        62       41       51       29       36       42       12       
3        63       49       5        0        56       41       49       30       33       37       12       
4        118      69       62       56       0        79       62       73       47       21       62       
5        79       90       41       41       79       0        27       11       74       68       29       
6        102      95       51       49       62       27       0        31       75       59       40       
7        70       79       29       30       73       11       31       0        63       60       18       
8        77       23       36       33       47       74       75       63       0        27       45       
9        96       50       42       37       21       68       59       60       27       0        45       
10       65       61       12       12       62       29       40       18       45       45       0        
;



Table delta(i,j)                 Distance
         0        1        2        3        4        5        6        7        8        9        10       
0        0        730      340      80       890      390      570      80       810      570      850      
1        730      0        89       65       31       63       22       67       87       17       28       
2        340      89       0        37       94       73       68       41       57       72       90       
3        80       65       37       0        81       36       48       6        78       48       77       
4        890      31       94       81       0        91       33       85       71       37       4        
5        390      63       73       36       91       0        59       31       110      53       86       
6        570      22       68       48       33       59       0        52       68       7        29       
7        80       67       41       6        85       31       52       0        84       51       81       
8        810      87       57       78       71       110      68       84       0        75       70       
9        570      17       72       48       37       53       7        51       75       0        32       
10       850      28       90       77       4        86       29       81       70       32       0        
;

