

sets
i        orders          /0*40/
k        routes          /1*40/
p        positions       /0*40/
;

alias(i,j)
alias(i,h)
alias(i,hh)
alias(i,jj)
alias(k,kk)
                            Parameters

rho(i)	Processing time
/
0	0
1	92
2	8
3	41
4	53
5	87
6	66
7	48
8	55
9	48
10	38
11	48
12	89
13	26
14	67
15	20
16	92
17	69
18	7
19	12
20	43
21	9
22	39
23	36
24	31
25	78
26	97
27	69
28	8
29	7
30	58
31	30
32	39
33	51
34	3
35	62
36	82
37	12
38	92
39	72
40	95
/

gamma(i)	Duedate
/
0	0
1	42
2	1
3	6
4	78
5	96
6	91
7	35
8	91
9	15
10	69
11	62
12	39
13	63
14	65
15	95
16	20
17	9
18	44
19	38
20	15
21	13
22	63
23	90
24	40
25	72
26	93
27	62
28	52
29	37
30	9
31	77
32	47
33	45
34	98
35	90
36	67
37	68
38	25
39	3
40	12
/

sigma(i)	Size
/
0	0
1	3
2	1
3	3
4	3
5	7
6	1
7	3
8	9
9	2
10	3
11	9
12	9
13	3
14	6
15	5
16	8
17	3
18	9
19	1
20	8
21	7
22	4
23	3
24	2
25	6
26	8
27	2
28	2
29	1
30	9
31	5
32	1
33	7
34	6
35	3
36	2
37	6
38	5
39	6
40	7
/

epsilon(i)	Priority
/
0	0
1	1
2	6
3	1
4	8
5	1
6	4
7	6
8	4
9	3
10	9
11	8
12	3
13	1
14	4
15	9
16	1
17	2
18	9
19	6
20	5
21	8
22	1
23	2
24	2
25	7
26	1
27	7
28	8
29	5
30	9
31	3
32	9
33	2
34	6
35	1
36	9
37	8
38	4
39	3
40	6
/

psi	Vehicle Capacity
/ 13 /
;

Table kappa(i,j)                 Setup
         0        1        2        3        4        5        6        7        8        9        10       11       12       13       14       15       16       17       18       19       20       21       22       23       24       25       26       27       28       29       30       31       32       33       34       35       36       37       38       39       40       
0        0        3592     3936     1832     4205     813      2035     3194     2019     3199     1281     3564     2664     2231     3653     2328     3504     773      3259     2334     3901     515      3079     2420     1744     1799     2503     4285     4408     2574     3492     1991     2914     882      1758     212      581      2130     2139     2480     776      
1        3592     0        1079     2227     1597     2942     3367     1162     1582     1440     3170     143      971      2121     1093     3066     1402     3306     350      1321     1439     3497     1020     1189     1904     1852     3072     2330     1984     1017     2910     3976     1201     3169     3646     3708     3066     2029     1795     3313     2938     
2        3936     1079     0        2221     2631     3168     4195     2213     2141     886      3166     949      1734     2994     2170     3961     2480     3454     1094     1652     2505     3703     858      1845     2492     2454     3995     3397     3016     1623     3961     4749     2193     3738     4403     4001     3504     1936     1824     4221     3186     
3        1832     2227     2221     0        3422     1019     2920     2439     1164     1401     964      2143     1605     2188     2789     2929     2832     1241     1880     960      3143     1508     1404     1391     1267     1286     3053     3846     3745     1383     3632     3255     2186     1976     2915     1849     1565     301      435      3183     1056     
4        4205     1597     2631     3422     0        3794     3123     1032     2368     3008     4237     1741     1817     2067     633      2691     703      4200     1792     2473     304      4300     2552     2043     2518     2465     2604     822      387      2043     1901     3778     1316     3499     3530     4378     3624     3322     3046     2851     3765     
5        813      2942     3168     1019     3794     0        2319     2762     1452     2400     679      2893     2086     2044     3194     2475     3118     406      2596     1631     3492     555      2316     1835     1281     1332     2634     4021     4052     1945     3465     2486     2478     1179     2182     838      689      1319     1349     2689     64       
6        2035     3367     4195     2920     3123     2319     0        2393     2124     3811     2998     3423     2470     1248     2806     457      2492     2597     3161     2673     2865     2464     3455     2353     1808     1826     605      2838     3160     2575     1691     656      2217     1186     447      2245     1664     3110     2927     471      2255     
7        3194     1162     2213     2439     1032     2762     2393     0        1342     2299     3215     1273     856      1185     464      2025     394      3167     1145     1522     731      3270     1826     1048     1488     1434     1997     1431     1314     1101     1750     3040     284      2539     2744     3361     2616     2376     2095     2248     2733     
8        2019     1582     2141     1164     2368     1452     2124     1342     0        1687     1872     1570     646      1103     1753     1990     1721     1850     1266     548      2071     1988     1344     400      351      313      2077     2704     2655     572      2497     2628     1067     1619     2278     2151     1484     1196     936      2258     1432     
9        3199     1440     886      1401     3008     2400     3811     2299     1687     0        2312     1302     1553     2728     2433     3664     2653     2642     1219     1138     2807     2908     473      1538     2010     1987     3736     3672     3389     1343     3944     4292     2169     3147     3941     3237     2835     1102     1062     3932     2428     
10       1281     3170     3166     964      4237     679      2998     3215     1872     2312     0        3094     2444     2653     3614     3149     3593     509      2821     1862     3943     793      2365     2203     1803     1846     3305     4552     4528     2254     4098     3141     2939     1846     2848     1194     1352     1231     1396     3367     742      
11       3564     143      949      2143     1741     2893     3423     1273     1570     1302     3094     0        987      2182     1230     3136     1531     3249     305      1263     1580     3449     892      1187     1902     1852     3148     2471     2127     998      3024     4021     1289     3175     3688     3674     3050     1933     1709     3386     2892     
12       2664     971      1734     1605     1817     2086     2470     856      646      1553     2444     987      0        1260     1185     2226     1249     2477     701      667      1538     2629     1103     251      940      887      2266     2287     2143     246      2391     3049     648      2198     2711     2797     2118     1522     1242     2488     2071     
13       2231     2121     2994     2188     2067     2044     1248     1185     1103     2728     2653     2182     1260     0        1631     966      1375     2435     1931     1618     1776     2445     2319     1196     922      903      1013     2054     2212     1408     1458     1874     978      1447     1565     2425     1661     2278     2032     1228     1995     
14       3653     1093     2170     2789     633      3194     2806     464      1753     2433     3614     1230     1185     1631     0        2413     369      3597     1215     1839     377      3713     1966     1414     1932     1877     2363     1247     980      1410     1925     3458     738      3003     3175     3816     3075     2690     2413     2616     3169     
15       2328     3066     3961     2929     2691     2475     457      2025     1990     3664     3149     3136     2226     966      2413     0        2083     2798     2894     2533     2443     2706     3273     2150     1717     1722     176      2381     2712     2367     1252     1094     1881     1447     902      2540     1877     3080     2868     268      2414     
16       3504     1402     2480     2832     703      3118     2492     394      1721     2653     3593     1531     1249     1375     369      2083     0        3525     1461     1917     403      3612     2180     1441     1837     1785     2021     1041     936      1493     1557     3148     654      2797     2879     3679     2922     2770     2490     2274     3086     
17       773      3306     3454     1241     4200     406      2597     3167     1850     2642     509      3249     2477     2435     3597     2798     3525     0        2958     1986     3898     294      2616     2226     1688     1739     2963     4425     4459     2324     3837     2679     2884     1417     2403     690      932      1540     1631     2996     444      
18       3259     350      1094     1880     1792     2596     3161     1145     1266     1219     2821     305      701      1931     1215     2894     1461     2958     0        972      1588     3152     760      887      1600     1551     2918     2459     2171     694      2879     3748     1099     2874     3411     3371     2745     1691     1450     3150     2594     
19       2334     1321     1652     960      2473     1631     2673     1522     548      1138     1862     1263     667      1618     1839     2533     1917     1986     972      0        2201     2187     817      504      878      851      2613     2951     2808     429      2941     3166     1296     2088     2815     2428     1862     855      575      2801     1633     
20       3901     1439     2505     3143     304      3492     2865     731      2071     2807     3943     1580     1538     1776     377      2443     403      3898     1588     2201     0        3996     2341     1756     2215     2162     2367     892      607      1771     1761     3521     1014     3201     3263     4074     3320     3054     2776     2618     3463     
21       515      3497     3703     1508     4300     555      2464     3270     1988     2908     793      3449     2629     2445     3713     2706     3612     294      3152     2187     3996     0        2857     2378     1782     1836     2876     4473     4540     2496     3803     2484     2985     1278     2230     401      832      1809     1878     2886     560      
22       3079     1020     858      1404     2552     2316     3455     1826     1344     473      2365     892      1103     2319     1966     3273     2180     2616     760      817      2341     2857     0        1123     1688     1656     3332     3201     2930     913      3486     3972     1703     2902     3622     3146     2649     1141     986      3540     2332     
23       2420     1189     1845     1391     2043     1835     2353     1048     400      1538     2203     1187     251      1196     1414     2150     1441     2226     887      504      1756     2378     1123     0        715      665      2209     2465     2356     221      2449     2906     803      1987     2561     2550     1881     1339     1058     2417     1819     
24       1744     1904     2492     1267     2518     1281     1808     1488     351      2010     1803     1902     940      922      1932     1717     1837     1688     1600     878      2215     1782     1688     715      0        55       1822     2754     2771     912      2373     2288     1203     1274     1937     1893     1184     1374     1150     1982     1248     
25       1799     1852     2454     1286     2465     1332     1826     1434     313      1987     1846     1852     887      903      1877     1722     1785     1739     1551     851      2162     1836     1656     665      55       0        1822     2708     2719     865      2348     2317     1149     1323     1967     1949     1239     1382     1151     1988     1301     
26       2503     3072     3995     3053     2604     2634     605      1997     2077     3736     3305     3148     2266     1013     2363     176      2021     2963     2918     2613     2367     2876     3332     2209     1822     1822     0        2252     2604     2421     1088     1212     1876     1621     1052     2715     2046     3194     2973     252      2573     
27       4285     2330     3397     3846     822      4021     2838     1431     2704     3672     4552     2471     2287     2054     1247     2381     1041     4425     2459     2951     892      4473     3201     2465     2754     2708     2252     0        522      2532     1311     3465     1662     3482     3278     4478     3713     3802     3521     2474     3981     
28       4408     1984     3016     3745     387      4052     3160     1314     2655     3389     4528     2127     2143     2212     980      2712     936      4459     2171     2808     607      4540     2930     2356     2771     2719     2604     522      0        2378     1768     3806     1588     3659     3586     4590     3828     3661     3383     2841     4019     
29       2574     1017     1623     1383     2043     1945     2575     1101     572      1343     2254     998      246      1408     1410     2367     1493     2324     694      429      1771     2496     913      221      912      865      2421     2532     2378     0        2614     3127     893      2186     2782     2693     2052     1283     1004     2632     1935     
30       3492     2910     3961     3632     1901     3465     1691     1750     2497     3944     4098     3024     2391     1458     1925     1252     1557     3837     2879     2941     1761     3803     3486     2449     2373     2348     1088     1311     1768     2614     0        2257     1792     2617     2137     3702     2976     3693     3431     1257     3411     
31       1991     3976     4749     3255     3778     2486     656      3040     2628     4292     3141     4021     3049     1874     3458     1094     3148     2679     3748     3166     3521     2484     3972     2906     2288     2317     1212     3465     3806     3127     2257     0        2851     1312     351      2181     1797     3482     3337     1002     2423     
32       2914     1201     2193     2186     1316     2478     2217     284      1067     2169     2939     1289     648      978      738      1881     654      2884     1099     1296     1014     2985     1703     803      1203     1149     1876     1662     1588     893      1792     2851     0        2277     2543     3079     2337     2141     1861     2120     2449     
33       882      3169     3738     1976     3499     1179     1186     2539     1619     3147     1846     3175     2198     1447     3003     1447     2797     1417     2874     2088     3201     1278     2902     1987     1274     1323     1621     3482     3659     2186     2617     1312     2277     0        1003     1094     493      2227     2123     1611     1115     
34       1758     3646     4403     2915     3530     2182     447      2744     2278     3941     2848     3688     2711     1565     3175     902      2879     2403     3411     2815     3263     2230     3622     2561     1937     1967     1052     3278     3586     2782     2137     351      2543     1003     0        1959     1496     3137     2988     896      2118     
35       212      3708     4001     1849     4378     838      2245     3361     2151     3237     1194     3674     2797     2425     3816     2540     3679     690      3371     2428     4074     401      3146     2550     1893     1949     2715     4478     4590     2693     3702     2181     3079     1094     1959     0        765      2150     2187     2691     815      
36       581      3066     3504     1565     3624     689      1664     2616     1484     2835     1352     3050     2118     1661     3075     1877     2922     932      2745     1862     3320     832      2649     1881     1184     1239     2046     3713     3828     2052     2976     1797     2337     493      1496     765      0        1839     1779     2067     625      
37       2130     2029     1936     301      3322     1319     3110     2376     1196     1102     1231     1933     1522     2278     2690     3080     2770     1540     1691     855      3054     1809     1141     1339     1374     1382     3194     3802     3661     1283     3693     3482     2141     2227     3137     2150     1839     0        281      3341     1354     
38       2139     1795     1824     435      3046     1349     2927     2095     936      1062     1396     1709     1242     2032     2413     2868     2490     1631     1450     575      2776     1878     986      1058     1150     1151     2973     3521     3383     1004     3431     3337     1861     2123     2988     2187     1779     281      0        3132     1372     
39       2480     3313     4221     3183     2851     2689     471      2248     2258     3932     3367     3386     2488     1228     2616     268      2274     2996     3150     2801     2618     2886     3540     2417     1982     1988     252      2474     2841     2632     1257     1002     2120     1611     896      2691     2067     3341     3132     0        2627     
40       776      2938     3186     1056     3765     64       2255     2733     1432     2428     742      2892     2071     1995     3169     2414     3086     444      2594     1633     3463     560      2332     1819     1248     1301     2573     3981     4019     1935     3411     2423     2449     1115     2118     815      625      1354     1372     2627     0        
;



Table delta(i,j)                 Distance
         0        1        2        3        4        5        6        7        8        9        10       11       12       13       14       15       16       17       18       19       20       21       22       23       24       25       26       27       28       29       30       31       32       33       34       35       36       37       38       39       40       
0        0        2720     8520     7950     7350     7280     1160     8200     8940     3880     2240     8890     2500     620      6520     960      8350     4410     1910     9550     6380     6260     9720     6690     2980     5150     5090     7270     5830     5800     6960     4860     9710     5570     8690     5180     3350     5660     5870     580      9220     
1        2720     0        1114     1011     938      869      353      1048     1015     124      67       1090     479      309      908      218      1107     236      461      1217     906      782      1245     922      380      777      753      998      750      789      865      682      1186     589      1088     537      462      669      838      296      1192     
2        8520     1114     0        352      423      668      825      285      775      1213     1075     446      780      841      578      938      224      1202     662      103      226      998      301      205      842      543      379      210      951      448      988      537      396      922      338      940      761      766      287      853      184      
3        7950     1011     352      0        93       334      817      73       423      1084     992      121      830      810      808      891      554      1030     635      413      402      1153     653      253      662      715      307      483      1101     222      1168     331      176      651      78       683      572      484      275      819      536      
4        7350     938      423      93       0        247      768      162      358      1005     923      154      795      755      822      831      608      945      588      494      428      1138     718      284      579      716      279      525      1086     154      1161     255      251      558      166      591      490      391      278      764      604      
5        7280     869      668      334      247      0        796      407      172      908      872      318      862      767      994      819      839      816      636      742      636      1242     958      507      488      868      427      745      1190     269      1280     281      440      366      392      411      410      212      471      773      846      
6        1160     353      825      817      768      796      0        832      965      476      292      920      135      54       555      136      778      548      181      925      602      513      911      658      402      425      516      677      469      614      581      533      991      661      886      625      425      652      582      62       872      
7        8200     1048     285      73       162      407      832      0        493      1126     1025     165      834      830      774      915      495      1080     651      341      365      1138     587      221      710      691      316      434      1087     267      1148     377      166      717      66       746      621      550      264      840      470      
8        8940     1015     775      423      358      172      965      493      0        1042     1024     355      1034     935      1154     982      966      936      808      834      780      1414     1074     640      637      1033     587      882      1362     428      1451     452      467      463      456      515      567      346      619      940      958      
9        3880     124      1213     1084     1005     908      476      1126     1042     0        190      1153     604      430      1031     342      1219     152      572      1317     1011     898      1358     1017     428      899      844      1108     869      862      983      752      1256     592      1162     538      516      699      932      418      1301     
10       2240     67       1075     992      923      872      292      1025     1024     190      0        1076     415      252      846      156      1057     300      415      1178     862      715      1194     888      387      718      722      951      683      771      798      668      1168     614      1068     564      461      679      805      239      1145     
11       8890     1090     446      121      154      318      920      165      355      1153     1076     0        942      909      929      985      659      1086     739      488      521      1272     747      373      725      836      420      597      1221     309      1289     408      122      672      108      711      636      506      396      918      630      
12       2500     479      780      830      795      862      135      834      1034     604      415      942      0        189      432      262      700      683      225      875      553      397      824      638      519      315      523      609      349      648      457      586      998      772      894      742      527      742      572      198      800      
13       620      309      841      810      755      767      54       830      935      430      252      909      189      0        602      99       808      496      182      942      621      564      943      666      355      468      515      703      521      601      634      514      985      614      882      577      385      614      587      12       898      
14       6520     908      578      808      822      994      555      774      1154     1031     846      929      432      602      0        690      394      1094     513      639      409      446      472      555      844      147      567      368      407      727      417      730      931      1055     841      1042     810      963      544      614      501      
15       960      218      938      891      831      819      136      915      982      342      156      985      262      99       690      0        907      426      277      1040     720      597      1042     759      367      561      603      802      559      676      674      582      1067     623      964      580      418      648      679      86       998      
16       8350     1107     224      554      608      839      778      495      966      1219     1057     659      700      808      394      907      0        1235     647      253      231      837      142      333      901      408      464      114      795      586      812      648      620      1035     554      1042     834      895      385      820      108      
17       4410     236      1202     1030     945      816      548      1080     936      152      300      1086     683      496      1094     426      1235     0        600      1304     1016     1013     1377     999      370      954      823      1122     980      813      1095     703      1196     474      1108     421      459      604      915      486      1308     
18       1910     461      662      635      588      636      181      651      808      572      415      739      225      182      513      277      647      600      0        764      446      616      786      483      334      367      335      537      566      436      667      363      809      569      705      546      318      521      404      194      731      
19       9550     1217     103      413      494      742      925      341      834      1317     1178     488      875      942      639      1040     253      1304     764      0        323      1072     279      306      943      622      481      281      1027     539      1055     633      415      1014     381      1034     861      855      389      955      169      
20       6380     906      226      402      428      636      602      365      780      1011     862      521      553      621      409      720      231      1016     446      323      0        793      371      148      673      337      235      118      744      371      793      421      523      805      432      811      603      669      165      634      292      
21       6260     782      998      1153     1138     1242     513      1138     1414     898      715      1272     397      564      446      597      837      1013     616      1072     793      0        917      920      914      457      858      791      52       1005     89       961      1304     1169     1203     1137     924      1137     877      568      945      
22       9720     1245     301      653      718      958      911      587      1074     1358     1194     747      824      943      472      1042     142      1377     786      279      371      917      0        457      1043     519      601      256      879      714      881      783      688      1171     639      1180     974      1027     518      955      117      
23       6690     922      205      253      284      507      658      221      640      1017     888      373      638      666      555      759      333      999      483      306      148      920      457      0        637      470      175      241      870      257      928      335      384      723      287      738      556      573      84       677      353      
24       2980     380      842      662      579      488      402      710      637      428      387      725      519      355      844      367      901      370      334      943      673      914      1043     637      0        696      462      787      868      443      977      333      831      259      740      223      89       292      554      354      963      
25       5150     777      543      715      716      868      425      691      1033     899      718      836      315      468      147      561      408      954      367      622      337      457      519      470      696      0        446      341      408      605      457      596      855      910      758      896      663      823      441      481      514      
26       5090     753      379      307      279      427      516      316      587      844      722      420      523      515      567      603      464      823      335      481      235      858      601      175      462      446      0        354      806      159      882      186      476      570      372      579      383      435      91       526      509      
27       7270     998      210      483      525      745      677      434      882      1108     951      597      609      703      368      802      114      1122     537      281      118      791      256      241      787      341      354      0        745      485      778      539      577      923      498      929      719      787      280      716      195      
28       5830     750      951      1101     1086     1190     469      1087     1362     869      683      1221     349      521      407      559      795      980      566      1027     744      52       879      870      868      408      806      745      0        953      115      910      1253     1122     1152     1090     876      1087     826      526      903      
29       5800     789      448      222      154      269      614      267      428      862      771      309      648      601      727      676      586      813      436      539      371      1005     714      257      443      605      159      485      953      0        1034     110      397      475      300      496      353      317      205      609      609      
30       6960     865      988      1168     1161     1280     581      1148     1451     983      798      1289     457      634      417      674      812      1095     667      1055     793      89       881      928      977      457      882      778      115      1034     0        999      1312     1229     1214     1199     981      1187     892      639      918      
31       4860     682      537      331      255      281      533      377      452      752      668      408      586      514      730      582      648      703      363      633      421      961      783      335      333      596      186      539      910      110      999      0        504      389      409      402      243      248      265      521      686      
32       9710     1186     396      176      251      440      991      166      467      1256     1168     122      998      985      931      1067     620      1196     809      415      523      1304     688      384      831      855      476      577      1253     397      1312     504      0        792      104      829      741      625      430      995      572      
33       5570     589      922      651      558      366      661      717      463      592      614      672      772      614      1055     623      1035     474      569      1014     805      1169     1171     723      259      910      570      923      1122     475      1229     389      792      0        724      53       251      167      653      614      1075     
34       8690     1088     338      78       166      392      886      66       456      1162     1068     108      894      882      841      964      554      1108     705      381      432      1203     639      287      740      758      372      498      1152     300      1214     409      104      724      0        757      650      556      327      892      521      
35       5180     537      940      683      591      411      625      746      515      538      564      711      742      577      1042     580      1042     421      546      1034     811      1137     1180     738      223      896      579      929      1090     496      1199     402      829      53       757      0        232      204      665      576      1087     
36       3350     462      761      572      490      410      425      621      567      516      461      636      527      385      810      418      834      459      318      861      603      924      974      556      89       663      383      719      876      353      981      243      741      251      650      232      0        231      475      387      890      
37       5660     669      766      484      391      212      652      550      346      699      679      506      742      614      963      648      895      604      521      855      669      1137     1027     573      292      823      435      787      1087     317      1187     248      625      167      556      204      231      0        510      617      926      
38       5870     838      287      275      278      471      582      264      619      932      805      396      572      587      544      679      385      915      404      389      165      877      518      84       554      441      91       280      826      205      892      265      430      653      327      665      475      510      0        598      421      
39       580      296      853      819      764      773      62       840      940      418      239      918      198      12       614      86       820      486      194      955      634      568      955      677      354      481      526      716      526      609      639      521      995      614      892      576      387      617      598      0        911      
40       9220     1192     184      536      604      846      872      470      958      1301     1145     630      800      898      501      998      108      1308     731      169      292      945      117      353      963      514      509      195      903      609      918      686      572      1075     521      1087     890      926      421      911      0        
;

