

sets
i        orders          /0*40/
k        routes          /1*40/
p        positions       /0*40/
;

alias(i,j)
alias(i,h)
alias(i,hh)
alias(i,jj)
alias(k,kk)
                            Parameters

rho(i)	Processing time
/
0	0
1	49
2	50
3	22
4	6
5	2
6	66
7	71
8	84
9	15
10	98
11	14
12	89
13	32
14	52
15	51
16	47
17	2
18	72
19	21
20	65
21	37
22	71
23	31
24	41
25	85
26	53
27	43
28	71
29	79
30	52
31	2
32	13
33	81
34	64
35	55
36	53
37	99
38	36
39	17
40	42
/

gamma(i)	Duedate
/
0	0
1	77
2	12
3	53
4	37
5	86
6	66
7	10
8	65
9	62
10	23
11	14
12	66
13	35
14	93
15	68
16	29
17	60
18	43
19	60
20	57
21	14
22	92
23	3
24	89
25	26
26	98
27	85
28	87
29	61
30	81
31	95
32	42
33	6
34	87
35	5
36	87
37	3
38	3
39	85
40	18
/

sigma(i)	Size
/
0	0
1	5
2	9
3	8
4	9
5	6
6	5
7	2
8	3
9	9
10	1
11	9
12	5
13	8
14	4
15	6
16	9
17	9
18	5
19	5
20	5
21	5
22	2
23	8
24	7
25	1
26	4
27	4
28	9
29	4
30	6
31	3
32	9
33	3
34	7
35	3
36	3
37	6
38	8
39	7
40	4
/

epsilon(i)	Priority
/
0	0
1	9
2	1
3	6
4	8
5	5
6	4
7	9
8	4
9	7
10	3
11	3
12	1
13	6
14	2
15	1
16	9
17	2
18	6
19	1
20	4
21	2
22	5
23	3
24	2
25	1
26	2
27	2
28	6
29	1
30	9
31	4
32	4
33	8
34	3
35	7
36	8
37	2
38	7
39	6
40	7
/

psi	Vehicle Capacity
/ 20 /
;

Table kappa(i,j)                 Setup
         0        1        2        3        4        5        6        7        8        9        10       11       12       13       14       15       16       17       18       19       20       21       22       23       24       25       26       27       28       29       30       31       32       33       34       35       36       37       38       39       40       
0        0        2393     751      2728     2912     2995     2861     1372     1265     320      2619     2693     1339     2398     1196     2738     2977     1230     3013     3176     3375     3001     398      2130     509      2292     3262     2680     1309     2485     644      1825     833      2746     1637     1430     696      1656     1552     2180     2837     
1        2393     0        1645     366      1981     2305     809      2792     1482     2706     1036     333      2198     767      2735     720      609      3065     2593     1073     2923     700      2474     428      1904     1113     1981     1394     1971     1292     1844     608      1647     3303     3667     985      2991     909      1368     241      2122     
2        751      1645     0        1977     2367     2518     2164     1533     797      1068     1924     1942     1173     1679     1399     2002     2226     1619     2613     2481     2991     2251     867      1408     314      1700     2662     2038     1135     1842     296      1094     364      2657     2163     706      1363     982      958      1429     2340     
3        2728     366      1977     0        1896     2240     876      3017     1849     3044     933      35       2406     749      2976     516      249      3323     2556     1054     2858     340      2783     780      2249     1395     1815     1305     2336     1252     2155     973      2004     3382     3932     1342     3304     1275     1567     548      2069     
4        2912     1981     2367     1896     0        353      2753     2265     2849     3194     964      1889     1754     1214     2345     1390     1952     2724     701      2950     963      1781     2701     2284     2668     3022     451      593      3353     699      2295     2181     2655     1811     3279     2247     3138     2467     1408     1858     236      
5        2995     2305     2518     2240     353      0        3089     2188     3068     3259     1306     2231     1747     1538     2291     1738     2303     2657     356      3293     619      2133     2744     2587     2805     3319     704      934      3557     1014     2408     2458     2831     1530     3178     2484     3144     2727     1571     2167     193      
6        2861     809      2164     876      2753     3089     0        3500     1698     3148     1790     875      2933     1555     3420     1392     932      3719     3389     317      3708     1123     3031     773      2352     808      2691     2160     2060     2080     2419     1090     2037     4106     4301     1459     3522     1205     2130     1014     2910     
7        1372     2792     1533     3017     2265     2188     3500     0        2326     1470     2466     2986     620      2393     180      2782     3231     470      2059     3808     2358     3170     976      2731     1591     3192     2705     2329     2572     2179     1238     2424     1865     1431     1021     2116     1109     2440     1451     2551     2096     
8        1265     1482     797      1849     2849     3068     1698     2326     0        1508     2167     1816     1955     1868     2186     2075     2086     2370     3227     1997     3605     2179     1548     1093     795      1036     3052     2395     523      2212     1089     885      471      3423     2868     618      1961     574      1524     1352     2878     
9        320      2706     1068     3044     3194     3259     3148     1470     1508     0        2934     3009     1556     2716     1290     3058     3293     1224     3254     3460     3609     3319     536      2431     807      2544     3556     2985     1457     2791     958      2130     1111     2888     1518     1735     537      1943     1857     2496     3108     
10       2619     1036     1924     933      964      1306     1790     2466     2167     2934     0        925      1852     307      2477     442      1013     2857     1626     1987     1924     863      2537     1387     2238     2123     954      371      2690     352      1976     1361     2112     2535     3465     1550     3044     1682     1114     956      1137     
11       2693     333      1942     35       1889     2231     875      2986     1816     3009     925      0        2376     731      2945     516      284      3291     2545     1062     2850     369      2749     750      2213     1374     1817     1297     2304     1239     2120     939      1969     3362     3899     1307     3269     1243     1537     513      2059     
12       1339     2198     1173     2406     1754     1747     2933     620      1955     1556     1852     2376     0        1772     629      2161     2616     1014     1704     3236     2053     2551     1022     2176     1344     2706     2173     1737     2300     1576     919      1882     1536     1487     1615     1622     1396     1951     838      1958     1620     
13       2398     767      1679     749      1214     1538     1555     2393     1868     2716     307      731      1772     0        2381     389      895      2752     1833     1781     2157     792      2352     1089     1989     1828     1254     632      2392     526      1763     1054     1839     2636     3364     1254     2868     1375     968      657      1357     
14       1196     2735     1399     2976     2345     2291     3420     180      2186     1290     2477     2945     629      2381     0        2771     3197     386      2184     3732     2495     3147     798      2648     1435     3078     2777     2366     2412     2206     1103     2336     1720     1607     988      2012     942      2331     1422     2493     2188     
15       2738     720      2002     516      1390     1738     1392     2782     2075     3058     442      516      2161     389      2771     0        571      3140     2064     1564     2353     428      2717     1130     2303     1833     1300     805      2591     788      2114     1202     2118     2965     3753     1487     3237     1533     1355     738      1574     
16       2977     609      2226     249      1952     2303     932      3231     2086     3293     1013     284      2616     895      3197     571      0        3550     2634     1037     2915     193      3026     1004     2498     1560     1814     1375     2566     1357     2399     1218     2252     3524     4160     1590     3547     1512     1780     797      2143     
17       1230     3065     1619     3323     2724     2657     3719     470      2370     1224     2857     3291     1014     2752     386      3140     3550     0        2529     4034     2822     3508     849      2946     1583     3319     3159     2752     2522     2591     1329     2629     1899     1820     612      2281     755      2588     1786     2825     2561     
18       3013     2593     2613     2556     701      356      3389     2059     3227     3254     1626     2545     1704     1833     2184     2064     2634     2529     0        3607     379      2469     2725     2845     2882     3567     1052     1259     3697     1309     2466     2688     2947     1212     3009     2670     3082     2936     1704     2437     490      
19       3176     1073     2481     1054     2950     3293     317      3808     1997     3460     1987     1062     3236     1781     3732     1564     1037     4034     3607     0        3912     1230     3348     1088     2666     1049     2847     2359     2332     2299     2736     1406     2349     4375     4617     1776     3839     1519     2423     1296     3121     
20       3375     2923     2991     2858     963      619      3708     2358     3605     3609     1924     2850     2053     2157     2495     2353     2915     2822     379      3912     0        2741     3076     3194     3257     3922     1202     1552     4076     1631     2839     3050     3326     1308     3267     3044     3412     3305     2083     2780     801      
21       3001     700      2251     340      1781     2133     1123     3170     2179     3319     863      369      2551     792      3147     428      193      3508     2469     1230     2741     0        3025     1120     2535     1721     1626     1213     2671     1213     2404     1296     2308     3393     4120     1649     3547     1608     1725     846      1978     
22       398      2474     867      2783     2701     2744     3031     976      1548     536      2537     2749     1022     2352     798      2717     3026     849      2725     3348     3076     3025     0        2271     753      2539     3082     2543     1673     2354     630      1954     1082     2368     1320     1572     521      1845     1427     2245     2600     
23       2130     428      1408     780      2284     2587     773      2731     1093     2431     1387     750      2176     1089     2648     1130     1004     2946     2845     1088     3194     1120     2271     0        1624     739      2341     1718     1561     1585     1652     318      1332     3424     3529     703      2772     524      1401     431      2397     
24       509      1904     314      2249     2668     2805     2352     1591     795      807      2238     2213     1344     1989     1435     2303     2498     1583     2882     2666     3257     2535     753      1624     0        1799     2973     2352     983      2156     430      1323     333      2828     2073     928      1187     1146     1260     1700     2632     
25       2292     1113     1700     1395     3022     3319     808      3192     1036     2544     2123     1374     2706     1828     3078     1833     1560     3319     3567     1049     3922     1721     2539     739      1799     0        3076     2458     1293     2323     1990     892      1465     4060     3856     1084     2984     755      2023     1170     3128     
26       3262     1981     2662     1815     451      704      2691     2705     3052     3556     954      1817     2173     1254     2777     1300     1814     3159     1052     2847     1202     1626     3082     2341     2973     3076     0        657      3570     841      2629     2298     2918     2230     3722     2435     3539     2609     1719     1910     670      
27       2680     1394     2038     1305     593      934      2160     2329     2395     2985     371      1297     1737     632      2366     805      1375     2752     1259     2359     1552     1213     2543     1718     2352     2458     657      0        2914     196      2037     1650     2275     2225     3347     1778     3029     1956     1128     1287     768      
28       1309     1971     1135     2336     3353     3557     2060     2572     523      1457     2690     2304     2300     2392     2412     2591     2566     2522     3697     2332     4076     2671     1673     1561     983      1293     3570     2914     0        2728     1384     1392     772      3788     2943     1141     1976     1067     1994     1861     3370     
29       2485     1292     1842     1252     699      1014     2080     2179     2212     2791     352      1239     1576     526      2206     788      1357     2591     1309     2299     1631     1213     2354     1585     2156     2323     841      196      2728     0        1841     1491     2081     2183     3191     1597     2844     1789     934      1159     831      
30       644      1844     296      2155     2295     2408     2419     1238     1089     958      1976     2120     919      1763     1103     2114     2399     1329     2466     2736     2839     2404     630      1652     430      1990     2629     2037     1384     1841     0        1333     635      2407     1887     962      1148     1260     912      1615     2240     
31       1825     608      1094     973      2181     2458     1090     2424     885      2130     1361     939      1882     1054     2336     1202     1218     2629     2688     1406     3050     1296     1954     318      1323     892      2298     1650     1392     1491     1333     0        1046     3179     3211     395      2457     330      1142     469      2266     
32       833      1647     364      2004     2655     2831     2037     1865     471      1111     2112     1969     1536     1839     1720     2118     2252     1899     2947     2349     3326     2308     1082     1332     333      1465     2918     2275     772      2081     635      1046     0        3021     2403     662      1519     832      1259     1462     2648     
33       2746     3303     2657     3382     1811     1530     4106     1431     3423     2888     2535     3362     1487     2636     1607     2965     3524     1820     1212     4375     1308     3393     2368     3424     2828     4060     2230     2225     3788     2183     2407     3179     3021     0        2118     3009     2536     3329     2038     3093     1575     
34       1637     3667     2163     3932     3279     3178     4301     1021     2868     1518     3465     3899     1615     3364     988      3753     4160     612      3009     4617     3267     4120     1320     3529     2073     3856     3722     3347     2943     3191     1887     3211     2403     2118     0        2849     981      3144     2399     3428     3101     
35       1430     985      706      1342     2247     2484     1459     2116     618      1735     1550     1307     1622     1254     2012     1487     1590     2281     2670     1776     3044     1649     1572     703      928      1084     2435     1778     1141     1597     962      395      662      3009     2849     0        2069     329      1001     803      2292     
36       696      2991     1363     3304     3138     3144     3522     1109     1961     537      3044     3269     1396     2868     942      3237     3547     755      3082     3839     3412     3547     521      2772     1187     2984     3539     3029     1976     2844     1148     2457     1519     2536     981      2069     0        2324     1930     2764     3016     
37       1656     909      982      1275     2467     2727     1205     2440     574      1943     1682     1243     1951     1375     2331     1533     1512     2588     2936     1519     3305     1608     1845     524      1146     755      2609     1956     1067     1789     1260     330      832      3329     3144     329      2324     0        1305     797      2534     
38       1552     1368     958      1567     1408     1571     2130     1451     1524     1857     1114     1537     838      968      1422     1355     1780     1786     1704     2423     2083     1725     1427     1401     1260     2023     1719     1128     1994     934      912      1142     1259     2038     2399     1001     1930     1305     0        1132     1389     
39       2180     241      1429     548      1858     2167     1014     2551     1352     2496     956      513      1958     657      2493     738      797      2825     2437     1296     2780     846      2245     431      1700     1170     1910     1287     1861     1159     1615     469      1462     3093     3428     803      2764     797      1132     0        1979     
40       2837     2122     2340     2069     236      193      2910     2096     2878     3108     1137     2059     1620     1357     2188     1574     2143     2561     490      3121     801      1978     2600     2397     2632     3128     670      768      3370     831      2240     2266     2648     1575     3101     2292     3016     2534     1389     1979     0        
;



Table delta(i,j)                 Distance
         0        1        2        3        4        5        6        7        8        9        10       11       12       13       14       15       16       17       18       19       20       21       22       23       24       25       26       27       28       29       30       31       32       33       34       35       36       37       38       39       40       
0        0        5080     7980     5580     5900     8150     2880     6090     3110     7270     1260     5570     6760     4030     1850     5910     6370     4510     7960     8030     5050     5260     5770     2210     4370     3310     7600     1000     6750     3360     3530     7780     1860     3260     920      7230     5580     5230     6130     3390     4180     
1        5080     0        1017     1020     566      436      760      1023     229      409      552      1047     1182     638      418      884      1019     824      940      489      411      967      1083     632      442      823      1041     584      565      243      557      474      680      825      473      400      1055     309      559      675      922      
2        7980     1017     0        575      496      948      623      433      820      843      916      696      882      1199     689      223      352      1186     145      852      1255     504      834      989      577      930      125      719      575      787      1151     833      704      708      887      849      1029     1224     1388     460      749      
3        5580     1020     575      0        772      1185     270      148      792      1076     613      121      308      859      602      387      229      751      675      1127     1056     80       261      634      714      467      464      460      884      789      847      1102     374      261      641      1077     479      1081     1143     382      230      
4        5900     566      496      772      0        460      620      695      428      350      713      859      1046     960      408      454      649      1041     389      375      895      694      962      811      162      873      561      570      112      382      889      353      625      725      646      355      1062     831      1044     408      813      
5        8150     436      948      1185     460      0        975      1133     513      111      904      1251     1422     1056     649      910      1097     1216     824      109      847      1113     1328     999      471      1145     1021     850      374      480      974      119      936      1069     821      109      1367     740      992      802      1167     
6        2880     760      623      270      620      975      0        331      535      871      356      288      447      624      348      399      374      568      669      933      790      241      353      398      517      308      549      189      728      540      599      908      110      106      373      870      450      811      886      219      195      
7        6090     1023     433      148      695      1133     331      0        794      1021     688      268      449      953      608      266      82       869      542      1063     1115     100      409      726      666      588      317      509      805      783      930      1039     441      364      699      1024     625      1125     1216     351      362      
8        3110     229      820      792      428      513      535      794      0        437      391      824      968      570      189      667      792      706      762      517      467      737      870      486      272      641      830      369      470      46       492      495      464      608      308      431      869      411      616      447      706      
9        7270     409      843      1076     350      111      871      1021     437      0        824      1144     1318     998      554      799      985      1143     722      83       817      1003     1225     921      361      1055     912      755      271      399      917      65       838      967      742      10       1273     718      967      693      1064     
10       1260     552      916      613      713      904      356      688      391      824      0        588      673      283      305      703      727      329      920      903      446      597      577      99       557      275      870      198      794      425      244      879      247      358      83       819      506      491      530      455      434      
11       5570     1047     696      121      859      1251     288      268      824      1144     588      0        193      807      637      501      350      674      792      1200     1035     193      140      590      784      395      585      466      971      828      806      1175     372      233      630      1144     367      1073     1108     455      159      
12       6760     1182     882      308      1046     1422     447      449      968      1318     673      193      0        840      789      694      530      664      983      1378     1109     385      99       647      961      423      766      599      1158     979      857      1352     504      360      732      1317     282      1164     1160     639      261      
13       4030     638      1199     859      960      1056     624      953      570      998      283      807      840      0        557      987      999      227      1199     1080     327      857      756      226      798      420      1153     481      1027     615      81       1059     518      598      322      991      598      428      326      739      648      
14       1850     418      689      602      408      649      348      608      189      554      305      637      789      557      0        509      612      634      660      626      565      548      691      403      252      501      678      201      490      191      492      601      289      428      238      551      719      543      699      269      528      
15       5910     884      223      387      454      910      399      266      667      799      703      501      694      987      509      0        202      964      291      829      1070     308      634      772      469      707      170      505      559      642      943      807      483      487      682      802      814      1052     1195     252      534      
16       6370     1019     352      229      649      1097     374      82       792      985      727      350      530      999      612      202      0        930      466      1022     1141     170      490      773      638      652      235      538      756      776      971      999      482      425      729      988      703      1143     1249     344      434      
17       4510     824      1186     751      1041     1216     568      869      706      1143     329      674      664      227      634      964      930      0        1213     1224     553      769      592      230      886      283      1117     488      1124     745      289      1201     481      505      405      1138     397      650      545      738      522      
18       7960     940      145      675      389      824      669      542      762      722      920      792      983      1199     660      291      466      1213     0        724      1217     598      926      1002     499      976      262      729      451      724      1143     707      734      766      879      729      1101     1173     1356     474      821      
19       8030     489      852      1127     375      109      933      1063     517      83       903      1200     1378     1080     626      829      1022     1224     724      0        899      1052     1286     1000     417      1128     931      826      278      478      1000     25       906      1031     821      91       1344     798      1048     746      1128     
20       5050     411      1255     1056     895      847      790      1115     467      817      446      1035     1109     327      565      1070     1141     553      1217     899      0        1031     1016     463      739      689      1240     606      929      512      269      882      682      804      416      809      899      117      151      820      880      
21       5260     967      504      80       694      1113     241      100      737      1003     597      193      385      857      548      308      170      769      598      1052     1031     0        330      630      642      487      398      426      806      731      837      1027     351      265      614      1004     533      1047     1127     312      264      
22       5770     1083     834      261      962      1328     353      409      870      1225     577      140      99       756      691      634      490      592      926      1286     1016     330      0        555      870      335      725      500      1073     881      768      1261     405      262      634      1224     240      1068     1072     553      163      
23       2210     632      989      634      811      999      398      726      486      921      99       590      647      226      403      772      773      230      1002     1000     463      630      555      0        656      226      935      273      893      522      216      977      294      372      179      916      445      528      519      531      430      
24       4370     442      577      714      162      471      517      666      272      361      557      784      961      798      252      469      638      886      499      417      739      642      870      656      0        738      611      431      238      229      727      392      500      617      487      362      941      682      886      332      712      
25       3310     823      930      467      873      1145     308      588      641      1055     275      395      423      420      501      707      652      283      976      1128     689      487      335      226      738      0        851      306      972      667      434      1103     252      227      350      1051     231      753      737      510      240      
26       7600     1041     125      464      561      1021     549      317      830      912      870      585      766      1153     678      170      235      1117     262      931      1240     398      725      935      611      851      0        672      653      802      1111     910      642      624      852      917      929      1221     1365     423      653      
27       1000     584      719      460      570      850      189      509      369      755      198      466      599      481      201      505      538      488      729      826      606      426      500      273      431      306      672      0        666      384      440      801      96       240      190      752      518      622      710      259      338      
28       6750     565      575      884      112      374      728      805      470      271      794      971      1158     1027     490      559      756      1124     451      278      929      806      1073     893      238      972      653      666      0        423      953      258      727      833      723      278      1167     853      1080     519      923      
29       3360     243      787      789      382      480      540      783      46       399      425      828      979      615      191      642      776      745      724      478      512      731      881      522      229      667      802      384      423      0        537      455      477      618      343      393      893      452      661      433      717      
30       3530     557      1151     847      889      974      599      930      492      917      244      806      857      81       492      943      971      289      1143     1000     269      837      768      216      727      434      1111     440      953      537      0        979      489      586      265      910      632      360      304      692      647      
31       7780     474      833      1102     353      119      908      1039     495      65       879      1175     1352     1059     601      807      999      1201     707      25       882      1027     1261     977      392      1103     910      801      258      455      979      0        880      1006     797      74       1319     784      1032     721      1102     
32       1860     680      704      374      625      936      110      441      464      838      247      372      504      518      289      483      482      481      734      906      682      351      405      294      500      252      642      96       727      477      489      880      0        144      266      835      441      707      776      261      242      
33       3260     825      708      261      725      1069     106      364      608      967      358      233      360      598      428      487      425      505      766      1031     804      265      262      372      617      227      624      240      833      618      586      1006     144      0        397      965      344      840      885      325      99       
34       920      473      887      641      646      821      373      699      308      742      83       630      732      322      238      682      729      405      879      821      416      614      634      179      487      350      852      190      723      343      265      797      266      397      0        737      582      443      520      429      482      
35       7230     400      849      1077     355      109      870      1024     431      10       819      1144     1317     991      551      802      988      1138     729      91       809      1004     1224     916      362      1051     917      752      278      393      910      74       835      965      737      0        1270     709      958      694      1063     
36       5580     1055     1029     479      1062     1367     450      625      869      1273     506      367      282      598      719      814      703      397      1101     1344     899      533      240      445      941      231      929      518      1167     893      632      1319     441      344      582      1270     0        972      925      669      280      
37       5230     309      1224     1081     831      740      811      1125     411      718      491      1073     1164     428      543      1052     1143     650      1173     798      117      1047     1068     528      682      753      1221     622      853      452      360      784      707      840      443      709      972      0        252      809      923      
38       6130     559      1388     1143     1044     992      886      1216     616      967      530      1108     1160     326      699      1195     1249     545      1356     1048     151      1127     1072     519      886      737      1365     710      1080     661      304      1032     776      885      520      958      925      252      0        942      950      
39       3390     675      460      382      408      802      219      351      447      693      455      455      639      739      269      252      344      738      474      746      820      312      553      531      332      510      423      259      519      433      692      721      261      325      429      694      669      809      942      0        407      
40       4180     922      749      230      813      1167     195      362      706      1064     434      159      261      648      528      534      434      522      821      1128     880      264      163      430      712      240      653      338      923      717      647      1102     242      99       482      1063     280      923      950      407      0        
;

