

sets
i        orders          /0*40/
k        routes          /1*40/
p        positions       /0*40/
;

alias(i,j)
alias(i,h)
alias(i,hh)
alias(i,jj)
alias(k,kk)
                            Parameters

rho(i)	Processing time
/
0	0
1	94
2	13
3	83
4	55
5	12
6	52
7	25
8	70
9	11
10	21
11	43
12	55
13	60
14	32
15	79
16	22
17	80
18	96
19	57
20	91
21	42
22	30
23	26
24	34
25	76
26	11
27	55
28	51
29	31
30	12
31	83
32	15
33	46
34	58
35	73
36	69
37	3
38	42
39	26
40	19
/

gamma(i)	Duedate
/
0	0
1	96
2	3
3	36
4	17
5	46
6	26
7	39
8	93
9	89
10	17
11	73
12	43
13	54
14	56
15	91
16	90
17	8
18	99
19	36
20	83
21	34
22	88
23	30
24	19
25	38
26	6
27	96
28	15
29	97
30	32
31	76
32	18
33	33
34	13
35	31
36	90
37	82
38	5
39	86
40	80
/

sigma(i)	Size
/
0	0
1	1
2	6
3	3
4	8
5	7
6	3
7	5
8	5
9	5
10	2
11	1
12	6
13	2
14	1
15	2
16	2
17	1
18	4
19	6
20	2
21	8
22	8
23	3
24	4
25	8
26	5
27	1
28	2
29	6
30	6
31	4
32	6
33	6
34	6
35	7
36	4
37	5
38	8
39	5
40	7
/

epsilon(i)	Priority
/
0	0
1	5
2	7
3	1
4	8
5	5
6	4
7	3
8	9
9	1
10	3
11	7
12	3
13	5
14	7
15	8
16	7
17	1
18	5
19	7
20	3
21	8
22	7
23	5
24	9
25	6
26	5
27	9
28	1
29	5
30	7
31	3
32	5
33	8
34	6
35	8
36	2
37	6
38	8
39	6
40	6
/

psi	Vehicle Capacity
/ 13 /
;

Table kappa(i,j)                 Setup
         0        1        2        3        4        5        6        7        8        9        10       11       12       13       14       15       16       17       18       19       20       21       22       23       24       25       26       27       28       29       30       31       32       33       34       35       36       37       38       39       40       
0        0        3314     3726     2301     3533     4024     1602     1378     4128     2040     1309     2652     108      1960     1470     3502     192      2042     1846     2929     2623     1720     4103     4239     1701     2349     2015     1548     3000     2785     3228     3238     1371     1881     2523     3464     3405     2761     1590     457      3249     
1        3314     0        2692     1047     2097     1761     3215     3382     2726     1359     3206     791      3239     1740     2079     3235     3364     1317     1761     3155     997      3225     1301     1935     2453     3762     1758     3483     3555     1200     1535     385      3600     1548     1236     2663     1789     1414     2014     3737     3268     
2        3726     2692     0        2416     601      1312     2428     2742     461      3052     2662     2999     3728     1994     2388     793      3630     2949     3458     1210     1978     2337     1952     1362     2026     2321     1912     2693     1560     3583     1160     3036     2946     3161     3441     282      904      3774     2271     3918     1038     
3        2301     1047     2416     0        1920     2019     2228     2365     2625     658      2186     695      2235     786      1041     2725     2336     558      1104     2470     485      2254     1888     2238     1488     2856     835      2479     2825     1236     1378     1101     2576     807      1045     2281     1649     1399     989      2709     2665     
4        3533     2097     601      1920     0        819      2449     2748     705      2574     2635     2452     3519     1648     2103     1288     3466     2472     3003     1511     1453     2380     1401     942      1885     2537     1574     2737     1917     3035     580      2448     2971     2702     2912     657      308      3233     1980     3788     1450     
5        4024     1761     1312     2019     819      0        3154     3435     1117     2658     3302     2348     3990     2064     2554     2079     3989     2567     3114     2329     1543     3100     668      220      2500     3330     2009     3449     2736     2891     802      2146     3665     2823     2839     1454     709      3104     2434     4337     2265     
6        1602     3215     2428     2228     2449     3154     0        314      2880     2432     295      2871     1656     1475     1236     2008     1441     2366     2550     1402     2245     119      3478     3336     765      805      1460     296      1406     3281     2389     3328     523      2382     3020     2146     2448     3362     1251     1619     1722     
7        1378     3382     2742     2365     2748     3435     314      0        3192     2489     179      2974     1445     1652     1334     2317     1202     2433     2551     1709     2438     419      3730     3621     978      971      1651     178      1682     3341     2658     3464     233      2416     3075     2460     2733     3404     1376     1337     2027     
8        4128     2726     461      2625     705      1117     2880     3192     0        3279     3107     3143     4124     2315     2745     1196     4042     3177     3707     1666     2156     2791     1785     1095     2436     2780     2237     3148     2000     3723     1268     3093     3400     3406     3609     741      989      3925     2624     4342     1471     
9        2040     1359     3052     658      2574     2658     2432     2489     3279     0        2312     617      1952     1213     1203     3295     2126     103      457      2969     1142     2489     2455     2874     1790     3159     1287     2635     3284     852      2036     1210     2668     190      588      2898     2307     934      1220     2487     3198     
10       1309     3206     2662     2186     2635     3302     295      179      3107     2312     0        2794     1366     1481     1154     2284     1146     2255     2382     1683     2267     414      3578     3493     821      1064     1482     330      1701     3164     2517     3285     396      2241     2899     2383     2604     3229     1197     1329     2005     
11       2652     791      2999     695      2452     2348     2871     2974     3143     617      2794     0        2566     1474     1642     3383     2730     610      975      3159     1027     2909     2017     2549     2157     3534     1527     3104     3519     584      1875     593      3171     796      491      2897     2155     781      1619     3095     3342     
12       108      3239     3728     2235     3519     3990     1656     1445     4124     1952     1366     2566     0        1926     1438     3527     291      1958     1747     2961     2570     1774     4053     4207     1707     2416     1985     1619     3046     2687     3198     3154     1452     1789     2427     3470     3381     2659     1560     559      3280     
13       1960     1740     1994     786      1648     2064     1475     1652     2315     1213     1481     1474     1926     0        489      2108     1931     1117     1536     1755     787      1488     2185     2280     715      2070     83       1745     2079     1975     1272     1868     1877     1261     1748     1790     1471     2110     372      2288     1990     
14       1470     2079     2388     1041     2103     2554     1236     1334     2745     1203     1154     1642     1438     489      0        2374     1444     1131     1389     1923     1214     1287     2661     2769     612      1958     546      1461     2174     2046     1759     2134     1539     1175     1789     2158     1947     2137     123      1804     2202     
15       3502     3235     793      2725     1288     2079     2008     2317     1196     3295     2284     3383     3527     2108     2374     0        3373     3194     3643     610      2369     1898     2689     2149     1858     1684     2027     2224     832      3955     1732     3539     2487     3364     3770     631      1541     4124     2276     3607     312      
16       192      3364     3630     2336     3466     3989     1441     1202     4042     2126     1146     2730     291      1931     1444     3373     0        2119     1967     2791     2629     1560     4099     4201     1606     2172     1981     1370     2844     2897     3188     3309     1184     1976     2632     3364     3353     2884     1559     373      3113     
17       2042     1317     2949     558      2472     2567     2366     2433     3177     103      2255     610      1958     1117     1131     3194     2119     0        548      2872     1044     2418     2378     2783     1709     3083     1190     2575     3191     914      1936     1196     2617     259      658      2795     2206     1012     1141     2485     3099     
18       1846     1761     3458     1104     3003     3114     2550     2551     3707     457      2382     975      1747     1536     1389     3643     1967     548      0        3268     1590     2624     2905     3331     2001     3322     1616     2713     3551     942      2478     1550     2702     301      691      3288     2745     918      1443     2304     3520     
19       2929     3155     1210     2470     1511     2329     1402     1709     1666     2969     1683     3159     2961     1755     1923     610      2791     2872     3268     0        2201     1290     2861     2447     1351     1117     1682     1614     419      3704     1783     3412     1877     3008     3492     949      1676     3853     1842     3011     322      
20       2623     997      1978     485      1453     1543     2245     2438     2156     1142     2267     1027     2570     787      1214     2369     2629     1044     1590     2201     0        2246     1484     1763     1480     2764     787      2523     2588     1609     897      1212     2664     1292     1463     1870     1172     1797     1121     2998     2352     
21       1720     3225     2337     2254     2380     3100     119      419      2791     2489     414      2909     1774     1488     1287     1898     1560     2418     2624     1290     2246     0        3443     3277     773      709      1466     359      1287     3333     2345     3352     609      2446     3075     2054     2392     3421     1291     1736     1609     
22       4103     1301     1952     1888     1401     668      3478     3730     1785     2455     3578     2017     4053     2185     2661     2689     4099     2378     2905     2861     1484     3443     0        745      2757     3776     2151     3774     3278     2496     1118     1678     3963     2637     2500     2058     1185     2712     2553     4463     2842     
23       4239     1935     1362     2238     942      220      3336     3621     1095     2874     3493     2549     4207     2280     2769     2149     4201     2783     3331     2447     1763     3277     745      0        2697     3477     2223     3630     2846     3085     1012     2321     3851     3040     3041     1539     888      3299     2649     4547     2357     
24       1701     2453     2026     1488     1885     2500     765      978      2436     1790     821      2157     1707     715      612      1858     1606     1709     2001     1351     1480     773      2757     2697     0        1380     695      1046     1570     2614     1706     2581     1210     1779     2366     1763     1815     2721     570      1909     1650     
25       2349     3762     2321     2856     2537     3330     805      971      2780     3159     1064     3534     2416     2070     1958     1684     2172     3083     3322     1117     2764     709      3776     3477     1380     0        2030     802      885      3992     2659     3932     1020     3131     3741     2050     2632     4093     1942     2274     1371     
26       2015     1758     1912     835      1574     2009     1460     1651     2237     1287     1482     1527     1985     83       546      2027     1981     1190     1616     1682     787      1466     2151     2223     695      2030     0        1735     2011     2039     1213     1903     1878     1340     1816     1707     1403     2177     425      2334     1913     
27       1548     3483     2693     2479     2737     3449     296      178      3148     2635     330      3104     1619     1745     1461     2224     1370     2575     2713     1614     2523     359      3774     3630     1046     802      1735     0        1552     3487     2686     3580     262      2568     3222     2410     2742     3556     1492     1483     1927     
28       3000     3555     1560     2825     1917     2736     1406     1682     2000     3284     1701     3519     3046     2079     2174     832      2844     3191     3551     419      2588     1287     3278     2846     1570     885      2011     1552     0        4049     2203     3800     1807     3307     3827     1321     2093     4188     2109     3018     531      
29       2785     1200     3583     1236     3035     2891     3281     3341     3723     852      3164     584      2687     1975     2046     3955     2897     914      942      3704     1609     3333     2496     3085     2614     3992     2039     3487     4049     0        2457     852      3519     945      270      3479     2736     215      2051     3241     3901     
30       3228     1535     1160     1378     580      802      2389     2658     1268     2036     2517     1875     3198     1272     1759     1732     3188     1936     2478     1783     897      2345     1118     1012     1706     2659     1213     2686     2203     2457     0        1876     2890     2177     2341     1134     279      2657     1638     3534     1819     
31       3238     385      3036     1101     2448     2146     3328     3464     3093     1210     3285     593      3154     1868     2134     3539     3309     1196     1550     3412     1212     3352     1678     2321     2581     3932     1903     3580     3800     852      1876     0        3673     1389     941      2988     2140     1061     2089     3677     3550     
32       1371     3600     2946     2576     2971     3665     523      233      3400     2668     396      3171     1452     1877     1539     2487     1184     2617     2702     1877     2664     609      3963     3851     1210     1020     1878     262      1807     3519     2890     3673     0        2584     3251     2664     2962     3572     1589     1254     2189     
33       1881     1548     3161     807      2702     2823     2382     2416     3406     190      2241     796      1789     1261     1175     3364     1976     259      301      3008     1292     2446     2637     3040     1779     3131     1340     2568     3307     945      2177     1389     2584     0        675      2995     2444     988      1211     2332     3251     
34       2523     1236     3441     1045     2912     2839     3020     3075     3609     588      2899     491      2427     1748     1789     3770     2632     658      691      3492     1463     3075     2500     3041     2366     3741     1816     3222     3827     270      2341     941      3251     675      0        3320     2620     361      1799     2979     3702     
35       3464     2663     282      2281     657      1454     2146     2460     741      2898     2383     2897     3470     1790     2158     631      3364     2795     3288     949      1870     2054     2058     1539     1763     2050     1707     2410     1321     3479     1134     2988     2664     2995     3320     0        919      3663     2043     3647     818      
36       3405     1789     904      1649     308      709      2448     2733     989      2307     2604     2155     3381     1471     1947     1541     3353     2206     2745     1676     1172     2392     1185     888      1815     2632     1403     2742     2093     2736     279      2140     2962     2444     2620     919      0        2936     1824     3689     1665     
37       2761     1414     3774     1399     3233     3104     3362     3404     3925     934      3229     781      2659     2110     2137     4124     2884     1012     918      3853     1797     3421     2712     3299     2721     4093     2177     3556     4188     215      2657     1061     3572     988      361      3663     2936     0        2153     3218     4060     
38       1590     2014     2271     989      1980     2434     1251     1376     2624     1220     1197     1619     1560     372      123      2276     1559     1141     1443     1842     1121     1291     2553     2649     570      1942     425      1492     2109     2051     1638     2089     1589     1211     1799     2043     1824     2153     0        1916     2114     
39       457      3737     3918     2709     3788     4337     1619     1337     4342     2487     1329     3095     559      2288     1804     3607     373      2485     2304     3011     2998     1736     4463     4547     1909     2274     2334     1483     3018     3241     3534     3677     1254     2332     2979     3647     3689     3218     1916     0        3333     
40       3249     3268     1038     2665     1450     2265     1722     2027     1471     3198     2005     3342     3280     1990     2202     312      3113     3099     3520     322      2352     1609     2842     2357     1650     1371     1913     1927     531      3901     1819     3550     2189     3251     3702     818      1665     4060     2114     3333     0        
;



Table delta(i,j)                 Distance
         0        1        2        3        4        5        6        7        8        9        10       11       12       13       14       15       16       17       18       19       20       21       22       23       24       25       26       27       28       29       30       31       32       33       34       35       36       37       38       39       40       
0        0        6390     7790     7820     610      3610     7910     1790     6210     2470     7780     1890     2590     3120     6430     5510     4310     980      6290     2310     4480     7430     3890     3440     3720     9290     1280     6600     6460     8080     6650     3350     4550     9030     5460     1510     4370     6570     4680     4950     4040     
1        6390     0        598      305      577      534      493      571      1103     823      488      683      642      485      1085     513      511      713      125      837      638      218      1027     982      626      485      584      538      714      358      361      809      992      428      911      712      931      514      719      253      1016     
2        7790     598      0        360      742      942      1083     855      1397     1027     135      664      961      870      794      229      964      781      472      833      393      815      1060     1018     457      1080     828      1086     267      321      237      675      1235     1022     1279     728      752      125      446      408      1164     
3        7820     305      360      0        726      795      793      778      1336     1009     226      750      870      733      1044     396      789      827      201      925      581      498      1144     1098     607      752      773      843      565      53       172      831      1202     690      1169     800      939      331      660      286      1185     
4        610      577      742      726      0        329      742      156      654      290      733      206      252      272      674      516      395      149      569      284      433      684      450      405      360      874      108      619      628      754      615      361      495      847      557      186      471      618      463      440      458      
5        3610     534      942      795      329      0        462      181      573      379      889      535      156      73       1002     743      75       457      597      583      723      526      673      637      659      631      232      306      900      839      750      690      488      622      377      510      797      820      770      550      571      
6        7910     493      1083     793      742      462      0        627      949      840      980      932      617      484      1398     956      387      889      616      1022     1022     303      1134     1097     981      196      672      185      1151     847      848      1087     917      220      717      927      1205     986      1092     692      1028     
7        1790     571      855      778      156      181      627      0        559      254      826      360      106      143      822      637      254      275      597      402      580      627      512      472      509      780      51       485      769      814      695      512      425      762      424      330      616      730      616      502      451      
8        6210     1103     1397     1336     654      573      949      559      0        379      1381     780      466      617      1107     1170     617      648      1149     678      1065     1093     559      563      988      1143     574      764      1264     1373     1254     874      178      1152     233      718      918      1272     1071     1061     347      
9        2470     823      1027     1009     290      379      840      254      379      0        1023     401      223      377      774      798      452      270      839      323      685      878      311      285      608      1010     241      673      884      1040     905      507      208      998      357      340      571      904      693      724      197      
10       7780     488      135      226      733      889      980      826      1381     1023     0        693      928      819      891      264      901      797      363      868      454      700      1096     1051     505      962      806      1000     376      186      140      733      1228     902      1243     753      823      158      522      339      1177     
11       1890     683      664      750      206      535      932      360      780      401      693      0        447      477      470      438      601      131      638      177      290      831      403      358      215      1048     310      821      487      764      604      156      605      1014     730      65       273      550      291      479      504      
12       2590     642      961      870      252      156      617      106      466      223      928      447      0        164      896      743      229      344      682      456      683      668      521      487      611      787      145      455      874      908      796      593      351      777      318      408      688      836      716      599      416      
13       3120     485      870      733      272      73       484      143      617      377      819      477      164      0        947      669      124      410      538      541      652      504      653      615      589      639      188      347      828      775      681      633      514      623      435      458      744      747      702      480      574      
14       6430     1085     794      1044     674      1002     1398     822      1107     774      891      470      896      947      0        648      1070     552      1005     452      465      1266     561      547      459      1501     771      1291     527      1035     872      313      933      1462     1132     492      208      736      384      840      765      
15       5510     513      229      396      516      743      956      637      1170     798      264      438      743      669      648      0        774      552      401      610      193      727      838      795      241      991      606      926      200      387      224      468      1007     938      1061     500      562      112      266      267      935      
16       4310     511      964      789      395      75       387      254      617      452      901      601      229      124      1070     774      0        529      588      656      771      475      748      713      710      561      304      231      941      835      760      757      548      555      406      579      866      844      823      562      642      
17       980      713      781      827      149      457      889      275      648      270      797      131      344      410      552      552      529      0        690      134      419      832      319      273      343      1024     224      758      617      848      695      252      473      997      606      71       344      663      423      544      382      
18       6290     125      472      201      569      597      616      597      1149     839      363      638      682      538      1005     401      588      690      0        804      546      343      1009     963      546      609      599      648      600      250      235      748      1023     551      973      677      866      392      628      165      1024     
19       2310     837      833      925      284      583      1022     402      678      323      868      177      456      541      452      610      656      134      804      0        446      964      227      184      376      1159     353      887      633      941      781      199      499      1131     679      127      248      723      424      650      362      
20       4480     638      393      581      433      723      1022     580      1065     685      454      290      683      652      465      193      771      419      546      446      0        837      671      630      76       1090     538      958      198      576      410      282      892      1043     990      355      369      297      82       386      794      
21       7430     218      815      498      684      526      303      627      1093     878      700      831      668      504      1266     727      475      832      343      964      837      0        1128     1084     814      266      656      406      928      552      578      973      1014     211      877      847      1095     733      915      461      1076     
22       3890     1027     1060     1144     450      673      1134     512      559      311      1096     403      521      653      561      838      748      319      1009     227      671      1128     0        46       602      1292     474      976      852      1162     1005     404      395      1274     637      345      396      951      641      863      212      
23       3440     982      1018     1098     405      637      1097     472      563      285      1051     358      487      615      547      795      713      273      963      184      630      1084     46       0        561      1253     433      942      814      1116     960      368      393      1233     624      300      371      907      603      816      218      
24       3720     626      457      607      360      659      981      509      988      608      505      215      611      589      459      241      710      343      546      376      76       814      602      561      0        1061     466      906      275      609      442      228      815      1017     916      280      331      352      113      381      719      
25       9290     485      1080     752      874      631      196      780      1143     1010     962      1048     787      639      1501     991      561      1024     609      1159     1090     266      1292     1253     1061     0        820      379      1192     804      844      1198     1103     62       911      1053     1319     999      1166     724      1203     
26       1280     584      828      773      108      232      672      51       574      241      806      310      145      188      771      606      304      224      599      353      538      656      474      433      466      820      0        534      730      806      680      461      428      799      457      279      565      703      571      491      432      
27       6600     538      1086     843      619      306      185      485      764      673      1000     821      455      347      1291     926      231      758      648      887      958      406      976      942      906      379      534      0        1110     895      860      978      735      395      532      805      1090     976      1019     679      855      
28       6460     714      267      565      628      900      1151     769      1264     884      376      487      874      828      527      200      941      617      600      633      198      928      852      814      275      1192     730      1110     0        543      399      450      1091     1139     1186     552      504      234      211      467      988      
29       8080     358      321      53       754      839      847      814      1373     1040     186      764      908      775      1035     387      835      848      250      941      576      552      1162     1116     609      804      806      895      543      0        166      836      1235     743      1210     817      940      309      653      315      1212     
30       6650     361      237      172      615      750      848      695      1254     905      140      604      796      681      872      224      760      695      235      781      410      578      1005     960      442      844      680      860      399      166      0        670      1106     785      1108     659      773      169      489      200      1067     
31       3350     809      675      831      361      690      1087     512      874      507      733      156      593      633      313      468      757      252      748      199      282      973      404      368      228      1198     461      978      450      836      670      0        696      1161     855      185      122      578      239      583      561      
32       4550     992      1235     1202     495      488      917      425      178      208      1228     605      351      514      933      1007     548      473      1023     499      892      1014     395      393      815      1103     428      735      1091     1235     1106     696      0        1102     265      542      740      1112     896      920      186      
33       9030     428      1022     690      847      622      220      762      1152     998      902      1014     777      623      1462     938      555      997      551      1131     1043     211      1274     1233     1017     62       799      395      1139     743      785      1161     1102     0        922      1022     1283     943      1120     672      1193     
34       5460     911      1279     1169     557      377      717      424      233      357      1243     730      318      435      1132     1061     406      606      973      679      990      877      637      624      916      911      457      532      1186     1210     1108     855      265      922      0        677      927      1154     1015     909      443      
35       1510     712      728      800      186      510      927      330      718      340      753      65       408      458      492      500      579      71       677      127      355      847      345      300      280      1053     279      805      552      817      659      185      542      1022     677      0        286      613      353      523      439      
36       4370     931      752      939      471      797      1205     616      918      571      823      273      688      744      208      562      866      344      866      248      369      1095     396      371      331      1319     565      1090     504      940      773      122      740      1283     927      286      0        666      305      700      584      
37       6570     514      125      331      618      820      986      730      1272     904      158      550      836      747      736      112      844      663      392      723      297      733      951      907      352      999      703      976      234      309      169      578      1112     943      1154     613      666      0        364      298      1045     
38       4680     719      446      660      463      770      1092     616      1071     693      522      291      716      702      384      266      823      423      628      424      82       915      641      603      113      1166     571      1019     211      653      489      239      896      1120     1015     353      305      364      0        467      782      
39       4950     253      408      286      440      550      692      502      1061     724      339      479      599      480      840      267      562      544      165      650      386      461      863      816      381      724      491      679      467      315      200      583      920      672      909      523      700      298      467      0        898      
40       4040     1016     1164     1185     458      571      1028     451      347      197      1177     504      416      574      765      935      642      382      1024     362      794      1076     212      218      719      1203     432      855      988      1212     1067     561      186      1193     443      439      584      1045     782      898      0        
;

