

sets
i        orders          /0*80/
k        routes          /1*80/
p        positions       /0*80/
;

alias(i,j)
alias(i,h)
alias(i,hh)
alias(i,jj)
alias(k,kk)
                            Parameters

rho(i)	Processing time
/
0	0
1	60
2	99
3	79
4	67
5	4
6	84
7	69
8	56
9	62
10	7
11	1
12	10
13	80
14	36
15	6
16	28
17	60
18	45
19	12
20	59
21	43
22	38
23	39
24	27
25	4
26	80
27	56
28	65
29	11
30	24
31	6
32	15
33	19
34	21
35	71
36	79
37	27
38	7
39	32
40	55
41	23
42	73
43	85
44	94
45	42
46	19
47	38
48	56
49	52
50	15
51	39
52	83
53	35
54	70
55	34
56	10
57	4
58	98
59	93
60	64
61	22
62	6
63	69
64	38
65	63
66	19
67	33
68	25
69	36
70	43
71	3
72	86
73	78
74	39
75	15
76	71
77	5
78	77
79	83
80	70
/

gamma(i)	Duedate
/
0	0
1	73
2	77
3	50
4	89
5	13
6	60
7	9
8	67
9	15
10	60
11	36
12	8
13	24
14	99
15	31
16	34
17	4
18	95
19	2
20	46
21	26
22	64
23	58
24	38
25	31
26	33
27	64
28	75
29	36
30	80
31	42
32	46
33	2
34	22
35	72
36	69
37	71
38	42
39	41
40	70
41	40
42	56
43	93
44	75
45	9
46	4
47	28
48	82
49	3
50	57
51	29
52	65
53	90
54	7
55	45
56	51
57	31
58	41
59	36
60	26
61	46
62	84
63	19
64	10
65	1
66	85
67	31
68	7
69	51
70	18
71	80
72	13
73	23
74	43
75	20
76	22
77	4
78	4
79	63
80	13
/

sigma(i)	Size
/
0	0
1	6
2	9
3	9
4	9
5	1
6	9
7	9
8	1
9	9
10	4
11	9
12	8
13	5
14	9
15	3
16	3
17	9
18	5
19	8
20	5
21	2
22	2
23	5
24	7
25	8
26	2
27	1
28	8
29	2
30	6
31	4
32	6
33	7
34	3
35	2
36	9
37	7
38	7
39	3
40	8
41	9
42	4
43	2
44	8
45	7
46	1
47	8
48	8
49	1
50	9
51	9
52	4
53	1
54	4
55	7
56	2
57	6
58	8
59	8
60	5
61	8
62	7
63	1
64	7
65	1
66	3
67	4
68	5
69	6
70	7
71	8
72	7
73	6
74	4
75	6
76	3
77	3
78	6
79	1
80	6
/

epsilon(i)	Priority
/
0	0
1	6
2	3
3	2
4	4
5	2
6	8
7	2
8	8
9	6
10	6
11	5
12	3
13	8
14	6
15	7
16	7
17	7
18	4
19	8
20	5
21	9
22	9
23	2
24	7
25	5
26	9
27	1
28	2
29	3
30	6
31	4
32	8
33	1
34	2
35	8
36	6
37	8
38	6
39	5
40	3
41	2
42	3
43	4
44	8
45	3
46	3
47	6
48	8
49	6
50	7
51	9
52	7
53	2
54	7
55	4
56	5
57	6
58	3
59	7
60	3
61	5
62	5
63	2
64	3
65	4
66	5
67	1
68	1
69	5
70	5
71	5
72	2
73	1
74	5
75	2
76	2
77	3
78	3
79	9
80	3
/

psi	Vehicle Capacity
/ 46 /
;

Table kappa(i,j)                 Setup
         0        1        2        3        4        5        6        7        8        9        10       11       12       13       14       15       16       17       18       19       20       21       22       23       24       25       26       27       28       29       30       31       32       33       34       35       36       37       38       39       40       41       42       43       44       45       46       47       48       49       50       51       52       53       54       55       56       57       58       59       60       61       62       63       64       65       66       67       68       69       70       71       72       73       74       75       76       77       78       79       80       
0        0        3270     3243     2863     2353     3779     1509     1345     2546     2039     3259     2981     3447     491      1717     2650     2437     682      3040     1586     1682     3257     1173     1601     1718     1976     2508     2263     2551     4035     2210     2717     1960     2913     4308     2394     1442     3498     3229     2645     3626     1287     1547     3133     2476     517      446      3395     3341     3045     2888     2702     3025     3412     1880     2499     476      2356     1449     3698     1375     2689     3488     1449     1369     3623     1846     666      4063     1812     3291     787      4034     417      283      2506     2985     2926     2810     2331     3469     
1        3270     0        1746     1547     935      1791     1838     1974     743      2253     1548     2741     814      2786     2673     686      1669     2678     1525     2298     2530     171      3025     1868     2645     1862     1652     2374     1379     1160     1909     946      1857     570      1046     885      2954     534      1626     987      361      2957     2803     197      885      3293     2891     186      1878     2259     2088     672      366      987      1473     2321     2821     1246     2179     1786     2682     1317     941      2735     2071     353      2481     3516     923      2715     2755     3187     774      3190     2990     1256     601      1674     1491     1807     200      
2        3243     1746     0        410      1579     562      1861     2440     1547     1314     3179     1146     1037     2794     1805     1945     2957     2937     276      1695     1733     1905     2404     2593     3530     1267     739      3535     789      1345     3074     2374     1284     2096     2157     1618     2190     2279     3239     2366     1816     2283     2008     1848     2039     3524     3051     1917     146      3736     552      2003     1951     843      2245     3588     2782     1101     2890     474      2035     2742     939      3482     2666     1897     1588     3139     1696     1775     1055     2754     2208     3385     2983     919      2184     3180     2966     3037     1783     
3        2863     1547     410      0        1211     916      1453     2030     1207     1027     2879     1197     991      2404     1529     1622     2593     2533     180      1350     1435     1690     2092     2189     3125     891      361      3148     382      1450     2693     2051     906      1809     2150     1257     1904     2077     2934     2035     1693     1979     1722     1612     1694     3126     2653     1729     543      3390     542      1687     1688     828      1850     3211     2395     699      2482     836      1716     2404     935      3073     2257     1763     1308     2801     1717     1519     1219     2417     2125     2988     2597     522      1904     2848     2632     2664     1626     
4        2353     935      1579     1211     0        1906     903      1119     193      1498     1744     2243     1198     1864     1840     510      1381     1799     1303     1429     1689     961      2116     1126     2036     1066     1098     1964     862      1766     1497     894      1055     784      1957     67       2075     1292     1784     861      1280     2059     1940     836      505      2425     1996     1085     1724     2183     1666     585      785      1238     726      2009     1895     564      1448     1858     1792     1212     1278     2047     1276     1287     1676     2580     1721     1900     2363     2255     1710     2311     2070     704      887      1658     1442     1457     1127     
5        3779     1791     562      916      1906     0        2351     2886     1823     1877     3321     1582     980      3319     2367     2168     3233     3434     739      2250     2296     1962     2966     2996     3928     1806     1273     3864     1254     1016     3390     2582     1821     2254     1907     1929     2753     2293     3392     2589     1747     2846     2570     1940     2302     4035     3563     1933     525      3961     1084     2213     2076     805      2619     3886     3312     1528     3307     89       2596     2966     854      3908     3098     1837     2151     3698     1443     2335     1396     3313     2057     3899     3513     1347     2326     3384     3178     3333     1764     
6        1509     1838     1861     1453     903      2351     0        650      1094     1033     2340     2023     1938     1019     1148     1324     1691     1082     1619     715      1001     1861     1254     933      1796     691      1137     1999     1096     2526     1641     1564     669      1613     2846     958      1272     2170     2351     1503     2177     1221     1177     1735     1205     1690     1222     1988     1983     2514     1658     1393     1665     1907     814      2143     1034     857      1145     2278     984      1729     1980     1686     898      2189     1065     1677     2567     1237     2254     1353     2613     1557     1226     1021     1707     2125     1933     1681     2028     
7        1345     1974     2440     2030     1119     2886     650      0        1297     1675     1995     2673     2308     903      1709     1321     1226     706      2180     1306     1576     1940     1617     348      1145     1340     1747     1385     1652     2883     1094     1376     1318     1573     3020     1141     1728     2158     1983     1304     2335     1631     1684     1820     1138     1319     929      2081     2571     1993     2293     1367     1698     2325     535      1555     961      1358     494      2821     1464     1393     2378     1049     247      2321     1671     1761     2830     1809     2903     1545     2719     1216     1084     1540     1642     1708     1552     1170     2175     
8        2546     743      1547     1207     193      1823     1094     1297     0        1623     1684     2303     1047     2057     1992     422      1418     1984     1274     1592     1843     778      2295     1274     2161     1200     1152     2042     894      1601     1567     845      1191     660      1764     155      2244     1124     1734     827      1086     2234     2103     654      492      2609     2184     897      1693     2189     1698     492      624      1110     866      2064     2088     636      1597     1781     1964     1198     1138     2191     1440     1095     1818     2772     1534     2047     2398     2444     1518     2497     2263     737      763      1641     1425     1511     934      
9        2039     2253     1314     1027     1498     1877     1033     1675     1623     0        3208     1016     1943     1654     501      2008     2667     1911     1198     460      419      2348     1090     1965     2812     434      699      3030     922      2460     2655     2369     449      2277     3069     1565     880      2725     3237     2324     2505     969      697      2237     1973     2409     1952     2436     1377     3501     864      2084     2241     1815     1788     3166     1620     1011     2169     1788     728      2627     1918     2675     1922     2553     280      1840     2674     499      1288     1456     2962     2266     1811     1008     2381     3057     2849     2680     2394     
10       3259     1548     3179     2879     1744     3321     2340     1995     1684     3208     0        3983     2357     2878     3468     1262     828      2576     2920     3032     3316     1379     3559     1675     1879     2774     2833     1343     2579     2670     1097     849      2759     1083     2176     1681     3610     1153     91       886      1733     3546     3517     1383     1243     3038     2812     1449     3322     812      3383     1194     1245     2517     1544     1156     2944     2304     1817     3306     3323     614      2483     2101     1898     1649     3343     3750     2326     3547     4082     3538     1774     2995     3034     2421     999      377      448      959      1638     
11       2981     2741     1146     1197     2243     1582     2023     2673     2303     1016     3983     0        2147     2641     1269     2724     3559     2923     1258     1462     1302     2879     1880     2941     3817     1344     1150     3995     1413     2490     3589     3135     1366     2949     3293     2304     1607     3268     4027     3105     2887     1749     1458     2794     2748     3392     2948     2925     1091     4389     657      2796     2853     1962     2709     4110     2599     1680     3168     1500     1606     3450     2065     3689     2921     2959     1141     2650     2838     1182     330      2293     3309     3250     2780     1567     3049     3894     3679     3595     2823     
12       3447     814      1037     991      1198     980      1938     2308     1047     1943     2357     2147     0        2958     2430     1290     2364     2960     891      2149     2310     985      2917     2319     3204     1660     1248     3039     1032     587      2562     1670     1665     1315     1159     1191     2776     1313     2432     1690     791      2821     2602     975      1458     3587     3137     952      1147     3035     1497     1318     1124     196      1912     3026     2973     1108     2642     982      2542     2056     127      3238     2474     876      2213     3542     733      2441     2091     3174     1171     3465     3165     997      1376     2452     2255     2483     787      
13       491      2786     2794     2404     1864     3319     1019     903      2057     1654     2878     2641     2958     0        1417     2179     2076     403      2580     1193     1347     2778     1009     1202     1555     1530     2055     2026     2079     3545     1883     2276     1512     2448     3821     1906     1233     3032     2858     2205     3140     1088     1287     2653     2011     755      313      2915     2899     2760     2475     2233     2551     2925     1429     2246     76       1872     1124     3240     1079     2287     3000     1318     983      3139     1502     877      3571     1521     2935     755      3553     612      207      2026     2524     2567     2430     1989     2984     
14       1717     2673     1805     1529     1840     2367     1148     1709     1992     501      3468     1269     2430     1417     0        2340     2839     1750     1699     436      152      2751     630      2041     2785     811      1196     3095     1400     2958     2775     2657     816      2623     3539     1907     387      3115     3485     2603     2950     500      207      2634     2270     2151     1731     2851     1857     3658     1318     2415     2616     2309     1962     3261     1365     1430     2179     2278     343      2864     2411     2606     1941     2990     221      1403     3157     105      1587     1033     3408     2010     1533     1464     2724     3271     3075     2825     2829     
15       2650     686      1945     1622     510      2168     1324     1321     422      2008     1262     2724     1290     2179     2340     0        1076     2028     1677     1920     2188     622      2573     1185     1970     1576     1573     1751     1316     1774     1275     429      1564     290      1719     442      2555     857      1313     424      1043     2527     2430     508      198      2631     2249     765      2090     1799     2120     75       376      1401     800      1736     2222     1050     1493     2137     2269     802      1402     2050     1395     1015     2182     2965     1601     2404     2819     2667     1400     2535     2377     1159     387      1236     1022     1193     882      
16       2437     1669     2957     2593     1381     3233     1691     1226     1418     2667     828      3559     2364     2076     2839     1076     0        1756     2681     2407     2693     1537     2836     885      1115     2250     2448     710      2236     2820     295      723      2231     1099     2576     1339     2923     1520     792      685      1975     2841     2854     1471     931      2210     1990     1661     3103     834      3028     1046     1302     2476     883      661      2145     1922     991      3196     2645     390      2478     1304     1093     1915     2749     2953     2581     2929     3715     2768     2190     2166     2222     2080     1084     490      391      157      1833     
17       682      2678     2937     2533     1799     3434     1082     706      1984     1911     2576     2923     2960     403      1750     2028     1756     0        2701     1460     1659     2646     1401     924      1151     1707     2204     1637     2179     3544     1536     2054     1687     2276     3724     1829     1609     2859     2547     1982     3039     1471     1643     2526     1843     627      237      2787     3055     2392     2681     2073     2404     2955     1235     1863     480      1927     771      3360     1424     2008     3018     915      690      3027     1802     1237     3519     1855     3200     1157     3426     513      480      2099     2341     2245     2127     1653     2879     
18       3040     1525     276      180      1303     739      1619     2180     1274     1198     2920     1258     891      2580     1699     1677     2681     2701     0        1530     1609     1678     2269     2323     3260     1071     541      3259     529      1305     2797     2107     1085     1840     2046     1342     2077     2059     2979     2097     1635     2155     1895     1611     1766     3298     2825     1703     421      3464     606      1737     1704     712      1971     3311     2572     831      2623     661      1893     2471     818      3218     2403     1710     1478     2981     1601     1685     1232     2597     2051     3161     2774     648      1931     2912     2697     2760     1583     
19       1586     2298     1695     1350     1429     2250     715      1306     1592     460      3032     1462     2149     1193     436      1920     2407     1460     1530     0        286      2363     768      1626     2416     489      991      2688     1127     2706     2352     2225     484      2207     3213     1495     656      2716     3049     2170     2595     675      511      2242     1842     1949     1493     2471     1778     3229     1302     1995     2212     2053     1527     2845     1160     1080     1789     2164     395      2428     2148     2258     1545     2628     366      1450     2858     522      1745     1066     3051     1806     1352     1153     2307     2835     2638     2396     2464     
20       1682     2530     1733     1435     1689     2296     1001     1576     1843     419      3316     1302     2310     1347     152      2188     2693     1659     1609     286      0        2605     671      1903     2667     672      1091     2961     1278     2847     2634     2504     675      2472     3409     1756     470      2967     3334     2450     2811     549      292      2487     2118     2093     1658     2707     1796     3514     1273     2263     2467     2196     1813     3124     1301     1291     2052     2207     319      2713     2296     2497     1811     2850     165      1428     3034     236      1609     1047     3269     1951     1479     1334     2573     3121     2924     2681     2688     
21       3257     171      1905     1690     961      1962     1861     1940     778      2348     1379     2879     985      2778     2751     622      1537     2646     1678     2363     2605     0        3073     1805     2544     1945     1772     2246     1498     1314     1788     816      1938     445      1101     903      3018     389      1458     863      442      3012     2872     126      817      3253     2865     142      2039     2099     2230     591      255      1157     1422     2181     2817     1337     2108     1956     2740     1174     1112     2648     2017     399      2566     3533     1043     2799     2904     3215     779      3155     2980     1366     455      1516     1338     1680     295      
22       1173     3025     2404     2092     2116     2966     1254     1617     2295     1090     3559     1880     2917     1009     630      2573     2836     1401     2269     768      671      3073     0        1965     2534     1257     1739     2945     1894     3474     2709     2814     1252     2863     3970     2178     277      3406     3560     2751     3337     131      426      2949     2460     1658     1308     3190     2468     3608     1941     2643     2898     2820     2015     3143     938      1838     2010     2878     378      2945     2916     2314     1803     3364     826      774      3624     702      2204     417      3789     1527     1055     1920     2958     3306     3132     2787     3200     
23       1601     1868     2593     2189     1126     2996     933      348      1274     1965     1675     2941     2319     1202     2041     1185     885      924      2323     1626     1903     1805     1965     0        937      1596     1944     1066     1806     2873     746      1139     1575     1398     2905     1127     2074     1970     1657     1067     2228     1980     2026     1694     988      1476     1161     1948     2731     1644     2511     1215     1552     2364     408      1220     1268     1492     323      2938     1807     1089     2404     921      234      2201     1988     2075     2765     2138     3151     1882     2575     1398     1363     1675     1450     1372     1228     822      2067     
24       1718     2645     3530     3125     2036     3928     1796     1145     2161     2812     1879     3817     3204     1555     2785     1970     1115     1151     3260     2416     2667     2544     2534     937      0        2485     2871     598      2743     3733     820      1752     2464     2102     3630     2026     2716     2601     1817     1692     2986     2590     2718     2453     1777     1323     1322     2681     3668     1410     3430     1974     2291     3269     1311     842      1631     2429     654      3872     2493     1497     3299     275      898      2941     2782     2355     3568     2889     4049     2309     3261     1338     1606     2612     2118     1502     1489     959      2832     
25       1976     1862     1267     891      1066     1806     691      1340     1200     434      2774     1344     1660     1530     811      1576     2250     1707     1071     489      672      1945     1257     1596     2485     0        532      2651     638      2217     2255     1934     21       1849     2739     1134     1123     2315     2803     1889     2139     1160     957      1829     1538     2269     1797     2041     1369     3084     978      1652     1823     1563     1379     2773     1515     619      1832     1723     882      2195     1659     2377     1587     2179     621      1923     2374     853      1563     1543     2597     2128     1716     668      1952     2628     2419     2271     2017     
26       2508     1652     739      361      1098     1273     1137     1747     1152     699      2833     1150     1248     2055     1196     1573     2448     2204     541      991      1091     1772     1739     1944     2871     532      0        2950     274      1761     2513     1986     548      1802     2388     1157     1562     2161     2878     1958     1861     1629     1382     1676     1603     2786     2312     1838     850      3269     581      1645     1718     1115     1642     3036     2044     534      2220     1191     1361     2310     1218     2797     1985     1919     976      2441     1981     1198     1268     2057     2312     2646     2245     419      1903     2756     2540     2501     1767     
27       2263     2374     3535     3148     1964     3864     1999     1385     2042     3030     1343     3995     3039     2026     3095     1751     710      1637     3259     2688     2961     2246     2945     1066     598      2651     2950     0        2773     3517     477      1430     2630     1805     3283     1935     3091     2223     1271     1387     2685     2980     3063     2176     1582     1906     1840     2372     3679     812      3529     1733     2007     3137     1307     244      2102     2452     935      3819     2839     1093     3148     865      1158     2626     3052     2872     3290     3194     4191     2776     2895     1908     2114     2626     1794     970      1013     566      2542     
28       2551     1379     789      382      862      1254     1096     1652     894      922      2579     1413     1032     2079     1400     1316     2236     2179     529      1127     1278     1498     1894     1806     2743     638      274      2773     0        1579     2323     1736     645      1535     2147     915      1744     1886     2627     1712     1598     1793     1570     1401     1361     2783     2312     1565     925      3045     806      1386     1446     926      1471     2844     2078     321      2101     1182     1517     2072     1022     2692     1877     1652     1185     2554     1757     1416     1505     2177     2051     2648     2278     159      1636     2518     2302     2299     1499     
29       4035     1160     1345     1450     1766     1016     2526     2883     1601     2460     2670     2490     587      3545     2958     1774     2820     3544     1305     2706     2847     1314     3474     2873     3733     2217     1761     3517     1579     0        3044     2101     2223     1726     898      1752     3317     1531     2753     2135     941      3372     3139     1355     1960     4172     3724     1223     1406     3413     1880     1785     1522     653      2464     3476     3560     1690     3196     1067     3096     2477     559      3784     3040     1029     2737     4118     448      2958     2364     3746     1111     4050     3753     1567     1761     2830     2651     2952     1034     
30       2210     1909     3074     2693     1497     3390     1641     1094     1567     2655     1097     3589     2562     1883     2775     1275     295      1536     2797     2352     2634     1788     2709     746      820      2255     2513     477      2323     3044     0        974      2235     1344     2848     1465     2821     1800     1049     925      2230     2726     2769     1712     1104     1949     1765     1918     3219     898      3095     1259     1544     2659     880      523      1956     2003     765      3346     2552     679      2670     1013     916      2175     2707     2758     2829     2870     3768     2602     2468     1915     2013     2172     1342     733      678      141      2083     
31       2717     946      2374     2051     894      2582     1564     1376     845      2369     849      3135     1670     2276     2657     429      723      2054     2107     2225     2504     816      2814     1139     1752     1934     1986     1430     1736     2101     974      0        1920     376      1880     832      2832     857      892      72       1256     2785     2724     749      396      2615     2288     944      2519     1378     2542     372      580      1799     849      1375     2331     1455     1399     2554     2544     386      1788     1883     1372     1201     2518     3114     1859     2730     3241     2853     1509     2538     2460     1577     368      808      597      864      1111     
32       1960     1857     1284     906      1055     1821     669      1318     1191     449      2759     1366     1665     1512     816      1564     2231     1687     1085     484      675      1938     1252     1575     2464     21       548      2630     645      2223     2235     1920     0        1838     2739     1122     1122     2307     2787     1874     2136     1157     958      1822     1524     2250     1778     2036     1387     3066     998      1640     1814     1570     1359     2752     1498     615      1810     1739     877      2179     1665     2355     1565     2175     629      1913     2377     860      1585     1533     2594     2110     1699     671      1941     2611     2402     2252     2013     
33       2913     570      2096     1809     784      2254     1613     1573     660      2277     1083     2949     1315     2448     2623     290      1099     2276     1840     2207     2472     445      2863     1398     2102     1849     1802     1805     1535     1726     1344     376      1838     0        1532     717      2844     584      1147     419      888      2817     2717     373      437      2867     2503     579      2239     1720     2327     221      204      1457     1040     1751     2495     1296     1689     2233     2558     751      1437     2213     1620     839      2461     3247     1485     2685     3022     2954     1181     2777     2643     1383     103      1137     940      1238     738      
34       4308     1046     2157     2150     1957     1907     2846     3020     1764     3069     2176     3293     1159     3821     3539     1719     2576     3724     2046     3213     3409     1101     3970     2905     3630     2739     2388     3283     2147     898      2848     1880     2739     1532     0        1914     3862     1065     2267     1937     685      3887     3696     1210     1916     4339     3935     959      2243     2980     2651     1692     1356     1333     2516     3183     3852     2133     3209     1951     3607     2190     1229     3745     3113     704      3329     4518     466      3562     3207     4174     402      4236     4027     2075     1512     2433     2302     2728     845      
35       2394     885      1618     1257     67       1929     958      1141     155      1565     1681     2304     1191     1906     1907     442      1339     1829     1342     1495     1756     903      2178     1127     2026     1134     1157     1935     915      1752     1465     832      1122     717      1914     0        2140     1228     1723     801      1234     2123     2006     777      446      2453     2030     1029     1764     2133     1721     518      721      1243     722      1972     1939     624      1451     1883     1857     1156     1277     2047     1287     1238     1743     2633     1690     1968     2419     2311     1658     2341     2112     756      819      1603     1386     1420     1079     
36       1442     2954     2190     1904     2075     2753     1272     1728     2244     880      3610     1607     2776     1233     387      2555     2923     1609     2077     656      470      3018     277      2074     2716     1123     1562     3091     1744     3317     2821     2832     1122     2844     3862     2140     0        3366     3618     2773     3250     154      182      2896     2461     1916     1541     3126     2244     3718     1705     2629     2860     2665     2071     3278     1167     1732     2157     2664     288      2997     2765     2510     1935     3284     602      1042     3496     440      1933     694      3706     1781     1304     1791     2943     3379     3195     2888     3120     
37       3498     534      2279     2077     1292     2293     2170     2158     1124     2725     1153     3268     1313     3032     3115     857      1520     2859     2059     2716     2967     389      3406     1970     2601     2315     2161     2223     1886     1531     1800     857      2307     584      1065     1228     3366     0        1241     924      590      3351     3227     489      1022     3444     3087     364      2409     1937     2618     799      507      1499     1624     2118     3078     1714     2248     2295     3084     1130     1439     2741     2196     502      2936     3822     1172     3166     3289     3520     671      3358     3228     1752     520      1374     1237     1675     530      
38       3229     1626     3239     2934     1784     3392     2351     1983     1734     3237     91       4027     2432     2858     3485     1313     792      2547     2979     3049     3334     1458     3560     1657     1817     2803     2878     1271     2627     2753     1049     892      2787     1147     2267     1723     3618     1241     0        923      1818     3551     3528     1457     1281     2996     2782     1532     3383     720      3432     1246     1316     2589     1547     1078     2925     2347     1783     3375     3332     621      2558     2045     1876     1735     3365     3732     2413     3565     4132     3528     1865     2957     3010     2469     1067     318      431      914      1720     
39       2645     987      2366     2035     861      2589     1503     1304     827      2324     886      3105     1690     2205     2603     424      685      1982     2097     2170     2450     863      2751     1067     1692     1889     1958     1387     1712     2135     925      72       1874     419      1937     801      2773     924      923      0        1306     2723     2666     789      357      2543     2216     995      2512     1375     2519     377      620      1813     778      1343     2260     1425     1328     2559     2484     378      1806     1819     1300     1253     2467     3044     1905     2677     3218     2785     1571     2466     2388     1553     425      814      600      820      1158     
40       3626     361      1816     1693     1280     1747     2177     2335     1086     2505     1733     2887     791      3140     2950     1043     1975     3039     1635     2595     2811     442      3337     2228     2986     2139     1861     2685     1598     941      2230     1256     2136     888      685      1234     3250     590      1818     1306     0        3262     3092     537      1241     3655     3250     313      1933     2494     2230     1022     695      986      1834     2613     3173     1521     2536     1760     2984     1604     908      3085     2432     91       2749     3855     611      2984     2861     3518     457      3551     3345     1497     891      1917     1754     2120     161      
41       1287     2957     2283     1979     2059     2846     1221     1631     2234     969      3546     1749     2821     1088     500      2527     2841     1471     2155     675      549      3012     131      1980     2590     1160     1629     2980     1793     3372     2726     2785     1157     2817     3887     2123     154      3351     3551     2723     3262     0        295      2888     2422     1763     1394     3125     2344     3625     1814     2599     2844     2719     2003     3173     1021     1754     2045     2757     280      2932     2816     2377     1830     3292     700      905      3533     571      2073     545      3717     1629     1152     1827     2914     3304     3125     2798     3128     
42       1547     2803     2008     1722     1940     2570     1177     1684     2103     697      3517     1458     2602     1287     207      2430     2854     1643     1895     511      292      2872     426      2026     2718     957      1382     3063     1570     3139     2769     2724     958      2717     3696     2006     182      3227     3528     2666     3092     295      0        2752     2345     2001     1600     2978     2063     3661     1526     2504     2724     2488     1988     3240     1228     1572     2135     2481     225      2907     2589     2525     1904     3129     419      1201     3325     276      1780     836      3549     1863     1383     1622     2817     3300     3111     2828     2966     
43       3133     197      1848     1612     836      1940     1735     1820     654      2237     1383     2794     975      2653     2634     508      1471     2526     1611     2242     2487     126      2949     1694     2453     1829     1676     2176     1401     1355     1712     749      1822     373      1210     777      2896     489      1457     789      537      2888     2752     0        706      3135     2743     261      1985     2073     2149     485      169      1134     1306     2124     2692     1226     2001     1928     2617     1122     1100     2548     1903     506      2451     3407     1118     2683     2830     3089     901      3036     2856     1264     409      1488     1301     1610     379      
44       2476     885      2039     1694     505      2302     1205     1138     492      1973     1243     2748     1458     2011     2270     198      931      1843     1766     1842     2118     817      2460     988      1777     1538     1603     1582     1361     1960     1104     396      1524     437      1916     446      2461     1022     1281     357      1241     2422     2345     706      0        2441     2068     959      2185     1698     2167     229      565      1555     609      1585     2058     1069     1295     2265     2173     712      1565     1852     1201     1212     2126     2815     1798     2341     2865     2530     1591     2348     2206     1202     516      1157     941      1034     1081     
45       517      3293     3524     3126     2425     4035     1690     1319     2609     2409     3038     3392     3587     755      2151     2631     2210     627      3298     1949     2093     3253     1658     1476     1323     2269     2786     1906     2783     4172     1949     2615     2250     2867     4339     2453     1916     3444     2996     2543     3655     1763     2001     3135     2441     0        473      3395     3635     2713     3226     2671     3006     3579     1832     2150     793      2544     1237     3959     1808     2514     3644     1048     1247     3639     2251     1175     4144     2251     3689     1293     4031     143      618      2711     2924     2681     2598     2082     3494     
46       446      2891     3051     2653     1996     3563     1222     929      2184     1952     2812     2948     3137     313      1731     2249     1990     237      2825     1493     1658     2865     1308     1161     1322     1797     2312     1840     2312     3724     1765     2288     1778     2503     3935     2030     1541     3087     2782     2216     3250     1394     1600     2743     2068     473      0        3005     3162     2610     2758     2297     2626     3121     1463     2071     373      2079     1002     3486     1392     2246     3189     1066     927      3241     1811     1035     3716     1834     3238     1010     3645     336      285      2244     2570     2479     2364     1884     3091     
47       3395     186      1917     1729     1085     1933     1988     2081     897      2436     1449     2925     952      2915     2851     765      1661     2787     1703     2471     2707     142      3190     1948     2681     2041     1838     2372     1565     1223     1918     944      2036     579      959      1029     3126     364      1532     995      313      3125     2978     261      959      3395     3005     0        2046     2193     2271     733      397      1135     1564     2299     2953     1427     2250     1933     2851     1291     1078     2788     2160     259      2662     3663     923      2895     2934     3340     639      3297     3117     1441     577      1613     1444     1807     188      
48       3341     1878     146      543      1724     525      1983     2571     1693     1377     3322     1091     1147     2899     1857     2090     3103     3055     421      1778     1796     2039     2468     2731     3668     1369     850      3679     925      1406     3219     2519     1387     2239     2243     1764     2244     2409     3383     2512     1933     2344     2063     1985     2185     3635     3162     2046     0        3882     559      2148     2091     951      2387     3733     2884     1240     3026     436      2104     2888     1042     3616     2800     2016     1645     3214     1779     1820     963      2829     2314     3495     3085     1059     2326     3326     3112     3182     1907     
49       3045     2259     3736     3390     2183     3961     2514     1993     2189     3501     812      4389     3035     2760     3658     1799     834      2392     3464     3229     3514     2099     3608     1644     1410     3084     3269     812      3045     3413     898      1378     3066     1720     2980     2133     3718     1937     720      1375     2494     3625     3661     2073     1698     2713     2610     2193     3882     0        3846     1750     1914     3174     1714     568      2834     2737     1636     3933     3446     997      3157     1677     1811     2416     3577     3628     3100     3750     4538     3492     2578     2707     2873     2887     1664     584      782      833      2381     
