

sets
i        orders          /0*10/
k        routes          /1*10/
p        positions       /0*10/
;

alias(i,j)
alias(i,h)
alias(i,hh)
alias(i,jj)
alias(k,kk)
                            Parameters

rho(i)	Processing time
/
0	0
1	85
2	9
3	60
4	82
5	79
6	84
7	94
8	31
9	48
10	78
/

gamma(i)	Duedate
/
0	0
1	86
2	50
3	67
4	7
5	32
6	54
7	56
8	92
9	37
10	8
/

sigma(i)	Size
/
0	0
1	9
2	6
3	3
4	6
5	6
6	3
7	4
8	6
9	1
10	7
/

epsilon(i)	Priority
/
0	0
1	6
2	1
3	6
4	7
5	3
6	8
7	7
8	5
9	6
10	6
/

psi	Vehicle Capacity
/ 36 /
;

Table kappa(i,j)                 Setup
         0        1        2        3        4        5        6        7        8        9        10       
0        0        36       45       57       60       63       63       39       37       49       54       
1        36       0        59       89       36       34       32       43       58       30       72       
2        45       59       0        47       53       94       63       83       12       43       13       
3        57       89       47       0        96       120      105      92       37       86       39       
4        60       36       53       96       0        62       11       78       59       11       66       
5        63       34       94       120      62       0        53       43       92       61       107      
6        63       32       63       105      11       53       0        75       68       19       76       
7        39       43       83       92       78       43       75       0        76       71       93       
8        37       58       12       37       59       92       68       76       0        49       17       
9        49       30       43       86       11       61       19       71       49       0        57       
10       54       72       13       39       66       107      76       93       17       57       0        
;



Table delta(i,j)                 Distance
         0        1        2        3        4        5        6        7        8        9        10       
0        0        37       43       19       34       10       5        44       30       30       41       
1        37       0        49       47       2        27       35       30       21       55       5        
2        43       49       0        30       47       44       38       24       27       27       53       
3        19       47       30       0        45       26       15       41       31       11       52       
4        34       2        47       45       0        25       33       29       19       53       7        
5        10       27       44       26       25       0        10       39       24       37       31       
6        5        35       38       15       33       10       0        39       25       26       40       
7        44       30       24       41       29       39       39       0        14       43       33       
8        30       21       27       31       19       24       25       14       0        37       25       
9        30       55       27       11       53       37       26       43       37       0        60       
10       41       5        53       52       7        31       40       33       25       60       0        
;

