

sets
i        orders          /0*10/
k        routes          /1*10/
p        positions       /0*10/
;

alias(i,j)
alias(i,h)
alias(i,hh)
alias(i,jj)
alias(k,kk)
                            Parameters

rho(i)	Processing time
/
0	0
1	21
2	86
3	55
4	84
5	85
6	54
7	16
8	10
9	7
10	44
/

gamma(i)	Duedate
/
0	0
1	82
2	61
3	39
4	42
5	22
6	97
7	21
8	19
9	62
10	80
/

sigma(i)	Size
/
0	0
1	7
2	2
3	9
4	4
5	4
6	2
7	7
8	3
9	3
10	6
/

epsilon(i)	Priority
/
0	0
1	3
2	5
3	2
4	6
5	7
6	8
7	1
8	5
9	3
10	8
/

psi	Vehicle Capacity
/ 73 /
;

Table kappa(i,j)                 Setup
         0        1        2        3        4        5        6        7        8        9        10       
0        0        30       53       26       71       38       68       25       56       31       61       
1        30       0        40       57       74       14       40       7        38       25       43       
2        53       40       0        73       42       27       68       46       77       21       81       
3        26       57       73       0        78       64       94       51       78       53       84       
4        71       74       42       78       0        65       109      77       113      49       118      
5        38       14       27       64       65       0        44       21       49       18       53       
6        68       40       68       94       109      44       0        43       26       62       25       
7        25       7        46       51       77       21       43       0        36       28       41       
8        56       38       77       78       113      49       26       36       0        63       5        
9        31       25       21       53       49       18       62       28       63       0        68       
10       61       43       81       84       118      53       25       41       5        68       0        
;



Table delta(i,j)                 Distance
         0        1        2        3        4        5        6        7        8        9        10       
0        0        2210     3020     1990     1640     1740     2520     1710     1010     1770     470      
1        2210     0        243      119      86       319      107      63       176      227      247      
2        3020     243      0        133      296      247      140      276      201      141      287      
3        1990     119      133      0        163      227      60       143      109      118      202      
4        1640     86       296      163      0        302      178      23       162      238      202      
5        1740     319      247      227      302      0        286      298      143      116      128      
6        2520     107      140      60       178      286      0        155      168      174      260      
7        1710     63       276      143      23       298      155      0        155      225      205      
8        1010     176      201      109      162      143      168      155      0        86       93       
9        1770     227      141      118      238      116      174      225      86       0        151      
10       470      247      287      202      202      128      260      205      93       151      0        
;

