

sets
i        orders          /0*10/
k        routes          /1*10/
p        positions       /0*10/
;

alias(i,j)
alias(i,h)
alias(i,hh)
alias(i,jj)
alias(k,kk)
                            Parameters

rho(i)	Processing time
/
0	0
1	88
2	67
3	24
4	87
5	90
6	77
7	3
8	34
9	75
10	81
/

gamma(i)	Duedate
/
0	0
1	44
2	25
3	98
4	8
5	36
6	33
7	82
8	50
9	31
10	22
/

sigma(i)	Size
/
0	0
1	3
2	2
3	8
4	6
5	6
6	5
7	2
8	1
9	9
10	7
/

epsilon(i)	Priority
/
0	0
1	3
2	8
3	9
4	5
5	1
6	6
7	2
8	2
9	6
10	1
/

psi	Vehicle Capacity
/ 60 /
;

Table kappa(i,j)                 Setup
         0        1        2        3        4        5        6        7        8        9        10       
0        0        101      91       98       105      96       51       27       88       54       20       
1        101      0        64       9        55       78       53       74       125      120      110      
2        91       64       0        55       19       13       48       70       67       78       86       
3        98       9        55       0        46       68       48       71       117      114      105      
4        105      55       19       46       0        27       57       81       85       97       103      
5        96       78       13       68       27       0        58       78       58       75       89       
6        51       53       48       48       57       58       0        25       83       69       56       
7        27       74       70       71       81       78       25       0        86       61       38       
8        88       125      67       117      85       58       83       86       0        38       70       
9        54       120      78       114      97       75       69       61       38       0        34       
10       20       110      86       105      103      89       56       38       70       34       0        
;



Table delta(i,j)                 Distance
         0        1        2        3        4        5        6        7        8        9        10       
0        0        2680     2040     3030     1730     3070     2990     800      2880     1420     2160     
1        2680     0        75       131      103      202      192      217      95       150      275      
2        2040     75       0        181      75       166      156      170      148      75       205      
3        3030     131      181      0        142      332      323      228      35       237      384      
4        1730     103      75       142      0        240      229      114      119      99       250      
5        3070     202      166      332      240      0        10       308      297      174      154      
6        2990     192      156      323      229      10       0        299      287      165      153      
7        800      217      170      228      114      308      299      0        217      134      257      
8        2880     95       148      35       119      297      287      217      0        209      353      
9        1420     150      75       237      99       174      165      134      209      0        151      
10       2160     275      205      384      250      154      153      257      353      151      0        
;

