

sets
i        orders          /0*10/
k        routes          /1*10/
p        positions       /0*10/
;

alias(i,j)
alias(i,h)
alias(i,hh)
alias(i,jj)
alias(k,kk)
                            Parameters

rho(i)	Processing time
/
0	0
1	30
2	51
3	43
4	68
5	19
6	2
7	23
8	39
9	69
10	12
/

gamma(i)	Duedate
/
0	0
1	7
2	50
3	39
4	92
5	76
6	48
7	75
8	90
9	34
10	12
/

sigma(i)	Size
/
0	0
1	4
2	9
3	8
4	2
5	9
6	2
7	4
8	2
9	7
10	7
/

epsilon(i)	Priority
/
0	0
1	1
2	4
3	3
4	6
5	8
6	9
7	5
8	5
9	8
10	8
/

psi	Vehicle Capacity
/ 22 /
;

Table kappa(i,j)                 Setup
         0        1        2        3        4        5        6        7        8        9        10       
0        0        27       39       58       61       13       33       58       36       52       67       
1        27       0        64       86       86       40       59       63       18       78       93       
2        39       64       0        33       58       26       38       87       75       44       29       
3        58       86       33       0        35       46       33       85       92       23       27       
4        61       86       58       35       0        56       28       59       84       13       62       
5        13       40       26       46       56       0        28       66       49       44       54       
6        33       59       38       33       28       28       0        52       60       19       54       
7        58       63       87       85       59       66       52       0        50       63       107      
8        36       18       75       92       84       49       60       50       0        79       103      
9        52       78       44       23       13       44       19       63       79       0        50       
10       67       93       29       27       62       54       54       107      103      50       0        
;



Table delta(i,j)                 Distance
         0        1        2        3        4        5        6        7        8        9        10       
0        0        1710     450      1470     1590     2160     930      1860     2310     2580     1860     
1        1710     0        72       10       55       37       51       73       42       29       33       
2        450      72       0        64       60       85       42       65       89       101      76       
3        1470     10       64       0        46       33       48       64       39       37       39       
4        1590     55       60       46       0        37       75       18       38       74       83       
5        2160     37       85       33       37       0        81       53       5        42       70       
6        930      51       42       48       75       81       0        89       86       77       39       
7        1860     73       65       64       18       53       89       0        53       92       101      
8        2310     42       89       39       38       5        86       53       0        45       75       
9        2580     29       101      37       74       42       77       92       45       0        47       
10       1860     33       76       39       83       70       39       101      75       47       0        
;

