

sets
i        orders          /0*40/
k        routes          /1*40/
p        positions       /0*40/
;

alias(i,j)
alias(i,h)
alias(i,hh)
alias(i,jj)
alias(k,kk)
                            Parameters

rho(i)	Processing time
/
0	0
1	64
2	31
3	75
4	23
5	32
6	18
7	37
8	54
9	36
10	40
11	71
12	78
13	87
14	98
15	50
16	91
17	96
18	59
19	70
20	66
21	58
22	5
23	80
24	44
25	99
26	52
27	21
28	54
29	33
30	76
31	63
32	1
33	55
34	38
35	49
36	13
37	51
38	50
39	63
40	33
/

gamma(i)	Duedate
/
0	0
1	91
2	29
3	81
4	37
5	31
6	91
7	44
8	31
9	82
10	60
11	75
12	85
13	35
14	66
15	44
16	90
17	21
18	7
19	74
20	73
21	93
22	86
23	38
24	78
25	94
26	79
27	93
28	2
29	17
30	89
31	61
32	86
33	38
34	21
35	21
36	84
37	5
38	80
39	63
40	93
/

sigma(i)	Size
/
0	0
1	8
2	2
3	4
4	1
5	3
6	8
7	7
8	5
9	8
10	4
11	4
12	7
13	2
14	8
15	7
16	5
17	1
18	9
19	4
20	4
21	1
22	2
23	5
24	3
25	4
26	1
27	1
28	6
29	6
30	1
31	8
32	9
33	9
34	9
35	7
36	2
37	7
38	4
39	7
40	1
/

epsilon(i)	Priority
/
0	0
1	4
2	7
3	7
4	2
5	2
6	1
7	9
8	3
9	3
10	1
11	1
12	8
13	3
14	5
15	5
16	8
17	1
18	5
19	7
20	6
21	9
22	2
23	4
24	7
25	8
26	7
27	3
28	9
29	3
30	1
31	1
32	6
33	7
34	2
35	8
36	7
37	4
38	9
39	2
40	2
/

psi	Vehicle Capacity
/ 51 /
;

Table kappa(i,j)                 Setup
         0        1        2        3        4        5        6        7        8        9        10       11       12       13       14       15       16       17       18       19       20       21       22       23       24       25       26       27       28       29       30       31       32       33       34       35       36       37       38       39       40       
0        0        2175     1747     1652     2281     1394     753      1311     2740     1256     404      1919     860      2186     2007     3390     1567     1249     1855     2182     2974     3066     2297     1829     1144     1932     3582     1894     1727     2412     1222     2208     2060     2025     929      1042     1343     3624     1377     1496     1434     
1        2175     0        450      1232     1126     1276     1913     2129     2998     2452     2218     3113     1696     745      203      3370     1102     1041     377      2760     801      2984     609      799      3065     3946     3459     2435     1810     1937     959      1464     2503     992      1766     1490     2781     3258     3378     1358     910      
2        1747     450      0        1120     1261     1072     1464     1884     2936     2170     1771     2870     1248     687      352      3384     956      593      119      2618     1231     2996     674      776      2695     3569     3499     2276     1459     1972     563      1516     2371     797      1322     1191     2480     3345     2999     1190     478      
3        1652     1232     1120     0        652      257      1865     974      1815     1337     1913     1920     1730     1804     1037     2284     173      1298     1213     1529     1893     1899     1756     443      2139     3001     2415     1203     2349     929      859      578      1274     1901     1845     614      1686     2308     2468     187      1354     
4        2281     1126     1261     652      0        897      2391     1556     1968     1929     2508     2417     2224     1848     999      2264     714      1670     1304     1869     1536     1884     1733     540      2777     3627     2341     1604     2686     845      1286     392      1613     2040     2330     1258     2277     2132     3105     835      1657     
5        1394     1276     1072     257      897      0        1627     854      1907     1192     1658     1836     1504     1758     1073     2426     213      1132     1179     1547     2000     2047     1738     563      1933     2805     2572     1205     2172     1137     693      829      1305     1812     1620     361      1534     2496     2260     149      1217     
6        753      1913     1464     1865     2391     1627     0        1888     3309     1931     455      2635     222      1684     1797     3923     1724     871      1542     2792     2661     3570     1839     1864     1886     2622     4097     2471     982      2757     1118     2442     2627     1452     209      1363     2072     4080     2091     1766     1018     
7        1311     2129     1884     974      1556     854      1888     0        1434     373      1699     987      1862     2551     1926     2078     1047     1763     1998     904      2850     1759     2559     1398     1273     2084     2270     587      2692     1272     1391     1284     751      2550     1974     713      720      2331     1593     801      1903     
8        2740     2998     2936     1815     1968     1907     3309     1434     0        1540     3132     1277     3260     3619     2820     675      1981     3027     3027     589      3505     490      3560     2207     2349     2871     888      846      4039     1140     2596     1578     683      3710     3375     2002     1671     1088     2584     1767     3124     
9        1256     2452     2170     1337     1929     1192     1931     373      1540     0        1660     737      1947     2815     2248     2211     1396     1968     2287     956      3193     1934     2842     1749     934      1716     2418     737      2814     1603     1642     1653     900      2782     2051     979      349      2533     1243     1158     2125     
10       404      2218     1771     1913     2508     1658     455      1699     3132     1660     0        2318     640      2091     2075     3776     1802     1203     1865     2581     2998     3444     2230     2014     1465     2170     3964     2286     1425     2736     1319     2487     2450     1881     663      1332     1740     3990     1648     1778     1376     
11       1919     3113     2870     1920     2417     1836     2635     987      1277     737      2318     0        2669     3531     2910     1922     2019     2702     2985     764      3814     1758     3545     2359     1155     1594     2141     847      3543     1856     2362     2072     919      3512     2768     1687     581      2365     1337     1765     2856     
12       860      1696     1248     1730     2224     1504     222      1862     3260     1947     640      2669     0        1467     1586     3856     1580     655      1323     2765     2439     3494     1619     1689     2004     2775     4023     2434     882      2641     939      2301     2584     1243     117      1276     2123     3985     2231     1648     797      
13       2186     745      687      1804     1848     1758     1684     2551     3619     2815     2091     3531     1467     0        849      4048     1643     941      591      3305     1131     3659     202      1430     3242     4094     4152     2963     1228     2622     1173     2154     3059     314      1489     1844     3108     3974     3525     1878     756      
14       2007     203      352      1037     999      1073     1797     1926     2820     2248     2075     2910     1586     849      0        3213     902      934      335      2567     986      2826     749      614      2871     3752     3311     2238     1798     1782     785      1310     2311     1051     1666     1288     2578     3125     3186     1157     830      
15       3390     3370     3384     2284     2264     2426     3923     2078     675      2211     3776     1922     3856     4048     3213     0        2457     3559     3462     1264     3761     388      3963     2617     3020     3504     219      1499     4595     1432     3119     1906     1332     4177     3973     2581     2345     549      3247     2279     3634     
16       1567     1102     956      173      714      213      1724     1047     1981     1396     1802     2019     1580     1643     902      2457     0        1128     1053     1673     1802     2071     1603     353      2146     3019     2588     1339     2179     1098     690      720      1421     1731     1693     559      1740     2479     2473     255      1181     
17       1249     1041     593      1298     1670     1132     871      1763     3027     1968     1203     2702     655      941      934      3559     1128     0        672      2612     1799     3179     1048     1131     2307     3153     3702     2265     1050     2226     441      1823     2392     827      732      1060     2228     3607     2585     1280     185      
18       1855     377      119      1213     1304     1179     1542     1998     3027     2287     1865     2985     1323     591      335      3462     1053     672      0        2721     1132     3074     561      846      2813     3686     3572     2382     1464     2042     681      1580     2473     736      1390     1308     2598     3407     3116     1293     533      
19       2182     2760     2618     1529     1869     1547     2792     904      589      956      2581     764      2765     3305     2567     1264     1673     2612     2721     0        3369     1029     3276     1963     1767     2343     1476     347      3582     1170     2202     1487     259      3353     2877     1555     1086     1641     2015     1428     2731     
20       2974     801      1231     1893     1536     2000     2661     2850     3505     3193     2998     3814     2439     1131     986      3761     1802     1799     1132     3369     0        3391     928      1454     3855     4737     3809     3070     2358     2374     1760     1927     3109     1445     2494     2260     3532     3539     4172     2051     1642     
21       3066     2984     2996     1899     1884     2047     3570     1759     490      1934     3444     1758     3494     3659     2826     388      2071     3179     3074     1029     3391     0        3575     2229     2793     3353     528      1200     4219     1046     2738     1520     1034     3789     3611     2217     2110     611      3044     1899     3250     
22       2297     609      674      1756     1733     1738     1839     2559     3560     2842     2230     3545     1619     202      749      3963     1603     1048     561      3276     928      3575     0        1355     3321     4184     4059     2938     1430     2531     1211     2059     3025     516      1651     1863     3147     3865     3613     1848     865      
23       1829     799      776      443      540      563      1864     1398     2207     1749     2014     2359     1689     1430     614      2617     353      1131     846      1963     1454     2229     1355     0        2489     3365     2726     1642     2157     1196     750      739      1705     1573     1794     883      2094     2568     2816     597      1128     
24       1144     3065     2695     2139     2777     1933     1886     1273     2349     934      1465     1155     2004     3242     2871     3020     2146     2307     2813     1767     3855     2793     3321     2489     0        882      3236     1638     2868     2536     2132     2547     1788     3122     2071     1612     683      3403     328      1951     2490     
25       1932     3946     3569     3001     3627     2805     2622     2084     2871     1716     2170     1594     2775     4094     3752     3504     3019     3153     3686     2343     4737     3353     4184     3365     882      0        3723     2319     3596     3295     3007     3369     2441     3953     2823     2492     1387     3960     570      2814     3338     
26       3582     3459     3499     2415     2341     2572     4097     2270     888      2418     3964     2141     4023     4152     3311     219      2588     3702     3572     1476     3809     528      4059     2726     3236     3723     0        1698     4745     1530     3261     2000     1530     4295     4140     2746     2559     402      3466     2423     3769     
27       1894     2435     2276     1203     1604     1205     2471     587      846      737      2286     847      2434     2963     2238     1499     1339     2265     2382     347      3070     1200     2938     1642     1638     2319     1698     0        3241     1012     1855     1240     167      3007     2547     1210     964      1795     1921     1090     2384     
28       1727     1810     1459     2349     2686     2172     982      2692     4039     2814     1425     3543     882      1228     1798     4595     2179     1050     1464     3582     2358     4219     1430     2157     2868     3596     4745     3241     0        3277     1490     2869     3381     915      799      2038     3003     4657     3072     2321     1029     
29       2412     1937     1972     929      845      1137     2757     1272     1140     1603     2736     1856     2641     2622     1782     1432     1098     2226     2042     1170     2374     1046     2531     1196     2536     3295     1530     1012     3277     0        1788     473      947      2769     2757     1409     1910     1384     2846     992      2271     
30       1222     959      563      859      1286     693      1118     1391     2596     1642     1319     2362     939      1173     785      3119     690      441      681      2202     1760     2738     1211     750      2132     3007     3261     1855     1490     1788     0        1398     1973     1161     1044     677      1937     3167     2437     840      529      
31       2208     1464     1516     578      392      829      2442     1284     1578     1653     2487     2072     2301     2154     1310     1906     720      1823     1580     1487     1927     1520     2059     739      2547     3369     2000     1240     2869     473      1398     0        1234     2312     2414     1166     1993     1828     2871     712      1848     
32       2060     2503     2371     1274     1613     1305     2627     751      683      900      2450     919      2584     3059     2311     1332     1421     2392     2473     259      3109     1034     3025     1705     1788     2441     1530     167      3381     947      1973     1234     0        3117     2699     1344     1108     1632     2063     1180     2503     
33       2025     992      797      1901     2040     1812     1452     2550     3710     2782     1881     3512     1243     314      1051     4177     1731     827      736      3353     1445     3789     516      1573     3122     3953     4295     3007     915      2769     1161     2312     3117     0        1248     1837     3053     4141     3390     1946     658      
34       929      1766     1322     1845     2330     1620     209      1974     3375     2051     663      2768     117      1489     1666     3973     1693     732      1390     2877     2494     3611     1651     1794     2071     2823     4140     2547     799      2757     1044     2414     2699     1248     0        1394     2216     4102     2287     1765     858      
35       1042     1490     1191     614      1258     361      1363     713      2002     979      1332     1687     1276     1844     1288     2581     559      1060     1308     1555     2260     2217     1863     883      1612     2492     2746     1210     2038     1409     677      1166     1344     1837     1394     0        1295     2716     1936     453      1191     
36       1343     2781     2480     1686     2277     1534     2072     720      1671     349      1740     581      2123     3108     2578     2345     1740     2228     2598     1086     3532     2110     3147     2094     683      1387     2559     964      3003     1910     1937     1993     1108     3053     2216     1295     0        2720     957      1506     2395     
37       3624     3258     3345     2308     2132     2496     4080     2331     1088     2533     3990     2365     3985     3974     3125     549      2479     3607     3407     1641     3539     611      3865     2568     3403     3960     402      1795     4657     1384     3167     1828     1632     4141     4102     2716     2720     0        3656     2347     3655     
38       1377     3378     2999     2468     3105     2260     2091     1593     2584     1243     1648     1337     2231     3525     3186     3247     2473     2585     3116     2015     4172     3044     3613     2816     328      570      3466     1921     3072     2846     2437     2871     2063     3390     2287     1936     957      3656     0        2280     2770     
39       1496     1358     1190     187      835      149      1766     801      1767     1158     1778     1765     1648     1878     1157     2279     255      1280     1293     1428     2051     1899     1848     597      1951     2814     2423     1090     2321     992      840      712      1180     1946     1765     453      1506     2347     2280     0        1361     
40       1434     910      478      1354     1657     1217     1018     1903     3124     2125     1376     2856     797      756      830      3634     1181     185      533      2731     1642     3250     865      1128     2490     3338     3769     2384     1029     2271     529      1848     2503     658      858      1191     2395     3655     2770     1361     0        
;



Table delta(i,j)                 Distance
         0        1        2        3        4        5        6        7        8        9        10       11       12       13       14       15       16       17       18       19       20       21       22       23       24       25       26       27       28       29       30       31       32       33       34       35       36       37       38       39       40       
0        0        43       179      162      44       67       177      114      111      93       111      31       61       52       79       116      172      163      17       72       63       119      146      170      99       18       16       96       75       130      107      91       203      89       57       166      110      114      25       80       144      
1        43       0        142      127      63       81       139      71       80       52       89       49       18       26       36       124      137      122      34       69       88       85       108      128      77       57       31       53       48       97       117      82       169      103      25       128      68       77       18       74       101      
2        179      142      0        165      165      220      8        112      163      92       186      191      131      126      109      254      10       122      162      200      230      156      145      50       179      185      163      100      161      162      251      203      194      240      121      149      120      64       156      127      65       
3        162      127      165      0        190      143      157      68       53       112      66       145      110      144      109      144      168      45       160      114      164      43       22       118      72       180      156      96       87       33       148      100      41       151      136      19       65       135      142      189      100      
4        44       63       165      190      0        111      165      130      143      96       148      75       79       50       88       160      157      181      33       115      105      148      171      170      136      33       37       106      109      160      151      133      232      132      59       190      129      106      50       45       147      
5        67       81       220      143      111      0        216      124      92       128      78       37       88       105      111      49       216      163      82       29       21       104      136      197      71       81       78       121      66       111      39       45       178      22       106      155      117      157      74       145      169      
6        177      139      8        157      165      216      0        105      157      88       180      188      127      124      105      249      16       114      161      195      226      149      137      42       174      184      161      95       156      155      246      198      186      236      119      141      113      62       154      128      58       
7        114      71       112      68       130      124      105      0        51       44       74       109      53       80       43       148      112      50       105      98       140      44       46       76       69       129      103      28       57       52       147      96       108      141      73       62       8        68       89       122      48       
8        111      80       163      53       143      92       157      51       0        85       23       92       67       102      75       102      163      73       110      63       112      12       44       125      22       129      107      70       35       19       104      52       92       102      96       63       43       114      93       150      99       
9        93       52       92       112      96       128      88       44       85       0        104      101      39       46       17       164      88       89       80       109      138      83       90       77       95       105      79       16       72       93       159      114      152      148      38       106      48       30       69       79       51       
10       111      89       186      66       148      78       180      74       23       104      0        87       79       113      91       81       185      94       114      50       99       34       63       149      12       130      110      90       40       35       83       34       100      85       108      80       66       134      97       162      122      
11       31       49       191      145      75       37       188      109      92       101      87       0        62       70       84       85       186      154      44       43       38       102      132      175      76       46       41       98       58       112      76       63       184      59       72       153      103      127      38       107      147      
12       61       18       131      110      79       88       127      53       67       39       79       62       0        35       22       126      127      103      52       71       99       70       91       113      68       76       49       36       40       81       121      80       152      109      29       110      50       68       36       83       85       
13       52       26       126      144      50       105      124      80       102      46       113      70       35       0        37       150      119      131      36       96       109      105      123      122      101      60       36       55       73       116      143      109      185      127      8        142      80       62       32       48       97       
14       79       36       109      109      88       111      105      43       75       17       91       84       22       37       0        147      105      93       66       92       121      74       88       92       82       91       65       18       56       85       143      98       150      131      29       105      44       47       54       79       65       
15       116      124      254      144      160      49       249      148      102      164      81       85       126      150      147      0        252      175      130      55       61       114      144      224      80       130      126      154      93       117      11       52       170      30       149      160      140      194      120      192      196      
16       172      137      10       168      157      216      16       112      163      88       185      186      127      119      105      252      0        127      156      197      225      156      148      56       178      178      156      98       159      163      248      201      199      237      115      153      120      59       150      118      68       
17       163      122      122      45       181      163      114      50       73       89       94       154      103      131      93       175      127      0        156      134      182      61       32       73       96       179      153      76       98       59       177      125      72       175      123      27       53       103      139      169      60       
18       17       34       162      160      33       82       161      105      110      80       114      44       52       36       66       130      156      156      0        82       80       117      142      157      102      25       4        84       76       128      121      99       201      104      42       162      102      98       17       63       131      
19       72       69       200      114      115      29       195      98       63       109      50       43       71       96       92       55       197      134      82       0        49       75       107      173      41       89       78       100      40       81       50       20       150      42       94       126      90       139      69       141      144      
20       63       88       230      164      105      21       226      140      112      138      99       38       99       109      121      61       225      182      80       49       0        123      155      211      91       72       77       134      84       131      50       66       199      31       111      175      133      165      77       143      182      
21       119      85       156      43       148      104      149      44       12       83       34       102      70       105      74       114      156      61       117      75       123      0        32       116      34       137      113      67       44       11       116      64       84       114      98       51       37       110      99       152      91       
22       146      108      145      22       171      136      137      46       44       90       63       132      91       123      88       144      148      32       142      107      155      32       0        99       66       163      139      74       74       27       146      95       62       146      116      20       43       112      124      167      79       
23       170      128      50       118      170      197      42       76       125      77       149      175      113      122      92       224      56       73       157      173      211      116      99       0        145      182      156      77       132      120      222      172      144      215      115      100      84       65       146      141      28       
24       99       77       179      72       136      71       174      69       22       95       12       76       68       101      82       80       178      96       102      41       91       34       66       145      0        118      98       81       28       40       81       29       109      80       97       85       60       126      85       150      118      
25       18       57       185      180      33       81       184      129      129      105      130      46       76       60       91       130      178      179      25       89       72       137      163      182      118      0        26       109      94       148      120      109      221      101      67       184      126      122      39       75       156      
26       16       31       163      156      37       78       161      103      107      79       110      41       49       36       65       126      156      153      4        78       77       113      139      156      98       26       0        83       72       125      117      95       198      100      42       159      100      98       14       66       130      
27       96       53       100      96       106      121      95       28       70       16       90       98       36       55       18       154      98       76       84       100      134      67       74       77       81       109      83       0        60       77       150      103      137      141      47       90       32       44       71       94       49       
28       75       48       161      87       109      66       156      57       35       72       40       58       40       73       56       93       159      98       76       40       84       44       74       132      28       94       72       60       0        54       90       42       128      83       69       94       50       103      58       122      104      
29       130      97       162      33       160      111      155      52       19       93       35       112      81       116      85       117      163      59       128      81       131      11       27       120      40       148      125      77       54       0        119      69       73       120      110      45       46       120      111      164      97       
30       107      117      251      148      151      39       246      147      104      159      83       76       121      143      143      11       248      177      121      50       50       116      146      222      81       120      117      150      90       119      0        52       176      19       142      163      138      190      112      184      194      
31       91       82       203      100      133      45       198      96       52       114      34       63       80       109      98       52       201      125      99       20       66       64       95       172      29       109      95       103      42       69       52       0        133      51       106      114      87       145      85       156      144      
32       203      169      194      41       232      178      186      108      92       152      100      184      152      185      150      170      199      72       201      150      199      84       62       144      109      221      198      137      128      73       176      133      0        182      178      47       106      172      183      230      132      
33       89       103      240      151      132      22       236      141      102      148      85       59       109      127      131      30       237      175      104      42       31       114      146      215      80       101      100      141      83       120      19       51       182      0        128      165      133      178      96       167      187      
34       57       25       121      136      59       106      119      73       96       38       108      72       29       8        29       149      115      123      42       94       111      98       116      115      97       67       42       47       69       110      142      106      178      128      0        134      72       56       35       54       89       
35       166      128      149      19       190      155      141      62       63       106      80       153      110      142      105      160      153      27       162      126      175      51       20       100      85       184      159      90       94       45       163      114      47       165      134      0        61       124      145      185      86       
36       110      68       120      65       129      117      113      8        43       48       66       103      50       80       44       140      120      53       102      90       133      37       43       84       60       126      100      32       50       46       138      87       106      133      72       61       0        74       86       124      57       
37       114      77       64       135      106      157      62       68       114      30       134      127      68       62       47       194      59       103      98       139      165      110      112      65       126      122      98       44       103      120      190      145      172      178      56       124      74       0        91       76       48       
38       25       18       156      142      50       74       154      89       93       69       97       38       36       32       54       120      150      139      17       69       77       99       124      146      85       39       14       71       58       111      112      85       183      96       35       145      86       91       0        72       119      
39       80       74       127      189      45       145      128      122      150      79       162      107      83       48       79       192      118      169      63       141      143      152      167      141      150      75       66       94       122      164      184      156      230      167      54       185      124      76       72       0        123      
40       144      101      65       100      147      169      58       48       99       51       122      147      85       97       65       196      68       60       131      144      182      91       79       28       118      156      130      49       104      97       194      144      132      187      89       86       57       48       119      123      0        
;

