
sets
i        orders          /0*20/
k        routes          /1*20/
p        positions       /0*20/
;

alias(i,j)
alias(i,h)
alias(i,hh)
alias(i,jj)
alias(k,kk)
                
                    Parameters

rho(i)	Processing time
/
0	0
1	83
2	51
3	19
4	85
5	57
6	36
7	17
8	59
9	40
10	87
11	78
12	11
13	69
14	13
15	28
16	22
17	52
18	94
19	57
20	32
/

gamma(i)	Duedate
/
0	0
1	42
2	23
3	54
4	20
5	95
6	97
7	8
8	72
9	46
10	39
11	77
12	88
13	85
14	37
15	71
16	87
17	96
18	90
19	18
20	39
/

sigma(i)	Size
/
0	0
1	8
2	7
3	1
4	8
5	6
6	4
7	7
8	2
9	4
10	7
11	6
12	2
13	2
14	6
15	2
16	2
17	2
18	6
19	5
20	2
/

epsilon(i)	Priority
/
0	0
1	1
2	4
3	6
4	5
5	7
6	1
7	6
8	8
9	6
10	8
11	7
12	4
13	1
14	5
15	3
16	8
17	2
18	7
19	8
20	8
/

psi	Vehicle Capacity
/ 14 /
;

Table kappa(i,j)                 Setup
         0        1        2        3        4        5        6        7        8        9        10       11       12       13       14       15       16       17       18       19       20       
0        0        70       131      70       191      165      52       138      47       24       21       10       49       120      94       128      75       41       65       31       99       
1        70       0        63       138      171      163      39       113      118      84       91       74       21       55       149      173      8        108      58       83       112      
2        131      63       0        201      202      207      84       148      177      147      150      136      83       13       213      236      56       164      117      146      168      
3        70       138      201      0        210      170      122      169      34       55       53       64       118      190      45       86       144      54       110      59       109      
4        191      171      202      210      0        49       204      58       220      178      205      185      176      204      178      160      178      227      128      169      101      
5        165      163      207      170      49       0        189      62       185      147      174      156      162      206      134      111      171      195      109      138      66       
6        52       39       84       122      204      189      0        146      95       74       69       60       27       72       145      176      38       80       80       77       130      
7        138      113      148      169      58       62       146      0        172      128      153      133      118      149      147      141      120      176      72       119      65       
8        47       118      177      34       220      185      95       172      0        44       26       46       96       166      76       117      123      20       104      52       120      
9        24       84       147      55       178      147      74       128      44       0        27       14       64       137      70       104      90       48       59       9        81       
10       21       91       150      53       205      174      69       153      26       27       0        21       69       139      85       123      96       22       82       36       108      
11       10       74       136      64       185      156      60       133      46       14       21       0        53       126      85       118      80       43       61       21       91       
12       49       21       83       118      176      162      27       118      96       64       69       53       0        73       132      159      26       87       53       64       105      
13       120      55       13       190      204      206      72       149      166      137      139      126      73       0        205      229      47       152      111      137      163      
14       94       149      213      45       178      134      145      147      76       70       85       85       132      205      0        41       157      95       104      68       82       
15       128      173      236      86       160      111      176      141      117      104      123      118      159      229      41       0        182      135      120      99       79       
16       75       8        56       144      178      171      38       120      123      90       96       80       26       47       157      182      0        112      67       90       120      
17       41       108      164      54       227      195      80       176      20       48       22       43       87       152      95       135      112      0        105      57       129      
18       65       58       117      110      128      109      80       72       104      59       82       61       53       111      104      120      67       105      0        52       53       
19       31       83       146      59       169      138      77       119      52       9        36       21       64       137      68       99       90       57       52       0        72       
20       99       112      168      109      101      66       130      65       120      81       108      91       105      163      82       79       120      129      53       72       0        
;



Table delta(i,j)                 Distance
         0        1        2        3        4        5        6        7        8        9        10       11       12       13       14       15       16       17       18       19       20       
0        0        1950     3910     3750     3870     3730     3030     2460     1070     1380     1840     2920     980      1710     3670     710      2890     1420     340      2700     2820     
1        1950     0        238      222      214      177      135      68       90       145      132      308      167      66       350      130      123      159      213      225      121      
2        3910     238      0        16       54       178      103      170      310      383      215      287      399      224      268      348      115      397      391      193      117      
3        3750     222      16       0        52       172      88       154      293      367      199      278      382      207      264      331      99       381      375      182      101      
4        3870     214      54       52       0        125      83       147      296      359      224      324      381      216      315      335      98       373      392      225      104      
5        3730     177      178      172      125      0        124      138      267      301      258      405      335      216      415      307      133      313      389      304      142      
6        3030     135      103      88       83       124      0        67       212      280      149      281      299      132      292      252      15       294      310      180      22       
7        2460     68       170      154      147      138      67       0        149      213      123      286      233      80       315      189      55       227      257      191      55       
8        1070     90       310      293      296      267      212      149      0        90       137      298      90       89       358      41       198      103      130      239      194      
9        1380     145      383      367      359      301      280      213      90       0        227      386      45       173      448      82       268      14       172      330      266      
10       1840     132      215      199      224      258      149      123      137      227      0        175      222      67       224      161      135      241      178      102      126      
11       2920     308      287      278      324      405      281      286      298      386      175      0        368      242      81       307      272      397      267      101      263      
12       980      167      399      382      381      335      299      233      90       45       222      368      0        179      435      61       285      46       132      322      282      
13       1710     66       224      207      216      216      132      80       89       173      67       242      179      0        289      124      117      187      178      164      111      
14       3670     350      268      264      315      415      292      315      358      448      224      81       435      289      0        373      287      460      344      125      279      
15       710      130      348      331      335      307      252      189      41       82       161      307      61       124      373      0        238      91       99       261      233      
16       2890     123      115      99       98       133      15       55       198      268      135      272      285      117      287      238      0        282      295      172      9        
17       1420     159      397      381      373      313      294      227      103      14       241      397      46       187      460      91       282      0        177      343      280      
18       340      213      391      375      392      389      310      257      130      172      178      267      132      178      344      99       295      177      0        255      288      
19       2700     225      193      182      225      304      180      191      239      330      102      101      322      164      125      261      172      343      255      0        163      
20       2820     121      117      101      104      142      22       55       194      266      126      263      282      111      279      233      9        280      288      163      0        
;

