
sets
i        orders          /0*80/
k        routes          /1*80/
p        positions       /0*80/
;

alias(i,j)
alias(i,h)
alias(i,hh)
alias(i,jj)
alias(k,kk)
                
                    Parameters

rho(i)	Processing time
/
0	0
1	91
2	49
3	57
4	20
5	24
6	42
7	68
8	31
9	21
10	10
11	79
12	45
13	9
14	57
15	81
16	85
17	91
18	4
19	66
20	50
21	34
22	35
23	80
24	42
25	62
26	98
27	85
28	30
29	96
30	43
31	91
32	64
33	68
34	49
35	63
36	95
37	9
38	10
39	73
40	56
41	46
42	8
43	15
44	58
45	89
46	50
47	75
48	58
49	5
50	83
51	47
52	86
53	64
54	59
55	72
56	47
57	33
58	91
59	79
60	87
61	91
62	4
63	51
64	9
65	48
66	3
67	26
68	57
69	74
70	29
71	50
72	31
73	99
74	43
75	97
76	79
77	26
78	52
79	9
80	10
/

gamma(i)	Duedate
/
0	0
1	70
2	5
3	45
4	68
5	42
6	55
7	69
8	94
9	97
10	92
11	56
12	88
13	52
14	64
15	65
16	11
17	85
18	33
19	60
20	20
21	64
22	36
23	68
24	24
25	27
26	64
27	40
28	33
29	97
30	14
31	88
32	79
33	51
34	47
35	92
36	68
37	32
38	55
39	69
40	95
41	88
42	47
43	31
44	62
45	42
46	94
47	81
48	91
49	64
50	87
51	46
52	24
53	18
54	12
55	83
56	77
57	26
58	51
59	75
60	83
61	19
62	16
63	5
64	68
65	17
66	1
67	36
68	36
69	75
70	57
71	35
72	19
73	49
74	53
75	52
76	55
77	45
78	37
79	54
80	29
/

sigma(i)	Size
/
0	0
1	7
2	7
3	8
4	8
5	1
6	1
7	7
8	5
9	4
10	7
11	6
12	1
13	8
14	7
15	8
16	7
17	4
18	8
19	5
20	7
21	5
22	6
23	9
24	7
25	5
26	5
27	3
28	4
29	3
30	9
31	5
32	2
33	1
34	8
35	5
36	3
37	3
38	7
39	9
40	8
41	9
42	7
43	7
44	8
45	4
46	2
47	7
48	6
49	1
50	8
51	3
52	7
53	2
54	5
55	3
56	3
57	2
58	4
59	8
60	1
61	5
62	1
63	6
64	7
65	2
66	8
67	4
68	2
69	2
70	1
71	2
72	1
73	9
74	5
75	3
76	3
77	3
78	4
79	3
80	4
/

epsilon(i)	Priority
/
0	0
1	9
2	9
3	6
4	8
5	9
6	3
7	9
8	6
9	1
10	1
11	9
12	3
13	1
14	1
15	7
16	5
17	3
18	5
19	5
20	7
21	8
22	7
23	4
24	7
25	5
26	9
27	6
28	4
29	8
30	7
31	7
32	4
33	1
34	9
35	4
36	5
37	7
38	4
39	8
40	3
41	3
42	2
43	4
44	6
45	4
46	9
47	6
48	1
49	5
50	9
51	1
52	3
53	2
54	8
55	2
56	1
57	9
58	1
59	6
60	1
61	8
62	1
63	9
64	1
65	5
66	7
67	6
68	1
69	5
70	6
71	3
72	2
73	9
74	7
75	4
76	5
77	4
78	5
79	9
80	8
/

psi	Vehicle Capacity
/ 26 /
;

Table kappa(i,j)                 Setup
         0        1        2        3        4        5        6        7        8        9        10       11       12       13       14       15       16       17       18       19       20       21       22       23       24       25       26       27       28       29       30       31       32       33       34       35       36       37       38       39       40       41       42       43       44       45       46       47       48       49       50       51       52       53       54       55       56       57       58       59       60       61       62       63       64       65       66       67       68       69       70       71       72       73       74       75       76       77       78       79       80       
0        0        847      886      662      971      1002     763      792      1198     1197     1384     295      923      649      712      979      940      1131     456      819      779      1111     1199     650      620      126      264      746      492      238      1343     914      1152     1456     397      1205     1123     1009     1122     888      1174     589      327      631      866      432      1127     779      1078     464      551      648      959      1319     919      402      590      834      890      707      887      587      826      629      929      1234     785      197      523      410      664      556      1197     509      581      370      1085     811      1115     1186     75       
1        847      0        837      211      713      165      1077     857      711      702      791      1037     122      941      391      604      610      328      940      705      963      352      445      364      238      965      629      1046     1109     956      810      757      598      898      864      503      428      1442     536      1205     607      747      528      591      28       1238     281      339      523      480      1108     337      743      890      254      1187     259      93       855      597      594      1031     38       622      237      816      574      843      567      738      635      654      462      881      793      1184     256      553      358      843      797      
2        886      837      0        859      215      968      391      121      1534     1526     712      807      959      344      451      1382     1371     850      536      1378     239      775      1270     502      825      992      911      367      693      1121     627      113      550      729      536      1338     1266     717      573      462      571      298      823      1190     827      1286     1017     1089     530      961      632      531      170      526      1082     930      727      747      18       1242     273      502      857      293      1070     460      1270     711      1095     1140     258      341      1292     436      1293     1225     1050     1269     773      372      908      
3        662      211      859      0        783      345      1024     849      688      681      963      883      262      881      418      523      513      538      834      553      934      553      550      358      47       773      426      994      986      750      968      801      751      1065     753      576      492      1379     695      1159     764      696      335      405      237      1036     474      229      670      269      999      328      804      1023     279      1027     138      251      874      428      661      943      179      595      282      943      430      690      363      527      619      601      554      794      592      983      424      420      558      950      605      
4        971      713      215      783      0        820      602      321      1424     1415     504      951      827      534      369      1296     1292     663      697      1330     449      584      1120     439      759      1089     936      577      870      1193     427      103      335      534      677      1197     1130     931      362      677      356      424      833      1156     697      1394     849      1006     322      941      817      465      46       355      967      1087     668      619      232      1198     122      690      739      343      950      275      1212     822      1074     1155     308      419      1145     596      1290     1331     895      1204     581      214      977      
5        1002     165      968      345      820      0        1232     1000     638      628      799      1200     90       1097     535      583      601      278      1104     737      1112     337      302      519      383      1116     771      1200     1274     1094     838      878      642      911      1029     376      314      1597     578      1356     645      904      678      665      158      1381     131      380      578      603      1272     495      856      942      222      1350     420      230      986      652      709      1193     177      774      196      877      608      1006     666      851      784      812      325      1043     878      1328     91       579      343      921      948      
6        763      1077     391      1024     602      1232     0        283      1710     1704     1104     564      1198     144      699      1524     1502     1179     308      1456     153      1113     1523     713      981      831      899      31       379      996      1019     499      932      1119     368      1575     1495     365      947      138      954      331      852      1255     1076     1079     1309     1243     900      1023     300      740      559      909      1290     642      887      1001     377      1322     627      190      1085     457      1285     849      1373     566      1145     1122     451      426      1538     266      1294     1023     1322     1382     1112     757      814      
7        792      857      121      849      321      1000     283      0        1534     1527     825      692      980      222      466      1369     1354     914      417      1344     131      843      1299     501      811      892      844      256      571      1029     744      219      649      847      424      1361     1285     629      665      374      671      206      765      1150     851      1180     1063     1077     619      916      510      530      280      647      1092     811      712      772      114      1207     347      380      872      255      1082     579      1243     609      1049     1075     229      275      1318     320      1234     1119     1086     1245     842      494      820      
8        1198     711      1534     688      1424     638      1710     1534     0        11       1432     1477     603      1566     1082     223      267      903      1495     453      1622     972      419      1034     730      1269     936      1680     1625     1158     1476     1462     1280     1544     1412     326      340      2058     1216     1846     1284     1384     914      581      729      1427     688      466      1214     743      1653     1005     1453     1580     457      1600     826      805      1550     508      1304     1614     684      1282     474      1513     422      1302     679      844      1304     1289     385      1470     742      1395     602      391      978      1550     1124     
9        1197     702      1526     681      1415     628      1704     1527     11       0        1421     1475     593      1560     1075     224      268      892      1491     457      1616     961      408      1027     724      1269     935      1674     1622     1159     1465     1454     1270     1533     1408     314      329      2053     1206     1840     1273     1378     911      582      720      1429     677      461      1204     741      1649     998      1445     1570     448      1599     819      796      1542     510      1296     1610     676      1275     465      1503     423      1299     678      845      1297     1283     373      1465     745      1397     591      391      967      1540     1123     
10       1384     791      712      963      504      799      1104     825      1432     1421     0        1423     858      1038     675      1378     1391     529      1189     1496     951      462      1038     744      964      1509     1273     1079     1367     1577     100      606      232      112      1156     1132     1094     1414     274      1166     212      910      1160     1368     764      1816     747      1130     311      1203     1319     754      545      260      1013     1568     906      717      727      1384     525      1193     829      798      989      273      1366     1269     1320     1455     771      879      1071     1089     1551     1755     830      1344     455      373      1370     
11       295      1037     807      883      951      1200     564      692      1477     1475     1423     0        1132     493      796      1261     1225     1275     277      1112     632      1239     1433     754      836      300      542      557      217      478      1364     870      1202     1476     274      1451     1368     742      1187     667      1225     526      571      921      1050     514      1316     1037     1139     734      292      764      925      1305     1157     153      780      1001     804      997      899      373      1024     625      1163     1226     1072     194      811      705      653      544      1436     371      875      460      1289     1095     1241     1158     369      
12       923      122      959      262      827      90       1198     980      603      593      858      1132     0        1060     513      520      534      351      1052     657      1085     399      325      485      303      1035     687      1167     1216     1008     888      876      683      968      974      381      307      1562     620      1326     690      867      597      577      131      1295     220      294      614      515      1220     458      860      981      156      1280     353      211      976      567      711      1147     114      743      133      912      527      938      576      761      757      774      340      996      789      1243     162      500      405      946      867      
13       649      941      344      881      534      1097     144      222      1566     1560     1038     493      1060     0        570      1380     1358     1061     216      1314     140      999      1385     578      837      730      764      115      350      886      961      435      848      1066     253      1435     1355     501      855      281      870      193      712      1114     941      999      1180     1099     807      881      287      603      496      869      1149     598      744      867      335      1180     533      157      947      327      1144     800      1230     453      1005     990      327      286      1400     140      1160     941      1188     1239     999      716      694      
14       712      391      451      418      369      535      699      466      1082     1075     675      796      513      570      0        937      930      501      621      961      576      451      833      75       390      838      607      668      804      902      644      384      442      754      560      894      819      1065     410      821      463      379      496      788      384      1144     610      644      366      579      783      96       387      654      631      948      299      306      468      829      248      685      407      243      619      568      843      619      711      809      249      297      852      541      932      1082     624      836      452      554      695      
15       979      604      1382     523      1296     583      1524     1369     223      224      1378     1261     520      1380     937      0        47       861      1294     249      1447     918      471      881      559      1047     718      1496     1416     935      1408     1322     1200     1488     1211     402      366      1865     1137     1662     1208     1205     704      358      628      1206     670      293      1127     530      1448     851      1321     1494     364      1381     657      694      1398     286      1174     1417     570      1115     389      1421     199      1090     457      621      1140     1112     443      1276     527      1173     579      168      924      1444     904      
16       940      610      1371     513      1292     601      1502     1354     267      268      1391     1225     534      1358     930      47       0        879      1266     202      1429     933      509      870      546      1006     682      1473     1384     891      1418     1314     1208     1501     1183     444      403      1839     1146     1640     1216     1186     674      316      635      1161     695      286      1133     498      1418     841      1315     1500     380      1343     644      698      1386     242      1170     1390     575      1099     405      1425     156      1057     417      577      1126     1093     482      1251     480      1128     604      129      939      1445     866      
17       1131     328      850      538      663      278      1179     914      903      892      529      1275     351      1061     501      861      879      0        1122     1008     1039     82       514      525      559      1254     939      1148     1303     1267     579      744      406      641      1058     606      565      1540     345      1287     403      875      831      915      301      1542     221      643      363      806      1284     512      706      701      499      1429     548      302      869      913      577      1184     365      737      474      648      878      1087     896      1065     733      797      546      1042     1120     1485     301      851      87       710      1091     
18       456      940      536      834      697      1104     308      417      1495     1491     1189     277      1052     216      621      1294     1266     1122     0        1194     355      1072     1372     602      787      524      619      293      184      688      1121     609      979      1231     83       1408     1326     579      974      431      1002     279      594      993      947      784      1204     1032     925      771      167      620      667      1048     1113     394      707      882      531      1064     665      133      938      404      1113     972      1125     260      880      832      423      330      1381     101      1006     726      1196     1140     1073     897      511      
19       819      705      1378     553      1330     737      1456     1344     453      457      1496     1112     657      1314     961      249      202      1008     1194     0        1402     1051     699      893      572      864      580      1429     1290     730      1511     1337     1296     1602     1113     641      593      1773     1236     1594     1307     1158     604      201      733      985      848      367      1217     433      1333     866      1347     1575     518      1216     662      781      1391     136      1208     1324     667      1092     545      1496     131      962      313      422      1123     1072     675      1194     292      958      759      158      1057     1503     743      
20       779      963      239      934      449      1112     153      131      1622     1616     951      632      1085     140      576      1447     1429     1039     355      1402     0        971      1408     601      893      866      872      128      481      1017     867      346      779      967      387      1466     1388     501      796      248      801      244      807      1204     959      1138     1181     1159     750      969      411      629      406      761      1189     735      796      882      225      1266     478      283      975      343      1181     698      1309     586      1098     1101     328      335      1426     274      1267     1080     1200     1314     970      608      819      
21       1111     352      775      553      584      337      1113     843      972      961      462      1239     399      999      451      918      933      82       1072     1051     971      0        592      484      567      1236     935      1082     1255     1260     504      668      324      573      1011     683      637      1472     263      1218     322      817      824      944      324      1530     299      684      280      817      1232     476      628      621      553      1392     542      304      794      949      502      1127     391      679      528      566      920      1054     915      1076     672      744      623      988      1144     1472     374      895      6        627      1076     
22       1199     445      1270     550      1120     302      1523     1299     419      408      1038     1433     325      1385     833      471      509      514      1372     699      1408     592      0        810      597      1300     943      1492     1532     1241     1093     1180     915      1150     1293     96       106      1887     852      1650     915      1192     873      712      448      1530     293      441      860      749      1539     783      1157     1214     280      1576     666      527      1288     668      1011     1471     438      1067     270      1156     594      1240     759      954      1080     1099     34       1320     925      1484     226      555      598      1208     1135     
23       650      364      502      358      439      519      713      501      1034     1027     744      754      485      578      75       881      870      525      602      893      601      484      810      0        326      776      533      682      780      833      716      445      511      826      534      865      787      1078     475      840      531      384      422      717      363      1080     607      587      433      505      767      29       453      729      590      907      231      289      517      759      319      678      374      258      581      643      778      571      637      734      273      293      826      530      858      1019     610      773      487      628      629      
24       620      238      825      47       759      383      981      811      730      724      964      836      303      837      390      559      546      559      787      572      893      567      597      326      0        733      391      951      939      717      963      772      746      1063     706      623      540      1333     692      1116     761      654      295      411      263      1001     511      267      665      249      952      298      777      1011     326      982      98       263      840      442      637      897      211      556      329      929      452      643      356      509      581      559      601      748      587      947      465      446      572      932      565      
25       126      965      992      773      1089     1116     831      892      1269     1269     1509     300      1035     730      838      1047     1006     1254     524      864      866      1236     1300     776      733      0        356      818      516      178      1467     1027     1278     1579     478      1300     1220     1041     1248     948      1299     694      438      690      984      307      1243     871      1204     554      586      774      1074     1439     1020     359      710      956      994      766      1009     646      942      745      1033     1355     849      283      590      443      781      671      1296     592      601      245      1197     878      1240     1303     168      
26       264      629      911      426      936      771      899      844      936      935      1273     542      687      764      607      718      682      939      619      580      872      935      943      533      391      356      0        876      711      327      1250     905      1042     1359     541      944      864      1198     1000     1035     1061     640      113      382      652      610      901      516      962      200      754      520      936      1257     664      664      392      637      919      457      830      752      602      620      677      1171     529      382      270      231      657      571      939      633      396      556      848      552      939      1143     193      
27       746      1046     367      994      577      1200     31       256      1680     1674     1079     557      1167     115      668      1496     1473     1148     293      1429     128      1082     1492     682      951      818      876      0        380      980      995      474      905      1096     350      1544     1464     397      919      166      927      300      826      1229     1045     1071     1278     1214     872      996      303      708      534      888      1259     641      857      970      354      1295     598      185      1054     426      1254     827      1345     549      1119     1100     419      395      1507     243      1271     1015     1290     1354     1082     736      795      
28       492      1109     693      986      870      1274     379      571      1625     1622     1367     217      1216     350      804      1416     1384     1303     184      1290     481      1255     1532     780      939      516      711      380      0        693      1296     776      1161     1404     246      1563     1479     524      1157     462      1184     459      712      1093     1117     718      1378     1169     1108     886      80       797      836      1215     1266     263      866      1056     685      1168     845      198      1103     587      1268     1142     1236     328      980      899      606      514      1539     278      1072     668      1365     1255     1256     1062     562      
29       238      956      1121     750      1193     1094     996      1029     1158     1159     1577     478      1008     886      902      935      891      1267     688      730      1017     1260     1241     833      717      178      327      980      693      0        1545     1142     1345     1656     633      1229     1152     1218     1308     1117     1365     825      436      577      979      289      1225     801      1267     497      762      825      1183     1533     966      528      719      964      1124     649      1101     814      928      853      982      1448     735      432      492      314      890      785      1232     746      449      244      1167     769      1265     1406     215      
30       1343     810      627      968      427      838      1019     744      1476     1465     100      1364     888      961      644      1408     1418     579      1121     1511     867      504      1093     716      963      1467     1250     995      1296     1545     0        525      217      112      1093     1186     1142     1322     274      1075     204      843      1137     1373     784      1774     800      1149     298      1195     1244     730      464      160      1045     1505     898      730      641      1394     465      1117     847      740      1021     176      1382     1218     1317     1442     711      820      1125     1020     1547     1712     878      1363     498      276      1334     
31       914      757      113      801      103      878      499      219      1462     1454     606      870      876      435      384      1322     1314     744      609      1337     346      668      1180     445      772      1027     905      474      776      1142     525      0        437      630      595      1252     1182     830      460      575      457      344      809      1155     744      1329     919      1029     417      932      721      474      61       439      1007     1001     676      664      131      1202     170      592      780      289      993      365      1223     753      1067     1130     252      357      1203     507      1274     1267     957      1218     665      289      927      
32       1152     598      550      751      335      642      932      649      1280     1270     232      1202     683      848      442      1200     1208     406      979      1296     779      324      915      511      746      1278     1042     905      1161     1345     217      437      0        319      940      1004     953      1267     63       1012     23       701      929      1156     573      1585     623      935      81       980      1119     522      381      300      839      1349     682      515      567      1177     316      998      634      580      816      242      1166     1042     1101     1228     557      660      945      882      1331     1523     692      1148     319      309      1138     
33       1456     898      729      1065     534      911      1119     847      1544     1533     112      1476     968      1066     754      1488     1501     641      1231     1602     967      573      1150     826      1063     1579     1359     1096     1404     1656     112      630      319      0        1205     1244     1206     1410     370      1168     302      954      1246     1470     871      1887     859      1238     401      1299     1351     838      569      221      1124     1617     1001     822      742      1488     578      1223     936      852      1099     269      1472     1330     1419     1548     823      933      1183     1130     1649     1825     942      1451     567      364      1446     
34       397      864      536      753      677      1029     368      424      1412     1408     1156     274      974      253      560      1211     1183     1058     83       1113     387      1011     1293     534      706      478      541      350      246      633      1093     595      940      1205     0        1328     1245     660      930      499      963      252      512      911      872      756      1132     948      881      688      246      551      650      1031     1032     412      627      810      534      982      631      211      860      360      1032     953      1042     200      799      758      384      281      1302     113      930      696      1121     1057     1013     884      445      
35       1205     503      1338     576      1197     376      1575     1361     326      314      1132     1451     381      1435     894      402      444      606      1408     641      1466     683      96       865      623      1300     944      1544     1563     1229     1186     1252     1004     1244     1328     0        83       1937     940      1705     1004     1243     884      679      511      1515     385      430      947      746      1575     837      1232     1303     296      1591     702      591      1356     627      1085     1512     490      1123     295      1244     547      1262     739      931      1138     1149     62       1362     886      1473     311      508      689      1293     1138     
36       1123     428      1266     492      1130     314      1495     1285     340      329      1094     1368     307      1355     819      366      403      565      1326     593      1388     637      106      787      540      1220     864      1464     1479     1152     1142     1182     953      1206     1245     83       0        1856     889      1626     955      1163     802      612      438      1440     348      352      892      666      1492     758      1164     1253     213      1508     619      518      1283     565      1016     1430     413      1044     212      1191     489      1178     665      859      1060     1068     84       1280     822      1396     264      450      643      1235     1057     
37       1009     1442     717      1379     931      1597     365      629      2058     2053     1414     742      1562     501      1065     1865     1839     1540     579      1773     501      1472     1887     1078     1333     1041     1198     397      524      1218     1322     830      1267     1410     660      1937     1856     0        1290     255      1287     694      1172     1572     1441     1221     1675     1591     1245     1348     458      1104     886      1191     1649     745      1243     1367     699      1643     976      449      1449     823      1645     1146     1702     826      1460     1406     816      788      1902     588      1580     1177     1687     1715     1471     1047     1074     
38       1122     536      573      695      362      578      947      665      1216     1206     274      1187     620      855      410      1137     1146     345      974      1236     796      263      852      475      692      1248     1000     919      1157     1308     274      460      63       370      930      940      889      1290     0        1034     70       698      886      1100     511      1554     560      875      49       930      1119     482      408      364      776      1336     632      455      591      1120     322      1001     573      571      753      304      1107     1021     1048     1181     551      649      882      879      1279     1493     629      1088     258      366      1104     
39       888      1205     462      1159     677      1356     138      374      1846     1840     1166     667      1326     281      821      1662     1640     1287     431      1594     248      1218     1650     840      1116     948      1035     166      462      1117     1075     575      1012     1168     499      1705     1626     255      1034     0        1033     463      990      1393     1202     1179     1428     1380     989      1161     382      868      632      951      1422     722      1022     1126     445      1460     721      302      1214     583      1416     900      1511     692      1283     1256     572      559      1667     401      1428     1126     1445     1520     1217     803      943      
40       1174     607      571      764      356      645      954      671      1284     1273     212      1225     690      870      463      1208     1216     403      1002     1307     801      322      915      531      761      1299     1061     927      1184     1365     204      457      23       302      963      1004     955      1287     70       1033     0        724      948      1169     582      1606     622      945      99       996      1142     541      401      299      846      1372     698      526      588      1190     339      1020     644      603      823      246      1178     1065     1116     1246     580      683      945      905      1346     1544     693      1159     317      319      1159     
41       589      747      298      696      424      904      331      206      1384     1378     910      526      867      193      379      1205     1186     875      279      1158     244      817      1192     384      654      694      640      300      459      825      843      344      701      954      252      1243     1163     694      698      463      724      0        567      961      747      990      987      919      649      726      421      410      398      778      959      663      558      673      300      1022     386      310      754      138      953      700      1065     414      856      871      148      95       1207     180      1033     928      994      1070     817      631      615      
42       327      528      823      335      833      678      852      765      914      911      1160     571      597      712      496      704      674      831      594      604      807      824      873      422      295      438      113      826      712      436      1137     809      929      1246     512      884      802      1172     886      990      948      567      0        403      550      712      806      466      848      176      743      407      836      1148     594      707      283      529      833      471      724      722      504      530      603      1062     530      389      293      321      565      490      873      590      470      656      759      546      828      1038     269      
43       631      591      1190     405      1156     665      1255     1150     581      582      1368     921      577      1114     788      358      316      915      993      201      1204     944      712      717      411      690      382      1229     1093     577      1373     1155     1156     1470     911      679      612      1572     1100     1393     1169     961      403      0        620      853      789      291      1075     234      1134     692      1170     1422     470      1032     491      652      1202     76       1036     1123     553      901      494      1340     159      764      112      264      933      876      696      993      216      817      710      192      950      1339     555      
44       866      28       827      237      697      158      1076     851      729      720      764      1050     131      941      384      628      635      301      947      733      959      324      448      363      263      984      652      1045     1117     979      784      744      573      871      872      511      438      1441     511      1202     582      747      550      620      0        1261     266      366      499      507      1115     337      729      866      274      1201     276      80       845      625      580      1035     66       619      255      793      602      856      595      764      631      655      467      885      821      1206     249      580      330      822      817      
45       432      1238     1286     1036     1394     1381     1079     1180     1427     1429     1816     514      1295     999      1144     1206     1161     1542     784      985      1138     1530     1530     1080     1001     307      610      1071     718      289      1774     1329     1585     1887     756      1515     1440     1221     1554     1179     1606     990      712      853      1261     0        1511     1089     1510     786      798      1077     1377     1745     1255     476      994      1240     1287     921      1316     888      1212     1050     1272     1661     1008     576      777      589      1085     974      1521     867      693      62       1455     1044     1534     1608     454      
46       1127     281      1017     474      849      131      1309     1063     688      677      747      1316     220      1180     610      670      695      221      1204     848      1181     299      293      607      511      1243     901      1278     1378     1225     800      919      623      859      1132     385      348      1675     560      1428     622      987      806      789      266      1511     0        500      572      734      1372     586      889      920      329      1467     540      322      1036     772      748      1286     301      853      303      865      721      1122     795      981      858      899      325      1137     1004     1458     91       689      304      921      1075     
47       779      339      1089     229      1006     380      1243     1077     466      461      1130     1037     294      1099     644      293      286      643      1032     367      1159     684      441      587      267      871      516      1214     1169     801      1149     1029     935      1238     948      430      352      1591     875      1380     945      919      466      291      366      1089     500      0        858      316      1192     557      1029     1222     180      1171     365      420      1104     272      883      1149     302      823      203      1145     236      853      319      514      848      825      431      1003     507      1044     419      213      690      1162     710      
48       1078     523      530      670      322      578      900      619      1214     1204     311      1139     614      807      366      1127     1133     363      925      1217     750      280      860      433      665      1204     962      872      1108     1267     298      417      81       401      881      947      892      1245     49       989      99       649      848      1075     499      1510     572      858      0        898      1070     442      368      367      768      1288     600      437      548      1097     274      952      558      522      746      299      1088     974      1019     1147     502      600      890      830      1249     1448     635      1070     276      349      1061     
49       464      480      961      269      941      603      1023     916      743      741      1203     734      515      881      579      530      498      806      771      433      969      817      749      505      249      554      200      996      886      497      1195     932      980      1299     688      746      666      1348     930      1161     996      726      176      234      507      786      734      316      898      0        919      482      950      1228     471      861      297      512      972      298      824      898      447      669      486      1144     354      560      135      259      702      642      743      764      354      737      672      370      822      1133     394      
