
sets
i        orders          /0*80/
k        routes          /1*80/
p        positions       /0*80/
;

alias(i,j)
alias(i,h)
alias(i,hh)
alias(i,jj)
alias(k,kk)
                
                    Parameters

rho(i)	Processing time
/
0	0
1	30
2	15
3	18
4	7
5	22
6	86
7	12
8	64
9	17
10	43
11	10
12	36
13	50
14	2
15	75
16	95
17	63
18	1
19	55
20	22
21	87
22	42
23	48
24	81
25	8
26	81
27	58
28	25
29	53
30	21
31	45
32	42
33	32
34	36
35	96
36	41
37	49
38	68
39	64
40	23
41	83
42	91
43	45
44	77
45	75
46	36
47	9
48	7
49	70
50	41
51	8
52	43
53	99
54	47
55	47
56	27
57	17
58	5
59	69
60	38
61	35
62	54
63	36
64	56
65	34
66	84
67	86
68	73
69	62
70	94
71	7
72	3
73	31
74	66
75	25
76	19
77	66
78	93
79	33
80	66
/

gamma(i)	Duedate
/
0	0
1	18
2	76
3	35
4	32
5	41
6	61
7	12
8	8
9	77
10	76
11	79
12	29
13	67
14	70
15	10
16	61
17	79
18	65
19	29
20	69
21	98
22	56
23	31
24	86
25	43
26	39
27	27
28	39
29	2
30	11
31	22
32	97
33	19
34	61
35	36
36	58
37	40
38	39
39	7
40	16
41	61
42	28
43	1
44	66
45	84
46	87
47	64
48	16
49	66
50	86
51	91
52	27
53	67
54	71
55	50
56	12
57	42
58	1
59	67
60	22
61	62
62	23
63	89
64	75
65	19
66	44
67	53
68	27
69	69
70	92
71	15
72	52
73	70
74	91
75	46
76	33
77	22
78	18
79	30
80	39
/

sigma(i)	Size
/
0	0
1	1
2	6
3	8
4	3
5	9
6	5
7	5
8	1
9	3
10	8
11	2
12	3
13	7
14	9
15	9
16	7
17	1
18	8
19	7
20	8
21	6
22	7
23	7
24	8
25	2
26	4
27	6
28	1
29	9
30	9
31	5
32	2
33	2
34	8
35	8
36	6
37	1
38	8
39	5
40	1
41	4
42	9
43	9
44	3
45	9
46	4
47	4
48	5
49	3
50	3
51	2
52	3
53	3
54	1
55	5
56	3
57	3
58	7
59	7
60	6
61	4
62	9
63	4
64	5
65	4
66	7
67	5
68	7
69	3
70	8
71	9
72	3
73	5
74	2
75	4
76	5
77	2
78	3
79	6
80	1
/

epsilon(i)	Priority
/
0	0
1	4
2	2
3	5
4	7
5	2
6	9
7	1
8	9
9	8
10	1
11	6
12	9
13	2
14	4
15	4
16	9
17	9
18	5
19	1
20	7
21	2
22	9
23	3
24	2
25	3
26	3
27	4
28	7
29	1
30	4
31	4
32	7
33	5
34	1
35	1
36	9
37	1
38	3
39	6
40	8
41	8
42	8
43	3
44	7
45	7
46	3
47	4
48	5
49	4
50	6
51	2
52	5
53	8
54	3
55	9
56	9
57	5
58	8
59	7
60	2
61	8
62	6
63	1
64	9
65	1
66	3
67	5
68	2
69	7
70	3
71	1
72	7
73	7
74	3
75	5
76	1
77	2
78	5
79	5
80	1
/

psi	Vehicle Capacity
/ 44 /
;

Table kappa(i,j)                 Setup
         0        1        2        3        4        5        6        7        8        9        10       11       12       13       14       15       16       17       18       19       20       21       22       23       24       25       26       27       28       29       30       31       32       33       34       35       36       37       38       39       40       41       42       43       44       45       46       47       48       49       50       51       52       53       54       55       56       57       58       59       60       61       62       63       64       65       66       67       68       69       70       71       72       73       74       75       76       77       78       79       80       
0        0        808      170      965      808      1391     480      724      1202     226      1007     564      1103     768      297      456      132      504      1222     22       559      428      1228     620      699      916      1010     482      1159     595      1285     994      346      600      557      938      89       488      796      974      91       807      1214     682      787      288      958      1237     930      691      1040     552      1113     704      720      1013     732      237      242      705      1002     1090     645      445      716      1228     474      35       263      923      321      599      918      1211     578      402      1120     171      609      782      1378     
1        808      0        671      306      446      1007     567      800      1014     592      1233     289      987      1365     800      1088     693      1273     871      829      642      379      943      253      1151     1100     961      432      1570     212      930      322      880      1121     437      177      896      450      601      270      898      710      796      462      464      942      409      1265     1258     670      597      1337     732      1221     330      960      147      652      608      886      380      947      347      575      111      1401     572      805      965      844      829      512      1411     1069     1382     1069     665      836      1417     241      1707     
2        170      671      0        866      638      1368     314      760      1213     83       1097     463      1124     923      214      608      156      603      1199     186      403      299      1219     462      824      992      1041     313      1289     461      1264     893      462      734      506      787      243      436      776      866      253      810      1177     638      737      297      880      1294     1038     698      870      719      1079     842      644      1043     617      254      73       765      836      1104     572      438      572      1315     466      189      421      941      247      430      1058     1231     738      559      1071     172      755      620      1498     
3        965      306      866      0        751      712      842      692      765      783      1100     404      765      1362     1035     1130     836      1463     589      988      930      572      673      537      1113     969      766      699      1475     433      643      28       926      1114     445      413      1054     498      442      56       1051     554      504      378      310      1159     132      1061     1159     566      882      1439     456      1199     265      764      259      757      818      796      641      720      336      602      401      1233     584      952      1054     660      1067     806      1360     829      1506     1128     374      1039     1561     546      1572     
4        808      446      638      751      0        1451     352      1129     1432     596      1551     575      1389     1530     638      1220     750      1142     1310     825      343      496      1375     293      1375     1423     1345     332      1832     437      1370     765      1036     1311     745      386      877      716      989      710      889      1083     1240     828      867      794      853      1645     1540     1011     236      1355     1171     1420     723      1345     549      778      566      1189     260      1353     703      821      370      1744     834      825      1047     1226     652      227      1631     1480     1361     1180     1109     743      1359     205      2007     
5        1391     1007     1368     712      1451     0        1466     732      311      1295     884      962      422      1398     1576     1311     1266     1880     170      1410     1569     1137     194      1200     1129     805      518      1324     1271     1064     107      705      1171     1198     863      1124     1465     933      596      762      1453     596      212      732      641      1657     598      642      1016     710      1594     1686     294      1229     767      514      910      1154     1349     816      1352     396      822      947      1085     882      917      1364     1343     528      1610     1465     1287     374      1788     1343     342      1525     1877     1248     1252     
6        480      567      314      842      352      1466     0        975      1371     302      1359     503      1302     1236     288      921      455      794      1305     493      111      337      1348     314      1121     1243     1234     144      1587     413      1370     865      762      1039     632      616      538      575      913      822      552      980      1259     752      828      444      902      1515     1318     882      570      1013     1171     1148     698      1235     586      520      252      1007     589      1273     645      639      456      1569     661      502      735      1122     305      126      1364     1404     1012     873      1136     392      1007     411      1785     
7        724      800      760      692      1129     732      975      0        489      710      433      557      381      716      973      580      620      1176     573      738      1086     655      544      836      447      300      286      863      785      696      626      714      446      486      385      977      781      415      257      739      765      164      610      341      382      1010     587      540      468      131      1344     954      515      544      477      289      653      508      772      109      1169     374      454      336      800      615      313      691      620      210      1005     1031     675      488      1056     611      575      883      1148     970      906      
8        1202     1014     1213     765      1432     311      1371     489      0        1151     572      880      120      1100     1427     1047     1088     1665     236      1218     1481     1034     137      1152     837      500      224      1239     961      1006     240      771      934      916      740      1163     1266     800      458      822      1251     402      339      621      565      1484     632      352      706      515      1610     1424     323      935      709      220      886      974      1210     551      1388     114      739      775      1064     583      746      1171     1108     281      1461     1397     979      74       1533     1087     423      1354     1630     1239     955      
9        226      592      83       783      596      1295     302      710      1151     0        1069     380      1066     941      280      627      156      685      1127     246      404      217      1151     394      818      958      987      264      1285     381      1192     810      460      738      431      714      309      362      706      783      315      748      1102     563      660      378      798      1250     1020     639      831      777      1005     847      563      989      534      221      61       726      777      1044     492      380      495      1284     407      234      451      883      314      404      1062     1172     804      584      993      255      828      556      1485     
10       1007     1233     1097     1100     1551     884      1359     433      572      1069     0        986      465      582      1294     659      942      1355     779      1013     1467     1062     699      1259     373      133      389      1264     399      1123     804      1119     663      485      814      1409     1034     834      659      1152     1014     546      862      772      798      1289     982      325      149      563      1771     1004     796      448      908      393      1086     847      1129     361      1602     501      887      733      1232     221      717      971      805      457      1323     1432     419      516      1123     718      887      1178     1235     1400     475      
11       564      289      463      404      575      962      503      557      880      380      986      0        824      1076     644      799      437      1058     801      586      609      180      847      282      867      856      772      363      1299     138      866      432      591      832      172      460      653      164      424      410      652      510      757      260      325      758      421      1070     992      436      786      1065     668      933      197      772      173      374      419      628      622      790      143      288      251      1172     289      553      685      654      677      516      1128     921      1120     783      637      635      1167     413      1452     
12       1103     987      1124     765      1389     422      1302     381      120      1066     465      824      0        981      1339     929      993      1557     316      1118     1413     966      233      1103     717      383      105      1175     861      956      338      775      823      796      671      1147     1163     726      401      822      1147     322      407      564      525      1387     633      299      593      427      1578     1306     362      816      668      101      851      880      1127     435      1367     46       687      687      1026     507      659      1071     996      183      1372     1336     864      107      1415     970      461      1259     1514     1203     876      
13       768      1365     923      1362     1530     1398     1236     716      1100     941      582      1076     981      0        1055     315      785      910      1259     761      1325     1053     1203     1278     272      605      880      1200     465      1184     1301     1388     498      248      941      1535     742      916      963      1399     722      880      1315     984      1063     982      1280     907      434      814      1766     482      1225     172      1106     884      1234     754      985      609      1670     1002     1050     791      1316     753      798      739      505      882      1073     1346     215      1060     600      366      1291     916      717      1445     713      
14       297      800      214      1035     638      1576     288      973      1427     280      1294     644      1339     1055     0        748      357      506      1408     298      318      465      1431     559      997      1196     1255     377      1456     607      1473     1061     640      898      712      882      314      643      987      1027     333      1025     1381     844      939      156      1065     1505     1225     913      847      758      1285     1001     835      1257     777      465      227      973      876      1319     767      652      692      1514     681      331      554      1155     34       411      1214     1446     741      691      1270     140      725      687      1676     
15       456      1088     608      1130     1220     1311     921      580      1047     627      659      799      929      315      748      0        471      696      1153     451      1010     752      1121     977      293      615      823      888      717      895      1206     1157     208      178      688      1251     440      649      785      1159     419      731      1186     760      854      691      1068     955      543      636      1456     377      1087     261      865      828      966      451      670      497      1371     935      799      531      1027     873      545      426      194      783      768      1031     468      1027     487      63       1134     611      590      1144     950      
16       132      693      156      836      750      1266     455      620      1088     156      942      437      993      785      357      471      0        636      1096     153      552      318      1107     528      670      840      905      418      1136     482      1160     864      308      584      425      834      219      356      670      846      215      689      1086     551      656      395      826      1148     882      573      986      646      985      693      588      908      607      114      203      616      920      977      513      319      609      1160     349      116      298      811      387      561      909      1101     689      429      989      265      730      695      1342     
17       504      1273     603      1463     1142     1880     794      1176     1665     685      1355     1058     1557     910      506      696      636      0        1711     482      809      902      1707     1048     989      1298     1457     874      1373     1065     1773     1491     735      874      1061     1376     420      992      1289     1467     429      1286     1711     1185     1290     349      1462     1637     1239     1171     1342     450      1610     943      1223     1460     1219     737      664      1129     1382     1551     1149     941      1170     1570     969      525      565      1385     489      916      1117     1662     361      636      1622     436      282      1188     1618     
18       1222     871      1199     589      1310     170      1305     573      236      1127     779      801      316      1259     1408     1153     1096     1711     0        1240     1410     973      102      1049     988      684      394      1165     1176     909      65       589      1006     1048     696      1001     1295     764      426      644      1284     430      106      564      477      1487     465      588      899      542      1465     1526     139      1088     609      390      762      985      1182     664      1230     277      660      777      940      815      747      1194     1177     378      1442     1310     1164     310      1626     1183     217      1356     1713     1108     1187     
19       22       829      186      988      825      1410     493      738      1218     246      1013     586      1118     761      298      451      153      482      1240     0        569      450      1245     640      701      925      1025     500      1158     617      1303     1016     351      599      578      959      67       509      815      996      69       824      1234     703      808      278      980      1248     934      708      1055     533      1133     702      742      1027     754      256      259      716      1021     1105     667      464      738      1235     493      47       256      938      321      613      915      1225     558      395      1141     166      587      802      1379     
20       559      642      403      930      343      1569     111      1086     1481     404      1467     609      1413     1325     318      1010     552      809      1410     569      0        447      1455     393      1221     1353     1346     245      1688     509      1475     951      860      1136     742      665      606      686      1022     905      622      1091     1361     861      934      467      998      1626     1424     993      533      1071     1275     1244     801      1347     678      624      349      1117     599      1384     751      750      534      1679     773      586      820      1233     324      137      1460     1515     1059     960      1237     445      1042     455      1889     
21       428      379      299      572      496      1137     337      655      1034     217      1062     180      966      1053     465      752      318      902      973      450      447      0        1012     225      881      939      902      210      1336     166      1039     598      555      823      295      516      517      243      576      568      519      645      934      415      496      587      601      1189     1044     552      727      965      843      931      376      903      318      301      246      702      618      937      314      329      290      1264     346      427      605      788      498      376      1139     1068     1004     723      816      470      1038     392      1512     
22       1228     943      1219     673      1375     194      1348     544      137      1151     699      847      233      1203     1431     1121     1107     1707     102      1245     1455     1012     0        1106     935      614      325      1210     1092     962      105      675      988      1004     725      1082     1297     791      444      729      1284     421      208      597      522      1501     544      489      826      538      1540     1497     217      1034     661      320      826      993      1208     625      1309     203      704      787      1005     720      758      1199     1162     337      1465     1361     1095     211      1601     1155     309      1370     1693     1177     1092     
23       620      253      462      537      293      1200     314      836      1152     394      1259     282      1103     1278     559      977      528      1048     1049     640      393      225      1106     0        1102     1131     1054     183      1552     147      1112     558      780      1047     452      327      703      424      701      512      709      792      989      539      588      707      613      1353     1253     718      513      1169     911      1155     445      1054     292      525      392      898      394      1067     415      534      142      1451     545      626      823      936      585      270      1361     1197     1198     945      861      613      1218     168      1719     
24       699      1151     824      1113     1375     1129     1121     447      837      818      373      867      717      272      997      293      670      989      988      701      1221     881      935      1102     0        355      614      1056     466      990      1031     1138     361      115      715      1326     706      703      699      1154     686      611      1042     737      808      963      1023     684      250      554      1608     632      953      100      867      618      1012     604      872      339      1483     734      818      579      1117     581      579      665      462      610      1021     1215     260      802      751      355      1021     867      862      1262     678      
25       916      1100     992      969      1423     805      1243     300      500      958      133      856      383      605      1196     615      840      1298     684      925      1353     939      614      1131     355      0        290      1143     515      994      717      988      580      454      683      1276     952      707      527      1021     933      414      759      639      665      1202     853      339      215      430      1642     980      686      448      774      294      953      740      1019     237      1470     411      755      610      1101     326      592      881      736      337      1225     1311     481      455      1097     669      772      1086     1204     1269     608      
26       1010     961      1041     766      1345     518      1234     286      224      987      389      772      105      880      1255     823      905      1457     394      1025     1346     902      325      1054     614      290      0        1112     788      907      427      779      722      691      610      1127     1067     659      360      821      1051     262      473      516      497      1297     637      304      505      352      1542     1201     409      713      633      4        819      792      1048     331      1341     122      641      607      989      471      580      978      894      118      1288     1277     771      206      1310     865      503      1169     1409     1165     829      
27       482      432      313      699      332      1324     144      863      1239     264      1264     363      1175     1200     377      888      418      874      1165     500      245      210      1210     183      1056     1143     1112     0        1519     269      1229     722      708      986      503      504      556      453      780      680      566      854      1116     617      689      528      757      1399     1237     762      567      1033     1030     1095     556      1113     442      453      240      906      524      1144     506      533      321      1469     552      496      715      998      403      168      1308     1275     1049     847      993      445      1060     315      1705     
28       1159     1570     1289     1475     1832     1271     1587     785      961      1285     399      1299     861      465      1456     717      1136     1373     1176     1158     1688     1336     1092     1552     466      515      788      1519     0        1430     1198     1496     827      558      1134     1747     1155     1137     1033     1524     1134     923      1261     1122     1166     1408     1363     654      316      915      2063     947      1195     457      1258     792      1425     1069     1339     687      1922     898      1225     1018     1551     425      1012     1125     907      852      1479     1680     256      898      1065     779      1285     1322     1181     1707     248      
29       595      212      461      433      437      1064     413      696      1006     381      1123     138      956      1184     607      895      482      1065     909      617      509      166      962      147      990      994      907      269      1430     0        972      458      690      946      311      357      683      293      554      420      686      645      854      392      442      741      489      1207     1126     575      648      1128     772      1050     301      908      174      449      402      764      493      920      268      412      132      1311     418      593      760      789      638      400      1250     1050     1170     871      728      630      1204     277      1588     
30       1285     930      1264     643      1370     107      1370     626      240      1192     804      866      338      1301     1473     1206     1160     1773     65       1303     1475     1039     105      1112     1031     717      427      1229     1198     972      0        640      1064     1096     761      1056     1358     829      490      696      1346     489      142      629      542      1551     521      589      930      602      1522     1581     201      1131     673      422      824      1048     1247     713      1285     306      725      840      1001     823      811      1257     1236     425      1507     1373     1198     312      1682     1238     269      1420     1771     1168     1195     
31       994      322      893      28       765      705      865      714      771      810      1119     432      775      1388     1061     1157     864      1491     589      1016     951      598      675      558      1138     988      779      722      1496     458      640      0        954      1140     473      418      1083     527      462      56       1080     574      499      404      332      1186     142      1072     1180     589      889      1468     457      1224     293      777      284      786      845      819      646      730      364      630      421      1248     612      981      1082     675      1093     826      1384     836      1534     1156     371      1066     1589     560      1590     
32       346      880      462      926      1036     1171     762      446      934      460      663      591      823      498      640      208      308      735      1006     351      860      555      988      780      361      580      722      708      827      690      1064     954      0        278      482      1045     372      441      610      954      353      576      1026     563      662      626      872      912      584      468      1271     532      925      387      661      725      758      257      512      393      1172     820      594      325      822      884      342      311      173      657      666      862      602      928      622      201      960      517      707      946      1038     
33       600      1121     734      1114     1311     1198     1039     486      916      738      485      832      796      248      898      178      584      874      1048     599      1136     823      1004     1047     115      454      691      986      558      946      1096     1140     278      0        693      1292     600      670      723      1151     579      648      1094     736      817      856      1034     790      365      573      1546     526      1001     109      857      695      987      533      788      385      1436     809      801      545      1076     696      550      567      353      671      920      1140     324      887      643      240      1060     765      752      1212     782      
34       557      437      506      445      745      863      632      385      740      431      814      172      671      941      712      688      425      1061     696      578      742      295      725      452      715      683      610      503      1134     311      761      473      482      693      0        614      641      70       282      472      634      350      671      132      232      800      408      904      824      266      959      995      573      789      180      611      296      327      486      457      791      642      111      157      419      1000     144      536      610      495      746      666      974      772      1066     683      567      669      1128     586      1281     
35       938      177      787      413      386      1124     616      977      1163     714      1409     460      1147     1535     882      1251     834      1376     1001     959      665      516      1082     327      1326     1276     1127     504      1747     357      1056     418      1045     1292     614      0        1023     623      770      361      1029     881      917      637      630      1033     537      1431     1435     846      472      1481     866      1394     503      1126     323      807      718      1063     228      1104     524      748      226      1574     747      940      1118     1011     907      528      1586     1222     1517     1228     787      941      1542     210      1883     
36       89       896      243      1054     877      1465     538      781      1266     309      1034     653      1163     742      314      440      219      420      1295     67       606      517      1297     703      706      952      1067     556      1155     683      1358     1083     372      600      641      1023     0        573      872      1063     20       876      1292     764      870      257      1045     1280     946      759      1105     478      1191     698      807      1070     821      316      316      752      1079     1152     732      521      803      1255     550      104      247      985      330      661      908      1270     495      380      1201     173      521      863      1382     
37       488      450      436      498      716      933      575      415      800      362      834      164      726      916      643      649      356      992      764      509      686      243      791      424      703      707      659      453      1137     293      829      527      441      670      70       623      573      0        347      520      567      404      741      202      302      729      472      947      833      308      937      941      643      771      238      661      319      262      417      474      784      699      163      125      414      1029     125      469      556      546      677      619      964      829      1007     638      637      599      1066     570      1296     
38       796      601      776      442      989      596      913      257      458      706      659      424      401      963      987      785      670      1289     426      815      1022     576      444      701      699      527      360      780      1033     554      490      462      610      723      282      770      872      347      0        493      860      113      423      163      141      1061     331      664      718      150      1182     1142     321      793      272      360      459      559      763      365      981      366      286      351      629      806      322      769      773      242      1021     939      932      496      1232     802      350      930      1311     806      1133     
39       974      270      866      56       710      762      822      739      822      783      1152     410      822      1399     1027     1159     846      1467     644      996      905      568      729      512      1154     1021     821      680      1524     420      696      56       954      1151     472      361      1063     520      493      0        1061     606      556      417      357      1156     189      1117     1207     612      832      1461     511      1239     295      820      250      773      814      842      589      777      360      629      372      1288     614      963      1076     714      1058     778      1404     886      1523     1155     427      1038     1575     506      1625     
40       91       898      253      1051     889      1453     552      765      1251     315      1014     652      1147     722      333      419      215      429      1284     69       622      519      1284     709      686      933      1051     566      1134     686      1346     1080     353      579      634      1029     20       567      860      1061     0        862      1282     756      861      277      1039     1262     926      746      1118     466      1180     677      802      1054     821      308      326      734      1089     1137     727      511      807      1236     540      99       227      970      350      674      887      1254     488      360      1192     193      518      871      1362     
41       807      710      810      554      1083     596      980      164      402      748      546      510      322      880      1025     731      689      1286     430      824      1091     645      421      792      611      414      262      854      923      645      489      574      576      648      350      881      876      404      113      606      862      0        454      255      254      1084     439      562      609      116      1283     1100     356      708      379      262      565      575      808      272      1088     296      380      373      730      693      344      777      747      144      1058     1017     834      426      1197     757      412      954      1283     906      1019     
42       1214     796      1177     504      1240     212      1259     610      339      1102     862      757      407      1315     1381     1186     1086     1711     106      1234     1361     934      208      989      1042     759      473      1116     1261     854      142      499      1026     1094     671      917      1292     741      423      556      1282     454      0        539      442      1470     386      689      974      557      1385     1554     101      1142     561      469      698      977      1154     709      1145     365      619      771      873      912      742      1189     1193     434      1415     1254     1233     414      1648     1211     131      1339     1731     1036     1283     
43       682      462      638      378      828      732      752      341      621      563      772      260      564      984      844      760      551      1185     564      703      861      415      597      539      737      639      516      617      1122     392      629      404      563      736      132      637      764      202      163      417      756      255      539      0        105      931      308      818      806      209      1028     1091     441      821      136      516      315      448      617      435      837      530      125      252      475      940      228      660      708      398      878      775      988      660      1169     764      438      800      1237     650      1247     
44       787      464      737      310      867      641      828      382      565      660      798      325      525      1063     939      854      656      1290     477      808      934      496      522      588      808      665      497      689      1166     442      542      332      662      817      232      630      870      302      141      357      861      254      442      105      0        1032     217      801      850      256      1052     1192     347      897      143      496      326      553      712      486      844      486      183      357      501      947      331      765      811      380      973      839      1051     613      1272     862      335      902      1342     677      1273     
45       288      942      297      1159     794      1657     444      1010     1484     378      1289     758      1387     982      156      691      395      349      1487     278      467      587      1501     707      963      1202     1297     528      1408     741      1551     1186     626      856      800      1033     257      729      1061     1156     277      1084     1470     931      1032     0        1177     1526     1203     969      1000     634      1371     952      941      1299     905      509      341      993      1033     1372     869      713      835      1511     743      323      503      1205     143      567      1158     1495     602      629      1366     131      576      841      1638     
46       958      409      880      132      853      598      902      587      632      798      982      421      633      1280     1065     1068     826      1462     465      980      998      601      544      613      1023     853      637      757      1363     489      521      142      872      1034     408      537      1045     472      331      189      1039     439      386      308      217      1177     0        929      1049     469      1000     1398     328      1113     238      635      321      735      841      695      765      588      313      556      489      1106     534      941      1014     534      1099     882      1262     696      1473     1073     255      1051     1536     649      1451     
47       1237     1265     1294     1061     1645     642      1515     540      352      1250     325      1070     299      907      1505     955      1148     1637     588      1248     1626     1189     489      1353     684      339      304      1399     654      1207     589      1072     912      790      904      1431     1280     947      664      1117     1262     562      689      818      801      1526     929      0        474      638      1846     1315     658      768      937      305      1124     1040     1311     533      1645     345      943      877      1292     241      853      1202     1073     422      1536     1566     738      277      1433     1009     758      1405     1542     1468     610      
48       930      1258     1038     1159     1540     1016     1318     468      706      1020     149      992      593      434      1225     543      882      1239     899      934      1424     1044     826      1253     250      215      505      1237     316      1126     930      1180     584      365      824      1435     946      833      718      1207     926      609      974      806      850      1203     1049     474      0        598      1767     869      900      310      943      509      1112     799      1078     372      1615     624      911      719      1243     334      709      895      706      550      1251     1402     274      654      989      605      985      1101     1103     1403     468      
49       691      670      698      566      1011     710      882      131      515      639      563      436      427      814      913      636      573      1171     542      708      993      552      538      718      554      430      352      762      915      575      602      589      468      573      266      846      759      308      150      612      746      116      557      209      256      969      469      638      598      0        1222     998      456      645      346      354      523      459      699      230      1041     406      325      260      674      737      232      661      637      244      946      928      794      533      1091     656      497      839      1174     846      1037     
