
sets
i        orders          /0*80/
k        routes          /1*80/
p        positions       /0*80/
;

alias(i,j)
alias(i,h)
alias(i,hh)
alias(i,jj)
alias(k,kk)
                
                    Parameters

rho(i)	Processing time
/
0	0
1	27
2	64
3	85
4	7
5	73
6	70
7	11
8	95
9	39
10	23
11	19
12	4
13	67
14	94
15	80
16	28
17	77
18	26
19	40
20	49
21	14
22	59
23	32
24	25
25	61
26	14
27	21
28	24
29	12
30	72
31	89
32	99
33	97
34	47
35	56
36	42
37	45
38	55
39	4
40	75
41	66
42	3
43	38
44	1
45	81
46	41
47	87
48	87
49	81
50	27
51	40
52	77
53	52
54	73
55	30
56	90
57	61
58	88
59	28
60	58
61	14
62	52
63	80
64	74
65	62
66	28
67	46
68	47
69	23
70	7
71	76
72	51
73	53
74	54
75	81
76	96
77	26
78	45
79	1
80	48
/

gamma(i)	Duedate
/
0	0
1	13
2	69
3	12
4	69
5	54
6	41
7	58
8	11
9	2
10	78
11	38
12	98
13	99
14	47
15	66
16	45
17	65
18	74
19	79
20	32
21	40
22	73
23	12
24	55
25	58
26	53
27	96
28	23
29	58
30	11
31	90
32	53
33	89
34	63
35	74
36	84
37	76
38	26
39	71
40	8
41	1
42	97
43	4
44	26
45	9
46	17
47	8
48	34
49	27
50	33
51	4
52	19
53	29
54	21
55	62
56	94
57	66
58	71
59	79
60	13
61	40
62	48
63	18
64	29
65	11
66	6
67	40
68	87
69	54
70	97
71	17
72	14
73	61
74	71
75	1
76	4
77	9
78	74
79	15
80	37
/

sigma(i)	Size
/
0	0
1	8
2	7
3	5
4	1
5	1
6	6
7	6
8	7
9	8
10	8
11	4
12	2
13	8
14	7
15	6
16	4
17	4
18	9
19	8
20	1
21	9
22	4
23	1
24	2
25	6
26	5
27	7
28	3
29	9
30	7
31	5
32	3
33	8
34	5
35	8
36	4
37	3
38	1
39	4
40	6
41	6
42	6
43	1
44	4
45	8
46	3
47	4
48	5
49	1
50	3
51	7
52	8
53	4
54	8
55	9
56	8
57	2
58	1
59	8
60	4
61	7
62	5
63	2
64	8
65	6
66	6
67	6
68	3
69	5
70	8
71	1
72	2
73	4
74	9
75	2
76	6
77	9
78	8
79	8
80	7
/

epsilon(i)	Priority
/
0	0
1	5
2	6
3	1
4	4
5	4
6	9
7	8
8	7
9	6
10	5
11	2
12	8
13	6
14	5
15	2
16	8
17	9
18	2
19	2
20	7
21	8
22	1
23	7
24	5
25	8
26	6
27	7
28	2
29	3
30	4
31	4
32	7
33	8
34	5
35	6
36	9
37	9
38	2
39	5
40	8
41	5
42	7
43	9
44	8
45	2
46	2
47	9
48	2
49	5
50	8
51	2
52	3
53	6
54	1
55	4
56	8
57	8
58	3
59	7
60	7
61	5
62	9
63	3
64	2
65	2
66	5
67	1
68	1
69	9
70	1
71	3
72	6
73	2
74	6
75	8
76	9
77	1
78	3
79	3
80	3
/

psi	Vehicle Capacity
/ 14 /
;

Table kappa(i,j)                 Setup
         0        1        2        3        4        5        6        7        8        9        10       11       12       13       14       15       16       17       18       19       20       21       22       23       24       25       26       27       28       29       30       31       32       33       34       35       36       37       38       39       40       41       42       43       44       45       46       47       48       49       50       51       52       53       54       55       56       57       58       59       60       61       62       63       64       65       66       67       68       69       70       71       72       73       74       75       76       77       78       79       80       
0        0        1296     963      850      1077     1257     434      142      1029     1350     890      863      831      1323     1255     876      763      1221     1196     1111     1004     988      1024     438      1220     623      143      1050     1265     1357     870      180      942      1306     1284     1136     1034     435      990      995      781      501      1051     725      1202     365      251      1613     300      1784     1369     898      453      289      658      263      888      1059     574      911      1334     1050     867      970      380      557      1148     1117     557      974      657      1289     1184     492      1072     1056     1170     864      1527     444      736      
1        1296     0        827      601      1167     263      1529     1314     1428     1537     1245     832      575      544      210      506      1281     373      481      261      763      1212     414      1547     135      1613     1436     1754     34       767      426      1160     618      170      434      544      307      1015     1268     377      570      838      503      832      1937     1093     1051     1054     1543     1281     968      1727     1047     1423     1395     1092     441      439      1022     536      1594     1595     1109     1601     1577     1559     207      1202     1555     536      1392     516      1691     1307     487      319      281      1645     1421     1632     774      
2        963      827      0        296      345      997      949      1067     605      727      435      99       349      473      957      396      513      502      407      862      74       385      418      969      865      948      1055     956      819      412      627      943      218      960      506      321      809      997      442      846      425      823      325      242      1134     1024     748      651      1067     833      410      970      518      1222     678      930      766      388      409      327      775      780      302      802      1052     915      850      384      910      296      675      458      866      671      344      857      943      883      706      1085     253      
3        850      601      296      0        631      727      971      922      848      1016     657      254      53       474      692      106      680      383      346      582      270      644      204      990      607      1028     970      1154     584      549      331      778      114      707      437      289      522      767      695      553      134      577      201      231      1339     812      603      851      1032     1061     644      1126     483      1067     796      743      469      220      430      71       1058     1004     523      1003     1044     979      578      673      975      124      793      439      1109     723      223      569      664      1043     999      1091     174      
4        1077     1167     345      631      0        1342     914      1205     310      385      235      380      681      741      1302     735      380      822      716      1206     403      117      762      932      1209     841      1130     695      1160     585      961      1112     563      1304     806      636      1151     1229     164      1184     748      1081     664      483      854      1236     919      668      1086     765      440      763      635      1361     568      1124     1097     728      515      670      430      496      209      550      1040     833      1195     46       828      641      566      740      553      649      679      1199     1288     680      452      1054     528      
5        1257     263      997      727      1342     0        1555     1247     1575     1724     1383     979      686      793      52       621      1393     609      709      157      943      1369     583      1570     146      1666     1400     1869     242      1009     442      1099     779      106      681      757      234      908      1422     261      649      762      692      943      2055     993      1031     1307     1531     1535     1201     1818     1099     1333     1480     1021     372      627      1103     676      1773     1729     1251     1721     1581     1606     149      1382     1603     702      1477     760      1837     1366     682      202      86       1741     1641     1640     883      
6        434      1529     949      971      914      1555     0        563      750      1080     683      864      977      1398     1541     1040     536      1352     1294     1399     1013     801      1175     19       1485     196      362      653      1504     1360     1123     601      1026     1581     1394     1216     1321     851      777      1300     962      860      1159     766      785      792      547      1552     215      1677     1305     483      489      669      358      675      1186     1190     556      1042     1041     707      729      611      135      136      1424     942      139      1085     359      1372     831      279      1182     1353     1470     469      1327     140      808      
7        142      1314     1067     922      1205     1247     563      0        1169     1489     1026     967      897      1396     1251     934      902      1279     1266     1108     1101     1121     1081     565      1227     756      218      1190     1282     1449     892      154      1023     1306     1347     1212     1035     365      1125     987      837      484      1121     825      1339     283      322      1717     397      1895     1477     1035     573      157      800      225      888      1122     695      978      1474     1193     995      1113     489      691      1151     1246     692      1046     800      1360     1327     634      1141     1050     1160     1004     1657     551      829      
8        1029     1428     605      848      310      1575     750      1169     0        331      196      599      890      1043     1539     954      270      1105     1004     1428     675      222      1014     765      1452     624      1043     386      1417     895      1160     1113     810      1551     1099     921      1365     1285     163      1385     940      1174     930      643      544      1271     940      956      953      1014     743      476      657      1317     395      1147     1285     991      564      902      305      185      324      248      885      638      1426     304      633      891      395      1038     263      541      948      1411     1511     401      596      881      701      
9        1350     1537     727      1016     385      1724     1080     1489     331      0        468      765      1066     1066     1681     1120     587      1178     1069     1590     780      401      1141     1094     1588     944      1371     600      1533     869      1346     1421     946      1680     1148     995      1536     1572     375      1569     1132     1441     1037     857      690      1567     1239     815      1284     802      669      748      950      1639     726      1447     1482     1103     841      1054     86       417      544      518      1215     964      1577     343      959      1021     726      1073     367      868      1050     1584     1671     690      331      1208     907      
10       890      1245     435      657      235      1383     683      1026     196      468      0        413      697      897      1349     762      147      937      842      1235     509      119      831      701      1263     605      926      521      1233     779      964      953      628      1362     941      757      1170     1108     100      1189     745      987      754      447      698      1100     771      899      864      1000     663      551      482      1179     333      979      1089     812      379      714      470      349      136      367      813      598      1234     259      593      709      331      887      453      429      774      1216     1318     465      651      822      506      
11       863      832      99       254      380      979      864      967      599      765      413      0        302      540      941      360      464      537      454      836      150      391      418      883      853      875      957      926      819      505      581      844      215      952      556      369      776      905      443      805      367      736      346      143      1108     929      649      750      973      931      510      922      420      1122     614      833      716      401      315      303      804      763      277      773      962      839      829      424      834      296      611      519      862      589      367      824      918      836      780      997      163      
12       831      575      349      53       681      686      977      897      890      1066     697      302      0        500      653      68       712      391      369      538      323      691      200      995      571      1043     955      1188     556      592      280      750      163      671      452      321      475      726      740      503      83       533      225      260      1374     773      582      897      1026     1109     694      1153     487      1039     820      710      417      228      448      81       1106     1043     566      1038     1043     992      537      724      988      152      816      464      1151     737      244      522      620      1071     1052     1092     201      
13       1323     544      473      474      741      793      1398     1396     1043     1066     897      540      500      0        741      474      986      190      135      717      400      823      343      1417     647      1415     1439     1415     556      225      635      1250     383      713      112      187      706      1212     882      772      569      1016     275      634      1586     1267     1077     514      1487     743      436      1441     927      1539     1150     1210     754      289      842      419      1136     1227     770      1263     1487     1379     677      763      1374     350      1147     40       1294     1127     257      747      778      1355     897      1527     601      
14       1255     210      957      692      1302     52       1541     1251     1539     1681     1349     941      653      741      0        586      1363     558      659      145      901      1331     540      1557     96       1648     1398     1839     189      958      421      1102     738      65       629      709      222      919      1384     264      620      766      647      912      2025     1003     1025     1255     1525     1483     1151     1793     1079     1342     1455     1026     367      581      1078     638      1732     1696     1215     1690     1572     1588     119      1340     1585     660      1452     709      1801     1346     636      200      99       1714     1593     1630     852      
15       876      506      396      106      735      621      1040     934      954      1120     762      360      68       474      586      0        780      345      340      475      360      751      147      1058     503      1110     1004     1256     487      591      232      784      189      603      414      306      416      739      802      450      97       543      204      329      1441     792      625      903      1082     1120     712      1222     551      1072     888      739      372      189      516      77       1163     1109     630      1106     1102     1058     471      777      1054     145      885      436      1215     803      219      464      558      1140     1090     1153     269      
16       763      1281     513      680      380      1393     536      902      270      587      147      464      712      986      1363     780      0        1002     915      1240     587      265      871      553      1283     466      788      476      1264     892      960      843      675      1384     1016     830      1170     1019     244      1180     744      918      810      452      661      1002     672      1037     719      1146     795      458      393      1052     189      877      1073     862      316      744      573      354      224      328      665      453      1245     407      448      754      186      971      481      286      831      1214     1322     372      796      675      511      
17       1221     373      502      383      822      609      1352     1279     1105     1178     937      537      391      190      558      345      1002     0        109      527      430      884      197      1371     462      1396     1347     1458     378      400      461      1128     333      536      85       186      516      1062     942      583      442      865      196      591      1636     1123     970      703      1415     932      596      1460     866      1415     1146     1080     571      163      802      315      1241     1282     802      1304     1427     1351     488      853      1347     266      1143     154      1365     1095     173      556      589      1374     1048     1474     544      
18       1196     481      407      346      716      709      1294     1266     1004     1069     842      454      369      135      659      340      915      109      0        615      333      782      209      1313     563      1325     1316     1363     484      306      505      1119     268      641      101      85       594      1077     841      657      435      881      145      528      1540     1132     949      618      1371     846      492      1373     814      1408     1068     1077     628      154      739      288      1132     1184     709      1209     1377     1284     581      746      1279     222      1065     96       1263     1029     124      638      683      1287     940      1420     488      
19       1111     261      862      582      1206     157      1399     1108     1428     1590     1235     836      538      717      145      475      1240     527      615      0        813      1226     459      1414     133      1509     1254     1715     228      921      285      958      644      198      607      650      78       783      1277     125      495      624      573      791      1901     866      880      1229     1380     1458     1100     1662     942      1203     1323     883      222      509      947      536      1636     1579     1104     1568     1427     1449     54       1247     1445     571      1320     681      1689     1208     567      61       82       1585     1526     1486     732      
20       1004     763      74       270      403      943      1013     1101     675      780      509      150      323      400      901      360      587      430      333      813      0        454      360      1032     808      1018     1102     1030     756      356      593      972      172      901      432      247      764      1007     512      806      404      826      260      278      1207     1040     780      618      1123     813      389      1044     568      1255     750      953      732      325      465      285      833      852      376      876      1112     984      797      440      978      242      747      384      936      737      276      812      893      958      730      1147     274      
21       988      1212     385      644      117      1369     801      1121     222      401      119      391      691      823      1331     751      265      884      782      1226     454      0        800      819      1242     724      1033     595      1202     684      967      1038     596      1339     877      699      1166     1175     59       1192     749      1040     711      462      763      1174     850      785      979      881      553      651      561      1276     452      1057     1098     773      446      693      423      404      143      446      930      717      1220     141      712      676      450      817      481      542      729      1213     1309     567      541      941      515      
22       1024     414      418      204      762      583      1175     1081     1014     1141     831      418      200      343      540      147      871      197      209      459      360      800      0        1193     447      1233     1151     1342     402      495      298      930      204      541      270      205      421      872      855      474      244      675      114      432      1525     930      773      812      1226     1037     650      1324     685      1217     998      883      428      58       635      133      1192     1181     695      1189     1243     1184     439      800      1180     123      994      303      1277     928      113      468      537      1240     1067     1291     378      
23       438      1547     969      990      932      1570     19       565      765      1094     701      883      995      1417     1557     1058     553      1371     1313     1414     1032     819      1193     0        1502     199      361      660      1521     1380     1139     607      1045     1598     1413     1235     1336     859      795      1315     979      872      1178     785      788      798      560      1571     207      1695     1324     487      507      667      374      683      1201     1209     575      1061     1054     718      748      621      122      143      1440     960      146      1104     376      1392     841      299      1201     1369     1486     476      1343     122      827      
24       1220     135      865      607      1209     146      1485     1227     1452     1588     1263     853      571      647      96       503      1283     462      563      133      808      1242     447      1502     0        1584     1362     1759     106      862      362      1075     647      100      535      613      194      910      1296     256      546      744      552      831      1945     991      983      1161     1481     1389     1055     1719     1015     1327     1382     1002     339      486      1005     550      1640     1612     1129     1609     1523     1526     80       1247     1522     568      1379     614      1715     1279     541      194      146      1639     1497     1580     771      
25       623      1613     948      1028     841      1666     196      756      624      944      605      875      1043     1415     1648     1110     466      1396     1325     1509     1018     724      1233     199      1584     0        559      464      1590     1347     1226     782      1063     1682     1427     1243     1432     1027     688      1419     1043     1014     1199     805      589      973      701      1503     404      1605     1261     288      568      865      278      852      1305     1240     597      1099     894      546      685      444      311      68       1529     862      69       1131     280      1395     660      306      1222     1468     1584     285      1218     282      855      
26       143      1436     1055     970      1130     1400     362      218      1043     1371     926      957      955      1439     1398     1004     788      1347     1316     1254     1102     1033     1151     361      1362     559      0        1010     1405     1458     1010     316      1056     1449     1406     1251     1177     565      1026     1138     911      644      1171     824      1148     489      386      1701     179      1861     1454     844      536      306      653      400      1031     1184     652      1033     1346     1038     923      950      273      497      1291     1168     499      1094     653      1406     1169     503      1193     1199     1313     824      1574     333      843      
27       1050     1754     956      1154     695      1869     653      1190     386      600      521      926      1188     1415     1839     1256     476      1458     1363     1715     1030     595      1342     660      1759     464      1010     0        1738     1279     1434     1184     1141     1860     1462     1278     1645     1404     538      1652     1220     1343     1272     928      186      1367     1054     1337     867      1375     1129     185      821      1315     427      1241     1543     1328     776      1218     526      205      655      154      776      517      1721     690      514      1222     429      1407     241      592      1292     1688     1797     187      923      744      988      
28       1265     34       819      584      1160     242      1504     1282     1417     1533     1233     819      556      556      189      487      1264     378      484      228      756      1202     402      1521     106      1590     1405     1738     0        776      395      1128     607      157      444      544      273      981      1258     343      547      805      496      815      1923     1059     1021     1068     1514     1296     975      1709     1024     1390     1375     1059     407      431      1001     520      1589     1582     1096     1586     1550     1535     174      1196     1531     525      1372     525      1680     1284     482      285      252      1627     1424     1605     756      
29       1357     767      412      549      585      1009     1360     1449     895      869      779      505      592      225      958      591      892      400      306      921      356      684      495      1380     862      1347     1458     1279     776      0        793      1313     436      934      333      291      900      1317     741      961      672      1125     392      633      1439     1361     1126     316      1479     542      214      1330     924      1600     1071     1286     924      437      820      519      944      1081     668      1131     1464     1320     886      597      1314     446      1068     251      1131     1081     385      944      988      1244     676      1497     621      
30       870      426      627      331      961      442      1123     892      1160     1346     964      581      280      635      421      232      960      461      505      285      593      967      298      1139     362      1226     1010     1434     395      793      0        738      421      458      545      502      211      619      1015     225      219      429      403      517      1620     690      626      1109     1121     1332     935      1377     658      1009     1038     673      140      357      662      308      1385     1303     837      1288     1160     1167     302      1004     1164     367      1035     594      1417     924      408      254      364      1300     1323     1218     458      
31       180      1160     943      778      1112     1099     601      154      1113     1421     953      844      750      1250     1102     784      843      1128     1119     958      972      1038     930      607      1075     782      316      1184     1128     1313     738      0        882      1156     1198     1068     884      255      1050     838      687      336      975      701      1346     191      196      1590     480      1776     1354     1044     478      289      771      83       736      973      597      831      1415     1160     905      1089     559      714      999      1156     714      900      770      1214     1295     601      994      901      1012     1001     1564     623      697      
32       942      618      218      114      563      779      1026     1023     810      946      628      215      163      383      738      189      675      333      268      644      172      596      204      1045     647      1063     1056     1141     607      436      421      882      0        744      368      196      593      881      651      633      246      692      137      260      1324     924      701      736      1104     947      531      1132     546      1171     814      851      561      186      471      113      994      977      491      988      1108     1019     631      603      1014     81       810      352      1073     763      160      641      725      1047     902      1151     219      
33       1306     170      960      707      1304     106      1581     1306     1551     1680     1362     952      671      713      65       603      1384     536      641      198      901      1339     541      1598     100      1682     1449     1860     157      934      458      1156     744      0        601      697      272      979      1394     321      646      822      643      932      2045     1062     1072     1224     1572     1451     1132     1819     1113     1401     1482     1081     419      577      1105     648      1734     1711     1228     1709     1616     1624     159      1341     1621     664      1479     683      1814     1378     631      257      164      1739     1580     1674     872      
34       1284     434      506      437      806      681      1394     1347     1099     1148     941      556      452      112      629      414      1016     85       101      607      432      877      270      1413     535      1427     1406     1462     444      333      545      1198     368      601      0        186      599      1141     936      667      511      944      237      628      1637     1200     1034     626      1467     855      539      1474     912      1486     1170     1152     656      225      839      373      1214     1280     808      1308     1475     1385     566      833      1380     313      1167     82       1355     1130     214      639      667      1388     997      1519     586      
35       1136     544      321      289      636      757      1216     1212     921      995      757      369      321      187      709      306      830      186      85       650      247      699      205      1235     613      1243     1251     1278     544      291      502      1068     196      697      186      0        620      1044     757      677      395      848      102      450      1455     1094     892      607      1300     831      450      1288     741      1357     984      1031     634      147      660      241      1056     1099     623      1124     1302     1203     621      667      1198     169      981      157      1180     949      93       666      723      1202     884      1344     414      
36       1034     307      809      522      1151     234      1321     1035     1365     1536     1170     776      475      706      222      416      1170     516      594      78       764      1166     421      1336     194      1432     1177     1645     273      900      211      884      593      272      599      620      0        716      1216     73       427      551      535      724      1831     797      802      1212     1302     1441     1070     1588     866      1133     1249     810      147      475      874      482      1579     1512     1041     1499     1349     1371     116      1193     1368     524      1246     668      1624     1132     532      48       153      1511     1486     1408     665      
37       435      1015     997      767      1229     908      851      365      1285     1572     1108     905      726      1212     919      739      1019     1062     1077     783      1007     1175     872      859      910      1027     565      1404     981      1317     619      255      881      979      1141     1044     716      0        1197     658      648      196      943      767      1573     86       352      1616     734      1820     1396     1277     628      425      981      176      574      923      730      802      1577     1357     1033     1297     814      958      831      1275     957      876      979      1173     1491     812      958      722      823      1226     1671     878      744      
38       990      1268     442      695      164      1422     777      1125     163      375      100      443      740      882      1384     802      244      942      841      1277     512      59       855      795      1296     688      1026     538      1258     741      1015     1050     651      1394     936      757      1216     1197     0        1240     795      1069     768      504      704      1192     865      831      963      917      604      599      575      1279     422      1073     1144     830      466      746      386      345      179      389      908      686      1272     175      681      732      420      876      424      528      786      1263     1360     516      552      916      559      
39       995      377      846      553      1184     261      1300     987      1385     1569     1189     805      503      772      264      450      1180     583      657      125      806      1192     474      1315     256      1419     1138     1652     343      961      225      838      633      321      667      677      73       658      1240     0        445      502      588      741      1838     741      771      1275     1270     1503     1125     1587     858      1079     1248     762      114      530      876      520      1610     1526     1063     1508     1321     1357     176      1226     1354     569      1246     734      1642     1124     586      64       175      1513     1532     1382     683      
40       781      570      425      134      748      649      962      837      940      1132     745      367      83       569      620      97       744      442      435      495      404      749      244      979      546      1043     911      1220     547      672      219      687      246      646      511      395      427      648      795      445      0        453      296      297      1406     698      529      980      994      1193     777      1173     477      975      835      642      350      285      458      154      1168     1085     618      1073     1018     988      502      792      984      228      832      531      1198     737      312      472      577      1093     1130     1070     238      
41       501      838      823      577      1081     762      860      484      1174     1441     987      736      533      1016     766      543      918      865      881      624      826      1040     675      872      744      1014     644      1343     805      1125     429      336      692      822      944      848      551      196      1069     502      453      0        747      604      1520     261      313      1428     790      1635     1214     1235     528      585      915      259      404      727      609      608      1455     1269     897      1220     854      946      667      1127     944      682      913      976      1399     757      762      566      676      1175     1512     918      573      
42       1051     503      325      201      664      692      1159     1121     930      1037     754      346      225      275      647      204      810      196      145      573      260      711      114      1178     552      1199     1171     1272     496      392      403      975      137      643      237      102      535      943      768      588      296      747      0        395      1452     995      804      707      1229     929      537      1267     675      1264     951      935      537      65       606      144      1092     1102     618      1118     1238     1155     550      699      1151     77       947      238      1192     899      23       582      649      1182     953      1282     351      
43       725      832      242      231      483      943      766      825      643      857      447      143      260      634      912      329      452      591      528      791      278      462      432      785      831      805      824      928      815      633      517      701      260      932      628      450      724      767      504      741      297      604      395      0        1113     788      506      892      855      1074     653      895      295      980      565      690      641      435      211      300      885      787      325      778      853      760      795      529      755      326      562      607      900      503      418      770      874      812      908      893      60       
44       1202     1937     1134     1339     854      2055     785      1339     544      690      698      1108     1374     1586     2025     1441     661      1636     1540     1901     1207     763      1525     788      1945     589      1148     186      1923     1439     1620     1346     1324     2045     1637     1455     1831     1573     704      1838     1406     1520     1452     1113     0        1532     1226     1472     992      1489     1278     304      1002     1454     605      1406     1729     1510     962      1402     607      359      834      336      896      651      1907     843      649      1404     608      1580     329      764      1473     1874     1983     347      1021     855      1173     
45       365      1093     1024     812      1236     993      792      283      1271     1567     1100     929      773      1267     1003     792      1002     1123     1132     866      1040     1174     930      798      991      973      489      1367     1059     1361     690      191      924      1062     1200     1094     797      86       1192     741      698      261      995      788      1532     0        330      1654     662      1853     1429     1232     617      340      948      126      653      980      727      852      1568     1331     1035     1266     746      905      912      1281     904      925      947      1228     1466     778      1011     805      908      1186     1683     810      770      
46       251      1051     748      603      919      1031     547      322      940      1239     771      649      582      1077     1025     625      672      970      949      880      780      850      773      560      983      701      386      1054     1021     1126     626      196      701      1072     1034     892      802      352      865      771      529      313      804      506      1226     330      0        1397     500      1580     1159     933      289      475      629      207      659      809      405      662      1238     1005     714      944      551      633      913      963      631      728      627      1042     1140     462      824      829      945      879      1370     613      507      
47       1613     1054     651      851      668      1307     1552     1717     956      815      899      750      897      514      1255     903      1037     703      618      1229     618      785      812      1571     1161     1503     1701     1337     1068     316      1109     1590     736      1224     626      607      1212     1616     831      1275     980      1428     707      892      1472     1654     1397     0        1697     229      248      1427     1165     1872     1226     1571     1240     753      1050     829      900      1132     824      1204     1669     1488     1191     658      1483     757      1223     548      1145     1274     701      1255     1292     1346     528      1692     892      
48       300      1543     1067     1032     1086     1531     215      397      953      1284     864      973      1026     1487     1525     1082     719      1415     1371     1380     1123     979      1226     207      1481     404      179      867      1514     1479     1121     480      1104     1572     1467     1300     1302     734      963      1270     994      790      1229     855      992      662      500      1697     0        1839     1449     693      560      475      557      563      1159     1251     658      1100     1249     921      888      826      97       351      1413     1119     354      1153     558      1457     1046     437      1252     1329     1445     684      1515     154      885      
49       1784     1281     833      1061     765      1535     1677     1895     1014     802      1000     931      1109     743      1483     1120     1146     932      846      1458     813      881      1037     1695     1389     1605     1861     1375     1296     542      1332     1776     947      1451     855      831      1441     1820     917      1503     1193     1635     929      1074     1489     1853     1580     229      1839     0        424      1490     1330     2052     1334     1763     1466     978      1211     1045     888      1174     951      1259     1801     1599     1420     742      1593     975      1331     777      1160     1406     925      1484     1521     1415     475      1818     1083     
