
sets
i        orders          /0*20/
k        routes          /1*20/
p        positions       /0*20/
;

alias(i,j)
alias(i,h)
alias(i,hh)
alias(i,jj)
alias(k,kk)
                
                    Parameters

rho(i)	Processing time
/
0	0
1	64
2	30
3	50
4	2
5	3
6	74
7	76
8	29
9	79
10	34
11	33
12	99
13	78
14	29
15	1
16	76
17	48
18	23
19	60
20	74
/

gamma(i)	Duedate
/
0	0
1	98
2	60
3	44
4	24
5	18
6	57
7	25
8	78
9	91
10	64
11	93
12	49
13	20
14	77
15	63
16	86
17	41
18	80
19	1
20	95
/

sigma(i)	Size
/
0	0
1	3
2	1
3	9
4	1
5	1
6	8
7	7
8	6
9	3
10	4
11	1
12	5
13	3
14	9
15	8
16	2
17	5
18	9
19	4
20	3
/

epsilon(i)	Priority
/
0	0
1	2
2	2
3	2
4	2
5	5
6	1
7	6
8	2
9	7
10	7
11	9
12	6
13	1
14	4
15	7
16	9
17	9
18	7
19	8
20	8
/

psi	Vehicle Capacity
/ 27 /
;

Table kappa(i,j)                 Setup
         0        1        2        3        4        5        6        7        8        9        10       11       12       13       14       15       16       17       18       19       20       
0        0        162      179      213      36       34       146      49       28       87       200      93       164      137      48       168      172      166      216      79       204      
1        162      0        74       67       159      136      15       113      154      105      46       176      156      50       124      67       118      102      90       120      78       
2        179      74       0        131      161      147      75       135      183      157      56       225      225      119      159      11       191      175      161      169      150      
3        213      67       131      0        218      194      78       167      198      137      79       201      148      76       168      127      102      89       34       152      29       
4        36       159      161      218      0        24       144      53       62       108      190      128      192      146      70       151      193      185      226      104      213      
5        34       136      147      194      24       0        121      28       50       84       171      114      170      121      49       136      169      160      201      82       188      
6        146      15       75       78       144      121      0        97       139      92       58       164      150      43       109      66       116      100      98       107      85       
7        49       113      135      167      53       28       97       0        48       59       151      102      146      93       30       123      141      133      173      60       161      
8        28       154      183      198      62       50       139      48       0        65       195      65       136      121      30       172      147      143      197      54       186      
9        87       105      157      137      108      84       92       59       65       0        151      71       88       62       39       145      85       79       132      15       122      
10       200      46       56       79       190      171      58       151      195      151      0        222      199      96       166      56       159      143      112      165      102      
11       93       176      225      201      128      114      164      102      65       71       222      0        90       130      72       214      119      123      188      57       180      
12       164      156      225      148      192      170      150      146      136      88       199      90       0        106      121      215      46       59       123      88       120      
13       137      50       119      76       146      121      43       93       121      62       96       130      106      0        91       109      73       58       80       77       67       
14       48       124      159      168      70       49       109      30       30       39       166      72       121      91       0        147      124      118      168      33       156      
15       168      67       11       127      151      136      66       123      172      145      56       214      215      109      147      0        182      167      156      157      144      
16       172      118      191      102      193      169      116      141      147      85       159      119      46       73       124      182      0        16       77       92       74       
17       166      102      175      89       185      160      100      133      143      79       143      123      59       58       118      167      16       0        67       89       62       
18       216      90       161      34       226      201      98       173      197      132      112      188      123      80       168      156      77       67       0        145      13       
19       79       120      169      152      104      82       107      60       54       15       165      57       88       77       33       157      92       89       145      0        135      
20       204      78       150      29       213      188      85       161      186      122      102      180      120      67       156      144      74       62       13       135      0        
;



Table delta(i,j)                 Distance
         0        1        2        3        4        5        6        7        8        9        10       11       12       13       14       15       16       17       18       19       20       
0        0        14020    8760     9920     9700     10380    9880     9320     6860     7980     10440    14120    1700     2540     13680    9360     8740     3620     3060     12900    2880     
1        14020    0        428      385      265      487      345      303      438      372      367      19       696      588      91       233      333      607      662      118      600      
2        8760     428      0        64       169      107      488      418      102      416      530      421      486      314      470      288      109      269      500      452      295      
3        9920     385      64       0        144      108      490      418      153      428      531      376      539      370      436      278      106      332      548      423      354      
4        9700     265      169      144      0        251      355      283      175      306      395      261      505      360      301      138      67       357      494      283      360      
5        10380    487      107      108      251      0        591      519      204      522      632      477      575      401      543      383      205      340      597      531      375      
6        9880     345      488      490      355      591      0        72       422      99       41       361      452      429      275      218      386      495      394      234      461      
7        9320     303      418      418      283      519      72       0        355      75       113      317      435      385      247      146      314      444      386      204      414      
8        6860     438      102      153      175      204      422      355      0        339      463      435      385      216      460      248      111      188      397      434      203      
9        7980     372      416      428      306      522      99       75       339      0        134      385      363      330      321      182      322      397      311      278      362      
10       10440    367      530      531      395      632      41       113      463      134      0        384      475      463      290      257      427      532      413      251      496      
11       14120    19       421      376      261      477      361      317      435      385      384      0        703      591      110      239      328      607      671      136      601      
12       1700     696      486      539      505      575      452      435      385      363      475      703      0        174      668      464      466      250      73       627      205      
13       2540     588      314      370      360      401      429      385      216      330      463      591      174      0        581      358      311      89       206      544      41       
14       13680    91       470      436      301      543      275      247      460      321      290      110      668      581      0        224      366      613      626      42       598      
15       9360     233      288      278      138      383      218      146      248      182      257      239      464      358      224      0        179      388      434      191      374      
16       8740     333      109      106      67       205      386      314      111      322      427      328      466      311      366      179      0        297      465      345      306      
17       3620     607      269      332      357      340      495      444      188      397      532      607      250      89       613      388      297      0        292      580      49       
18       3060     662      500      548      494      597      394      386      397      311      413      671      73       206      626      434      465      292      0        584      244      
19       12900    118      452      423      283      531      234      204      434      278      251      136      627      544      42       191      345      580      584      0        563      
20       2880     600      295      354      360      375      461      414      203      362      496      601      205      41       598      374      306      49       244      563      0        
;

