
sets
i        orders          /0*20/
k        routes          /1*20/
p        positions       /0*20/
;

alias(i,j)
alias(i,h)
alias(i,hh)
alias(i,jj)
alias(k,kk)
                
                    Parameters

rho(i)	Processing time
/
0	0
1	45
2	82
3	36
4	91
5	62
6	78
7	27
8	90
9	87
10	88
11	26
12	93
13	40
14	59
15	45
16	38
17	33
18	6
19	28
20	56
/

gamma(i)	Duedate
/
0	0
1	76
2	43
3	65
4	2
5	83
6	39
7	77
8	36
9	83
10	46
11	44
12	47
13	87
14	81
15	82
16	80
17	42
18	4
19	47
20	97
/

sigma(i)	Size
/
0	0
1	2
2	9
3	1
4	6
5	4
6	5
7	7
8	3
9	3
10	3
11	4
12	4
13	9
14	3
15	8
16	3
17	5
18	7
19	8
20	4
/

epsilon(i)	Priority
/
0	0
1	3
2	6
3	5
4	4
5	7
6	6
7	6
8	5
9	9
10	2
11	3
12	2
13	7
14	9
15	9
16	3
17	2
18	5
19	9
20	3
/

psi	Vehicle Capacity
/ 35 /
;

Table kappa(i,j)                 Setup
         0        1        2        3        4        5        6        7        8        9        10       11       12       13       14       15       16       17       18       19       20       
0        0        33       164      140      130      45       129      136      107      93       129      127      154      57       122      85       157      140      94       26       108      
1        33       0        134      146      139      29       144      105      79       86       121      140      140      47       103      52       140      121      64       45       92       
2        164      134      0        178      181      121      202      28       58       116      118      193      103      121      74       84       85       72       113      179      88       
3        140      146      178      0        13       119      36       166      137      71       61       27       86       101      104      159      104      108      197      165      93       
4        130      139      181      13       0        112      25       167      137      69       66       15       93       95       106      155      111      112      192      155      94       
5        45       29       121      119      112      0        121      94       63       56       91       115      112      18       77       52       114      95       81       67       65       
6        129      144      202      36       25       121      0        186      155      87       90       10       118      105      128      168      136      136      202      153      114      
7        136      105      28       166      167      94       186      0        33       98       108      177      101      96       63       56       86       68       87       150      73       
8        107      79       58       137      137      63       155      33       0        68       84       147      85       63       42       40       76       54       81       124      45       
9        93       86       116      71       69       56       87       98       68       0        35       79       61       39       45       88       69       58       128      119      29       
10       129      121      118      61       66       91       90       108      84       35       0        80       31       74       44       114      46       47       157      154      38       
11       127      140      193      27       15       115      10       177      147      79       80       0        108      99       118      162      126      126      197      152      105      
12       154      140      103      86       93       112      118      101      85       61       31       108      0        97       43       122      19       33       165      178      48       
13       57       47       121      101      95       18       105      96       63       39       74       99       97       0        66       64       100      84       97       81       51       
14       122      103      74       104      106      77       128      63       42       45       44       118      43       66       0        79       37       18       122      144      16       
15       85       52       84       159      155      52       168      56       40       88       114      162      122      64       79       0        115      94       42       95       77       
16       157      140      85       104      111      114      136      86       76       69       46       126      19       100      37       115      0        21       158      181      49       
17       140      121      72       108      112      95       136      68       54       58       47       126      33       84       18       94       21       0        136      162      32       
18       94       64       113      197      192      81       202      87       81       128      157      197      165      97       122      42       158      136      0        93       119      
19       26       45       179      165      155      67       153      150      124      119      154      152      178      81       144      95       181      162      93       0        132      
20       108      92       88       93       94       65       114      73       45       29       38       105      48       51       16       77       49       32       119      132      0        
;



Table delta(i,j)                 Distance
         0        1        2        3        4        5        6        7        8        9        10       11       12       13       14       15       16       17       18       19       20       
0        0        3620     3120     3620     6140     7660     8800     5200     7140     5340     12000    3460     6600     10000    7180     920      9460     3860     10620    9660     1700     
1        3620     0        86       209      451      326      362      210      528      305      700      290      504      446      260      144      407      314      506      399      97       
2        3120     86       0        256      458      405      446      284      513      356      733      308      485      526      345      110      489      330      581      484      84       
3        3620     209      256      0        275      210      273      102      388      99       492      118      372      322      214      195      299      138      350      316      181      
4        6140     451      458      275      0        424      488      364      143      242      317      163      145      491      469      352      492      140      464      528      376      
5        7660     326      405      210      424      0        65       126      560      183      516      307      551      121      96       386      89       318      185      108      355      
6        8800     362      446      273      488      65       0        180      626      248      561      373      617      95       105      439      49       384      183      43       404      
7        5200     210      284      102      364      126      180      0        486      136      535      217      471      247      112      260      214      235      297      223      229      
8        7140     528      513      388      143      560      626      486      0        377      398      269      31       634      596      402      632      251      607      666      439      
9        5340     305      356      99       242      183      248      136      377      0        403      135      368      268      230      289      258      140      273      289      279      
10       12000    700      733      492      317      516      561      535      398      403      0        428      420      507      601      639      535      407      429      583      650      
11       3460     290      308      118      163      307      373      217      269      135      428      0        253      402      329      211      389      23       406      415      223      
12       6600     504      485      372      145      551      617      471      31       368      420      253      0        629      582      375      625      237      607      658      413      
13       10000    446      526      322      491      121      95       247      634      268      507      402      629      0        198      505      46       408      94       88       476      
14       7180     260      345      214      469      96       105      112      596      230      601      329      582      198      0        350      153      345      276      139      311      
15       920      144      110      195      352      386      439      260      402      289      639      211      375      505      350      0        475      232      543      480      47       
16       9460     407      489      299      492      89       49       214      632      258      535      389      625      46       153      475      0        398      138      48       442      
17       3860     314      330      138      140      318      384      235      251      140      407      23       237      408      345      232      398      0        406      426      246      
18       10620    506      581      350      464      185      183      297      607      273      429      406      607      94       276      543      138      406      0        182      520      
19       9660     399      484      316      528      108      43       223      666      289      583      415      658      88       139      480      48       426      182      0        444      
20       1700     97       84       181      376      355      404      229      439      279      650      223      413      476      311      47       442      246      520      444      0        
;

