
sets
i        orders          /0*20/
k        routes          /1*20/
p        positions       /0*20/
;

alias(i,j)
alias(i,h)
alias(i,hh)
alias(i,jj)
alias(k,kk)
                
                    Parameters

rho(i)	Processing time
/
0	0
1	37
2	97
3	39
4	6
5	41
6	6
7	89
8	47
9	14
10	56
11	37
12	72
13	94
14	88
15	80
16	41
17	75
18	27
19	24
20	58
/

gamma(i)	Duedate
/
0	0
1	74
2	10
3	91
4	34
5	6
6	97
7	99
8	85
9	93
10	51
11	52
12	65
13	42
14	8
15	76
16	29
17	50
18	5
19	70
20	32
/

sigma(i)	Size
/
0	0
1	9
2	7
3	2
4	8
5	3
6	4
7	7
8	1
9	1
10	1
11	2
12	7
13	8
14	2
15	7
16	3
17	5
18	1
19	6
20	2
/

epsilon(i)	Priority
/
0	0
1	6
2	4
3	2
4	8
5	9
6	4
7	7
8	6
9	9
10	8
11	5
12	6
13	4
14	5
15	6
16	4
17	3
18	7
19	7
20	1
/

psi	Vehicle Capacity
/ 41 /
;

Table kappa(i,j)                 Setup
         0        1        2        3        4        5        6        7        8        9        10       11       12       13       14       15       16       17       18       19       20       
0        0        76       95       104      17       51       157      51       47       157      45       125      140      53       53       23       142      88       17       205      82       
1        76       0        162      162      87       121      152      121      116      195      118      156      147      44       31       80       98       149      93       194      21       
2        95       162      0        29       96       44       154      96       48       95       86       87       128      148      146      110      187      22       79       198      160      
3        104      162      29       0        110      58       128      117      60       66       107      58       102      155      151      123      170      17       91       171      155      
4        17       87       96       110      0        53       173      35       50       167      30       137      155      56       60       13       159      93       19       222      97       
5        51       121      44       58       53       0        149      61       4        119      50       96       126      104      103      66       162      41       35       197      121      
6        157      152      154      128      173      149      0        202      146      96       191      72       26       180      167      179      82       132      159      48       132      
7        51       121      96       117      35       61       202      0        61       181      11       157      181      84       91       40       194      101      43       250      132      
8        47       116      48       60       50       4        146      61       0        120      50       95       124      100      99       64       158      43       32       195      117      
9        157      195      95       66       167      119      96       181      120      0        170      38       74       202      194      179      166      81       148      126      182      
10       45       118      86       107      30       50       191      11       50       170      0        146      171      84       90       39       186      90       34       240      127      
11       125      156      87       58       137      96       72       157      95       38       146      0        46       167      158      148      131      67       119      112      143      
12       140      147      128      102      155      126      26       181      124      74       171      46       0        169      157      163      94       106      139      71       129      
13       53       44       148      155      56       104      180      84       100      202      84       167      169      0        14       44       139      140      70       225      63       
14       53       31       146      151      60       103      167      91       99       194      90       158      157      14       0        51       125      136      70       212      49       
15       23       80       110      123      13       66       179      40       64       179      39       148      163      44       51       0        159      107      32       228      92       
16       142      98       187      170      159      162      82       194      158      166      186      131      94       139      125      159      0        166      153      108      77       
17       88       149      22       17       93       41       132      101      43       81       90       67       106      140      136      107      166      0        74       177      144      
18       17       93       79       91       19       35       159      43       32       148      34       119      139      70       70       32       153      74       0        208      98       
19       205      194      198      171      222      197      48       250      195      126      240      112      71       225      212      228      108      177      208      0        173      
20       82       21       160      155      97       121      132      132      117      182      127      143      129      63       49       92       77       144      98       173      0        
;



Table delta(i,j)                 Distance
         0        1        2        3        4        5        6        7        8        9        10       11       12       13       14       15       16       17       18       19       20       
0        0        2520     10480    9040     4780     9720     5480     9120     7100     10880    5780     11840    4340     9180     4260     9560     3400     4700     3780     8620     2020     
1        2520     0        412      478      314      458      197      540      430      462      392      596      329      387      317      365      80       245      66       313      87       
2        10480    412      0        571      586      402      275      771      661      194      699      582      666      225      640      47       354      439      346      106      431      
3        9040     478      571      0        246      201      364      252      195      431      317      160      357      354      327      545      419      232      479      552      396      
4        4780     314      586      246      0        363      314      225      117      522      115      404      117      427      85       546      292      148      347      524      229      
5        9720     458      402      201      363      0        280      448      367      237      466      181      479      177      447      386      381      256      431      411      398      
6        5480     197      275      364      314      280      0        515      401      270      425      443      391      190      364      232      117      172      155      211      173      
7        9120     540      771      252      225      448      515      0        115      663      183      389      258      576      248      736      514      343      572      725      455      
8        7100     430      661      195      117      367      401      115      0        566      129      353      187      475      165      624      400      228      458      612      343      
9        10880    462      194      431      522      237      270      663      566      0        636      406      624      94       593      200      385      377      407      253      443      
10       5780     392      699      317      115      466      425      183      129      636      0        478      77       542      76       658      387      263      437      633      314      
11       11840    596      582      160      404      181      443      389      353      406      478      0        517      357      487      567      526      359      583      592      522      
12       4340     329      666      357      117      479      391      258      187      624      77       517      0        530      32       623      335      247      379      592      258      
13       9180     387      225      354      427      177      190      576      475      94       542      357      530      0        499      210      308      283      339      243      358      
14       4260     317      640      327      85       447      364      248      165      593      76       487      32       499      0        597      316      216      363      568      241      
15       9560     365      47       545      546      386      232      736      624      200      658      567      623      210      597      0        308      400      299      64       385      
16       3400     80       354      419      292      381      117      514      400      385      387      526      335      308      316      308      0        190      61       265      79       
17       4700     245      439      232      148      256      172      343      228      377      263      359      247      283      216      400      190      0        251      384      164      
18       3780     66       346      479      347      431      155      572      458      407      437      583      379      339      363      299      61       251      0        246      122      
19       8620     313      106      552      524      411      211      725      612      253      633      592      592      243      568      64       265      384      246      0        344      
20       2020     87       431      396      229      398      173      455      343      443      314      522      258      358      241      385      79       164      122      344      0        
;

