
sets
i        orders          /0*20/
k        routes          /1*20/
p        positions       /0*20/
;

alias(i,j)
alias(i,h)
alias(i,hh)
alias(i,jj)
alias(k,kk)
                
                    Parameters

rho(i)	Processing time
/
0	0
1	48
2	64
3	63
4	59
5	13
6	39
7	52
8	79
9	29
10	89
11	72
12	79
13	7
14	14
15	80
16	41
17	36
18	88
19	94
20	59
/

gamma(i)	Duedate
/
0	0
1	60
2	86
3	51
4	75
5	81
6	36
7	30
8	5
9	77
10	61
11	62
12	30
13	47
14	51
15	39
16	35
17	1
18	76
19	61
20	50
/

sigma(i)	Size
/
0	0
1	9
2	5
3	4
4	5
5	9
6	8
7	9
8	6
9	4
10	3
11	7
12	9
13	8
14	4
15	3
16	1
17	8
18	2
19	9
20	4
/

epsilon(i)	Priority
/
0	0
1	7
2	7
3	3
4	4
5	7
6	4
7	5
8	6
9	8
10	6
11	5
12	8
13	7
14	4
15	5
16	6
17	7
18	7
19	2
20	7
/

psi	Vehicle Capacity
/ 25 /
;

Table kappa(i,j)                 Setup
         0        1        2        3        4        5        6        7        8        9        10       11       12       13       14       15       16       17       18       19       20       
0        0        67       24       64       58       53       80       197      18       160      128      72       95       190      122      37       83       184      119      176      81       
1        67       0        55       104      54       83       99       132      69       120      128      107      30       123      147      47       111      117      54       113      45       
2        24       55       0        88       68       74       100      187      15       164      144      94       80       179      144      47       104      171      103      157      83       
3        64       104      88       0        56       21       30       210      82       141      79       8        134      207      58       57       22       210      157      216      86       
4        58       54       68       56       0        35       45       155      73       102      79       57       81       151      93       21       58       153      102      161      30       
5        53       83       74       21       35       0        27       189      71       126      76       24       113      186      70       36       30       188      135      194      64       
6        80       99       100      30       45       27       0        187      98       112      50       24       127      187      47       57       15       192      147      205      68       
7        197      132      187      210      155      189      187      0        202      101      179      208      112      16       223      166      203      40       95       92       125      
8        18       69       15       82       73       71       98       202      0        173      146      90       95       193      140      52       101      186      118      172      92       
9        160      120      164      141      102      126      112      101      173      0        85       136      125      109      134      122      126      127      127      165      81       
10       128      128      144      79       79       76       50       179      146      85       0        70       150      183      50       98       57       194      165      219      86       
11       72       107      94       8        57       24       24       208      90       136      70       0        137      206      50       60       13       209      159      218      85       
12       95       30       80       134      81       113      127      112      95       125      150      137      0        101      174      78       139      91       24       82       64       
13       190      123      179      207      151      186      187      16       193      109      183      206      101      0        225      160      202      24       82       76       122      
14       122      147      144      58       93       70       47       223      140      134      50       50       174      225      0        104      39       233      193      251      113      
15       37       47       47       57       21       36       57       166      52       122      98       60       78       160      104      0        66       159      101      160      44       
16       83       111      104      22       58       30       15       203      101      126      57       13       139      202      39       66       0        207      160      219      83       
17       184      117      171      210      153      188      192      40       186      127      194      209      91       24       233      159      207      0        69       52       124      
18       119      54       103      157      102      135      147      95       118      127      165      159      24       82       193      101      160      69       0        59       80       
19       176      113      157      216      161      194      205      92       172      165      219      218      82       76       251      160      219      52       59       0        138      
20       81       45       83       86       30       64       68       125      92       81       86       85       64       122      113      44       83       124      80       138      0        
;



Table delta(i,j)                 Distance
         0        1        2        3        4        5        6        7        8        9        10       11       12       13       14       15       16       17       18       19       20       
0        0        1840     1160     8660     7660     4780     5240     3860     7960     4160     6280     5080     1520     9900     7440     5460     6460     8440     5320     5800     10040    
1        1840     0        37       511      465      315      353      267      489      299      402      282      29       585      409      362      311      466      254      383      592      
2        1160     37       0        487      438      279      316      244      452      262      372      257      38       549      403      331      324      458      267      348      556      
3        8660     511      487      0        59       439      328      244      329      330      155      594      484      377      263      195      444      233      431      256      390      
4        7660     465      438      59       0        380      269      200      279      271      96       535      438      338      268      135      431      251      410      198      350      
5        4780     315      279      439      380      0        117      292      222      112      284      175      311      305      514      246      537      543      484      190      308      
6        5240     353      316      328      269      117      0        228      136      55       173      289      339      232      441      141      506      459      459      73       239      
7        3860     267      244      244      200      292      228      0        328      190      159      400      239      419      221      134      286      255      246      201      430      
8        7960     489      452      329      279      222      136      328      0        190      206      395      474      97       513      202      614      516      573      127      105      
9        4160     299      262      330      271      112      55       190      190      0        176      266      284      287      409      135      458      434      409      98       294      
10       6280     402      372      155      96       284      173      159      206      176      0        442      378      282      308      44       433      310      400      104      294      
11       5080     282      257      594      535      175      289      400      395      266      442      0        295      472      611      400      576      653      518      359      473      
12       1520     29       38       484      438      311      339      239      474      284      378      295      0        571      379      339      288      437      231      364      579      
13       9900     585      549      377      338      305      232      419      97       287      282      472      571      0        590      288      705      586      665      220      13       
14       7440     409      403      263      268      514      441      221      513      409      308      611      379      590      0        313      202      64       213      395      603      
15       5460     362      331      195      135      246      141      134      202      135      44       400      339      288      313      0        418      324      381      82       299      
16       6460     311      324      444      431      537      506      286      614      458      433      576      288      705      202      418      0        264      57       487      716      
17       8440     466      458      233      251      543      459      255      516      434      310      653      437      586      64       324      264      0        277      406      598      
18       5320     254      267      431      410      484      459      246      573      409      400      518      231      665      213      381      57       277      0        445      676      
19       5800     383      348      256      198      190      73       201      127      98       104      359      364      220      395      82       487      406      445      0        230      
20       10040    592      556      390      350      308      239      430      105      294      294      473      579      13       603      299      716      598      676      230      0        
;

