

sets
i        orders          /0*80/
k        routes          /1*80/
p        positions       /0*80/
;

alias(i,j)
alias(i,h)
alias(i,hh)
alias(i,jj)
alias(k,kk)
                            Parameters

rho(i)	Processing time
/
0	0
1	24
2	40
3	46
4	98
5	31
6	81
7	13
8	21
9	76
10	30
11	69
12	85
13	78
14	6
15	95
16	50
17	72
18	37
19	12
20	60
21	34
22	27
23	37
24	1
25	67
26	75
27	60
28	81
29	97
30	53
31	23
32	83
33	50
34	80
35	75
36	37
37	11
38	16
39	14
40	56
41	39
42	91
43	8
44	63
45	31
46	22
47	51
48	30
49	14
50	15
51	79
52	66
53	84
54	88
55	43
56	61
57	76
58	95
59	64
60	37
61	56
62	80
63	51
64	96
65	82
66	31
67	27
68	11
69	95
70	55
71	40
72	96
73	87
74	54
75	98
76	44
77	83
78	10
79	48
80	84
/

gamma(i)	Duedate
/
0	0
1	91
2	39
3	72
4	15
5	13
6	36
7	92
8	95
9	88
10	14
11	14
12	9
13	74
14	53
15	77
16	23
17	4
18	74
19	86
20	33
21	32
22	6
23	15
24	63
25	68
26	64
27	25
28	10
29	73
30	37
31	25
32	76
33	68
34	12
35	94
36	49
37	76
38	74
39	80
40	57
41	69
42	21
43	60
44	99
45	81
46	9
47	20
48	20
49	68
50	86
51	42
52	3
53	84
54	99
55	52
56	35
57	83
58	87
59	82
60	25
61	77
62	8
63	72
64	92
65	97
66	28
67	37
68	41
69	26
70	9
71	43
72	99
73	76
74	34
75	88
76	71
77	70
78	47
79	20
80	62
/

sigma(i)	Size
/
0	0
1	6
2	8
3	3
4	4
5	4
6	4
7	7
8	5
9	8
10	4
11	9
12	5
13	9
14	1
15	5
16	6
17	7
18	9
19	3
20	2
21	3
22	1
23	8
24	8
25	2
26	7
27	3
28	7
29	4
30	1
31	3
32	4
33	4
34	5
35	4
36	4
37	1
38	6
39	2
40	4
41	1
42	5
43	8
44	9
45	1
46	5
47	6
48	6
49	8
50	1
51	7
52	5
53	9
54	6
55	7
56	7
57	4
58	3
59	5
60	4
61	8
62	3
63	5
64	3
65	2
66	4
67	9
68	7
69	1
70	6
71	9
72	1
73	3
74	2
75	9
76	6
77	6
78	2
79	4
80	9
/

epsilon(i)	Priority
/
0	0
1	3
2	3
3	7
4	8
5	4
6	5
7	8
8	4
9	7
10	9
11	6
12	3
13	7
14	8
15	5
16	7
17	9
18	8
19	5
20	2
21	8
22	6
23	5
24	4
25	8
26	1
27	8
28	8
29	7
30	1
31	7
32	6
33	6
34	9
35	4
36	9
37	5
38	3
39	5
40	3
41	5
42	8
43	2
44	8
45	8
46	3
47	4
48	8
49	5
50	9
51	2
52	1
53	7
54	9
55	9
56	6
57	6
58	6
59	1
60	6
61	3
62	6
63	8
64	8
65	1
66	1
67	7
68	3
69	1
70	6
71	9
72	4
73	7
74	9
75	3
76	6
77	3
78	2
79	9
80	5
/

psi	Vehicle Capacity
/ 18 /
;

Table kappa(i,j)                 Setup
         0        1        2        3        4        5        6        7        8        9        10       11       12       13       14       15       16       17       18       19       20       21       22       23       24       25       26       27       28       29       30       31       32       33       34       35       36       37       38       39       40       41       42       43       44       45       46       47       48       49       50       51       52       53       54       55       56       57       58       59       60       61       62       63       64       65       66       67       68       69       70       71       72       73       74       75       76       77       78       79       80       
0        0        3888     3122     6213     4286     4866     1819     2542     5177     1824     3833     4067     2533     2921     1765     6250     3595     6391     6046     6122     2837     5913     722      6426     3763     2969     5797     4601     4413     3572     6848     2181     2829     4100     3638     5069     2960     6798     5137     3736     6488     4687     4227     1401     4006     5398     3134     3288     6378     1887     1975     6333     1118     3251     1650     544      3032     3731     1450     3525     4955     466      5487     7355     3139     3005     5315     5507     3976     4331     3645     6654     4316     3058     2761     3521     5319     6456     3267     1006     3399     
1        3888     0        6786     7713     7563     6606     2791     6282     6701     5259     7367     7950     3267     6378     2445     8734     2226     9073     8931     7985     1224     7267     4574     6589     5031     6663     8777     5614     7161     842      7405     2340     6694     264      7486     6343     6835     7864     8760     7365     9657     5236     7764     2520     7892     7164     3368     6958     8682     5741     4859     8252     3621     7071     2501     3867     6664     7418     4885     5263     6542     4263     8139     7480     7026     1537     6280     6487     1332     8119     1341     9954     5171     6937     5163     6207     7230     8092     6675     3619     6634     
2        3122     6786     0        5045     1519     3908     4104     613      4321     1545     3746     1800     4160     670      4361     4039     5713     3945     3436     4607     5598     4975     2709     6416     3910     177      3120     4508     2397     6266     6396     4590     2014     6955     2435     4510     1921     5901     2016     3436     3567     4967     1142     4300     1853     4203     4598     172      4335     1405     2161     4707     3180     2457     4771     3468     3122     632      3286     3359     4123     2663     3247     7158     1432     5542     4957     5064     6475     1408     6149     3631     4514     1878     2516     2140     3992     5090     743      3965     1148     
3        6213     7713     5045     0        3909     1348     5399     5316     1068     4802     8700     6724     4585     4475     5853     2184     5560     2752     3158     725      6648     473      6418     2412     2742     5150     3338     2104     2705     6883     1775     5647     6961     7713     7478     1369     6907     924      5329     8415     4218     2581     4709     6294     6812     864      4351     5076     1802     5833     4287     914      5262     7456     7232     6758     7974     5205     7343     2740     1276     5890     2403     2637     6470     6195     1525     1357     6605     5891     6438     4754     2548     6886     3462     3020     1052     420      4302     7186     3897     
4        4286     7563     1519     3909     0        3028     4774     2067     3424     2473     5207     2877     4535     1379     5129     2561     6097     2429     1920     3353     6339     3953     4031     5697     3630     1687     1611     3975     1235     6924     5477     5241     3507     7693     3805     3737     3395     4819     1595     4885     2202     4548     799      5223     2981     3146     4814     1451     2896     2844     2704     3399     3991     3909     5870     4721     4626     1384     4727     3071     3272     3822     1797     6304     2856     6159     4221     4273     7004     1984     6703     2409     4130     3334     2562     1646     2898     3864     1028     5230     933      
5        4866     6606     3908     1348     3028     0        4137     4099     413      3483     7458     5666     3381     3288     4592     2339     4552     2829     2989     1388     5480     1110     5074     2676     1577     3990     3034     1264     1805     5797     2495     4429     5735     6635     6309     737      5697     2049     4588     7186     4021     1891     3796     5001     5738     572      3251     3967     2158     4551     2941     1649     3930     6245     5925     5410     6708     4173     6004     1433     246      4542     2078     3292     5301     5070     1220     1247     5600     4935     5392     4513     1639     5687     2114     1786     636      1611     3173     5841     2772     
6        1819     2791     4104     5399     4774     4137     0        3669     4333     2558     5645     5494     914      3631     455      6065     1802     6358     6173     5517     1566     5007     2506     5015     2671     4002     6004     3444     4405     2174     5603     486      4483     2919     5301     4080     4584     5779     6023     5531     6869     3322     5012     956      5464     4709     1452     4274     6067     3292     2075     5769     962      4958     1912     2177     4836     4732     3250     2708     4137     1956     5418     5965     4622     1438     4181     4391     2384     5488     2053     7162     3057     4664     2408     3442     4718     5727     3911     2340     3848     
7        2542     6282     613      5316     2067     4099     3669     0        4505     1155     3386     1916     3836     855      3886     4513     5351     4467     3985     4943     5116     5196     2099     6478     3857     441      3679     4534     2775     5803     6547     4151     1644     6463     2232     4636     1598     6134     2600     3099     4170     4934     1755     3775     1924     4457     4322     763      4779     795      1886     5069     2718     2146     4193     2866     2690     1190     2682     3338     4294     2091     3712     7271     1249     5101     5055     5183     6053     1837     5723     4243     4480     1591     2424     2314     4269     5404     1124     3359     1482     
8        5177     6701     4321     1068     3424     413      4333     4505     0        3859     7857     6079     3531     3699     4788     2491     4589     3017     3243     1314     5609     740      5419     2303     1689     4402     3321     1165     2193     5878     2082     4591     6138     6714     6719     466      6103     1665     4971     7588     4295     1749     4199     5226     6152     549      3332     4381     2245     4941     3284     1587     4203     6650     6164     5721     7102     4585     6354     1677     225      4871     2349     2885     5712     5172     897      879      5639     5343     5451     4802     1592     6095     2451     2196     757      1403     3587     6139     3185     
9        1824     5259     1545     4802     2473     3483     2558     1155     3859     0        4082     3064     2680     1143     2823     4495     4201     4594     4227     4571     4061     4591     1712     5599     2890     1446     3974     3646     2649     4721     5794     3044     2465     5421     3200     3889     2489     5525     3502     3848     4674     3962     2519     2808     3062     3942     3173     1715     4666     1150     773      4749     1640     2997     3398     2295     3289     2175     2582     2433     3635     1368     3713     6450     2307     3997     4253     4410     4933     2935     4606     4865     3517     2524     1491     1851     3807     4972     1475     2799     1575     
10       3833     7367     3746     8700     5207     7458     5645     3386     7857     4082     0        2671     6258     4236     5586     7765     7428     7615     7057     8323     6528     8564     3140     9680     6959     3607     6723     7728     6131     7258     9856     6012     1745     7615     1494     7942     1824     9504     4818     337      6898     8019     4566     5138     2530     7839     6850     3771     8077     2940     4811     8439     4809     1298     4866     3604     823      3858     2507     6516     7640     3727     6984     10530    2351     6791     8326     8475     7739     3667     7416     6756     7583     1874     5573     5687     7655     8790     4458     3754     4846     
11       4067     7950     1800     6724     2877     5666     5494     1916     6079     3064     2671     0        5740     2469     5651     5387     7229     5143     4553     6214     6845     6702     3423     8212     5699     1775     4215     6308     4021     7560     8161     5965     1499     8154     1184     6294     1319     7610     2157     2334     4264     6762     2113     5435     140      5910     6236     1710     5751     2222     3802     6273     4531     1527     5639     4203     2409     1519     3532     5154     5890     3690     4660     8940     933      6900     6748     6848     7869     1026     7535     4091     6308     1198     4284     3926     5682     6718     2502     4616     2896     
12       2533     3267     4160     4585     4535     3381     914      3836     3531     2680     6258     5740     0        3590     1331     5467     1574     5816     5706     4769     2103     4172     3143     4101     1842     4094     5579     2569     3947     2504     4696     1063     4925     3331     5727     3237     4999     4907     5935     6108     6501     2411     4911     1870     5731     3950     601      4321     5418     3639     2000     5030     1454     5432     2824     2972     5436     4760     3983     2000     3349     2534     4887     5051     4936     1740     3300     3511     2481     5568     2197     6848     2165     5062     1993     3023     3991     4934     3809     3203     3654     
13       2921     6378     670      4475     1379     3288     3631     855      3699     1143     4236     2469     3590     0        3934     3690     5158     3685     3243     4088     5168     4373     2654     5756     3241     710      2958     3841     1923     5806     5763     4115     2491     6531     3020     3865     2432     5307     2392     3944     3574     4297     1386     3949     2517     3620     3993     790      3939     1535     1598     4213     2758     2980     4530     3344     3546     1185     3382     2689     3495     2454     2888     6512     2012     5062     4304     4418     5969     2018     5650     3735     3844     2411     1857     1504     3425     4553     350      3852     633      
14       1765     2445     4361     5853     5129     4592     455      3886     4788     2823     5586     5651     1331     3934     0        6503     1860     6785     6584     5972     1237     5459     2484     5412     3122     4247     6405     3887     4819     1918     6026     452      4547     2598     5364     4530     4662     6224     6320     5499     7253     3740     5320     585      5610     5164     1815     4533     6513     3430     2426     6223     1182     4996     1506     2021     4794     4993     3126     3163     4592     2005     5844     6362     4754     1260     4622     4833     2237     5721     1902     7529     3492     4750     2831     3854     5172     6182     4230     2090     4197     
15       6250     8734     4039     2184     2561     2339     6065     4513     2491     4495     7765     5387     5467     3690     6503     0        6803     567      1052     1459     7549     2513     6204     4557     3822     4194     1322     3599     1846     7962     3957     6443     6051     8795     6365     2957     5948     3037     3570     7445     2064     4217     3276     6794     5502     1947     5464     3996     437      5224     4315     1307     5581     6468     7626     6762     7161     3938     7027     3482     2518     5827     802      4815     5416     7205     3358     3275     7837     4413     7601     2604     3977     5891     3687     2742     1741     1898     3389     7253     3062     
16       3595     2226     5713     5560     6097     4552     1802     5351     4589     4201     7428     7229     1574     5158     1860     6803     0        7205     7159     5897     1504     5101     4299     4374     2989     5637     7060     3458     5431     1387     5178     1419     6280     2180     7097     4198     6376     5653     7509     7326     8007     3030     6485     2389     7209     5087     1348     5876     6692     5060     3562     6169     2735     6759     3111     3881     6626     6321     4985     3343     4454     3758     6301     5280     6384     955      4088     4291     1050     7120     893      8377     3014     6453     3539     4544     5188     5954     5383     3922     5225     
17       6391     9073     3945     2752     2429     2829     6358     4467     3017     4594     7615     5143     5816     3685     6785     567      7205     0        610      2027     7874     3077     6281     5121     4250     4111     940      4094     1996     8320     4524     6758     5933     9147     6178     3480     5816     3599     3206     7288     1521     4719     3061     7038     5266     2482     5859     3880     977      5215     4507     1869     5805     6319     7833     6886     7054     3758     7063     3864     3025     5952     941      5382     5266     7556     3897     3823     8229     4140     7980     2060     4454     5750     3954     2951     2260     2460     3358     7386     3079     
18       6046     8931     3436     3158     1920     2989     6173     3985     3243     4227     7057     4553     5706     3243     6584     1052     7159     610      0        2441     7717     3427     5881     5453     4271     3607     338      4235     1770     8206     4930     6596     5396     9021     5607     3691     5273     4047     2595     6728     1067     4866     2492     6792     4677     2743     5812     3357     1489     4753     4232     2330     5548     5764     7545     6522     6520     3200     6624     3827     3209     5596     913      5794     4715     7435     4140     4095     8160     3543     7896     1598     4555     5202     3770     2731     2495     2916     2903     7027     2668     
19       6122     7985     4607     725      3353     1388     5517     4943     1314     4571     8323     6214     4769     4088     5972     1459     5897     2027     2441     0        6867     1084     6246     3114     2953     4728     2635     2476     2213     7170     2499     5816     6577     8007     7039     1747     6508     1609     4696     8026     3497     3036     4149     6365     6310     820      4621     4618     1087     5527     4154     273      5253     7053     7275     6663     7629     4697     7149     2808     1445     5761     1728     3360     6039     6450     2048     1923     6948     5335     6753     4034     2906     6477     3368     2727     812      516      3873     7117     3478     
20       2837     1224     5598     6648     6339     5480     1566     5116     5609     4061     6528     6845     2103     5168     1237     7549     1504     7874     7717     6867     0        6217     3552     5779     3922     5482     7558     4574     5946     737      6522     1120     5666     1362     6475     5283     5795     6882     7556     6483     8433     4273     6554     1436     6797     6047     2312     5770     7516     4623     3637     7130     2420     6083     1796     2931     5774     6231     4020     4101     5437     3160     6936     6708     5934     552      5275     5486     1245     6952     961      8729     4140     5890     3947     4989     6094     7011     5460     2807     5411     
21       5913     7267     4975     473      3953     1110     5007     5196     740      4591     8564     6702     4172     4373     5459     2513     5101     3077     3427     1084     6217     0        6159     2043     2337     5067     3571     1652     2721     6433     1549     5235     6836     7261     7393     935      6794     940      5440     8289     4494     2110     4746     5918     6781     806      3912     5022     2167     5661     4025     1320     4926     7342     6863     6457     7818     5191     7094     2400     965      5611     2606     2406     6384     5755     1051     885      6145     5915     5983     5023     2095     6781     3191     2881     1060     891      4233     6870     3828     
22       722      4574     2709     6418     4031     5074     2506     2099     5419     1712     3140     3423     3143     2654     2484     6204     4299     6281     5881     6246     3552     6159     0        6868     4151     2540     5606     4979     4359     4288     7213     2892     2122     4793     2925     5369     2261     7073     4687     3027     6212     5140     3847     2116     3351     5574     3743     2863     6379     1346     2134     6436     1689     2531     2217     794      2329     3276     941      3830     5194     624      5416     7777     2490     3728     5664     5845     4699     3790     4367     6325     4740     2364     2968     3550     5463     6622     3003     1266     3213     
23       6426     6589     6416     2412     5697     2676     5015     6478     2303     5599     9680     8212     4101     5756     5412     4557     4374     5121     5453     3114     5779     2043     6868     0        2734     6466     5574     1955     4480     5758     946      5056     8039     6511     8708     1960     8037     1833     7264     9447     6520     1739     6451     5969     8269     2727     3605     6502     4202     6748     4876     3326     5318     8569     6917     6936     8880     6766     7798     3169     2429     6254     4599     950      7724     5241     1481     1428     5304     7560     5248     7042     2128     8050     4112     4290     2987     2791     5715     7246     5333     
24       3763     5031     3910     2742     3630     1577     2671     3857     1689     2890     6959     5699     1842     3241     3122     3822     2989     4250     4271     2953     3922     2337     4151     2734     0        3923     4224     837      2659     4220     3084     2904     5350     5058     6057     1409     5363     3122     5208     6735     5208     1078     4246     3592     5735     2133     1674     4028     3702     4040     2148     3220     2693     5882     4545     4294     6153     4373     5088     568      1515     3547     3378     3628     5103     3497     1562     1763     4033     5208     3818     5638     628      5387     1434     1990     2208     3092     3296     4657     2976     
25       2969     6663     177      5150     1687     3990     4002     441      4402     1446     3607     1775     4094     710      4247     4194     5637     4111     3607     4728     5482     5067     2540     6466     3923     0        3293     4545     2526     6157     6470     4488     1868     6836     2328     4575     1784     5997     2167     3302     3745     4988     1316     4168     1815     4302     4546     322      4483     1229     2101     4835     3068     2326     4619     3304     2968     765      3109     3380     4200     2512     3400     7223     1320     5440     5015     5128     6380     1488     6052     3806     4534     1748     2512     2210     4098     5207     855      3799     1254     
26       5797     8777     3120     3338     1611     3034     6004     3679     3321     3974     6723     4215     5579     2958     6405     1322     7060     940      338      2635     7558     3571     5606     5574     4224     3293     0        4254     1632     8068     5098     6438     5068     8876     5270     3755     4943     4243     2272     6393     993      4883     2157     6590     4339     2848     5717     3036     1754     4454     4025     2551     5343     5431     7320     6263     6193     2867     6332     3752     3265     5342     975      5962     4383     7296     4218     4189     8047     3205     7775     1481     4550     4870     3615     2570     2591     3127     2613     6770     2403     
27       4601     5614     4508     2104     3975     1264     3444     4534     1165     3646     7728     6308     2569     3841     3887     3599     3458     4094     4235     2476     4574     1652     4979     1955     837      4545     4254     0        2847     4781     2246     3625     6084     5610     6760     741      6084     2338     5571     7493     5247     630      4673     4384     6358     1702     2263     4606     3390     4793     2934     2749     3529     6614     5342     5132     6931     4905     5918     1214     1084     4379     3322     2814     5783     4104     738      947      4505     5723     4334     5723     444      6099     2157     2429     1865     2496     3834     5492     3472     
28       4413     7161     2397     2705     1235     1805     4405     2775     2193     2649     6131     4021     3947     1923     4819     1846     5431     1996     1770     2213     5946     2721     4359     4480     2659     2526     1632     2847     0        6441     4241     4826     4388     7253     4826     2528     4310     3603     2783     5828     2581     3453     2025     5048     4111     1916     4091     2404     2037     3431     2511     2309     3811     4852     5837     4920     5464     2501     5193     2150     2051     3985     1074     5069     3829     5670     3014     3052     6415     3196     6143     2985     3068     4273     1999     965      1673     2706     1673     5414     1293     
29       3572     842      6266     6883     6924     5797     2174     5803     5878     4721     7258     7560     2504     5806     1918     7962     1387     8320     8206     7170     737      6433     4288     5758     4220     6157     8068     4781     6441     0        6565     1692     6400     837      7210     5513     6527     7022     8198     7218     8971     4395     7186     2172     7516     6351     2548     6437     7893     5338     4240     7438     3088     6819     2475     3666     6509     6896     4751     4481     5725     3885     7392     6656     6655     772      5441     5647     635      7635     519      9291     4337     6621     4457     5500     6425     7265     6083     3524     6006     
30       6848     7405     6396     1775     5477     2495     5603     6547     2082     5794     9856     8161     4696     5763     6026     3957     5178     4524     4930     2499     6522     1549     7213     946      3084     6470     5098     2246     4241     6565     0        5708     8162     7344     8774     1915     8139     987      6984     9601     5992     2288     6263     6558     8233     2345     4264     6460     3562     6919     5129     2663     5770     8682     7516     7377     9079     6668     8154     3393     2273     6620     4143     864      7771     6000     1551     1384     6148     7419     6065     6527     2564     8138     4313     4259     2605     2083     5666     7731     5266     
31       2181     2340     4590     5647     5241     4429     486      4151     4591     3044     6012     5965     1063     4115     452      6443     1419     6758     6596     5816     1120     5235     2892     5056     2904     4488     6438     3625     4826     1692     5708     0        4920     2454     5738     4300     5027     5962     6507     5916     7317     3421     5494     1024     5932     5000     1452     4760     6422     3755     2550     6074     1437     5382     1896     2466     5214     5218     3567     3022     4406     2378     5819     6004     5085     952      4352     4564     1905     5973     1572     7621     3212     5110     2826     3869     5029     5993     4391     2542     4318     
32       2829     6694     2014     6961     3507     5735     4483     1644     6138     2465     1745     1499     4925     2491     4547     6051     6280     5933     5396     6577     5666     6836     2122     8039     5350     1868     5068     6084     4388     6400     8162     4920     0        6915     818      6246     180      7775     3388     1454     5354     6426     2933     4231     1387     6102     5486     2057     6350     1326     3231     6694     3549     532      4284     2848     1124     2214     2053     4872     5924     2544     5262     8862     730      5806     6648     6788     6783     2260     6448     5290     5979     301      3931     3954     5913     7045     2715     3208     3101     
33       4100     264      6955     7713     7693     6635     2919     6463     6714     5421     7615     8154     3331     6531     2598     8795     2180     9147     9021     8007     1362     7261     4793     6511     5058     6836     8876     5610     7253     837      7344     2454     6915     0        7711     6344     7054     7832     8918     7609     9767     5208     7916     2718     8099     7188     3385     7127     8730     5939     4994     8276     3780     7300     2749     4098     6906     7588     5127     5316     6562     4464     8216     7390     7233     1591     6261     6466     1213     8300     1287     10075    5166     7155     5261     6306     7263     8098     6822     3864     6767     
34       3638     7486     2435     7478     3805     6309     5301     2232     6719     3200     1494     1184     5727     3020     5364     6365     7097     6178     5607     7039     6475     7393     2925     8708     6057     2328     5270     6760     4826     7210     8774     5738     818      7711     0        6866     728      8325     3324     1156     5408     7135     3117     5039     1044     6631     6281     2422     6699     2098     3974     7130     4363     454      5049     3625     1282     2427     2737     5555     6512     3362     5601     9503     1008     6623     7287     7415     7599     2173     7265     5262     6684     676      4625     4522     6425     7525     3177     3952     3580     
35       5069     6343     4510     1369     3737     737      4080     4636     466      3889     7942     6294     3237     3865     4530     2957     4198     3480     3691     1747     5283     935      5369     1960     1409     4575     3755     741      2528     5513     1915     4300     6246     6344     6866     0        6224     1735     5310     7685     4736     1292     4491     4999     6358     1014     2982     4585     2709     5007     3252     2019     4046     6767     5949     5610     7168     4825     6310     1546     493      4797     2789     2648     5866     4826     485      554      5246     5608     5072     5236     1184     6225     2423     2369     1220     1755     3791     6004     3400     
36       2960     6835     1921     6907     3395     5697     4584     1598     6103     2489     1824     1319     4999     2432     4662     5948     6376     5816     5273     6508     5795     6794     2261     8037     5363     1784     4943     6084     4310     6527     8139     5027     180      7054     728      6224     0        7731     3224     1517     5207     6440     2798     4360     1208     6051     5552     1951     6254     1372     3260     6619     3641     548      4438     2999     1259     2080     2228     4874     5891     2657     5163     8849     574      5922     6634     6769     6899     2089     6564     5132     5991     121      3936     3912     5857     6981     2638     3370     3030     
37       6798     7864     5901     924      4819     2049     5779     6134     1665     5525     9504     7610     4907     5307     6224     3037     5653     3599     4047     1609     6882     940      7073     1833     3122     5997     4243     2338     3603     7022     987      5962     7775     7832     8325     1735     7731     0        6253     9228     5095     2627     5618     6712     7694     1701     4572     5942     2625     6600     4941     1730     5782     8280     7667     7341     8758     6094     8010     3273     1890     6514     3321     1804     7316     6390     1611     1399     6671     6797     6545     5634     2752     7717     4106     3820     1930     1139     5158     7739     4753     
38       5137     8760     2016     5329     1595     4588     6023     2600     4971     3502     4818     2157     5935     2392     6320     3570     7509     3206     2595     4696     7556     5440     4687     7264     5208     2167     2272     5571     2783     8198     6984     6507     3388     8918     3324     5310     3224     6253     0        4481     2123     6143     1024     6299     2295     4639     6281     1848     3984     3345     3976     4680     5139     3602     6786     5463     4459     1411     5143     4643     4834     4679     2982     7828     2659     7453     5796     5836     8352     1155     8036     1937     5722     3121     4037     3217     4380     5212     2129     5952     2306     
39       3736     7365     3436     8415     4885     7186     5531     3099     7588     3848     337      2334     6108     3944     5499     7445     7326     7288     6728     8026     6483     8289     3027     9447     6735     3302     6393     7493     5828     7218     9601     5916     1454     7609     1156     7685     1517     9228     4481     0        6561     7802     4236     5075     2194     7556     6694     3455     7762     2699     4591     8137     4668     979      4865     3552     709      3530     2481     6279     7373     3592     6667     10287    2028     6722     8078     8223     7680     3330     7354     6418     7361     1558     5335     5408     7368     8496     4155     3745     4547     
40       6488     9657     3567     4218     2202     4021     6869     4170     4295     4674     6898     4264     6501     3574     7253     2064     8007     1521     1067     3497     8433     4494     6212     6520     5208     3745     993      5247     2581     8971     5992     7317     5354     9767     5408     4736     5207     5095     2123     6561     0        5877     2456     7392     4400     3805     6670     3445     2493     4966     4838     3368     6149     5642     8067     6919     6466     3158     6853     4724     4249     6024     1947     6855     4633     8199     5193     5155     8979     3241     8698     540      5543     5118     4516     3477     3553     3959     3224     7426     3112     
41       4687     5236     4967     2581     4548     1891     3322     4934     1749     3962     8019     6762     2411     4297     3740     4217     3030     4719     4866     3036     4273     2110     5140     1739     1078     4988     4883     630      3453     4395     2288     3421     6426     5208     7135     1292     6440     2627     6143     7802     5877     0        5220     4278     6802     2297     1983     5078     3992     5111     3210     3307     3579     6958     5235     5197     7209     5404     6067     1608     1698     4524     3952     2675     6180     3769     1067     1264     4060     6232     3921     6350     454      6465     2512     2957     2477     2992     4326     5513     3984     
42       4227     7764     1142     4709     799      3796     5012     1755     4199     2519     4566     2113     4911     1386     5320     3276     6485     3061     2492     4149     6554     4746     3847     6451     4246     1316     2157     4673     2025     7186     6263     5494     2933     7916     3117     4491     2798     5618     1024     4236     2456     5220     0        5327     2226     3941     5262     1002     3638     2546     2956     4187     4144     3276     5865     4598     4055     718      4419     3678     4037     3762     2549     7083     2232     6437     4971     5034     7331     1185     7016     2490     4786     2721     3025     2265     3695     4661     1107     5099     1296     
43       1401     2520     4300     6294     5223     5001     956      3775     5226     2808     5138     5435     1870     3949     585      6794     2389     7038     6792     6365     1436     5918     2116     5969     3592     4168     6590     4384     5048     2172     6558     1024     4231     2718     5039     4999     4360     6712     6299     5075     7392     4278     5327     0        5382     5570     2386     4471     6837     3221     2565     6608     1246     4647     958      1536     4366     4930     2644     3568     5022     1745     6100     6919     4516     1653     5123     5332     2604     5607     2279     7632     4007     4457     3108     4087     5557     6606     4269     1532     4292     
44       4006     7892     1853     6812     2981     5738     5464     1924     6152     3062     2530     140      5731     2517     5610     5502     7209     5266     4677     6310     6797     6781     3351     8269     5735     1815     4339     6358     4111     7516     8233     5932     1387     8099     1044     6358     1208     7694     2295     2194     4400     6802     2226     5382     0        5992     6236     1773     5863     2180     3809     6373     4501     1392     5565     4126     2274     1613     3430     5195     5960     3638     4769     9005     866      6863     6808     6913     7834     1160     7499     4230     6348     1087     4315     3988     5767     6813     2568     4531     2966     
45       5398     7164     4203     864      3146     572      4709     4457     549      3942     7839     5910     3950     3620     5164     1947     5087     2482     2743     820      6047     806      5574     2727     2133     4302     2848     1702     1916     6351     2345     5000     6102     7188     6631     1014     6051     1701     4639     7556     3805     2297     3941     5570     5992     0        3802     4242     1696     4968     3451     1087     4485     6599     6490     5942     7110     4395     6495     2003     634      5059     1872     3193     5622     5630     1415     1353     6137     5111     5938     4321     2118     6032     2637     2156     263      1058     3459     6382     3054     
46       3134     3368     4598     4351     4814     3251     1452     4322     3332     3173     6850     6236     601      3993     1815     5464     1348     5859     5812     4621     2312     3912     3743     3605     1674     4546     5717     2263     4091     2548     4264     1452     5486     3385     6281     2982     5552     4572     6281     6694     6670     1983     5262     2386     6236     3802     0        4751     5368     4185     2446     4890     2053     5998     3320     3567     6027     5176     4584     1995     3176     3130     4952     4554     5461     1844     2963     3174     2373     6000     2145     7051     1828     5611     2255     3224     3882     4725     4179     3781     3977     
47       3288     6958     172      5076     1451     3967     4274     763      4381     1715     3771     1710     4321     790      4533     3996     5876     3880     3357     4618     5770     5022     2863     6502     4028     322      3036     4606     2404     6437     6460     4760     2057     7127     2422     4585     1951     5942     1848     3455     3445     5078     1002     4471     1773     4242     4751     0        4306     1545     2320     4708     3351     2476     4938     3627     3174     460      3417     3472     4187     2830     3212     7232     1433     5712     5037     5139     6643     1249     6318     3492     4626     1897     2646     2216     4025     5107     794      4122     1195     
48       6378     8682     4335     1802     2896     2158     6067     4779     2245     4666     8077     5751     5418     3939     6513     437      6692     977      1489     1087     7516     2167     6379     4202     3702     4483     1754     3390     2037     7893     3562     6422     6350     8730     6699     2709     6254     2625     3984     7762     2493     3992     3638     6837     5863     1696     5368     4306     0        5463     4417     899      5647     6782     7695     6901     7450     4280     7228     3418     2306     5970     1098     4416     5735     7146     3075     2973     7735     4793     7512     3033     3790     6204     3734     2856     1528     1487     3656     7384     3306     
49       1887     5741     1405     5833     2844     4551     3292     795      4941     1150     2940     2222     3639     1535     3430     5224     5060     5215     4753     5527     4623     5661     1346     6748     4040     1229     4454     4793     3431     5338     6919     3755     1326     5939     2098     5007     1372     6600     3345     2699     4966     5111     2546     3221     2180     4968     4185     1545     5463     0        1907     5676     2332     1856     3518     2134     2162     1938     1888     3579     4721     1478     4422     7591     1330     4682     5386     5537     5654     2455     5319     5036     4667     1426     2636     2816     4806     5963     1857     2612     2162     
