

sets
i        orders          /0*80/
k        routes          /1*80/
p        positions       /0*80/
;

alias(i,j)
alias(i,h)
alias(i,hh)
alias(i,jj)
alias(k,kk)
                            Parameters

rho(i)	Processing time
/
0	0
1	90
2	38
3	36
4	32
5	72
6	43
7	33
8	22
9	81
10	1
11	69
12	25
13	58
14	52
15	32
16	67
17	34
18	5
19	12
20	75
21	3
22	41
23	27
24	8
25	30
26	98
27	87
28	77
29	6
30	14
31	35
32	97
33	80
34	15
35	12
36	15
37	41
38	28
39	3
40	66
41	23
42	61
43	92
44	97
45	53
46	64
47	33
48	66
49	95
50	89
51	34
52	2
53	38
54	71
55	98
56	32
57	94
58	43
59	29
60	35
61	54
62	69
63	44
64	82
65	62
66	95
67	55
68	87
69	85
70	38
71	33
72	37
73	95
74	5
75	32
76	62
77	25
78	87
79	45
80	57
/

gamma(i)	Duedate
/
0	0
1	14
2	80
3	55
4	85
5	56
6	1
7	68
8	42
9	87
10	28
11	71
12	45
13	82
14	62
15	54
16	64
17	44
18	70
19	2
20	57
21	36
22	63
23	57
24	11
25	3
26	41
27	87
28	8
29	60
30	22
31	87
32	37
33	90
34	7
35	7
36	49
37	2
38	51
39	72
40	27
41	24
42	87
43	17
44	60
45	58
46	53
47	21
48	39
49	50
50	96
51	81
52	64
53	49
54	62
55	95
56	72
57	27
58	23
59	48
60	9
61	8
62	70
63	13
64	90
65	19
66	94
67	48
68	14
69	54
70	9
71	14
72	31
73	6
74	28
75	26
76	1
77	58
78	56
79	37
80	16
/

sigma(i)	Size
/
0	0
1	9
2	3
3	9
4	3
5	3
6	1
7	9
8	3
9	4
10	6
11	6
12	2
13	5
14	4
15	7
16	7
17	5
18	4
19	8
20	6
21	7
22	3
23	7
24	3
25	6
26	9
27	7
28	7
29	5
30	9
31	8
32	7
33	2
34	8
35	8
36	3
37	7
38	6
39	5
40	1
41	6
42	6
43	1
44	9
45	7
46	6
47	2
48	1
49	4
50	7
51	6
52	1
53	3
54	8
55	8
56	2
57	9
58	7
59	8
60	6
61	3
62	7
63	7
64	8
65	6
66	1
67	8
68	2
69	4
70	2
71	8
72	7
73	4
74	4
75	6
76	4
77	2
78	9
79	1
80	3
/

epsilon(i)	Priority
/
0	0
1	7
2	9
3	7
4	7
5	6
6	1
7	1
8	7
9	9
10	8
11	1
12	1
13	1
14	1
15	1
16	6
17	6
18	2
19	3
20	4
21	4
22	5
23	4
24	6
25	5
26	7
27	9
28	9
29	1
30	2
31	7
32	1
33	9
34	7
35	8
36	2
37	5
38	1
39	6
40	1
41	6
42	6
43	5
44	1
45	7
46	8
47	9
48	4
49	4
50	9
51	2
52	7
53	6
54	7
55	5
56	6
57	1
58	9
59	6
60	7
61	4
62	5
63	6
64	9
65	9
66	7
67	8
68	6
69	4
70	5
71	4
72	5
73	7
74	8
75	4
76	7
77	8
78	3
79	9
80	7
/

psi	Vehicle Capacity
/ 89 /
;

Table kappa(i,j)                 Setup
         0        1        2        3        4        5        6        7        8        9        10       11       12       13       14       15       16       17       18       19       20       21       22       23       24       25       26       27       28       29       30       31       32       33       34       35       36       37       38       39       40       41       42       43       44       45       46       47       48       49       50       51       52       53       54       55       56       57       58       59       60       61       62       63       64       65       66       67       68       69       70       71       72       73       74       75       76       77       78       79       80       
0        0        2181     6020     3460     398      7077     8002     4337     5859     6643     2994     901      4270     5675     5869     3251     4578     4064     1205     6540     7892     6837     1397     5103     6166     7526     9341     4732     3081     6374     5845     9024     5629     6300     2263     1987     2791     7445     1074     7136     4455     4768     4681     3180     3825     8123     3126     6673     678      4338     7460     2884     5376     4815     2301     1650     419      6049     7374     2337     7071     6941     3771     7711     1499     4941     4995     3928     8641     7908     4866     9545     6219     7657     5148     464      6983     656      5454     6014     4202     
1        2181     0        7335     2732     2115     7598     7819     5018     7411     6349     3288     2444     3898     5107     4164     5050     3820     5488     1881     5565     8161     7868     3087     3699     5017     7471     9349     6186     3061     4966     7251     9313     4242     7734     1650     673      2306     7942     1580     6087     6187     5256     6261     1728     2448     7786     5070     5377     2683     5684     6830     4157     4250     4699     1297     579      2562     7753     6247     3670     6747     6330     5375     7172     3528     6345     5960     2860     8583     8321     4262     9735     6289     6770     4912     2415     5952     1801     6518     7482     3525     
2        6020     7335     0        5653     5740     2891     5338     2730     958      5017     4293     5204     4918     5431     8246     3051     5674     1957     5511     6730     4018     1276     4623     7142     6995     4735     5667     1326     4702     7749     372      4698     7327     589      5882     6701     5491     3131     5852     7218     2099     2943     1559     6714     6702     5832     3482     7619     5361     1688     6268     3212     6625     4323     6279     6817     6018     1690     7558     3746     5266     5972     2342     6156     4735     1091     1662     6192     5370     3628     5382     5336     3928     7071     4584     6302     7089     6660     1112     615      5504     
3        3460     2732     5653     0        3098     5135     5088     2956     6050     3617     1468     2878     1195     2394     2906     4481     1152     4226     2270     3086     5542     5817     3146     1876     2717     4760     6636     4837     1015     3033     5696     6681     2323     6171     1268     2136     673      5450     2404     3677     5276     2965     5086     1244     1049     5056     4777     3259     3408     4272     4158     3088     1937     2047     1475     2578     3844     6600     3914     2915     4015     3646     4405     4474     3870     4901     4035     631      5864     5767     1544     7063     3638     4233     2205     3914     3524     3626     4627     5991     809      
4        398      2115     5740     3098     0        6704     7604     3964     5629     6245     2596     547      3879     5286     5589     3075     4204     3791     829      6169     7506     6516     1134     4784     5812     7129     8947     4472     2686     6046     5582     8641     5303     6044     1935     1804     2426     7071     766      6769     4267     4385     4451     2907     3523     7725     3012     6330     568      4052     7068     2565     5024     4417     2021     1547     746      5861     7012     2016     6673     6550     3539     7317     1421     4672     4656     3587     8245     7530     4481     9158     5824     7277     4751     858      6614     933      5131     5765     3826     
5        7077     7598     2891     5135     6704     0        2535     2739     3846     2718     4335     6175     4004     3710     6939     5064     4565     3779     6141     4779     1139     1835     5807     5945     5269     1978     2820     3592     4539     6092     3243     2049     5918     3391     5950     6926     5331     369      6473     5107     4599     2363     4009     6378     6054     3074     5584     5799     6545     3463     3824     4337     5209     3144     6326     7222     7241     4580     5426     4831     2796     3692     4344     3593     6241     3377     2329     5446     2479     877      4108     2656     1790     4716     3156     7480     5016     7610     2233     3504     4596     
6        8002     7819     5338     5088     7604     2535     0        4082     6269     1476     5007     7153     3928     2808     5762     6887     4083     5716     6865     3212     1657     4369     6993     5035     3884     615      1631     5754     4977     4649     5663     2239     4782     5877     6249     7200     5562     2452     7138     3268     6741     3525     6187     6241     5681     566      7402     4211     7631     5455     1743     5769     4204     3210     6539     7608     8276     7017     3512     6126     1120     1935     6264     1353     7594     5584     4299     5102     854      2201     3599     2298     1865     2610     2927     8456     3241     8393     4467     5952     4316     
7        4337     5018     2730     2956     3964     2739     4082     0        3273     3088     1743     3436     2200     2967     5528     2844     2964     1842     3427     4283     3600     2901     3095     4421     4418     3506     5160     2204     2077     5119     2827     4707     4638     3280     3416     4347     2901     3107     3766     4843     2996     559      2577     4092     4000     4385     3346     5058     3819     1697     4282     1709     3954     1737     3813     4584     4511     3929     5179     2140     3473     3855     2311     4333     3599     2172     1081     3470     4542     3574     2724     5256     2224     4909     2080     4745     4697     4873     1672     3141     2775     
8        5859     7411     958      6050     5629     3846     6269     3273     0        5861     4614     5120     5465     6146     8780     2670     6232     1930     5539     7462     4976     2197     4494     7671     7667     5661     6625     1243     5053     8388     606      5644     7909     632      6085     6813     5788     4089     5865     7978     1515     3603     1178     7009     7091     6751     3002     8302     5182     1794     7118     3262     7228     4973     6470     6863     5791     749      8319     3742     6136     6792     2090     7032     4457     1148     2308     6630     6324     4584     5995     6282     4781     7890     5273     6081     7843     6514     1882     371      6017     
9        6643     6349     5017     3617     6245     2718     1476     3088     5861     0        3663     5824     2473     1356     4487     5926     2610     4890     5477     2096     2420     4348     5735     3653     2670     1270     3072     5091     3576     3486     5282     3395     3472     5600     4797     5738     4111     2838     5733     2389     6007     2543     5511     4765     4213     1482     6418     3133     6323     4683     1257     4661     2832     1830     5075     6154     6941     6600     2708     4940     429      987      5392     1245     6381     4972     3634     3629     2287     2864     2123     3627     1090     2066     1500     7103     2300     6995     3978     5599     2840     
10       2994     3288     4293     1468     2596     4335     5007     1743     4614     3663     0        2161     1474     2843     4347     3071     2079     2762     1882     3947     5004     4635     2132     3274     3793     4538     6374     3388     453      4294     4298     6155     3649     4781     1672     2615     1197     4689     2186     4561     3809     1976     3622     2421     2487     5139     3418     4408     2663     2825     4575     1643     3106     1833     2069     2887     3279     5142     4856     1578     4093     4065     2941     4782     2833     3468     2755     2087     5658     5099     2154     6635     3243     4919     2188     3449     4403     3409     3339     4581     1731     
11       901      2444     5204     2878     547      6175     7153     3436     5120     5824     2161     0        3525     4934     5542     2624     3928     3261     719      5894     6997     5969     650      4662     5588     6663     8463     3947     2316     5891     5054     8126     5160     5520     1855     2006     2211     6543     890      6502     3795     3872     3945     2913     3454     7299     2625     6137     534      3515     6702     2019     4814     3994     2046     1866     1122     5383     6762     1471     6254     6187     3035     6930     1156     4142     4109     3424     7772     7008     4158     8651     5349     6965     4344     1321     6346     1480     4583     5244     3547     
12       4270     3898     4918     1195     3879     4004     3928     2200     5465     2473     1474     3525     0        1409     3329     4424     767      3831     3074     2475     4352     4878     3590     2224     2382     3574     5451     4336     1209     2986     5027     5488     2448     5477     2324     3272     1637     4303     3299     3089     4972     2023     4660     2425     2050     3942     4821     3016     4051     3786     3189     2985     1792     867      2611     3682     4607     6096     3389     3030     2887     2671     4151     3449     4300     4341     3256     1444     4685     4595     683      5868     2446     3457     1014     4734     2931     4563     3827     5342     615      
13       5675     5107     5431     2394     5286     3710     2808     2967     6146     1356     2843     4934     1409     0        3243     5598     1296     4789     4475     1320     3679     5052     4975     2325     1601     2617     4424     5163     2617     2408     5625     4719     2218     6019     3640     4530     2972     3918     4686     1879     5951     2547     5544     3464     2875     2692     6039     2200     5459     4664     1788     4198     1528     1246     3870     4972     6016     6844     2213     4337     1691     1270     5204     2081     5675     5108     3837     2308     3638     4058     850      4980     1921     2084     887      6140     1731     5945     4322     5949     1587     
14       5869     4164     8246     2906     5589     6939     5762     5528     8780     4487     4347     5542     3329     3243     0        7388     2573     7056     4840     2577     6894     8122     5942     1108     1882     5742     7378     7618     3898     1226     8356     7876     1025     8807     3688     3964     3450     7159     4823     2767     8147     5327     7909     2689     2089     5443     7677     1747     6032     7057     4149     5986     1730     3992     3571     4419     6288     9388     2733     5819     4693     3833     7285     4581     6642     7645     6584     2274     6616     7296     2918     8050     5159     3600     3841     6261     2707     5776     7151     8669     2763     
15       3251     5050     3051     4481     3075     5064     6887     2844     2670     5926     3071     2624     4424     5598     7388     0        5119     1293     3190     6850     6130     4144     1974     6336     6805     6292     7792     1736     3504     7356     2789     7109     6721     3188     4035     4538     3991     5413     3471     7451     1206     3401     1531     5095     5404     7220     523      7436     2575     1620     7092     1442     6161     4367     4366     4475     3140     2798     7770     1588     6316     6637     747      7169     1797     1984     2739     5113     7259     5939     5094     7720     5052     7647     4753     3431     7295     3907     2918     2885     4791     
16       4578     3820     5674     1152     4204     4565     4083     2964     6232     2610     2079     3928     767      1296     2573     5119     0        4587     3376     1968     4766     5580     4097     1475     1717     3831     5679     5101     1707     2245     5790     5866     1681     6237     2420     3261     1793     4836     3539     2574     5719     2756     5421     2167     1608     3988     5491     2328     4462     4550     3019     3677     1046     1460     2609     3716     4948     6863     2838     3658     2976     2513     4887     3352     4821     5109     4012     1019     4896     5072     496      6184     2879     3087     1415     5037     2417     4774     4577     6106     381      
17       4064     5488     1957     4226     3791     3779     5716     1842     1930     4890     2762     3261     3831     4789     7056     1293     4587     0        3625     6097     4860     2908     2668     5957     6170     5110     6533     698      3213     6817     1793     5821     6260     2264     4160     4884     3900     4125     3957     6669     1161     2354     860      5110     5248     6090     1808     6812     3403     329      6109     1333     5624     3546     4543     4947     4063     2385     7002     1830     5252     5692     567      6133     2801     880      1468     4833     6030     4651     4444     6435     3930     6751     3907     4346     6520     4707     1630     1998     4318     
18       1205     1881     5511     2270     829      6141     6865     3427     5539     5477     1882     719      3074     4475     4840     3190     3376     3625     0        5340     6872     6149     1274     3989     4986     6413     8255     4323     1901     5238     5403     8019     4500     5883     1152     1350     1598     6503     347      5940     4308     3785     4382     2196     2755     6959     3261     5510     1193     3838     6261     2304     4200     3659     1326     1324     1575     5871     6183     1797     5904     5743     3494     6521     1871     4492     4247     2773     7535     6938     3661     8511     5124     6452     3977     1667     5785     1530     4772     5623     2999     
19       6540     5565     6730     3086     6169     4779     3212     4283     7462     2096     3947     5894     2475     1320     2577     6850     1968     6097     5340     0        4498     6274     6036     2066     705      3271     4811     6483     3632     1437     6934     5389     1668     7319     4339     5087     3749     4925     5490     615      7258     3867     6861     3837     3130     2866     7272     1037     6428     5980     1573     5427     1328     2551     4469     5561     6914     8163     919      5504     2199     1278     6495     2004     6755     6428     5153     2730     4059     4958     1793     5510     3021     1210     2206     6997     456      6705     5626     7259     2348     
20       7892     8161     4018     5542     7506     1139     1657     3600     4976     2420     5004     6997     4352     3679     6894     6130     4766     4860     6872     4498     0        2893     6694     6003     5090     1271     1687     4717     5122     5905     4375     1154     5873     4500     6516     7500     5856     901      7188     4700     5725     3125     5138     6778     6348     2223     6653     5535     7408     4554     3253     5280     5204     3495     6866     7843     8095     5704     4987     5738     2318     3271     5427     2928     7187     4507     3393     5737     1377     545      4275     1656     1907     4157     3377     8317     4640     8381     3360     4628     4885     
21       6837     7868     1276     5817     6516     1835     4369     2901     2197     4348     4635     5969     4878     5052     8122     4144     5580     2908     6149     6274     2893     0        5454     7048     6653     3800     4482     2426     4978     7453     1647     3455     7141     1644     6302     7206     5802     1992     6497     6689     3327     2868     2753     6987     6841     4903     4618     7242     6212     2586     5546     3953     6420     4131     6701     7397     6897     2878     7022     4502     4514     5335     3400     5362     5691     2175     1909     6275     4270     2444     5203     4091     3284     6409     4298     7170     6577     7449     1385     1828     5492     
22       1397     3087     4623     3146     1134     5807     6993     3095     4494     5735     2132     650      3590     4975     5942     1974     4097     2668     1274     6036     6694     5454     0        4998     5800     6471     8220     3342     2403     6179     4454     7801     5468     4914     2308     2615     2514     6176     1515     6650     3147     3582     3316     3393     3860     7187     1993     6380     759      2941     6702     1513     5052     3926     2564     2509     1454     4738     6929     981      6162     6195     2404     6894     726      3547     3641     3740     7560     6660     4257     8350     5150     7046     4298     1719     6492     2038     4075     4632     3720     
23       5103     3699     7142     1876     4784     5945     5035     4421     7671     3653     3274     4662     2224     2325     1108     6336     1475     5957     3989     2066     6003     7048     4998     0        1403     4923     6666     6512     2832     1287     7248     7040     545      7700     2849     3343     2483     6188     4031     2479     7058     4231     6808     2017     1300     4797     6649     1678     5175     5952     3582     4918     830      2918     2827     3822     5513     8281     2586     4785     3924     3174     6201     3996     5714     6537     5480     1259     5886     6367     1858     7276     4191     3253     2804     5527     2366     5112     6049     7560     1654     
24       6166     5017     6995     2717     5812     5269     3884     4418     7667     2670     3793     5588     2382     1601     1882     6805     1717     6170     4986     705      5090     6653     5800     1403     0        3896     5496     6618     3423     824      7169     6027     967      7580     3920     4586     3390     5447     5099     1081     7324     4068     6973     3294     2569     3562     7193     642      6120     6090     2278     5364     794      2694     3998     5066     6557     8343     1235     5371     2833     1951     6521     2707     6526     6590     5370     2259     4736     5525     1729     6178     3482     1852     2411     6614     962      6274     5883     7493     2084     
25       7526     7471     4735     4760     7129     1978     615      3506     5661     1270     4538     6663     3574     2617     5742     6292     3831     5110     6413     3271     1271     3800     6471     4923     3896     0        1878     5139     4548     4697     5056     2134     4733     5280     5868     6836     5184     1945     6699     3437     6127     2955     5572     5953     5439     1104     6809     4302     7127     4845     1982     5206     4102     2793     6179     7225     7784     6410     3718     5582     1071     2017     5660     1673     7053     4969     3686     4842     1124     1789     3335     2362     1320     2888     2559     7975     3383     7943     3852     5348     4021     
26       9341     9349     5667     6636     8947     2820     1631     5160     6625     3072     6374     8463     5451     4424     7378     7792     5679     6533     8255     4811     1687     4482     8220     6666     5496     1878     0        6404     6410     6241     6030     1209     6407     6119     7744     8713     7061     2539     8550     4797     7412     4642     6825     7820     7285     1960     8315     5782     8907     6231     3276     6866     5836     4666     8057     9100     9578     7341     5003     7292     2747     3545     7100     2849     8758     6194     5065     6696     785      2042     5187     850      3130     4057     4437     9782     4791     9783     5047     6269     5888     
27       4732     6186     1326     4837     4472     3592     5754     2204     1243     5091     3388     3947     4336     5163     7618     1736     5101     698      4323     6483     4717     2426     3342     6512     6618     5139     6404     0        3832     7302     1113     5588     6783     1573     4841     5580     4552     3910     4655     7033     1008     2635     432      5770     5873     6175     2193     7260     4064     565      6338     2029     6122     3942     5228     5645     4709     1770     7371     2527     5420     5958     1015     6316     3413     250      1470     5430     5971     4438     4910     6217     4064     7041     4277     4996     6890     5380     1358     1301     4860     
28       3081     3061     4702     1015     2686     4539     4977     2077     5053     3576     453      2316     1209     2617     3898     3504     1707     3213     1901     3632     5122     4978     2403     2832     3423     4548     6410     3832     0        3884     4722     6276     3223     5203     1412     2391     825      4881     2161     4246     4262     2218     4073     2022     2040     5058     3833     4025     2842     3268     4389     2088     2709     1767     1789     2721     3405     5590     4528     1976     4002     3873     3393     4631     3123     3905     3127     1634     5672     5262     1858     6727     3291     4660     2076     3544     4088     3420     3718     5010     1341     
29       6374     4966     7749     3033     6046     6092     4649     5119     8388     3486     4294     5891     2986     2408     1226     7356     2245     6817     5238     1437     5905     7453     6179     1287     824      4697     6241     7302     3884     0        7908     6822     747      8330     4112     4630     3685     6271     5300     1544     7958     4809     7640     3304     2588     4287     7712     521      6413     6761     2976     5916     1199     3428     4111     5108     6781     9047     1512     5860     3628     2715     7131     3409     6904     7290     6108     2467     5494     6345     2395     6947     4303     2377     3178     6804     1495     6398     6637     8229     2565     
30       5845     7251     372      5696     5582     3243     5663     2827     606      5282     4298     5054     5027     5625     8356     2789     5790     1793     5403     6934     4375     1647     4454     7248     7169     5056     6030     1113     4722     7908     0        5069     7458     486      5844     6629     5491     3492     5740     7438     1771     3101     1266     6716     6744     6148     3195     7799     5178     1567     6538     3099     6765     4481     6238     6720     5820     1353     7779     3618     5548     6224     2109     6442     4516     913      1800     6255     5720     3993     5524     5707     4198     7323     4762     6107     7305     6493     1315     324      5599     
31       9024     9313     4698     6681     8641     2049     2239     4707     5644     3395     6155     8126     5488     4719     7876     7109     5866     5821     8019     5389     1154     3455     7801     7040     6027     2134     1209     5588     6276     6822     5069     0        6865     5098     7670     8653     7007     1696     8337     5498     6583     4255     5990     7912     7461     2742     7628     6411     8526     5501     3980     6359     6225     4637     8017     8997     9216     6333     5750     6836     3195     4117     6385     3591     8268     5359     4377     6852     1519     1171     5371     638      3042     4848     4499     9443     5461     9523     4240     5279     6006     
32       5629     4242     7327     2323     5303     5918     4782     4638     7909     3472     3649     5160     2448     2218     1025     6721     1681     6260     4500     1668     5873     7141     5468     545      967      4733     6407     6783     3223     747      7458     6865     0        7897     3369     3888     2961     6135     4555     2004     7384     4389     7099     2562     1843     4494     7057     1140     5679     6230     3232     5288     721      3026     3364     4367     6037     8544     2077     5196     3695     2870     6539     3657     6189     6789     5669     1736     5636     6271     1952     7057     4135     2807     2845     6057     1905     5651     6222     7776     1949     
33       6300     7734     589      6171     6044     3391     5877     3280     632      5600     4781     5520     5477     6019     8807     3188     6237     2264     5883     7319     4500     1644     4914     7700     7580     5280     6119     1573     5203     8330     486      5098     7897     0        6331     7114     5975     3602     6218     7808     2092     3521     1657     7200     7220     6381     3561     8205     5629     2050     6849     3580     7199     4902     6725     7201     6261     1237     8148     4093     5842     6559     2541     6729     4945     1390     2228     6725     5867     4077     5956     5732     4510     7656     5168     6550     7679     6950     1697     306      6056     
34       2263     1650     5882     1268     1935     5950     6249     3416     6085     4797     1672     1855     2324     3640     3688     4035     2420     4160     1152     4339     6516     6302     2308     2849     3920     5868     7744     4841     1412     4112     5844     7670     3369     6331     0        983      687      6293     1188     4920     5038     3618     4992     1086     1602     6262     4208     4412     2346     4301     5417     2851     3126     3079     400      1359     2668     6522     5141     2474     5209     4902     4173     5721     2978     4965     4408     1668     6988     6671     2792     8103     4657     5499     3323     2701     4770     2365     4984     6104     2069     
35       1987     673      6701     2136     1804     6926     7200     4347     6813     5738     2615     2006     3272     4530     3964     4538     3261     4884     1350     5087     7500     7206     2615     3343     4586     6836     8713     5580     2391     4630     6629     8653     3888     7114     983      0        1654     7271     1116     5636     5640     4583     5677     1326     2046     7189     4608     5001     2349     5065     6281     3551     3800     4053     663      480      2402     7185     5821     3088     6143     5773     4807     6607     3147     5729     5300     2357     7953     7653     3679     9084     5637     6280     4282     2328     5494     1811     5862     6869     2943     
36       2791     2306     5491     673      2426     5331     5562     2901     5788     4111     1197     2211     1637     2972     3450     3991     1793     3900     1598     3749     5856     5802     2514     2483     3390     5184     7061     4552     825      3685     5491     7007     2961     5975     687      1654     0        5667     1745     4344     4880     3035     4755     1225     1413     5578     4243     3927     2738     3994     4756     2664     2608     2398     1009     2046     3172     6286     4585     2404     4524     4239     4004     5050     3231     4647     3942     1227     6303     6028     2129     7431     3983     4880     2636     3248     4191     2986     4530     5769     1425     
37       7445     7942     3131     5450     7071     369      2452     3107     4089     2838     4689     6543     4303     3918     7159     5413     4836     4125     6503     4925     901      1992     6176     6188     5447     1945     2539     3910     4881     6271     3492     1696     6135     3602     6293     7271     5667     0        6834     5217     4913     2721     4321     6694     6350     3009     5932     5956     6914     3806     3871     4705     5433     3438     6665     7574     7610     4812     5527     5200     2861     3787     4689     3604     6609     3688     2684     5739     2278     528      4368     2313     2001     4774     3421     7849     5135     7975     2555     3737     4886     
38       1074     1580     5852     2404     766      6473     7138     3766     5865     5733     2186     890      3299     4686     4823     3471     3539     3957     347      5490     7188     6497     1515     4031     5099     6699     8550     4655     2161     5300     5740     8337     4555     6218     1188     1116     1745     6834     0        6081     4610     4114     4703     2141     2761     7215     3507     5599     1259     4176     6474     2643     4307     3928     1255     1009     1481     6182     6312     2127     6157     5956     3808     6748     2032     4828     4594     2855     7822     7264     3857     8822     5420     6626     4233     1515     5929     1264     5119     5956     3169     
39       7136     6087     7218     3677     6769     5107     3268     4843     7978     2389     4561     6502     3089     1879     2767     7451     2574     6669     5940     615      4700     6689     6650     2479     1081     3437     4797     7033     4246     1544     7438     5498     2004     7808     4920     5636     4344     5217     6081     0        7830     4404     7419     4360     3640     2839     7877     1033     7036     6541     1529     6032     1839     3124     5031     6114     7515     8690     341      6117     2385     1435     7080     1948     7370     6968     5673     3286     4084     5192     2407     5549     3406     833      2764     7591     158      7285     6124     7762     2955     
40       4455     6187     2099     5276     4267     4599     6741     2996     1515     6007     3809     3795     4972     5951     8147     1206     5719     1161     4308     7258     5725     3327     3147     7058     7324     6127     7412     1008     4262     7958     1771     6583     7384     2092     5038     5640     4880     4913     4610     7830     0        3491     593      6053     6268     7147     1488     7966     3778     1324     7240     2215     6761     4707     5396     5619     4345     1595     8163     2571     6355     6835     876      7245     3002     1225     2441     5897     6976     5440     5596     7215     5012     7902     5067     4636     7681     5112     2365     1786     5435     
41       4768     5256     2943     2965     4385     2363     3525     559      3603     2543     1976     3872     2023     2547     5327     3401     2756     2354     3785     3867     3125     2868     3582     4231     4068     2955     4642     2635     2218     4809     3101     4255     4389     3521     3618     4583     3035     2721     4114     4404     3491     0        3033     4167     3976     3825     3904     4701     4285     2172     3754     2251     3682     1381     4004     4864     4970     4297     4743     2651     2920     3343     2848     3789     4120     2564     1301     3406     4005     3154     2439     4781     1665     4415     1669     5191     4262     5272     1834     3424     2633     
42       4681     6261     1559     5086     4451     4009     6187     2577     1178     5511     3622     3945     4660     5544     7909     1531     5421     860      4382     6861     5138     2753     3316     6808     6973     5572     6825     432      4073     7640     1266     5990     7099     1657     4992     5677     4755     4321     4703     7419     593      3033     0        5960     6108     6606     1929     7615     4005     883      6755     2143     6452     4313     5369     5706     4620     1533     7756     2591     5845     6368     912      6740     3294     632      1900     5692     6400     4847     5254     6622     4491     7447     4657     4910     7274     5336     1778     1356     5163     
43       3180     1728     6714     1244     2907     6378     6241     4092     7009     4765     2421     2913     2425     3464     2689     5095     2167     5110     2196     3837     6778     6987     3393     2017     3294     5953     7820     5770     2022     3304     6716     7912     2562     7200     1086     1326     1225     6694     2141     4360     6053     4167     5960     0        727      6156     5286     3681     3375     5214     5138     3842     2522     3287     886      1804     3598     7493     4526     3516     5141     4648     5180     5496     4053     5869     5149     1162     7041     7011     2643     8279     4872     5044     3419     3575     4224     3114     5740     6994     1932     
44       3825     2448     6702     1049     3523     6054     5681     4000     7091     4213     2487     3454     2050     2875     2089     5404     1608     5248     2755     3130     6348     6841     3860     1300     2569     5439     7285     5873     2040     2588     6744     7461     1843     7220     1602     2046     1413     6350     2761     3640     6268     3976     6108     727      0        5554     5653     2955     3948     5308     4481     4059     1806     2912     1532     2526     4240     7629     3800     3817     4567     4005     5393     4855     4555     5943     5080     612      6501     6625     2103     7791     4446     4340     2971     4240     3506     3812     5672     7038     1468     
45       8123     7786     5832     5056     7725     3074     566      4385     6751     1482     5139     7299     3942     2692     5443     7220     3988     6090     6959     2866     2223     4903     7187     4797     3562     1104     1960     6175     5058     4287     6148     2742     4494     6381     6262     7189     5578     3009     7215     2839     7147     3825     6606     6156     5554     0        7728     3823     7792     5844     1316     6038     3971     3308     6526     7615     8418     7500     3055     6358     1057     1626     6625     890      7815     6017     4708     4999     1257     2768     3526     2718     2168     2123     2982     8583     2831     8477     4920     6443     4260     
46       3126     5070     3482     4777     3012     5584     7402     3346     3002     6418     3418     2625     4821     6039     7677     523      5491     1808     3261     7272     6653     4618     1993     6649     7193     6809     8315     2193     3833     7712     3195     7628     7057     3561     4208     4608     4243     5932     3507     7877     1488     3904     1929     5286     5653     7728     0        7818     2470     2131     7570     1845     6525     4821     4509     4491     2952     3014     8191     1863     6813     7108     1249     7658     1628     2444     3261     5407     7780     6458     5499     8240     5561     8102     5209     3239     7721     3771     3425     3255     5150     
47       6673     5377     7619     3259     6330     5799     4211     5058     8302     3133     4408     6137     3016     2200     1747     7436     2328     6812     5510     1037     5535     7242     6380     1678     642      4302     5782     7260     4025     521      7799     6411     1140     8205     4412     5001     3927     5956     5599     1033     7966     4701     7615     3681     2955     3823     7818     0        6666     6732     2507     5994     1328     3330     4449     5481     7072     8982     992      5986     3230     2293     7161     2938     7106     7229     6002     2744     5048     5995     2370     6508     4026     1864     3037     7113     1000     6738     6508     8123     2684     
48       678      2683     5361     3408     568      6545     7631     3819     5182     6323     2663     534      4051     5459     6032     2575     4462     3403     1193     6428     7408     6212     759      5175     6120     7127     8907     4064     2842     6413     5178     8526     5679     5629     2346     2349     2738     6914     1259     7036     3778     4285     4005     3375     3948     7792     2470     6666     0        3686     7222     2273     5345     4495     2493     2114     697      5372     7296     1736     6752     6708     3096     7443     858      4277     4399     3946     8229     7392     4689     9065     5809     7496     4851     959      6879     1335     4835     5341     4081     
49       4338     5684     1688     4272     4052     3463     5455     1697     1794     4683     2825     3515     3786     4664     7057     1620     4550     329      3838     5980     4554     2586     2941     5952     6090     4845     6231     565      3268     6761     1567     5501     6230     2050     4301     5065     3994     3806     4176     6541     1324     2172     883      5214     5308     5844     2131     6732     3686     0        5916     1533     5576     3430     4691     5153     4354     2333     6877     2060     5033     5515     883      5922     3111     665      1173     4865     5743     4333     4373     6118     3696     6586     3777     4635     6395     4975     1300     1806     4302     
