

sets
i        orders          /0*80/
k        routes          /1*80/
p        positions       /0*80/
;

alias(i,j)
alias(i,h)
alias(i,hh)
alias(i,jj)
alias(k,kk)
                            Parameters

rho(i)	Processing time
/
0	0
1	11
2	6
3	92
4	15
5	55
6	5
7	20
8	70
9	32
10	87
11	31
12	60
13	88
14	38
15	28
16	87
17	63
18	26
19	27
20	29
21	74
22	72
23	71
24	89
25	79
26	9
27	52
28	92
29	87
30	32
31	48
32	49
33	3
34	88
35	79
36	22
37	4
38	93
39	67
40	63
41	32
42	87
43	32
44	58
45	47
46	98
47	64
48	73
49	48
50	93
51	92
52	93
53	31
54	97
55	94
56	52
57	40
58	3
59	9
60	68
61	27
62	73
63	75
64	28
65	15
66	36
67	83
68	87
69	78
70	42
71	13
72	79
73	64
74	23
75	40
76	26
77	77
78	17
79	74
80	62
/

gamma(i)	Duedate
/
0	0
1	22
2	57
3	73
4	22
5	43
6	20
7	46
8	34
9	75
10	13
11	96
12	29
13	75
14	93
15	44
16	46
17	46
18	93
19	61
20	5
21	29
22	99
23	82
24	65
25	67
26	38
27	68
28	13
29	31
30	74
31	99
32	63
33	64
34	50
35	99
36	79
37	43
38	34
39	28
40	80
41	66
42	89
43	89
44	41
45	22
46	42
47	81
48	26
49	30
50	91
51	92
52	98
53	25
54	97
55	77
56	90
57	74
58	98
59	69
60	87
61	64
62	55
63	25
64	42
65	53
66	88
67	80
68	95
69	57
70	13
71	56
72	75
73	25
74	75
75	28
76	93
77	51
78	50
79	57
80	4
/

sigma(i)	Size
/
0	0
1	7
2	9
3	8
4	4
5	1
6	8
7	7
8	6
9	2
10	3
11	2
12	9
13	3
14	9
15	9
16	8
17	8
18	1
19	4
20	6
21	9
22	2
23	9
24	2
25	8
26	9
27	9
28	9
29	1
30	3
31	5
32	2
33	9
34	9
35	4
36	3
37	2
38	1
39	7
40	7
41	7
42	8
43	5
44	7
45	5
46	7
47	2
48	6
49	4
50	7
51	6
52	8
53	1
54	6
55	3
56	6
57	1
58	1
59	6
60	2
61	5
62	9
63	9
64	5
65	1
66	7
67	3
68	6
69	3
70	1
71	3
72	2
73	1
74	2
75	4
76	7
77	8
78	8
79	6
80	6
/

epsilon(i)	Priority
/
0	0
1	5
2	8
3	9
4	5
5	9
6	6
7	3
8	3
9	6
10	2
11	1
12	9
13	3
14	6
15	7
16	9
17	9
18	2
19	2
20	6
21	8
22	2
23	9
24	1
25	6
26	8
27	4
28	9
29	7
30	9
31	9
32	6
33	2
34	5
35	5
36	6
37	8
38	9
39	3
40	6
41	9
42	1
43	3
44	6
45	8
46	7
47	2
48	5
49	5
50	3
51	6
52	1
53	8
54	6
55	1
56	1
57	7
58	3
59	1
60	8
61	4
62	6
63	2
64	7
65	7
66	7
67	8
68	4
69	7
70	4
71	3
72	8
73	8
74	4
75	1
76	3
77	5
78	7
79	4
80	1
/

psi	Vehicle Capacity
/ 41 /
;

Table kappa(i,j)                 Setup
         0        1        2        3        4        5        6        7        8        9        10       11       12       13       14       15       16       17       18       19       20       21       22       23       24       25       26       27       28       29       30       31       32       33       34       35       36       37       38       39       40       41       42       43       44       45       46       47       48       49       50       51       52       53       54       55       56       57       58       59       60       61       62       63       64       65       66       67       68       69       70       71       72       73       74       75       76       77       78       79       80       
0        0        5802     4412     5020     4700     3649     7830     4322     5746     5993     3215     1273     7010     758      4425     6785     7076     4581     3796     3222     4910     4106     3862     6489     6289     3566     5558     4565     7263     8969     5069     8594     5942     7182     5790     3342     2056     3008     6502     992      2013     2732     7627     6931     4112     6736     4374     5636     6827     7045     2988     4349     4921     2191     4712     6189     3351     4509     5687     2351     4560     1448     5988     4328     2001     5278     4949     4071     4000     7079     2503     4735     1711     5444     472      2123     4938     5942     5650     6751     6879     
1        5802     0        1732     1874     1233     2388     2155     2538     626      3123     4018     4555     4128     5803     3997     3475     1470     3575     4768     3000     2940     2498     5280     4841     1949     2929     3588     5236     2987     3469     3196     3352     1450     3370     4705     4433     4342     5574     1962     6734     5484     3558     1968     1301     5993     4247     3145     3467     2289     1271     3832     1481     3883     7650     1115     1996     3483     2633     790      6284     5438     5965     2421     3911     5304     4854     5875     1783     4789     3409     3977     3056     4836     662      5653     4249     2039     3732     4558     1204     3415     
2        4412     1732     0        804      533      1876     3879     919      1419     2314     2286     3139     3497     4274     4095     4626     3202     2052     3072     1319     1591     2465     5012     3772     1962     2578     4225     5214     4433     5202     3685     5065     1544     4691     5212     4056     3428     3841     3394     5269     3796     2811     3696     2582     5700     3444     1568     2372     3760     2969     2106     644      2443     6066     784      3277     3091     2880     1319     4582     5381     4340     3499     3977     3619     5148     5870     1286     3114     3127     2296     1617     3205     1154     4365     3347     2597     4497     3259     2385     3008     
3        5020     1874     804      0        1071     2672     3860     833      1335     1539     2438     3762     2713     4790     4866     5150     3278     1712     3010     1805     1066     3224     5815     3111     1269     3374     4900     6004     4815     5217     4384     5188     999      5142     5928     4860     4202     3975     3771     5817     4125     3610     3701     2292     6505     2691     1321     1696     4121     2935     2374     1379     2009     6503     1350     3723     3893     3607     1172     4859     6175     4756     4030     4750     3956     5901     6662     2054     2999     2324     2697     1184     3643     1213     5022     4124     3246     5144     2716     2079     2204     
4        4700     1233     533      1071     0        1723     3389     1436     1046     2603     2803     3431     3762     4632     3832     4137     2694     2558     3605     1767     2037     2188     4872     4171     1948     2409     3829     5001     3907     4697     3313     4541     1447     4179     4859     3937     3495     4351     2865     5597     4253     2797     3201     2231     5576     3760     2082     2756     3231     2495     2602     411      2930     6458     283      2760     2955     2544     999      5051     5181     4754     3010     3720     4073     4847     5659     1058     3648     3273     2746     2092     3620     745      4604     3408     2177     4077     3716     2052     3190     
5        3649     2388     1876     2672     1723     0        4227     2588     2590     4188     3173     2530     5373     3844     2255     3497     3472     3639     4154     2011     3371     746      3155     5564     3671     702      2665     3339     3729     5322     2083     4949     3162     3766     3495     2214     1962     4456     2876     4632     3973     1170     4023     3668     3855     5307     3156     4201     3217     3520     2834     1326     4075     5711     1545     2586     1232     1257     2614     4781     3505     4203     2497     2132     3801     3339     3995     674      4274     4971     2660     3338     3199     2302     3411     1869     1388     3007     4949     3536     4869     
6        7830     2155     3879     3860     3389     4227     0        4622     2538     4705     6157     6620     5405     7900     5073     3277     755      5560     6855     5155     4870     4024     6531     6412     3320     4567     4151     6258     2293     1358     4045     1484     3060     2853     5208     5864     6156     7717     1902     8791     7637     5343     204      1789     7206     5655     5180     5189     1883     926      5984     3614     5799     9763     3255     2242     5053     3894     2692     8439     6473     8101     2774     5033     7457     5588     6815     3760     6855     4512     6131     5023     6978     2742     7629     6063     3249     4088     6332     1968     4627     
7        4322     2538     919      833      1436     2588     4622     0        2084     1780     1605     3097     2935     4029     4843     5543     3995     1136     2236     1121     795      3260     5605     2976     2036     3268     5091     5892     5343     5970     4536     5890     1830     5609     6038     4640     3774     3148     4301     5068     3300     3306     4452     3117     6263     2792     648      1644     4665     3696     1550     1537     1539     5698     1700     4194     3724     3713     1938     4027     6043     3951     4416     4720     3134     5923     6540     2105     2251     2795     1909     750      2855     1893     4373     3707     3489     5379     2384     2905     2619     
8        5746     626      1419     1335     1046     2590     2538     2084     0        2498     3644     4477     3507     5665     4436     4097     1943     3047     4316     2739     2381     2856     5639     4221     1348     3211     4140     5661     3607     3890     3712     3854     832      3997     5245     4748     4476     5205     2587     6640     5214     3735     2372     1185     6352     3621     2647     2857     2909     1612     3503     1418     3325     7477     1083     2619     3773     3075     172      5993     5856     5757     3029     4340     5037     5351     6311     1925     4318     2810     3716     2515     4622     305      5647     4386     2535     4309     3963     1006     2803     
9        5993     3123     2314     1539     2603     4188     4705     1780     2498     0        2904     4819     1186     5601     6403     6566     4295     1565     2972     2880     1083     4763     7306     1735     1387     4890     6419     7527     6104     6031     5914     6157     1716     6493     7461     6344     5550     4158     5086     6647     4642     5045     4592     2923     7983     1160     1625     587      5407     3846     3034     2918     1482     7094     2874     5100     5392     5145     2332     5229     7694     5386     5466     6286     4505     7441     8184     3590     2860     1111     3497     1261     4393     2530     6094     5481     4762     6648     1678     2736     891      
10       3215     4018     2286     2438     2803     3173     6157     1605     3644     2904     0        2227     3823     2728     5246     6578     5489     1388     990      1190     1866     3919     5598     3292     3587     3691     5837     6062     6576     7487     5256     7344     3432     6750     6603     4686     3463     1561     5568     3766     1757     3343     5977     4718     6158     3530     1312     2468     5939     5239     365      2706     1705     4204     3003     5390     3967     4430     3510     2435     6168     2483     5489     5119     1609     6341     6659     2998     1136     4015     809      1665     1527     3415     3414     3430     4428     6179     2465     4507     3793     
11       1273     4555     3139     3762     3431     2530     6620     3097     4477     4819     2227     0        5888     1314     3815     5887     5869     3503     3022     1980     3739     3101     3693     5504     5029     2616     4784     4291     6241     7799     4241     7464     4672     6227     5234     2919     1519     2618     5405     2179     1775     1869     6417     5662     4143     5647     3228     4513     5747     5810     1927     3089     3886     3184     3454     5115     2571     3563     4414     2476     4346     1737     4984     3699     1652     4815     4804     2864     3218     5882     1428     3579     1055     4176     1277     1533     3891     5166     4688     5480     5693     
12       7010     4128     3497     2713     3762     5373     5405     2935     3507     1186     3823     5888     0        6551     7579     7604     5121     2436     3629     4003     2177     5937     8491     1276     2207     6075     7549     8712     7055     6660     7059     6888     2677     7482     8609     7529     6708     4838     6070     7586     5479     6224     5326     3634     9167     418      2660     1376     6367     4632     4021     4093     2160     7901     4026     6125     6579     6306     3353     5962     8879     6253     6530     7464     5363     8609     9368     4768     3470     924      4509     2316     5349     3595     7150     6642     5894     7761     1804     3485     778      
13       758      5803     4274     4790     4632     3844     7900     4029     5665     5601     2728     1314     6551     0        4945     7163     7154     4116     3174     2993     4529     4399     4527     5932     6050     3895     6006     5208     7550     9100     5484     8775     5756     7521     6342     3921     2553     2288     6720     1046     1298     3102     7699     6847     4825     6250     3977     5194     7061     7069     2566     4323     4416     1873     4690     6429     3777     4846     5585     1596     5220     692      6288     4838     1318     5863     5630     4160     3377     6705     2127     4340     1207     5373     1205     2602     5201     6390     5088     6655     6493     
14       4425     3997     4095     4866     3832     2255     5073     4843     4436     6403     5246     3815     7579     4945     0        2651     4424     5881     6235     4172     5625     1644     1477     7819     5704     1594     1274     1241     3472     5732     1055     5148     5168     3168     1420     1156     2392     6281     3205     5359     5567     1990     4891     5257     2133     7540     5403     6449     3364     4711     4885     3486     6320     6609     3587     2847     1297     1366     4521     6292     1448     5513     2364     127      5424     1099     1878     2812     6380     7097     4583     5593     4794     4208     4005     2343     1979     1622     7199     5192     7022     
15       6785     3475     4626     5150     4137     3497     3277     5543     4097     6566     6578     5887     7604     7163     2651     0        2924     6678     7523     5388     6172     2808     4044     8247     5419     3271     1381     3521     1052     3431     1735     2761     4926     560      2111     3774     4746     7944     1603     7767     7459     4068     3161     4315     4586     7709     6191     6839     1434     3400     6267     4014     7065     8964     3858     1480     3437     2325     4253     8259     3723     7618     1127     2689     7290     2642     3929     3583     7611     6871     6147     6230     6678     4036     6422     4671     2151     1089     7850     4363     6888     
16       7076     1470     3202     3278     2694     3472     755      3995     1943     4295     5489     5869     5121     7154     4424     2924     0        4991     6230     4451     4322     3290     5862     6027     2943     3826     3600     5633     2076     2002     3423     1910     2591     2599     4697     5159     5406     7043     1377     8039     6924     4593     551      1521     6549     5326     4583     4732     1491     512      5297     2890     5264     9020     2538     1666     4323     3192     2110     7731     5847     7369     2216     4374     6744     5023     6214     3007     6244     4272     5421     4459     6251     2102     6873     5312     2539     3591     5864     1641     4351     
17       4581     3575     2052     1712     2558     3639     5560     1136     3047     1565     1388     3503     2436     4116     5881     6678     4991     0        1452     1799     710      4343     6509     2051     2532     4288     6206     6865     6456     6918     5644     6900     2555     6737     7125     5554     4514     2604     5411     5154     3089     4189     5406     3910     7133     2156     494      1084     5771     4638     1596     2672     442      5537     2829     5318     4695     4814     2882     3664     7002     3846     5551     5755     2959     6973     7500     3216     1379     2669     2092     537      2913     2914     4744     4462     4620     6502     1326     3699     2438     
18       3796     4768     3072     3010     3605     4154     6855     2236     4316     2972     990      3022     3629     3174     6235     7523     6230     1452     0        2151     2141     4901     6543     2801     3973     4681     6820     7030     7466     8205     6238     8120     3943     7670     7594     5647     4379     1210     6440     4141     1942     4318     6687     5287     7079     3266     1698     2423     6811     5929     1349     3576     1512     4290     3836     6287     4953     5410     4165     2334     7130     2729     6421     6108     1869     7329     7617     3940     204      4043     1712     1945     2105     4128     4081     4355     5380     7158     1963     5074     3803     
19       3222     3000     1319     1805     1767     2011     5155     1121     2739     2880     1190     1980     4003     2993     4172     5388     4451     1799     2151     0        1826     2756     4713     3843     3073     2585     4673     5092     5405     6452     4093     6257     2762     5565     5487     3762     2736     2646     4410     4014     2486     2395     4966     3897     5334     3814     1390     2654     4780     4262     895      1582     2237     4754     1915     4217     2935     3262     2637     3283     5221     3022     4301     4044     2307     5271     5718     1810     2264     3916     980      1698     1888     2467     3255     2678     3238     5008     3117     3697     3736     
20       4910     2940     1591     1066     2037     3371     4870     795      2381     1083     1866     3739     2177     4529     5625     6172     4322     710      2141     1826     0        4024     6400     2196     1831     4057     5816     6685     5875     6228     5273     6232     1847     6189     6792     5436     4540     3250     4830     5576     3622     4098     4721     3202     7056     2005     556      850      5182     3952     1963     2236     944      6071     2319     4768     4519     4461     2213     4262     6838     4344     5045     5503     3476     6699     7334     2854     2083     2176     2416     205      3323     2279     5013     4476     4186     6087     1679     2991     1970     
21       4106     2498     2465     3224     2188     746      4024     3260     2856     4763     3919     3101     5937     4399     1644     2808     3290     4343     4901     2756     4024     0        2788     6220     4079     562      1919     2827     3160     4985     1337     4538     3547     3126     2781     1939     2192     5181     2430     5098     4653     1398     3823     3796     3502     5906     3854     4833     2734     3445     3579     1845     4775     6240     1947     2098     1034     514      2922     5450     3014     4819     1890     1532     4485     2682     3483     1178     5019     5456     3390     4010     3870     2605     3804     2102     843      2262     5640     3700     5378     
22       3862     5280     5012     5815     4872     3155     6531     5605     5639     7306     5598     3693     8491     4527     1477     4044     5862     6509     6543     4713     6400     2788     0        8538     6813     2463     2672     742      4927     7208     2533     6620     6293     4584     2272     964      2190     6309     4678     4658     5445     2320     6344     6572     714      8390     6072     7249     4841     6115     5236     4481     6949     5925     4670     4318     1924     2697     5696     6053     699      5184     3841     1501     5337     1650     1114     3814     6716     8125     4830     6326     4748     5378     3393     2199     3351     2963     7831     6484     8018     
23       6489     4841     3772     3111     4171     5564     6412     2976     4221     1735     3292     5504     1276     5932     7819     8247     6027     2051     2801     3843     2196     6220     8538     0        3097     6244     7991     8860     7828     7718     7457     7876     3451     8202     8984     7578     6566     3956     6802     6928     4740     6220     6308     4623     9173     873      2466     1415     7130     5571     3577     4415     1630     7067     4454     6797     6688     6652     4052     5092     9006     5527     7134     7696     4655     8895     9504     5048     2610     2134     4075     2229     4780     4225     6706     6513     6346     8249     844      4446     1928     
24       6289     1949     1962     1269     1948     3671     3320     2036     1348     1387     3587     5029     2207     6050     5704     5419     2943     2532     3973     3073     1831     4079     6813     3097     0        4351     5483     6906     4847     4644     5040     4779     537      5278     6581     5884     5382     5058     3867     7082     5323     4727     3211     1536     7520     2384     2318     1903     4160     2475     3580     2353     2645     7734     2144     3938     4901     4360     1219     6021     7093     5987     4370     5600     5161     6660     7562     3002     3911     1462     3942     2028     4889     1511     6285     5299     3859     5658     3043     1351     1469     
25       3566     2929     2578     3374     2409     702      4567     3268     3211     4890     3691     2616     6075     3895     1594     3271     3826     4288     4681     2585     4057     562      2463     6244     4351     0        2223     2638     3697     5546     1654     5100     3833     3629     2912     1540     1630     4843     2992     4558     4243     841      4364     4229     3169     6006     3814     4893     3292     3953     3336     2020     4728     5718     2209     2657     561      952      3254     5023     2803     4349     2422     1467     4082     2691     3293     1350     4817     5669     3082     4014     3456     2937     3251     1540     1404     2595     5608     4115     5569     
26       5558     3588     4225     4900     3829     2665     4151     5091     4140     6419     5837     4784     7549     6006     1274     1381     3600     6206     6820     4673     5816     1919     2672     7991     5483     2223     0        2202     2272     4617     581      3992     4951     1912     1127     2414     3502     7062     2251     6522     6460     2916     3990     4712     3245     7580     5712     6580     2309     3980     5495     3580     6627     7750     3550     1934     2229     1412     4264     7231     2413     6518     1385     1321     6302     1438     2692     2990     6938     6937     5285     5829     5674     3983     5166     3436     1657     384      7473     4697     6905     
27       4565     5236     5214     6004     5001     3339     6258     5892     5661     7527     6062     4291     8712     5208     1241     3521     5633     6865     7030     5092     6685     2827     742      8860     6906     2638     2202     0        4472     6816     2214     6195     6374     4077     1591     1391     2771     6889     4365     5385     6062     2721     6082     6498     1071     8644     6407     7526     4479     5939     5697     4634     7307     6654     4771     4017     2172     2602     5739     6703     215      5851     3500     1324     5943     961      658      3955     7194     8275     5325     6632     5337     5424     4100     2763     3220     2432     8191     6433     8187     
28       7263     2987     4433     4815     3907     3729     2293     5343     3607     6104     6576     6241     7055     7550     3472     1052     2076     6456     7466     5405     5875     3160     4927     7828     4847     3697     2272     4472     0        2387     2444     1731     4402     561      3145     4519     5290     8037     1045     8255     7673     4536     2204     3568     5517     7209     5987     6452     698      2583     6300     3889     6806     9399     3650     1188     3995     2768     3776     8488     4681     7932     1275     3481     7497     3642     4927     3619     7528     6257     6264     5965     6913     3621     6944     5206     2350     2066     7527     3654     6306     
29       8969     3469     5202     5217     4697     5322     1358     5970     3890     6031     7487     7799     6660     9100     5732     3431     2002     6918     8205     6452     6228     4985     7208     7718     4644     5546     4617     6816     2387     0        4676     697      4411     2892     5532     6672     7173     9043     2588     9947     8920     6366     1518     3107     7836     6936     6536     6530     2371     2281     7299     4885     7155     10972    4538     2947     5973     4745     4047     9729     7028     9346     3372     5718     8740     6019     7299     4940     8209     5748     7419     6381     8236     4082     8728     7082     4152     4445     7674     3300     5885     
30       5069     3196     3685     4384     3313     2083     4045     4536     3712     5914     5256     4241     7059     5484     1055     1735     3423     5644     6238     4093     5273     1337     2533     7457     5040     1654     581      2214     2444     4676     0        4098     4503     2199     1550     2079     3020     6485     2159     6044     5897     2382     3867     4389     3178     7073     5151     6050     2308     3748     4913     3041     6069     7256     3039     1806     1718     835      3824     6674     2429     5978     1309     1045     5736     1663     2793     2431     6357     6481     4705     5279     5110     3529     4695     2947     1180     942      6921     4352     6436     
31       8594     3352     5065     5188     4541     4949     1484     5890     3854     6157     7344     7464     6888     8775     5148     2761     1910     6900     8120     6257     6232     4538     6620     7876     4779     5100     3992     6195     1731     697      4098     0        4476     2213     4870     6134     6731     8886     2108     9580     8689     5934     1568     3261     7230     7132     6488     6619     1831     2313     7129     4675     7174     10648    4349     2450     5491     4249     4020     9504     6405     9065     2815     5144     8508     5374     6658     4638     8141     5996     7203     6370     7976     4001     8326     6641     3695     3798     7757     3430     6109     
32       5942     1450     1544     999      1447     3162     3060     1830     832      1716     3432     4672     2677     5756     5168     4926     2591     2555     3943     2762     1847     3547     6293     3451     537      3833     4951     6374     4402     4411     4503     4476     0        4811     6046     5370     4922     4957     3399     6772     5124     4242     2927     1355     7001     2808     2247     2143     3708     2164     3373     1857     2751     7493     1623     3447     4387     3823     689      5858     6562     5747     3861     5065     4955     6122     7029     2489     3909     1986     3685     2021     4628     974      5908     4837     3323     5132     3281     1144     1972     
33       7182     3370     4691     5142     4179     3766     2853     5609     3997     6493     6750     6227     7482     7521     3168     560      2599     6737     7670     5565     6189     3126     4584     8202     5278     3629     1912     4077     561      2892     2199     2213     4811     0        2668     4269     5165     8167     1412     8170     7739     4451     2759     4063     5138     7617     6258     6809     1136     3099     6456     4110     7105     9346     3909     1421     3855     2678     4161     8547     4280     7944     1275     3195     7566     3202     4489     3757     7746     6709     6377     6265     6965     3977     6837     5086     2381     1644     7858     4135     6745     
34       5790     4705     5212     5928     4859     3495     5208     6038     5245     7461     6603     5234     8609     6342     1420     2111     4697     7125     7594     5487     6792     2781     2272     8984     6581     2912     1127     1591     3145     5532     1550     4870     6046     2668     0        2451     3790     7691     3329     6695     6987     3406     5058     5839     2647     8619     6636     7584     3332     5094     6247     4573     7556     7957     4587     3033     2706     2332     5363     7710     1758     6925     2483     1539     6843     630      1857     3938     7730     8027     5971     6786     6213     5073     5353     3747     2725     1120     8421     5823     7986     
35       3342     4433     4056     4860     3937     2214     5864     4640     4748     6344     4686     2919     7529     3921     1156     3774     5159     5554     5647     3762     5436     1939     964      7578     5884     1540     2414     1391     4519     6672     2079     6134     5370     4269     2451     0        1405     5503     4090     4245     4694     1367     5669     5733     1644     7426     5112     6285     4309     5360     4322     3540     5995     5506     3747     3729     983      1970     4794     5363     1482     4535     3319     1093     4570     1942     1973     2882     5814     7176     3939     5363     3957     4476     2902     1386     2620     2774     6878     5631     7064     
36       2056     4342     3428     4202     3495     1962     6156     3774     4476     5550     3463     1519     6708     2553     2392     4746     5406     4514     4379     2736     4540     2192     2190     6566     5382     1630     3502     2771     5290     7173     3020     6731     4922     5165     3790     1405     0        4125     4622     3024     3292     813      5952     5603     2700     6542     4126     5381     4918     5479     3109     3087     4942     4247     3395     4285     1311     2523     4472     3958     2829     3141     4017     2288     3172     3329     3294     2569     4559     6506     2672     4428     2568     4175     1675     93       3035     3885     5806     5458     6357     
37       3008     5574     3841     3975     4351     4456     7717     3148     5205     4158     1561     2618     4838     2288     6281     7944     7043     2604     1210     2646     3250     5181     6309     3956     5058     4843     7062     6889     8037     9043     6485     8886     4957     8167     7691     5503     4125     0        7053     3131     994      4292     7536     6265     6754     4471     2740     3624     7423     6800     1758     4221     2717     3112     4537     6850     4986     5693     5069     1137     6954     1703     6894     6157     1027     7337     7419     4420     1371     5243     1796     3045     1563     4976     3383     4127     5800     7426     3136     6053     5004     
38       6502     1962     3394     3771     2865     2876     1902     4301     2587     5086     5568     5405     6070     6720     3205     1603     1377     5411     6440     4410     4830     2430     4678     6802     3867     2992     2251     4365     1045     2588     2159     2108     3399     1412     3329     4090     4622     7053     0        7492     6742     3827     1738     2712     5336     6205     4944     5417     371      1819     5304     2867     5760     8587     2612     362      3391     2158     2753     7560     4580     7053     871      3176     6563     3687     4914     2661     6498     5303     5300     4919     5998     2584     6224     4532     1587     2217     6485     2761     5335     
39       992      6734     5269     5817     5597     4632     8791     5068     6640     6647     3766     2179     7586     1046     5359     7767     8039     5154     4141     4014     5576     5098     4658     6928     7082     4558     6522     5385     8255     9947     6044     9580     6772     8170     6695     4245     3024     3131     7492     0        2205     3723     8588     7825     4805     7279     5023     6234     7818     7989     3613     5266     5442     1269     5632     7181     4329     5499     6569     2178     5355     1432     6980     5268     2273     6157     5704     5031     4341     7751     3172     5387     2253     6342     1356     3096     5930     6904     6084     7638     7539     
40       2013     5484     3796     4125     4253     3973     7637     3300     5214     4642     1757     1775     5479     1298     5567     7459     6924     3089     1942     2486     3622     4653     5445     4740     5323     4243     6460     6062     7673     8920     5897     8689     5124     7739     6987     4694     3292     994      6742     2205     0        3587     7446     6350     5847     5145     3069     4168     7104     6748     1751     4035     3318     2452     4385     6499     4294     5151     5101     818      6110     787      6467     5448     180      6585     6560     4082     2139     5752     1506     3420     786      4950     2396     3308     5358     6836     3898     6144     5525     
41       2732     3558     2811     3610     2797     1170     5343     3306     3735     5045     3343     1869     6224     3102     1990     4068     4593     4189     4318     2395     4098     1398     2320     6220     4727     841      2916     2721     4536     6366     2382     5934     4242     4451     3406     1367     813      4292     3827     3723     3587     0        5139     4835     2959     6099     3753     4948     4132     4674     2978     2385     4629     4898     2664     3496     706      1776     3745     4333     2837     3602     3260     1868     3440     3050     3332     1810     4477     5934     2626     4015     2809     3439     2410     720      2241     3299     5511     4698     5804     
42       7627     1968     3696     3701     3201     4023     204      4452     2372     4592     5977     6417     5326     7699     4891     3161     551      5406     6687     4966     4721     3823     6344     6308     3211     4364     3990     6082     2204     1518     3867     1568     2927     2759     5058     5669     5952     7536     1738     8588     7446     5139     0        1694     7023     5564     5019     5065     1747     769      5799     3418     5655     9563     3062     2070     4853     3699     2530     8249     6297     7904     2608     4848     7266     5426     6645     3557     6691     4442     5940     4870     6782     2567     7424     5858     3052     3940     6206     1862     4548     
43       6931     1301     2582     2292     2231     3668     1789     3117     1185     2923     4718     5662     3634     6847     5257     4315     1521     3910     5287     3897     3202     3796     6572     4623     1536     4229     4712     6498     3568     3107     4389     3261     1355     4063     5839     5733     5603     6265     2712     7825     6350     4835     1694     0        7284     3870     3589     3427     2928     1013     4615     2592     4099     8648     2241     2893     4784     3902     1263     7113     6703     6920     3411     5177     6175     6053     7128     3033     5259     2763     4866     3376     5785     1486     6826     5511     3279     4795     4570     213      2858     
44       4112     5993     5700     6505     5576     3855     7206     6263     6352     7983     6158     4143     9167     4825     2133     4586     6549     7133     7079     5334     7056     3502     714      9173     7520     3169     3245     1071     5517     7836     3178     7230     7001     5138     2647     1644     2700     6754     5336     4805     5847     2959     7023     7284     0        9054     6708     7907     5480     6814     5801     5181     7570     6051     5378     4980     2622     3402     6408     6395     889      5505     4486     2175     5755     2021     978      4518     7259     8821     5372     6974     5193     6090     3640     2728     4052     3496     8448     7197     8709     
45       6736     4247     3444     2691     3760     5307     5655     2792     3621     1160     3530     5647     418      6250     7540     7709     5326     2156     3266     3814     2005     5906     8390     873      2384     6006     7580     8644     7209     6936     7073     7132     2808     7617     8619     7426     6542     4471     6205     7279     5145     6099     5564     3870     9054     0        2438     1160     6516     4849     3752     4063     1836     7551     4033     6237     6492     6298     3460     5601     8805     5926     6617     7421     5037     8587     9298     4729     3100     1268     4247     2116     5057     3676     6898     6480     5923     7808     1397     3707     1075     
46       4374     3145     1568     1321     2082     3156     5180     648      2647     1625     1312     3228     2660     3977     5403     6191     4583     494      1698     1390     556      3854     6072     2466     2318     3814     5712     6407     5987     6536     5151     6488     2247     6258     6636     5112     4126     2740     4944     5023     3069     3753     5019     3589     6708     2438     0        1287     5307     4255     1410     2181     920      5516     2349     4842     4234     4322     2489     3723     6548     3788     5064     5278     2921     6493     7046     2722     1678     2728     1873     364      2770     2488     4494     4069     4126     6008     1795     3376     2517     
47       5636     3467     2372     1696     2756     4201     5189     1644     2857     587      2468     4513     1376     5194     6449     6839     4732     1084     2423     2654     850      4833     7249     1415     1903     4893     6580     7526     6452     6530     6050     6619     2143     6809     7584     6285     5381     3624     5417     6234     4168     4948     5065     3427     7907     1160     1287     0        5754     4306     2649     3011     915      6613     3038     5397     5363     5252     2686     4715     7681     4930     5723     6329     4042     7514     8177     3656     2299     1619     3134     956      3988     2833     5774     5319     4932     6834     1143     3230     1380     
48       6827     2289     3760     4121     3231     3217     1883     4665     2909     5407     5939     5747     6367     7061     3364     1434     1491     5771     6811     4780     5182     2734     4841     7130     4160     3292     2309     4479     698      2371     2308     1831     3708     1136     3332     4309     4918     7423     371      7818     7104     4132     1747     2928     5480     6516     5307     5754     0        1977     5675     3237     6116     8925     2980     637      3662     2420     3078     7922     4693     7406     1001     3348     6926     3743     4999     3025     6867     5580     5667     5276     6357     2924     6537     4829     1892     2212     6831     2999     5623     
49       7045     1271     2969     2935     2495     3520     926      3696     1612     3846     5239     5810     4632     7069     4711     3400     512      4638     5929     4262     3952     3445     6115     5571     2475     3953     3980     5939     2583     2281     3748     2313     2164     3099     5094     5360     5479     6800     1819     7989     6748     4674     769      1013     6814     4849     4255     4306     1977     0        5075     2752     4885     8920     2387     2067     4477     3420     1766     7544     6151     7237     2614     4649     6569     5383     6539     2983     5929     3772     5242     4102     6107     1824     6874     5385     2764     4004     5445     1146     3858     
