

sets
i        orders          /0*10/
k        routes          /1*10/
p        positions       /0*10/
;

alias(i,j)
alias(i,h)
alias(i,hh)
alias(i,jj)
alias(k,kk)
                            Parameters

rho(i)	Processing time
/
0	0
1	78
2	89
3	54
4	26
5	90
6	32
7	84
8	17
9	11
10	29
/

gamma(i)	Duedate
/
0	0
1	46
2	18
3	83
4	71
5	14
6	12
7	21
8	25
9	77
10	86
/

sigma(i)	Size
/
0	0
1	3
2	8
3	5
4	3
5	4
6	8
7	8
8	1
9	7
10	3
/

epsilon(i)	Priority
/
0	0
1	1
2	6
3	1
4	6
5	6
6	4
7	5
8	9
9	4
10	5
/

psi	Vehicle Capacity
/ 21 /
;

Table kappa(i,j)                 Setup
         0        1        2        3        4        5        6        7        8        9        10       
0        0        257      490      202      400      295      176      183      413      333      304      
1        257      0        234      212      330      259      219      73       196      143      262      
2        490      234      0        398      433      396      417      307      195      221      412      
3        202      212      398      0        504      93       29       175      409      187      415      
4        400      330      433      504      0        576      495      332      239      471      96       
5        295      259      396      93       576      0        119      244      449      175      493      
6        176      219      417      29       495      119      0        172      415      210      405      
7        183      73       307      175      332      244      172      0        250      182      249      
8        413      196      195      409      239      449      415      250      0        295      233      
9        333      143      221      187      471      175      210      182      295      0        406      
10       304      262      412      415      96       493      405      249      233      406      0        
;



Table delta(i,j)                 Distance
         0        1        2        3        4        5        6        7        8        9        10       
0        0        960      450      1890     720      90       1800     1350     1080     2070     750      
1        960      0        40       81       53       30       92       75       17       88       47       
2        450      40       0        75       32       19       58       35       37       80       39       
3        1890     81       75       0        43       61       61       81       94       7        37       
4        720      53       32       43       0        24       41       42       60       47       14       
5        90       30       19       61       24       0        61       48       36       67       23       
6        1800     92       58       61       41       61       0        35       94       60       54       
7        1350     75       35       81       42       48       35       0        72       83       56       
8        1080     17       37       94       60       36       94       72       0        100      57       
9        2070     88       80       7        47       67       60       83       100      0        43       
10       750      47       39       37       14       23       54       56       57       43       0        
;

