
sets
i        orders          /0*20/
k        routes          /1*20/
p        positions       /0*20/
;

alias(i,j)
alias(i,h)
alias(i,hh)
alias(i,jj)
alias(k,kk)
                
                    Parameters

rho(i)	Processing time
/
0	0
1	50
2	15
3	37
4	55
5	7
6	79
7	93
8	37
9	61
10	88
11	51
12	60
13	46
14	92
15	3
16	69
17	45
18	75
19	47
20	36
/

gamma(i)	Duedate
/
0	0
1	20
2	19
3	87
4	61
5	34
6	82
7	51
8	1
9	31
10	72
11	76
12	24
13	8
14	29
15	28
16	58
17	56
18	97
19	70
20	98
/

sigma(i)	Size
/
0	0
1	3
2	3
3	8
4	6
5	3
6	1
7	3
8	6
9	5
10	9
11	7
12	2
13	8
14	1
15	5
16	7
17	1
18	9
19	1
20	9
/

epsilon(i)	Priority
/
0	0
1	9
2	3
3	5
4	4
5	1
6	9
7	7
8	2
9	6
10	9
11	4
12	9
13	7
14	1
15	7
16	4
17	1
18	6
19	3
20	8
/

psi	Vehicle Capacity
/ 28 /
;

Table kappa(i,j)                 Setup
         0        1        2        3        4        5        6        7        8        9        10       11       12       13       14       15       16       17       18       19       20       
0        0        228      255      35       301      186      206      79       52       209      301      375      289      38       30       83       208      153      378      404      358      
1        228      0        378      257      324      226      173      304      177      248      434      325      183      254      229      311      40       257      310      514      459      
2        255      378      0        229      145      156      221      272      260      141      56       258      287      281      285      255      385      123      278      150      103      
3        35       257      229      0        291      182      214      64       80       202      272      373      300      51       59       60       240      139      378      376      333      
4        301      324      145      291      0        120      151      351      280      95       183      112      176      338      331      339      345      152      133      216      163      
5        186      226      156      182      120      0        66       246      160      26       212      190      146      224      214      237      239      60       196      288      233      
6        206      173      221      214      151      66       0        278      166      81       276      180      87       245      229      273      194      121      176      346      290      
7        79       304      272      64       351      246      278      0        131      264      308      437      363      52       77       18       281      199      442      413      374      
8        52       177      260      80       280      160      166      131      0        185      311      341      243      86       65       134      161      143      341      410      360      
9        209      248      141      202      95       26       81       264      185      0        196      173      149      246      237      255      263      69       182      267      211      
10       301      434      56       272      183      212      276      308      311      196      0        293      339      323      330      290      441      179      316      105      75       
11       375      325      258      373      112      190      180      437      341      173      293      0        144      414      401      427      357      241      28       306      259      
12       289      183      287      300      176      146      87       363      243      149      339      144      0        327      308      360      217      205      127      391      336      
13       38       254      281      51       338      224      245      52       86       246      323      414      327      0        25       63       229      187      416      428      384      
14       30       229      285      59       331      214      229      77       65       237      330      401      308      25       0        87       204      183      403      434      388      
15       83       311      255      60       339      237      273      18       134      255      290      427      360      63       87       0        289      188      434      395      357      
16       208      40       385      240      345      239      194      281      161      263      441      357      217      229      204      289      0        261      344      526      472      
17       153      257      123      139      152      60       121      199      143      69       179      241      205      187      183      188      261      0        251      270      218      
18       378      310      278      378      133      196      176      442      341      182      316      28       127      416      403      434      344      251      0        333      286      
19       404      514      150      376      216      288      346      413      410      267      105      306      391      428      434      395      526      270      333      0        55       
20       358      459      103      333      163      233      290      374      360      211      75       259      336      384      388      357      472      218      286      55       0        
;



Table delta(i,j)                 Distance
         0        1        2        3        4        5        6        7        8        9        10       11       12       13       14       15       16       17       18       19       20       
0        0        2920     2000     3220     2680     2060     3340     3780     2280     3680     3560     2560     4660     780      3860     1160     2640     2640     2660     320      480      
1        2920     0        48       31       111      97       58       55       46       106      55       49       94       107      73       105      106      170      176      131      121      
2        2000     48       0        60       111      59       91       100      19       129      95       60       141      61       113      56       106      156      160      86       76       
3        3220     31       60       0        142      90       86       72       48       135      79       80       102      122      95       111      137      200      206      147      136      
4        2680     111      111      142      0        166      76       110      128      59       93       61       146      116      97       139      5        65       72       119      119      
5        2060     97       59       90       166      0        149      152      51       189      150      119      189      73       168      45       161      201      204      96       84       
6        3340     58       91       86       76       149      0        33       98       49       16       39       72       134      26       143      72       142      148      151      145      
7        3780     55       100      72       110      152      33       0        101      75       17       64       44       153      24       156      105      175      182      173      165      
8        2280     46       19       48       128      51       98       101      0        141      99       73       139      75       117      63       123      175      180      101      90       
9        3680     106      129      135      59       189      49       75       141      0        60       69       99       158      53       174      57       118      125      168      165      
10       3560     55       95       79       93       150      16       17       99       60       0        51       57       143      18       150      89       158      165      162      155      
11       2560     49       60       80       61       119      39       64       73       69       51       0        108      95       65       107      56       122      128      111      106      
12       4660     94       141      102      146      189      72       44       139      99       57       108      0        196      49       198      143      212      218      217      209      
13       780      107      61       122      116      73       134      153      75       158      143      95       196      0        159      30       112      134      136      26       14       
14       3860     73       113      95       97       168      26       24       117      53       18       65       49       159      0        167      93       162      169      177      171      
15       1160     105      56       111      139      45       143      156      63       174      150      107      198      30       167      0        135      163      166      51       39       
16       2640     106      106      137      5        161      72       105      123      57       89       56       143      112      93       135      0        69       76       117      117      
17       2640     170      156      200      65       201      142      175      175      118      158      122      212      134      162      163      69       0        6        124      130      
18       2660     176      160      206      72       204      148      182      180      125      165      128      218      136      169      166      76       6        0        125      132      
19       320      131      86       147      119      96       151      173      101      168      162      111      217      26       177      51       117      124      125      0        12       
20       480      121      76       136      119      84       145      165      90       165      155      106      209      14       171      39       117      130      132      12       0        
;

