
sets
i        orders          /0*20/
k        routes          /1*20/
p        positions       /0*20/
;

alias(i,j)
alias(i,h)
alias(i,hh)
alias(i,jj)
alias(k,kk)
                
                    Parameters

rho(i)	Processing time
/
0	0
1	59
2	94
3	63
4	92
5	38
6	73
7	57
8	32
9	21
10	37
11	59
12	4
13	40
14	84
15	60
16	8
17	24
18	24
19	95
20	80
/

gamma(i)	Duedate
/
0	0
1	21
2	67
3	3
4	23
5	92
6	66
7	25
8	94
9	93
10	24
11	57
12	79
13	88
14	72
15	99
16	90
17	22
18	52
19	63
20	30
/

sigma(i)	Size
/
0	0
1	2
2	2
3	6
4	9
5	6
6	3
7	2
8	1
9	3
10	6
11	6
12	5
13	4
14	3
15	8
16	8
17	5
18	6
19	9
20	4
/

epsilon(i)	Priority
/
0	0
1	8
2	8
3	9
4	8
5	3
6	1
7	6
8	7
9	3
10	2
11	5
12	2
13	6
14	7
15	7
16	7
17	8
18	1
19	6
20	8
/

psi	Vehicle Capacity
/ 41 /
;

Table kappa(i,j)                 Setup
         0        1        2        3        4        5        6        7        8        9        10       11       12       13       14       15       16       17       18       19       20       
0        0        92       214      324      51       65       126      127      219      306      200      286      188      242      24       149      218      273      394      201      33       
1        92       0        123      249      52       138      122      65       202      215      239      197      156      258      68       116      162      214      340      116      103      
2        214      123      0        189      170      253      206      127      248      101      333      82       199      330      191      175      166      197      309      55       225      
3        324      249      189      0        301      383      232      197      194      135      326      230      172      284      301      190      117      78       127      244      314      
4        51       52       170      301      0        85       139      108      229      266      237      237      189      269      35       148      207      260      385      151      76       
5        65       138      253      383      85       0        191      187      284      351      250      314      253      300      83       214      282      336      459      226      92       
6        126      122      206      232      139      191      0        79       93       266      126      289      67       135      114      43       115      164      277      225      100      
7        127      65       127      197      108      187      79       0        141      196      206      210      93       209      104      55       98       152      277      148      120      
8        219      202      248      194      229      284      93       141      0        275      134      327      50       92       207      86       94       115      199      283      192      
9        306      215      101      135      266      351      266      196      275      0        387      100      232      366      282      225      181      183      262      148      311      
10       200      239      333      326      237      250      126      206      134      387      0        416      158      70       203      162      215      248      326      350      166      
11       286      197      82       230      237      314      289      210      327      100      416      0        279      411      264      257      240      260      357      88       301      
12       188      156      199      172      189      253      67       93       50       232      158      279      0        134      172      41       57       99       209      233      166      
13       242      258      330      284      269      300      135      209      92       366      70       411      134      0        239      155      185      205      265      357      209      
14       24       68       191      301      35       83       114      104      207      282      203      264      172      239      0        132      198      253      376      180      41       
15       149      116      175      190      148      214      43       55       86       225      162      257      41       155      132      0        74       126      245      202      130      
16       218      162      166      117      207      282      115      98       94       181      215      240      57       185      198      74       0        54       178      210      203      
17       273      214      197      78       260      336      164      152      115      183      248      260      99       205      253      126      54       0        125      246      257      
18       394      340      309      127      385      459      277      277      199      262      326      357      209      265      376      245      178      125      0        362      375      
19       201      116      55       244      151      226      225      148      283      148      350      88       233      357      180      202      210      246      362      0        219      
20       33       103      225      314      76       92       100      120      192      311      166      301      166      209      41       130      203      257      375      219      0        
;



Table delta(i,j)                 Distance
         0        1        2        3        4        5        6        7        8        9        10       11       12       13       14       15       16       17       18       19       20       
0        0        960      2380     1500     1080     2860     2860     2340     1560     1760     780      1460     2680     2400     2320     1720     1720     2520     1280     840      1200     
1        960      0        143      123      91       187      191      156      117      93       43       24       165      161      138      135      119      155      16       91       108      
2        2380     143      0        136      157      96       177      58       169      60       100      160      30       194      9        113      38       226      158      121      132      
3        1500     123      136      0        48       103      67       99       39       139      108      148      134      57       139      31       98       93       137      33       15       
4        1080     91       157      48       0        147      109      135      26       140      93       113      163      70       157      77       119      73       101      37       37       
5        2860     187      96       103      147      0        104      39       143      141      150      210      71       145      104      71       81       193      203      114      111      
6        2860     191      177      67       109      104      0        123      87       196      173      215      163      59       182      68       144      113      204      100      83       
7        2340     156      58       99       135      39       123      0        137      102      117      179      39       151      66       69       43       192      173      97       101      
8        1560     117      169      39       26       143      87       137      0        159      117      139      170      44       170      71       130      57       127      48       36       
9        1760     93       60       139      140      141      196      102      159      0        54       105      89       195      52       128      60       213      106      111      128      
10       780      43       100      108      93       150      173      117      117      54       0        62       122      158      94       110      76       165      59       75       94       
11       1460     24       160      148      113      210      215      179      139      105      62       0        184      184      153      160      139      172      12       115      132      
12       2680     165      30       134      163      71       163      39       170      89       122      184      0        189      39       106      47       227      181      126      133      
13       2400     161      194      57       70       145      59       151      44       195      158      184      189      0        197      82       156      54       172      84       66       
14       2320     138      9        139      157      104      182      66       170      52       94       153      39       197      0        117      40       226      152      121      134      
15       1720     135      113      31       77       71       68       69       71       128      110      160      106      82       117      0        77       124      150      47       40       
16       1720     119      38       98       119      81       144      43       130      60       76       139      47       156      40       77       0        187      135      82       94       
17       2520     155      226      93       73       193      113      192      57       213      165      172      227      54       226      124      187      0        160      105      93       
18       1280     16       158      137      101      203      204      173      127      106      59       12       181      172      152      150      135      160      0        105      121      
19       840      91       121      33       37       114      100      97       48       111      75       115      126      84       121      47       82       105      105      0        18       
20       1200     108      132      15       37       111      83       101      36       128      94       132      133      66       134      40       94       93       121      18       0        
;

