
sets
i        orders          /0*20/
k        routes          /1*20/
p        positions       /0*20/
;

alias(i,j)
alias(i,h)
alias(i,hh)
alias(i,jj)
alias(k,kk)
                
                    Parameters

rho(i)	Processing time
/
0	0
1	88
2	57
3	98
4	64
5	88
6	19
7	58
8	79
9	77
10	98
11	14
12	1
13	67
14	74
15	60
16	65
17	34
18	73
19	87
20	87
/

gamma(i)	Duedate
/
0	0
1	82
2	71
3	11
4	63
5	23
6	80
7	50
8	32
9	29
10	29
11	89
12	54
13	33
14	20
15	87
16	13
17	77
18	57
19	35
20	22
/

sigma(i)	Size
/
0	0
1	7
2	8
3	3
4	5
5	7
6	1
7	9
8	6
9	8
10	5
11	1
12	7
13	2
14	9
15	1
16	2
17	7
18	9
19	1
20	9
/

epsilon(i)	Priority
/
0	0
1	1
2	7
3	7
4	3
5	9
6	6
7	5
8	9
9	8
10	7
11	1
12	1
13	9
14	6
15	9
16	5
17	6
18	8
19	5
20	4
/

psi	Vehicle Capacity
/ 26 /
;

Table kappa(i,j)                 Setup
         0        1        2        3        4        5        6        7        8        9        10       11       12       13       14       15       16       17       18       19       20       
0        0        24       266      124      86       59       144      297      273      119      49       236      140      108      177      238      267      115      122      301      114      
1        24       0        290      137      87       69       155      312      296      107      72       259      164      94       186      261      290      111      128      321      104      
2        266      290      0        228      290      254      251      269      69       344      219      87       126      347      263      57       66       317      271      193      342      
3        124      137      228      0        207      68       241      369      204      126      121      162      129      137      58       228      199      94       43       342      239      
4        86       87       290      207      0        145      80       239      316      194      93       286      175      178      262      247      310      198      208      266      51       
5        59       69       254      68       145      0        193      338      246      92       75       206      133      93       118      238      241      73       64       327      172      
6        144      155      251      241      80       193      0        158      293      263      121      271      161      250      300      200      287      260      256      189      122      
7        297      312      269      369      239      338      158      0        334      417      263      331      252      406      427      214      329      409      394      91       272      
8        273      296      69       204      316      246      293      334      0        328      232      41       141      336      224      120      6        298      246      261      366      
9        119      107      344      126      194      92       263      417      328      0        158      287      225      21       140      331      323      33       87       416      197      
10       49       72       219      121      93       75       121      263      232      158      0        198      93       152      179      189      225      147      135      257      137      
11       236      259      87       162      286      206      271      331      41       287      198      0        112      295      184      124      37       256      205      267      334      
12       140      164      126      129      175      133      161      252      141      225      93       112      0        226      181      105      135      203      166      214      224      
13       108      94       347      137      178      93       250      406      336      21       152      295      226      0        157      330      330      50       101      409      178      
14       177      186      263      58       262      118      300      427      224      140      179      184      181      157      0        273      221      107      60       395      289      
15       238      261      57       228      247      238      200      214      120      331      189      124      105      330      273      0        115      307      268      143      299      
16       267      290      66       199      310      241      287      329      6        323      225      37       135      330      221      115      0        293      242      257      359      
17       115      111      317      94       198      73       260      409      298      33       147      256      203      50       107      307      293      0        54       401      210      
18       122      128      271      43       208      64       256      394      246      87       135      205      166      101      60       268      242      54       0        375      232      
19       301      321      193      342      266      327      189      91       261      416      257      267      214      409      395      143      257      401      375      0        311      
20       114      104      342      239      51       172      122      272      366      197      137      334      224      178      289      299      359      210      232      311      0        
;



Table delta(i,j)                 Distance
         0        1        2        3        4        5        6        7        8        9        10       11       12       13       14       15       16       17       18       19       20       
0        0        1080     2460     2620     1080     1760     1140     1320     1060     3120     820      2500     960      2460     680      1620     1380     940      1100     820      1840     
1        1080     0        177      186      108      90       31       107      92       184      54       179      78       156      84       114      108      91       82       41       84       
2        2460     177      0        10       69       168      173      102      105      154      142      9        127      123      96       119      107      102      131      155      180      
3        2620     186      10       0        77       179      182      106      115      163      152      7        132      133      105      122      110      108      136      162      190      
4        1080     108      69       77       0        112      105      61       49       139      76       72       71       103      29       82       67       49       77       90       121      
5        1760     90       168      179      112      0        58       152      64       103      47       175      137      85       85       169      156      133      144      116      13       
6        1140     31       173      182      105      58       0        121      75       156      33       177      97       131      77       133      123      102      102      65       53       
7        1320     107      102      106      61       152      121      0        100      199      106      98       31       163      72       21       5        19       32       70       157      
8        1060     92       105      115      49       64       75       100      0        104      42       111      96       70       27       120      105      83       103      94       74       
9        3120     184      154      163      139      103      156      199      104      0        130      164      200      36       130      220      205      184      207      196      115      
10       820      54       142      152      76       47       33       106      42       130      0        147      89       101      47       122      110      87       96       70       50       
11       2500     179      9        7        72       175      177      98       111      164      147      0        125      132      100      115      103      101      129      155      186      
12       960      78       127      132      71       137      97       31       96       200      89       125      0        165      70       36       31       24       7        39       139      
13       2460     156      123      133      103      85       131      163      70       36       101      132      165      0        94       184      169      148      172      164      99       
14       680      84       96       105      29       85       77       72       27       130      47       100      70       94       0        92       78       55       77       75       93       
15       1620     114      119      122      82       169      133      21       120      220      122      115      36       184      92       0        15       37       32       74       173      
16       1380     108      107      110      67       156      123      5        105      205      110      103      31       169      78       15       0        23       30       70       161      
17       940      91       102      108      49       133      102      19       83       184      87       101      24       148      55       37       23       0        29       57       138      
18       1100     82       131      136      77       144      102      32       103      207      96       129      7        172      77       32       30       29       0        42       146      
19       820      41       155      162      90       116      65       70       94       196      70       155      39       164      75       74       70       57       42       0        115      
20       1840     84       180      190      121      13       53       157      74       115      50       186      139      99       93       173      161      138      146      115      0        
;

