
sets
i        orders          /0*20/
k        routes          /1*20/
p        positions       /0*20/
;

alias(i,j)
alias(i,h)
alias(i,hh)
alias(i,jj)
alias(k,kk)
                
                    Parameters

rho(i)	Processing time
/
0	0
1	51
2	36
3	86
4	67
5	63
6	18
7	99
8	92
9	62
10	90
11	38
12	87
13	47
14	31
15	65
16	68
17	96
18	72
19	19
20	6
/

gamma(i)	Duedate
/
0	0
1	35
2	21
3	41
4	45
5	40
6	17
7	92
8	84
9	50
10	8
11	24
12	48
13	56
14	72
15	80
16	71
17	23
18	28
19	18
20	46
/

sigma(i)	Size
/
0	0
1	2
2	5
3	9
4	1
5	1
6	9
7	9
8	4
9	8
10	5
11	4
12	6
13	1
14	2
15	1
16	7
17	4
18	5
19	6
20	3
/

epsilon(i)	Priority
/
0	0
1	3
2	9
3	4
4	1
5	2
6	9
7	2
8	1
9	9
10	8
11	6
12	6
13	3
14	8
15	6
16	7
17	2
18	9
19	9
20	9
/

psi	Vehicle Capacity
/ 14 /
;

Table kappa(i,j)                 Setup
         0        1        2        3        4        5        6        7        8        9        10       11       12       13       14       15       16       17       18       19       20       
0        0        53       200      172      232      294      31       49       189      178      378      166      309      218      199      277      312      47       337      178      185      
1        53       0        245      128      217      246      35       4        150      154      333      128      286      198      249      293      287      88       325      225      202      
2        200      245      0        372      267      431      231      243      389      262      497      294      351      276      51       188      359      157      330      28       143      
3        172      128      372      0        305      235      141      129      31       236      322      185      350      279      370      411      347      215      409      350      323      
4        232      217      267      305      0        205      243      220      336      68       246      122      86       28       307      152      93       207      107      270      124      
5        294      246      431      235      205      0        282      251      263      172      88       138      185      180      457      358      176      304      265      423      309      
6        31       35       231      141      243      282      0        31       158      184      368      162      316      227      228      303      317      78       350      209      210      
7        49       4        243      129      220      251      31       0        151      158      337      132      289      202      246      294      290      86       328      223      202      
8        189      150      389      31       336      263      158      151      0        268      349      217      382      311      384      438      379      234      440      367      349      
9        178      154      262      236      68       172      184      158      268      0        235      57       132      44       294      198      134      163      174      258      136      
10       378      333      497      322      246      88       368      337      349      235      0        215      194      227      528      396      183      383      272      493      365      
11       166      128      294      185      122      138      162      132      217      57       215      0        167      95       319      253      165      168      223      285      184      
12       309      286      351      350      86       185      316      289      382      132      194      167      0        91       393      210      11       289      80       356      207      
13       218      198      276      279      28       180      227      202      311      44       227      95       91       0        313      178      95       198      130      276      137      
14       199      249      51       370      307      457      228      246      384      294      528      319      393      313      0        239      400      163      378      37       187      
15       277      293      188      411      152      358      303      294      438      198      396      253      210      178      239      0        221      233      160      206      92       
16       312      287      359      347      93       176      317      290      379      134      183      165      11       95       400      221      0        293      90       363      216      
17       47       88       157      215      207      304      78       86       234      163      383      168      289      198      163      233      293      0        307      137      141      
18       337      325      330      409      107      265      350      328      440      174      272      223      80       130      378      160      90       307      0        341      192      
19       178      225      28       350      270      423      209      223      367      258      493      285      356      276      37       206      363      137      341      0        150      
20       185      202      143      323      124      309      210      202      349      136      365      184      207      137      187      92       216      141      192      150      0        
;



Table delta(i,j)                 Distance
         0        1        2        3        4        5        6        7        8        9        10       11       12       13       14       15       16       17       18       19       20       
0        0        1320     2220     1840     880      620      2280     2680     1200     2980     1120     2100     580      2540     3120     2980     1780     820      2600     1400     1480     
1        1320     0        75       148      60       95       170      137      48       169      103      127      73       134      179      133      97       46       64       5        13       
2        2220     75       0        152      70       125      169      80       50       124      109      93       133      82       136      63       61       114      82       77       85       
3        1840     148      152      0        92       62       22       119      113      102      46       77       114      109      101      152      95       133      207      153      159      
4        880      60       70       92       0        54       113      92       22       115      46       70       72       86       123      104      47       68       114      65       72       
5        620      95       125      62       54       0        84       129      75       135      37       93       51       121      139      151      88       71       158      99       104      
6        2280     170      169      22       113      84       0        126      133      102      67       86       135      117      98       162      109      155      227      174      181      
7        2680     137      80       119      92       129      126      0        91       46       95       41       164      9        58       38       45       160      162      141      150      
8        1200     48       50       113      22       75       133      91       0        121      67       79       84       87       131      94       49       71       94       52       61       
9        2980     169      124      102      115      135      102      46       121      0        98       45       179      41       12       82       73       183      204      174      183      
10       1120     103      109      46       46       37       67       95       67       98       0        57       84       86       102      121      58       95       160      108      115      
11       2100     127      93       77       70       93       86       41       79       45       57       0        135      31       53       76       33       138      167      131      140      
12       580      73       133      114      72       51       135      164      84       179      84       135      0        157      185      176      119      30       136      75       76       
13       2540     134      82       109      86       121      117      9        87       41       86       31       157      0        53       47       39       154      163      138      147      
14       3120     179      136      101      123      139      98       58       131      12       102      53       185      53       0        94       83       190      215      184      193      
15       2980     133      63       152      104      151      162      38       94       82       121      76       176      47       94       0        63       166      143      137      145      
16       1780     97       61       95       47       88       109      45       49       73       58       33       119      39       83       63       0        115      134      101      110      
17       820      46       114      133      68       71       155      160      71       183      95       138      30       154      190      166      115      0        106      47       46       
18       2600     64       82       207      114      158      227      162      94       204      160      167      136      163      215      143      134      106      0        61       60       
19       1400     5        77       153      65       99       174      141      52       174      108      131      75       138      184      137      101      47       61       0        9        
20       1480     13       85       159      72       104      181      150      61       183      115      140      76       147      193      145      110      46       60       9        0        
;

