

sets
i        orders          /0*10/
k        routes          /1*10/
p        positions       /0*10/
;

alias(i,j)
alias(i,h)
alias(i,hh)
alias(i,jj)
alias(k,kk)
                            Parameters

rho(i)	Processing time
/
0	0
1	71
2	5
3	71
4	84
5	17
6	93
7	36
8	59
9	2
10	57
/

gamma(i)	Duedate
/
0	0
1	41
2	32
3	28
4	59
5	68
6	81
7	39
8	83
9	48
10	82
/

sigma(i)	Size
/
0	0
1	3
2	3
3	8
4	5
5	4
6	8
7	7
8	7
9	7
10	4
/

epsilon(i)	Priority
/
0	0
1	2
2	2
3	8
4	1
5	5
6	1
7	5
8	2
9	8
10	7
/

psi	Vehicle Capacity
/ 65 /
;

Table kappa(i,j)                 Setup
         0        1        2        3        4        5        6        7        8        9        10       
0        0        73       49       36       67       31       50       80       25       25       63       
1        73       0        28       37       64       105      23       46       67       55       28       
2        49       28       0        15       67       81       10       61       38       38       15       
3        36       37       15       0        56       68       13       56       33       23       31       
4        67       64       67       56       0        87       57       28       82       44       80       
5        31       105      81       68       87       0        81       106      50       53       94       
6        50       23       10       13       57       81       0        50       44       34       23       
7        80       46       61       56       28       106      50       0        88       55       70       
8        25       67       38       33       82       50       44       88       0        39       48       
9        25       55       38       23       44       53       34       55       39       0        54       
10       63       28       15       31       80       94       23       70       48       54       0        
;



Table delta(i,j)                 Distance
         0        1        2        3        4        5        6        7        8        9        10       
0        0        113      59       35       84       47       88       96       16       88       75       
1        113      0        78       107      101      78       42       75       125      60       107      
2        59       78       0        79       110      13       77       104      75       89       107      
3        35       107      79       0        49       66       71       67       31       64       39       
4        84       101      110      49       0        99       59       31       81       41       12       
5        47       78       13       66       99       0        71       95       63       81       95       
6        88       42       77       71       59       71       0        35       96       19       65       
7        96       75       104      67       31       95       35       0        98       16       41       
8        16       125      75       31       81       63       96       98       0        92       70       
9        88       60       89       64       41       81       19       16       92       0        48       
10       75       107      107      39       12       95       65       41       70       48       0        
;

