

sets
i        orders          /0*40/
k        routes          /1*40/
p        positions       /0*40/
;

alias(i,j)
alias(i,h)
alias(i,hh)
alias(i,jj)
alias(k,kk)
                            Parameters

rho(i)	Processing time
/
0	0
1	41
2	56
3	42
4	21
5	46
6	47
7	86
8	44
9	27
10	36
11	91
12	64
13	85
14	82
15	46
16	50
17	7
18	54
19	40
20	66
21	66
22	72
23	88
24	41
25	54
26	68
27	80
28	66
29	53
30	3
31	7
32	57
33	74
34	47
35	64
36	40
37	36
38	88
39	3
40	87
/

gamma(i)	Duedate
/
0	0
1	65
2	79
3	97
4	62
5	49
6	91
7	70
8	22
9	95
10	91
11	19
12	37
13	4
14	43
15	89
16	79
17	5
18	18
19	8
20	33
21	75
22	14
23	80
24	1
25	5
26	50
27	28
28	17
29	68
30	70
31	60
32	1
33	4
34	51
35	34
36	3
37	61
38	85
39	19
40	9
/

sigma(i)	Size
/
0	0
1	6
2	7
3	9
4	7
5	9
6	2
7	8
8	7
9	6
10	8
11	5
12	5
13	6
14	1
15	5
16	6
17	3
18	1
19	4
20	6
21	7
22	3
23	8
24	3
25	7
26	6
27	9
28	6
29	7
30	3
31	1
32	7
33	4
34	9
35	5
36	3
37	9
38	3
39	4
40	2
/

epsilon(i)	Priority
/
0	0
1	1
2	8
3	4
4	3
5	8
6	3
7	9
8	8
9	1
10	5
11	4
12	5
13	6
14	6
15	5
16	6
17	1
18	4
19	2
20	7
21	4
22	5
23	9
24	4
25	9
26	5
27	7
28	6
29	5
30	9
31	1
32	3
33	9
34	6
35	7
36	4
37	1
38	5
39	5
40	6
/

psi	Vehicle Capacity
/ 16 /
;

Table kappa(i,j)                 Setup
         0        1        2        3        4        5        6        7        8        9        10       11       12       13       14       15       16       17       18       19       20       21       22       23       24       25       26       27       28       29       30       31       32       33       34       35       36       37       38       39       40       
0        0        536      1712     861      1214     127      1089     628      363      515      1630     1002     1770     867      485      1440     496      179      1794     1298     777      1758     1228     413      2015     299      336      1704     1524     1719     1108     1157     865      1099     1196     497      1461     413      540      936      1792     
1        536      0        1186     327      680      444      1275     94       275      239      1095     532      1309     336      665      914      233      377      1272     1092     1062     1236     873      124      1699     545      665      1212     1166     1437     1369     652      859      575      1071     903      926      331      323      1028     1264     
2        1712     1186     0        860      587      1629     2280     1102     1373     1326     197      971      1053     849      1627     271      1336     1563     622      1660     2166     608      1266     1301     1792     1615     1730     849      1361     1704     2424     569      1786     747      1776     2073     328      1464     1247     1997     540      
3        861      327      860      0        371      771      1509     242      553      483      769      400      1100     30       895      589      489      705      982      1132     1340     946      816      447      1614     822      944      968      1073     1391     1627     355      1044     311      1167     1217     601      615      492      1240     963      
4        1214     680      587      371      0        1113     1693     586      923      767      443      387      801      378      1262     358      780      1048     613      1120     1586     578      738      804      1427     1193     1315     638      915      1261     1838     368      1199     160      1214     1517     270      907      857      1410     592      
5        127      444      1629     771      1113     0        1028     531      335      391      1538     883      1646     780      560      1358     373      66       1682     1176     737      1646     1100     330      1889     371      437      1584     1396     1594     1068     1086     760      990      1081     498      1367     285      520      850      1683     
6        1089     1275     2280     1509     1693     1028     0        1310     1334     1045     2122     1311     1764     1534     1574     2037     1046     1055     2042     870      343      2015     1152     1234     1559     1386     1417     1823     1314     1266     193      1864     496      1532     675      667      1957     947      1508     283      2086     
7        628      94       1102     242      586      531      1310     0        362      264      1006     450      1223     255      745      831      265      465      1178     1059     1115     1142     813      218      1638     634      756      1121     1101     1384     1414     582      871      481      1055     977      835      383      379      1053     1170     
8        363      275      1373     553      923      335      1334     362      0        423      1309     807      1584     550      394      1103     406      287      1529     1311     1064     1493     1132     175      1956     273      395      1483     1429     1684     1391     808      991      836      1260     832      1148     426      185      1124     1515     
9        515      239      1326     483      767      391      1045     264      423      0        1207     493      1255     504      806      1061     19       336      1303     888      857      1268     732      254      1546     646      753      1194     1031     1266     1150     837      620      627      847      751      1034     140      537      792      1311     
10       1630     1095     197      769      443      1538     2122     1006     1309     1207     0        811      862      764      1601     245      1219     1472     451      1473     2028     431      1079     1216     1597     1566     1685     658      1165     1507     2273     546      1626     598      1596     1958     173      1348     1205     1838     375      
11       1002     532      971      400      387      883      1311     450      807      493      811      0        779      429      1195     744      511      824      819      763      1230     785      417      643      1216     1074     1193     701      675      991      1463     659      815      229      835      1207     646      623      822      1027     836      
12       1770     1309     1053     1100     801      1646     1764     1223     1584     1255     862      779      0        1120     1967     1010     1274     1591     461      918      1814     461      629      1422     750      1853     1972     204      474      739      1950     1163     1315     790      1102     1888     823      1369     1579     1503     545      
13       867      336      849      30       378      780      1534     255      550      504      764      429      1120     0        884      577      509      714      991      1162     1361     955      845      454      1641     817      939      985      1101     1420     1651     332      1071     330      1197     1232     598      633      480      1266     970      
14       485      665      1627     895      1262     560      1574     745      394      806      1601     1195     1967     884      0        1371     788      557      1875     1686     1259     1840     1526     569      2349     189      185      1856     1823     2072     1589     1062     1315     1199     1617     963      1454     776      405      1410     1851     
15       1440     914      271      589      358      1358     2037     831      1103     1061     245      744      1010     577      1371     0        1070     1292     659      1474     1908     632      1086     1029     1710     1350     1466     813      1231     1580     2175     309      1548     514      1572     1805     187      1198     983      1757     595      
16       496      233      1336     489      780      373      1046     265      406      19       1219     511      1274     509      788      1070     0        317      1320     904      852      1284     751      239      1565     628      734      1212     1050     1284     1148     842      627      641      860      739      1045     128      525      796      1327     
17       179      377      1563     705      1048     66       1055     465      287      336      1472     824      1591     714      557      1292     317      0        1619     1151     776      1583     1056     265      1853     371      453      1525     1353     1562     1105     1021     757      926      1066     553      1301     244      471      862      1619     
18       1794     1272     622      982      613      1682     2042     1178     1529     1303     451      819      461      991      1875     659      1320     1619     0        1268     2022     36       900      1396     1211     1801     1923     274      872      1183     2215     900      1557     697      1429     2025     486      1438     1470     1764     85       
19       1298     1092     1660     1132     1120     1176     870      1059     1311     888      1473     763      918      1162     1686     1474     904      1151     1268     0        1004     1247     393      1141     755      1513     1605     1015     450      446      1063     1422     515      978      194      1185     1336     913      1415     645      1329     
20       777      1062     2166     1340     1586     737      343      1115     1064     857      2028     1230     1814     1361     1259     1908     852      776      2022     1004     0        1991     1185     995      1747     1076     1093     1836     1407     1441     331      1694     505      1430     821      324      1856     733      1246     369      2053     
21       1758     1236     608      946      578      1646     2015     1142     1493     1268     431      785      461      955      1840     632      1284     1583     36       1247     1991     0        876      1360     1211     1765     1887     266      857      1173     2186     868      1528     661      1405     1991     456      1404     1435     1735     87       
22       1228     873      1266     816      738      1100     1152     813      1132     732      1079     417      629      845      1526     1086     751      1056     900      393      1185     876      0        957      826      1377     1485     671      299      577      1332     1063     687      608      531      1272     943      814      1191     882      954      
23       413      124      1301     447      804      330      1234     218      175      254      1216     643      1422     454      569      1029     239      265      1396     1141     995      1360     957      0        1781     432      550      1331     1254     1509     1312     756      852      699      1100     808      1048     291      289      1003     1389     
24       2015     1699     1792     1614     1427     1889     1559     1638     1956     1546     1597     1216     750      1641     2349     1710     1565     1853     1211     755      1747     1211     826      1781     0        2193     2297     949      541      309      1751     1792     1271     1348     927      1941     1529     1608     2017     1380     1295     
25       299      545      1615     822      1193     371      1386     634      273      646      1566     1074     1853     817      189      1350     628      371      1801     1513     1076     1765     1377     432      2193     0        122      1756     1675     1910     1407     1046     1128     1110     1436     788      1409     600      369      1221     1785     
26       336      665      1730     944      1315     437      1417     756      395      753      1685     1193     1972     939      185      1466     734      453      1923     1605     1093     1887     1485     550      2297     122      0        1877     1784     2010     1421     1161     1197     1232     1517     789      1529     693      483      1272     1907     
27       1704     1212     849      968      638      1584     1823     1121     1483     1194     658      701      204      985      1856     813      1212     1525     274      1015     1836     266      671      1331     949      1756     1877     0        602      908      2002     987      1351     657      1186     1875     626      1319     1458     1551     353      
28       1524     1166     1361     1073     915      1396     1314     1101     1429     1031     1165     675      474      1101     1823     1231     1050     1353     872      450      1407     857      299      1254     541      1675     1784     602      0        348      1504     1272     902      819      641      1534     1063     1111     1480     1069     944      
29       1719     1437     1704     1391     1261     1594     1266     1384     1684     1266     1507     991      739      1420     2072     1580     1284     1562     1183     446      1441     1173     577      1509     309      1910     2010     908      348      0        1459     1613     962      1157     620      1632     1410     1318     1759     1074     1261     
30       1108     1369     2424     1627     1838     1068     193      1414     1391     1150     2273     1463     1950     1651     1589     2175     1148     1105     2215     1063     331      2186     1332     1312     1751     1407     1421     2002     1504     1459     0        1983     659      1678     868      637      2105     1038     1572     451      2256     
31       1157     652      569      355      368      1086     1864     582      808      837      546      659      1163     332      1062     309      842      1021     900      1422     1694     868      1063     756      1792     1046     1161     987      1272     1613     1983     0        1392     457      1483     1556     422      964      677      1592     852      
32       865      859      1786     1044     1199     760      496      871      991      620      1626     815      1315     1071     1315     1548     627      757      1557     515      505      1528     687      852      1271     1128     1197     1351     902      962      659      1392     0        1039     357      671      1462     566      1141     212      1597     
33       1099     575      747      311      160      990      1532     481      836      627      598      229      790      330      1199     514      641      926      697      978      1430     661      608      699      1348     1110     1232     657      819      1157     1678     457      1039     0        1062     1373     427      766      800      1250     693      
34       1196     1071     1776     1167     1214     1081     675      1055     1260     847      1596     835      1102     1197     1617     1572     860      1066     1429     194      821      1405     531      1100     927      1436     1517     1186     641      620      868      1483     357      1062     0        1025     1449     842      1384     456      1485     
35       497      903      2073     1217     1517     498      667      977      832      751      1958     1207     1888     1232     963      1805     739      553      2025     1185     324      1991     1272     808      1941     788      789      1875     1534     1632     637      1556     671      1373     1025     0        1785     610      1017     623      2043     
36       1461     926      328      601      270      1367     1957     835      1148     1034     173      646      823      598      1454     187      1045     1301     486      1336     1856     456      943      1048     1529     1409     1529     626      1063     1410     2105     422      1462     427      1449     1785     0        1174     1053     1673     431      
37       413      331      1464     615      907      285      947      383      426      140      1348     623      1369     633      776      1198     128      244      1438     913      733      1404     814      291      1608     600      693      1319     1111     1318     1038     964      566      766      842      610      1174     0        577      712      1448     
38       540      323      1247     492      857      520      1508     379      185      537      1205     822      1579     480      405      983      525      471      1470     1415     1246     1435     1191     289      2017     369      483      1458     1480     1759     1572     677      1141     800      1384     1017     1053     577      0        1288     1446     
39       936      1028     1997     1240     1410     850      283      1053     1124     792      1838     1027     1503     1266     1410     1757     796      862      1764     645      369      1735     882      1003     1380     1221     1272     1551     1069     1074     451      1592     212      1250     456      623      1673     712      1288     0        1806     
40       1792     1264     540      963      592      1683     2086     1170     1515     1311     375      836      545      970      1851     595      1327     1619     85       1329     2053     87       954      1389     1295     1785     1907     353      944      1261     2256     852      1597     693      1485     2043     431      1448     1446     1806     0        
;



Table delta(i,j)                 Distance
         0        1        2        3        4        5        6        7        8        9        10       11       12       13       14       15       16       17       18       19       20       21       22       23       24       25       26       27       28       29       30       31       32       33       34       35       36       37       38       39       40       
0        0        1900     1590     2790     1610     1250     770      660      1610     1890     2000     1400     1320     2760     1870     1440     2610     1020     2000     2870     2010     3110     1150     1900     1450     1900     1720     290      3320     1660     30       1840     790      2830     1810     1740     900      740      890      1480     2510     
1        1900     0        323      219      296      301      128      236      300      56       330      93       287      169      101      116      228      292      319      165      236      148      228      218      145      258      291      183      211      33       187      207      118      93       82       252      139      133      240      101      173      
2        1590     323      0        437      58       41       235      93       257      339      292      242      37       339      344      229      418      127      303      444      348      405      107      191      208      327      282      185      491      292      162      193      206      414      279      136      185      232      208      306      410      
3        2790     219      437      0        437      400      209      346      258      163      263      289      411      388      122      313      35       342      242      90       120      348      379      412      338      161      231      252      97       241      275      402      265      238      297      426      300      209      250      147      46       
4        1610     296      58       437      0        83       228      96       289      320      326      207      39       289      333      190      422      165      335      432      361      360      68       136      165      345      311      189      480      263      164      140      185      382      240      80       157      227      230      296      405      
5        1250     301      41       400      83       0        202      65       215      311      251      227      45       338      312      218      379      86       262      412      308      396      105      200      201      285      240      149      457      272      128      200      183      394      267      151      168      199      166      273      375      
6        770      128      235      209      228      202      0        141      176      115      210      118      205      255      109      135      197      170      202      209      156      267      170      217      150      160      173      59       255      114      74       208      65       218      150      220      100      5        112      71       177      
7        660      236      93       346      96       65       141      0        199      247      237      165      65       284      250      158      328      91       243      350      265      336      69       164      146      249      217      94       397      207      70       161      118      329      205      130      106      139      135      212      317      
8        1610     300      257      258      289      215      176      199      0        270      39       288      251      427      238      298      226      130      46       314      138      443      266      351      304      100      31       142      346      290      161      345      226      382      324      328      248      171      72       210      258      
9        1890     56       339      163      320      311      115      247      270      0        296      134      305      225      47       159      172      285      282      118      187      197      253      261      186      213      256      174      166      79       186      251      134      112      134      288      164      119      218      59       118      
10       2000     330      292      263      326      251      210      237      39       296      0        324      287      463      261      336      229      165      22       328      143      476      305      390      342      102      39       180      356      323      199      384      263      409      360      366      285      205      111      236      270      
11       1400     93       242      289      207      227      118      165      288      134      324      0        205      139      167      24       289      240      319      252      269      172      139      127      53       278      289      148      300      60       139      116      63       175      41       159      59       123      217      145      246      
12       1320     287      37       411      39       45       205      65       251      305      287      205      0        303      313      191      394      125      297      413      329      368      70       158      171      311      273      160      460      256      135      160      171      378      242      107      149      203      193      275      382      
13       2760     169      339      388      289      338      255      284      427      225      463      139      303      0        270      132      397      370      457      325      396      91       233      156      138      411      428      287      366      154      275      150      201      184      105      213      187      260      357      262      342      
14       1870     101      344      122      333      312      109      250      238      47       261      167      313      270      0        191      126      274      245      100      142      244      270      292      217      172      221      166      147      119      183      282      150      152      175      311      185      112      196      38       79       
15       1440     116      229      313      190      218      135      158      298      159      336      24       191      132      191      0        312      239      331      277      288      178      123      102      29       295      302      156      324      84       143      92       73       194      50       136      55       139      227      168      271      
16       2610     228      418      35       422      379      197      328      226      172      229      289      394      397      126      312      0        316      208      120      88       364      367      407      335      127      198      233      132      245      258      398      257      259      301      417      293      197      223      144      65       
17       1020     292      127      342      165      86       170      91       130      285      165      240      125      370      274      239      316      0        177      369      237      412      160      256      232      209      157      111      412      269      105      253      181      385      281      218      183      166      93       236      325      
18       2000     319      303      242      335      262      202      243      46       282      22       319      297      457      245      331      208      177      0        308      122      466      309      391      339      82       29       178      335      313      199      384      258      395      353      371      283      197      111      222      250      
19       2870     165      444      90       432      412      209      350      314      118      328      252      413      325      100      277      120      369      308      0        188      271      367      379      305      227      291      265      48       194      283      369      248      157      247      405      280      212      285      138      59       
20       2010     236      348      120      361      308      156      265      138      187      143      269      329      396      142      288      88       237      122      188      0        383      314      372      306      40       110      172      213      242      198      364      221      295      292      371      255      153      144      135      128      
21       3110     148      405      348      360      396      267      336      443      197      476      172      368      91       244      178      364      412      466      271      383      0        298      236      197      406      438      313      306      153      308      229      231      115      131      291      230      273      378      249      302      
22       1150     228      107      379      68       105      170      69       266      253      305      139      70       233      270      123      367      160      309      367      314      298      0        96       101      305      282      143      415      195      117      95       119      314      174      61       89       170      198      235      344      
23       1900     218      191      412      136      200      217      164      351      261      390      127      158      156      292      102      407      256      391      379      372      236      96       0        74       371      362      214      427      185      191      10       152      286      140      58       117      219      279      264      371      
24       1450     145      208      338      165      201      150      146      304      186      342      53       171      138      217      29       335      232      339      305      306      197      101      74       0        309      310      161      352      113      144      64       85       222      76       108      56       153      231      191      296      
25       1900     258      327      161      345      285      160      249      100      213      102      278      311      411      172      295      127      209      82       227      40       406      305      371      309      0        70       162      253      259      188      363      224      324      306      364      256      156      119      157      168      
26       1720     291      282      231      311      240      173      217      31       256      39       289      273      428      221      302      198      157      29       291      110      438      282      362      310      70       0        149      321      285      171      356      229      369      323      343      254      168      84       197      233      
27       290      183      185      252      189      149      59       94       142      174      180      148      160      287      166      156      233      111      178      265      172      313      143      214      161      162      149      0        309      163      26       207      85       275      187      202      105      55       70       127      226      
28       3320     211      491      97       480      457      255      397      346      166      356      300      460      366      147      324      132      412      335      48       213      306      415      427      352      253      321      309      0        242      329      416      296      190      294      453      328      258      325      184      89       
29       1660     33       292      241      263      272      114      207      290      79       323      60       256      154      119      84       245      269      313      194      242      153      195      185      113      259      285      163      242      0        163      175      90       121      56       219      107      119      225      107      196      
30       30       187      162      275      164      128      74       70       161      186      199      139      135      275      183      143      258      105      199      283      198      308      117      191      144      188      171      26       329      163      0        184      77       280      179      176      89       71       88       145      248      
31       1840     207      193      402      140      200      208      161      345      251      384      116      160      150      282      92       398      253      384      369      364      229      95       10       64       363      356      207      416      175      184      0        143      276      130      63       108      210      273      255      361      
32       790      118      206      265      185      183      65       118      226      134      263      63       171      201      150      73       257      181      258      248      221      231      119      152      85       224      229      85       296      90       77       143      0        211      102      161      35       68       155      117      227      
33       2830     93       414      238      382      394      218      329      382      112      409      175      378      184      152      194      259      385      395      157      295      115      314      286      222      324      369      275      190      121      280      276      211      0        146      330      228      223      327      172      194      
34       1810     82       279      297      240      267      150      205      324      134      360      41       242      105      175      50       301      281      353      247      292      131      174      140      76       306      323      187      294      56       179      130      102      146      0        183      99       155      255      161      252      
35       1740     252      136      426      80       151      220      130      328      288      366      159      107      213      311      136      417      218      371      405      371      291      61       58       108      364      343      202      453      219      176      63       161      330      183      0        126      221      259      279      389      
36       900      139      185      300      157      168      100      106      248      164      285      59       149      187      185      55       293      183      283      280      255      230      89       117      56       256      254      105      328      107      89       108      35       228      99       126      0        102      175      153      262      
37       740      133      232      209      227      199      5        139      171      119      205      123      203      260      112      139      197      166      197      212      153      273      170      219      153      156      168      55       258      119      71       210      68       223      155      221      102      0        106      74       178      
38       890      240      208      250      230      166      112      135      72       218      111      217      193      357      196      227      223      93       111      285      144      378      198      279      231      119      84       70       325      225      88       273      155      327      255      259      175      106      0        162      236      
39       1480     101      306      147      296      273      71       212      210      59       236      145      275      262      38       168      144      236      222      138      135      249      235      264      191      157      197      127      184      107      145      255      117      172      161      279      153      74       162      0        110      
40       2510     173      410      46       405      375      177      317      258      118      270      246      382      342      79       271      65       325      250      59       128      302      344      371      296      168      233      226      89       196      248      361      227      194      252      389      262      178      236      110      0        
;

