

sets
i        orders          /0*20/
k        routes          /1*20/
p        positions       /0*20/
;

alias(i,j)
alias(i,h)
alias(i,hh)
alias(i,jj)
alias(k,kk)
                            Parameters

rho(i)	Processing time
/
0	0
1	68
2	11
3	3
4	96
5	48
6	82
7	27
8	47
9	46
10	63
11	59
12	30
13	46
14	50
15	99
16	47
17	33
18	67
19	35
20	30
/

gamma(i)	Duedate
/
0	0
1	89
2	79
3	70
4	48
5	3
6	46
7	28
8	7
9	9
10	93
11	41
12	63
13	54
14	97
15	4
16	6
17	29
18	81
19	56
20	3
/

sigma(i)	Size
/
0	0
1	2
2	8
3	5
4	9
5	2
6	5
7	1
8	2
9	9
10	9
11	6
12	6
13	8
14	2
15	2
16	7
17	5
18	3
19	4
20	7
/

epsilon(i)	Priority
/
0	0
1	4
2	5
3	3
4	3
5	8
6	1
7	9
8	5
9	6
10	3
11	6
12	5
13	2
14	4
15	6
16	8
17	1
18	1
19	9
20	2
/

psi	Vehicle Capacity
/ 19 /
;

Table kappa(i,j)                 Setup
         0        1        2        3        4        5        6        7        8        9        10       11       12       13       14       15       16       17       18       19       20       
0        0        816      540      750      557      1058     902      883      1464     227      481      396      1283     485      1128     438      1195     1068     920      1489     972      
1        816      0        1193     784      1334     883      1208     1385     1156     756      1113     486      1263     1245     1694     819      1753     1351     215      1068     725      
2        540      1193     0        1291     750      1598     534      1294     2002     450      79       899      1815     746      1461     968      1525     1551     1212     2018     1506     
3        750      784      1291     0        951      319      1594     691      728      905      1231     482      560      858      1000     346      1050     571      996      793      295      
4        557      1334     750      951      0        1260     1269     607      1655     748      750      857      1326     96       716      628      778      937      1465     1742     1241     
5        1058     883      1598     319      1260     0        1863     906      409      1192     1535     739      388      1169     1191     665      1230     662      1096     485      159      
6        902      1208     534      1594     1269     1863     0        1763     2240     697      519      1124     2151     1251     1964     1330     2030     1970     1131     2209     1739     
7        883      1385     1294     691      607      906      1763     0        1234     1111     1271     931      817      566      312      576      369      362      1575     1372     963      
8        1464     1156     2002     728      1655     409      2240     1234     0        1587     1938     1125     466      1567     1483     1074     1509     919      1353     201      503      
9        227      756      450      905      748      1192     697      1111     1587     0        373      463      1457     690      1354     633      1421     1281     809      1585     1084     
10       481      1113     79       1231     750      1535     519      1271     1938     373      0        827      1763     737      1452     916      1517     1514     1133     1949     1439     
11       396      486      899      482      857      739      1124     931      1125     463      827      0        1041     765      1230     354      1293     974      652      1122     622      
12       1283     1263     1815     560      1326     388      2151     817      466      1457     1763     1041     0        1248     1035     847      1054     472      1478     651      546      
13       485      1245     746      858      96       1169     1251     566      1567     690      737      765      1248     0        715      532      780      877      1382     1650     1147     
14       1128     1694     1461     1000     716      1191     1964     312      1483     1354     1452     1230     1035     715      0        878      66       565      1879     1639     1263     
15       438      819      968      346      628      665      1330     576      1074     633      916      354      847      532      878      0        940      657      1001     1134     620      
16       1195     1753     1525     1050     778      1230     2030     369      1509     1421     1517     1293     1054     780      66       940      0        589      1941     1669     1307     
17       1068     1351     1551     571      937      662      1970     362      919      1281     1514     974      472      877      565      657      589      0        1561     1081     767      
18       920      215      1212     996      1465     1096     1131     1575     1353     809      1133     652      1478     1382     1879     1001     1941     1561     0        1249     938      
19       1489     1068     2018     793      1742     485      2209     1372     201      1585     1949     1122     651      1650     1639     1134     1669     1081     1249     0        519      
20       972      725      1506     295      1241     159      1739     963      503      1084     1439     622      546      1147     1263     620      1307     767      938      519      0        
;



Table delta(i,j)                 Distance
         0        1        2        3        4        5        6        7        8        9        10       11       12       13       14       15       16       17       18       19       20       
0        0        2040     1230     900      1440     810      930      1590     960      2010     1410     840      1140     1890     720      1140     1230     810      1050     1470     780      
1        2040     0        55       92       90       94       42       40       67       11       43       96       41       25       52       37       29       70       92       83       78       
2        1230     55       0        48       87       55       19       67       66       47       64       61       15       67       17       51       27       22       43       28       66       
3        900      92       48       0        69       11       51       83       60       89       78       21       55       93       41       68       63       25       9        36       49       
4        1440     90       87       69       0        59       72       55       24       95       49       51       80       72       70       53       76       75       77       97       22       
5        810      94       55       11       59       0        54       80       53       92       74       10       59       91       44       65       66       33       20       47       40       
6        930      42       19       51       72       54       0        47       49       38       45       58       8        48       10       31       12       28       50       44       52       
7        1590     40       67       83       55       80       47       0        35       48       6        77       53       17       53       16       42       70       87       90       49       
8        960      67       66       60       24       53       49       35       0        72       29       47       57       51       48       30       53       58       66       80       14       
9        2010     11       47       89       95       92       38       48       72       0        50       95       35       35       48       42       26       65       87       76       81       
10       1410     43       64       78       49       74       45       6        29       50       0        71       51       23       50       13       41       66       82       87       43       
11       840      96       61       21       51       10       58       77       47       95       71       0        64       90       49       64       69       41       31       56       33       
12       1140     41       15       55       80       59       8        53       57       35       51       64       0        52       14       38       12       30       52       42       60       
13       1890     25       67       93       72       91       48       17       51       35       23       90       52       0        57       25       39       75       94       93       65       
14       720      52       17       41       70       44       10       53       48       48       50       49       14       57       0        37       22       18       39       37       48       
15       1140     37       51       68       53       65       31       16       30       42       13       64       38       25       37       0        28       54       71       74       41       
16       1230     29       27       63       76       66       12       42       53       26       41       69       12       39       22       28       0        40       62       55       58       
17       810      70       22       25       75       33       28       70       58       65       66       41       30       75       18       54       40       0        22       22       53       
18       1050     92       43       9        77       20       50       87       66       87       82       31       52       94       39       71       62       22       0        27       57       
19       1470     83       28       36       97       47       44       90       80       76       87       56       42       93       37       74       55       22       27       0        75       
20       780      78       66       49       22       40       52       49       14       81       43       33       60       65       48       41       58       53       57       75       0        
;

