

sets
i        orders          /0*20/
k        routes          /1*20/
p        positions       /0*20/
;

alias(i,j)
alias(i,h)
alias(i,hh)
alias(i,jj)
alias(k,kk)
                            Parameters

rho(i)	Processing time
/
0	0
1	5
2	51
3	71
4	17
5	67
6	47
7	92
8	57
9	93
10	83
11	27
12	85
13	50
14	84
15	56
16	56
17	75
18	21
19	5
20	50
/

gamma(i)	Duedate
/
0	0
1	86
2	1
3	69
4	28
5	28
6	51
7	90
8	99
9	55
10	1
11	5
12	30
13	49
14	19
15	78
16	81
17	51
18	77
19	70
20	61
/

sigma(i)	Size
/
0	0
1	3
2	7
3	9
4	8
5	5
6	3
7	4
8	1
9	7
10	1
11	2
12	5
13	7
14	6
15	3
16	1
17	1
18	5
19	3
20	2
/

epsilon(i)	Priority
/
0	0
1	9
2	3
3	3
4	8
5	8
6	4
7	4
8	8
9	7
10	1
11	5
12	8
13	9
14	8
15	5
16	1
17	8
18	5
19	5
20	8
/

psi	Vehicle Capacity
/ 54 /
;

Table kappa(i,j)                 Setup
         0        1        2        3        4        5        6        7        8        9        10       11       12       13       14       15       16       17       18       19       20       
0        0        1505     1538     2063     1359     1357     1244     1150     739      1817     2088     2026     379      1005     1436     1062     209      1212     320      1632     1849     
1        1505     0        1353     948      1236     533      403      598      1635     1005     849      816      1152     1443     1974     558      1346     1792     1810     771      534      
2        1538     1353     0        1000     186      820      1529     823      1010     623      1149     1091     1463     612      813      947      1336     756      1663     685      1160     
3        2063     948      1000     0        1024     718      1326     918      1827     376      184      162      1809     1471     1810     1031     1859     1723     2301     440      432      
4        1359     1236     186      1024     0        706      1376     673      872      656      1152     1090     1277     479      808      788      1155     700      1496     647      1112     
5        1357     533      820      718      706      0        757      206      1251     581      731      669      1090     980      1474     314      1158     1311     1614     336      524      
6        1244     403      1529     1326     1376     757      0        705      1546     1318     1244     1206     867      1451     2013     590      1123     1805     1563     1070     930      
7        1150     598      823      918      673      206      705      0        1077     737      937      876      893      846      1376     141      951      1193     1409     509      721      
8        739      1635     1010     1827     872      1251     1546     1077     0        1492     1915     1850     915      397      698      1079     620      479      718      1395     1771     
9        1817     1005     623      376      656      581      1318     737      1492     0        531      479      1614     1120     1434     873      1608     1353     2025     248      622      
10       2088     849      1149     184      1152     731      1244     937      1915     531      0        65       1808     1577     1952     1032     1889     1850     2343     522      315      
11       2026     816      1091     162      1090     669      1206     876      1850     479      65       0        1750     1513     1892     973      1827     1788     2280     458      285      
12       379      1152     1463     1809     1277     1090     867      893      915      1614     1808     1750     0        1046     1566     778      317      1334     700      1401     1544     
13       1005     1443     612      1471     479      980      1451     846      397      1120     1577     1513     1046     0        565      897      827      354      1073     1055     1475     
14       1436     1974     813      1810     808      1474     2013     1376     698      1434     1952     1892     1566     565      0        1446     1300     231      1393     1456     1919     
15       1062     558      947      1031     788      314      590      141      1079     873      1032     973      778      897      1446     0        872      1250     1337     639      787      
16       209      1346     1336     1859     1155     1158     1123     951      620      1608     1889     1827     317      827      1300     872      0        1070     468      1426     1659     
17       1212     1792     756      1723     700      1311     1805     1193     479      1353     1850     1788     1334     354      231      1250     1070     0        1190     1337     1784     
18       320      1810     1663     2301     1496     1614     1563     1409     718      2025     2343     2280     700      1073     1393     1337     468      1190     0        1863     2123     
19       1632     771      685      440      647      336      1070     509      1395     248      522      458      1401     1055     1456     639      1426     1337     1863     0        475      
20       1849     534      1160     432      1112     524      930      721      1771     622      315      285      1544     1475     1919     787      1659     1784     2123     475      0        
;



Table delta(i,j)                 Distance
         0        1        2        3        4        5        6        7        8        9        10       11       12       13       14       15       16       17       18       19       20       
0        0        240      690      1650     840      1740     1470     690      990      2700     1680     2040     630      510      2040     1650     2130     1710     1200     2160     1590     
1        240      0        25       53       31       64       55       30       35       87       48       74       16       12       66       57       77       63       45       76       48       
2        690      25       0        36       50       41       32       39       10       73       64       50       42       20       50       32       53       39       21       51       42       
3        1650     53       36       0        83       56       52       75       27       37       66       61       67       41       14       23       65       55       42       54       23       
4        840      31       50       83       0        78       70       19       61       118      68       87       25       43       96       82       90       77       64       94       79       
5        1740     64       41       56       78       0        8        60       37       87       105      9        80       61       67       34       12       1        19       17       74       
6        1470     55       32       52       70       8        0        52       30       85       97       18       71       53       64       32       21       7        12       25       69       
7        690      30       39       75       19       60       52       0        49       111      77       69       35       40       89       69       71       59       47       77       76       
8        990      35       10       27       61       37       30       49       0        64       68       46       51       27       41       22       49       36       18       44       39       
9        2700     87       73       37       118      87       85       111      64       0        83       90       99       75       22       53       93       86       77       80       42       
10       1680     48       64       66       68       105      97       77       68       83       0        113      43       44       71       83       117      103      85       112      44       
11       2040     74       50       61       87       9        18       69       46       90       113      0        89       70       72       39       3        10       29       13       81       
12       630      16       42       67       25       80       71       35       51       99       43       89       0        26       79       73       92       78       61       93       57       
13       510      12       20       41       43       61       53       40       27       75       44       70       26       0        54       48       74       60       41       71       36       
14       2040     66       50       14       96       67       64       89       41       22       71       72       79       54       0        33       75       66       55       62       26       
15       1650     57       32       23       82       34       32       69       22       53       83       39       73       48       33       0        42       33       25       31       44       
16       2130     77       53       65       90       12       21       71       49       93       117      3        92       74       75       42       0        14       32       14       85       
17       1710     63       39       55       77       1        7        59       36       86       103      10       78       60       66       33       14       0        18       18       73       
18       1200     45       21       42       64       19       12       47       18       77       85       29       61       41       55       25       32       18       0        31       57       
19       2160     76       51       54       94       17       25       77       44       80       112      13       93       71       62       31       14       18       31       0        76       
20       1590     48       42       23       79       74       69       76       39       42       44       81       57       36       26       44       85       73       57       76       0        
;

