

sets
i        orders          /0*20/
k        routes          /1*20/
p        positions       /0*20/
;

alias(i,j)
alias(i,h)
alias(i,hh)
alias(i,jj)
alias(k,kk)
                            Parameters

rho(i)	Processing time
/
0	0
1	87
2	91
3	41
4	42
5	18
6	96
7	16
8	93
9	31
10	79
11	90
12	82
13	41
14	35
15	25
16	62
17	65
18	94
19	38
20	72
/

gamma(i)	Duedate
/
0	0
1	90
2	78
3	35
4	12
5	32
6	9
7	84
8	21
9	4
10	90
11	46
12	17
13	48
14	98
15	7
16	12
17	98
18	78
19	93
20	93
/

sigma(i)	Size
/
0	0
1	1
2	6
3	8
4	2
5	4
6	6
7	7
8	3
9	8
10	2
11	5
12	6
13	7
14	3
15	4
16	6
17	3
18	6
19	5
20	9
/

epsilon(i)	Priority
/
0	0
1	7
2	6
3	3
4	7
5	3
6	9
7	3
8	2
9	5
10	7
11	9
12	7
13	7
14	6
15	5
16	7
17	1
18	5
19	4
20	6
/

psi	Vehicle Capacity
/ 28 /
;

Table kappa(i,j)                 Setup
         0        1        2        3        4        5        6        7        8        9        10       11       12       13       14       15       16       17       18       19       20       
0        0        776      574      186      247      1212     871      1410     526      609      801      1250     162      1093     452      960      553      833      527      651      1427     
1        776      0        1342     742      635      1591     1292     2141     764      1265     782      2004     626      1640     1223     971      1164     1565     256      391      2133     
2        574      1342     0        616      791      1075     801      853      831      608      1116     677      736      796      245      1198     662      538      1099     1138     893      
3        186      742      616      0        377      1058     717      1399     341      782      621      1264     253      981      563      775      735      971      522      528      1396     
4        247      635      791      377      0        1435     1094     1641     674      633      905      1468     126      1337     619      1086     540      931      380      645      1664     
5        1212     1591     1075     1058     1435     0        341      1153     840      1634     855      1207     1311     372      1268     731      1647     1612     1477     1206     1040     
6        871      1292     801      717      1094     341      0        1118     528      1320     626      1105     971      385      964      573      1323     1338     1155     922      1041     
7        1410     2141     853      1399     1641     1153     1118     0        1478     1360     1695     232      1572     789      1072     1686     1449     1097     1917     1864     148      
8        526      764      831      341      674      840      528      1478     0        1118     294      1390     549      882      856      433      1075     1273     638      406      1440     
9        609      1265     608      782      633      1634     1320     1360     1118     0        1404     1141     684      1395     373      1549     116      350      1012     1244     1437     
10       801      782      1116     621      905      855      626      1695     294      1404     0        1634     789      1011     1150     196      1354     1567     751      394      1639     
11       1250     2004     677      1264     1468     1207     1105     232      1390     1141     1634     0        1412     835      876      1651     1235     867      1770     1757     353      
12       162      626      736      253      126      1311     971      1572     549      684      789      1412     0        1225     596      966      605      950      372      562      1587     
13       1093     1640     796      981      1337     372      385      789      882      1395     1011     835      1225     0        1021     951      1430     1313     1474     1287     688      
14       452      1223     245      563      619      1268     964      1072     856      373      1150     876      596      1021     0        1267     417      417      969      1087     1125     
15       960      971      1198     775      1086     731      573      1686     433      1549     196      1651     966      951      1267     0        1509     1683     948      587      1614     
16       553      1164     662      735      540      1647     1323     1449     1075     116      1354     1235     605      1430     417      1509     0        466      915      1168     1519     
17       833      1565     538      971      931      1612     1338     1097     1273     350      1567     867      950      1313     417      1683     466      0        1309     1483     1196     
18       527      256      1099     522      380      1477     1155     1917     638      1012     751      1770     372      1474     969      948      915      1309     0        382      1919     
19       651      391      1138     528      645      1206     922      1864     406      1244     394      1757     562      1287     1087     587      1168     1483     382      0        1836     
20       1427     2133     893      1396     1664     1040     1041     148      1440     1437     1639     353      1587     688      1125     1614     1519     1196     1919     1836     0        
;



Table delta(i,j)                 Distance
         0        1        2        3        4        5        6        7        8        9        10       11       12       13       14       15       16       17       18       19       20       
0        0        3270     1530     2970     1620     1560     660      4500     3060     4410     4920     3300     5160     2190     2850     4230     2370     4260     2310     6030     2790     
1        3270     0        109      138      120      82       131      147      199      155      165      169      162      75       70       92       31       81       32       197      86       
2        1530     109      0        49       11       26       66       99       92       96       113      67       121      108      61       103      77       109      83       150      52       
3        2970     138      49       0        45       65       111      61       97       52       70       33       81       154      71       94       111      106      120      105      55       
4        1620     120      11       45       0        37       65       101      82       96       113      58       123      116      71       111      88       118      94       150      60       
5        1560     82       26       65       37       0        73       102      118      103      118      90       124      90       43       89       51       91       58       155      41       
6        660      131      66       111      65       73       0        166      93       161      179      115      187      86       116      162      102      164      98       216      113      
7        4500     147      99       61       101      102      166      0        156      15       18       84       21       188      78       66       129      81       142      53       67       
8        3060     199      92       97       82       118      93       156      0        144      160      73       174      176      152      187      167      196      170      190      140      
9        4410     155      96       52       96       103      161      15       144      0        17       71       30       191      85       80       135      94       148      54       72       
10       4920     165      113      70       113      118      179      18       160      17       0        87       15       206      97       83       147      98       160      37       84       
11       3300     169      67       33       58       90       115      84       73       71       87       0        101      175      104      128      139      139      148      117      89       
12       5160     162      121      81       123      124      187      21       174      30       15       101      0        208      97       75       147      90       161      34       86       
13       2190     75       108      154      116      90       86       188      176      191      206      175      208      0        112      151      65       145      52       242      121      
14       2850     70       61       71       71       43       116      78       152      85       97       104      97       112      0        46       50       48       63       131      16       
15       4230     92       103      94       111      89       162      66       187      80       83       128      75       151      46       0        86       15       99       108      50       
16       2370     31       77       111      88       51       102      129      167      135      147      139      147      65       50       86       0        80       13       182      63       
17       4260     81       109      106      118      91       164      81       196      94       98       139      90       145      48       15       80       0        93       123      57       
18       2310     32       83       120      94       58       98       142      170      148      160      148      161      52       63       99       13       93       0        195      76       
19       6030     197      150      105      150      155      216      53       190      54       37       117      34       242      131      108      182      123      195      0        120      
20       2790     86       52       55       60       41       113      67       140      72       84       89       86       121      16       50       63       57       76       120      0        
;

