

sets
i        orders          /0*20/
k        routes          /1*20/
p        positions       /0*20/
;

alias(i,j)
alias(i,h)
alias(i,hh)
alias(i,jj)
alias(k,kk)
                            Parameters

rho(i)	Processing time
/
0	0
1	78
2	53
3	32
4	16
5	12
6	43
7	35
8	18
9	18
10	53
11	91
12	38
13	22
14	97
15	47
16	52
17	61
18	17
19	9
20	74
/

gamma(i)	Duedate
/
0	0
1	35
2	17
3	99
4	30
5	23
6	72
7	51
8	93
9	63
10	54
11	70
12	57
13	5
14	3
15	2
16	67
17	28
18	11
19	7
20	15
/

sigma(i)	Size
/
0	0
1	1
2	1
3	4
4	8
5	6
6	7
7	3
8	1
9	1
10	5
11	8
12	3
13	3
14	1
15	6
16	5
17	3
18	4
19	7
20	4
/

epsilon(i)	Priority
/
0	0
1	9
2	5
3	2
4	8
5	6
6	9
7	5
8	5
9	4
10	5
11	5
12	5
13	3
14	5
15	4
16	1
17	7
18	6
19	7
20	9
/

psi	Vehicle Capacity
/ 38 /
;

Table kappa(i,j)                 Setup
         0        1        2        3        4        5        6        7        8        9        10       11       12       13       14       15       16       17       18       19       20       
0        0        1504     350      921      1132     469      1745     524      1006     520      1494     1384     1525     1368     670      828      492      672      1910     1201     865      
1        1504     0        1156     814      1453     1559     601      1410     841      1509     1050     240      794      443      1631     1158     1632     1542     450      366      1322     
2        350      1156     0        607      994      540      1405     480      764      614      1220     1034     1212     1056     785      620      665      665      1559     851      719      
3        921      814      607      0        684      797      844      634      965      1194     632      602      606      965      1360     344      1265     739      1105     448      511      
4        1132     1453     994      684      0        723      1248     610      1605     1589     653      1217     877      1650     1758     398      1606     515      1635     1102     275      
5        469      1559     540      797      723      0        1631     167      1305     984      1223     1379     1333     1555     1138     542      960      215      1898     1204     495      
6        1745     601      1405     844      1248     1631     0        1464     1369     1907     650      471      377      1038     2055     1111     2009     1535     445      607      1237     
7        524      1410     480      634      610      167      1464     0        1225     1010     1064     1223     1167     1435     1174     378      1009     185      1737     1051     355      
8        1006     841      764      965      1605     1305     1369     1225     0        769      1538     897      1384     475      848      1209     908      1407     1286     791      1361     
9        520      1509     614      1194     1589     984      1907     1010     769      0        1823     1471     1780     1230     170      1231     140      1176     1956     1305     1314     
10       1494     1050     1220     632      653      1223     650      1064     1538     1823     0        817      281      1390     1990     688      1886     1065     1084     799      743      
11       1384     240      1034     602      1217     1379     471      1223     897      1471     817      0        573      601      1609     941      1582     1341     528      183      1102     
12       1525     794      1212     606      877      1333     377      1167     1384     1780     281      573      0        1169     1941     794      1861     1209     803      601      896      
13       1368     443      1056     965      1650     1555     1038     1435     475      1230     1390     601      1169     0        1321     1289     1365     1600     852      594      1458     
14       670      1631     785      1360     1758     1138     2055     1174     848      170      1990     1609     1941     1321     0        1402     193      1336     2081     1449     1483     
15       828      1158     620      344      398      542      1111     378      1209     1231     688      941      794      1289     1402     0        1267     423      1425     792      169      
16       492      1632     665      1265     1606     960      2009     1009     908      140      1886     1582     1861     1365     193      1267     0        1164     2076     1412     1333     
17       672      1542     665      739      515      215      1535     185      1407     1176     1065     1341     1209     1600     1336     423      1164     0        1841     1178     322      
18       1910     450      1559     1105     1635     1898     445      1737     1286     1956     1084     528      803      852      2081     1425     2076     1841     0        711      1574     
19       1201     366      851      448      1102     1204     607      1051     791      1305     799      183      601      594      1449     792      1412     1178     711      0        958      
20       865      1322     719      511      275      495      1237     355      1361     1314     743      1102     896      1458     1483     169      1333     322      1574     958      0        
;



Table delta(i,j)                 Distance
         0        1        2        3        4        5        6        7        8        9        10       11       12       13       14       15       16       17       18       19       20       
0        0        2400     3060     2040     6600     1620     5010     1140     4740     4650     3780     5400     4200     5400     3720     2670     4860     3780     4650     3930     4110     
1        2400     0        136      26       197      126      112      48       82       74       93       109      134      126      47       145      101      53       165      104      175      
2        3060     136      0        144      144      72       146      98       176      195      95       181      66       153      155      39       152      148      60       89       39       
3        2040     26       144      0        220      120      138      47       106      92       117      134      153      152      71       146      127      79       181      126      183      
4        6600     197      144      220      0        212      105      192      167      205      103      147      82       97       177      184      122      163      89       94       148      
5        1620     126      72       120      212      0        186      77       193      199      138      210      130      197      163      42       186      161      132      137      96       
6        5010     112      146      138      105      186      0        130      62       101      51       44       93       13       78       179      17       64       128      57       174      
7        1140     48       98       47       192      77       130      0        120      121      93       142      116      143      88       99       124      89       139      99       136      
8        4740     82       176      106      167      193      62       120      0        39       88       32       140      73       35       200      45       31       176      99       210      
9        4650     74       195      92       205      199      101      121      39       0        118      68       169      111      39       212      83       49       205      130      232      
10       3780     93       95       117      103      138      51       93       88       118      0        87       51       59       82       128      57       69       88       12       125      
11       5400     109      181      134      147      210      44       142      32       68       87       0        135      50       63       210      30       55       171      96       212      
12       4200     134      66       153      82       130      93       116      140      169      51       135      0        96       132      105      104      120      36       40       83       
13       5400     126      153      152      97       197      13       143      73       111      59       50       96       0        91       187      28       77       130      63       178      
14       3720     47       155      71       177      163      78       88       35       39       82       63       132      91       0        174      63       13       167      94       193      
15       2670     145      39       146      184      42       179      99       200      212      128      210      105      187      174      0        183      169      98       124      54       
16       4860     101      152      127      122      186      17       124      45       83       57       30       104      28       63       183      0        50       140      65       182      
17       3780     53       148      79       163      161      64       89       31       49       69       55       120      77       13       169      50       0        156      81       184      
18       4650     165      60       181      89       132      128      139      176      205      88       171      36       130      167      98       140      156      0        76       59       
19       3930     104      89       126      94       137      57       99       99       130      12       96       40       63       94       124      65       81       76       0        117      
20       4110     175      39       183      148      96       174      136      210      232      125      212      83       178      193      54       182      184      59       117      0        
;

