

sets
i        orders          /0*80/
k        routes          /1*80/
p        positions       /0*80/
;

alias(i,j)
alias(i,h)
alias(i,hh)
alias(i,jj)
alias(k,kk)
                            Parameters

rho(i)	Processing time
/
0	0
1	23
2	34
3	28
4	73
5	60
6	47
7	21
8	81
9	95
10	5
11	7
12	19
13	34
14	37
15	90
16	23
17	68
18	93
19	37
20	9
21	43
22	79
23	53
24	77
25	66
26	97
27	67
28	28
29	48
30	24
31	59
32	1
33	38
34	96
35	81
36	49
37	26
38	14
39	52
40	33
41	98
42	63
43	10
44	79
45	90
46	47
47	28
48	62
49	88
50	36
51	53
52	50
53	2
54	9
55	9
56	96
57	22
58	9
59	45
60	51
61	77
62	13
63	89
64	91
65	61
66	28
67	7
68	93
69	34
70	14
71	91
72	22
73	84
74	2
75	55
76	76
77	64
78	10
79	53
80	8
/

gamma(i)	Duedate
/
0	0
1	17
2	57
3	20
4	18
5	57
6	2
7	61
8	71
9	81
10	51
11	82
12	71
13	98
14	2
15	99
16	98
17	92
18	37
19	91
20	74
21	73
22	22
23	53
24	84
25	18
26	32
27	7
28	49
29	39
30	63
31	83
32	41
33	12
34	49
35	69
36	37
37	25
38	94
39	1
40	15
41	66
42	59
43	88
44	81
45	86
46	88
47	97
48	93
49	80
50	70
51	32
52	6
53	29
54	15
55	98
56	23
57	17
58	98
59	69
60	10
61	34
62	14
63	27
64	26
65	7
66	34
67	50
68	2
69	83
70	69
71	47
72	91
73	93
74	97
75	93
76	5
77	4
78	58
79	58
80	12
/

sigma(i)	Size
/
0	0
1	8
2	8
3	4
4	9
5	9
6	8
7	1
8	3
9	4
10	4
11	4
12	3
13	9
14	4
15	1
16	8
17	3
18	1
19	1
20	8
21	6
22	4
23	7
24	5
25	8
26	2
27	9
28	8
29	5
30	2
31	2
32	5
33	8
34	8
35	1
36	8
37	6
38	8
39	1
40	4
41	5
42	1
43	2
44	5
45	5
46	6
47	6
48	2
49	8
50	8
51	8
52	7
53	3
54	5
55	7
56	6
57	1
58	4
59	9
60	8
61	2
62	8
63	8
64	4
65	7
66	1
67	3
68	3
69	3
70	3
71	3
72	1
73	8
74	5
75	9
76	5
77	1
78	4
79	1
80	2
/

epsilon(i)	Priority
/
0	0
1	3
2	3
3	6
4	6
5	1
6	6
7	4
8	6
9	1
10	7
11	4
12	1
13	6
14	8
15	8
16	9
17	4
18	8
19	1
20	1
21	2
22	5
23	7
24	4
25	3
26	5
27	2
28	4
29	4
30	3
31	4
32	1
33	3
34	8
35	7
36	9
37	8
38	9
39	5
40	6
41	1
42	9
43	4
44	4
45	3
46	9
47	5
48	1
49	6
50	1
51	7
52	1
53	1
54	6
55	3
56	4
57	1
58	2
59	4
60	8
61	7
62	4
63	5
64	9
65	4
66	1
67	3
68	6
69	1
70	6
71	8
72	3
73	7
74	3
75	8
76	3
77	8
78	4
79	9
80	8
/

psi	Vehicle Capacity
/ 39 /
;

Table kappa(i,j)                 Setup
         0        1        2        3        4        5        6        7        8        9        10       11       12       13       14       15       16       17       18       19       20       21       22       23       24       25       26       27       28       29       30       31       32       33       34       35       36       37       38       39       40       41       42       43       44       45       46       47       48       49       50       51       52       53       54       55       56       57       58       59       60       61       62       63       64       65       66       67       68       69       70       71       72       73       74       75       76       77       78       79       80       
0        0        6677     2489     4331     4318     3799     3659     7186     4462     2915     3676     2569     1423     4655     3607     3712     7432     6391     3001     2592     1269     5000     4539     4772     1934     3817     2161     4470     1491     5028     6857     3751     4120     4636     5891     2612     1640     5480     2005     6530     3650     6424     5116     2409     6527     2992     4084     3381     5444     3459     4307     4257     4646     6270     6043     5481     7575     6424     5094     7146     6099     3842     1737     6996     5092     2894     3375     6613     4914     1867     2927     3149     3719     4444     5000     5266     4021     4698     5064     5999     5852     
1        6677     0        5271     5281     7233     2906     3046     2717     6667     7505     3005     4598     5589     2720     4747     6293     803      3455     4668     7440     7784     3004     5154     5103     8273     3769     7207     5682     5285     6168     1151     3173     3559     5117     2924     4566     5049     1860     5353     3481     6316     3374     1562     5119     1351     4864     3761     3442     1314     6555     7317     2796     6658     3702     1115     5612     2100     355      6920     605      5443     5021     5274     323      5115     4810     3532     1327     7030     5243     7743     3668     5823     6065     2301     1686     6788     5069     4544     1124     1106     
2        2489     5271     0        1873     2605     2948     2850     5015     2415     2255     2572     766      2695     4251     4366     5243     5900     4050     659      2169     3019     2829     5423     5601     3280     1643     1956     5601     1357     6260     5836     2109     4165     5490     3659     3108     1977     4741     3143     4188     1638     4098     3858     225      4694     3819     4257     2960     3957     1665     2647     3761     2553     3888     4358     3033     5586     5122     3006     5592     3620     1357     2715     5554     2610     3674     3090     4784     2913     2858     2481     2829     5033     5744     4413     4353     2162     2217     5606     4322     4786     
3        4331     5281     1873     0        2011     3897     3857     4059     1392     2943     3453     2218     4516     5224     5896     6971     5707     2853     1618     3076     4638     2295     6924     7069     4710     1770     3125     7187     3197     7854     6143     2693     5406     6975     2773     4695     3742     5410     4899     2971     1306     2930     4245     2016     4287     5425     5549     4176     4095     1642     2104     4759     1377     2601     4192     1159     4861     5255     1681     5407     1777     562      4485     5493     797      5279     4348     4369     1757     4613     3209     4131     6707     7382     5239     4946     1619     434      6946     4172     5183     
4        4318     7233     2605     2011     0        5431     5354     6031     685      1704     5012     3323     5088     6770     6954     7698     7700     4790     2876     2006     4042     4287     8012     8196     3815     3528     2323     8159     3812     8808     8022     4361     6757     8082     4778     5692     4492     7130     5619     4895     1000     4873     6064     2830     6293     6387     6856     5535     5995     954      98       6281     825      4514     6165     2420     6862     7176     1044     7396     3120     2214     5190     7462     2532     6243     5676     6376     777      5344     1897     5420     7544     8271     6874     6694     466      2351     8211     6143     7017     
5        3799     2906     2948     3897     5431     0        140      4166     5055     5153     443      2182     2688     1344     2459     3932     3688     3949     2555     5003     4962     2526     3314     3398     5507     2149     4685     3715     2498     4353     3090     1230     1587     3336     3256     1775     2160     1823     2514     4064     4430     3928     1355     2739     3072     2285     1769     622      1791     4553     5491     865      5129     4004     2490     4768     4209     2633     5522     3421     4993     3406     2382     3230     4193     2183     783      3144     5524     2367     5350     808      3519     4018     1465     1505     4965     3933     3137     2442     2060     
6        3659     3046     2850     3857     5354     140      0        4263     4992     5043     428      2084     2550     1416     2397     3850     3827     4010     2479     4888     4824     2569     3280     3374     5371     2124     4565     3667     2365     4311     3226     1219     1584     3306     3322     1659     2019     1945     2387     4128     4353     3993     1493     2638     3191     2194     1756     522      1920     4467     5412     928      5070     4057     2614     4752     4327     2774     5468     3559     4996     3356     2247     3369     4178     2086     697      3264     5465     2234     5237     688      3444     3961     1568     1639     4889     3908     3139     2566     2199     
7        7186     2717     5015     4059     6031     4166     4263     0        5361     6898     3949     4644     6549     4777     6570     8087     2547     1266     4363     6957     7997     2204     7264     7280     8296     3412     6877     7740     5698     8323     3867     3512     5492     7256     1363     5904     5796     4211     6562     1190     5346     1175     3154     4971     1420     6452     5706     4784     2611     5666     6127     4594     5276     1562     1965     3826     966      2970     5377     2371     3378     4099     6315     2683     3522     6348     4949     1414     5570     6353     7163     4940     7657     8083     4465     3820     5672     3682     6826     2000     3508     
8        4462     6667     2415     1392     685      5055     4992     5361     0        2173     4623     3054     5052     6400     6771     7639     7100     4114     2533     2430     4375     3687     7825     7996     4240     3040     2665     8016     3728     8675     7502     3921     6463     7889     4128     5518     4382     6687     5540     4217     824      4198     5572     2630     5676     6233     6580     5227     5460     1018     783      5918     198      3836     5583     1743     6206     6631     632      6800     2452     1700     5110     6884     1851     6087     5382     5758     497      5258     2404     5137     7445     8159     6467     6237     523      1693     7959     5563     6520     
9        2915     7505     2255     2943     1704     5153     5043     6898     2173     0        4805     2996     3993     6405     6096     6552     8103     5756     2837     335      2387     4844     7130     7341     2111     3774     754      7177     2941     7788     8091     4362     6183     7214     5549     4873     3607     6969     4584     5882     1664     5826     6113     2438     6821     5485     6233     5062     6196     1321     1651     5921     2369     5523     6547     3792     7601     7369     2713     7793     4514     2798     4184     7779     3690     5353     5159     6910     2462     4343     267      4890     6482     7220     6610     6596     1651     3374     7480     6515     7041     
10       3676     3005     2572     3453     5012     443      428      3949     4623     4805     0        1812     2699     1779     2800     4221     3755     3622     2139     4673     4784     2161     3704     3801     5294     1706     4375     4081     2288     4729     3337     792      2011     3732     2943     1957     2065     2169     2624     3744     4012     3609     1449     2372     2970     2552     2185     903      1777     4147     5074     1306     4693     3656     2424     4329     4089     2769     5082     3471     4568     2965     2423     3322     3755     2435     1090     3049     5088     2437     5012     1009     3828     4367     1863     1794     4546     3490     3566     2377     2286     
11       2569     4598     766      2218     3323     2182     2084     4644     3054     2996     1812     0        2350     3488     3735     4753     5264     3823     599      2879     3376     2443     4783     4947     3755     1249     2614     5005     1134     5670     5105     1426     3434     4843     3327     2500     1548     3980     2687     3963     2331     3855     3139     560      4143     3229     3538     2213     3286     2404     3373     2998     3167     3712     3749     3335     5112     4427     3605     4959     3821     1656     2281     4892     2830     3082     2353     4233     3548     2403     3209     2098     4495     5181     3647     3600     2867     2458     4908     3710     4052     
12       1423     5589     2695     4516     5088     2688     2550     6549     5052     3993     2699     2350     0        3322     2203     2611     6376     5970     2934     3709     2690     4484     3180     3405     3356     3444     3281     3186     1338     3795     5617     3041     2721     3272     5371     1212     815      4200     606      6106     4234     5983     4044     2515     5667     1582     2672     2160     4455     4145     5102     2971     5208     5912     5122     5661     6778     5301     5667     6110     6170     3963     337      5913     5174     1476     2106     5747     5542     446      4074     1928     2493     3231     3699     4051     4705     4796     3654     5075     4663     
13       4655     2720     4251     5224     6770     1344     1416     4777     6400     6405     1779     3488     3322     0        2031     3572     3510     4874     3894     6228     5898     3607     2507     2506     6506     3460     5880     3012     3586     3559     2379     2533     841      2490     4174     2132     3075     947      2918     4969     5769     4833     1624     4035     3449     2224     1041     1357     2165     5881     6828     490      6472     4990     2845     6044     4547     2372     6862     3322     6204     4744     2985     3020     5469     2200     1303     3494     6868     2900     6586     1560     3103     3381     433      1047     6305     5233     2064     2803     1621     
14       3607     4747     4366     5896     6954     2459     2397     6570     6771     6096     2800     3735     2203     2031     0        1554     5540     6406     4308     5837     4858     4962     1058     1250     5538     4339     5422     1303     3188     1968     4342     3536     1189     1130     5715     1261     2503     2955     1603     6523     6004     6387     3484     4145     5347     622      994      1898     4022     6000     6987     2017     6895     6453     4737     6929     6477     4401     7337     5346     7273     5343     1940     5050     6373     745      1710     5405     7268     1786     6207     1841     1097     1566     2460     3063     6524     6050     1456     4692     3652     
15       3712     6293     5243     6971     7698     3932     3850     8087     7639     6552     4221     4753     2611     3572     1554     0        7082     7842     5352     6249     4797     6364     1489     1700     5485     5592     5814     1063     3911     1392     5823     4890     2735     1586     7164     2349     3266     4476     2100     7964     6829     7830     5032     5042     6892     1671     2531     3330     5566     6753     7714     3568     7788     7862     6284     8074     8026     5944     8245     6894     8497     6409     2530     6592     7544     1797     3153     6952     8133     2384     6602     3215     474      827      3996     4613     7310     7190     2307     6238     5193     
16       7432     803      5900     5707     7700     3688     3827     2547     7100     8103     3755     5264     6376     3510     5540     7082     0        3529     5274     8060     8513     3414     5909     5846     8980     4332     7852     6443     6016     6907     1586     3839     4351     5867     3126     5367     5815     2621     6152     3523     6823     3439     2334     5764     1460     5667     4551     4237     2001     7084     7788     3600     7072     3807     1558     5893     1718     1140     7294     309      5630     5511     6065     490      5440     5613     4331     1392     7429     6037     8348     4461     6610     6829     3085     2484     7269     5449     5267     1588     1888     
17       6391     3455     4050     2853     4790     3949     4010     1266     4114     5756     3622     3823     5970     4874     6406     7842     3529     0        3431     5845     7069     1498     7235     7293     7299     2582     5809     7659     4942     8287     4574     2988     5459     7246     702      5537     5171     4533     6092     139      4157     93       3310     4048     2123     6172     5663     4521     2840     4487     4887     4576     4021     299      2426     2560     2189     3612     4112     3287     2147     2972     5784     3525     2266     6050     4704     2169     4308     5850     6023     4627     7450     7967     4652     4078     4448     2455     6928     2440     3950     
18       3001     4668     659      1618     2876     2555     2479     4363     2533     2837     2139     599      2934     3894     4308     5352     5274     3431     0        2786     3648     2171     5349     5506     3935     985      2603     5587     1662     6254     5294     1553     3930     5406     3010     3087     2140     4283     3286     3570     1875     3473     3309     617      4042     3816     4050     2694     3360     2013     2936     3407     2630     3286     3724     2737     4926     4538     3055     4965     3239     1056     2878     4943     2240     3670     2849     4132     3019     3002     3077     2608     5091     5772     4003     3867     2411     1863     5436     3689     4254     
19       2592     7440     2169     3076     2006     5003     4888     6957     2430     335      4673     2879     3709     6228     5837     6249     8060     5845     2786     0        2057     4860     6862     7077     1816     3749     434      6895     2712     7500     7984     4277     5970     6949     5600     4627     3364     6825     4305     5974     1843     5911     6015     2332     6811     5222     6011     4876     6127     1509     1960     5749     2628     5623     6511     3990     7629     7290     2994     7751     4708     2874     3912     7722     3845     5092     4964     6901     2750     4071     370      4695     6190     6928     6450     6467     1907     3511     7235     6476     6931     
20       1269     7784     3019     4638     4042     4962     4824     7997     4375     2387     4784     3376     2690     5898     4858     4797     8513     7069     3648     2057     0        5794     5756     5993     692      4586     1723     5643     2499     6160     8046     4723     5386     5856     6655     3879     2838     6697     3262     7208     3648     7116     6234     3032     7499     4248     5353     4595     6512     3368     4004     5485     4572     6905     7062     5718     8489     7553     4979     8218     6400     4248     3006     8098     5435     4155     4605     7587     4753     3136     2286     4368     4871     5575     6229     6455     3869     5054     6314     7019     7023     
21       5000     3004     2829     2295     4287     2526     2569     2204     3687     4844     2161     2443     4484     3607     4962     6364     3414     1498     2171     4860     5794     0        5839     5917     6106     1208     4736     6237     3521     6878     3942     1491     4089     5859     896      4045     3694     3478     4594     1630     3436     1503     2220     2772     2016     4694     4283     3065     1917     3717     4375     3243     3666     1497     1901     2664     2771     3012     3916     3112     2654     2121     4289     3203     2133     4568     3251     2102     4032     4353     5103     3153     5984     6528     3469     2999     3862     2065     5610     1884     3072     
22       4539     5154     5423     6924     8012     3314     3280     7264     7825     7130     3704     4783     3180     2507     1058     1489     5909     7235     5349     6862     5756     5839     0        242      6446     5320     6442     543      4239     1059     4525     4475     1783     105      6535     2319     3552     3294     2573     7344     7061     7206     4113     5202     5956     1646     1574     2825     4659     7058     8044     2681     7947     7309     5350     7934     7053     4799     8388     5759     8245     6376     2950     5429     7371     1783     2639     6002     8322     2792     7231     2816     1090     938      2881     3538     7581     7060     821      5307     4051     
23       4772     5103     5601     7069     8196     3398     3374     7280     7996     7341     3801     4947     3405     2506     1250     1700     5846     7293     5506     7077     5993     5917     242      0        6682     5441     6658     688      4439     1065     4429     4580     1834     138      6591     2507     3753     3245     2798     7399     7239     7261     4125     5379     5952     1855     1634     2938     4669     7244     8231     2721     8115     7376     5350     8064     7037     4749     8552     5707     8358     6525     3167     5371     7498     1988     2754     5995     8492     3009     7446     2945     1320     1073     2858     3518     7762     7193     647      5308     4007     
24       1934     8273     3280     4710     3815     5507     5371     8296     4240     2111     5294     3755     3356     6506     5538     5485     8980     7299     3935     1816     692      6106     6446     6682     0        4907     1607     6335     3011     6851     8597     5153     6027     6545     6938     4529     3431     7275     3938     7435     3591     7353     6739     3338     7899     4925     6003     5181     6981     3278     3762     6077     4438     7113     7494     5725     8846     8059     4811     8680     6429     4386     3663     8581     5505     4828     5205     7988     4566     3799     1944     4959     5563     6266     6821     7009     3719     5140     6994     7454     7561     
25       3817     3769     1643     1770     3528     2149     2124     3412     3040     3774     1706     1249     3444     3460     4339     5592     4332     2582     985      3749     4586     1208     5320     5441     4907     0        3584     5642     2360     6305     4496     927      3702     5360     2081     3244     2631     3653     3654     2721     2569     2610     2538     1569     3064     3952     3862     2504     2488     2790     3604     3003     3080     2488     2775     2631     3944     3675     3436     4023     2934     1340     3299     4027     2060     3813     2687     3153     3475     3389     4023     2506     5263     5883     3469     3198     3068     1783     5256     2743     3490     
26       2161     7207     1956     3125     2323     4685     4565     6877     2665     754      4375     2614     3281     5880     5422     5814     7852     5809     2603     434      1723     4736     6442     6658     1607     3584     0        6467     2328     7069     7704     4034     5590     6529     5514     4223     2963     6509     3880     5941     1985     5870     5750     2089     6645     4804     5624     4523     5893     1678     2288     5406     2863     5602     6313     4118     7507     7041     3260     7544     4825     2848     3491     7496     3915     4677     4602     6735     3031     3650     793      4335     5759     6496     6118     6166     2152     3558     6829     6277     6650     
27       4470     5682     5601     7187     8159     3715     3667     7740     8016     7177     4081     5005     3186     3012     1303     1063     6443     7659     5587     6895     5643     6237     543      688      6335     5642     6467     0        4353     667      5068     4831     2247     609      6962     2505     3668     3824     2593     7772     7232     7635     4598     5385     6451     1782     2033     3184     5144     7205     8186     3146     8147     7720     5843     8230     7558     5328     8595     6288     8576     6631     3003     5961     7675     1928     2996     6501     8513     2844     7260     3142     785      395      3398     4052     7742     7349     1333     5800     4578     
28       1491     5285     1357     3197     3812     2498     2365     5698     3728     2941     2288     1134     1338     3586     3188     3911     6016     4942     1662     2712     2499     3521     4239     4439     3011     2360     2328     4353     0        4997     5587     2267     3262     4317     4416     1942     687      4290     1814     5081     2918     4970     3737     1183     5050     2596     3299     2230     4015     2859     3835     3127     3880     4840     4584     4351     6086     5057     4338     5722     4892     2652     1383     5598     3886     2456     2290     5137     4222     1535     3081     2027     3733     4459     3860     4003     3407     3500     4543     4540     4549     
29       5028     6168     6260     7854     8808     4353     4311     8323     8675     7788     4729     5670     3795     3559     1968     1392     6907     8287     6254     7500     6160     6878     1059     1065     6851     6305     7069     667      4997     0        5469     5487     2842     1069     7588     3169     4316     4310     3215     8397     7888     8260     5171     6045     7008     2444     2632     3837     5716     7853     8833     3741     8808     8355     6404     8897     8099     5813     9257     6771     9239     7298     3633     6433     8341     2591     3649     7053     9173     3475     7862     3802     1312     585      3921     4580     8394     8016     1654     6362     5073     
30       6857     1151     5836     6143     8022     3090     3226     3867     7502     8091     3337     5105     5617     2379     4342     5823     1586     4574     5294     7984     8046     3942     4525     4429     8597     4496     7704     5068     5587     5469     0        3741     3186     4470     4004     4473     5220     1437     5269     4609     7064     4497     1984     5656     2496     4599     3357     3481     2049     7268     8100     2650     7516     4808     2164     6600     3200     966      7815     1589     6494     5815     5284     1227     6076     4579     3512     2477     7900     5220     8312     3715     5349     5462     1956     1591     7564     5983     3815     2159     1053     
31       3751     3173     2109     2693     4361     1230     1219     3512     3921     4362     792      1426     3041     2533     3536     4890     3839     2988     1553     4277     4723     1491     4475     4580     5153     927      4034     4831     2267     5487     3741     0        2803     4507     2349     2558     2285     2770     3109     3119     3374     2989     1757     1948     2784     3222     2974     1650     1860     3549     4430     2077     3976     2981     2343     3538     3825     3013     4347     3535     3780     2234     2823     3466     2963     3092     1838     2871     4372     2877     4590     1698     4524     5100     2553     2334     3895     2706     4358     2301     2701     
32       4120     3559     4165     5406     6757     1587     1584     5492     6463     6183     2011     3434     2721     841      1189     2735     4351     5459     3930     5970     5386     4089     1783     1834     6027     3702     5590     2247     3262     2842     3186     2803     0        1788     4758     1510     2655     1775     2236     5566     5766     5428     2354     3941     4215     1427     214      1237     2900     5830     6805     900      6559     5542     3605     6333     5333     3212     6976     4158     6578     4885     2390     3861     5760     1428     1082     4267     6949     2278     6337     1337     2268     2597     1272     1877     6302     5481     1555     3561     2463     
33       4636     5117     5490     6975     8082     3336     3306     7256     7889     7214     3732     4843     3272     2490     1130     1586     5867     7246     5406     6949     5856     5859     105      138      6545     5360     6529     609      4317     1069     4470     4507     1788     0        6545     2390     3630     3257     2665     7353     7129     7216     4103     5269     5939     1729     1583     2860     4648     7130     8116     2682     8009     7324     5335     7978     7032     4762     8449     5722     8281     6429     3037     5389     7414     1863     2674     5984     8385     2879     7318     2858     1193     1003     2855     3514     7650     7105     732      5293     4017     
34       5891     2924     3659     2773     4778     3256     3322     1363     4128     5549     2943     3327     5371     4174     5715     7164     3126     702      3010     5600     6655     896      6535     6591     6938     2081     5514     6962     4416     7588     4004     2349     4758     6545     0        4876     4586     3859     5459     809      4031     672      2622     3623     1667     5496     4962     3837     2172     4341     4872     3874     4067     840      1839     2773     2088     3038     4232     2854     2524     2756     5168     3041     2355     5377     4019     1734     4395     5226     5813     3951     6766     7273     3959     3397     4392     2435     6227     1845     3307     
35       2612     4566     3108     4695     5692     1775     1659     5904     5518     4873     1957     2500     1212     2132     1261     2349     5367     5537     3087     4627     3879     4045     2319     2507     4529     3244     4223     2505     1942     3169     4473     2558     1510     2390     4876     0        1265     3040     798      5664     4745     5532     3079     2889     4847     730      1474     1160     3556     4739     5725     1828     5646     5539     4262     5765     5984     4254     6092     5122     6160     4136     880      4888     5223     584      1038     4919     6015     774      4998     970      2027     2687     2527     2947     5263     4881     2607     4215     3569     
36       1640     5049     1977     3742     4492     2160     2019     5796     4382     3607     2065     1548     815      3075     2503     3266     5815     5171     2140     3364     2838     3694     3552     3753     3431     2631     2963     3668     687      4316     5220     2285     2655     3630     4586     1265     0        3859     1168     5308     3581     5187     3487     1777     4991     1908     2671     1757     3843     3537     4518     2648     4526     5106     4474     4876     6079     4789     4982     5534     5368     3183     744      5370     4378     1769     1773     5074     4878     882      3734     1530     3064     3783     3393     3629     4080     4004     3873     4428     4212     
37       5480     1860     4741     5410     7130     1823     1945     4211     6687     6969     2169     3980     4200     947      2955     4476     2621     4533     4283     6825     6697     3478     3294     3245     7275     3653     6509     3824     4290     4310     1437     2770     1775     3257     3859     3040     3859     0        3835     4609     6138     4478     1261     4541     2811     3171     1960     2102     1693     6296     7198     1230     6733     4700     2248     6083     3834     1505     7087     2465     6133     4991     3865     2137     5520     3145     2108     2838     7128     3794     7170     2331     4003     4209     519      479      6664     5342     2699     2214     764      
38       2005     5353     3143     4899     5619     2514     2387     6562     5540     4584     2624     2687     606      2918     1603     2100     6152     6092     3286     4305     3262     4594     2573     2798     3938     3654     3880     2593     1814     3215     5269     3109     2236     2665     5459     798      1168     3835     0        6225     4732     6096     3848     2945     5573     987      2158     1921     4305     4669     5638     2626     5689     6064     5001     6022     6704     5046     6145     5902     6487     4338     430      5676     5510     894      1821     5648     6035     286      4672     1708     1927     2660     3320     3745     5221     5144     3059     4953     4366     
39       6530     3481     4188     2971     4895     4064     4128     1190     4217     5882     3744     3963     6106     4969     6523     7964     3523     139      3570     5974     7208     1630     7344     7399     7435     2721     5941     7772     5081     8397     4609     3119     5566     7353     809      5664     5308     4609     6225     0        4276     137      3394     4187     2139     6295     5770     4641     2915     4608     4993     4679     4120     381      2473     2639     2132     3650     4200     3290     2195     3101     5918     3539     2366     6174     4824     2181     4400     5984     6149     4750     7570     8082     4740     4157     4559     2568     7027     2490     4012     
40       3650     6316     1638     1306     1000     4430     4353     5346     824      1664     4012     2331     4234     5769     6004     6829     6823     4157     1875     1843     3648     3436     7061     7239     3591     2569     1985     7232     2918     7888     7064     3374     5766     7129     4031     4745     3581     6138     4732     4276     0        4232     5094     1860     5452     5453     5870     4539     5054     343      1061     5281     998      3907     5274     2148     6115     6240     1453     6516     2864     1315     4302     6559     2027     5307     4683     5538     1308     4452     1926     4430     6645     7364     5875     5708     537      1726     7233     5248     6048     
41       6424     3374     4098     2930     4873     3928     3993     1175     4198     5826     3609     3855     5983     4833     6387     7830     3439     93       3473     5911     7116     1503     7206     7261     7353     2610     5870     7635     4970     8260     4497     2989     5428     7216     672      5532     5187     4478     6096     137      4232     0        3260     4091     2039     6160     5633     4506     2784     4561     4971     4542     4107     393      2354     2652     2096     3536     4202     3200     2241     3037     5793     3440     2352     6040     4688     2084     4396     5857     6093     4615     7435     7945     4605     4025     4529     2535     6890     2370     3886     
42       5116     1562     3858     4245     6064     1355     1493     3154     5572     6113     1449     3139     4044     1624     3484     5032     2334     3310     3309     6015     6234     2220     4113     4125     6739     2538     5750     4598     3737     5171     1984     1757     2354     4103     2622     3079     3487     1261     3848     3394     5094     3260     0        3684     1864     3476     2569     1927     546      5290     6139     1469     5599     3459     1254     4848     2994     1320     5927     2065     4875     3873     3737     1883     4291     3399     2042     1920     5990     3716     6338     2143     4581     4951     1348     785      5603     4139     3683     1209     953      
43       2409     5119     225      2016     2830     2739     2638     4971     2630     2438     2372     560      2515     4035     4145     5042     5764     4048     617      2332     3032     2772     5202     5379     3338     1569     2089     5385     1183     6045     5656     1948     3941     5269     3623     2889     1777     4541     2945     4187     1860     4091     3684     0        4589     3603     4032     2738     3805     1891     2872     3546     2764     3900     4231     3173     5509     4961     3215     5457     3737     1479     2519     5407     2727     3457     2866     4679     3128     2659     2655     2605     4825     5532     4204     4160     2386     2336     5381     4194     4604     
44       6527     1351     4694     4287     6293     3072     3191     1420     5676     6821     2970     4143     5667     3449     5347     6892     1460     2123     4042     6811     7499     2016     5956     5952     7899     3064     6645     6451     5050     7008     2496     2784     4215     5939     1667     4847     4991     2811     5573     2139     5452     2039     1864     4589     0        5311     4429     3689     1326     5730     6383     3333     5639     2385     610      4433     1140     1565     5846     1187     4183     4137     5392     1401     3985     5224     3833     89       5988     5402     7075     3879     6444     6810     3103     2447     5874     4008     5466     655      2092     
45       2992     4864     3819     5425     6387     2285     2194     6452     6233     5485     2552     3229     1582     2224     622      1671     5667     6172     3816     5222     4248     4694     1646     1855     4925     3952     4804     1782     2596     2444     4599     3222     1427     1729     5496     730      1908     3171     987      6295     5453     6160     3476     3603     5311     0        1292     1671     3991     5432     6417     2068     6365     6191     4709     6492     6451     4531     6813     5447     6877     4866     1318     5179     5948     146      1502     5376     6731     1163     5591     1545     1310     1957     2654     3187     5965     5608     2072     4662     3803     
46       4084     3761     4257     5549     6856     1769     1756     5706     6580     6233     2185     3538     2672     1041     994      2531     4551     5663     4050     6011     5353     4283     1574     1634     6003     3862     5624     2033     3299     2632     3357     2974     214      1583     4962     1474     2671     1960     2158     5770     5870     5633     2569     4032     4429     1292     0        1372     3114     5923     6902     1112     6680     5742     3819     6493     5546     3413     7102     4362     6753     5021     2348     4061     5922     1312     1204     4481     7068     2225     6380     1443     2062     2382     1467     2083     6404     5636     1398     3775     2662     
47       3381     3442     2960     4176     5535     622      522      4784     5227     5062     903      2213     2160     1357     1898     3330     4237     4521     2694     4876     4595     3065     2825     2938     5181     2504     4523     3184     2230     3837     3481     1650     1237     2860     3837     1160     1757     2102     1921     4641     4539     4506     1927     2738     3689     1671     1372     0        2395     4617     5586     899      5321     4559     3102     5132     4828     3146     5738     3982     5421     3650     1837     3766     4564     1564     188      3760     5712     1801     5237     234      2928     3464     1640     1899     5077     4269     2770     3054     2504     
48       5444     1314     3957     4095     5995     1791     1920     2611     5460     6196     1777     3286     4455     2165     4022     5566     2001     2840     3360     6127     6512     1917     4659     4669     6981     2488     5893     5144     4015     5716     2049     1860     2900     4648     2172     3556     3843     1693     4305     2915     5054     2784     546      3805     1326     3991     3114     2395     0        5278     6075     2011     5468     3013     719      4581     2462     1187     5765     1706     4538     3781     4161     1607     4043     3908     2527     1387     5852     4154     6432     2598     5118     5497     1865     1248     5541     3936     4218     672      1163     
49       3459     6555     1665     1642     954      4553     4467     5666     1018     1321     4147     2404     4145     5881     6000     6753     7084     4487     2013     1509     3368     3717     7058     7244     3278     2790     1678     7205     2859     7853     7268     3549     5830     7130     4341     4739     3537     6296     4669     4608     343      4561     5290     1891     5730     5432     5923     4617     5278     0        986      5391     1212     4241     5529     2482     6421     6465     1644     6776     3201     1600     4239     6806     2370     5289     4752     5817     1455     4393     1583     4493     6592     7318     6010     5876     567      2066     7268     5502     6241     
