

sets
i        orders          /0*80/
k        routes          /1*80/
p        positions       /0*80/
;

alias(i,j)
alias(i,h)
alias(i,hh)
alias(i,jj)
alias(k,kk)
                            Parameters

rho(i)	Processing time
/
0	0
1	70
2	68
3	89
4	88
5	96
6	30
7	37
8	11
9	92
10	76
11	16
12	35
13	73
14	62
15	22
16	62
17	23
18	70
19	87
20	56
21	18
22	18
23	82
24	28
25	43
26	59
27	74
28	21
29	85
30	68
31	50
32	48
33	51
34	86
35	74
36	22
37	96
38	78
39	22
40	1
41	63
42	82
43	73
44	38
45	73
46	60
47	35
48	8
49	70
50	39
51	54
52	79
53	64
54	75
55	84
56	62
57	91
58	6
59	99
60	23
61	9
62	90
63	67
64	57
65	39
66	2
67	23
68	27
69	48
70	27
71	47
72	13
73	75
74	64
75	89
76	18
77	78
78	56
79	36
80	87
/

gamma(i)	Duedate
/
0	0
1	67
2	52
3	75
4	78
5	75
6	87
7	95
8	51
9	75
10	48
11	6
12	21
13	98
14	12
15	97
16	93
17	90
18	83
19	30
20	61
21	72
22	5
23	9
24	91
25	21
26	2
27	71
28	78
29	17
30	2
31	33
32	7
33	59
34	51
35	24
36	20
37	12
38	90
39	71
40	91
41	23
42	31
43	30
44	81
45	12
46	9
47	21
48	86
49	70
50	72
51	59
52	20
53	9
54	16
55	98
56	32
57	59
58	86
59	10
60	24
61	88
62	46
63	11
64	26
65	94
66	37
67	5
68	83
69	40
70	48
71	77
72	13
73	76
74	95
75	85
76	36
77	36
78	16
79	52
80	81
/

sigma(i)	Size
/
0	0
1	5
2	1
3	4
4	1
5	9
6	6
7	6
8	6
9	4
10	5
11	1
12	3
13	5
14	9
15	1
16	8
17	5
18	6
19	6
20	1
21	1
22	9
23	5
24	4
25	8
26	2
27	2
28	1
29	3
30	4
31	4
32	8
33	2
34	8
35	9
36	9
37	2
38	2
39	4
40	4
41	2
42	1
43	1
44	6
45	9
46	4
47	1
48	9
49	1
50	1
51	5
52	1
53	8
54	6
55	9
56	4
57	4
58	4
59	4
60	8
61	8
62	1
63	2
64	5
65	1
66	4
67	7
68	8
69	6
70	9
71	3
72	2
73	4
74	7
75	7
76	7
77	1
78	6
79	9
80	4
/

epsilon(i)	Priority
/
0	0
1	9
2	2
3	8
4	6
5	3
6	5
7	5
8	6
9	8
10	4
11	3
12	7
13	3
14	1
15	3
16	6
17	3
18	4
19	1
20	2
21	9
22	9
23	5
24	4
25	8
26	6
27	5
28	5
29	8
30	6
31	2
32	2
33	9
34	5
35	9
36	1
37	5
38	8
39	4
40	9
41	7
42	9
43	9
44	2
45	4
46	1
47	7
48	6
49	9
50	1
51	9
52	5
53	3
54	7
55	5
56	7
57	6
58	4
59	8
60	5
61	8
62	8
63	3
64	4
65	3
66	8
67	7
68	7
69	9
70	9
71	5
72	8
73	8
74	9
75	7
76	8
77	3
78	4
79	8
80	4
/

psi	Vehicle Capacity
/ 12 /
;

Table kappa(i,j)                 Setup
         0        1        2        3        4        5        6        7        8        9        10       11       12       13       14       15       16       17       18       19       20       21       22       23       24       25       26       27       28       29       30       31       32       33       34       35       36       37       38       39       40       41       42       43       44       45       46       47       48       49       50       51       52       53       54       55       56       57       58       59       60       61       62       63       64       65       66       67       68       69       70       71       72       73       74       75       76       77       78       79       80       
0        0        7480     6041     5156     4840     7995     6224     9731     5836     4340     4449     6152     6010     6933     9365     1684     5644     2204     8529     3565     7942     257      8761     4605     7699     9396     1494     6622     4583     8534     6943     7934     4863     6365     7661     7314     6338     6412     6962     6754     3407     6194     6598     7102     1367     459      7293     6490     5512     5043     8206     6770     5536     9060     8086     8169     6577     9362     8066     7914     8600     3300     6199     5078     6023     7553     4545     7974     6318     1904     9555     4764     8159     4885     9386     3429     2037     5896     4329     8449     8636     
1        7480     0        1586     2474     5518     3611     3918     3902     2685     3626     5554     1336     1473     6307     2532     5873     2168     6159     1967     6525     818      7543     1487     5724     3345     3851     6237     1487     5170     1472     1087     730      2941     1168     1256     2278     3119     1931     4978     3150     5529     5736     1313     820      6326     7422     6898     4127     3557     2968     770      2316     5630     2941     4322     5684     950      4230     3599     3755     2034     4817     3493     3998     2129     2279     2942     5134     7070     5593     3147     3443     4733     3550     2487     5680     5686     2370     6625     4826     4025     
2        6041     1586     0        909      4040     3202     3921     4252     2495     2040     4034     487      685      5140     3413     4509     1660     4590     2609     4951     1901     6129     2719     4220     4014     4048     4725     1811     3661     2501     925      1900     1355     982      1679     2977     3218     909      3949     2249     3946     4467     1597     1061     4986     5941     5745     3034     3259     2292     2356     2705     4249     3371     3776     4900     646      4263     3227     3271     2685     3235     2332     2529     799      2048     1653     4385     5737     4199     3774     2739     4125     2940     3415     4099     4162     2174     5092     4303     3791     
3        5156     2474     909      0        3404     3536     3964     4877     2588     1189     3333     1188     1197     4810     4233     3667     1757     3686     3407     4136     2803     5253     3616     3540     4410     4620     3819     2321     2985     3377     1787     2806     522      1614     2510     3465     3379     1372     3791     2372     3105     4062     2153     1959     4151     5042     5411     2889     3181     2095     3243     3079     3731     4064     3983     4886     1523     4753     3580     3555     3480     2347     2204     1974     1016     2615     1030     4421     5235     3344     4514     2450     4270     2691     4247     3264     3254     2327     4353     4493     4176     
4        4840     5518     4040     3404     0        3869     7121     5781     5872     2361     390      4483     4566     2137     6138     4337     5105     2636     5383     1594     5456     5066     6105     306      7796     5379     3440     5720     456      5749     4485     5514     2894     4964     4871     6869     6667     3629     2249     2945     1460     1357     5541     4752     4722     4464     2595     2145     6264     5192     6250     6471     701      5447     3660     3377     4661     5162     3952     3716     5428     2054     2328     1520     3388     4146     3937     3277     1966     4026     5981     5364     3594     5620     6206     1412     3073     5661     1235     3884     4394     
5        7995     3611     3202     3536     3869     0        7095     1911     5678     3755     4151     3603     3852     3393     2657     6838     4859     5959     2188     5418     3000     8162     3195     4173     6902     1510     6504     4774     3813     2827     2699     3103     3479     3994     2378     5819     6355     2300     2023     1262     4833     3209     4547     2888     7322     7735     3878     1724     6461     5475     4012     5710     3514     1754     737      2197     3368     1369     83       201      2188     4695     1799     2940     2555     1334     4566     1656     4506     6486     2249     5900     1161     6117     2755     4899     5960     5348     5085     1215     658      
6        6224     3918     3921     3964     7121     7095     0        7790     1425     4770     6936     3493     3249     8760     6435     4631     2273     6142     5874     7294     4736     6148     5320     7171     1650     7693     5676     2445     6668     5380     4456     4648     4369     3119     5044     1962     800      4828     7745     6158     6277     7987     2650     4340     4858     6414     9355     6833     870      1933     4159     1646     7581     6832     7695     8788     3754     8010     7112     7180     5944     5362     6133     5872     4675     5839     3191     8288     9061     4571     7065     1802     8046     1565     6380     6444     5354     1749     7776     8223     7646     
7        9731     3902     4252     4877     5781     1911     7790     0        6463     5404     6058     4500     4758     5112     1691     8444     5754     7780     1937     7323     3093     9880     2772     6084     7188     414      8258     5346     5713     2543     3434     3192     4980     4735     2757     6155     6997     3506     3839     3015     6693     5061     5141     3484     8934     9506     5512     3635     7320     6492     3938     6216     5413     961      2301     3575     4125     855      1828     2074     1874     6461     3627     4769     3868     2262     5852     3155     6295     8100     931      6959     2601     7136     1795     6771     7697     6128     6997     2429     1480     
8        5836     2685     2495     2588     5872     5678     1425     6463     0        3512     5726     2075     1827     7399     5214     4155     853      5279     4581     6243     3483     5818     4157     5954     2030     6339     4981     1217     5427     4155     3071     3407     3031     1736     3705     1481     797      3403     6341     4732     5194     6645     1372     2982     4502     5929     8000     5427     871      831      3097     936      6279     5513     6271     7367     2365     6631     5697     5759     4654     4286     4723     4540     3251     4440     1961     6865     7776     3993     5791     1086     6620     1044     5172     5364     4557     336      6642     6798     6239     
9        4340     3626     2040     1189     2361     3755     4770     5404     3512     0        2223     2375     2381     4083     5080     3082     2763     2600     4243     2948     3849     4479     4634     2446     5460     5083     2895     3469     1914     4351     2800     3870     686      2800     3439     4579     4306     2122     3347     2493     1917     3274     3317     3019     3567     4149     4658     2563     3921     2837     4397     4148     2817     4721     4001     4559     2681     5097     3819     3710     4310     1216     2040     1211     1741     3214     1580     4185     4291     2731     5221     3045     4187     3303     5112     2075     2323     3310     3197     4453     4412     
10       4449     5554     4034     3333     390      4151     6936     6058     5726     2223     0        4456     4518     2516     6329     3976     4986     2246     5554     1269     5550     4675     6230     239      7683     5661     3054     5654     392      5883     4551     5601     2813     4925     4988     6786     6516     3707     2615     3155     1079     1746     5485     4813     4351     4073     2954     2432     6071     5016     6301     6368     1089     5677     3986     3761     4669     5467     4233     4006     5603     1743     2525     1578     3434     4327     3773     3644     2239     3671     6212     5159     3942     5413     6393     1023     2700     5533     1078     4233     4699     
11       6152     1336     487      1188     4483     3603     3493     4500     2075     2375     4456     0        259      5626     3494     4562     1276     4845     2737     5318     1849     6220     2662     4650     3528     4332     4901     1323     4090     2506     1068     1820     1694     497      1800     2490     2768     1350     4433     2713     4292     4949     1111     1083     5024     6087     6232     3520     2879     1991     2090     2223     4718     3582     4207     5368     444      4588     3621     3686     2813     3528     2818     2983     1285     2378     1633     4848     6211     4272     3939     2461     4568     2636     3481     4450     4351     1745     5501     4735     4166     
12       6010     1473     685      1197     4566     3852     3249     4758     1827     2381     4518     259      0        5789     3727     4399     1018     4782     2981     5329     2056     6070     2859     4719     3353     4591     4794     1171     4161     2723     1324     2019     1718     419      2047     2340     2535     1582     4624     2933     4291     5094     977      1322     4854     5962     6395     3708     2622     1734     2199     2032     4835     3837     4447     5585     668      4847     3871     3931     3058     3495     3003     3086     1477     2636     1468     5070     6334     4119     4188     2206     4802     2378     3711     4453     4254     1500     5547     4974     4420     
13       6933     6307     5140     4810     2137     3393     8760     5112     7399     4083     2516     5626     5789     0        6039     6466     6563     4744     5469     3457     5968     7167     6402     2335     9143     4702     5569     6949     2505     6022     5221     6053     4391     6122     5310     8117     8190     4415     1404     3179     3595     827      6738     5487     6858     6537     605      2179     7942     6844     6924     7817     1441     5146     2819     1747     5647     4313     3466     3192     5486     4136     2836     2901     4351     4312     5608     1988     1229     6148     5629     7108     2520     7365     6132     3534     5210     7133     2769     2738     3636     
14       9365     2532     3413     4233     6138     2657     6435     1691     5214     5080     6329     3494     3727     6039     0        7900     4625     7649     837      7530     1733     9475     1156     6418     5643     1861     7964     4020     5946     1060     2489     1807     4504     3577     1734     4659     5635     2962     4647     3195     6717     5768     3843     2412     8382     9213     6535     4119     6086     5415     2367     4805     5950     969      3328     4783     3059     2373     2591     2859     769      6265     3810     4824     3349     2003     5061     4272     7108     7578     764      5894     3728     6030     109      6829     7391     4893     7370     3662     2629     
15       1684     5873     4509     3667     4337     6838     4631     8444     4155     3082     3976     4562     4399     6466     7900     0        3969     2035     7075     3556     6389     1694     7209     4188     6047     8142     1246     4947     3964     7010     5430     6372     3469     4734     6171     5632     4681     4999     6166     5575     2915     5656     4932     5563     489      1794     6930     5526     3874     3359     6579     5088     5025     7695     7053     7405     4999     8177     6902     6789     7148     2372     5096     4075     4615     6204     2932     7115     6141     352      8165     3090     7199     3224     7911     3018     1305     4212     4276     7477     7494     
16       5644     2168     1660     1757     5105     4859     2273     5754     853      2763     4986     1276     1018     6563     4625     3969     0        4785     3928     5603     2901     5663     3651     5208     2696     5600     4612     977      4667     3583     2323     2841     2226     1048     3013     1869     1628     2569     5490     3885     4547     5820     983      2279     4377     5672     7166     4574     1605     800      2742     1394     5478     4820     5435     6515     1629     5864     4882     4932     4003     3663     3871     3727     2401     3655     1315     6015     6980     3746     5142     1277     5778     1405     4596     4716     4130     569      5944     5962     5436     
17       2204     6159     4590     3686     2636     5959     6142     7780     5279     2600     2246     4845     4782     4744     7649     2035     4785     0        6817     1536     6443     2429     7234     2410     7304     7418     866      5689     2384     6950     5396     6460     3253     5191     6037     6640     5971     4710     4775     4765     1208     3992     5594     5607     2285     1847     5132     4365     5294     4453     6926     6129     3334     7205     5972     5971     5209     7327     6035     5857     6881     1388     4166     3020     4337     5717     3483     5794     4225     1839     7724     4379     6011     4591     7688     1225     817      5211     2283     6304     6579     
18       8529     1967     2609     3407     5383     2188     5874     1937     4581     4243     5554     2737     2981     5469     837      7075     3928     6817     0        6735     1156     8642     1021     5655     5259     1926     7127     3430     5167     681      1694     1254     3667     2883     939      4219     5077     2125     4064     2466     5900     5120     3232     1659     7558     8376     5998     3440     5448     4701     2047     4283     5244     979      2915     4384     2317     2361     2139     2381     76       5431     3057     4024     2512     1240     4262     3845     6477     6750     1214     5178     3336     5331     871      6017     6554     4251     6608     3332     2360     
19       3565     6525     4951     4136     1594     5418     7294     7323     6243     2948     1269     5318     5329     3457     7530     3556     5603     1536     6735     0        6622     3813     7344     1291     8262     6928     2397     6394     1613     7013     5590     6662     3623     5748     6102     7464     6998     4781     3836     4389     1056     2812     6254     5839     3821     3138     3755     3702     6426     5458     7290     6996     2186     6916     5249     4917     5597     6736     5500     5275     6788     1956     3756     2710     4464     5527     4302     4858     2753     3328     7451     5492     5188     5730     7588     887      2272     6106     767      5478     5968     
20       7942     818      1901     2803     5456     3000     4736     3093     3483     3849     5550     1849     2056     5968     1733     6389     2901     6443     1156     6622     0        8025     820      5694     4113     3064     6622     2300     5158     682      1049     106      3191     1857     660      3065     3937     1846     4589     2793     5683     5480     2115     844      6858     7843     6540     3809     4355     3696     1012     3132     5466     2134     3732     5153     1404     3467     2974     3165     1220     5065     3253     3972     2161     1717     3475     4601     6838     6088     2329     4176     4153     4303     1697     5821     6056     3161     6628     4211     3336     
21       257      7543     6129     5253     5066     8162     6148     9880     5818     4479     4675     6220     6070     7167     9475     1694     5663     2429     8642     3813     8025     0        8845     4836     7648     9550     1681     6641     4798     8627     7038     8014     4980     6415     7763     7298     6293     6530     7170     6916     3624     6421     6626     7190     1317     716      7534     6679     5457     5037     8259     6754     5763     9193     8270     8382     6650     9527     8233     8086     8713     3474     6370     5257     6141     7687     4602     8177     6566     1950     9683     4738     8352     4847     9494     3653     2203     5892     4578     8642     8806     
22       8761     1487     2719     3616     6105     3195     5320     2772     4157     4634     6230     2662     2859     6402     1156     7209     3651     7234     1021     7344     820      8845     0        6357     4486     2852     7433     2944     5837     380      1841     842      3988     2626     1243     3509     4522     2569     5000     3293     6433     5992     2788     1658     7678     8658     6949     4303     5026     4451     1211     3679     6049     1881     3927     5393     2218     3325     3150     3384     1041     5850     3826     4658     2915     2093     4292     4850     7356     6908     1886     4927     4350     5038     1083     6566     6865     3850     7303     4353     3380     
23       4605     5724     4220     3540     306      4173     7171     6084     5954     2446     239      4650     4719     2335     6418     4188     5208     2410     5655     1291     5694     4836     6357     0        7904     5683     3236     5862     559      6006     4707     5748     3022     5124     5119     6999     6745     3856     2546     3229     1277     1593     5690     4972     4555     4219     2750     2449     6307     5249     6465     6587     938      5739     3966     3654     4850     5468     4256     4020     5701     1979     2607     1730     3598     4421     4003     3571     2003     3889     6274     5396     3897     5650     6484     1202     2904     5757     953      4186     4700     
24       7699     3345     4014     4410     7796     6902     1650     7188     2030     5460     7683     3528     3353     9143     5643     6047     2696     7304     5259     8262     4113     7648     4486     7904     0        7177     6968     2207     7362     4652     4213     4010     4905     3042     4598     1083     1367     4836     7960     6204     7210     8438     2429     4014     6336     7841     9748     7048     2191     2851     3276     1332     8141     6238     7583     8850     3600     7572     6899     7027     5318     6308     6347     6383     4813     5572     3962     8315     9645     5930     6356     2981     7975     2824     5567     7380     6568     2161     8634     8101     7358     
25       9396     3851     4048     4620     5379     1510     7693     414      6339     5083     5661     4332     4591     4702     1861     8142     5600     7418     1926     6928     3064     9550     2852     5683     7177     0        7916     5258     5321     2579     3277     3167     4690     4603     2651     6125     6908     3257     3424     2655     6318     4646     5045     3358     8631     9161     5108     3234     7185     6317     3969     6150     5002     970      1888     3185     3980     520      1428     1666     1874     6114     3255     4401     3605     2015     5615     2752     5881     7795     1151     6778     2196     6965     1969     6391     7359     6003     6592     2035     1067     
26       1494     6237     4725     3819     3440     6504     5676     8258     4981     2895     3054     4901     4794     5569     7964     1246     4612     866      7127     2397     6622     1681     7433     3236     6968     7916     0        5566     3141     7181     5596     6624     3468     5180     6288     6412     5608     5002     5496     5268     1981     4796     5504     5778     1430     1254     5976     4998     4863     4152     6988     5880     4142     7611     6593     6714     5303     7872     6576     6421     7196     1808     4707     3583     4615     6106     3379     6499     5089     1142     8115     3991     6671     4173     7992     2034     573      4967     3149     6960     7143     
27       6622     1487     1811     2321     5720     4774     2445     5346     1217     3469     5654     1323     1171     6949     4020     4947     977      5689     3430     6394     2300     6641     2944     5862     2207     5258     5566     0        5306     2960     2079     2217     2840     834      2607     1170     1651     2633     5752     4003     5342     6263     228      1925     5353     6644     7554     4841     2082     1688     1887     936      6005     4387     5427     6655     1415     5592     4780     4883     3500     4494     4141     4253     2608     3469     2209     6125     7505     4722     4627     2123     5808     2174     3973     5508     5068     931      6663     5952     5280     
28       4583     5170     3661     2985     456      3813     6668     5713     5427     1914     392      4090     4161     2505     5946     3964     4667     2384     5167     1613     5158     4798     5837     559      7362     5321     3141     5306     0        5491     4162     5210     2469     4565     4596     6447     6220     3316     2395     2782     1176     1692     5132     4425     4367     4231     2999     2109     5809     4739     5914     6040     1071     5308     3691     3587     4291     5145     3895     3676     5216     1636     2150     1187     3047     3943     3486     3420     2421     3642     5842     4908     3677     5164     6008     1176     2729     5221     1469     3970     4379     
29       8534     1472     2501     3377     5749     2827     5380     2543     4155     4351     5883     2506     2723     6022     1060     7010     3583     6950     681      7013     682      8627     380      6006     4652     2579     7181     2960     5491     0        1590     748      3720     2539     918      3638     4580     2256     4620     2918     6119     5615     2783     1448     7484     8415     6569     3926     5027     4378     1396     3756     5680     1612     3561     5023     2062     3031     2784     3013     716      5563     3459     4317     2616     1713     4116     4479     6978     6701     1709     4858     3984     4985     1018     6248     6611     3835     6954     3995     3037     
30       6943     1087     925      1787     4485     2699     4456     3434     3071     2800     4551     1068     1324     5221     2489     5430     2323     5396     1694     5590     1049     7038     1841     4707     4213     3277     5596     2079     4162     1590     0        1076     2147     1338     757      3131     3690     860      3903     2078     4638     4650     1853     272      5908     6826     5814     3042     3909     3059     1771     3013     4560     2514     3369     4666     706      3560     2702     2815     1771     4016     2405     2977     1126     1391     2572     4122     5988     5116     2882     3530     3763     3702     2490     4779     5027     2735     5628     3889     3204     
31       7934     730      1900     2806     5514     3103     4648     3192     3407     3870     5601     1820     2019     6053     1807     6372     2841     6460     1254     6662     106      8014     842      5748     4010     3167     6624     2217     5210     748      1076     0        3206     1802     752      2964     3849     1894     4678     2876     5715     5557     2036     852      6839     7841     6627     3890     4279     3638     911      3039     5534     2234     3834     5253     1377     3572     3078     3267     1318     5085     3325     4023     2198     1815     3451     4700     6914     6073     2418     4117     4255     4240     1767     5855     6060     3087     6679     4315     3442     
32       4863     2941     1355     522      2894     3479     4369     4980     3031     686      2813     1694     1718     4391     4504     3469     2226     3253     3667     3623     3191     4980     3988     3022     4905     4690     3468     2840     2469     3720     2147     3206     0        2134     2820     3977     3828     1550     3461     2246     2601     3620     2675     2353     3958     4711     4986     2589     3553     2455     3712     3578     3252     4230     3841     4610     1995     4766     3533     3469     3737     1884     1948     1509     1161     2735     1250     4177     4753     3129     4709     2751     4087     3004     4528     2757     2895     2792     3830     4330     4134     
33       6365     1168     982      1614     4964     3994     3119     4735     1736     2800     4925     497      419      6122     3577     4734     1048     5191     2883     5748     1857     6415     2626     5124     3042     4603     5180     834      4565     2539     1338     1802     2134     0        1981     1995     2362     1804     4918     3174     4711     5447     616      1250     5178     6332     6727     4007     2585     1839     1844     1752     5212     3791     4627     5828     634      4897     4006     4092     2958     3912     3308     3472     1775     2720     1821     5302     6706     4466     4098     2319     4999     2454     3549     4872     4647     1400     5960     5153     4529     
34       7661     1256     1679     2510     4871     2378     5044     2757     3705     3439     4988     1800     2047     5310     1734     6171     3013     6037     939      6102     660      7763     1243     5119     4598     2651     6288     2607     4596     918      757      752      2820     1981     0        3524     4256     1337     3929     2139     5200     4834     2394     733      6652     7528     5880     3157     4564     3775     1658     3507     4844     1810     3102     4507     1389     2995     2359     2534     1016     4649     2623     3415     1700     1067     3329     3954     6195     5853     2140     4251     3520     4411     1740     5330     5716     3371     6062     3594     2768     
35       7314     2278     2977     3465     6869     5819     1962     6155     1481     4579     6786     2490     2340     8117     4659     5632     1869     6640     4219     7464     3065     7298     3509     6999     1083     6125     6412     1170     6447     3638     3131     2964     3977     1995     3524     0        1256     3771     6907     5135     6408     7433     1379     2930     5983     7397     8723     5999     2059     2279     2303     544      7170     5198     6500     7775     2527     6509     5816     5943     4281     5530     5303     5415     3771     4490     3184     7238     8671     5459     5348     2566     6893     2494     4591     6576     5958     1444     7776     7018     6278     
36       6338     3119     3218     3379     6667     6355     800      6997     797      4306     6516     2768     2535     8190     5635     4681     1628     5971     5077     6998     3937     6293     4522     6745     1367     6908     5608     1651     6220     4580     3690     3849     3828     2362     4256     1256     0        4116     7113     5467     5955     7439     1862     3562     4978     6474     8791     6196     860      1540     3368     860      7076     6038     6974     8114     2994     7234     6368     6448     5147     5043     5491     5336     3996     5080     2744     7604     8573     4563     6266     1617     7336     1457     5581     6125     5221     1063     7418     7502     6891     
37       6412     1931     909      1372     3629     2300     4828     3506     3403     2122     3707     1350     1582     4415     2962     4999     2569     4710     2125     4781     1846     6530     2569     3856     4836     3257     5002     2633     3316     2256     860      1894     1550     1804     1337     3771     4116     0        3144     1370     3864     3812     2408     1131     5487     6251     5014     2250     4166     3176     2631     3557     3702     2700     2867     4024     1248     3420     2329     2363     2193     3322     1580     2129     389      1245     2358     3499     5139     4665     3166     3608     3220     3820     2991     3996     4428     3080     4785     3394     2904     
38       6962     4978     3949     3791     2249     2023     7745     3839     6341     3347     2615     4433     4624     1404     4647     6166     5490     4775     4064     3836     4589     7170     5000     2546     7960     3424     5496     5752     2395     4620     3903     4678     3461     4918     3929     6907     7113     3144     0        1827     3567     1228     5532     4161     6610     6622     1953     917      6973     5884     5563     6654     1689     3774     1552     1240     4392     3099     2100     1827     4082     3802     1623     2154     3149     2914     4711     1029     2483     5822     4272     6209     1380     6459     4738     3571     5033     6050     3334     1660     2364     
39       6754     3150     2249     2372     2945     1262     6158     3015     4732     2493     3155     2713     2933     3179     3195     5575     3885     4765     2466     4389     2793     6916     3293     3229     6204     2655     5268     4003     2782     2918     2078     2876     2246     3174     2139     5135     5467     1370     1827     0        3687     2702     3778     2334     6060     6509     3760     1017     5452     4411     3746     4927     2779     2526     1611     2655     2607     2613     1326     1227     2504     3462     633      1756     1484     1227     3395     2136     4065     5224     3061     4803     1908     5035     3266     3773     4717     4418     4179     2121     1919     
40       3407     5529     3946     3105     1460     4833     6277     6693     5194     1917     1079     4292     4291     3595     6717     2915     4547     1208     5900     1056     5683     3624     6433     1277     7210     6318     1981     5342     1176     6119     4638     5715     2601     4711     5200     6408     5955     3864     3567     3687     0        2815     5206     4877     3277     3055     4027     3191     5406     4417     6298     5940     2162     6186     4796     4763     4591     6193     4911     4717     5958     915      3066     1932     3522     4734     3248     4588     3234     2624     6715     4474     4817     4717     6766     169      1626     5052     1521     5110     5435     
41       6194     5736     4467     4062     1357     3209     7987     5061     6645     3274     1746     4949     5094     827      5768     5656     5820     3992     5120     2812     5480     6421     5992     1593     8438     4646     4796     6263     1692     5615     4650     5557     3620     5447     4834     7433     7439     3812     1228     2702     2815     0        6058     4921     6057     5811     1383     1689     7159     6062     6396     7107     657      4940     2780     2119     5011     4328     3290     3021     5147     3315     2246     2114     3698     3906     4817     2150     1363     5334     5452     6311     2588     6568     5854     2769     4414     6389     2207     2855     3590     
42       6598     1313     1597     2153     5541     4547     2650     5141     1372     3317     5485     1111     977      6738     3843     4932     983      5594     3232     6254     2115     6626     2788     5690     2429     5045     5504     228      5132     2783     1853     2036     2675     616      2394     1379     1862     2408     5532     3778     5206     6058     0        1704     5350     6605     7343     4623     2243     1747     1783     1164     5811     4183     5199     6429     1187     5374     4553     4655     3304     4372     3924     4063     2391     3244     2129     5898     7309     4695     4435     2202     5580     2277     3800     5370     4995     1061     6504     5724     5055     
43       7102     820      1061     1959     4752     2888     4340     3484     2982     3019     4813     1083     1322     5487     2412     5563     2279     5607     1659     5839     844      7190     1658     4972     4014     3358     5778     1925     4425     1448     272      852      2353     1250     733      2930     3562     1131     4161     2334     4877     4921     1704     0        6036     7000     6078     3307     3836     3043     1500     2848     4832     2542     3575     4899     658      3671     2886     3015     1735     4233     2676     3241     1382     1560     2669     4352     6259     5257     2869     3520     3976     3677     2402     5020     5212     2647     5890     4091     3363     
44       1367     6326     4986     4151     4722     7322     4858     8934     4502     3567     4351     5024     4854     6858     8382     489      4377     2285     7558     3821     6858     1317     7678     4555     6336     8631     1430     5353     4367     7484     5908     6839     3958     5178     6652     5983     4978     5487     6610     6060     3277     6057     5350     6036     0        1586     7304     5991     4147     3728     7022     5438     5417     8184     7528     7849     5463     8663     7386     7271     7632     2808     5574     4539     5103     6693     3391     7570     6473     836      8653     3421     7667     3530     8392     3364     1651     4583     4564     7946     7978     
45       459      7422     5941     5042     4464     7735     6414     9506     5929     4149     4073     6087     5962     6537     9213     1794     5672     1847     8376     3138     7843     716      8658     4219     7841     9161     1254     6644     4231     8415     6826     7841     4711     6332     7528     7397     6474     6251     6622     6509     3055     5811     6605     7000     1586     0        6881     6189     5668     5118     8161     6855     5154     8865     7793     7816     6501     9105     7809     7646     8445     3046     5936     4801     5864     7360     4512     7640     5888     1938     9369     4875     7848     5017     9239     3063     1825     5964     3899     8139     8369     
46       7293     6898     5745     5411     2595     3878     9355     5512     8000     4658     2954     6232     6395     605      6535     6930     7166     5132     5998     3755     6540     7534     6949     2750     9748     5108     5976     7554     2999     6569     5814     6627     4986     6727     5880     8723     8791     5014     1953     3760     4027     1383     7343     6078     7304     6881     0        2771     8534     7436     7506     8422     1928     5621     3253     1996     6249     4687     3946     3676     6012     4635     3437     3489     4956     4867     6195     2356     1159     6621     6086     7692     2912     7949     6632     3948     5653     7735     3020     3093     4055     
47       6490     4127     3034     2889     2145     1724     6833     3635     5427     2563     2432     3520     3708     2179     4119     5526     4574     4365     3440     3702     3809     6679     4303     2449     7048     3234     4998     4841     2109     3926     3042     3890     2589     4007     3157     5999     6196     2250     917      1017     3191     1689     4623     3307     5991     6189     2771     0        6068     4985     4750     5739     1837     3348     1607     2023     3495     3036     1806     1574     3471     3220     706      1451     2235     2219     3834     1622     3052     5176     3876     5322     1680     5570     4199     3237     4489     5133     3365     1965     2269     
48       5512     3557     3259     3181     6264     6461     870      7320     871      3921     6071     2879     2622     7942     6086     3874     1605     5294     5448     6426     4355     5457     5026     6307     2191     7185     4863     2082     5809     5027     3909     4279     3553     2585     4564     2059     860      4166     6973     5452     5406     7159     2243     3836     4147     5668     8534     6068     0        1098     3946     1572     6737     6374     7024     8051     3204     7462     6485     6530     5522     4491     5376     5045     3970     5257     2346     7566     8210     3782     6660     933      7357     703      6044     5574     4516     1197     6905     7550     7041     
49       5043     2968     2292     2095     5192     5475     1933     6492     831      2837     5016     1991     1734     6844     5415     3359     800      4453     4701     5458     3696     5037     4451     5249     2851     6317     4152     1688     4739     4378     3059     3638     2455     1839     3775     2279     1540     3176     5884     4411     4417     6062     1747     3043     3728     5118     7436     4985     1098     0        3527     1738     5648     5571     6003     6979     2385     6552     5505     5528     4776     3503     4298     3948     2941     4336     1257     6504     7128     3179     5912     479      6319     648      5388     4587     3726     855      5890     6524     6078     
