

sets
i        orders          /0*80/
k        routes          /1*80/
p        positions       /0*80/
;

alias(i,j)
alias(i,h)
alias(i,hh)
alias(i,jj)
alias(k,kk)
                            Parameters

rho(i)	Processing time
/
0	0
1	50
2	68
3	68
4	67
5	93
6	93
7	3
8	40
9	47
10	12
11	43
12	55
13	14
14	37
15	67
16	99
17	22
18	68
19	99
20	12
21	80
22	42
23	68
24	91
25	85
26	12
27	86
28	73
29	60
30	72
31	27
32	76
33	72
34	35
35	20
36	87
37	75
38	32
39	54
40	60
41	11
42	72
43	19
44	78
45	6
46	2
47	1
48	57
49	31
50	65
51	69
52	61
53	89
54	59
55	84
56	53
57	28
58	89
59	97
60	36
61	36
62	99
63	74
64	7
65	44
66	9
67	5
68	34
69	93
70	4
71	28
72	46
73	63
74	25
75	88
76	57
77	6
78	42
79	49
80	95
/

gamma(i)	Duedate
/
0	0
1	57
2	11
3	25
4	1
5	77
6	95
7	73
8	29
9	88
10	15
11	84
12	80
13	16
14	91
15	26
16	33
17	77
18	89
19	88
20	68
21	16
22	4
23	59
24	82
25	13
26	19
27	19
28	28
29	39
30	56
31	30
32	40
33	25
34	59
35	87
36	34
37	13
38	15
39	29
40	47
41	4
42	39
43	94
44	18
45	79
46	7
47	17
48	7
49	40
50	43
51	25
52	64
53	86
54	34
55	10
56	11
57	41
58	37
59	59
60	43
61	42
62	68
63	66
64	66
65	95
66	39
67	8
68	23
69	21
70	96
71	46
72	4
73	82
74	32
75	56
76	2
77	53
78	28
79	60
80	11
/

sigma(i)	Size
/
0	0
1	3
2	7
3	9
4	1
5	8
6	1
7	2
8	5
9	3
10	6
11	1
12	5
13	4
14	5
15	4
16	6
17	5
18	9
19	4
20	6
21	5
22	5
23	6
24	4
25	3
26	3
27	5
28	7
29	8
30	4
31	2
32	7
33	4
34	1
35	2
36	3
37	7
38	6
39	9
40	1
41	8
42	3
43	4
44	8
45	8
46	7
47	1
48	7
49	8
50	2
51	2
52	8
53	7
54	2
55	2
56	7
57	2
58	5
59	6
60	5
61	6
62	3
63	6
64	7
65	3
66	9
67	2
68	1
69	6
70	1
71	9
72	4
73	4
74	7
75	4
76	8
77	9
78	2
79	7
80	2
/

epsilon(i)	Priority
/
0	0
1	9
2	1
3	9
4	5
5	8
6	2
7	7
8	4
9	3
10	6
11	8
12	5
13	1
14	6
15	1
16	1
17	3
18	2
19	6
20	6
21	2
22	9
23	2
24	5
25	1
26	7
27	6
28	2
29	6
30	4
31	8
32	6
33	8
34	1
35	5
36	7
37	6
38	7
39	2
40	1
41	5
42	6
43	2
44	9
45	7
46	5
47	1
48	5
49	2
50	4
51	1
52	9
53	8
54	9
55	5
56	3
57	3
58	4
59	7
60	6
61	1
62	6
63	9
64	6
65	3
66	2
67	9
68	8
69	6
70	7
71	9
72	3
73	1
74	2
75	7
76	7
77	8
78	5
79	4
80	6
/

psi	Vehicle Capacity
/ 110 /
;

Table kappa(i,j)                 Setup
         0        1        2        3        4        5        6        7        8        9        10       11       12       13       14       15       16       17       18       19       20       21       22       23       24       25       26       27       28       29       30       31       32       33       34       35       36       37       38       39       40       41       42       43       44       45       46       47       48       49       50       51       52       53       54       55       56       57       58       59       60       61       62       63       64       65       66       67       68       69       70       71       72       73       74       75       76       77       78       79       80       
0        0        2562     2276     2004     3106     3364     455      2408     1815     2680     2552     3084     638      1074     2153     3214     3619     1544     3821     616      2038     3497     678      2101     3007     2872     2246     736      1244     2920     3591     3041     3637     594      2637     967      3627     2363     2052     266      1526     320      2707     960      1044     3635     1984     2435     2181     3500     3527     3431     817      3481     703      3521     1031     1677     511      1683     3332     3614     3603     2666     3518     3923     2639     3719     1034     3218     2414     1636     2609     2738     3943     2041     1142     4043     4194     735      3668     
1        2562     0        2672     2157     2347     1255     2632     2133     1940     963      2368     523      2566     2395     442      659      1133     1612     1265     2843     807      1597     3091     1421     1291     1538     2565     2552     2269     424      1843     3115     1862     2027     631      1594     1489     439      1448     2828     2482     2582     1749     1713     1554     1711     1679     627      380      1068     1065     949      1842     1330     2041     1725     1789     1057     2088     2072     1555     1628     1452     3240     1125     1589     1909     1158     2179     746      791      2676     1740     1222     1743     529      1800     1537     2014     2210     1188     
2        2276     2672     0        522      1206     3917     1883     665      3474     1961     559      3042     1674     1204     2571     3194     3133     1218     3680     2892     2842     4230     2912     3366     3834     1628     108      1573     3210     2731     2261     764      2311     2348     2212     2074     4160     2237     3346     2413     756      1986     1279     2456     2310     2450     3444     3058     2466     3704     3683     3561     1771     2596     1704     2267     1527     1777     1964     740      2159     4282     4123     574      2908     3090     1069     3558     1269     3385     1940     706      3908     3655     2930     2306     1392     3488     3083     2726     3778     
3        2004     2157     522      0        1143     3398     1675     432      3007     1505     548      2545     1474     997      2048     2698     2691     719      3206     2606     2324     3708     2673     2863     3311     1276     422      1381     2799     2239     1982     1161     2032     1963     1727     1629     3643     1725     2846     2185     656      1752     959      2019     1857     2134     2956     2535     1944     3199     3181     3060     1371     2209     1353     1963     1111     1258     1612     321      1824     3761     3606     1097     2479     2710     789      3083     970      2878     1446     752      3401     3134     2586     1783     970      3067     2769     2345     3281     
4        3106     2347     1206     1143     0        3564     2809     712      3778     1400     662      2529     2612     2139     2456     2659     2355     1618     2999     3687     2845     3928     3783     3481     3637     838      1141     2521     3722     2214     1181     1025     1225     2961     1734     2541     3762     1940     3480     3306     1781     2877     609      2921     2731     1416     3647     2906     2316     3198     3155     3040     2384     1702     2419     1228     2123     1896     2665     1442     1195     3939     3723     1497     2106     2139     522      2883     2091     2914     1568     1827     3953     3535     1913     2212     1991     2623     2006     3333     3212     
5        3364     1255     3917     3398     3564     0        3565     3389     2011     2164     3623     1071     3553     3492     1394     982      1626     2798     1137     3443     1335     384      3727     1434     498      2731     3812     3565     2603     1363     2844     4369     2847     2771     1832     2477     267      1694     1489     3609     3657     3481     2981     2406     2330     2644     1695     959      1470     564      641      687      2816     2201     3022     2725     2849     2210     2981     3283     2600     376      240      4488     1805     2186     3153     1146     3270     695      2040     3857     1290     739      2455     1641     2899     1808     2682     2793     730      
6        455      2632     1883     1675     2809     3565     0        2099     2195     2583     2215     3152     208      688      2262     3292     3618     1353     3896     1046     2230     3738     1030     2406     3253     2685     1865     310      1671     2948     3421     2643     3469     896      2597     1089     3832     2365     2361     531      1127     137      2476     1230     1248     3496     2327     2611     2261     3634     3652     3548     790      3395     596      3363     901      1642     584      1367     3182     3845     3805     2236     3488     3863     2377     3786     724      3335     2345     1213     2939     2993     3847     2103     965      4042     4085     1146     3789     
7        2408     2133     665      432      712      3389     2099     0        3252     1330     240      2450     1900     1427     2114     2598     2483     984      3053     2999     2447     3724     3082     3037     3366     963      565      1809     3114     2132     1615     990      1665     2310     1610     1928     3619     1695     3028     2600     1081     2169     614      2317     2139     1792     3164     2597     1991     3123     3095     2974     1721     1932     1734     1612     1457     1403     1987     731      1496     3762     3581     1161     2253     2425     409      2931     1384     2811     1359     1152     3552     3218     2268     1850     1320     2829     2427     2689     3180     
8        1815     1940     3474     3007     3778     2011     2195     3252     0        2676     3476     2324     2293     2504     1547     2383     3030     2293     2898     1621     1133     1983     1910     596      1533     3157     3397     2357     667      2359     3679     4168     3709     1308     2426     1406     2231     2086     546      1983     2876     2067     3198     1050     1167     3596     317      1405     1680     2388     2447     2400     1753     3254     1896     3570     1962     1882     1697     2735     3380     2125     2221     4005     3060     3525     3257     2839     2324     2228     2388     3058     876      1272     3682     1688     2090     3393     3953     1084     2587     
9        2680     963      1961     1505     1400     2164     2583     1330     2676     0        1540     1146     2448     2115     1173     1286     1186     1263     1723     3128     1598     2528     3318     2256     2254     575      1853     2397     2822     826      1012     2255     1047     2289     335      1801     2366     611      2270     2937     2023     2583     825      2089     1891     982      2474     1562     1028     1822     1786     1667     1864     812      2012     911      1685     1020     2169     1557     716      2540     2327     2490     984      1291     1016     1601     1941     1525     299      2187     2659     2179     1266     989      1620     1573     1513     2588     1861     
10       2552     2368     559      548      662      3623     2215     240      3476     1540     0        2672     2011     1530     2354     2818     2671     1193     3257     3154     2686     3961     3220     3273     3605     1121     482      1916     3316     2352     1711     751      1760     2497     1832     2133     3850     1930     3262     2730     1139     2297     770      2524     2351     1910     3395     2837     2230     3346     3316     3196     1905     2091     1898     1724     1642     1639     2156     870      1630     3996     3812     975      2435     2575     554      3136     1518     3037     1588     1169     3790     3458     2397     2090     1502     3002     2538     2878     3398     
11       3084     523      3042     2545     2529     1071     3152     2450     2324     1146     2672     0        3080     2887     945      153      714      2074     744      3352     1234     1454     3605     1755     1308     1691     2934     3062     2728     320      1778     3399     1783     2545     840      2117     1240     851      1794     3350     2937     3104     1971     2222     2071     1588     2034     920      902      676      644      523      2361     1151     2559     1658     2297     1551     2610     2505     1528     1437     1201     3596     805      1251     2162     635      2674     387      1102     3126     1945     1349     1472     1050     2299     1071     1728     2711     735      
12       638      2566     1674     1474     2612     3553     208      1900     2293     2448     2011     3080     0        481      2218     3224     3515     1198     3824     1244     2225     3746     1238     2457     3265     2518     1656     102      1807     2861     3257     2434     3306     984      2485     1083     3821     2272     2415     739      918      322      2296     1287     1272     3341     2401     2595     2203     3590     3604     3496     740      3260     533      3203     791      1546     614      1170     3026     3847     3792     2034     3374     3735     2190     3711     541      3284     2223     1007     3001     3013     3706     2039     829      3937     3940     1279     3738     
13       1074     2395     1204     997      2139     3492     688      1427     2504     2115     1530     2887     481      0        2108     3037     3242     856      3620     1690     2208     3727     1711     2559     3265     2109     1179     385      2113     2635     2849     1968     2898     1242     2205     1142     3757     2044     2525     1214     452      783      1859     1455     1373     2953     2556     2539     2063     3453     3457     3343     766      2916     608      2804     647      1338     835      705      2636     3814     3725     1608     3078     3405     1736     3502     221      3136     1926     584      3116     3032     3348     1889     598      3656     3568     1596     3583     
14       2153     442      2571     2048     2456     1394     2262     2114     1547     1173     2354     945      2218     2108     0        1065     1574     1409     1670     2407     428      1670     2659     1085     1263     1712     2469     2216     1833     860      2148     3104     2174     1601     889      1193     1655     562      1100     2417     2263     2200     1847     1276     1127     2052     1314     487      145      1373     1390     1286     1479     1709     1685     2035     1472     819      1698     1902     1850     1737     1622     3145     1553     2014     1970     1572     1886     1073     913      2463     1502     1104     2145     266      1511     1979     2417     1769     1527     
15       3214     659      3194     2698     2659     982      3292     2598     2383     1286     2818     153      3224     3037     1065     0        701      2227     607      3466     1320     1366     3723     1803     1270     1821     3085     3208     2815     465      1864     3541     1866     2667     987      2248     1128     1004     1845     3479     3090     3241     2110     2338     2192     1662     2085     978      1035     539      500      381      2501     1219     2700     1745     2443     1700     2745     2658     1627     1337     1090     3746     837      1259     2303     506      2824     286      1254     3279     1950     1342     1502     1189     2447     1013     1747     2821     584      
16       3619     1133     3133     2691     2355     1626     3618     2483     3030     1186     2671     714      3515     3242     1574     701      0        2388     673      3954     1919     2003     4189     2468     1966     1564     3026     3480     3401     717      1347     3331     1334     3121     1037     2660     1711     1259     2506     3886     3197     3591     1905     2828     2658     1108     2745     1631     1491     1086     1015     942      2842     685      3023     1241     2724     1975     3121     2735     1186     1946     1676     3641     251      563      2119     576      3048     963      1317     3367     2649     2043     831      1597     2693     424      1058     3332     1000     
17       1544     1612     1218     719      1618     2798     1353     984      2293     1263     1193     2074     1198     856      1409     2227     2388     0        2793     2092     1634     3079     2220     2148     2655     1337     1128     1140     2129     1803     2069     1876     2117     1343     1353     943      3054     1222     2129     1776     869      1378     1164     1333     1158     2143     2236     1886     1328     2680     2675     2557     770      2070     841      2010     518      590      1066     499      1829     3146     3019     1782     2221     2554     1117     2673     678      2358     1071     1065     2690     2459     2511     1156     403      2801     2741     1717     2792     
18       3821     1265     3680     3206     2999     1137     3896     3053     2898     1723     3257     744      3824     3620     1670     607      673      2793     0        4063     1895     1476     4323     2305     1577     2183     3572     3805     3377     989      2020     3948     2007     3271     1480     2856     1144     1575     2352     4086     3645     3848     2508     2938     2797     1780     2588     1523     1642     578      503      507      3106     1358     3303     1914     3039     2290     3352     3199     1852     1390     1114     4214     919      1157     2716     122      3410     671      1766     3829     2344     1733     1455     1794     3037     691      1639     3414     412      
19       616      2843     2892     2606     3687     3443     1046     2999     1621     3128     3154     3352     1244     1690     2407     3466     3954     2092     4063     0        2187     3511     291      2058     3027     3387     2860     1345     959      3238     4085     3656     4128     844      3033     1329     3696     2726     2003     553      2142     921      3254     1130     1296     4104     1869     2584     2469     3672     3710     3628     1325     3904     1268     4005     1574     2108     1026     2284     3811     3642     3677     3278     3884     4315     3205     3972     1642     3421     2843     2249     2488     2752     4368     2357     1699     4371     4629     656      3855     
20       2038     807      2842     2324     2845     1335     2230     2447     1133     1598     2686     1234     2225     2208     428      1320     1919     1634     1895     2187     0        1525     2459     658      1057     2127     2746     2243     1495     1230     2576     3429     2602     1450     1317     1144     1602     989      672      2290     2437     2146     2239     1091     997      2476     888      400      571      1485     1522     1441     1494     2122     1699     2463     1561     1066     1646     2133     2279     1622     1575     3412     1931     2396     2345     1813     1988     1238     1330     2638     1111     832      2548     635      1634     2303     2819     1532     1667     
21       3497     1597     4230     3708     3928     384      3738     3724     1983     2528     3961     1454     3746     3727     1670     1366     2003     3079     1476     3511     1525     0        3800     1455     490      3100     4126     3767     2619     1740     3229     4710     3232     2903     2194     2662     354      2032     1510     3731     3924     3644     3339     2538     2490     3028     1680     1197     1764     924      999      1061     3019     2586     3223     3110     3080     2488     3154     3572     2982     146      374      4803     2187     2560     3506     1501     3506     1080     2388     4126     1164     763      2833     1930     3143     2161     3056     2876     1064     
22       678      3091     2912     2673     3783     3727     1030     3082     1910     3318     3220     3605     1238     1711     2659     3723     4189     2220     4323     291      2459     3800     0        2348     3315     3540     2891     1340     1245     3477     4253     3673     4297     1067     3245     1539     3981     2948     2293     498      2156     928      3384     1385     1536     4286     2160     2857     2713     3944     3981     3896     1474     4107     1380     4178     1704     2301     1165     2354     3987     3930     3962     3256     4109     4532     3318     4229     1702     3688     3041     2240     2778     3040     4571     2593     1818     4609     4828     935      4125     
23       2101     1421     3366     2863     3481     1434     2406     3037     596      2256     3273     1755     2457     2559     1085     1803     2468     2148     2305     2058     658      1455     2348     0        978      2782     3277     2500     1172     1825     3229     4001     3254     1522     1971     1418     1668     1647     55       2316     2865     2295     2879     1175     1195     3121     283      837      1229     1793     1851     1805     1795     2751     1978     3115     1943     1634     1842     2632     2933     1589     1654     3924     2518     2982     2972     2248     2353     1636     1987     3061     557      705      3159     1286     2047     2817     3428     1434     1991     
24       3007     1291     3834     3311     3637     498      3253     3366     1533     2254     3605     1308     3265     3265     1263     1270     1966     2655     1577     3027     1057     490      3315     978      0        2830     3732     3289     2149     1537     3062     4356     3072     2413     1920     2182     698      1701     1034     3240     3483     3157     3034     2048     2005     2888     1221     775      1376     1001     1075     1082     2544     2457     2746     2942     2618     2067     2669     3153     2793     614      690      4408     2105     2527     3183     1562     3045     1003     2071     3685     793      275      2772     1529     2689     2211     3017     2388     1189     
25       2872     1538     1628     1276     838      2731     2685     963      3157     575      1121     1691     2518     2109     1712     1821     1564     1337     2183     3387     2127     3100     3540     2782     2830     0        1527     2449     3220     1376     739      1768     789      2577     911      2104     2925     1162     2790     3111     1897     2715     351      2444     2244     860      2981     2128     1567     2360     2317     2202     2067     971      2171     698      1840     1345     2375     1443     548      3106     2886     2096     1322     1462     567      2064     1980     2076     798      2023     3212     2750     1313     1496     1738     1882     1494     2916     2377     
26       2246     2565     108      422      1141     3812     1865     565      3397     1853     482      2934     1656     1179     2469     3085     3026     1128     3572     2860     2746     4126     2891     3277     3732     1527     0        1555     3149     2622     2170     805      2220     2292     2103     2002     4054     2130     3258     2393     741      1963     1179     2387     2236     2355     3360     2957     2363     3596     3575     3453     1709     2494     1654     2173     1461     1680     1914     663      2061     4177     4017     677      2802     2988     972      3450     1226     3277     1831     721      3817     3556     2832     2204     1323     3383     2989     2671     3670     
27       736      2552     1573     1381     2521     3565     310      1809     2357     2397     1916     3062     102      385      2216     3208     3480     1140     3805     1345     2243     3767     1340     2500     3289     2449     1555     0        1887     2836     3188     2333     3237     1050     2446     1108     3832     2245     2459     841      816      423      2218     1337     1308     3278     2454     2606     2195     3586     3598     3488     749      3208     544      3137     765      1519     664      1082     2962     3865     3803     1932     3333     3687     2106     3691     469      3277     2180     905      3048     3040     3651     2027     787      3900     3881     1359     3730     
28       1244     2269     3210     2799     3722     2603     1671     3114     667      2822     3316     2728     1807     2113     1833     2815     3401     2129     3377     959      1495     2619     1245     1172     2149     3220     3149     1887     0        2692     3832     3948     3868     872      2633     1186     2840     2293     1116     1370     2532     1535     3187     800      991      3792     942      1854     1937     2915     2965     2901     1439     3506     1522     3733     1691     1876     1278     2495     3538     2756     2826     3696     3386     3844     3202     3302     1970     2709     2523     2693     1543     1878     3958     1885     1831     3794     4229     528      3109     
29       2920     424      2731     2239     2214     1363     2948     2132     2359     826      2352     320      2861     2635     860      465      717      1803     989      3238     1230     1740     3477     1825     1537     1376     2622     2836     2692     0        1524     3078     1536     2409     521      1955     1549     591      1856     3187     2656     2911     1651     2111     1943     1359     2091     1001     773      997      964      843      2162     946      2352     1404     2071     1316     2430     2214     1257     1736     1510     3281     701      1166     1841     870      2428     700      793      2841     2095     1530     1333     884      2058     1133     1602     2615     1048     
30       3591     1843     2261     1982     1181     2844     3421     1615     3679     1012     1711     1778     3257     2849     2148     1864     1347     2069     2020     4085     2576     3229     4253     3229     3062     739      2170     3188     3832     1524     0        2207     50       3259     1259     2775     2986     1593     3248     3836     2621     3447     1023     3086     2887     254      3462     2470     2007     2368     2307     2209     2779     667      2895     120      2563     1995     3088     2175     298      3201     2948     2652     1104     993      1207     1921     2719     2149     1310     2734     3583     3046     738      1992     2468     1515     830      3578     2323     
31       3041     3115     764      1161     1025     4369     2643     990      4168     2255     751      3399     2434     1968     3104     3541     3331     1876     3948     3656     3429     4710     3673     4001     4356     1768     805      2333     3948     3078     2207     0        2250     3095     2562     2788     4593     2678     3988     3174     1518     2749     1440     3176     3018     2440     4109     3588     2981     4075     4041     3922     2510     2704     2459     2252     2257     2372     2719     1453     2206     4743     4554     607      3086     3157     1238     3828     2029     3770     2330     1444     4527     4208     2938     2839     2118     3627     3029     3475     4116     
32       3637     1862     2311     2032     1225     2847     3469     1665     3709     1047     1760     1783     3306     2898     2174     1866     1334     2117     2007     4128     2602     3232     4297     3254     3072     789      2220     3237     3868     1536     50       2250     0        3301     1285     2817     2984     1622     3273     3882     2672     3494     1073     3126     2926     230      3489     2489     2034     2365     2303     2207     2824     659      2941     139      2609     2036     3133     2225     331      3202     2947     2699     1094     963      1258     1910     2768     2152     1345     2785     3602     3061     701      2023     2515     1490     784      3618     2315     
33       594      2027     2348     1963     2961     2771     896      2310     1308     2289     2497     2545     984      1242     1601     2667     3121     1343     3271     844      1450     2903     1067     1522     2413     2577     2292     1050     872      2409     3259     3095     3301     0        2189     487      3034     1884     1474     839      1659     777      2478     366      474      3268     1431     1849     1647     2924     2954     2862     592      3060     650      3175     855      1270     407      1649     2980     3020     3010     2824     3044     3472     2456     3173     1098     2651     2001     1821     2047     2145     3524     1525     995      3541     3785     381      3097     
34       2637     631      2212     1727     1734     1832     2597     1610     2426     335      1832     840      2485     2205     889      987      1037     1353     1480     3033     1317     2194     3245     1971     1920     911      2103     2446     2633     521      1259     2562     1285     2189     0        1707     2040     343      1989     2901     2179     2580     1150     1946     1756     1172     2203     1241     749      1514     1484     1363     1836     879      2007     1146     1698     963      2129     1725     962      2208     2001     2759     890      1287     1330     1358     2011     1207     288      2357     2347     1851     1340     752      1659     1454     1607     2455     1570     
35       967      1594     2074     1629     2541     2477     1089     1928     1406     1801     2133     2117     1083     1142     1193     2248     2660     943      2856     1329     1144     2662     1539     1418     2182     2104     2002     1108     1186     1955     2775     2788     2817     487      1707     0        2744     1411     1383     1233     1476     1014     2027     391      240      2781     1421     1522     1214     2556     2578     2478     377      2574     569      2690     555      783      509      1339     2495     2764     2716     2598     2572     2992     2025     2752     940      2265     1514     1665     1975     1932     3038     1074     684      3083     3299     812      2717     
36       3627     1489     4160     3643     3762     267      3832     3619     2231     2366     3850     1240     3821     3757     1655     1128     1711     3054     1144     3696     1602     354      3981     1668     698      2925     4054     3832     2840     1549     2986     4593     2984     3034     2040     2744     0        1928     1723     3872     3916     3748     3189     2669     2596     2773     1918     1226     1725     626      695      779      3083     2329     3290     2868     3114     2468     3248     3536     2755     246      39       4729     1913     2259     3368     1180     3535     853      2262     4115     1462     963      2542     1898     3163     1834     2753     3048     735      
37       2363     439      2237     1725     1940     1694     2365     1695     2086     611      1930     851      2272     2044     562      1004     1259     1222     1575     2726     989      2032     2948     1647     1701     1162     2130     2245     2293     591      1593     2678     1622     1884     343      1411     1928     0        1661     2628     2086     2334     1334     1622     1437     1514     1870     969      418      1478     1465     1345     1584     1213     1769     1483     1481     726      1862     1659     1295     2066     1890     2803     1160     1590     1483     1457     1837     1156     372      2276     2051     1596     1670     410      1466     1683     1939     2132     1575     
38       2052     1448     3346     2846     3480     1489     2361     3028     546      2270     3262     1794     2415     2525     1100     1845     2506     2129     2352     2003     672      1510     2293     55       1034     2790     3258     2459     1116     1856     3248     3988     3273     1474     1989     1383     1723     1661     0        2264     2836     2249     2880     1131     1157     3143     239      874      1243     1843     1901     1853     1760     2777     1941     3134     1912     1624     1800     2611     2951     1644     1710     3903     2551     3015     2969     2294     2320     1682     1997     3031     591      761      3189     1293     2019     2858     3458     1381     2041     
39       266      2828     2413     2185     3306     3609     531      2600     1983     2937     2730     3350     739      1214     2417     3479     3886     1776     4086     553      2290     3731     498      2316     3240     3111     2393     841      1370     3187     3836     3174     3882     839      2901     1233     3872     2628     2264     0        1657     433      2932     1203     1302     3886     2178     2688     2447     3758     3787     3692     1073     3741     940      3768     1272     1939     772      1869     3580     3851     3848     2762     3783     4186     2853     3984     1216     3479     2674     1742     2807     2969     4201     2308     1373     4310     4451     902      3928     
40       1526     2482     756      656      1781     3657     1127     1081     2876     2023     1139     2937     918      452      2263     3090     3197     869      3645     2142     2437     3924     2156     2865     3483     1897     741      816      2532     2656     2621     1518     2672     1659     2179     1476     3916     2086     2836     1657     0        1231     1602     1829     1716     2758     2895     2727     2191     3550     3544     3425     1124     2787     1010     2594     926      1448     1258     468      2443     3999     3882     1167     3007     3286     1443     3524     562      3227     1891     201      3422     3269     3190     2017     818      3595     3389     2026     3659     
41       320      2582     1986     1752     2877     3481     137      2169     2067     2583     2297     3104     322      783      2200     3241     3591     1378     3848     921      2146     3644     928      2295     3157     2715     1963     423      1535     2911     3447     2749     3494     777      2580     1014     3748     2334     2249     433      1231     0        2520     1122     1154     3511     2207     2533     2207     3569     3589     3487     749      3394     573      3385     898      1618     504      1438     3201     3754     3721     2356     3470     3854     2432     3740     786      3274     2335     1329     2824     2895     3849     2053     979      4016     4092     1012     3727     
42       2707     1749     1279     959      609      2981     2476     614      3198     825      770      1971     2296     1859     1847     2110     1905     1164     2508     3254     2239     3339     3384     2879     3034     351      1179     2218     3187     1651     1023     1440     1073     2478     1150     2027     3189     1334     2880     2932     1602     2520     0        2393     2197     1183     3053     2298     1707     2647     2610     2491     1929     1323     2004     1007     1682     1326     2229     1166     882      3357     3150     1745     1667     1812     216      2389     1755     2350     962      1711     3345     2927     1653     1605     1565     2232     1819     2836     2679     
43       960      1713     2456     2019     2921     2406     1230     2317     1050     2089     2524     2222     1287     1455     1276     2338     2828     1333     2938     1130     1091     2538     1385     1175     2048     2444     2387     1337     800      2111     3086     3176     3126     366      1946     391      2669     1622     1131     1203     1829     1122     2393     0        200      3070     1117     1491     1339     2571     2604     2515     705      2825     848      2994     929      1099     673      1725     2798     2654     2645     2970     2770     3211     2403     2844     1274     2306     1792     2009     1714     1781     3287     1237     1064     3243     3553     509      2747     
44       1044     1554     2310     1857     2731     2330     1248     2139     1167     1891     2351     2071     1272     1373     1127     2192     2658     1158     2797     1296     997      2490     1536     1195     2005     2244     2236     1308     991      1943     2887     3018     2926     474      1756     240      2596     1437     1157     1302     1716     1154     2197     200      0        2873     1184     1391     1176     2456     2484     2391     607      2634     783      2795     796      899      665      1573     2599     2599     2570     2838     2591     3027     2211     2699     1176     2179     1595     1904     1749     1746     3096     1061     923      3076     3362     700      2626     
45       3635     1711     2450     2134     1416     2644     3496     1792     3596     982      1910     1588     3341     2953     2052     1662     1108     2143     1780     4104     2476     3028     4286     3121     2888     860      2355     3278     3792     1359     254      2440     230      3268     1172     2781     2773     1514     3143     3886     2758     3511     1183     3070     2873     0        3364     2336     1916     2150     2087     1994     2818     443      2949     188      2617     1998     3127     2301     317      2994     2735     2866     871      740      1383     1684     2809     1948     1277     2883     3445     2890     497      1923     2533     1261     636      3571     2095     
46       1984     1679     3444     2956     3647     1695     2327     3164     317      2474     3395     2034     2401     2556     1314     2085     2745     2236     2588     1869     888      1680     2160     283      1221     2981     3360     2454     942      2091     3462     4109     3489     1431     2203     1421     1918     1870     239      2178     2895     2207     3053     1117     1184     3364     0        1113     1454     2073     2132     2088     1791     3005     1957     3350     1969     1766     1789     2704     3164     1819     1907     3991     2788     3252     3131     2532     2361     1920     2195     3085     628      957      3422     1489     2086     3098     3692     1278     2271     
47       2435     627      3058     2535     2906     959      2611     2597     1405     1562     2837     920      2595     2539     487      978      1631     1886     1523     2584     400      1197     2857     837      775      2128     2957     2606     1854     1001     2470     3588     2489     1849     1241     1522     1226     969      874      2688     2727     2533     2298     1491     1391     2336     1113     0        606      1087     1127     1052     1856     1942     2063     2352     1893     1296     2030     2382     2182     1276     1197     3632     1685     2147     2434     1451     2317     855      1341     2928     1112     629      2334     753      1950     1987     2600     1928     1272     
48       2181     380      2466     1944     2316     1470     2261     1991     1680     1028     2230     902      2203     2063     145      1035     1491     1328     1642     2469     571      1764     2713     1229     1376     1567     2363     2195     1937     773      2007     2981     2034     1647     749      1214     1725     418      1243     2447     2191     2207     1707     1339     1176     1916     1454     606      0        1393     1403     1293     1472     1584     1674     1895     1439     743      1710     1813     1709     1823     1691     3040     1451     1907     1834     1537     1843     1082     768      2391     1646     1232     2026     174      1465     1904     2298     1842     1534     
49       3500     1068     3704     3199     3198     564      3634     3123     2388     1822     3346     676      3590     3453     1373     539      1086     2680     578      3672     1485     924      3944     1793     1001     2360     3596     3586     2915     997      2368     4075     2365     2924     1514     2556     626      1478     1843     3758     3550     3569     2647     2571     2456     2150     2073     1087     1393     0        76       160      2852     1707     3058     2252     2833     2120     3065     3135     2147     860      590      4262     1287     1638     2838     581      3235     322      1768     3744     1778     1174     1917     1565     2856     1243     2134     3015     198      
