

sets
i        orders          /0*80/
k        routes          /1*80/
p        positions       /0*80/
;

alias(i,j)
alias(i,h)
alias(i,hh)
alias(i,jj)
alias(k,kk)
                            Parameters

rho(i)	Processing time
/
0	0
1	19
2	85
3	59
4	40
5	94
6	14
7	72
8	24
9	38
10	61
11	25
12	19
13	33
14	60
15	74
16	90
17	5
18	78
19	61
20	93
21	84
22	72
23	61
24	52
25	92
26	68
27	57
28	7
29	1
30	76
31	41
32	92
33	29
34	43
35	23
36	24
37	14
38	71
39	28
40	45
41	28
42	93
43	44
44	60
45	98
46	8
47	19
48	81
49	34
50	80
51	5
52	40
53	39
54	1
55	78
56	63
57	37
58	53
59	27
60	52
61	15
62	20
63	62
64	6
65	56
66	4
67	33
68	94
69	76
70	71
71	25
72	42
73	29
74	37
75	96
76	16
77	96
78	1
79	11
80	4
/

gamma(i)	Duedate
/
0	0
1	77
2	30
3	49
4	49
5	43
6	9
7	1
8	17
9	63
10	16
11	40
12	33
13	19
14	19
15	29
16	16
17	92
18	56
19	78
20	25
21	14
22	76
23	62
24	80
25	24
26	51
27	49
28	40
29	49
30	83
31	3
32	72
33	11
34	50
35	81
36	69
37	41
38	53
39	34
40	37
41	27
42	1
43	91
44	31
45	50
46	81
47	57
48	32
49	8
50	86
51	92
52	34
53	83
54	69
55	38
56	79
57	19
58	93
59	62
60	1
61	80
62	94
63	88
64	18
65	96
66	8
67	22
68	99
69	3
70	60
71	73
72	73
73	28
74	23
75	32
76	72
77	16
78	26
79	13
80	63
/

sigma(i)	Size
/
0	0
1	4
2	8
3	4
4	4
5	7
6	5
7	2
8	6
9	3
10	6
11	3
12	4
13	3
14	4
15	8
16	8
17	6
18	5
19	4
20	1
21	3
22	7
23	1
24	2
25	8
26	3
27	8
28	7
29	2
30	4
31	9
32	2
33	4
34	5
35	2
36	8
37	9
38	1
39	8
40	4
41	4
42	6
43	6
44	8
45	3
46	1
47	7
48	2
49	7
50	2
51	5
52	9
53	7
54	8
55	5
56	5
57	7
58	8
59	1
60	5
61	1
62	6
63	4
64	9
65	4
66	6
67	5
68	5
69	7
70	9
71	6
72	2
73	4
74	6
75	8
76	3
77	9
78	2
79	1
80	4
/

epsilon(i)	Priority
/
0	0
1	4
2	4
3	7
4	7
5	1
6	4
7	2
8	8
9	6
10	8
11	8
12	3
13	1
14	5
15	5
16	2
17	6
18	4
19	9
20	2
21	1
22	8
23	5
24	8
25	3
26	6
27	1
28	5
29	7
30	2
31	9
32	9
33	5
34	4
35	5
36	9
37	4
38	9
39	7
40	8
41	7
42	1
43	2
44	5
45	3
46	2
47	4
48	7
49	7
50	6
51	6
52	9
53	9
54	9
55	9
56	6
57	4
58	9
59	8
60	8
61	3
62	2
63	6
64	2
65	1
66	7
67	7
68	9
69	7
70	9
71	3
72	6
73	4
74	9
75	9
76	7
77	8
78	3
79	5
80	8
/

psi	Vehicle Capacity
/ 143 /
;

Table kappa(i,j)                 Setup
         0        1        2        3        4        5        6        7        8        9        10       11       12       13       14       15       16       17       18       19       20       21       22       23       24       25       26       27       28       29       30       31       32       33       34       35       36       37       38       39       40       41       42       43       44       45       46       47       48       49       50       51       52       53       54       55       56       57       58       59       60       61       62       63       64       65       66       67       68       69       70       71       72       73       74       75       76       77       78       79       80       
0        0        2188     3237     2671     1288     1671     2008     879      3056     2167     3388     2792     3536     2198     2405     2697     435      1577     1932     1651     3117     2228     2363     3261     813      2907     392      1750     2554     1741     3205     3119     1786     478      2455     1743     2165     181      958      481      1175     1691     485      1800     1493     2418     410      1788     1810     2359     2287     2515     1694     2536     1865     1547     1799     2112     3183     2781     190      2938     760      1065     1516     2223     2742     1408     2178     1380     182      1499     2994     1305     1811     2025     1880     883      3060     2380     1557     
1        2188     0        1469     806      906      2517     2549     3040     869      1494     2258     1532     1542     678      903      1455     1996     3360     604      1828     2376     3397     785      2315     1761     1238     1905     2786     1645     1310     2393     938      1180     1710     280      869      2501     2076     2533     1738     3244     2808     2192     3606     733      1734     2394     1829     2861     2022     1923     610      543      689      3406     1863     2503     1663     2327     964      2036     1870     1489     1630     1296     2493     2199     2647     3100     2887     2088     2033     1200     1083     3042     2745     3690     2841     1170     1324     3070     
2        3237     1469     0        668      2059     3951     2563     4114     1164     2946     3485     719      500      1059     831      2777     3196     4649     2074     3287     3728     3536     2153     3608     2534     2389     3075     3019     1104     2778     3723     1375     2649     2794     1429     1493     3969     3077     3833     2756     4399     3083     3037     4894     1834     3162     3286     3296     3077     3475     1644     867      1937     1941     4765     3312     2644     1538     3649     2105     3139     3181     2712     3002     1793     3963     3612     3053     3158     3370     3201     2333     272      1931     3312     4201     4979     4042     2143     1010     4421     
3        2671     806      668      0        1434     3284     2385     3550     801      2295     2936     851      865      483      396      2181     2584     4020     1410     2619     3127     3332     1531     3032     2040     1849     2470     2759     1105     2111     3132     1006     1983     2209     810      961      3303     2523     3197     2190     3811     2806     2535     4266     1209     2524     2773     2628     2826     2825     1554     199      1271     1349     4117     2644     2411     1354     3061     1557     2555     2594     2087     2345     1350     3297     2982     2721     2981     3014     2614     2015     397      1379     3044     3532     4351     3437     1657     840      3774     
4        1288     906      2059     1434     0        1995     2004     2153     1769     1522     2632     1788     2291     1001     1252     1822     1150     2591     825      1466     2558     2706     1279     2597     918      1847     1040     2095     1693     1127     2613     1843     1064     810      1180     662      2186     1170     1774     832      2387     2095     1300     2836     225      1814     1491     1536     2172     1960     1701     1259     483      1370     2715     1441     1893     1439     2564     1648     1147     2181     654      998      801      2206     2265     1886     2470     2078     1202     1409     1796     403      2313     2299     2921     2005     1912     1415     2370     
5        1671     2517     3951     3284     1995     0        3591     1787     3256     1395     2340     3778     4058     2940     3206     1997     1276     1255     1945     731      1883     3899     2126     2121     2271     2442     1393     3407     3683     1263     1992     3206     1398     1671     2667     2658     596      1793     832      1807     1637     3354     2142     1443     2194     1459     2069     801      3470     1169     3611     3087     2013     2393     1048     664      3403     3372     2005     2495     1541     1995     1465     999      2698     671      1507     3073     3837     3048     1508     3015     3678     2318     3482     355      1509     1297     2735     3411     809      
6        2008     2549     2563     2385     2004     3591     0        2588     3142     3518     4629     1854     3042     2010     1988     3810     2328     3531     2785     3312     4558     973      3207     4602     1325     3748     2201     543      1467     3101     4616     3316     3057     1924     2796     1679     3978     1844     2963     1785     2981     633      1530     3727     1986     3810     1718     3417     572      3917     927      2372     2424     3212     3862     3246     222      1043     4568     3498     2081     4182     2192     2705     1270     4019     4249     788      599      1090     2128     606      2458     1612     813      3944     3798     2833     3719     1586     3563     
7        879      3040     4114     3550     2153     1787     2588     0        3909     2745     3923     3646     4415     3078     3283     3335     1074     1028     2716     2100     3559     2486     3115     3752     1629     3624     1141     2185     3383     2369     3660     3959     2449     1347     3298     2621     2376     1037     965      1361     397      2102     1159     1176     2365     2948     914      2238     2223     2789     3057     3393     2524     3317     1446     1981     2366     2916     3654     3539     1006     3501     1560     1664     2368     2449     3171     1842     2572     1654     952      2199     3873     2184     2128     2088     1237     494      3818     3234     1259     
8        3056     869      1164     801      1769     3256     3142     3909     0        2022     2349     1626     948      1137     1175     1708     2861     4195     1323     2533     2645     4063     1185     2494     2576     1263     2773     3471     1906     1996     2626     215      1860     2577     622      1555     3129     2938     3372     2599     4108     3507     3034     4439     1579     2179     3246     2499     3541     2530     2348     770      1397     923      4207     2592     3144     2133     2550     999      2905     2088     2356     2452     1993     3106     2590     3386     3729     3655     2957     2712     989      1885     3746     3437     4522     3702     988      1638     3879     
9        2167     1494     2946     2295     1522     1395     3518     2745     2022     0        1221     3000     2923     2113     2369     617      1759     2577     910      705      1040     4139     837      1118     2299     1048     1774     3547     3042     441      1103     1924     460      1838     1526     2051     1121     2174     1875     1959     2762     3529     2473     2794     1598     292      2547     599      3622     529      3177     2102     1199     1101     2439     816      3391     2908     1063     1133     1978     771      1483     1111     2314     1090     751      3285     3948     3399     1991     2916     2683     1925     3725     1478     2867     2344     1351     2725     2164     
10       3388     2258     3485     2936     2632     2340     4629     3923     2349     1221     0        3760     3288     2936     3147     824      2975     3595     1851     1824     546      5318     1479     265      3481     1096     2995     4715     3903     1657     450      2163     1643     3053     2137     3031     1825     3395     3002     3171     3892     4706     3689     3780     2647     978      3768     1687     4791     1174     4153     2779     2210     1595     3355     1943     4525     3885     392      1384     3198     458      2698     2327     3375     1755     847      4473     5101     4606     3211     4041     3264     3017     4911     2253     3843     3489     1366     3582     3149     
11       2792     1532     719      851      1788     3778     1854     3646     1626     3000     3760     0        1215     888      632      2978     2838     4300     2089     3190     3908     2826     2312     3837     2020     2685     2705     2329     387      2736     3924     1838     2623     2397     1623     1131     3905     2618     3515     2329     3967     2397     2514     4540     1584     3256     2768     3229     2382     3520     929      983      1843     2164     4476     3189     1949     857      3856     2393     2728     3394     2401     2785     1278     3912     3725     2395     2445     2720     2791     1684     689      1536     2622     4069     4624     3648     2507     412      4132     
12       3536     1542     500      865      2291     4058     3042     4415     948      2923     3288     1215     0        1342     1178     2653     3441     4865     2121     3359     3593     4013     2093     3441     2889     2209     3330     3481     1595     2829     3574     1125     2694     3073     1410     1814     4003     3387     4039     3055     4674     3539     3388     5111     2067     3104     3630     3347     3541     3444     2130     1031     2068     1846     4939     3400     3111     2005     3498     1947     3419     3036     2940     3160     2172     3987     3528     3491     3639     3801     3478     2772     598      2241     3773     4276     5196     4296     1922     1465     4599     
13       2198     678      1059     483      1001     2940     2010     3078     1137     2113     2936     888      1342     0        268      2132     2137     3590     1203     2319     3043     2926     1462     2991     1557     1901     2017     2336     966      1851     3065     1306     1736     1744     846      477      3028     2046     2775     1716     3349     2376     2051     3835     777      2373     2290     2351     2406     2632     1279     381      961      1356     3713     2327     2007     1034     2999     1618     2090     2546     1652     1966     882      3033     2844     2269     2593     2554     2150     1579     802      899      2615     3214     3920     2985     1788     645      3369     
14       2405     903      831      396      1252     3206     1988     3283     1175     2369     3147     632      1178     268      0        2355     2373     3832     1459     2588     3279     2935     1686     3215     1717     2089     2249     2366     773      2116     3297     1369     2000     1964     1021     662      3296     2246     3022     1925     3568     2415     2219     4076     1031     2623     2465     2618     2432     2890     1173     418      1228     1555     3967     2595     2015     961      3230     1799     2309     2771     1898     2228     994      3300     3093     2338     2584     2639     2370     1627     596      1100     2653     3482     4161     3214     1942     473      3622     
15       2697     1455     2777     2181     1822     1997     3810     3335     1708     617      824      2978     2653     2132     2355     0        2313     3194     1028     1323     951      4523     669      859      2696     509      2308     3915     3098     969      950      1559     911      2317     1370     2207     1643     2679     2487     2423     3371     3910     2947     3409     1825     573      3054     1213     3991     941      3331     2010     1387     836      3045     1433     3712     3062     880      712      2507     415      1966     1676     2552     1595     894      3687     4293     3840     2529     3227     2536     2200     4122     2039     3482     2950     842      2776     2778     
16       435      1996     3196     2584     1150     1276     2328     1074     2861     1759     2975     2838     3441     2137     2373     2313     0        1463     1641     1217     2687     2639     2044     2839     1030     2564     138      2131     2651     1346     2777     2898     1407     459      2243     1726     1740     521      693      571      1248     2081     872      1706     1374     2000     845      1354     2196     1926     2466     2410     1465     2243     1658     1111     2133     2257     2757     2468     271      2531     507      648      1606     1796     2311     1801     2562     1803     253      1771     2939     1302     2219     1632     1790     854      2746     2433     1322     
17       1577     3360     4649     4020     2591     1255     3531     1028     4195     2577     3595     4300     4865     3590     3832     3194     1463     0        2886     1871     3135     3511     3185     3377     2388     3594     1595     3175     4099     2324     3245     4192     2443     1905     3574     3189     1816     1759     827      1987     663      3097     2014     246      2816     2690     1812     1983     3219     2422     3863     3838     2817     3433     446      1765     3312     3679     3260     3592     1589     3238     1937     1743     3052     1892     2762     2826     3578     2668     1527     3067     4387     2765     3143     1420     331      701      3855     3894     452      
18       1932     604      2074     1410     825      1945     2785     2716     1323     910      1851     2089     2121     1203     1459     1028     1641     2886     0        1237     1867     3528     457      1854     1736     1026     1584     2916     2142     709      1902     1306     577      1480     721      1190     1897     1862     2071     1554     2861     2918     2067     3128     799      1172     2222     1229     2992     1432     2321     1212     361      604      2883     1283     2694     2051     1843     855      1754     1417     1173     1145     1523     1889     1643     2711     3281     2896     1794     2208     1805     1180     3137     2154     3210     2441     1131     1822     2557     
19       1651     1828     3287     2619     1466     731      3312     2100     2533     705      1824     3190     3359     2319     2588     1323     1217     1871     1237     0        1479     3792     1395     1655     2003     1733     1275     3236     3146     537      1575     2477     673      1442     1955     2109     720      1706     1186     1580     2078     3202     2042     2090     1629     855      2057     139      3307     711      3160     2420     1363     1661     1751     118      3151     2903     1562     1768     1473     1413     1126     624      2245     740      1097     2934     3658     2989     1469     2709     3016     1844     3370     917      2165     1668     2014     2852     1464     
20       3117     2376     3728     3127     2558     1883     4558     3559     2645     1040     546      3908     3593     3043     3279     951      2687     3135     1867     1479     0        5168     1599     282      3331     1392     2730     4581     4001     1469     111      2483     1501     2840     2317     3052     1330     3151     2609     2969     3487     4561     3469     3306     2619     748      3515     1339     4656     771      4184     2951     2200     1787     2864     1594     4431     3914     154      1646     2932     558      2491     2055     3343     1256     387      4311     4986     4409     2935     3956     3486     2960     4752     1753     3364     3101     1710     3679     2684     
21       2228     3397     3536     3332     2706     3899     973      2486     4063     4139     5318     2826     4013     2926     2935     4523     2639     3511     3528     3792     5168     0        3975     5254     1840     4537     2544     614      2439     3701     5240     4226     3687     2350     3661     2541     4378     2117     3144     2214     2876     612      1767     3660     2750     4425     1834     3916     538      4462     1898     3300     3173     4023     3909     3703     921      2009     5202     4310     2368     4861     2685     3168     2103     4432     4825     859      391      861      2394     1365     3426     2360     422      4252     3717     2868     4551     2553     3664     
22       2363     785      2153     1531     1279     2126     3207     3115     1185     837      1479     2312     2093     1462     1686     669      2044     3185     457      1395     1599     3975     0        1529     2193     569      2001     3362     2428     873      1611     1095     745      1924     726      1564     1948     2305     2397     2004     3228     3367     2521     3420     1230     1015     2669     1340     3438     1351     2676     1352     802      269      3129     1472     3127     2409     1543     424      2181     1084     1602     1483     1937     1922     1458     3165     3718     3353     2217     2642     1901     1618     3589     2273     3500     2803     702      2107     2820     
23       3261     2315     3608     3032     2597     2121     4602     3752     2494     1118     265      3837     3441     2991     3215     859      2839     3377     1854     1655     282      5254     1529     0        3413     1231     2870     4658     3956     1559     185      2319     1566     2954     2223     3044     1587     3281     2816     3077     3701     4643     3588     3556     2635     844      3651     1516     4733     971      4174     2865     2203     1683     3122     1773     4487     3905     128      1505     3074     444      2600     2196     3364     1515     615      4401     5053     4517     3081     4006     3376     2992     4842     2014     3616     3307     1530     3634     2928     
24       813      1761     2534     2040     918      2271     1325     1629     2576     2299     3481     2020     2889     1557     1717     2696     1030     2388     1736     2003     3331     1840     2193     3413     0        2762     896      1250     1755     1862     3401     2686     1846     600      2041     1079     2654     631      1705     465      1968     1230     503      2613     1032     2585     753      2116     1325     2642     1474     1919     1401     2287     2653     1930     1151     1301     3362     2566     816      3024     877      1387     748      2697     2995     991      1663     1160     873      744      2314     691      1430     2622     2693     1696     2829     1610     2329     
25       2907     1238     2389     1849     1847     2442     3748     3624     1263     1048     1096     2685     2209     1901     2089     509      2564     3594     1026     1733     1392     4537     569      1231     2762     0        2534     3923     2858     1283     1366     1091     1182     2480     1068     2082     2135     2858     2843     2566     3705     3930     3085     3819     1787     1074     3226     1642     3999     1444     3162     1702     1368     548      3482     1832     3678     2901     1289     292      2721     834      2148     1965     2478     2091     1396     3732     4272     3922     2753     3195     2168     2177     4154     2517     3895     3280     333      2542     3197     
26       392      1905     3075     2470     1040     1393     2201     1141     2773     1774     2995     2705     3330     2017     2249     2308     138      1595     1584     1275     2730     2544     2001     2870     896      2534     0        2022     2514     1349     2817     2818     1397     320      2159     1598     1835     432      832      434      1347     1975     777      1836     1262     2027     785      1409     2089     1978     2327     2299     1383     2188     1797     1176     2010     2119     2793     2423     203      2546     419      675      1468     1888     2359     1698     2452     1720     220      1638     2820     1170     2122     1748     1920     968      2702     2299     1461     
27       1750     2786     3019     2759     2095     3407     543      2185     3471     3547     4715     2329     3481     2336     2366     3915     2131     3175     2916     3236     4581     614      3362     4658     1250     3923     2022     0        1949     3112     4650     3628     3091     1796     3052     1935     3853     1614     2701     1656     2583     94       1267     3352     2135     3835     1393     3355     76       3890     1423     2714     2560     3408     3540     3154     382      1481     4609     3695     1865     4260     2116     2613     1495     3902     4246     350      430      577      1900     760      2886     1746     292      3762     3418     2494     3937     2016     3265     
28       2554     1645     1104     1105     1693     3683     1467     3383     1906     3042     3903     387      1595     966      773      3098     2651     4099     2142     3146     4001     2439     2428     3956     1755     2858     2514     1949     0        2733     4026     2111     2632     2197     1791     1036     3867     2375     3341     2112     3722     2020     2233     4334     1517     3313     2486     3201     2001     3546     542      1186     1849     2318     4307     3130     1568     500      3962     2570     2512     3511     2253     2683     1047     3882     3785     2032     2058     2360     2574     1333     1041     1376     2241     3992     4416     3427     2716     321      3967     
29       1741     1310     2778     2111     1127     1263     3101     2369     1996     441      1657     2736     2829     1851     2116     969      1346     2324     709      537      1469     3701     873      1559     1862     1283     1349     3112     2733     0        1539     1943     136      1397     1421     1711     1191     1739     1559     1518     2425     3093     2033     2555     1237     723      2113     519      3187     834      2816     1912     893      1135     2255     601      2967     2550     1501     1269     1551     1202     1043     707      1928     1188     1147     2846     3517     2958     1568     2496     2507     1529     3286     1448     2634     2001     1531     2425     1948     
30       3205     2393     3723     3132     2613     1992     4616     3660     2626     1103     450      3924     3574     3065     3297     950      2777     3245     1902     1575     111      5240     1611     185      3401     1366     2817     4650     4026     1539     0        2457     1562     2920     2321     3091     1441     3236     2713     3047     3592     4632     3551     3417     2666     815      3601     1435     4725     871      4223     2960     2241     1786     2975     1690     4493     3953     76       1629     3020     542      2569     2142     3392     1367     491      4384     5052     4487     3024     4016     3485     3013     4825     1865     3475     3205     1676     3705     2794     
31       3119     938      1375     1006     1843     3206     3316     3959     215      1924     2163     1838     1125     1306     1369     1559     2898     4192     1306     2477     2483     4226     1095     2319     2686     1091     2818     3628     2111     1943     2457     0        1808     2642     664      1698     3042     3012     3375     2675     4140     3661     3129     4434     1668     2059     3333     2432     3699     2418     2542     955      1435     826      4181     2544     3309     2320     2381     847      2961     1924     2399     2449     2139     3014     2450     3528     3899     3787     3011     2867     1204     1999     3898     3368     4516     3727     797      1837     3859     
32       1786     1180     2649     1983     1064     1398     3057     2449     1860     460      1643     2623     2694     1736     2000     911      1407     2443     577      673      1501     3687     745      1566     1846     1182     1397     3091     2632     136      1562     1808     0        1415     1285     1620     1320     1771     1667     1529     2522     3076     2050     2676     1154     753      2145     653      3167     916      2736     1785     785      1004     2384     735      2931     2468     1519     1149     1596     1185     1061     785      1860     1314     1201     2836     3490     2963     1618     2455     2379     1467     3275     1584     2756     2097     1416     2321     2074     
33       478      1710     2794     2209     810      1671     1924     1347     2577     1838     3053     2397     3073     1744     1964     2317     459      1905     1480     1442     2840     2350     1924     2954     600      2480     320      1796     2197     1397     2920     2642     1415     0        1978     1306     2065     382      1152     140      1605     1759     635      2143     1019     2110     746      1565     1866     2115     2007     2048     1222     2080     2117     1358     1742     1798     2888     2335     346      2597     355      818      1150     2111     2484     1492     2221     1568     406      1344     2545     870      1929     2021     2226     1254     2612     1989     1781     
34       2455     280      1429     810      1180     2667     2796     3298     622      1526     2137     1623     1410     846      1021     1370     2243     3574     721      1955     2317     3661     726      2223     2041     1068     2159     3052     1791     1421     2321     664      1285     1978     0        1122     2592     2347     2750     2011     3489     3077     2471     3818     1013     1733     2671     1937     3126     2054     2123     643      777      542      3595     2004     2760     1872     2250     779      2298     1784     1740     1832     1558     2577     2183     2922     3357     3165     2348     2296     1175     1363     3312     2870     3902     3080     943      1478     3264     
35       1743     869      1493     961      662      2658     1679     2621     1555     2051     3031     1131     1814     477      662      2207     1726     3189     1190     2109     3052     2541     1564     3044     1079     2082     1598     1935     1036     1711     3091     1698     1620     1306     1122     0        2830     1585     2391     1263     2907     1965     1575     3432     481      2333     1815     2167     2008     2536     1132     845      853      1539     3348     2094     1637     862      3032     1823     1649     2605     1271     1660     441      2846     2802     1831     2234     2101     1711     1176     1253     438      2202     2960     3516     2559     2039     752      3004     
36       2165     2501     3969     3303     2186     596      3978     2376     3129     1121     1825     3905     4003     3028     3296     1643     1740     1816     1897     720      1330     4378     1948     1587     2654     2135     1835     3853     3867     1191     1441     3042     1320     2065     2592     2830     0        2261     1413     2206     2233     3809     2611     1978     2349     1070     2574     678      3921     713      3874     3104     2068     2216     1535     750      3805     3619     1464     2251     2011     1541     1788     1276     2957     76       977      3533     4281     3543     1990     3381     3699     2558     3957     428      2035     1889     2455     3571     1364     
37       181      2076     3077     2523     1170     1793     1844     1037     2938     2174     3395     2618     3387     2046     2246     2679     521      1759     1862     1706     3151     2117     2305     3281     631      2858     432      1614     2375     1739     3236     3012     1771     382      2347     1585     2261     0        1119     340      1349     1561     351      1982     1365     2437     374      1838     1677     2405     2105     2373     1600     2462     2040     1608     1640     1931     3209     2717     251      2942     715      1097     1341     2315     2783     1280     2044     1288     287      1324     2838     1149     1697     2148     2061     1064     2994     2206     1727     
38       958      2533     3833     3197     1774     832      2963     965      3372     1875     3002     3515     4039     2775     3022     2487     693      827      2071     1186     2609     3144     2397     2816     1705     2843     832      2701     3341     1559     2713     3375     1667     1152     2750     2391     1413     1119     0        1259     892      2638     1443     1073     1998     2041     1315     1318     2758     1845     3157     3013     1990     2635     966      1068     2757     2951     2712     2813     892      2600     1124     927      2298     1485     2222     2355     3127     2283     839      2434     3569     1979     2738     1157     1158     492      3082     3115     629      
39       481      1738     2756     2190     832      1807     1785     1361     2599     1959     3171     2329     3055     1716     1925     2423     571      1987     1554     1580     2969     2214     2004     3077     465      2566     434      1656     2112     1518     3047     2675     1529     140      2011     1263     2206     340      1259     0        1647     1621     524      2222     1025     2235     670      1702     1727     2249     1898     2037     1274     2147     2219     1498     1603     1697     3014     2409     400      2713     478      957      1065     2252     2616     1355     2081     1441     462      1210     2513     824      1793     2158     2304     1319     2683     1918     1888     
40       1175     3244     4399     3811     2387     1637     2981     397      4108     2762     3892     3967     4674     3349     3568     3371     1248     663      2861     2078     3487     2876     3228     3701     1968     3705     1347     2583     3722     2425     3592     4140     2522     1605     3489     2907     2233     1349     892      1647     0        2500     1523     784      2608     2933     1288     2210     2620     2730     3420     3644     2711     3450     1102     1960     2759     3267     3595     3651     1260     3492     1755     1746     2690     2309     3101     2240     2969     2050     1199     2575     4151     2470     2523     1896     842      425      3926     3555     978      
41       1691     2808     3083     2806     2095     3354     633      2102     3507     3529     4706     2397     3539     2376     2415     3910     2081     3097     2918     3202     4561     612      3367     4643     1230     3930     1975     94       2020     3093     4632     3661     3076     1759     3077     1965     3809     1561     2638     1621     2500     0        1212     3272     2144     3816     1326     3322     122      3863     1499     2755     2564     3421     3466     3118     460      1545     4592     3707     1813     4249     2086     2578     1523     3860     4221     283      489      483      1846     796      2943     1755     238      3710     3337     2420     3952     2076     3195     
42       485      2192     3037     2535     1300     2142     1530     1159     3034     2473     3689     2514     3388     2051     2219     2947     872      2014     2067     2042     3469     1767     2521     3588     503      3085     777      1267     2233     2033     3551     3129     2050     635      2471     1575     2611     351      1443     524      1523     1212     0        2223     1460     2744     253      2172     1329     2733     1899     2405     1768     2652     2331     1948     1319     1759     3521     2920     602      3232     990      1425     1250     2665     3108     930      1697     946      634      1057     2816     1165     1346     2498     2298     1313     3192     2106     2033     
43       1800     3606     4894     4266     2836     1443     3727     1176     4439     2794     3780     4540     5111     3835     4076     3409     1706     246      3128     2090     3306     3660     3420     3556     2613     3819     1836     3352     4334     2555     3417     4434     2676     2143     3818     3432     1978     1982     1073     2222     784      3272     2223     0        3062     2893     2010     2196     3393     2612     4087     4084     3063     3670     483      1986     3506     3908     3436     3824     1822     3437     2182     1987     3287     2054     2941     3006     3746     2830     1760     3279     4633     3006     3304     1566     84       917      4085     4133     635      
44       1493     733      1834     1209     225      2194     1986     2365     1579     1598     2647     1584     2067     777      1031     1825     1374     2816     799      1629     2619     2750     1230     2635     1032     1787     1262     2135     1517     1237     2666     1668     1154     1019     1013     481      2349     1365     1998     1025     2608     2144     1460     3062     0        1886     1668     1686     2211     2068     1581     1036     438      1278     2936     1615     1897     1313     2612     1563     1360     2206     879      1203     729      2365     2349     1957     2488     2176     1417     1412     1571     389      2371     2487     3147     2228     1814     1226     2592     
45       2418     1734     3162     2524     1814     1459     3810     2948     2179     292      978      3256     3104     2373     2623     573      2000     2690     1172     855      748      4425     1015     844      2585     1074     2027     3835     3313     723      815      2059     753      2110     1733     2333     1070     2437     2041     2235     2933     3816     2744     2893     1886     0        2807     723      3910     370      3462     2335     1480     1259     2506     974      3683     3192     778      1226     2231     558      1758     1354     2605     1021     471      3569     4238     3676     2240     3208     2905     2216     4010     1471     2963     2524     1401     2994     2259     
46       410      2394     3286     2773     1491     2069     1718     914      3246     2547     3768     2768     3630     2290     2465     3054     845      1812     2222     2057     3515     1834     2669     3651     753      3226     785      1393     2486     2113     3601     3333     2145     746      2671     1815     2574     374      1315     670      1288     1326     253      2010     1668     2807     0        2192     1447     2763     2143     2638     1944     2818     2154     1955     1500     2010     3577     3077     584      3315     1089     1459     1501     2633     3144     1044     1815     978      591      1287     3061     1396     1423     2421     2083     1115     3353     2359     1872     
47       1788     1829     3296     2628     1536     801      3417     2238     2499     599      1687     3229     3347     2351     2618     1213     1354     1983     1229     139      1339     3916     1340     1516     2116     1642     1409     3355     3201     519      1435     2432     653      1565     1937     2167     678      1838     1318     1702     2210     3322     2172     2196     1686     723      2192     0        3427     572      3236     2429     1390     1610     1840     257      3261     2976     1422     1696     1608     1282     1240     748      2325     683      958      3057     3775     3118     1605     2812     3025     1923     3494     937      2269     1803     1933     2901     1565     
48       1810     2861     3077     2826     2172     3470     572      2223     3541     3622     4791     2382     3541     2406     2432     3991     2196     3219     2992     3307     4656     538      3438     4733     1325     3999     2089     76       2001     3187     4725     3699     3167     1866     3126     2008     3921     1677     2758     1727     2620     122      1329     3393     2211     3910     1447     3427     0        3963     1471     2783     2636     3484     3588     3225     433      1538     4685     3771     1928     4335     2188     2684     1568     3971     4319     403      368      593      1963     833      2947     1822     243      3826     3458     2542     4013     2076     3317     
49       2359     2022     3475     2825     1960     1169     3917     2789     2530     529      1174     3520     3444     2632     2890     941      1926     2422     1432     711      771      4462     1351     971      2642     1444     1978     3890     3546     834      871      2418     916      2115     2054     2536     713      2405     1845     2249     2730     3863     2733     2612     2068     370      2763     572      3963     0        3649     2631     1697     1607     2200     823      3772     3382     866      1593     2178     836      1777     1309     2761     658      386      3603     4305     3678     2177     3310     3213     2362     4042     1129     2677     2337     1772     3232     1978     
