

sets
i        orders          /0*10/
k        routes          /1*10/
p        positions       /0*10/
;

alias(i,j)
alias(i,h)
alias(i,hh)
alias(i,jj)
alias(k,kk)
                            Parameters

rho(i)	Processing time
/
0	0
1	28
2	45
3	13
4	72
5	19
6	7
7	46
8	16
9	33
10	18
/

gamma(i)	Duedate
/
0	0
1	18
2	8
3	63
4	36
5	65
6	82
7	25
8	39
9	79
10	37
/

sigma(i)	Size
/
0	0
1	7
2	7
3	1
4	6
5	2
6	7
7	1
8	2
9	8
10	6
/

epsilon(i)	Priority
/
0	0
1	1
2	2
3	6
4	6
5	8
6	2
7	6
8	2
9	9
10	3
/

psi	Vehicle Capacity
/ 75 /
;

Table kappa(i,j)                 Setup
         0        1        2        3        4        5        6        7        8        9        10       
0        0        96       85       109      79       58       98       11       91       132      51       
1        96       0        28       47       35       57       65       85       52       43       71       
2        85       28       0        73       8        64       38       77       73       71       76       
3        109      47       73       0        78       51       111      97       20       37       63       
4        79       35       8        78       0        64       34       72       76       78       76       
5        58       57       64       51       64       0        97       46       33       81       14       
6        98       65       38       111      34       97       0        94       110      105      107      
7        11       85       77       97       72       46       94       0        80       121      41       
8        91       52       73       20       76       33       110      80       0        56       43       
9        132      43       71       37       78       81       105      121      56       0        94       
10       51       71       76       63       76       14       107      41       43       94       0        
;



Table delta(i,j)                 Distance
         0        1        2        3        4        5        6        7        8        9        10       
0        0        180      2430     3060     570      1680     1500     2490     3240     1020     2010     
1        180      0        80       101      20       51       45       87       107      32       70       
2        2430     80       0        21       61       51       69       74       27       49       43       
3        3060     101      21       0        83       65       83       90       12       69       61       
4        570      20       61       83       0        44       46       71       88       19       50       
5        1680     51       51       65       44       0        18       102      75       26       72       
6        1500     45       69       83       46       18       0        112      94       32       84       
7        2490     87       74       90       71       102      112      0        85       79       32       
8        3240     107      27       12       88       75       94       85       0        76       59       
9        1020     32       49       69       19       26       32       79       76       0        52       
10       2010     70       43       61       50       72       84       32       59       52       0        
;

