

sets
i        orders          /0*20/
k        routes          /1*20/
p        positions       /0*20/
;

alias(i,j)
alias(i,h)
alias(i,hh)
alias(i,jj)
alias(k,kk)
                            Parameters

rho(i)	Processing time
/
0	0
1	95
2	60
3	22
4	58
5	9
6	19
7	75
8	43
9	27
10	47
11	4
12	77
13	12
14	50
15	29
16	26
17	1
18	86
19	68
20	55
/

gamma(i)	Duedate
/
0	0
1	40
2	85
3	37
4	65
5	64
6	56
7	6
8	45
9	65
10	63
11	74
12	22
13	27
14	39
15	6
16	10
17	26
18	87
19	71
20	61
/

sigma(i)	Size
/
0	0
1	9
2	8
3	7
4	2
5	8
6	1
7	2
8	4
9	6
10	3
11	9
12	2
13	6
14	7
15	6
16	5
17	3
18	8
19	5
20	4
/

epsilon(i)	Priority
/
0	0
1	4
2	4
3	4
4	9
5	8
6	4
7	2
8	3
9	7
10	9
11	7
12	7
13	7
14	9
15	2
16	1
17	3
18	6
19	6
20	4
/

psi	Vehicle Capacity
/ 26 /
;

Table kappa(i,j)                 Setup
         0        1        2        3        4        5        6        7        8        9        10       11       12       13       14       15       16       17       18       19       20       
0        0        164      213      204      60       93       175      141      88       109      211      128      18       195      107      207      105      95       83       198      186      
1        164      0        50       46       128      72       24       92       102      77       50       65       156      130      106      132      149      104      199      147      108      
2        213      50       0        17       171      122      54       134      142      116      7        99       204      158      154      156      196      142      249      177      136      
3        204      46       17       0        159      115      58       137      129      103      10       85       194      166      153      165      195      128      245      185      144      
4        60       128      171      159      0        72       145      142      31       56       168      76       43       199      117      209      135      36       138      208      184      
5        93       72       122      115      72       0        81       73       60       53       121      63       88       130      59       139      94       68       131      141      113      
6        175      24       54       58       145      81       0        79       122      98       57       88       169      109      101      110      143      125      199      127      86       
7        141      92       134      137      142      73       79       0        134      124      137      127      144      57       36       68       69       142      134      67       44       
8        88       102      142      129      31       60       122      134      0        26       138      45       73       190      116      199      143      9        158      202      173      
9        109      77       116      103      56       53       98       124      26       0        112      19       95       178      113      185      146      27       171      191      159      
10       211      50       7        10       168      121      57       137      138      112      0        94       201      163      155      161      198      138      249      182      141      
11       128      65       99       85       76       63       88       127      45       19       94       0        115      178      121      184      157      43       188      192      158      
12       18       156      204      194      43       88       169      144      73       95       201      115      0        199      112      211      116      79       100      204      189      
13       195      130      158      166      199      130      109      57       190      178      163      178      199      0        87       14       104      198      170      19       22       
14       107      106      154      153      117      59       101      36       116      113      155      121      112      87       0        100      42       125      100      92       79       
15       207      132      156      165      209      139      110      68       199      185      161      184      211      14       100      0        118      206      184      27       26       
16       105      149      196      195      135      94       143      69       143      146      198      157      116      104      42       118      0        152      66       100      104      
17       95       104      142      128      36       68       125      142      9        27       138      43       79       198      125      206      152      0        167      209      180      
18       83       199      249      245      138      131      199      134      158      171      249      188      100      170      100      184      66       167      0        165      171      
19       198      147      177      185      208      141      127      67       202      191      182      192      204      19       92       27       100      209      165      0        41       
20       186      108      136      144      184      113      86       44       173      159      141      158      189      22       79       26       104      180      171      41       0        
;



Table delta(i,j)                 Distance
         0        1        2        3        4        5        6        7        8        9        10       11       12       13       14       15       16       17       18       19       20       
0        0        59       85       65       33       70       59       13       50       69       61       59       94       49       18       22       7        73       50       49       87       
1        59       0        31       21       41       12       13       50       28       65       51       2        50       13       58       38       63       79       24       33       57       
2        85       31       0        21       72       19       42       73       38       62       50       32       23       35       88       66       91       78       55       42       40       
3        65       21       21       0        57       18       35       53       17       47       34       24       31       17       70       48       71       62       45       22       36       
4        33       41       72       57       0        53       35       36       51       83       72       40       89       40       21       17       33       92       21       53       90       
5        70       12       19       18       53       0        22       60       32       66       52       13       41       21       70       49       75       80       35       37       52       
6        59       13       42       35       35       22       0        54       40       78       64       11       63       24       55       37       63       91       14       45       71       
7        13       50       73       53       36       60       54       0        37       56       48       51       81       39       29       19       21       61       47       35       73       
8        50       28       38       17       51       32       40       37       0        37       23       30       43       15       59       37       57       50       44       5        39       
9        69       65       62       47       83       66       78       56       37       0        14       67       52       53       85       67       76       15       81       33       32       
10       61       51       50       34       72       52       64       48       23       14       0        53       43       39       75       56       69       28       68       19       28       
11       59       2        32       24       40       13       11       51       30       67       53       0        52       15       58       38       63       81       22       35       60       
12       94       50       23       31       89       41       63       81       43       52       43       52       0        48       101      79       101      67       74       46       21       
13       49       13       35       17       40       21       24       39       15       53       39       15       48       0        53       31       55       66       30       20       51       
14       18       58       88       70       21       70       55       29       59       85       75       58       101      53       0        22       15       90       42       59       98       
15       22       38       66       48       17       49       37       19       37       67       56       38       79       31       22       0        26       75       28       38       77       
16       7        63       91       71       33       75       63       21       57       76       69       63       101      55       15       26       0        80       52       56       94       
17       73       79       78       62       92       80       91       61       50       15       28       81       67       66       90       75       80       0        93       45       46       
18       50       24       55       45       21       35       14       47       44       81       68       22       74       30       42       28       52       93       0        48       80       
19       49       33       42       22       53       37       45       35       5        33       19       35       46       20       59       38       56       45       48       0        39       
20       87       57       40       36       90       52       71       73       39       32       28       60       21       51       98       77       94       46       80       39       0        
;

