

sets
i        orders          /0*20/
k        routes          /1*20/
p        positions       /0*20/
;

alias(i,j)
alias(i,h)
alias(i,hh)
alias(i,jj)
alias(k,kk)
                            Parameters

rho(i)	Processing time
/
0	0
1	50
2	96
3	91
4	79
5	5
6	96
7	50
8	61
9	73
10	53
11	27
12	81
13	15
14	71
15	43
16	83
17	33
18	36
19	97
20	82
/

gamma(i)	Duedate
/
0	0
1	31
2	5
3	54
4	1
5	75
6	34
7	80
8	35
9	22
10	4
11	53
12	14
13	59
14	12
15	84
16	57
17	44
18	70
19	30
20	93
/

sigma(i)	Size
/
0	0
1	3
2	7
3	3
4	1
5	1
6	5
7	3
8	3
9	4
10	1
11	6
12	7
13	9
14	5
15	4
16	3
17	2
18	3
19	3
20	6
/

epsilon(i)	Priority
/
0	0
1	5
2	6
3	8
4	5
5	5
6	3
7	6
8	4
9	5
10	2
11	8
12	6
13	8
14	1
15	6
16	7
17	1
18	3
19	9
20	4
/

psi	Vehicle Capacity
/ 84 /
;

Table kappa(i,j)                 Setup
         0        1        2        3        4        5        6        7        8        9        10       11       12       13       14       15       16       17       18       19       20       
0        0        225      167      102      173      33       31       168      217      63       182      117      172      150      139      104      23       59       115      166      171      
1        225      0        189      181      123      192      193      57       7        190      43       151      150      95       93       168      226      166      109      93       111      
2        167      189      0        65       237      147      151      162      184      194      155      211      40       193      171      68       149      152      142      208      226      
3        102      181      65       0        193      81       85       137      174      131      139      156      74       152      131      13       85       90       99       169      185      
4        173      123      237      193      0        150      149      89       117      114      110      57       210      45       66       182      187      121      95       34       13       
5        33       192      147      81       150      0        4        135      184      54       149      97       146      122      108      79       38       29       82       138      145      
6        31       193      151      85       149      4        0        137      186      50       151      95       150      122      109      83       38       30       84       138      145      
7        168      57       162      137      89       135      137      0        49       133      22       100      128      49       38       124      170      108      52       55       77       
8        217      7        184      174      117      184      186      49       0        182      36       144      146      88       85       161      218      158      101      87       105      
9        63       190      194      131      114      54       50       133      182      0        153      56       186      101      97       126      82       43       87       114      114      
10       182      43       155      139      110      149      151      22       36       153      0        122      118      70       59       125      182      124      68       76       97       
11       117      151      211      156      57       97       95       100      144      56       122      0        191      56       63       147      133      71       73       63       59       
12       172      150      40       74       210      146      150      128      146      186      118      191      0        164      143      69       158      143      119      178      198      
13       150      95       193      152      45       122      122      49       88       101      70       56       164      0        21       140      160      92       53       17       33       
14       139      93       171      131      66       108      109      38       85       97       59       63       143      21       0        119      145      79       32       37       55       
15       104      168      68       13       182      79       83       124      161      126      125      147      69       140      119      0        89       84       87       157      173      
16       23       226      149      85       187      38       38       170      218      82       182      133      158      160      145      89       0        67       118      176      183      
17       59       166      152      90       121      29       30       108      158      43       124      71       143      92       79       84       67       0        56       108      116      
18       115      109      142      99       95       82       84       52       101      87       68       73       119      53       32       87       118      56       0        69       86       
19       166      93       208      169      34       138      138      55       87       114      76       63       178      17       37       157      176      108      69       0        21       
20       171      111      226      185      13       145      145      77       105      114      97       59       198      33       55       173      183      116      86       21       0        
;



Table delta(i,j)                 Distance
         0        1        2        3        4        5        6        7        8        9        10       11       12       13       14       15       16       17       18       19       20       
0        0        102      60       42       40       58       10       86       79       78       63       37       24       48       86       30       38       86       97       60       103      
1        102      0        82       60       91       69       110      70       23       24       53       90       99       62       48       78       110      18       9        51       1        
2        60       82       0        43       87       13       70       111      64       61       80       84       79       30       99       34       95       64       83       33       83       
3        42       60       43       0        48       32       51       68       37       36       36       45       47       14       57       19       61       44       56       22       61       
4        40       91       87       48       0        79       39       51       72       73       39       3        17       62       58       53       19       81       84       70       93       
5        58       69       13       32       79       0        68       99       50       47       67       76       73       18       85       28       89       51       69       19       70       
6        10       110      70       51       39       68       0        88       87       87       68       37       21       58       91       41       32       95       105      70       111      
7        86       70       111      68       51       99       88       0        62       65       31       52       67       81       21       84       68       71       61       81       71       
8        79       23       64       37       72       50       87       62       0        3        37       70       77       40       43       55       89       9        20       31       24       
9        78       24       61       36       73       47       87       65       3        0        39       71       78       38       46       53       90       8        22       28       25       
10       63       53       80       36       39       67       68       31       37       39       0        38       51       50       23       54       58       47       45       50       55       
11       37       90       84       45       3        76       37       52       70       71       38       0        15       59       58       50       20       80       83       67       91       
12       24       99       79       47       17       73       21       67       77       78       51       15       0        58       72       45       16       87       92       68       101      
13       48       62       30       14       62       18       58       81       40       38       50       59       58       0        69       18       73       44       60       13       63       
14       86       48       99       57       58       85       91       21       43       46       23       58       72       69       0        76       77       50       39       66       50       
15       30       78       34       19       53       28       41       84       55       53       54       50       45       18       76       0        61       60       75       31       79       
16       38       110      95       61       19       89       32       68       89       90       58       20       16       73       77       61       0        99       103      83       111      
17       86       18       64       44       81       51       95       71       9        8        47       80       87       44       50       60       99       0        19       33       19       
18       97       9        83       56       84       69       105      61       20       22       45       83       92       60       39       75       103      19       0        50       10       
19       60       51       33       22       70       19       70       81       31       28       50       67       68       13       66       31       83       33       50       0        52       
20       103      1        83       61       93       70       111      71       24       25       55       91       101      63       50       79       111      19       10       52       0        
;

