
sets
i        orders          /0*20/
k        routes          /1*20/
p        positions       /0*20/
;

alias(i,j)
alias(i,h)
alias(i,hh)
alias(i,jj)
alias(k,kk)
                
                    Parameters

rho(i)	Processing time
/
0	0
1	24
2	76
3	62
4	44
5	74
6	2
7	50
8	22
9	38
10	25
11	3
12	89
13	5
14	96
15	77
16	55
17	68
18	86
19	21
20	20
/

gamma(i)	Duedate
/
0	0
1	39
2	94
3	88
4	9
5	76
6	39
7	26
8	77
9	46
10	98
11	26
12	39
13	25
14	69
15	47
16	46
17	21
18	7
19	33
20	40
/

sigma(i)	Size
/
0	0
1	9
2	5
3	2
4	5
5	5
6	6
7	4
8	5
9	9
10	1
11	2
12	9
13	7
14	9
15	5
16	8
17	4
18	4
19	6
20	1
/

epsilon(i)	Priority
/
0	0
1	4
2	8
3	8
4	6
5	6
6	5
7	7
8	9
9	7
10	9
11	4
12	2
13	7
14	1
15	6
16	1
17	8
18	5
19	1
20	9
/

psi	Vehicle Capacity
/ 27 /
;

Table kappa(i,j)                 Setup
         0        1        2        3        4        5        6        7        8        9        10       11       12       13       14       15       16       17       18       19       20       
0        0        500      679      478      612      348      213      360      188      565      443      435      325      545      469      205      124      538      105      155      580      
1        500      0        197      59       179      310      359      140      311      144      148      190      200      111      231      303      517      104      437      351      110      
2        679      197      0        201      262      414      555      322      493      262      250      277      356      243      402      474      709      143      626      537      98       
3        478      59       201      0        239      256      360      121      292      203      89       131      161      170      275      274      509      71       425      336      103      
4        612      179      262      239      0        486      427      288      432      48       328      370      361      75       186      440      595      262      528      457      236      
5        348      310      414      256      486      0        363      215      233      444      172      138      141      412      452      184      437      278      357      278      327      
6        213      359      555      360      427      363      0        244      132      382      366      379      259      369      264      181      168      431      110      98       460      
7        360      140      322      121      288      215      244      0        172      241      128      154      76       212      238      162      388      188      304      215      224      
8        188      311      493      292      432      233      132      172      0        384      269      271      151      361      312      49       226      355      140      50       395      
9        565      144      262      203      48       444      382      241      384      0        291      333      316      33       153      392      550      236      481      410      218      
10       443      148      250      89       328      172      366      128      269      291      0        41       118      258      343      238      495      108      409      318      157      
11       435      190      277      131      370      138      379      154      271      333      41       0        122      299      379      235      497      141      412      321      189      
12       325      200      356      161      361      141      259      76       151      316      118      122      0        286      311      120      377      214      291      200      258      
13       545      111      243      170      75       412      369      212      361      33       258      299      286      0        161      366      537      205      465      390      190      
14       469      231      402      275      186      452      264      238      312      153      343      379      311      161      0        339      428      335      373      321      336      
15       205      303      474      274      440      184      181      162      49       392      238      235      120      366      339      0        264      333      179      94       375      
16       124      517      709      509      595      437      168      388      226      550      495      497      377      537      428      264      0        576      85       176      612      
17       538      104      143      71       262      278      431      188      355      236      108      141      214      205      335      333      576      0        492      401      49       
18       105      437      626      425      528      357      110      304      140      481      409      412      291      465      373      179      85       492      0        91       529      
19       155      351      537      336      457      278      98       215      50       410      318      321      200      390      321      94       176      401      91       0        439      
20       580      110      98       103      236      327      460      224      395      218      157      189      258      190      336      375      612      49       529      439      0        
;



Table delta(i,j)                 Distance
         0        1        2        3        4        5        6        7        8        9        10       11       12       13       14       15       16       17       18       19       20       
0        0        2220     5080     3180     3820     5700     2880     4620     3540     8160     2680     3400     7220     1600     4620     2140     3760     1880     4820     4920     7120     
1        2220     0        365      268      300      360      201      286      197      470      163      142      443      49       203      94       298      33       286      355      366      
2        5080     365      0        97       68       231      248      267      315      345      292      367      247      327      406      326      90       344      293      38       432      
3        3180     268      97       0        32       205      164      207      230      333      202      274      253      230      317      229      72       247      230      87       371      
4        3820     300      68       32       0        198      183      213      249      323      225      299      236      261      339      258      75       278      238      55       379      
5        5700     360      231      205      198      0        159      89       192      129      206      273      86       310      274      274      272      327      110      193      219      
6        2880     201      248      164      183      159      0        89       66       271      52       129      243      152      157      115      231      168      97       220      222      
7        4620     286      267      207      213      89       89       0        104      183      125      185      174      237      184      195      279      253      26       231      165      
8        3540     197      315      230      249      192      66       104      0        281      43       81       278      152      92       102      296      165      94       286      179      
9        8160     470      345      333      323      129      271      183      281      0        308      359      106      421      339      378      398      437      187      307      212      
10       2680     163      292      202      225      206      52       125      43       308      0        77       292      115      116      70       264      129      123      267      222      
11       3400     142      367      274      299      273      129      185      81       359      77       0        359      110      63       63       331      115      174      344      225      
12       7220     443      247      253      236      86       243      174      278      106      292      359      0        393      357      359      310      411      192      211      277      
13       1600     49       327      230      261      310      152      237      152      421      115      110      393      0        173      51       268      18       238      314      326      
14       4620     203      406      317      339      274      157      184      92       339      116      63       357      173      0        126      380      177      165      378      175      
15       2140     94       326      229      258      274      115      195      102      378      70       63       359      51       126      0        279      62       192      307      274      
16       3760     298      90       72       75       272      231      279      296      398      264      331      310      268      380      279      0        282      302      109      443      
17       1880     33       344      247      278      327      168      253      165      437      129      115      411      18       177      62       282      0        252      331      335      
18       4820     286      293      230      238      110      97       26       94       187      123      174      192      238      165      192      302      252      0        258      141      
19       4920     355      38       87       55       193      220      231      286      307      267      344      211      314      378      307      109      331      258      0        396      
20       7120     366      432      371      379      219      222      165      179      212      222      225      277      326      175      274      443      335      141      396      0        
;

