
sets
i        orders          /0*20/
k        routes          /1*20/
p        positions       /0*20/
;

alias(i,j)
alias(i,h)
alias(i,hh)
alias(i,jj)
alias(k,kk)
                
                    Parameters

rho(i)	Processing time
/
0	0
1	33
2	60
3	34
4	70
5	21
6	87
7	19
8	7
9	6
10	78
11	53
12	64
13	61
14	47
15	56
16	48
17	68
18	88
19	21
20	38
/

gamma(i)	Duedate
/
0	0
1	56
2	46
3	89
4	26
5	87
6	65
7	85
8	85
9	35
10	9
11	51
12	86
13	25
14	78
15	12
16	92
17	9
18	88
19	96
20	45
/

sigma(i)	Size
/
0	0
1	5
2	4
3	6
4	7
5	7
6	3
7	2
8	8
9	4
10	9
11	2
12	7
13	6
14	8
15	6
16	5
17	4
18	4
19	2
20	8
/

epsilon(i)	Priority
/
0	0
1	6
2	6
3	2
4	6
5	5
6	3
7	7
8	5
9	9
10	4
11	3
12	3
13	6
14	5
15	2
16	2
17	1
18	2
19	2
20	7
/

psi	Vehicle Capacity
/ 18 /
;

Table kappa(i,j)                 Setup
         0        1        2        3        4        5        6        7        8        9        10       11       12       13       14       15       16       17       18       19       20       
0        0        155      491      22       202      268      260      164      373      328      190      316      147      142      105      148      159      73       353      36       441      
1        155      0        492      155      197      220      414      166      514      475      113      205      215      295      56       207      311      229      253      120      417      
2        491      492      0        513      302      276      550      631      496      515      380      363      346      499      506      343      493      505      326      493      96       
3        22       155      513      0        222      286      267      144      386      339      203      327      169      150      101      170      169      79       366      37       461      
4        202      197      302      222      0        78       368      330      407      388      98       178      93       268      204      83       273      240      191      196      240      
5        268      220      276      286      78       0        446      374      477      462      107      118      171      346      245      161      351      314      117      255      197      
6        260      414      550      267      368      446      0        383      157      97       415      535      275      119      365      285      104      188      557      296      545      
7        164      166      631      144      330      374      383      0        519      467      271      372      303      279      129      301      298      210      420      145      567      
8        373      514      496      386      407      477      157      519      0        60       481      585      324      240      473      334      220      310      595      407      518      
9        328      475      515      339      388      462      97       467      60       0        454      565      299      190      431      310      170      261      579      363      526      
10       190      113      380      203      98       107      415      271      481      454      0        125      158      302      142      147      313      252      162      168      303      
11       316      205      363      327      178      118      535      372      585      565      125      0        265      425      251      254      434      377      51       291      270      
12       147      215      346      169      93       171      275      303      324      299      158      265      0        178      197      10       181      161      283      158      305      
13       142      295      499      150      268      346      119      279      240      190      302      425      178      0        247      186      19       71       452      178      475      
14       105      56       506      101      204      245      365      129      473      431      142      251      197      247      0        191      264      178      297      69       438      
15       148      207      343      170      83       161      285      301      334      310      147      254      10       186      191      0        191      167      273      156      300      
16       159      311      493      169      273      351      104      298      220      170      313      434      181      19       264      191      0        90       460      195      473      
17       73       229      505      79       240      314      188      210      310      261      252      377      161      71       178      167      90       0        410      109      467      
18       353      253      326      366      191      117      557      420      595      579      162      51       283      452      297      273      460      410      0        331      230      
19       36       120      493      37       196      255      296      145      407      363      168      291      158      178      69       156      195      109      331      0        437      
20       441      417      96       461      240      197      545      567      518      526      303      270      305      475      438      300      473      467      230      437      0        
;



Table delta(i,j)                 Distance
         0        1        2        3        4        5        6        7        8        9        10       11       12       13       14       15       16       17       18       19       20       
0        0        1300     5420     5100     3520     2940     2020     2800     1400     2100     3620     2340     6300     1920     6220     2000     2720     6660     3740     5600     3480     
1        1300     0        216      265      111      83       167      201      93       133      235      160      285      160      266      123      146      288      233      300      155      
2        5420     216      0        268      170      188      356      411      308      348      375      294      145      366      77       244      224      93       350      322      156      
3        5100     265      268      0        331      321      259      342      326      359      193      161      175      298      236      155      120      249      153      54       131      
4        3520     111      170      331      0        30       277      301      175      208      343      263      289      266      242      218      228      261      336      376      201      
5        2940     83       188      321      30       0        248      270      144      177      318      240      296      235      256      198      212      276      314      363      195      
6        2020     167      356      259      277      248      0        83       135      144      108      98       369      45       383      127      165      404      135      263      229      
7        2800     201      411      342      301      270      83       0        129      113      181      180      443      47       448      203      242      470      214      346      300      
8        1400     93       308      326      175      144      135      129      0        40       235      183      374      105      359      171      206      381      249      350      237      
9        2100     133      348      359      208      177      144      113      40       0        251      210      414      104      400      204      241      422      270      380      276      
10       3620     235      375      193      343      318      108      181      235      251      0        83       344      153      379      134      151      398      41       179      223      
11       2340     160      294      161      263      240      98       180      183      210      83       0        280      137      305      50       75       325      73       171      147      
12       6300     285      145      175      289      296      369      443      374      414      344      280      0        395      77       242      205      81       308      226      142      
13       1920     160      366      298      266      235      45       47       105      104      153      137      395      0        401      155      195      422      180      306      252      
14       6220     266      77       236      242      256      383      448      359      400      379      305      77       401      0        259      229      21       348      290      157      
15       2000     123      244      155      218      198      127      203      171      204      134      50       242      155      259      0        39       279      118      180      102      
16       2720     146      224      120      228      212      165      242      206      241      151      75       205      195      229      39       0        249      126      153      72       
17       6660     288      93       249      261      276      404      470      381      422      398      325      81       422      21       279      249      0        366      302      178      
18       3740     233      350      153      336      314      135      214      249      270      41       73       308      180      348      118      126      366      0        138      195      
19       5600     300      322      54       376      363      263      346      350      380      179      171      226      306      290      180      153      302      138      0        181      
20       3480     155      156      131      201      195      229      300      237      276      223      147      142      252      157      102      72       178      195      181      0        
;

