
sets
i        orders          /0*20/
k        routes          /1*20/
p        positions       /0*20/
;

alias(i,j)
alias(i,h)
alias(i,hh)
alias(i,jj)
alias(k,kk)
                
                    Parameters

rho(i)	Processing time
/
0	0
1	38
2	39
3	11
4	12
5	65
6	51
7	34
8	58
9	36
10	32
11	23
12	57
13	49
14	27
15	63
16	73
17	15
18	42
19	69
20	7
/

gamma(i)	Duedate
/
0	0
1	36
2	53
3	46
4	95
5	73
6	97
7	60
8	19
9	73
10	17
11	91
12	62
13	31
14	29
15	88
16	38
17	95
18	21
19	71
20	94
/

sigma(i)	Size
/
0	0
1	4
2	9
3	1
4	4
5	9
6	5
7	9
8	8
9	8
10	3
11	2
12	7
13	7
14	7
15	8
16	4
17	8
18	6
19	7
20	3
/

epsilon(i)	Priority
/
0	0
1	6
2	5
3	7
4	8
5	6
6	4
7	8
8	8
9	2
10	6
11	3
12	2
13	7
14	6
15	9
16	6
17	1
18	4
19	7
20	1
/

psi	Vehicle Capacity
/ 40 /
;

Table kappa(i,j)                 Setup
         0        1        2        3        4        5        6        7        8        9        10       11       12       13       14       15       16       17       18       19       20       
0        0        363      591      289      304      703      540      166      391      502      159      362      601      56       398      477      187      494      211      394      397      
1        363      0        469      563      214      642      192      430      53       346      257      490      434      362      607      165      190      601      189      450      337      
2        591      469      0        545      311      181      417      500      423      123      438      345      72       544      475      347      453      340      577      261      193      
3        289      563      545      0        393      582      693      138      567      512      307      203      588      244      135      609      378      290      474      284      387      
4        304      214      311      393      0        462      301      281      195      204      144      281      305      270      408      216      142      387      268      236      136      
5        703      642      181      582      462      0        598      580      599      300      566      383      243      651      477      527      597      311      730      317      327      
6        540      192      417      693      301      598      0        573      150      307      407      571      358      529      705      89       354      653      381      507      368      
7        166      430      500      138      281      580      573      0        439      439      173      209      529      114      232      493      242      336      337      262      317      
8        391      53       423      567      195      599      150      439      0        300      268      476      384      383      600      112      208      579      234      428      306      
9        502      346      123      512      204      300      307      439      300      0        343      332      101      461      473      230      345      374      462      250      125      
10       159      257      438      307      144      566      407      173      268      343      0        278      443      127      368      333      71       409      195      278      245      
11       362      490      345      203      281      383      571      209      476      332      278      0        395      306      140      482      342      133      474      85       216      
12       601      434      72       588      305      243      358      529      384      101      443      395      0        559      530      296      447      405      562      309      212      
13       56       362      544      244      270      651      529      114      383      461      127      306      559      0        346      459      175      438      235      339      351      
14       398      607      475      135      408      477      705      232      600      473      368      140      530      346      0        617      438      169      556      223      356      
15       477      165      347      609      216      527      89       493      112      230      333      482      296      459      617      0        289      565      343      418      280      
16       187      190      453      378      142      597      354      242      208      345      71       342      447      175      438      289      0        469      137      330      269      
17       494      601      340      290      387      311      653      336      579      374      409      133      405      438      169      565      469      0        604      151      285      
18       211      189      577      474      268      730      381      337      234      462      195      474      562      235      556      343      137      604      0        467      402      
19       394      450      261      284      236      317      507      262      428      250      278      85       309      339      223      418      330      151      467      0        140      
20       397      337      193      387      136      327      368      317      306      125      245      216      212      351      356      280      269      285      402      140      0        
;



Table delta(i,j)                 Distance
         0        1        2        3        4        5        6        7        8        9        10       11       12       13       14       15       16       17       18       19       20       
0        0        5740     4640     6640     6380     8060     5900     7040     9020     3520     4880     5420     7380     5080     3340     5780     7360     6160     8140     4000     4520     
1        5740     0        72       376      229      125      70       81       260      286      325      211      84       53       136      90       111      282      125      209      239      
2        4640     72       0        387      264      198      126      154      323      270      322      234      155      84       113      67       137      304      197      209      243      
3        6640     376      387      0        170      404      317      370      299      157      88       166      407      323      280      449      487      102      418      180      144      
4        6380     229      264      170      0        235      162      205      151      182      166      48       243      184      186      315      334      67       249      119      103      
5        8060     125      198      404      235      0        112      50       185      359      379      243      46       149      239      192      151      301      15       275      293      
6        5900     70       126      317      162      112      0        63       196      250      277      151      94       47       128      160      172      219      121      167      190      
7        7040     81       154      370      205      50       63       0        191      313      337      204      38       98       188      161      142      268      58       229      249      
8        9020     260      323      299      151      185      196      191      0        332      316      193      220      241      293      348      331      209      199      261      253      
9        3520     286      270      157      182      359      250      313      332      0        69       140      344      233      157      337      394      146      370      84       79       
10       4880     325      322      88       166      379      277      337      316      69       0        138      372      271      210      388      436      109      391      115      87       
11       5420     211      234      166      48       243      151      204      193      140      138      0        241      160      145      290      321      70       255      71       61       
12       7380     84       155      407      243      46       94       38       220      344      372      241      0        119      210      146      110      306      42       262      284      
13       5080     53       84       323      184      149      47       98       241      233      271      160      119      0        91       130      165      231      154      156      185      
14       3340     136      113      280      186      239      128      188      293      157      210      145      210      91       0        180      239      208      245      100      136      
15       5780     90       67       449      315      192      160      161      348      337      388      290      146      130      180      0        82       361      186      273      307      
16       7360     111      137      487      334      151      172      142      331      394      436      321      110      165      239      82       0        391      140      320      350      
17       6160     282      304      102      67       301      219      268      209      146      109      70       306      231      208      361      391      0        315      115      82       
18       8140     125      197      418      249      15       121      58       199      370      391      255      42       154      245      186      140      315      0        286      304      
19       4000     209      209      180      119      275      167      229      261      84       115      71       262      156      100      273      320      115      286      0        36       
20       4520     239      243      144      103      293      190      249      253      79       87       61       284      185      136      307      350      82       304      36       0        
;

