
sets
i        orders          /0*20/
k        routes          /1*20/
p        positions       /0*20/
;

alias(i,j)
alias(i,h)
alias(i,hh)
alias(i,jj)
alias(k,kk)
                
                    Parameters

rho(i)	Processing time
/
0	0
1	84
2	86
3	21
4	56
5	95
6	27
7	39
8	25
9	38
10	12
11	83
12	28
13	7
14	86
15	59
16	92
17	4
18	85
19	76
20	38
/

gamma(i)	Duedate
/
0	0
1	54
2	95
3	35
4	83
5	99
6	90
7	41
8	94
9	43
10	76
11	77
12	58
13	55
14	5
15	37
16	55
17	2
18	47
19	54
20	93
/

sigma(i)	Size
/
0	0
1	4
2	2
3	3
4	8
5	3
6	1
7	2
8	4
9	6
10	7
11	7
12	5
13	5
14	1
15	9
16	5
17	1
18	7
19	5
20	2
/

epsilon(i)	Priority
/
0	0
1	4
2	6
3	7
4	8
5	8
6	6
7	7
8	1
9	5
10	5
11	8
12	4
13	6
14	2
15	3
16	6
17	7
18	2
19	4
20	4
/

psi	Vehicle Capacity
/ 13 /
;

Table kappa(i,j)                 Setup
         0        1        2        3        4        5        6        7        8        9        10       11       12       13       14       15       16       17       18       19       20       
0        0        138      173      75       167      90       59       91       87       133      187      130      163      97       100      81       102      196      164      174      128      
1        138      0        93       65       77       48       79       90       130      69       58       75       108      55       51       58       91       70       45       115      53       
2        173      93       0        108      169      105      130      82       111      39       67       166      26       82       131      119      73       63       54       26       51       
3        75       65       108      0        116      18       21       47       77       68       112      89       107      25       46       20       55       121      89       117      58       
4        167      77       169      116      0        99       115      156      193      146      119      39       185      121      71       97       161      131      117      192      129      
5        90       48       105      18       99       0        31       59       94       68       99       75       109      26       32       13       65       109      78       119      54       
6        59       79       130      21       115      31       0        63       86       90       131      83       128      47       44       22       73       141      109      139      80       
7        91       90       82       47       156      59       63       0        40       46       115      134      71       36       91       67       10       120      90       82       49       
8        87       130      111      77       193      94       86       40       0        82       154      166      92       75       123      98       43       158      130      102      89       
9        133      69       39       68       146      68       90       46       82       0        73       135      41       43       96       81       39       76       50       51       17       
10       187      58       67       112      119      99       131      115      154      73       0        129      92       91       109      111      111      12       24       93       65       
11       130      75       166      89       39       75       83       134      166      135      129      0        177      101      43       68       140      141      120      185      119      
12       163      108      26       107      185      109      128      71       92       41       92       177      0        83       138      122      61       89       75       11       57       
13       97       55       82       25       121      26       47       36       75       43       91       101      83       0        58       39       40       99       68       93       33       
14       100      51       131      46       71       32       44       91       123      96       109      43       138      58       0        25       97       121      93       147      81       
15       81       58       119      20       97       13       22       67       98       81       111      68       122      39       25       0        74       122      91       132      68       
16       102      91       73       55       161      65       73       10       43       39       111      140      61       40       97       74       0        115      87       72       46       
17       196      70       63       121      131      109      141      120      158      76       12       141      89       99       121      122      115      0        31       89       71       
18       164      45       54       89       117      78       109      90       130      50       24       120      75       68       93       91       87       31       0        79       41       
19       174      115      26       117      192      119      139      82       102      51       93       185      11       93       147      132      72       89       79       0        66       
20       128      53       51       58       129      54       80       49       89       17       65       119      57       33       81       68       46       71       41       66       0        
;



Table delta(i,j)                 Distance
         0        1        2        3        4        5        6        7        8        9        10       11       12       13       14       15       16       17       18       19       20       
0        0        240      1740     1820     1040     920      480      1060     1880     2100     2440     1680     2860     1120     2120     2800     80       4000     1860     2500     2200     
1        240      0        99       98       64       50       25       61       105      117      129      93       152      55       117      153      16       213      104      138      115      
2        1740     99       0        70       37       101      88       89       72       53       93       59       83       98       78       57       84       116      30       63       132      
3        1820     98       70       0        56       130      73       127      134      122      31       11       58       57       143      118      91       170      43       133      182      
4        1040     64       37       56       0        78       51       72       80       75       86       46       95       63       90       94       50       154      42       91       126      
5        920      50       101      130      78       0        70       17       71       93       161      121      174      102      82       142      43       199      119      114      65       
6        480      25       88       73       51       70       0        76       112      117      104      70       130      31       123      144      27       205      86       136      134      
7        1060     61       89       127      72       17       76       0        53       76       158      117      166      107      64       126      50       182      110      97       58       
8        1880     105      72       134      80       71       112      53       0        29       162      123      155      138      11       84       90       134      101      47       66       
9        2100     117      53       122      75       93       117      76       29       0        146      111      133      138      28       55       101      107      84       21       95       
10       2440     129      93       31       86       161      104      158      162      146      0        41       43       83       169      132      123      176      62       154      213      
11       1680     93       59       11       46       121      70       117      123      111      41       0        60       59       132      108      85       162      33       122      172      
12       2860     152      83       58       95       174      130      166      155      133      43       60       0        116      160      103      142      139      56       135      215      
13       1120     55       98       57       63       102      31       107      138      138      83       59       116      0        149      155      59       213      86       155      165      
14       2120     117      78       143      90       82       123      64       11       28       169      132      160      149      0        82       102      128      108      42       69       
15       2800     153      57       118      94       142      144      126      84       55       132      108      103      155      82       0        137      60       75       42       150      
16       80       16       84       91       50       43       27       50       90       101      123      85       142      59       102      137      0        197      92       121      107      
17       4000     213      116      170      154      199      205      182      134      107      176      162      139      213      128      60       197      0        129      87       196      
18       1860     104      30       43       42       119      86       110      101      84       62       33       56       86       108      75       92       129      0        91       159      
19       2500     138      63       133      91       114      136      97       47       21       154      122      135      155      42       42       121      87       91       0        111      
20       2200     115      132      182      126      65       134      58       66       95       213      172      215      165      69       150      107      196      159      111      0        
;

