
sets
i        orders          /0*20/
k        routes          /1*20/
p        positions       /0*20/
;

alias(i,j)
alias(i,h)
alias(i,hh)
alias(i,jj)
alias(k,kk)
                
                    Parameters

rho(i)	Processing time
/
0	0
1	67
2	71
3	96
4	74
5	10
6	1
7	35
8	86
9	8
10	96
11	78
12	84
13	30
14	63
15	87
16	62
17	24
18	53
19	85
20	33
/

gamma(i)	Duedate
/
0	0
1	90
2	37
3	6
4	49
5	74
6	87
7	1
8	33
9	1
10	11
11	90
12	25
13	59
14	97
15	51
16	49
17	22
18	28
19	91
20	67
/

sigma(i)	Size
/
0	0
1	2
2	7
3	5
4	8
5	2
6	4
7	9
8	2
9	9
10	5
11	9
12	8
13	1
14	7
15	5
16	2
17	9
18	6
19	6
20	3
/

epsilon(i)	Priority
/
0	0
1	6
2	7
3	2
4	7
5	8
6	7
7	6
8	2
9	5
10	5
11	9
12	8
13	4
14	3
15	5
16	7
17	1
18	6
19	8
20	6
/

psi	Vehicle Capacity
/ 14 /
;

Table kappa(i,j)                 Setup
         0        1        2        3        4        5        6        7        8        9        10       11       12       13       14       15       16       17       18       19       20       
0        0        79       154      189      215      26       64       34       56       147      82       127      129      87       239      48       194      135      93       149      209      
1        79       0        80       193      164      102      65       62       113      102      37       101      50       96       184      31       166      92       24       159      148      
2        154      80       0        188      101      173      110      127      171      68       75       92       51       126      114      106      130      68       61       167      74       
3        189      193      188      0        140      179      135      161      144      120      156      98       217      104      163      180      78       120      176      39       169      
4        215      164      101      140      0        224      153      182      205      67       137      93       151      145      26       176      62       80       140      143      36       
5        26       102      173      179      224      0        71       45       37       156      98       132      152      85       249      71       195      144      113      139      222      
6        64       65       110      135      153      71       0        30       61       85       37       63       106      32       177      45       130      72       59       98       151      
7        34       62       127      161      182      45       30       0        51       114      52       93       111      57       206      32       160      101      69       122      177      
8        56       113      171      144      205      37       61       51       0        140      96       111      161      59       231      83       169      128      116      105      209      
9        147      102      68       120      67       156      85       114      140      0        71       33       105      82       92       110      66       12       78       104      69       
10       82       37       75       156      137      98       37       52       96       71       0        64       70       63       159      39       130      59       23       123      128      
11       127      101      92       98       93       132      63       93       111      33       64       0        118      52       119      98       68       25       80       75       101      
12       129      50       51       217      151      152      106      111      161      105      70       118      0        133      165      81       171      100      46       189      125      
13       87       96       126      104      145      85       32       57       59       82       63       52       133      0        171      78       110      71       87       66       152      
14       239      184      114      163      26       249      177      206      231      92       159      119      165      171      0        198      84       105      160      168      40       
15       48       31       106      180      176      71       45       32       83       110      39       98       81       78       198      0        166      98       44       144      166      
16       194      166      130      78       62       195      130      160      169      66       130      68       171      110      84       166      0        74       143      86       92       
17       135      92       68       120      80       144      72       101      128      12       59       25       100      71       105      98       74       0        69       99       81       
18       93       24       61       176      140      113      59       69       116      78       23       80       46       87       160      44       143      69       0        145      124      
19       149      159      167      39       143      139      98       122      105      104      123      75       189      66       168      144      86       99       145      0        164      
20       209      148      74       169      36       222      151      177      209      69       128      101      125      152      40       166      92       81       124      164      0        
;



Table delta(i,j)                 Distance
         0        1        2        3        4        5        6        7        8        9        10       11       12       13       14       15       16       17       18       19       20       
0        0        3680     220      3880     1500     2480     3720     3840     1080     1580     4120     2140     4420     2580     2220     440      3160     1100     3040     2260     3980     
1        3680     0        173      32       200      147      48       168      140      109      130      79       149      167      183      190      222      156      85       177      130      
2        220      173      0        184      72       114      176      182      43       68       195      97       210      120      105      24       152      52       140      105      188      
3        3880     32       184      0        221      175      20       200      157      127      163      86       182      195      209      204      251      158      116      203      162      
4        1500     200      72       221      0        80       219      141      67       94       172      142      182      74       48       53       86       123      137      53       164      
5        2480     147      114      175      80       0        181      68       75       77       92       120      102      19       40       111      75       148      67       33       84       
6        3720     48       176      20       219      181      0        211      153      124      177      79       197      200      212      197      256      146      126      206      176      
7        3840     168      182      200      141      68       211      0        142      137      52       171      49       67       94       178      90       213      85       88       47       
8        1080     140      43       157      67       75       153      142      0        30       152      75       168      86       78       52       129      73       97       77       145      
9        1580     109      68       127      94       77       124      137      30       0        136      49       154      93       94       82       143      78       75       90       129      
10       4120     130      195      163      172      92       177      52       152      136      0        156      20       101      129      198      139      214      64       122      8        
11       2140     79       97       86       142      120      79       171      75       49       156      0        175      138      143      118      191      77       92       139      151      
12       4420     149      210      182      182      102      197      49       168      154      20       175      0        109      136      212      139      232      83       130      24       
13       2580     167      120      195      74       19       200      67       86       93       101      138      109      0        27       113      55       159      85       21       93       
14       2220     183      105      209      48       40       212      94       78       94       129      143      136      27       0        93       50       150      106      7        121      
15       440      190      24       204      53       111      197      178      52       82       198      118      212      113      93       0        138      76       148      95       190      
16       3160     222      152      251      86       75       256      90       129      143      139      191      139      55       50       138      0        200      139      53       131      
17       1100     156      52       158      123      148      146      213      73       78       214      77       232      159      150      76       200      0        152      149      208      
18       3040     85       140      116      137      67       126      85       97       75       64       92       83       85       106      148      139      152      0        100      59       
19       2260     177      105      203      53       33       206      88       77       90       122      139      130      21       7        95       53       149      100      0        114      
20       3980     130      188      162      164      84       176      47       145      129      8        151      24       93       121      190      131      208      59       114      0        
;

