

sets
i        orders          /0*80/
k        routes          /1*80/
p        positions       /0*80/
;

alias(i,j)
alias(i,h)
alias(i,hh)
alias(i,jj)
alias(k,kk)
                            Parameters

rho(i)	Processing time
/
0	0
1	71
2	50
3	20
4	12
5	97
6	50
7	30
8	77
9	94
10	40
11	20
12	30
13	53
14	49
15	59
16	56
17	52
18	77
19	66
20	64
21	84
22	84
23	7
24	30
25	46
26	74
27	38
28	95
29	79
30	52
31	90
32	99
33	7
34	41
35	68
36	34
37	62
38	63
39	65
40	47
41	5
42	19
43	42
44	89
45	35
46	44
47	27
48	33
49	86
50	95
51	9
52	94
53	14
54	3
55	50
56	16
57	69
58	57
59	18
60	76
61	32
62	13
63	17
64	54
65	25
66	3
67	39
68	64
69	6
70	9
71	82
72	80
73	57
74	62
75	38
76	48
77	17
78	39
79	47
80	84
/

gamma(i)	Duedate
/
0	0
1	18
2	79
3	95
4	59
5	26
6	63
7	17
8	36
9	5
10	41
11	45
12	24
13	77
14	55
15	66
16	46
17	88
18	1
19	47
20	19
21	88
22	83
23	27
24	32
25	90
26	99
27	97
28	60
29	75
30	48
31	87
32	72
33	93
34	91
35	49
36	83
37	39
38	6
39	81
40	56
41	1
42	6
43	57
44	49
45	47
46	36
47	49
48	55
49	44
50	20
51	90
52	52
53	86
54	53
55	89
56	47
57	36
58	89
59	4
60	87
61	26
62	73
63	51
64	36
65	83
66	49
67	72
68	46
69	49
70	50
71	44
72	20
73	77
74	49
75	28
76	54
77	11
78	45
79	10
80	54
/

sigma(i)	Size
/
0	0
1	2
2	2
3	2
4	1
5	2
6	9
7	2
8	3
9	3
10	2
11	6
12	4
13	5
14	7
15	1
16	5
17	8
18	8
19	5
20	5
21	1
22	7
23	7
24	8
25	3
26	8
27	5
28	1
29	7
30	2
31	4
32	7
33	3
34	5
35	7
36	1
37	4
38	2
39	3
40	7
41	2
42	9
43	9
44	4
45	5
46	4
47	5
48	2
49	5
50	8
51	1
52	7
53	3
54	3
55	4
56	8
57	5
58	7
59	5
60	1
61	1
62	2
63	3
64	8
65	7
66	7
67	5
68	2
69	9
70	6
71	9
72	3
73	9
74	9
75	3
76	2
77	8
78	1
79	8
80	1
/

epsilon(i)	Priority
/
0	0
1	8
2	5
3	1
4	2
5	1
6	5
7	9
8	6
9	5
10	6
11	3
12	2
13	6
14	4
15	3
16	3
17	3
18	3
19	1
20	9
21	4
22	8
23	4
24	2
25	1
26	4
27	8
28	5
29	8
30	5
31	3
32	6
33	9
34	4
35	4
36	7
37	1
38	5
39	9
40	1
41	9
42	1
43	8
44	3
45	8
46	7
47	7
48	3
49	5
50	6
51	1
52	2
53	5
54	3
55	5
56	9
57	4
58	1
59	2
60	6
61	8
62	7
63	6
64	7
65	9
66	4
67	9
68	6
69	3
70	4
71	4
72	8
73	5
74	1
75	2
76	2
77	6
78	3
79	5
80	5
/

psi	Vehicle Capacity
/ 38 /
;

Table kappa(i,j)                 Setup
         0        1        2        3        4        5        6        7        8        9        10       11       12       13       14       15       16       17       18       19       20       21       22       23       24       25       26       27       28       29       30       31       32       33       34       35       36       37       38       39       40       41       42       43       44       45       46       47       48       49       50       51       52       53       54       55       56       57       58       59       60       61       62       63       64       65       66       67       68       69       70       71       72       73       74       75       76       77       78       79       80       
0        0        2066     2320     5177     6510     567      6090     3513     2524     3855     6509     771      6151     488      4429     2918     4835     6171     6306     4840     3916     3965     4269     5816     6755     4922     2591     8970     5027     4113     4304     4704     2853     4971     6709     6507     6343     9086     6676     6774     4643     8140     6510     6517     7727     2605     3580     6208     5988     6302     4746     6386     6313     6061     3180     1729     6605     6825     5666     4383     2869     3586     5463     1348     6008     3526     2593     6930     4399     6642     2452     1694     3237     6591     7735     7631     7095     7062     3833     7793     2391     
1        2066     0        3837     3942     7032     2101     6119     4178     1460     2716     5740     1489     4341     2443     2832     893      4558     5602     4263     4090     3521     2100     2203     4227     5603     3151     2860     8212     3667     5093     2501     3504     3861     4238     7539     5341     7176     8088     4622     7316     2578     7598     4514     6985     7052     2457     1527     6543     5065     6621     3637     5548     4422     4100     3164     369      5302     5924     3746     3787     2147     1533     3871     2364     4164     2456     3826     7575     2334     4586     428      2776     3038     5901     6409     6726     7061     7368     4097     6941     1441     
2        2320     3837     0        5234     4539     1893     4594     1846     3326     4120     5815     3041     6875     1852     5071     4446     3867     5294     7582     4403     3345     5053     5849     6234     6487     5719     1978     8055     5262     1980     5242     4813     1029     4485     4526     6284     4169     8441     7994     4773     6151     7042     7608     4587     6805     2464     5095     4412     5542     4512     4740     5786     7175     7095     2506     3626     6546     6248     6638     3887     3142     5297     5929     1486     6804     3834     582      4850     5923     7974     4266     1126     2742     5797     7599     6980     5564     5230     2534     7065     3187     
3        5177     3942     5234     0        5307     4773     3733     3965     2702     1324     2091     5064     2157     5225     1353     3353     2315     2294     3746     1206     2015     2334     3627     1212     1660     1712     3258     4393     404      4926     1989     473      4431     1263     6292     1399     6021     4155     4134     5561     3545     4023     3382     5171     3370     2837     3309     4599     1321     4624     494      1837     2616     2894     2759     4221     1428     2101     2485     1565     2330     3826     1089     4261     2236     1651     4775     5960     3505     4154     3986     4322     2501     2336     2557     2856     4320     5163     3240     3101     2815     
4        6510     7032     4539     5307     0        5953     1687     3005     5712     5233     4083     7030     7462     6147     6211     7120     3034     3450     8980     4122     3830     6879     8172     6494     5345     6828     4198     5077     5635     2571     6766     5221     3687     4046     1151     5316     1080     5939     9388     285      8281     3915     8676     181      4145     4578     7531     726      4482     731      4996     4274     7924     8172     3884     7034     5794     4562     7733     3946     5046     7967     6395     5193     7542     5216     4042     653      8137     9400     7371     4816     4058     3852     6343     4855     1898     869      2936     4748     5669     
5        567      2101     1893     4773     5953     0        5525     2952     2206     3464     6006     1161     5905     457      4137     2869     4292     5646     6220     4353     3397     3787     4269     5494     6313     4678     2037     8454     4654     3587     4088     4302     2315     4479     6180     6070     5812     8602     6607     6219     4619     7603     6371     5957     7205     2097     3542     5643     5513     5736     4323     5893     6105     5899     2636     1822     6197     6339     5481     3881     2443     3629     5147     781      5779     3134     2088     6382     4378     6577     2521     1138     2711     6077     7322     7140     6530     6497     3268     7293     2063     
6        6090     6119     4594     3733     1687     5525     0        2761     4689     3905     2400     6453     5865     5826     4780     6023     1639     1762     7466     2606     2633     5560     6899     4885     3657     5346     3525     3764     4090     2946     5380     3720     3581     2504     2810     3631     2643     4473     7861     1899     6952     2626     7114     1522     2655     3720     6329     967      2806     956      3486     2587     6335     6626     3019     6202     4111     2887     6205     2563     3992     6806     4820     4746     5963     3966     4019     2322     6836     7878     6396     4460     3091     2180     4667     3251     1005     1435     2258     3184     4684     
7        3513     4178     1846     3965     3005     2952     2761     0        3052     3181     4095     4027     5923     3174     4247     4451     2134     3526     7020     2911     1949     4584     5705     5115     4933     4929     1338     6236     4112     1043     4624     3632     821      2954     3365     4764     3000     6683     7444     3275     5909     5202     6895     3005     4995     1859     4983     2709     3947     2805     3489     4106     6305     6365     1361     4123     5102     4559     5895     2431     2518     5339     4871     2188     5911     2999     1265     3467     5718     7439     4558     1819     1637     4041     6067     5244     3747     3559     788      5303     2966     
8        2524     1460     3326     2702     5712     2206     4689     3052     0        1386     4328     2363     3712     2661     1930     1418     3105     4154     4256     2655     2070     1727     2666     3297     4334     2494     1729     6814     2514     4062     1946     2233     2976     2802     6329     4078     5977     6767     4669     5998     2906     6156     4300     5649     5629     1195     1932     5176     3691     5248     2316     4152     3943     3798     1836     1632     4122     4552     3354     2329     697      2294     2946     1942     3599     1077     3100     6289     2698     4650     1706     2208     1656     4474     5252     5362     5616     5980     2794     5562     147      
9        3855     2716     4120     1324     5233     3464     3905     3181     1386     0        3037     3748     2786     3919     1069     2284     2270     2975     3875     1457     1423     1659     2994     2121     2949     1750     2168     5497     1197     4216     1540     852      3453     1602     6055     2692     5737     5394     4298     5511     3059     4932     3715     5131     4355     1657     2456     4593     2348     4645     934      2835     3138     3185     1830     2960     2752     3208     2716     1341     1041     2956     1809     3001     2749     329      3730     5864     2933     4298     2833     3117     1549     3216     3882     4011     4715     5308     2606     4225     1493     
10       6509     5740     5815     2091     4083     6006     2400     4095     4328     3037     0        6598     3886     6417     3434     5300     1963     659      5660     1689     2618     4400     5715     2928     1286     3779     4070     2488     2493     4761     4076     2372     4823     1548     5210     1321     5032     2637     6010     4276     5635     1937     5193     3912     1319     3909     5353     3368     770      3351     2176     270      4364     4772     3445     5956     1813     503      4430     2126     3735     5870     3003     5323     4042     3283     5255     4703     5595     6040     5870     5217     3310     281      2269     1166     2577     3651     3319     1288     4398     
11       771      1489     3041     5064     7030     1161     6453     4027     2363     3748     6598     0        5775     1255     4146     2381     5074     6330     5745     4910     4088     3541     3650     5555     6696     4560     2931     9084     4859     4731     3918     4596     3451     5050     7315     6440     6946     9107     6097     7302     4039     8328     6003     7021     7863     2795     3010     6669     6012     6759     4675     6447     5887     5583     3454     1121     6481     6868     5218     4497     2868     2941     5197     1848     5611     3434     3247     7487     3796     6058     1817     2257     3449     6711     7609     7679     7449     7522     4229     7863     2257     
12       6151     4341     6875     2157     7462     5905     5865     5923     3712     2786     3886     5775     0        6355     1810     3481     4468     4288     1825     3360     4017     2241     2856     984      2820     1229     4950     5638     1868     6936     1857     2335     6239     3421     8448     2649     8173     5003     2138     7714     2554     5646     1308     7324     4941     4417     3030     6750     3186     6773     2528     3616     479      945      4600     4702     2232     3660     814      3657     3733     3425     1085     5625     239      3046     6510     8115     2668     2173     4164     5819     4319     4166     2885     4164     6364     7283     5267     4446     3858     
13       488      2443     1852     5225     6147     457      5826     3174     2661     3919     6417     1255     6355     0        4591     3254     4661     6037     6627     4777     3800     4219     4637     5951     6755     5126     2397     8850     5111     3698     4530     4754     2464     4900     6294     6514     5929     9024     7007     6405     4999     7976     6795     6163     7597     2516     3925     5882     5942     5978     4772     6312     6548     6329     3013     2130     6648     6761     5918     4297     2895     3975     5603     1112     6225     3589     2167     6542     4756     6976     2849     1369     3110     6479     7771     7558     6832     6733     3571     7705     2519     
14       4429     2832     5071     1353     6211     4137     4780     4247     1930     1069     3434     4146     1810     4591     0        2110     3189     3565     2816     2186     2463     985      2281     1409     2919     682      3174     5734     971      5284     644      1107     4480     2306     7081     2662     6771     5424     3236     6484     2231     5370     2648     6098     4723     2626     1971     5544     2668     5587     1338     3185     2109     2117     2891     3159     2526     3452     1647     2265     1929     2484     1050     3818     1732     1270     4726     6852     2168     3239     2785     4009     2611     3669     3601     4190     5496     6209     3672     4443     2074     
15       2918     893      4446     3353     7120     2869     6023     4451     1418     2284     5300     2381     3481     3254     2110     0        4399     5258     3388     3736     3390     1257     1412     3455     4994     2323     3115     7722     3027     5440     1678     2959     4287     3883     7747     4733     7394     7501     3759     7405     1750     7212     3622     7051     6619     2606     673      6565     4577     6634     3131     5083     3539     3206     3252     1262     4633     5419     2859     3534     2074     890      3108     2963     3295     2107     4336     7703     1510     3725     693      3332     3061     5492     5710     6200     6909     7354     4211     6434     1488     
16       4835     4558     3867     2315     3034     4292     1639     2134     3105     2270     1963     5074     4468     4661     3189     4399     0        1430     5946     1109     1037     3928     5263     3524     2863     3794     2264     4229     2615     2874     3768     2188     2863     1062     3980     2727     3705     4575     6354     3301     5325     3314     5652     2913     2971     2279     4690     2355     1869     2397     1966     1975     4919     5142     1655     4678     3127     2425     4700     933      2411     5169     3388     3549     4530     2328     3300     3682     5203     6365     4807     3370     1624     1930     3994     3120     2514     3039     1355     3198     3117     
17       6171     5602     5294     2294     3450     5646     1762     3526     4154     2975     659      6330     4288     6037     3565     5258     1430     0        6004     1523     2256     4486     5831     3308     1895     4005     3651     2816     2695     4136     4207     2459     4284     1375     4567     1879     4381     3157     6375     3654     5796     2006     5581     3283     1560     3569     5394     2729     1110     2718     2234     824      4767     5129     3027     5784     2366     1163     4750     1840     3509     5905     3319     4929     4420     3170     4724     4080     5729     6400     5777     4780     2935     520      2923     1728     2076     3073     2768     1777     4203     
18       6306     4263     7582     3746     8980     6220     7466     7020     4256     3875     5660     5745     1825     6627     2816     3388     5946     6004     0        4871     5279     2529     2144     2734     4643     2160     5843     7457     3376     8063     2401     3761     7154     4964     9886     4464     9581     6782     423      9246     1741     7462     635      8857     6759     5274     2736     8292     4929     8327     3990     5390     1389     891      5659     4625     4056     5469     1261     5048     4560     2873     2685     6166     1632     4022     7334     9628     1973     422      3937     6461     5386     5936     4649     5989     8060     8900     6482     6271     4394     
19       4840     4090     4403     1206     4122     4353     2606     2911     2655     1457     1689     4910     3360     4777     2186     3736     1109     1523     4871     0        1059     3033     4386     2418     2083     2741     2510     4177     1513     3808     2805     1114     3493     148      5088     1884     4814     4249     5273     4382     4395     3508     4554     3992     2975     2260     3900     3424     1172     3456     882      1546     3812     4050     1911     4287     2191     1986     3616     516      2046     4406     2280     3707     3425     1647     3886     4773     4302     5288     4255     3654     1718     1819     3199     2790     3316     4040     2142     2958     2717     
20       3916     3521     3345     2015     3830     3397     2633     1949     2070     1423     2618     4088     4017     3800     2463     3390     1037     2256     5279     1059     0        3050     4346     3173     3143     3127     1465     5056     2175     2929     2963     1695     2455     1152     4632     2939     4314     5242     5699     4111     4451     4243     5074     3737     3810     1312     3728     3216     2218     3276     1540     2530     4423     4547     853      3643     3218     2987     4083     543      1374     4189     2946     2705     4027     1386     2835     4453     4307     5702     3774     2615     691      2679     4254     3770     3546     3976     1250     3907     2080     
21       3965     2100     5053     2334     6879     3787     5560     4584     1727     1659     4400     3541     2241     4219     985      1257     3928     4486     2529     3033     3050     0        1352     2220     3896     1066     3345     6719     1956     5625     426      2038     4645     3167     7661     3640     7331     6396     2944     7159     1402     6338     2593     6782     5699     2775     990      6249     3640     6302     2254     4157     2352     2112     3241     2460     3476     4435     1701     2996     2074     1500     1882     3653     2070     1671     4808     7503     1276     2928     1950     3935     2984     4627     4514     5175     6343     6967     4138     5428     1867     
22       4269     2203     5849     3627     8172     4269     6899     5705     2666     2994     5715     3650     2856     4637     2281     1412     5263     5831     2144     4386     4346     1352     0        3232     5093     2055     4394     7964     3231     6725     1639     3373     5630     4520     8902     4849     8562     7551     2462     8455     403      7650     2530     8083     6995     3846     754      7561     4947     7618     3596     5464     2729     2249     4415     2548     4610     5710     2069     4336     3207     730      2955     4371     2626     2960     5713     8785     193      2419     1833     4730     4183     5950     5552     6417     7694     8297     5353     6680     2772     
23       5816     4227     6234     1212     6494     5494     4885     5115     3297     2121     2928     5555     984      5951     1409     3455     3524     3308     2734     2418     3173     2220     3232     0        1962     1197     4266     4845     1003     6101     1793     1482     5511     2466     7497     1755     7230     4334     3083     6742     3024     4743     2275     6353     4045     3776     3173     5779     2210     5799     1638     2657     1461     1844     3841     4561     1414     2744     1528     2762     3149     3648     358      5103     1116     2428     5821     7147     3067     3112     4145     5238     3567     3205     2326     3324     5382     6300     4418     3602     3435     
24       6755     5603     6487     1660     5345     6313     3657     4933     4334     2949     1286     6696     2820     6755     2919     4994     2863     1895     4643     2083     3143     3896     5093     1962     0        3045     4580     2890     1967     5737     3504     2110     5565     2005     6458     261      6261     2508     4955     5548     4933     2830     4116     5178     2125     4269     4886     4624     994      4613     2021     1071     3281     3755     3992     5880     595      897      3484     2600     3885     5395     2160     5726     3013     3262     5965     5974     4944     4992     5639     5713     3785     1552     1135     1361     3855     4937     4146     1640     4439     
25       4922     3151     5719     1712     6828     4678     5346     4929     2494     1750     3779     4560     1229     5126     682      2323     3794     4005     2160     2741     3127     1066     2055     1197     3045     0        3845     5928     1310     5966     650      1626     5154     2845     7725     2806     7421     5496     2576     7096     1892     5689     1966     6708     5013     3290     1982     6147     3010     6185     1860     3516     1458     1436     3573     3505     2555     3711     966      2888     2584     2451     900      4422     1105     1948     5390     7473     1901     2583     3016     4639     3293     4035     3523     4384     6006     6781     4347     4652     2641     
26       2591     2860     1978     3258     4198     2037     3525     1338     1729     2168     4070     2931     4950     2397     3174     3115     2264     3651     5843     2510     1465     3345     4394     4266     4580     3845     0        6467     3287     2332     3447     2835     1313     2613     4681     4362     4320     6701     6265     4480     4620     5578     5787     4166     5211     570      3662     3769     3679     3855     2765     3993     5281     5262     626      2838     4593     4451     4795     1999     1283     4004     3970     1285     4899     1907     1561     4721     4420     6254     3229     1149     794      4109     5670     5229     4525     4616     1305     5355     1634     
27       8970     8212     8055     4393     5077     8454     3764     6236     6814     5497     2488     9084     5638     8850     5734     7722     4229     2816     7457     4177     5056     6719     7964     4845     2890     5928     6467     0        4763     6662     6350     4762     7030     4035     6194     3122     6157     1096     7732     5145     7820     1164     6887     4898     1258     6365     7701     4529     3151     4461     4595     2664     6070     6583     5843     8438     3436     2302     6352     4595     6223     8217     5049     7744     5849     5759     7476     5531     7822     7775     8320     7595     5743     2380     2914     1547     3179     4311     5522     1292     6886     
28       5027     3667     5262     404      5635     4654     4090     4112     2514     1197     2493     4859     1868     5111     971      3027     2615     2695     3376     1513     2175     1956     3231     1003     1967     1310     3287     4763     0        5104     1596     480      4515     1593     6593     1707     6311     4475     3771     5894     3142     4422     3041     5504     3764     2819     2940     4934     1722     4964     659      2236     2307     2540     2842     3963     1637     2483     2115     1789     2239     3455     783      4197     1916     1524     4833     6286     3106     3788     3679     4297     2570     2740     2756     3219     4707     5524     3422     3471     2639     
29       4113     5093     1980     4926     2571     3587     2946     1043     4062     4216     4761     4731     6936     3698     5284     5440     2874     4136     8063     3808     2929     5625     6725     6101     5737     5966     2332     6662     5104     0        5668     4624     1282     3826     2597     5594     2231     7242     8487     2797     6940     5554     7932     2632     5472     2880     5995     2536     4743     2635     4465     4819     7328     7402     2404     4996     5970     5251     6932     3366     3554     6330     5873     2899     6933     4041     1534     2872     6745     8482     5491     2476     2678     4656     6869     5860     3822     3308     1686     5876     3966     
30       4304     2501     5242     1989     6766     4088     5380     4624     1946     1540     4076     3918     1857     4530     644      1678     3768     4207     2401     2805     2963     426      1639     1793     3504     650      3447     6350     1596     5668     0        1748     4759     2931     7595     3252     7275     5996     2824     7042     1593     6011     2365     6660     5359     2878     1397     6114     3308     6162     1976     3825     2017     1854     3265     2856     3067     4079     1408     2835     2163     1895     1458     3888     1704     1636     4957     7400     1524     2816     2371     4139     2995     4312     4093     4803     6121     6803     4117     5060     2092     
31       4704     3504     4813     473      5221     4302     3720     3632     2233     852      2372     4596     2335     4754     1107     2959     2188     2459     3761     1114     1695     2038     3373     1482     2110     1626     2835     4762     480      4624     1748     0        4045     1220     6155     1850     5866     4584     4166     5485     3339     4307     3468     5096     3682     2390     2981     4531     1625     4566     235      2138     2762     2955     2371     3772     1901     2460     2511     1326     1860     3498     1255     3800     2367     1177     4372     5870     3270     4179     3571     3874     2102     2591     3031     3243     4398     5155     2943     3474     2344     
32       2853     3861     1029     4431     3687     2315     3581     821      2976     3453     4823     3451     6239     2464     4480     4287     2863     4284     7154     3493     2455     4645     5630     5511     5565     5154     1313     7030     4515     1282     4759     4045     0        3560     3865     5376     3498     7438     7575     3942     5882     6012     7100     3711     5782     1881     4883     3472     4598     3570     3939     4809     6583     6575     1674     3739     5673     5269     6107     2985     2595     5175     5233     1616     6198     3209     447      4079     5672     7563     4270     1194     1944     4792     6690     5984     4562     4311     1515     6059     2860     
33       4971     4238     4485     1263     4046     4479     2504     2954     2802     1602     1548     5050     3421     4900     2306     3883     1062     1375     4964     148      1152     3167     4520     2466     2005     2845     2613     4035     1593     3826     2931     1220     3560     0        5031     1817     4764     4123     5362     4303     4522     3360     4632     3912     2829     2384     4041     3342     1066     3371     984      1414     3879     4134     2005     4434     2151     1860     3705     614      2189     4549     2348     3824     3495     1795     3960     4699     4433     5378     4403     3760     1825     1673     3130     2660     3191     3939     2176     2823     2863     
34       6709     7539     4526     6292     1151     6180     2810     3365     6329     6055     5210     7315     8448     6294     7081     7747     3980     4567     9886     5088     4632     7661     8902     7497     6458     7725     4681     6194     6593     2597     7595     6155     3865     5031     0        6415     368      7079     10300    1049     9050     5038     9623     1331     5293     5145     8221     1843     5566     1868     5940     5391     8899     9108     4502     7488     6885     5696     8657     4841     5708     8621     7368     5471     8510     5990     4127     698      8887     10308    7911     5057     4721     4988     7477     6006     3025     1892     3551     5899     6263     
35       6507     5341     6284     1399     5316     6070     3631     4764     4078     2692     1321     6440     2649     6514     2662     4733     2727     1879     4464     1884     2939     3640     4849     1755     261      2806     4362     3122     1707     5594     3252     1850     5376     1817     6415     0        6206     2768     4787     5529     4697     2998     3953     5153     2295     4037     4630     4592     872      4587     1767     1076     3118     3573     3783     5619     491      1014     3283     2398     3637     5140     1930     5493     2831     3007     5770     5953     4702     4822     5378     5490     3568     1600     1315     1581     3897     4948     3980     1855     4183     
36       6343     7176     4169     6021     1080     5812     2643     3000     5977     5737     5032     6946     8173     5929     6771     7394     3705     4381     9581     4814     4314     7331     8562     7230     6261     7421     4320     6157     6311     2231     7275     5866     3498     4764     368      6206     0        7005     9998     1072     8716     4994     9332     1258     5202     4790     7875     1696     5347     1739     5655     5200     8619     8814     4155     7123     6668     5525     8360     4545     5362     8271     7090     5103     8228     5662     3763     845      8549     10004    7550     4689     4379     4822     7302     5878     2977     1911     3208     5787     5909     
37       9086     8088     8441     4155     5939     8602     4473     6683     6767     5394     2637     9107     5003     9024     5424     7501     4575     3157     6782     4249     5242     6396     7551     4334     2508     5496     6701     1096     4475     7242     5996     4584     7438     4123     7079     2768     7005     0        7017     6039     7358     2085     6182     5758     1818     6508     7386     5330     3100     5274     4461     2713     5397     5939     6078     8351     2941     2263     5771     4729     6247     7891     4595     7942     5230     5690     7875     6443     7393     7066     8141     7850     5931     2645     2134     1472     4058     5230     5924     1380     6859     
38       6676     4622     7994     4134     9388     6607     7861     7444     4669     4298     6010     6097     2138     7007     3236     3759     6354     6375     423      5273     5699     2944     2462     3083     4955     2576     6265     7732     3771     8487     2824     4166     7575     5362     10300    4787     9998     7017     0        9652     2063     7783     844      9263     7078     5695     3097     8697     5290     8730     4393     5740     1674     1246     6083     4981     4363     5798     1657     5461     4982     3192     3061     6571     1968     4446     7751     10037    2304     63       4281     6872     5809     6288     4884     6288     8438     9294     6904     6570     4806     
39       6774     7316     4773     5561     285      6219     1899     3275     5998     5511     4276     7302     7714     6405     6484     7405     3301     3654     9246     4382     4111     7159     8455     6742     5548     7096     4480     5145     5894     2797     7042     5485     3942     4303     1049     5529     1072     6039     9652     0        8561     3990     8935     390      4264     4863     7815     963      4704     948      5259     4476     8178     8433     4170     7317     6010     4747     7996     4218     5332     8252     6650     5463     7797     5498     4287     427      8418     9665     7656     5081     4344     4037     6526     5003     1980     848      3220     4883     5954     
40       4643     2578     6151     3545     8281     4619     6952     5909     2906     3059     5635     4039     2554     4999     2231     1750     5325     5796     1741     4395     4451     1402     403      3024     4933     1892     4620     7820     3142     6940     1593     3339     5882     4522     9050     4697     8716     7358     2063     8561     0        7561     2136     8185     6894     4061     1077     7651     4865     7704     3569     5378     2385     1882     4592     2929     4426     5596     1748     4392     3394     1132     2776     4682     2318     3068     5987     8904     243      2022     2221     5027     4348     5881     5322     6276     7711     8364     5513     6544     3023     
41       8140     7598     7042     4023     3915     7603     2626     5202     6156     4932     1937     8328     5646     7976     5370     7212     3314     2006     7462     3508     4243     6338     7650     4743     2830     5689     5578     1164     4422     5554     6011     4307     6012     3360     5038     2998     4994     2085     7783     3990     7561     0        6945     3736     705      5551     7287     3365     2702     3297     4105     2186     6110     6571     4966     7787     3425     2000     6270     3846     5515     7804     4872     6863     5830     5151     6460     4384     7528     7819     7758     6674     4906     1721     3285     1573     2017     3164     4529     1313     6208     
42       6510     4514     7608     3382     8676     6371     7114     6895     4300     3715     5193     6003     1308     6795     2648     3622     5652     5581     635      4554     5074     2593     2530     2275     4116     1966     5787     6887     3041     7932     2365     3468     7100     4632     9623     3953     9332     6182     844      8935     2136     6945     0        8545     6240     5224     3011     7974     4486     8003     3685     4923     835      530      5538     4882     3522     4966     1000     4786     4510     3238     2294     6239     1161     3907     7315     9328     2343     888      4228     6502     5259     5473     4048     5445     7653     8542     6306     5727     4444     
43       6517     6985     4587     5171     181      5957     1522     3005     5649     5131     3912     7021     7324     6163     6098     7051     2913     3283     8857     3992     3737     6782     8083     6353     5178     6708     4166     4898     5504     2632     6660     5096     3711     3912     1331     5153     1258     5758     9263     390      8185     3736     8545     0        3964     4528     7450     574      4323     566      4869     4107     7787     8043     3828     6997     5632     4390     7607     3832     4977     7892     6260     5192     7406     5124     4078     801      8044     9276     7317     4822     3993     3680     6170     4675     1719     728      2888     4567     5609     
44       7727     7052     6805     3370     4145     7205     2655     4995     5629     4355     1319     7863     4941     7597     4723     6619     2971     1560     6759     2975     3810     5699     6995     4045     2125     5013     5211     1258     3764     5472     5359     3682     5782     2829     5293     2295     5202     1818     7078     4264     6894     705      6240     3964     0        5122     6661     3518     2060     3466     3492     1544     5405     5869     4587     7260     2720     1307     5573     3366     5015     7178     4183     6490     5127     4595     6227     4677     6868     7115     7188     6336     4494     1156     2628     903      2299     3483     4271     678      5692     
45       2605     2457     2464     2837     4578     2097     3720     1859     1195     1657     3909     2795     4417     2516     2626     2606     2279     3569     5274     2260     1312     2775     3846     3776     4269     3290     570      6365     2819     2880     2878     2390     1881     2384     5145     4037     4790     6508     5695     4863     4061     5551     5224     4528     5122     0        3123     4087     3428     4166     2353     3796     4735     4700     710      2495     4221     4244     4235     1783     715      3488     3466     1457     4357     1371     2100     5133     3865     5684     2793     1484     654      3985     5324     5043     4696     4917     1642     5195     1119     
46       3580     1527     5095     3309     7531     3542     6329     4983     1932     2456     5353     3010     3030     3925     1971     673      4690     5394     2736     3900     3728     990      754      3173     4886     1982     3662     7701     2940     5995     1397     2981     4883     4041     8221     4630     7875     7386     3097     7815     1077     7287     3011     7450     6661     3123     0        6942     4601     7004     3184     5117     3020     2632     3720     1889     4463     5410     2333     3782     2513     517      2849     3618     2823     2362     4959     8133     838      3061     1217     3975     3501     5569     5487     6159     7167     7702     4669     6409     2032     
47       6208     6543     4412     4599     726      5643     967      2709     5176     4593     3368     6669     6750     5882     5544     6565     2355     2729     8292     3424     3216     6249     7561     5779     4624     6147     3769     4529     4934     2536     6114     4531     3472     3342     1843     4592     1696     5330     8697     963      7651     3365     7974     574      3518     4087     6942     0        3756     99       4303     3553     7215     7474     3379     6576     5068     3853     7040     3280     4493     7393     5688     4867     6834     4600     3871     1373     7516     8710     6861     4521     3521     3144     5633     4182     1395     854      2468     4093     5145     
48       5988     5065     5542     1321     4482     5513     2806     3947     3691     2348     770      6012     3186     5942     2668     4577     1869     1110     4929     1172     2218     3640     4947     2210     994      3010     3679     3151     1722     4743     3308     1625     4598     1066     5566     872      5347     3100     5290     4704     4865     2702     4486     4323     2060     3428     4601     3756     0        3757     1446     517      3666     4046     3071     5302     1321     861      3686     1679     3148     5118     2254     4878     3327     2622     5008     5125     4826     5317     5169     4825     2889     1025     2128     1671     3186     4169     3158     1876     3774     
49       6302     6621     4512     4624     731      5736     956      2805     5248     4645     3351     6759     6773     5978     5587     6634     2397     2718     8327     3456     3276     6302     7618     5799     4613     6185     3855     4461     4964     2635     6162     4566     3570     3371     1868     4587     1739     5274     8730     948      7704     3297     8003     566      3466     4166     7004     99       3757     0        4337     3542     7239     7505     3457     6657     5066     3832     7073     3327     4563     7458     5714     4959     6860     4658     3971     1367     7571     8744     6936     4615     3595     3122     5613     4144     1314     763      2552     4048     5219     
