

sets
i        orders          /0*80/
k        routes          /1*80/
p        positions       /0*80/
;

alias(i,j)
alias(i,h)
alias(i,hh)
alias(i,jj)
alias(k,kk)
                            Parameters

rho(i)	Processing time
/
0	0
1	18
2	55
3	21
4	99
5	85
6	80
7	51
8	89
9	7
10	78
11	32
12	95
13	24
14	82
15	44
16	21
17	55
18	25
19	58
20	32
21	99
22	50
23	37
24	2
25	55
26	10
27	72
28	85
29	13
30	84
31	55
32	64
33	38
34	72
35	54
36	53
37	45
38	21
39	74
40	56
41	84
42	8
43	85
44	91
45	58
46	13
47	76
48	74
49	99
50	95
51	55
52	94
53	90
54	76
55	34
56	26
57	24
58	41
59	22
60	46
61	98
62	61
63	36
64	95
65	11
66	82
67	91
68	60
69	15
70	89
71	7
72	6
73	40
74	7
75	9
76	98
77	56
78	39
79	84
80	78
/

gamma(i)	Duedate
/
0	0
1	89
2	50
3	65
4	76
5	37
6	89
7	42
8	25
9	67
10	23
11	48
12	79
13	24
14	93
15	14
16	23
17	9
18	76
19	19
20	43
21	46
22	44
23	16
24	40
25	21
26	73
27	36
28	53
29	93
30	70
31	10
32	75
33	9
34	83
35	56
36	41
37	9
38	27
39	85
40	74
41	75
42	77
43	17
44	72
45	29
46	99
47	76
48	19
49	31
50	88
51	48
52	60
53	20
54	44
55	63
56	14
57	81
58	25
59	77
60	34
61	48
62	45
63	23
64	77
65	86
66	90
67	37
68	81
69	4
70	73
71	70
72	71
73	15
74	19
75	95
76	94
77	77
78	62
79	18
80	66
/

sigma(i)	Size
/
0	0
1	4
2	3
3	5
4	3
5	2
6	9
7	5
8	9
9	8
10	2
11	9
12	9
13	1
14	5
15	8
16	8
17	6
18	6
19	7
20	9
21	9
22	9
23	1
24	5
25	2
26	9
27	3
28	4
29	6
30	3
31	5
32	5
33	9
34	6
35	7
36	1
37	6
38	5
39	3
40	1
41	9
42	7
43	2
44	9
45	4
46	8
47	5
48	6
49	1
50	5
51	2
52	2
53	3
54	1
55	7
56	3
57	4
58	7
59	5
60	5
61	3
62	2
63	5
64	7
65	9
66	3
67	6
68	2
69	5
70	3
71	7
72	7
73	2
74	6
75	1
76	2
77	5
78	1
79	9
80	4
/

epsilon(i)	Priority
/
0	0
1	8
2	1
3	3
4	4
5	2
6	6
7	8
8	3
9	1
10	6
11	9
12	9
13	8
14	7
15	9
16	1
17	8
18	6
19	5
20	2
21	7
22	7
23	2
24	4
25	5
26	9
27	2
28	4
29	5
30	9
31	7
32	3
33	6
34	5
35	6
36	3
37	2
38	1
39	7
40	9
41	6
42	6
43	5
44	6
45	2
46	9
47	3
48	4
49	1
50	9
51	9
52	5
53	1
54	2
55	4
56	5
57	4
58	4
59	8
60	7
61	4
62	7
63	4
64	3
65	5
66	9
67	3
68	2
69	8
70	7
71	8
72	9
73	6
74	1
75	7
76	3
77	1
78	9
79	4
80	9
/

psi	Vehicle Capacity
/ 23 /
;

Table kappa(i,j)                 Setup
         0        1        2        3        4        5        6        7        8        9        10       11       12       13       14       15       16       17       18       19       20       21       22       23       24       25       26       27       28       29       30       31       32       33       34       35       36       37       38       39       40       41       42       43       44       45       46       47       48       49       50       51       52       53       54       55       56       57       58       59       60       61       62       63       64       65       66       67       68       69       70       71       72       73       74       75       76       77       78       79       80       
0        0        699      481      823      428      457      506      121      656      638      680      488      322      919      472      159      228      430      237      828      494      676      598      643      583      557      740      522      443      411      710      598      276      599      554      643      751      708      435      410      490      399      652      823      754      921      383      868      571      562      86       282      570      719      928      756      261      756      664      406      243      774      565      793      404      560      608      438      722      723      493      182      187      410      581      376      806      515      208      808      377      
1        699      0        224      294      289      653      773      584      194      179      57       236      671      452      500      561      712      337      462      274      229      364      274      158      533      587      98       253      757      288      333      118      552      151      431      259      227      501      452      394      235      305      247      501      193      500      721      336      340      461      655      424      511      81       503      196      574      215      38       297      514      82       440      207      302      527      101      300      233      235      786      642      524      748      120      522      112      204      673      260      350      
2        481      224      0        439      69       538      654      370      206      245      221      130      513      583      407      337      528      214      248      431      45       400      203      178      484      518      288      114      622      78       398      117      382      127      386      305      301      516      345      198      133      120      229      569      341      613      575      487      319      415      432      201      461      238      619      345      355      355      187      109      291      294      399      374      78       469      127      94       342      281      661      419      317      605      103      389      336      121      487      357      130      
3        823      294      439      0        506      592      699      701      487      198      249      352      670      158      445      723      750      393      600      28       468      199      561      450      411      478      197      517      709      461      147      385      591      430      340      180      515      306      433      636      348      444      540      244      103      209      695      48       271      359      807      597      397      368      212      99       781      85       318      443      707      321      339      89       499      417      366      533      102      526      719      826      635      712      362      516      249      335      720      535      563      
4        428      289      69       506      0        544      655      325      233      311      290      178      500      648      427      278      501      238      206      499      66       454      200      215      515      541      358      108      618      77       458      175      368      171      422      365      330      562      363      134      182      128      241      625      410      676      566      555      365      450      372      146      492      294      682      414      286      423      252      118      224      355      436      444      36       498      189      37       408      305      660      352      279      598      170      393      402      179      459      387      61       
5        457      653      538      592      544      0        119      386      739      494      604      433      142      614      156      488      253      329      403      611      580      393      738      704      196      136      630      645      116      470      445      619      210      653      253      440      827      339      201      635      432      420      767      468      579      589      118      621      336      233      507      472      201      717      596      580      619      568      636      431      548      734      252      614      507      181      614      578      522      813      133      590      356      124      584      150      718      463      253      878      544      
6        506      773      654      699      655      119      0        459      857      612      723      552      189      705      274      567      280      448      499      720      695      499      852      823      290      223      747      759      64       584      552      738      301      771      365      554      946      424      321      739      552      535      883      549      693      672      122      724      451      341      570      571      301      837      679      694      701      681      755      546      636      853      362      727      619      281      734      689      634      931      25       660      442      97       703      265      836      582      297      998      650      
7        121      584      370      701      325      386      459      0        558      517      562      367      270      801      370      109      212      309      122      706      389      558      510      540      483      466      621      427      402      297      591      487      182      494      443      522      655      600      326      337      370      281      560      710      632      804      340      747      453      454      127      182      468      609      812      635      244      635      550      288      190      661      455      671      297      460      496      342      600      628      452      204      66       372      468      278      689      395      175      712      283      
8        656      194      206      487      233      739      857      558      0        342      240      309      719      646      600      500      731      410      439      469      173      529      93       40       661      704      292      134      828      283      508      129      588      86       558      422      96       661      541      272      311      326      52       681      385      691      781      530      476      589      593      377      638      132      695      389      468      406      171      315      431      203      570      402      265      650      142      218      418      74       865      552      512      811      166      592      280      284      690      153      278      
9        638      179      245      198      311      494      612      517      342      0        122      155      536      337      338      529      598      218      408      195      279      188      397      301      357      414      135      337      605      263      167      219      434      267      256      81       399      324      301      443      152      248      390      341      115      369      577      246      165      286      615      400      335      258      375      118      583      120      180      246      509      250      264      154      301      352      202      339      97       400      628      630      451      600      187      380      224      137      563      437      365      
10       680      57       221      249      290      604      723      562      240      122      0        201      629      406      449      550      677      296      443      233      238      306      312      202      477      533      67       275      710      273      276      139      514      182      376      202      283      443      404      408      200      281      292      446      146      451      677      294      285      406      643      414      456      138      455      149      577      166      69       274      512      130      384      168      296      472      119      308      179      288      737      638      500      702      124      478      128      170      639      317      351      
11       488      236      130      352      178      433      552      367      309      155      201      0        436      480      290      373      476      105      254      351      175      275      327      273      357      395      255      244      530      114      282      186      315      223      257      191      394      386      232      312      3        92       344      446      269      503      489      400      189      287      460      245      333      288      509      272      431      276      210      91       355      319      270      308      158      343      181      213      249      382      563      474      303      517      150      292      329      32       437      445      223      
12       322      671      513      670      500      142      189      270      719      536      629      436      0        719      230      378      110      333      321      686      549      481      700      690      315      267      668      608      132      437      530      612      132      638      337      500      813      458      239      566      436      393      738      585      638      701      71       706      400      327      381      397      312      724      709      639      513      631      646      404      451      753      342      676      464      295      612      531      586      794      182      471      258      104      581      156      753      468      113      868      485      
13       919      452      583      158      648      614      705      801      646      337      406      480      719      0        488      838      812      495      712      180      616      245      718      608      418      483      355      670      728      594      209      540      664      586      383      290      672      281      497      781      476      568      698      164      260      62       728      121      348      391      916      721      413      527      61       257      911      240      475      569      834      477      377      246      636      433      521      677      241      685      728      947      736      739      515      575      402      470      788      691      700      
14       472      500      407      445      427      156      274      370      600      338      449      290      230      488      0        449      325      193      337      462      452      251      610      564      113      114      474      520      269      350      301      476      196      513      106      285      684      239      64       537      289      299      633      362      425      474      250      478      181      98       497      391      98       567      481      426      567      415      485      309      488      580      111      461      393      90       469      464      368      672      289      562      317      268      439      96       562      317      305      733      441      
15       159      561      337      723      278      488      567      109      500      529      550      373      378      838      449      0        320      344      126      724      344      604      439      489      562      554      614      366      510      277      630      452      278      449      507      550      594      666      396      251      376      280      493      766      642      850      449      770      498      522      94       136      544      572      857      645      134      649      524      283      87       632      520      680      259      540      464      283      620      565      561      113      134      481      441      365      672      395      285      651      223      
16       228      712      528      750      501      253      280      212      731      598      677      476      110      812      325      320      0        382      301      763      558      570      699      707      420      376      724      609      216      450      615      638      164      656      428      574      828      561      318      542      477      414      743      687      706      799      158      789      479      424      300      375      415      755      807      708      452      702      684      425      402      794      435      745      467      399      641      526      659      805      266      395      228      183      610      237      804      509      41       884      473      
17       430      337      214      393      238      329      448      309      410      218      296      105      333      495      193      344      382      0        217      399      258      260      417      375      277      304      341      327      425      160      286      290      218      324      188      213      497      339      131      359      105      111      440      426      330      505      385      438      155      214      420      241      254      393      512      333      432      330      314      119      352      420      202      370      206      260      286      275      293      483      458      455      243      412      255      187      422      136      346      549      262      
18       237      462      248      600      206      403      499      122      439      408      443      254      321      712      337      126      301      217      0        602      268      478      398      420      447      447      504      311      450      175      503      365      197      372      384      425      536      543      279      245      257      163      445      640      523      723      392      647      372      402      207      75       428      486      730      526      229      528      428      169      151      539      398      562      175      426      373      227      497      511      498      238      73       425      346      264      569      280      260      593      171      
19       828      274      431      28       499      611      720      706      469      195      233      351      686      180      462      724      763      399      602      0        458      221      545      432      433      499      176      505      728      458      168      371      602      415      358      189      492      332      447      628      348      444      521      272      89       233      713      61       286      379      809      596      418      347      235      86       777      76       300      442      704      297      359      67       494      439      351      524      106      505      740      825      640      730      350      530      224      332      731      511      557      
20       494      229      45       468      66       580      695      389      173      279      238      175      549      616      452      344      558      258      268      458      0        441      158      151      529      563      305      69       662      112      438      112      417      105      431      344      269      560      389      170      178      160      189      609      369      649      613      516      363      461      438      211      506      228      655      372      344      384      191      148      287      291      444      399      92       514      128      70       375      246      702      415      340      644      113      430      342      164      517      326      123      
21       676      364      400      199      454      393      499      558      529      188      306      275      481      245      251      604      570      260      478      221      441      0        577      488      211      278      296      506      510      387      52       402      419      450      144      106      587      137      252      588      272      351      576      170      213      246      500      228      106      160      677      498      197      444      253      212      690      195      368      354      611      426      142      239      433      217      387      488      151      588      519      716      494      515      368      332      380      278      544      624      497      
22       598      274      203      561      200      738      852      510      93       397      312      327      700      718      610      439      699      417      398      545      158      577      0        117      685      720      371      93       817      268      563      179      568      132      584      473      164      703      548      195      330      317      58       738      458      760      766      606      510      615      528      328      661      222      764      462      390      478      244      306      362      295      597      479      236      671      197      172      483      132      858      477      472      798      210      588      369      310      657      218      227      
23       643      158      178      450      215      704      823      540      40       301      202      273      690      608      564      489      707      375      420      432      151      488      117      0        623      666      256      129      796      256      468      89       560      51       519      381      123      621      505      274      274      297      90       641      347      653      750      493      436      550      583      361      599      107      657      351      469      368      132      285      424      180      531      365      244      611      102      206      378      108      832      549      491      780      127      559      252      247      665      178      266      
24       583      533      484      411      515      196      290      483      661      357      477      357      315      418      113      562      420      277      447      433      529      211      685      623      0        67       486      599      309      437      264      533      306      575      103      285      737      144      168      634      355      388      700      273      417      392      312      434      193      72       610      497      23       608      400      418      677      402      525      396      598      607      93       448      483      22       522      552      356      730      312      675      430      320      496      206      575      378      406      782      537      
25       557      587      518      478      541      136      223      466      704      414      533      395      267      483      114      554      376      304      447      499      563      278      720      666      67       0        546      632      245      463      331      577      284      617      157      346      784      205      179      652      394      412      740      333      481      454      254      501      249      128      593      505      81       659      462      482      676      467      577      422      599      663      150      513      507      62       568      578      420      775      245      664      420      259      540      188      635      419      367      831      556      
26       740      98       288      197      358      630      747      621      292      135      67       255      668      355      474      614      724      341      504      176      305      296      371      256      486      546      0        341      740      337      257      204      560      244      389      201      319      432      436      475      252      340      345      415      99       405      711      238      298      418      706      478      466      172      408      102      644      122      127      334      578      133      396      109      362      484      184      375      150      329      763      704      557      735      192      513      89       225      687      343      418      
27       522      253      114      517      108      645      759      427      134      337      275      244      608      670      520      366      609      327      311      505      69       506      93       129      599      632      341      0        724      175      499      137      475      104      500      406      229      627      457      147      246      225      134      672      415      706      673      565      431      530      458      244      575      228      711      419      339      432      217      214      297      299      514      442      143      584      156      84       429      201      765      420      384      705      155      495      362      231      567      286      144      
28       443      757      622      709      618      116      64       402      828      605      710      530      132      728      269      510      216      425      450      728      662      510      817      796      309      245      740      724      0        550      562      713      255      744      369      554      919      450      305      694      530      502      851      578      694      700      61       738      450      349      509      525      317      818      708      695      645      683      737      514      583      839      369      730      582      297      711      651      637      902      51       601      390      32       680      237      828      561      236      972      608      
29       411      288      78       461      77       470      584      297      283      263      273      114      437      594      350      277      450      160      175      458      112      387      268      256      437      463      337      175      550      0        396      192      305      206      346      305      378      489      286      203      118      51       301      558      372      617      500      510      293      373      369      141      415      313      624      376      319      382      253      41       246      364      360      409      47       420      199      114      360      357      590      369      240      531      171      320      396      126      408      434      110      
30       710      333      398      147      458      445      552      591      508      167      276      282      530      209      301      630      615      286      503      168      438      52       563      468      264      331      257      499      562      396      0        386      461      434      195      93       560      177      297      592      278      365      557      174      167      222      551      177      139      212      706      516      250      414      229      166      708      147      342      367      629      389      193      189      440      270      369      490      107      563      572      739      526      566      353      378      338      278      588      593      505      
31       598      118      117      385      175      619      738      487      129      219      139      186      612      540      476      452      638      290      365      371      112      402      179      89       533      577      204      137      713      192      386      0        485      48       429      296      208      533      419      275      186      223      173      560      282      581      670      431      347      461      547      317      509      121      585      286      456      301      81       213      400      179      441      307      194      522      19       182      303      197      748      527      432      699      37       476      230      158      597      259      235      
32       276      552      382      591      368      210      301      182      588      434      514      315      132      664      196      278      164      218      197      602      417      419      568      560      306      284      560      475      255      305      461      485      0        508      285      412      683      434      167      438      316      263      606      553      542      658      199      631      322      288      309      270      294      599      665      545      409      539      525      274      338      634      295      582      332      284      486      399      497      663      301      384      146      231      455      100      641      347      129      738      354      
33       599      151      127      430      171      653      771      494      86       267      182      223      638      586      513      449      656      324      372      415      105      450      132      51       575      617      244      104      744      206      434      48       508      0        472      344      175      580      454      249      224      245      126      608      327      628      698      476      392      504      543      317      552      127      632      330      438      346      117      234      388      195      484      350      197      563      65       168      351      159      780      515      443      728      82       507      258      198      615      230      226      
34       554      431      386      340      422      253      365      443      558      256      376      257      337      383      106      507      428      188      384      358      431      144      584      519      103      157      389      500      369      346      195      429      285      472      0        191      634      159      119      546      254      298      597      268      329      373      356      372      91       31       568      423      81       504      380      329      611      316      422      306      530      506      14       362      393      96       419      459      269      627      383      620      383      372      392      192      478      275      405      679      450      
35       643      259      305      180      365      440      554      522      422      81       202      191      500      290      285      550      574      213      425      189      344      106      473      381      285      346      201      406      554      305      93       296      412      344      191      0        481      242      261      499      187      278      469      266      139      311      533      224      104      218      631      431      265      339      318      141      621      130      261      279      543      326      196      176      349      284      280      397      86       481      572      658      456      553      263      344      289      185      542      518      414      
36       751      227      301      515      330      827      946      655      96       399      283      394      813      672      684      594      828      497      536      492      269      587      164      123      737      784      319      229      919      378      560      208      683      175      634      481      0        723      627      359      395      420      106      729      418      724      874      552      548      665      686      473      715      147      727      421      554      440      219      409      522      199      645      426      361      728      215      313      461      33       955      641      609      904      244      682      279      366      786      57       374      
37       708      501      516      306      562      339      424      600      661      324      443      386      458      281      239      666      561      339      543      332      560      137      703      621      144      205      432      627      450      489      177      533      434      580      159      242      723      0        274      692      383      445      706      128      344      249      457      318      197      146      726      579      146      581      257      343      768      324      504      451      688      563      146      365      536      162      519      598      284      723      447      780      541      464      497      335      515      396      544      761      597      
38       435      452      345      433      363      201      321      326      541      301      404      232      239      497      64       396      318      131      279      447      389      252      548      505      168      179      436      457      305      286      297      419      167      454      119      261      627      274      0        473      232      234      572      388      399      491      275      471      161      128      451      329      148      516      498      400      509      392      434      245      430      534      130      437      329      147      413      400      347      614      334      510      268      299      383      83       523      261      291      678      377      
39       410      394      198      636      134      635      739      337      272      443      408      312      566      781      537      251      542      359      245      628      170      588      195      274      634      652      475      147      694      203      592      275      438      249      546      499      359      692      473      0        315      248      253      758      538      810      636      685      496      573      335      169      612      375      816      542      196      552      357      241      169      445      561      569      155      615      294      104      541      327      740      282      314      669      283      487      505      314      501      413      97       
40       490      235      133      348      182      432      552      370      311      152      200      3        436      476      289      376      477      105      257      348      178      272      330      274      355      394      252      246      530      118      278      186      316      224      254      187      395      383      232      315      0        96       346      443      266      499      489      397      186      285      463      248      331      288      505      269      435      272      210      94       359      318      267      305      162      341      181      217      246      383      562      478      305      517      151      292      328      31       439      446      227      
41       399      305      120      444      128      420      535      281      326      248      281      92       393      568      299      280      414      111      163      444      160      351      317      297      388      412      340      225      502      51       365      223      263      245      298      278      420      445      234      248      96       0        348      521      362      587      454      492      252      325      368      153      365      341      594      365      343      369      273      11       265      385      312      400      95       370      227      165      342      401      542      382      219      485      196      270      408      116      373      475      152      
42       652      247      229      540      241      767      883      560      52       390      292      344      738      698      633      493      743      440      445      521      189      576      58       90       700      740      345      134      851      301      557      173      606      126      597      469      106      706      572      253      346      348      0        731      438      743      802      583      518      628      583      377      676      183      747      441      448      458      222      337      418      253      610      454      276      687      188      218      469      74       890      535      519      833      209      618      331      322      701      160      277      
43       823      501      569      244      625      468      549      710      681      341      446      446      585      164      362      766      687      426      640      272      609      170      738      641      273      333      415      672      578      558      174      560      553      608      268      266      729      128      388      758      443      521      731      0        317      123      585      237      271      265      833      666      273      582      130      314      858      294      513      525      778      548      258      324      604      290      543      659      267      734      573      879      649      592      527      456      486      447      668      758      668      
44       754      193      341      103      410      579      693      632      385      115      146      269      638      260      425      642      706      330      523      89       369      213      458      347      417      481      99       415      694      372      167      282      542      327      329      139      418      344      399      538      266      362      438      317      0        306      672      149      244      354      730      512      400      271      310      3        691      22       215      359      619      231      332      39       406      419      263      435      62       428      712      741      566      693      260      481      171      247      672      443      468      
45       921      500      613      209      676      589      672      804      691      369      451      503      701      62       474      850      799      505      723      233      649      246      760      653      392      454      405      706      700      617      222      581      658      628      373      311      724      249      491      810      499      587      743      123      306      0        705      178      352      375      923      739      390      577      7        303      930      285      520      589      851      530      364      298      661      409      562      707      277      734      696      960      740      713      553      565      457      496      778      744      726      
46       383      721      575      695      566      118      122      340      781      577      677      489      71       728      250      449      158      385      392      713      613      500      766      750      312      254      711      673      61       500      551      670      199      698      356      533      874      457      275      636      489      454      802      585      672      705      0        728      429      340      448      467      315      778      713      673      584      663      699      466      522      804      358      709      530      296      669      598      617      856      112      539      330      32       637      199      798      521      175      928      553      
47       868      336      487      48       555      621      724      747      530      246      294      400      706      121      478      770      789      438      647      61       516      228      606      493      434      501      238      565      738      510      177      431      631      476      372      224      552      318      471      685      397      492      583      237      149      178      728      0        310      388      854      645      423      408      180      145      830      132      362      491      755      356      370      128      548      443      412      581      150      566      745      875      681      743      409      553      280      384      760      570      611      
48       571      340      319      271      365      336      451      453      476      165      285      189      400      348      181      498      479      155      372      286      363      106      510      436      193      249      298      431      450      293      139      347      322      392      91       104      548      197      161      496      186      252      518      271      244      352      429      310      0        121      571      395      171      415      359      245      587      234      333      257      507      415      99       280      340      187      335      401      188      542      468      610      389      449      310      244      387      200      450      591      402      
49       562      461      415      359      450      233      341      454      589      286      406      287      327      391      98       522      424      214      402      379      461      160      615      550      72       128      418      530      349      373      212      461      288      504      31       218      665      146      128      573      285      325      628      265      354      375      340      388      121      0        579      444      49       536      383      355      630      341      453      333      550      536      22       387      420      66       450      487      294      658      360      636      396      355      423      191      507      306      403      710      476      
