

sets
i        orders          /0*40/
k        routes          /1*40/
p        positions       /0*40/
;

alias(i,j)
alias(i,h)
alias(i,hh)
alias(i,jj)
alias(k,kk)
                            Parameters

rho(i)	Processing time
/
0	0
1	89
2	86
3	40
4	84
5	28
6	20
7	99
8	89
9	18
10	89
11	29
12	9
13	40
14	46
15	21
16	3
17	7
18	69
19	77
20	21
21	35
22	69
23	44
24	54
25	99
26	1
27	15
28	47
29	57
30	94
31	29
32	92
33	99
34	67
35	19
36	60
37	41
38	79
39	23
40	4
/

gamma(i)	Duedate
/
0	0
1	36
2	91
3	69
4	3
5	70
6	13
7	87
8	65
9	33
10	44
11	22
12	44
13	62
14	41
15	20
16	99
17	95
18	73
19	27
20	69
21	12
22	96
23	21
24	53
25	71
26	91
27	68
28	94
29	45
30	45
31	42
32	18
33	78
34	53
35	65
36	2
37	1
38	62
39	91
40	91
/

sigma(i)	Size
/
0	0
1	4
2	6
3	9
4	9
5	5
6	5
7	2
8	1
9	9
10	6
11	2
12	9
13	4
14	2
15	7
16	2
17	6
18	1
19	6
20	7
21	5
22	2
23	3
24	1
25	1
26	4
27	7
28	7
29	8
30	8
31	2
32	3
33	4
34	6
35	1
36	7
37	6
38	7
39	9
40	2
/

epsilon(i)	Priority
/
0	0
1	4
2	9
3	8
4	9
5	4
6	3
7	6
8	4
9	9
10	7
11	4
12	3
13	6
14	5
15	3
16	8
17	6
18	1
19	7
20	7
21	6
22	5
23	4
24	8
25	5
26	4
27	5
28	6
29	7
30	4
31	2
32	6
33	7
34	4
35	6
36	3
37	2
38	1
39	9
40	7
/

psi	Vehicle Capacity
/ 34 /
;

Table kappa(i,j)                 Setup
         0        1        2        3        4        5        6        7        8        9        10       11       12       13       14       15       16       17       18       19       20       21       22       23       24       25       26       27       28       29       30       31       32       33       34       35       36       37       38       39       40       
0        0        357      68       273      144      272      277      236      165      213      112      320      308      95       285      125      274      404      174      158      230      343      342      248      258      138      386      201      146      95       285      144      291      168      104      236      390      109      242      238      438      
1        357      0        345      189      213      125      120      257      203      150      306      221      136      318      72       342      120      168      370      314      363      147      119      149      104      223      133      358      218      382      312      322      172      271      253      120      181      330      197      139      152      
2        68       345      0        299      134      282      247      179      142      216      164      268      272      35       276      56       283      364      106      93       162      360      308      216      241      150      350      132      127      163      221      77       249      112      109      225      410      168      269      247      404      
3        273      189      299      0        182      68       224      321      204      111      176      340      265      290      147      328      73       339      375      323      399      80       272      228      174      150      304      380      200      252      390      322      284      291      191      150      119      195      31       83       337      
4        144      213      134      182      0        150      137      156      34       83       134      210      173      114      143      148      151      270      193      140      218      231      204      113      113      46       248      198      19       192      223      140      167      110      43       93       282      154      156      115      299      
5        272      125      282      68       150      0        158      268      162      67       196      276      198      265      78       299      5        270      342      286      356      81       204      166      109      135      236      341      165      274      335      289      219      249      174      90       132      218      71       35       270      
6        277      120      247      224      137      158      0        137      111      125      264      118      43       216      85       233      154      135      255      199      243      224      67       33       50       169      110      240      131      328      195      210      62       157      181      76       271      286      214      142      162      
7        236      257      179      321      156      268      137      0        124      209      281      93       133      145      213      137      266      203      135      94       108      345      168      110      169      202      202      111      137      319      68       109      97       68       183      178      396      297      301      240      253      
8        165      203      142      204      34       162      111      124      0        95       168      176      144      115      136      142      161      241      180      124      196      243      177      83       99       79       220      179      20       223      192      128      134      88       74       86       294      187      180      128      273      
9        213      150      216      111      83       67       125      209      95       0        157      234      168      198      80       231      68       256      274      219      291      148      186      121      78       75       225      275      97       232      278      221      179      183      110      48       200      180      93       33       269      
10       112      306      164      176      134      196      264      281      168      157      0        344      304      174      237      213      200      399      266      231      312      254      330      244      227      94       373      285      149      78       343      222      301      221      97       198      295      23       146      169      421      
11       320      221      268      340      210      276      118      93       176      234      344      0        85       233      203      230      272      117      226      186      187      342      107      113      166      254      125      198      195      394      107      202      56       156      248      189      388      364      327      256      171      
12       308      136      272      265      173      198      43       133      144      168      304      85       0        238      121      249      194      97       263      211      241      258      37       60       92       209      78       242      164      366      178      224      37       170      217      119      303      325      256      184      132      
13       95       318      35       290      114      265      216      145      115      198      174      233      238      0        251      39       266      329      92       63       140      345      275      184      213      140      317      111      103      186      189      50       214      77       100      201      396      182      261      230      370      
14       285      72       276      147      143      78       85       213      136      80       237      203      121      251      0        278      74       192      311      254      313      138      125      103      44       152      158      303      148      312      276      261      147      212      181      50       186      260      145      76       195      
15       125      342      56       328      148      299      233      137      142      231      213      230      249      39       278      0        300      334      52       43       105      380      286      200      237      178      326      76       134      219      168      27       220      78       139      229      431      220      299      264      379      
16       274      120      283      73       151      5        154      266      161      68       200      272      194      266      74       300      0        266      342      286      355      81       199      164      105      137      231      341      165      278      333      289      216      248      176      88       133      222      76       36       265      
17       404      168      364      339      270      270      135      203      241      256      399      117      97       329      192      334      266      0        339      293      304      314      70       157      178      305      36       313      261      463      223      308      115      256      314      207      350      421      337      265      55       
18       174      370      106      375      193      342      255      135      180      274      266      226      263      92       311      52       342      339      0        57       63       423      300      222      269      227      336      34       177      269      144      53       230      99       189      265      474      272      348      307      388      
19       158      314      93       323      140      286      199      94       124      219      231      186      211      63       254      43       286      293      57       0        81       367      248      167      211      178      287      57       123      249      128      16       180      42       144      208      419      242      297      252      340      
20       230      363      162      399      218      356      243      108      196      291      312      187      241      140      313      105      355      304      63       81       0        437      276      214      268      258      307      30       199      325      89       90       204      108      226      271      488      322      374      324      356      
21       343      147      360      80       231      81       224      345      243      148      254      342      258      345      138      380      81       314      423      367      437      0        255      239      179      210      278      422      246      331      411      370      286      330      251      167      51       274      108      115      299      
22       342      119      308      272      204      204      67       168      177      186      330      107      37       275      125      286      199      70       300      248      276      255      0        93       107      236      43       278      197      396      208      261      71       207      248      137      296      353      268      196      96       
23       248      149      216      228      113      166      33       110      83       121      244      113      60       184      103      200      164      157      222      167      214      239      93       0        60       150      137      208      104      305      173      177      59       124      156      77       288      266      214      144      190      
24       258      104      241      174      113      109      50       169      99       78       227      166      92       213      44       237      105      178      269      211      268      179      107      60       0        134      148      259      114      297      233      219      110      169      155      29       228      250      164      92       194      
25       138      223      150      150      46       135      169      202      79       75       94       254      209      140      152      178      137      305      227      178      258      210      236      150      134      0        279      236      65       162      269      175      207      153      40       107      260      116      121      100      328      
26       386      133      350      304      248      236      110      202      220      225      373      125      78       317      158      326      231      36       336      287      307      278      43       137      148      279      0        313      241      439      232      300      106      247      291      177      314      396      303      233      53       
27       201      358      132      380      198      341      240      111      179      275      285      198      242      111      303      76       341      313      34       57       30       422      278      208      259      236      313      0        180      295      110      63       207      92       201      259      474      294      354      308      364      
28       146      218      127      200      19       165      131      137      20       97       149      195      164      103      148      134      165      261      177      123      199      246      197      104      114      65       241      180      0        202      204      124      154      91       53       98       297      168      175      130      293      
29       95       382      163      252      192      274      328      319      223      232      78       394      366      186      312      219      278      463      269      249      325      331      396      305      297      162      439      295      202      0        373      236      357      252      149      270      370      57       223      247      489      
30       285      312      221      390      223      335      195      68       192      278      343      107      178      189      276      168      333      223      144      128      89       411      208      173      233      269      232      110      204      373      0        143      141      122      247      245      461      358      370      308      278      
31       144      322      77       322      140      289      210      109      128      221      222      202      224      50       261      27       289      308      53       16       90       370      261      177      219      175      300      63       124      236      143      0        194      54       139      213      421      231      295      254      353      
32       291      172      249      284      167      219      62       97       134      179      301      56       37       214      147      220      216      115      230      180      204      286      71       59       110      207      106      207      154      357      141      194      0        141      208      134      333      321      272      201      159      
33       168      271      112      291      110      249      157      68       88       183      221      156      170      77       212      78       248      256      99       42       108      330      207      124      169      153      247      92       91       252      122      54       141      0        126      167      382      235      266      216      300      
34       104      253      109      191      43       174      181      183      74       110      97       248      217      100      181      139      176      314      189      144      226      251      248      156      155      40       291      201      53       149      247      139      208      126      0        132      300      115      161      139      343      
35       236      120      225      150      93       90       76       178      86       48       198      189      119      201      50       229      88       207      265      208      271      167      137      77       29       107      177      259      98       270      245      213      134      167      132      0        217      221      138      67       223      
36       390      181      410      119      282      132      271      396      294      200      295      388      303      396      186      431      133      350      474      419      488      51       296      288      228      260      314      474      297      370      461      421      333      382      300      217      0        314      149      167      329      
37       109      330      168      195      154      218      286      297      187      180      23       364      325      182      260      220      222      421      272      242      322      274      353      266      250      116      396      294      168      57       358      231      321      235      115      221      314      0        166      192      444      
38       242      197      269      31       156      71       214      301      180      93       146      327      256      261      145      299      76       337      348      297      374      108      268      214      164      121      303      354      175      223      370      295      272      266      161      138      149      166      0        72       340      
39       238      139      247      83       115      35       142      240      128      33       169      256      184      230      76       264      36       265      307      252      324      115      196      144      92       100      233      308      130      247      308      254      201      216      139      67       167      192      72       0        272      
40       438      152      404      337      299      270      162      253      273      269      421      171      132      370      195      379      265      55       388      340      356      299      96       190      194      328      53       364      293      489      278      353      159      300      343      223      329      444      340      272      0        
;



Table delta(i,j)                 Distance
         0        1        2        3        4        5        6        7        8        9        10       11       12       13       14       15       16       17       18       19       20       21       22       23       24       25       26       27       28       29       30       31       32       33       34       35       36       37       38       39       40       
0        0        9220     5960     6730     6860     2530     4050     8300     2960     4620     1630     4440     7870     3750     3570     5380     4710     4990     2020     5620     5990     1830     1910     7640     4740     10550    10260    3620     1850     3550     4280     1130     6070     8190     7730     5590     5310     4240     7530     6940     8470     
1        9220     0        1373     1419     1028     834      1200     174      885      1293     770      781      538      1173     1251     1233     652      1207     864      359      1396     951      958      1172     744      986      1014     602      1072     926      606      856      1281     186      541      807      658      672      1536     911      1074     
2        5960     1373     0        84       550      545      813      1231     488      150      740      612      1008     224      311      164      1064     946      793      1037     42       744      448      497      657      1007     950      779      629      449      768      710      168      1218     994      646      1126     1018     165      662      688      
3        6730     1419     84       0        542      601      898      1272     540      235      812      647      1029     298      396      187      1137     1030     872      1091     109      825      516      468      690      989      930      832      713      493      813      786      157      1259     1016     666      1200     1091     124      663      665      
4        6860     1028     550      542      0        448      1071     859      392      587      726      310      540      504      687      391      1007     1181     860      781      591      869      507      144      322      459      407      569      840      332      491      763      387      845      529      228      1070     972      664      132      167      
5        2530     834      545      601      448      0        657      704      69       459      280      193      572      339      441      424      586      751      412      492      565      427      139      546      227      802      773      234      430      136      243      316      485      692      557      306      651      546      710      442      603      
6        4050     1200     813      898      1071     657      0        1150     692      664      475      849      1177     644      502      829      582      133      342      865      795      266      565      1127     879      1459     1429     735      231      743      817      388      895      1142     1163     963      611      546      930      1094     1237     
7        8300     174      1231     1272     859      704      1150     0        748      1162     691      627      365      1041     1136     1085     651      1176     808      285      1257     889      837      1003     587      818      844      482      995      782      465      781      1129     13       367      642      674      660      1391     739      900      
8        2960     885      488      540      392      69       692      748      0        415      345      178      583      294      420      360      655      794      470      550      511      476      137      482      221      772      737      292      461      68       282      372      419      735      568      279      719      614      652      401      551      
9        4620     1293     150      235      587      459      664      1162     415      0        614      569      979      121      162      212      933      796      653      945      140      599      339      569      615      1046     994      691      480      395      697      575      259      1150     964      628      994      886      292      679      742      
10       1630     770      740      812      726      280      475      691      345      614      0        438      707      516      519      658      326      534      152      413      747      209      299      827      454      1036     1016     263      304      413      352      90       726      682      693      554      389      281      901      703      874      
11       4440     781      612      647      310      193      849      627      178      569      438      0        411      451      595      459      700      940      584      488      642      612      314      438      46       611      584      259      623      174      191      493      501      613      396      117      761      666      768      265      441      
12       7870     538      1008     1029     540      572      1177     365      583      979      707      411      0        862      1003     847      826      1241     856      453      1042     914      710      679      365      460      481      443      973      586      360      790      874      354      15       363      871      813      1154     409      547      
13       3750     1173     224      298      504      339      644      1041     294      121      516      451      862      0        185      185      840      772      575      828      233      533      226      512      497      956      908      572      435      276      576      488      252      1029     847      517      902      794      386      582      666      
14       3570     1251     311      396      687      441      502      1136     420      162      519      595      1003     185      0        353      821      634      528      893      294      462      302      696      640      1135     1089     654      330      426      683      462      411      1124     988      678      878      774      437      759      851      
15       5380     1233     164      187      391      424      829      1085     360      212      658      459      847      185      353      0        984      957      740      909      202      707      359      358      502      850      796      651      618      308      627      647      70       1071     833      484      1048     940      309      499      537      
16       4710     652      1064     1137     1007     586      582      651      655      933      326      700      826      840      821      984      0        563      301      389      1068     384      625      1124     699      1237     1231     451      531      723      545      359      1051     648      815      804      64       46       1223     956      1139     
17       4990     1207     946      1030     1181     751      133      1176     794      796      534      940      1241     772      634      957      563      0        385      891      928      331      674      1244     967      1551     1524     797      345      849      886      455      1024     1169     1227     1057     579      536      1063     1193     1344     
18       2020     864      793      872      860      412      342      808      470      653      152      584      856      575      528      740      301      385      0        523      792      88       389      951      603      1187     1166     413      231      536      504      98       810      800      842      701      353      255      946      848      1014     
19       5620     359      1037     1091     781      492      865      285      550      945      413      488      453      828      893      909      389      891      523      0        1056     606      606      919      462      896      902      258      718      601      296      502      964      278      445      553      426      388      1202     690      872      
20       5990     1396     42       109      591      565      795      1257     511      140      747      642      1042     233      294      202      1068     928      792      1056     0        739      460      539      687      1048     992      799      619      476      792      712      210      1244     1028     680      1130     1022     154      701      730      
21       1830     951      744      825      869      427      266      889      476      599      209      612      914      533      462      707      384      331      88       606      739      0        374      947      636      1221     1196     471      147      538      556      125      777      881      900      729      433      340      891      869      1028     
22       1910     958      448      516      507      139      565      837      137      339      299      314      710      226      302      359      625      674      389      606      460      374      0        574      355      907      871      357      333      178      380      293      428      824      695      417      689      580      612      533      671      
23       7640     1172     497      468      144      546      1127     1003     482      569      827      438      679      512      696      358      1124     1244     951      919      539      947      574      0        456      525      465      696      899      415      626      853      328      989      669      369      1187     1086     581      270      200      
24       4740     744      657      690      322      227      879      587      221      615      454      46       365      497      640      502      699      967      603      462      687      636      355      456      0        585      562      250      656      220      169      515      542      573      350      105      759      668      811      257      439      
25       10550    986      1007     989      459      802      1459     818      772      1046     1036     611      460      956      1135     850      1237     1551     1187     896      1048     1221     907      525      585      0        64       798      1232     732      700      1101     840      808      463      496      1290     1215     1106     378      325      
26       10260    1014     950      930      407      773      1429     844      737      994      1016     584      481      908      1089     796      1231     1524     1166     902      992      1196     871      465      562      64       0        786      1199     694      689      1077     783      833      482      467      1286     1207     1046     338      265      
27       3620     602      779      832      569      234      735      482      292      691      263      259      443      572      654      651      451      797      413      258      799      471      357      696      250      798      786      0        542      345      97       347      707      470      430      354      510      423      944      506      690      
28       1850     1072     629      713      840      430      231      995      461      480      304      623      973      435      330      618      531      345      231      718      619      147      333      899      656      1232     1199     542      0        511      613      216      686      985      958      736      581      486      766      863      1005     
29       3550     926      449      493      332      136      743      782      68       395      413      174      586      276      426      308      723      849      536      601      476      538      178      415      220      732      694      345      511      0        319      437      362      769      571      253      787      682      610      356      495      
30       4280     606      768      813      491      243      817      465      282      697      352      191      360      576      683      627      545      886      504      296      792      556      380      626      169      700      689      97       613      319      0        431      677      452      345      269      603      519      929      417      602      
31       1130     856      710      786      763      316      388      781      372      575      90       493      790      488      462      647      359      455      98       502      712      125      293      853      515      1101     1077     347      216      437      431      0        717      772      776      610      419      313      867      755      919      
32       6070     1281     168      157      387      485      895      1129     419      259      726      501      874      252      411      70       1051     1024     810      964      210      777      428      328      542      840      783      707      686      362      677      717      0        1115     861      511      1115     1007     281      506      520      
33       8190     186      1218     1259     845      692      1142     13       735      1150     682      613      354      1029     1124     1071     648      1169     800      278      1244     881      824      989      573      808      833      470      985      769      452      772      1115     0        355      628      671      655      1378     726      887      
34       7730     541      994      1016     529      557      1163     367      568      964      693      396      15       847      988      833      815      1227     842      445      1028     900      695      669      350      463      482      430      958      571      345      776      861      355      0        350      861      802      1140     399      541      
35       5590     807      646      666      228      306      963      642      279      628      554      117      363      517      678      484      804      1057     701      553      680      729      417      369      105      496      467      354      736      253      269      610      511      628      350      0        864      773      790      152      335      
36       5310     658      1126     1200     1070     651      611      674      719      994      389      761      871      902      878      1048     64       579      353      426      1130     433      689      1187     759      1290     1286     510      581      787      603      419      1115     671      861      864      0        108      1285     1017     1199     
37       4240     672      1018     1091     972      546      546      660      614      886      281      666      813      794      774      940      46       536      255      388      1022     340      580      1086     668      1215     1207     423      486      682      519      313      1007     655      802      773      108      0        1177     926      1107     
38       7530     1536     165      124      664      710      930      1391     652      292      901      768      1154     386      437      309      1223     1063     946      1202     154      891      612      581      811      1106     1046     944      766      610      929      867      281      1378     1140     790      1285     1177     0        786      781      
39       6940     911      662      663      132      442      1094     739      401      679      703      265      409      582      759      499      956      1193     848      690      701      869      533      270      257      378      338      506      863      356      417      755      506      726      399      152      1017     926      786      0        184      
40       8470     1074     688      665      167      603      1237     900      551      742      874      441      547      666      851      537      1139     1344     1014     872      730      1028     671      200      439      325      265      690      1005     495      602      919      520      887      541      335      1199     1107     781      184      0        
;

