

sets
i        orders          /0*40/
k        routes          /1*40/
p        positions       /0*40/
;

alias(i,j)
alias(i,h)
alias(i,hh)
alias(i,jj)
alias(k,kk)
                            Parameters

rho(i)	Processing time
/
0	0
1	7
2	46
3	97
4	45
5	61
6	89
7	32
8	73
9	48
10	25
11	31
12	55
13	83
14	75
15	38
16	64
17	5
18	17
19	57
20	64
21	1
22	83
23	55
24	35
25	74
26	91
27	75
28	50
29	27
30	44
31	36
32	15
33	4
34	9
35	95
36	23
37	93
38	43
39	6
40	36
/

gamma(i)	Duedate
/
0	0
1	17
2	58
3	62
4	59
5	72
6	23
7	52
8	26
9	84
10	76
11	4
12	67
13	63
14	22
15	84
16	3
17	61
18	28
19	99
20	64
21	25
22	26
23	25
24	38
25	93
26	99
27	91
28	74
29	55
30	48
31	92
32	41
33	1
34	44
35	70
36	32
37	82
38	16
39	65
40	7
/

sigma(i)	Size
/
0	0
1	9
2	7
3	1
4	6
5	2
6	6
7	7
8	1
9	6
10	9
11	3
12	9
13	8
14	9
15	8
16	7
17	9
18	5
19	7
20	2
21	2
22	4
23	8
24	9
25	3
26	2
27	7
28	2
29	9
30	9
31	4
32	6
33	7
34	6
35	2
36	7
37	8
38	7
39	8
40	6
/

epsilon(i)	Priority
/
0	0
1	9
2	2
3	1
4	3
5	5
6	8
7	5
8	9
9	9
10	1
11	3
12	8
13	1
14	8
15	4
16	7
17	8
18	4
19	4
20	2
21	1
22	1
23	3
24	2
25	9
26	3
27	4
28	8
29	3
30	3
31	8
32	4
33	8
34	3
35	4
36	4
37	4
38	6
39	2
40	5
/

psi	Vehicle Capacity
/ 12 /
;

Table kappa(i,j)                 Setup
         0        1        2        3        4        5        6        7        8        9        10       11       12       13       14       15       16       17       18       19       20       21       22       23       24       25       26       27       28       29       30       31       32       33       34       35       36       37       38       39       40       
0        0        54       137      135      125      237      69       305      90       41       109      203      227      121      114      349      167      184      215      138      164      240      166      147      130      82       236      56       113      170      36       338      148      63       119      294      41       101      228      275      212      
1        54       0        96       163      124      193      122      259      141      43       150      168      180      164      85       315      165      188      161      92       190      188      112      111      94       108      191      110      148      203      21       303      94       116      127      240      49       104      175      222      158      
2        137      96       0        259      101      99       205      268      228      98       244      215      196      257      158      352      250      276      137      15       286      117      102      21       17       204      99       188      244      299      103      339      78       197      220      198      102      97       107      154      140      
3        135      163      259      0        259      356      108      318      90       175      48       199      253      55       138      314      93       87       283      255      28       337      241      274      256      55       353      124      28       42       160      308      236      116      59       361      176      236      325      368      276      
4        125      124      101      259      0        172      169      361      195      89       227      288      285      235      209      433      286      306      236      114      288      214      195      89       83       207      177      149      235      291      112      420      170      159      242      299      86       23       206      250      238      
5        237      193      99       356      172      0        304      284      327      198      343      272      231      356      240      388      334      362      151      101      382      75       148      93       108      301      10       287      342      396      202      373      135      296      312      171      201      179      78       99       159      
6        69       122      205      108      169      304      0        358      25       106      64       247      282      68       160      385      177      184      280      207      134      309      232      212      196      78       304      20       79       129      106      376      216      9        125      360      103      148      297      345      277      
7        305      259      268      318      361      284      358      0        364      301      345      119      79       360      198      115      231      254      136      253      326      211      166      288      284      293      274      355      328      354      281      100      191      357      260      135      308      348      206      205      130      
8        90       141      228      90       195      327      25       364      0        129      43       250      290      44       166      384      170      172      295      228      114      329      247      236      219      74       327      46       62       106      126      376      233      35       119      375      127      174      317      364      291      
9        41       43       98       175      89       198      106      301      129      0        151      211      222      162      126      358      197      217      195      101      204      208      147      106      89       121      198      89       155      211      24       346      126      98       153      271      6        66       196      244      194      
10       109      150      244      48       227      343      64       345      43       151      0        227      275      15       152      353      135      133      291      242      71       336      246      255      238      53       342      82       21       65       141      347      236      73       88       371      150      205      323      369      286      
11       203      168      215      199      288      272      247      119      250      211      227      0        64       242      89       147      115      141      133      201      208      216      124      237      226      177      263      247      210      235      187      135      141      247      141      190      217      270      205      230      123      
12       227      180      196      253      285      231      282      79       290      222      275      64       0        290      123      159      177      204      81       181      266      165      94       217      211      222      221      277      259      292      201      144      118      280      194      126      229      270      157      173      72       
13       121      164      257      55       235      356      68       360      44       162      15       242      290      0        168      366      146      142      307      256      74       350      261      268      251      68       355      88       32       62       154      359      251      78       102      387      161      213      338      383      301      
14       114      85       158      138      209      240      160      198      166      126      152      89       123      168      0        235      94       122      145      148      157      206      106      178      164      99       234      158      139      180      101      224      107      159      81       222      131      189      194      233      138      
15       349      315      352      314      433      388      385      115      384      358      353      147      159      366      235      0        220      232      236      338      312      318      252      374      366      309      378      388      333      341      334      15       274      387      265      250      364      416      311      318      228      
16       167      165      250      93       286      334      177      231      170      197      135      115      177      146      94       220      0        29       227      241      96       297      196      270      254      99       329      186      114      124      173      214      200      182      52       297      200      263      285      321      218      
17       184      188      276      87       306      362      184      254      172      217      133      141      204      142      122      232      29       0        255      268      80       326      225      295      279      108      357      195      112      108      195      228      229      190      65       326      220      283      314      350      247      
18       215      161      137      283      236      151      280      136      295      195      291      133      81       307      145      236      227      255      0        122      302      84       49       155      154      239      141      271      281      325      181      222      69       276      226      80       202      227      76       97       9        
19       138      92       15       255      114      101      207      253      228      101      242      201      181      256      148      338      241      268      122      0        281      108      87       36       31       200      99       191      241      295      102      324      63       199      213      185      106      108      98       145      126      
20       164      190      286      28       288      382      134      326      114      204      71       208      266      74       157      312      96       80       302      281      0        361      263      301      284      83       379      151      55       28       188      308      259      142      76       379      205      265      348      390      295      
21       240      188      117      337      214      75       309      211      329      208      336      216      165      350      206      318      297      326      84       108      361      0        101      125      133      287      65       295      330      380      203      303      101      302      286      96       213      213      12       37       94       
22       166      112      102      241      195      148      232      166      247      147      246      124      94       261      106      252      196      225      49       87       263      101      0        123      117      194      140      222      237      283      132      238      24       227      187      128      154      183      89       127      47       
23       147      111      21       274      89       93       212      288      236      106      255      237      217      268      178      374      270      295      155      36       301      125      123      0        17       219      95       194      257      313      115      360      99       203      237      212      109      90       117      161      159      
24       130      94       17       256      83       108      196      284      219      89       238      226      211      251      164      366      254      279      154      31       284      133      117      17       0        201      110      178      239      295      97       352      93       187      221      215      92       80       124      170      157      
25       82       108      204      55       207      301      78       293      74       121      53       177      222      68       99       309      99       108      239      200      83       287      194      219      201      0        299      87       42       95       105      301      186      82       47       319      123      184      274      319      233      
26       236      191      99       353      177      10       304      274      327      198      342      263      221      355      234      378      329      357      141      99       379      65       140      95       110      299      0        287      340      394      201      363      129      296      308      160      201      183      68       89       150      
27       56       110      188      124      149      287      20       355      46       89       82       247      277      88       158      388      186      195      271      191      151      295      222      194      178      87       287      0        96       147      92       379      205      10       134      350      85       128      283      331      268      
28       113      148      244      28       235      342      79       328      62       155      21       210      259      32       139      333      114      112      281      241      55       330      237      257      239      42       340      96       0        56       142      327      229      87       69       360      155      212      317      361      275      
29       170      203      299      42       291      396      129      354      106      211      65       235      292      62       180      341      124      108      325      295      28       380      283      313      295      95       394      147      56       0        198      336      278      138      99       402      212      269      367      410      318      
30       36       21       103      160      112      202      106      281      126      24       141      187      201      154      101      334      173      195      181      102      188      203      132      115      97       105      201      92       142      198      0        323      114      99       131      260      30       90       191      239      179      
31       338      303      339      308      420      373      376      100      376      346      347      135      144      359      224      15       214      228      222      324      308      303      238      360      352      301      363      379      327      336      323      0        260      378      258      235      353      404      296      303      213      
32       148      94       78       236      170      135      216      191      233      126      236      141      118      251      107      274      200      229      69       63       259      101      24       99       93       186      129      205      229      278      114      260      0        211      185      146      132      159      88       132      69       
33       63       116      197      116      159      296      9        357      35       98       73       247      280      78       159      387      182      190      276      199      142      302      227      203      187      82       296      10       87       138      99       378      211      0        130      356      94       138      290      338      273      
34       119      127      220      59       242      312      125      260      119      153      88       141      194      102      81       265      52       65       226      213      76       286      187      237      221      47       308      134      69       99       131      258      185      130      0        303      156      219      273      314      219      
35       294      240      198      361      299      171      360      135      375      271      371      190      126      387      222      250      297      326      80       185      379      96       128      212      215      319      160      350      360      402      260      235      146      356      303      0        278      294      99       76       85       
36       41       49       102      176      86       201      103      308      127      6        150      217      229      161      131      364      200      220      202      106      205      213      154      109      92       123      201      85       155      212      30       353      132      94       156      278      0        63       202      249      201      
37       101      104      97       236      23       179      148      348      174      66       205      270      270      213      189      416      263      283      227      108      265      213      183      90       80       184      183      128      212      269      90       404      159      138      219      294      63       0        204      250      228      
38       228      175      107      325      206      78       297      206      317      196      323      205      157      338      194      311      285      314      76       98       348      12       89       117      124      274      68       283      317      367      191      296      88       290      273      99       202      204      0        47       85       
39       275      222      154      368      250      99       345      205      364      244      369      230      173      383      233      318      321      350      97       145      390      37       127      161      170      319      89       331      361      410      239      303      132      338      314      76       249      250      47       0        106      
40       212      158      140      276      238      159      277      130      291      194      286      123      72       301      138      228      218      247      9        126      295      94       47       159      157      233      150      268      275      318      179      213      69       273      219      85       201      228      85       106      0        
;



Table delta(i,j)                 Distance
         0        1        2        3        4        5        6        7        8        9        10       11       12       13       14       15       16       17       18       19       20       21       22       23       24       25       26       27       28       29       30       31       32       33       34       35       36       37       38       39       40       
0        0        1640     750      7270     9070     2980     6000     8810     8430     4540     5390     8930     2740     8730     8020     6450     6370     4060     7190     10280    6140     5680     10380    8300     6470     7940     3510     10510    8400     7510     7100     5710     4980     9700     10250    3300     6050     5100     8050     4550     3580     
1        1640     0        236      611      808      442      595      752      696      304      571      803      167      708      639      493      480      509      587      929      734      662      874      668      680      629      363      893      677      591      555      414      556      864      861      387      729      356      683      420      371      
2        750      236      0        766      974      264      591      954      917      529      566      957      323      943      875      704      699      400      793      1095     589      562      1106     896      619      865      345      1113     906      825      770      633      461      1039     1094     355      579      585      877      464      351      
3        7270     611      766      0        1151     1025     469      989      846      638      1163     1178     455      563      617      260      312      1118     856      1251     1338     1273     610      436      632      532      512      497      442      645      283      323      660      1172     629      996      1331     619      968      382      514      
4        9070     808      974      1151     0        981      1367     214      370      553      641      61       915      738      615      896      844      870      296      121      1039     891      886      834      1478     702      1162     1044     837      548      898      828      1364     77       845      731      1052     546      189      1180     1170     
5        2980     442      264      1025     981      0        841      1018     1023     668      421      949      572      1129     1040     935      921      177      874      1095     326      323      1303     1103     842      1049     602      1334     1113     977      997      856      676      1054     1285     251      314      731      933      727      607      
6        6000     595      591      469      1367     841      0        1260     1153     815      1138     1373     454      969      979      631      669      991      1100     1483     1165     1153     1057     858      163      914      249      965      866      976      688      633      232      1411     1070     931      1151     833      1211     186      242      
7        8810     752      954      989      214      1018     1260     0        161      457      748      269      825      531      413      728      677      940      165      275      1137     994      673      636      1386     504      1080     835      638      355      720      672      1291     197      631      783      1147     428      87       1074     1088     
8        8430     696      917      846      370      1023     1153     161      0        392      814      421      739      370      253      586      535      972      162      435      1185     1049     516      476      1288     344      994      674      478      202      571      540      1208     358      475      807      1192     344      195      971      1002     
9        4540     304      529      638      553      668      815      457      392      0        592      565      369      474      374      412      370      661      292      668      892      778      655      483      932      396      622      729      491      309      446      326      834      596      631      498      893      63       399      628      631      
10       5390     571      566      1163     641      421      1138     748      814      592      0        594      738      1050     932      985      951      260      652      740      398      250      1233     1074     1184     977      889      1321     1082     855      1029     895      1028     719      1203     210      411      647      662      980      896      
11       8930     803      957      1178     61       949      1373     269      421      565      594      0        920      785      659      925      874      831      329      147      992      843      937      876      1479     745      1161     1091     880      590      931      854      1360     132      896      697      1006     564      231      1187     1170     
12       2740     167      323      455      915      572      454      825      739      369      738      920      0        664      623      387      389      664      661      1033     883      821      810      595      563      590      255      797      605      594      454      326      469      963      804      552      876      399      768      270      263      
13       8730     708      943      563      738      1129     969      531      370      474      1050     785      664      0        128      338      302      1135     471      805      1366     1251     182      129      1125     80       884      306      126      206      286      350      1091     728      157      972      1368     412      553      812      890      
14       8020     639      875      617      615      1040     979      413      253      374      932      659      623      128      0        365      318      1033     342      688      1261     1141     304      222      1128     92       862      434      224      79       334      345      1074     610      271      868      1264     310      428      809      869      
15       6450     493      704      260      896      935      631      728      586      412      985      925      387      338      365      0        51       991      599      993      1221     1133     442      231      788      288      566      410      240      386      68       89       764      914      447      846      1218     380      710      479      571      
16       6370     480      699      312      844      921      669      677      535      370      951      874      389      302      318      51       0        968      548      941      1200     1107     424      209      823      246      587      414      218      336      79       66       790      862      424      820      1198     334      659      509      593      
17       4060     509      400      1118     870      177      991      940      972      661      260      831      664      1135     1033     991      968      0        814      978      232      162      1316     1130     1007     1057     745      1371     1139     963      1047     905      843      947      1293     166      232      724      853      859      751      
18       7190     587      793      856      296      874      1100     165      162      292      652      329      661      471      342      599      548      814      0        397      1024     887      639      550      1223     421      915      776      555      267      602      533      1126     319      601      651      1032     266      113      914      923      
19       10280    929      1095     1251     121      1095     1483     275      435      668      740      147      1033     805      688      993      941      978      397      0        1136     987      939      911      1596     778      1281     1106     913      628      989      930      1484     79       896      844      1150     657      283      1296     1289     
20       6140     734      589      1338     1039     326      1165     1137     1185     892      398      992      883      1366     1261     1221     1200     232      1024     1136     0        149      1547     1363     1156     1288     928      1604     1372     1189     1279     1137     989      1117     1523     393      21       954      1050     1054     933      
21       5680     662      562      1273     891      323      1153     994      1049     778      250      843      821      1251     1141     1133     1107     162      887      987      149      0        1433     1257     1164     1174     907      1502     1266     1067     1187     1046     999      969      1407     287      164      839      907      1022     913      
22       10380    874      1106     610      886      1303     1057     673      516      655      1233     937      810      182      304      442      424      1316     639      939      1547     1433     0        215      1219     259      1008     186      205      383      377      484      1206     865      43       1153     1548     594      709      919      1014     
23       8300     668      896      436      834      1103     858      636      476      483      1074     876      595      129      222      231      209      1130     550      911      1363     1257     215      0        1017     132      795      246      9        286      170      269      995      832      216      973      1362     427      645      710      800      
24       6470     680      619      632      1478     842      163      1386     1288     932      1184     1479     563      1125     1128     788      823      1007     1223     1596     1156     1164     1219     1017     0        1067     318      1128     1025     1119     847      783      167      1526     1230     973      1140     958      1331     319      309      
25       7940     629      865      532      702      1049     914      504      344      396      977      745      590      80       92       288      246      1057     421      778      1288     1174     259      132      1067     0        816      358      135      155      249      285      1025     700      236      894      1289     335      514      751      823      
26       3510     363      345      512      1162     602      249      1080     994      622      889      1161     255      884      862      566      587      745      915      1281     928      907      1008     795      318      816      0        958      804      840      633      533      215      1212     1011     682      916      654      1021     138      8        
27       10510    893      1113     497      1044     1334     965      835      674      729      1321     1091     797      306      434      410      414      1371     776      1106     1604     1502     186      246      1128     358      958      0        238      509      342      480      1139     1031     227      1216     1603     674      860      850      963      
28       8400     677      906      442      837      1113     866      638      478      491      1082     880      605      126      224      240      218      1139     555      913      1372     1266     205      9        1025     135      804      238      0        290      178      279      1004     835      207      982      1372     435      649      719      810      
29       7510     591      825      645      548      977      976      355      202      309      855      590      594      206      79       386      336      963      267      628      1189     1067     383      286      1119     155      840      509      290      0        368      348      1055     549      350      797      1193     246      359      800      848      
30       7100     555      770      283      898      997      688      720      571      446      1029     931      454      286      334      68       79       1047     602      989      1279     1187     377      170      847      249      633      342      178      368      0        142      829      910      383      899      1276     405      710      542      638      
31       5710     414      633      323      828      856      633      672      540      326      895      854      326      350      345      89       66       905      533      930      1137     1046     484      269      783      285      533      480      279      348      142      0        740      851      481      759      1134     298      646      466      539      
32       4980     556      461      660      1364     676      232      1291     1208     834      1028     1360     469      1091     1074     764      790      843      1126     1484     989      999      1206     995      167      1025     215      1139     1004     1055     829      740      0        1418     1211     817      973      868      1230     288      207      
33       9700     864      1039     1172     77       1054     1411     197      358      596      719      132      963      728      610      914      862      947      319      79       1117     969      865      832      1526     700      1212     1031     835      549      910      851      1418     0        823      806      1130     581      205      1224     1221     
34       10250    861      1094     629      845      1285     1070     631      475      631      1203     896      804      157      271      447      424      1293     601      896      1523     1407     43       216      1230     236      1011     227      207      350      383      481      1211     823      0        1130     1525     569      669      926      1016     
35       3300     387      355      996      731      251      931      783      807      498      210      697      552      972      868      846      820      166      651      844      393      287      1153     973      973      894      682      1216     982      797      899      759      817      806      1130     0        396      560      696      779      689      
36       6050     729      579      1331     1052     314      1151     1147     1192     893      411      1006     876      1368     1264     1218     1198     232      1032     1150     21       164      1548     1362     1140     1289     916      1603     1372     1193     1276     1134     973      1130     1525     396      0        956      1060     1042     920      
37       5100     356      585      619      546      731      833      428      344      63       647      564      399      412      310      380      334      724      266      657      954      839      594      427      958      335      654      674      435      246      405      298      868      581      569      560      956      0        378      647      663      
38       8050     683      877      968      189      933      1211     87       195      399      662      231      768      553      428      710      659      853      113      283      1050     907      709      645      1331     514      1021     860      649      359      710      646      1230     205      669      696      1060     378      0        1024     1029     
39       4550     420      464      382      1180     727      186      1074     971      628      980      1187     270      812      809      479      509      859      914      1296     1054     1022     919      710      319      751      138      850      719      800      542      466      288      1224     926      779      1042     647      1024     0        138      
40       3580     371      351      514      1170     607      242      1088     1002     631      896      1170     263      890      869      571      593      751      923      1289     933      913      1014     800      309      823      8        963      810      848      638      539      207      1221     1016     689      920      663      1029     138      0        
;

