

sets
i        orders          /0*40/
k        routes          /1*40/
p        positions       /0*40/
;

alias(i,j)
alias(i,h)
alias(i,hh)
alias(i,jj)
alias(k,kk)
                            Parameters

rho(i)	Processing time
/
0	0
1	80
2	81
3	57
4	9
5	25
6	44
7	67
8	8
9	74
10	45
11	76
12	68
13	69
14	23
15	94
16	36
17	18
18	56
19	8
20	36
21	66
22	7
23	91
24	51
25	81
26	22
27	87
28	76
29	75
30	74
31	6
32	52
33	4
34	13
35	2
36	93
37	62
38	25
39	39
40	7
/

gamma(i)	Duedate
/
0	0
1	51
2	25
3	85
4	83
5	99
6	88
7	73
8	8
9	31
10	16
11	89
12	81
13	51
14	92
15	4
16	54
17	4
18	44
19	73
20	44
21	97
22	86
23	21
24	88
25	4
26	30
27	91
28	22
29	15
30	14
31	11
32	95
33	81
34	20
35	44
36	79
37	29
38	2
39	6
40	50
/

sigma(i)	Size
/
0	0
1	9
2	9
3	9
4	2
5	6
6	1
7	8
8	7
9	5
10	5
11	3
12	2
13	2
14	1
15	5
16	9
17	7
18	5
19	4
20	6
21	5
22	6
23	5
24	8
25	8
26	4
27	1
28	8
29	5
30	5
31	3
32	9
33	3
34	5
35	6
36	5
37	9
38	2
39	7
40	1
/

epsilon(i)	Priority
/
0	0
1	3
2	6
3	7
4	2
5	1
6	4
7	7
8	6
9	6
10	7
11	3
12	1
13	9
14	6
15	6
16	9
17	7
18	2
19	7
20	6
21	7
22	8
23	9
24	3
25	1
26	8
27	7
28	5
29	7
30	4
31	4
32	1
33	3
34	6
35	6
36	1
37	1
38	3
39	9
40	4
/

psi	Vehicle Capacity
/ 9 /
;

Table kappa(i,j)                 Setup
         0        1        2        3        4        5        6        7        8        9        10       11       12       13       14       15       16       17       18       19       20       21       22       23       24       25       26       27       28       29       30       31       32       33       34       35       36       37       38       39       40       
0        0        309      55       240      24       313      262      218      127      151      57       193      227      113      124      288      204      177      327      99       152      178      223      247      164      117      105      316      75       345      304      170      98       51       243      28       108      267      227      196      211      
1        309      0        308      363      332      335      256      141      214      247      353      169      240      207      250      271      104      134      83       225      253      414      108      242      182      335      314      372      262      117      65       151      406      327      344      306      204      361      343      203      338      
2        55       308      0        185      68       261      217      241      160      195      105      221      184      101      168      241      204      174      312      82       107      133      210      204      192      173      159      262      119      325      291      158      108      106      189      83       104      212      172      161      156      
3        240      363      185      0        251      107      128      366      316      362      287      358      126      210      337      135      287      260      321      198      125      130      257      133      335      357      343      86       293      315      314      232      255      291      24       267      225      33       20       160      31       
4        24       332      68       251      0        329      282      237      144      161      37       211      247      137      135      307      228      201      352      123      171      176      248      268      182      112      104      329      90       370      328      194      77       43       256      34       132      279      240      219      223      
5        313      335      261      107      329      0        81       379      355      405      367      380      109      245      384      64       287      268      273      241      166      236      243      98       363      424      406      43       348      257      275      241      350      364      87       337      261      76       104      158      118      
6        262      256      217      128      282      81       0        300      283      334      319      302      35       176      315      26       206      189      200      176      110      235      162      17       287      365      345      116      284      189      198      162      319      310      105      283      191      114      113      81       118      
7        218      141      241      366      237      379      300      0        95       111      246      30       270      160      121      323      96       111      208      175      240      370      146      282      55       206      187      406      150      241      182      139      314      217      354      205      147      377      347      222      336      
8        127      214      160      316      144      355      283      95       0        51       151      67       248      110      38       309      125      114      261      118      195      293      168      265      39       120      99       372      55       288      234      129      220      122      310      110      94       334      298      202      285      
9        151      247      195      362      161      405      334      111      51       0        157      80       299      160      27       360      168      162      302      166      243      327      215      316      66       97       81       421      76       331      275      180      234      128      357      127      144      382      345      253      330      
10       57       353      105      287      37       367      319      246      151      157      0        218      284      168      133      344      251      226      379      156      208      204      275      305      191      87       85       366      96       399      354      223      78       29       293      47       161      316      276      254      260      
11       193      169      221      358      211      380      302      30       67       80       218      0        271      149      90       327      107      114      231      162      233      352      158      285      29       175      156      404      123      262      204      140      288      189      349      178      134      372      339      222      327      
12       227      240      184      126      247      109      35       270      248      299      284      271      0        140      280      62       179      159      195      140      76       216      139      20       254      329      309      137      248      190      188      131      288      275      105      247      155      121      107      48       108      
13       113      207      101      210      137      245      176      160      110      160      168      149      140      0        140      202      104      73       215      18       85       215      111      159      125      193      172      262      109      232      192      58       203      150      201      123      15       225      191      97       178      
14       124      250      168      337      135      384      315      121      38       27       133      90       280      140      0        342      163      152      299      143      221      300      206      298      68       85       65       399      49       326      272      166      209      104      333      101      124      358      321      235      306      
15       288      271      241      135      307      64       26       323      309      360      344      327      62       202      342      0        228      213      210      203      135      251      182      43       312      391      372      103      310      195      211      187      341      336      110      309      217      114      122      107      130      
16       204      104      204      287      228      287      206      96       125      168      251      107      179      104      163      228      0        31       136      123      165      317      50       189      104      243      221      316      164      163      109      56       301      226      272      204      100      293      267      132      258      
17       177      134      174      260      201      268      189      111      114      162      226      114      159      73       152      213      31       0        154      91       136      286      54       171      103      227      205      294      144      178      129      28       272      202      246      179      70       268      240      110      231      
18       327      83       312      321      352      273      200      208      261      302      379      231      195      215      299      210      136      154      0        231      232      396      104      190      236      379      357      313      298      34       27       157      418      357      300      332      219      313      303      172      302      
19       99       225      82       198      123      241      176      175      118      166      156      162      140      18       143      203      123      91       231      0        77       197      128      160      137      188      168      255      107      247      209      76       186      140      192      112      28       216      180      101      167      
20       152      253      107      125      171      166      110      240      195      243      208      233      76       85       221      135      165      136      232      77       0        164      145      97       210      259      240      178      182      238      217      109      212      201      116      173      101      139      106      62       95       
21       178      414      133      130      176      236      235      370      293      327      204      352      216      215      300      251      317      286      396      197      164      0        307      232      324      288      280      215      250      400      381      263      147      219      149      205      225      163      133      224      121      
22       223      108      210      257      248      243      162      146      168      215      275      158      139      111      206      182      50       54       104      128      145      307      0        145      152      281      259      275      198      124      81       53       315      254      239      228      115      258      237      97       231      
23       247      242      204      133      268      98       17       282      265      316      305      285      20       159      298      43       189      171      190      160      97       232      145      0        269      348      328      130      267      182      186      144      308      295      110      267      174      122      115      63       118      
24       164      182      192      335      182      363      287      55       39       66       191      29       254      125      68       312      104      103      236      137      210      324      152      269      0        154      134      384      95       266      209      125      259      161      326      149      110      350      316      206      304      
25       117      335      173      357      112      424      365      206      120      97       87       175      329      193      85       391      243      227      379      188      259      288      281      348      154      0        22       431      85       405      352      235      164      69       359      90       180      383      344      289      328      
26       105      314      159      343      104      406      345      187      99       81       85       156      309      172      65       372      221      205      357      168      240      280      259      328      134      22       0        414      63       383      330      213      164      61       344      76       159      368      328      269      313      
27       316      372      262      86       329      43       116      406      372      421      366      404      137      262      399      103      316      294      313      255      178      215      275      130      384      431      414      0        359      298      313      266      341      367      73       341      278      53       91       184      107      
28       75       262      119      293      90       348      284      150      55       76       96       123      248      109      49       310      164      144      298      107      182      250      198      267      95       85       63       359      0        322      272      150      166      67       291      55       95       315      277      206      262      
29       345      117      325      315      370      257      189      241      288      331      399      262      190      232      326      195      163      178      34       247      238      400      124      182      266      405      383      298      322      0        59       176      433      378      292      353      238      303      297      175      298      
30       304      65       291      314      328      275      198      182      234      275      354      204      188      192      272      211      109      129      27       209      217      381      81       186      209      352      330      313      272      59       0        134      396      331      293      307      195      308      295      159      292      
31       170      151      158      232      194      241      162      139      129      180      223      140      131      58       166      187      56       28       157      76       109      263      53       144      125      235      213      266      150      176      134      0        262      202      218      176      62       239      212      82       203      
32       98       406      108      255      77       350      319      314      220      234      78       288      288      203      209      341      301      272      418      186      212      147      315      308      259      164      164      341      166      433      396      262      0        106      267      110      202      288      250      269      234      
33       51       327      106      291      43       364      310      217      122      128      29       189      275      150      104      336      226      202      357      140      201      219      254      295      161      69       61       367      67       378      331      202      106      0        294      27       141      318      278      241      262      
34       243      344      189      24       256      87       105      354      310      357      293      349      105      201      333      110      272      246      300      192      116      149      239      110      326      359      344      73       291      292      293      218      267      294      0        270      217      24       17       142      34       
35       28       306      83       267      34       337      283      205      110      127      47       178      247      123      101      309      204      179      332      112      173      205      228      267      149      90       76       341      55       353      307      176      110      27       270      0        114      294      254      213      238      
36       108      204      104      225      132      261      191      147      94       144      161      134      155      15       124      217      100      70       219      28       101      225      115      174      110      180      159      278      95       238      195      62       202      141      217      114      0        240      206      111      193      
37       267      361      212      33       279      76       114      377      334      382      316      372      121      225      358      114      293      268      313      216      139      163      258      122      350      383      368      53       315      303      308      239      288      318      24       294      240      0        39       162      56       
38       227      343      172      20       240      104      113      347      298      345      276      339      107      191      321      122      267      240      303      180      106      133      237      115      316      344      328      91       277      297      295      212      250      278      17       254      206      39       0        140      16       
39       196      203      161      160      219      158      81       222      202      253      254      222      48       97       235      107      132      110      172      101      62       224      97       63       206      289      269      184      206      175      159      82       269      241      142      213      111      162      140      0        135      
40       211      338      156      31       223      118      118      336      285      330      260      327      108      178      306      130      258      231      302      167      95       121      231      118      304      328      313      107      262      298      292      203      234      262      34       238      193      56       16       135      0        
;



Table delta(i,j)                 Distance
         0        1        2        3        4        5        6        7        8        9        10       11       12       13       14       15       16       17       18       19       20       21       22       23       24       25       26       27       28       29       30       31       32       33       34       35       36       37       38       39       40       
0        0        6400     5940     2460     9000     9990     5620     2450     70       2750     9030     5300     410      7430     8090     6900     7260     6210     12280    12000    8120     6320     9970     7380     7120     7520     9870     840      7680     12100    9030     4450     11310    5370     7440     10810    6200     7620     2790     10540    2610     
1        6400     0        704      804      643      628      129      473      635      423      948      110      673      128      182      147      181      918      1282     766      239      130      1048     727      783      958      529      650      172      956      294      967      1104     340      198      544      765      173      520      871      878      
2        5940     704      0        494      429      585      575      404      598      421      312      650      582      830      764      623      631      253      652      788      690      593      412      160      118      253      657      519      698      668      788      502      537      367      898      806      61       687      337      497      613      
3        2460     804      494      0        884      1014     700      333      253      383      769      700      206      922      951      815      845      428      1065     1222     928      760      851      653      599      577      1037     179      899      1159     1027     198      1002     598      942      1157     496      891      308      990      119      
4        9000     643      429      884      0        165      551      657      900      639      436      659      904      734      590      502      480      666      701      359      484      515      507      298      392      593      283      846      532      329      549      927      500      398      829      440      468      523      624      229      1002     
5        9990     628      585      1014     165      0        565      753      998      727      595      671      1008     694      530      480      449      828      831      208      423      511      658      462      557      759      146      954      484      343      461      1075     625      467      793      291      628      477      733      326      1129     
6        5620     129      575      700      551      565      0        366      558      317      825      107      590      257      251      129      168      789      1163     729      253      72       926      604      656      828      491      559      206      875      340      852      991      212      324      544      635      199      403      774      783      
7        2450     473      404      333      657      753      366      0        245      50       716      374      257      595      617      482      514      520      1057     955      599      427      816      525      521      616      745      208      566      972      696      495      934      294      625      848      446      558      72       822      421      
8        70       635      598      253      900      998      558      245      0        274      907      524      49       737      804      686      723      627      1233     1199     809      628      1001     740      716      758      985      90       764      1211     899      452      1135     536      738      1078     624      758      280      1056     268      
9        2750     423      421      383      639      727      317      50       274      0        730      324      292      545      568      435      468      557      1073     926      553      379      831      530      535      644      711      250      518      960      649      545      942      262      577      808      468      511      110      815      468      
10       9030     948      312      769      436      595      825      716      907      730      0        917      887      1065     960      836      831      381      345      754      866      823      102      221      195      238      719      824      895      502      950      715      233      614      1146     876      283      884      650      340      884      
11       5300     110      650      700      659      671      107      374      524      324      917      0        563      221      289      209      250      846      1257     829      325      163      1018     696      740      900      590      542      265      983      396      869      1090     302      258      628      708      262      427      881      770      
12       410      673      582      206      904      1008     590      257      49       292      887      563      0        778      839      716      752      593      1208     1212     838      659      979      729      699      728      1002     63       796      1209     930      404      1117     551      782      1101     604      789      280      1050     220      
13       7430     128      830      922      734      694      257      595      737      545      1065     221      778      0        176      235      253      1046     1394     805      274      242      1163     846      905      1084     577      761      210      1033     284      1090     1211     464      98       556      891      217      645      964      989      
14       8090     182      764      951      590      530      251      617      804      568      960      289      839      176      0        145      132      1000     1274     630      107      192      1053     748      819      1013     404      810      66       872      115      1098     1082     405      273      382      825      77       651      818      1035     
15       6900     147      623      815      502      480      129      482      686      435      836      209      716      235      145      0        40       856      1161     623      123      57       932      619      685      874      385      682      84       810      214      956      976      261      327      419      684      76       511      731      903      
16       7260     181      631      845      480      449      168      514      723      468      831      250      752      253      132      40       0        869      1150     586      86       96       926      617      687      881      348      716      66       782      182      981      963      277      349      379      692      55       539      710      936      
17       6210     918      253      428      666      828      789      520      627      557      381      846      593      1046     1000     856      869      0        641      1025     934      819      443      370      279      154      909      537      935      852      1034     336      604      595      1103     1059     201      925      449      678      530      
18       12280    1282     652      1065     701      831      1163     1057     1233     1073     345      1257     1208     1394     1274     1161     1150     641      0        933      1173     1154     242      562      538      488      974      1147     1211     593      1248     967      206      955      1479     1122     613      1201     989      508      1171     
19       12000    766      788      1222     359      208      729      955      1199     926      754      829      1212     805      630      623      586      1025     933      0        534      665      799      655      748      943      238      1158     602      356      533      1282     729      664      904      276      827      598      938      434      1337     
20       8120     239      690      928      484      423      253      599      809      553      866      325      838      274      107      123      86       934      1173     534      0        181      956      658      735      935      302      802      68       764      101      1061     979      349      373      305      750      65       622      711      1021     
21       6320     130      593      760      515      511      72       427      628      379      823      163      659      242      192      57       96       819      1154     665      181      0        921      603      663      846      427      625      138      831      271      905      974      226      325      473      654      131      458      742      848      
22       9970     1048     412      851      507      658      926      816      1001     831      102      1018     979      1163     1053     932      926      443      242      799      956      921      0        322      296      290      790      917      988      510      1038     780      164      716      1246     946      377      978      750      368      963      
23       7380     727      160      653      298      462      604      525      740      530      221      696      729      846      748      619      617      370      562      655      658      603      322      0        94       300      559      666      682      509      748      656      412      393      925      715      178      671      466      337      773      
24       7120     783      118      599      392      557      656      521      716      535      195      740      699      905      819      685      687      279      538      748      735      663      296      94       0        208      652      636      753      582      828      581      419      443      980      807      104      742      455      408      718      
25       7520     958      253      577      593      759      828      616      758      644      238      900      728      1084     1013     874      881      154      488      943      935      846      290      300      208      0        859      669      947      731      1030     490      452      620      1151     1015     192      936      544      561      683      
26       9870     529      657      1037     283      146      491      745      985      711      719      590      1002     577      404      385      348      909      974      238      302      427      790      559      652      859      0        953      369      482      323      1123     769      450      676      157      708      363      739      472      1146     
27       840      650      519      179      846      954      559      208      90       250      824      542      63       761      810      682      716      537      1147     1158     802      625      917      666      636      669      953      0        764      1148     897      376      1054     502      773      1057     541      757      222      989      227      
28       7680     172      698      899      532      484      206      566      764      518      895      265      796      210      66       84       66       935      1211     602      68       138      988      682      753      947      369      764      0        823      134      1041     1021     341      309      371      759      10       595      761      986      
29       12100    956      668      1159     329      343      875      972      1211     960      502      983      1209     1033     872      810      782      852      593      356      764      831      510      509      582      731      482      1148     823      0        803      1162     400      727      1131     597      683      815      931      174      1279     
30       9030     294      788      1027     549      461      340      696      899      649      950      396      930      284      115      214      182      1034     1248     533      101      271      1038     748      828      1030     323      897      134      803      0        1162     1050     451      378      273      848      140      721      770      1118     
31       4450     967      502      198      927      1075     852      495      452      545      715      869      404      1090     1098     956      981      336      967      1282     1061     905      780      656      581      490      1123     376      1041     1162     1162     0        941      715      1119     1257     479      1032     448      989      240      
32       11310    1104     537      1002     500      625      991      934      1135     942      233      1090     1117     1211     1082     976      963      604      206      729      979      974      164      412      419      452      769      1054     1021     400      1050     941      0        789      1300     916      514      1011     871      302      1116     
33       5370     340      367      598      398      467      212      294      536      262      614      302      551      464      405      261      277      595      955      664      349      226      716      393      443      620      450      502      341      727      451      715      789      0        536      559      428      331      292      601      702      
34       7440     198      898      942      829      793      324      625      738      577      1146     258      782      98       273      327      349      1103     1479     904      373      325      1246     925      980      1151     676      773      309      1131     378      1119     1300     536      0        651      958      316      683      1058     999      
35       10810    544      806      1157     440      291      544      848      1078     808      876      628      1101     556      382      419      379      1059     1122     276      305      473      946      715      807      1015     157      1057     371      597      273      1257     916      559      651      0        859      370      852      616      1261     
36       6200     765      61       496      468      628      635      446      624      468      283      708      604      891      825      684      692      201      613      827      750      654      377      178      104      192      708      541      759      683      848      479      514      428      958      859      0        748      377      509      614      
37       7620     173      687      891      523      477      199      558      758      511      884      262      789      217      77       76       55       925      1201     598      65       131      978      671      742      936      363      757      10       815      140      1032     1011     331      316      370      748      0        587      752      979      
38       2790     520      337      308      624      733      403      72       280      110      650      427      280      645      651      511      539      449      989      938      622      458      750      466      455      544      739      222      595      931      721      448      871      292      683      852      377      587      0        775      409      
39       10540    871      497      990      229      326      774      822      1056     815      340      881      1050     964      818      731      710      678      508      434      711      742      368      337      408      561      472      989      761      174      770      989      302      601      1058     616      509      752      775      0        1109     
40       2610     878      613      119      1002     1129     783      421      268      468      884      770      220      989      1035     903      936      530      1171     1337     1021     848      963      773      718      683      1146     227      986      1279     1118     240      1116     702      999      1261     614      979      409      1109     0        
;

