

sets
i        orders          /0*20/
k        routes          /1*20/
p        positions       /0*20/
;

alias(i,j)
alias(i,h)
alias(i,hh)
alias(i,jj)
alias(k,kk)
                            Parameters

rho(i)	Processing time
/
0	0
1	14
2	48
3	83
4	13
5	31
6	42
7	6
8	45
9	76
10	29
11	2
12	30
13	67
14	75
15	5
16	74
17	88
18	54
19	45
20	33
/

gamma(i)	Duedate
/
0	0
1	7
2	12
3	96
4	62
5	68
6	16
7	21
8	76
9	38
10	3
11	17
12	46
13	94
14	52
15	10
16	35
17	62
18	25
19	67
20	31
/

sigma(i)	Size
/
0	0
1	8
2	6
3	4
4	1
5	5
6	4
7	2
8	9
9	2
10	6
11	6
12	4
13	6
14	5
15	5
16	2
17	7
18	6
19	2
20	5
/

epsilon(i)	Priority
/
0	0
1	5
2	3
3	4
4	6
5	5
6	7
7	6
8	3
9	7
10	3
11	1
12	6
13	2
14	3
15	8
16	2
17	6
18	9
19	9
20	3
/

psi	Vehicle Capacity
/ 14 /
;

Table kappa(i,j)                 Setup
         0        1        2        3        4        5        6        7        8        9        10       11       12       13       14       15       16       17       18       19       20       
0        0        227      548      312      382      366      599      521      537      397      408      445      784      584      664      255      490      443      379      529      108      
1        227      0        321      372      344      593      780      314      389      454      283      338      699      420      701      70       510      647      597      696      176      
2        548      321      0        594      527      913      1054     142      338      653      343      389      667      313      835      302      659      944      916      987      479      
3        312      372      594      0        669      493      471      494      391      87       282      274      520      454      353      330      179      405      585      804      234      
4        382      344      527      669      0        642      967      598      723      756      627      682      1043     742      1019     414      832      796      565      516      434      
5        366      593      913      493      642      0        407      875      848      538      719      738      1012     905      752      615      645      229      145      416      443      
6        599      780      1054     471      967      407      0        964      854      443      753      739      871      918      508      764      512      182      552      822      604      
7        521      314      142      494      598      875      964      0        195      541      220      258      526      174      702      266      533      873      900      1010     432      
8        537      389      338      391      723      848      854      195      0        412      130      117      338      63       523      321      374      796      905      1061     430      
9        397      454      653      87       756      538      443      541      412      0        322      299      477      475      267      407      108      412      643      874      321      
10       408      283      343      282      627      719      753      220      130      322      0        58       416      185      493      213      316      679      774      934      300      
11       445      338      389      274      682      738      739      258      117      299      58       0        361      180      445      268      276      679      801      974      336      
12       784      699      667      520      1043     1012     871      526      338      477      416      361      0        353      389      629      376      884      1105     1308     678      
13       584      420      313      454      742      905      918      174      63       475      185      180      353      0        577      355      434      858      957      1104     480      
14       664      701      835      353      1019     752      508      702      523      267      493      445      389      577      0        644      191      569      876      1123     586      
15       255      70       302      330      414      615      764      266      321      407      213      268      629      355      644      0        453      644      634      753      176      
16       490      510      659      179      832      645      512      533      374      108      316      276      376      434      191      453      0        507      751      980      403      
17       443      647      944      405      796      229      182      873      796      412      679      679      884      858      569      644      507      0        374      645      471      
18       379      597      916      585      565      145      552      900      905      643      774      801      1105     957      876      634      751      374      0        271      477      
19       529      696      987      804      516      416      822      1010     1061     874      934      974      1308     1104     1123     753      980      645      271      0        637      
20       108      176      479      234      434      443      604      432      430      321      300      336      678      480      586      176      403      471      477      637      0        
;



Table delta(i,j)                 Distance
         0        1        2        3        4        5        6        7        8        9        10       11       12       13       14       15       16       17       18       19       20       
0        0        910      1010     990      940      380      810      370      910      960      170      920      210      1020     840      60       610      750      380      840      890      
1        910      0        64       42       11       54       105      58       53       19       80       42       70       18       75       85       73       57       64       42       13       
2        1010     64       0        24       75       68       60       66       12       83       84       22       90       52       26       96       44       26       98       24       51       
3        990      42       24       0        53       62       78       62       17       61       84       8        84       28       43       93       54       32       87       16       29       
4        940      11       75       53       0        60       115      64       65       8        85       53       73       27       86       88       82       67       63       54       24       
5        380      54       68       62       60       0        70       5        56       63       26       55       22       64       57       32       39       42       33       47       51       
6        810      105      60       78       115      70       0        65       61       122      66       72       84       102      35       78       33       49       101      66       94       
7        370      58       66       62       64       5        65       0        55       68       23       55       23       67       54       31       35       41       37       47       54       
8        910      53       12       17       65       56       61       55       0        73       75       12       79       44       26       86       39       17       86       12       40       
9        960      19       83       61       8        63       122      68       73       0        88       61       74       35       93       90       89       75       63       62       32       
10       170      80       84       84       85       26       66       23       75       88       0        76       20       90       67       13       44       58       40       68       77       
11       920      42       22       8        53       55       72       55       12       61       76       0        77       32       37       86       46       24       82       8        28       
12       210      70       90       84       73       22       84       23       79       74       20       77       0        83       78       16       56       64       20       70       70       
13       1020     18       52       28       27       64       102      67       44       35       90       32       83       0        69       96       72       53       80       36       13       
14       840      75       26       43       86       57       35       54       26       93       67       37       78       69       0        79       23       18       91       33       63       
15       60       85       96       93       88       32       78       31       86       90       13       86       16       96       79       0        56       70       34       78       83       
16       610      73       44       54       82       39       33       35       39       89       44       46       56       72       23       56       0        22       72       38       62       
17       750      57       26       32       67       42       49       41       17       75       58       24       64       53       18       70       22       0        75       17       45       
18       380      64       98       87       63       33       101      37       86       63       40       82       20       80       91       34       72       75       0        76       67       
19       840      42       24       16       54       47       66       47       12       62       68       8        70       36       33       78       38       17       76       0        30       
20       890      13       51       29       24       51       94       54       40       32       77       28       70       13       63       83       62       45       67       30       0        
;

