

sets
i        orders          /0*20/
k        routes          /1*20/
p        positions       /0*20/
;

alias(i,j)
alias(i,h)
alias(i,hh)
alias(i,jj)
alias(k,kk)
                            Parameters

rho(i)	Processing time
/
0	0
1	17
2	92
3	9
4	72
5	84
6	87
7	36
8	75
9	38
10	62
11	85
12	50
13	12
14	26
15	8
16	13
17	82
18	19
19	80
20	77
/

gamma(i)	Duedate
/
0	0
1	69
2	96
3	5
4	95
5	38
6	5
7	28
8	45
9	95
10	70
11	90
12	16
13	20
14	97
15	18
16	90
17	5
18	88
19	58
20	25
/

sigma(i)	Size
/
0	0
1	2
2	2
3	1
4	3
5	7
6	8
7	4
8	8
9	2
10	1
11	5
12	3
13	5
14	5
15	1
16	4
17	7
18	7
19	4
20	5
/

epsilon(i)	Priority
/
0	0
1	5
2	7
3	6
4	3
5	8
6	2
7	3
8	3
9	9
10	7
11	3
12	5
13	6
14	4
15	8
16	2
17	3
18	5
19	3
20	5
/

psi	Vehicle Capacity
/ 13 /
;

Table kappa(i,j)                 Setup
         0        1        2        3        4        5        6        7        8        9        10       11       12       13       14       15       16       17       18       19       20       
0        0        274      361      806      931      609      891      507      413      748      961      384      420      385      729      334      238      1025     979      658      648      
1        274      0        594      760      962      639      741      300      473      595      991      584      168      358      828      92       472      1044     1045     754      656      
2        361      594      0        745      750      495      953      710      350      836      779      90       690      454      488      616      125      849      748      435      553      
3        806      760      745      0        291      252      325      540      417      323      308      656      673      426      414      685      730      331      431      394      192      
4        931      962      750      291      0        327      607      796      519      615      30       661      910      604      277      903      783      99       144      315      305      
5        609      639      495      252      327      0        517      515      196      445      357      405      606      282      239      587      492      418      408      185      59       
6        891      741      953      325      607      517      0        448      603      146      618      874      599      524      726      651      900      621      750      692      463      
7        507      300      710      540      796      515      448      0        434      305      821      662      151      283      748      208      611      860      908      682      505      
8        413      473      350      417      519      196      603      434      0        491      550      272      481      151      354      439      314      612      581      281      240      
9        748      595      836      323      615      445      146      305      491      0        632      763      456      392      676      505      772      651      751      630      402      
10       961      991      779      308      30       357      618      821      550      632      0        690      937      633      303      931      813      70       140      343      334      
11       384      584      90       656      661      405      874      662      272      763      690      0        660      392      403      592      154      760      665      348      464      
12       420      168      690      673      910      606      599      151      481      456      937      660      0        336      824      86       577      982      1012     753      608      
13       385      358      454      426      604      282      524      283      151      392      633      392      336      0        488      306      380      688      689      417      299      
14       729      828      488      414      277      239      726      748      354      676      303      403      824      488      0        791      542      373      261      73       274      
15       334      92       616      685      903      587      651      208      439      505      931      592      86       306      791      0        498      980      995      719      597      
16       238      472      125      730      783      492      900      611      314      772      813      154      577      380      542      498      0        882      803      479      545      
17       1025     1044     849      331      99       418      621      860      612      651      70       760      982      688      373      980      882      0        180      414      389      
18       979      1045     748      431      144      408      750      908      581      751      140      665      1012     689      261      995      803      180      0        324      404      
19       658      754      435      394      315      185      692      682      281      630      343      348      753      417      73       719      479      414      324      0        230      
20       648      656      553      192      305      59       463      505      240      402      334      464      608      299      274      597      545      389      404      230      0        
;



Table delta(i,j)                 Distance
         0        1        2        3        4        5        6        7        8        9        10       11       12       13       14       15       16       17       18       19       20       
0        0        450      200      990      420      780      290      950      770      790      600      730      780      870      870      470      390      1040     780      650      1190     
1        450      0        28       67       9        62       56       93       50       88       75       33       55       69       45       34       25       86       39       39       100      
2        200      28       0        90       22       76       43       100      71       88       72       60       73       85       72       44       34       103      65       58       117      
3        990      67       90       0        77       33       88       62       21       77       80       36       23       27       34       51       59       33       31       34       42       
4        420      9        22       77       0        70       58       100      59       93       80       42       64       77       53       41       32       95       48       48       109      
5        780      62       76       33       70       0        60       35       19       44       47       44       13       9        52       32       42       26       43       24       41       
6        290      56       43       88       58       60       0        68       67       50       31       72       65       70       86       38       36       85       76       56       98       
7        950      93       100      62       100      35       68       0        55       24       40       80       48       36       88       59       68       34       78       58       41       
8        770      50       71       21       59       19       67       55       0        62       62       26       6        21       33       30       38       37       24       13       50       
9        790      88       88       77       93       44       50       24       62       0        18       84       57       50       95       54       62       55       84       61       64       
10       600      75       72       80       80       47       31       40       62       18       0        78       57       55       91       45       50       65       80       56       76       
11       730      33       60       36       42       44       72       80       26       84       78       0        32       47       14       35       36       62       5        23       74       
12       780      55       73       23       64       13       65       48       6        57       57       32       0        15       39       30       40       31       30       15       45       
13       870      69       85       27       77       9        70       36       21       50       55       47       15       0        52       41       51       18       44       29       32       
14       870      45       72       34       53       52       86       88       33       95       91       14       39       52       0        49       51       65       10       34       76       
15       470      34       44       51       41       32       38       59       30       54       45       35       30       41       49       0        10       58       38       18       73       
16       390      25       34       59       32       42       36       68       38       62       50       36       40       51       51       10       0        69       41       25       83       
17       1040     86       103      33       95       26       85       34       37       55       65       62       31       18       65       58       69       0        59       47       14       
18       780      39       65       31       48       43       76       78       24       84       80       5        30       44       10       38       41       59       0        24       70       
19       650      39       58       34       48       24       56       58       13       61       56       23       15       29       34       18       25       47       24       0        61       
20       1190     100      117      42       109      41       98       41       50       64       76       74       45       32       76       73       83       14       70       61       0        
;

