

sets
i        orders          /0*10/
k        routes          /1*10/
p        positions       /0*10/
;

alias(i,j)
alias(i,h)
alias(i,hh)
alias(i,jj)
alias(k,kk)
                            Parameters

rho(i)	Processing time
/
0	0
1	52
2	5
3	12
4	28
5	47
6	98
7	42
8	58
9	23
10	34
/

gamma(i)	Duedate
/
0	0
1	83
2	90
3	71
4	63
5	34
6	30
7	54
8	5
9	39
10	1
/

sigma(i)	Size
/
0	0
1	8
2	3
3	7
4	6
5	7
6	7
7	7
8	2
9	4
10	9
/

epsilon(i)	Priority
/
0	0
1	1
2	6
3	5
4	4
5	5
6	6
7	2
8	1
9	4
10	8
/

psi	Vehicle Capacity
/ 24 /
;

Table kappa(i,j)                 Setup
         0        1        2        3        4        5        6        7        8        9        10       
0        0        136      319      94       313      412      387      334      70       162      354      
1        136      0        267      169      342      287      432      327      169      175      330      
2        319      267      0        249      185      243      270      110      277      168      82       
3        94       169      249      0        219      394      294      246      29       81       270      
4        313      342      185      219      0        425      94       85       245      167      130      
5        412      287      243      394      425      0        514      354      412      336      321      
6        387      432      270      294      94       514      0        161      317      256      201      
7        334      327      110      246      85       354      161      0        275      173      44       
8        70       169      277      29       245      412      317      275      0        110      300      
9        162      175      168      81       167      336      256      173      110      0        192      
10       354      330      82       270      130      321      201      44       300      192      0        
;



Table delta(i,j)                 Distance
         0        1        2        3        4        5        6        7        8        9        10       
0        0        1650     2430     2760     1620     3090     2070     930      1650     1560     990      
1        1650     0        96       79       92       98       61       37       94       95       25       
2        2430     96       0        42       42       35       40       103      43       51       76       
3        2760     79       42       0        75       20       22       102      77       84       70       
4        1620     92       42       75       0        75       60       83       2        9        67       
5        3090     98       35       20       75       0        38       117      77       84       86       
6        2070     61       40       22       60       38       0        80       62       68       48       
7        930      37       103      102      83       117      80       0        85       82       31       
8        1650     94       43       77       2        77       62       85       0        8        69       
9        1560     95       51       84       9        84       68       82       8        0        69       
10       990      25       76       70       67       86       48       31       69       69       0        
;

