

sets
i        orders          /0*10/
k        routes          /1*10/
p        positions       /0*10/
;

alias(i,j)
alias(i,h)
alias(i,hh)
alias(i,jj)
alias(k,kk)
                            Parameters

rho(i)	Processing time
/
0	0
1	4
2	56
3	76
4	30
5	30
6	93
7	16
8	51
9	60
10	94
/

gamma(i)	Duedate
/
0	0
1	96
2	68
3	50
4	5
5	90
6	41
7	9
8	13
9	33
10	9
/

sigma(i)	Size
/
0	0
1	4
2	6
3	5
4	8
5	1
6	9
7	5
8	1
9	1
10	2
/

epsilon(i)	Priority
/
0	0
1	6
2	1
3	3
4	9
5	5
6	3
7	4
8	9
9	8
10	4
/

psi	Vehicle Capacity
/ 67 /
;

Table kappa(i,j)                 Setup
         0        1        2        3        4        5        6        7        8        9        10       
0        0        222      109      589      498      186      316      341      345      451      234      
1        222      0        291      366      276      200      181      118      225      249      173      
2        109      291      0        652      553      295      324      407      449      536      341      
3        589      366      652      0        105      508      383      248      379      197      444      
4        498      276      553      105      0        439      278      161      340      181      382      
5        186      200      295      508      439      0        372      283      178      330      68       
6        316      181      324      383      278      372      0        204      398      358      355      
7        341      118      407      248      161      283      204      0        223      156      232      
8        345      225      449      379      340      178      398      223      0        182      113      
9        451      249      536      197      181      330      358      156      182      0        263      
10       234      173      341      444      382      68       355      232      113      263      0        
;



Table delta(i,j)                 Distance
         0        1        2        3        4        5        6        7        8        9        10       
0        0        3150     1080     1650     60       2730     1740     1830     690      1440     1740     
1        3150     0        101      65       105      57       57       101      112      78       119      
2        1080     101      0        36       38       67       72       25       19       72       25       
3        1650     65       36       0        56       36       52       37       51       63       54       
4        60       105      38       56       0        92       57       63       25       46       60       
5        2730     57       67       36       92       0        76       55       85       92       76       
6        1740     57       72       52       57       76       0        86       74       21       96       
7        1830     101      25       37       63       55       86       0        43       91       21       
8        690      112      19       51       25       85       74       43       0        68       35       
9        1440     78       72       63       46       92       21       91       68       0        97       
10       1740     119      25       54       60       76       96       21       35       97       0        
;

