

sets
i        orders          /0*10/
k        routes          /1*10/
p        positions       /0*10/
;

alias(i,j)
alias(i,h)
alias(i,hh)
alias(i,jj)
alias(k,kk)
                            Parameters

rho(i)	Processing time
/
0	0
1	39
2	69
3	70
4	11
5	65
6	42
7	87
8	1
9	78
10	9
/

gamma(i)	Duedate
/
0	0
1	69
2	37
3	30
4	57
5	15
6	95
7	86
8	93
9	58
10	6
/

sigma(i)	Size
/
0	0
1	1
2	8
3	3
4	8
5	7
6	2
7	5
8	2
9	7
10	8
/

epsilon(i)	Priority
/
0	0
1	8
2	4
3	3
4	3
5	3
6	5
7	7
8	6
9	4
10	1
/

psi	Vehicle Capacity
/ 143 /
;

Table kappa(i,j)                 Setup
         0        1        2        3        4        5        6        7        8        9        10       
0        0        228      216      402      166      208      100      178      111      118      303      
1        228      0        331      605      134      371      324      333      191      330      289      
2        216      331      0        308      350      73       255      384      320      159      168      
3        402      605      308      0        568      243      350      480      507      284      468      
4        166      134      350      568      0        363      239      206      74       284      370      
5        208      371      73       243      363      0        217      356      319      115      241      
6        100      324      255      350      239      217      0        142      168      102      380      
7        178      333      384      480      206      356      142      0        141      242      481      
8        111      191      320      507      74       319      168      141      0        226      373      
9        118      330      159      284      284      115      102      242      226      0        304      
10       303      289      168      468      370      241      380      481      373      304      0        
;



Table delta(i,j)                 Distance
         0        1        2        3        4        5        6        7        8        9        10       
0        0        1830     1770     1290     1830     1020     840      2310     1410     2010     2130     
1        1830     0        107      101      95       61       35       57       63       109      55       
2        1770     107      0        31       23       46       73       87       49       12       81       
3        1290     101      31       0        49       50       66       99       60       43       93       
4        1830     95       23       49       0        35       65       65       32       17       60       
5        1020     61       46       50       35       0        30       48       13       48       42       
6        840      35       73       66       65       30       0        54       37       77       49       
7        2310     57       87       99       65       48       54       0        38       82       6        
8        1410     63       49       60       32       13       37       38       0        48       32       
9        2010     109      12       43       17       48       77       82       48       0        77       
10       2130     55       81       93       60       42       49       6        32       77       0        
;

