
sets
i        orders          /0*80/
k        routes          /1*80/
p        positions       /0*80/
;

alias(i,j)
alias(i,h)
alias(i,hh)
alias(i,jj)
alias(k,kk)
                
                    Parameters

rho(i)	Processing time
/
0	0
1	8
2	88
3	26
4	47
5	63
6	58
7	30
8	44
9	76
10	51
11	12
12	11
13	85
14	2
15	4
16	40
17	96
18	36
19	59
20	6
21	56
22	92
23	7
24	29
25	74
26	79
27	13
28	38
29	10
30	18
31	23
32	25
33	27
34	33
35	13
36	54
37	58
38	64
39	31
40	83
41	89
42	14
43	31
44	14
45	76
46	65
47	91
48	27
49	30
50	29
51	82
52	29
53	57
54	86
55	45
56	93
57	17
58	91
59	17
60	34
61	23
62	39
63	37
64	22
65	64
66	81
67	92
68	92
69	22
70	70
71	88
72	55
73	13
74	48
75	13
76	96
77	48
78	52
79	45
80	28
/

gamma(i)	Duedate
/
0	0
1	76
2	92
3	62
4	80
5	95
6	76
7	32
8	35
9	11
10	40
11	53
12	74
13	61
14	35
15	65
16	97
17	38
18	9
19	78
20	80
21	75
22	40
23	21
24	15
25	45
26	67
27	87
28	3
29	61
30	45
31	28
32	84
33	71
34	86
35	85
36	20
37	89
38	23
39	24
40	57
41	77
42	74
43	49
44	30
45	51
46	63
47	66
48	7
49	9
50	85
51	44
52	91
53	66
54	49
55	63
56	80
57	19
58	7
59	14
60	12
61	57
62	36
63	95
64	39
65	23
66	20
67	91
68	80
69	52
70	55
71	36
72	5
73	90
74	40
75	73
76	26
77	3
78	51
79	47
80	83
/

sigma(i)	Size
/
0	0
1	7
2	1
3	7
4	4
5	4
6	7
7	1
8	4
9	9
10	7
11	4
12	9
13	5
14	5
15	4
16	8
17	9
18	2
19	6
20	8
21	7
22	7
23	7
24	3
25	9
26	8
27	7
28	7
29	7
30	2
31	7
32	7
33	3
34	6
35	9
36	2
37	2
38	8
39	3
40	6
41	8
42	6
43	2
44	1
45	4
46	6
47	6
48	7
49	9
50	9
51	4
52	4
53	9
54	3
55	9
56	9
57	2
58	8
59	1
60	9
61	9
62	5
63	7
64	6
65	2
66	1
67	5
68	3
69	1
70	2
71	5
72	3
73	8
74	5
75	1
76	3
77	3
78	7
79	5
80	5
/

epsilon(i)	Priority
/
0	0
1	6
2	6
3	1
4	5
5	6
6	5
7	1
8	3
9	4
10	2
11	7
12	6
13	3
14	5
15	1
16	1
17	3
18	7
19	9
20	7
21	3
22	8
23	9
24	2
25	4
26	1
27	2
28	8
29	5
30	4
31	9
32	9
33	9
34	5
35	3
36	3
37	2
38	2
39	5
40	2
41	5
42	1
43	9
44	1
45	7
46	8
47	1
48	1
49	4
50	4
51	4
52	7
53	5
54	1
55	6
56	8
57	3
58	2
59	6
60	6
61	5
62	7
63	9
64	8
65	2
66	9
67	3
68	1
69	2
70	3
71	3
72	1
73	3
74	2
75	1
76	4
77	3
78	8
79	1
80	3
/

psi	Vehicle Capacity
/ 42 /
;

Table kappa(i,j)                 Setup
         0        1        2        3        4        5        6        7        8        9        10       11       12       13       14       15       16       17       18       19       20       21       22       23       24       25       26       27       28       29       30       31       32       33       34       35       36       37       38       39       40       41       42       43       44       45       46       47       48       49       50       51       52       53       54       55       56       57       58       59       60       61       62       63       64       65       66       67       68       69       70       71       72       73       74       75       76       77       78       79       80       
0        0        1037     909      622      854      1289     673      79       1138     931      274      759      518      553      952      79       930      943      578      266      1232     656      858      886      758      510      874      900      1005     263      231      864      718      530      785      940      1070     341      1432     473      766      1054     1027     538      723      974      622      376      539      820      446      1168     568      914      564      519      803      1209     107      882      1185     809      826      829      545      1019     117      898      1165     974      1308     389      1205     714      352      289      847      564      381      718      915      
1        1037     0        506      627      632      255      1042     1084     1137     1268     1118     806      1275     767      210      1116     1065     837      983      1055     1291     726      298      761      1008     1537     672      599      1102     1204     1269     1202     325      1196     802      694      742      790      446      1163     1374     183      861      973      919      180      1301     804      498      1239     982      1334     487      283      840      1535     492      695      956      967      153      874      571      259      518      65       939      434      178      1282     446      1095     1041     395      1337     1269     776      473      1370     1058     712      
2        909      506      0        294      970      698      1228     981      1482     1501     1104     1075     1325     414      642      975      1351     332      587      797      1629     322      660      1093     1238     1408     172      94       1407     1151     1113     1427     504      1278     1083     188      1149     573      923      1229     1503     673      1229     594      1153     629      1391     871      524      1435     1078     1639     592      224      462      1425     109      1154     804      1256     557      1153     103      582      418      442      858      819      681      1528     952      782      1431     276      1103     1042     283      522      1290     1259     206      
3        622      627      294      0        883      869      1032     697      1361     1315     837      935      1070     143      677      684      1201     382      355      505      1498     115      646      989      1064     1115     263      278      1265     872      820      1239     450      1037     949      330      1093     282      1073     983      1271     746      1138     347      986      678      1147     651      364      1233     852      1486     451      383      213      1134     198      1145     516      1114     734      1011     203      572      231      578      584      784      802      1347     1042     503      1345     236      811      749      279      377      1004     1069     311      
4        854      632      970      883      0        770      478      853      517      652      767      206      814      966      422      923      435      1241     1154     1027     669      997      340      130      411      1239     1082     1039     470      878      1052     593      466      712      190      1134     224      828      784      705      821      493      259      1124     331      454      794      481      524      645      538      703      436      784      1036     1213     891      358      836      337      758      254      973      406      654      673      737      200      617      659      584      1125     464      708      1206     1143     1147     507      1040     478      1135     
5        1289     255      698      869      770      0        1224     1332     1232     1422     1354     967      1493     1011     378      1368     1200     1026     1223     1310     1383     960      486      889      1174     1785     871      791      1224     1445     1520     1362     571      1407     956      878      814      1045     229      1379     1566     282      956      1217     1089     346      1507     1033     749      1409     1197     1447     729      496      1082     1779     712      708      1210     1105     140      1024     781      478      774      292      1187     572      153      1429     345      1347     1105     644      1592     1524     981      724      1612     1234     902      
6        673      1042     1228     1032     478      1224     0        628      483      283      451      273      376      1051     851      710      271      1414     1175     926      560      1124     747      403      107      878      1284     1269     343      554      786      208      770      271      294      1348     594      844      1261     291      344      942      477      1137     150      884      326      387      703      207      227      496      640      1102     1101     836      1125     779      718      260      1187     253      1191     784      820      1066     587      658      1071     319      1062     1047     593      953      982      935      1311     706      679      44       1337     
7        79       1084     981      697      853      1332     628      0        1101     875      204      740      443      631      985      82       892      1022     656      338      1188     734      888      873      719      454      951      975      966      183      201      810      761      463      767      1017     1063     417      1467     406      695      1089     1009     616      692      1009     550      372      586      762      403      1118     605      976      644      457      874      1211     184      850      1233     784      900      865      605      1069     145      915      1204     919      1333     458      1180     777      364      310      925      610      308      672      993      
8        1138     1137     1482     1361     517      1232     483      1101     0        371      934      428      831      1419     927      1183     212      1734     1579     1374     153      1469     855      390      383      1351     1582     1546     140      1037     1268     377      978      735      412      1638     419      1241     1178     767      677      978      277      1545     417      957      746      794      998      461      698      230      913      1302     1481     1305     1397     569      1165     261      1249     355      1476     924      1130     1184     1039     703      1087     340      956      1490     179      1213     1461     1411     1636     988      1156     441      1635     
9        931      1268     1501     1315     652      1422     283      875      371      0        679      461      511      1335     1066     956      239      1697     1455     1192     367      1407     970      536      265      1032     1564     1546     258      764      1006     75       1026     434      468      1627     678      1126     1421     482      312      1144     527      1417     354      1098     408      670      978      118      496      260      909      1361     1384     980      1401     859      987      321      1404     398      1469     1019     1099     1301     857      851      1269     45       1206     1314     540      1225     1210     1171     1594     979      850      245      1617     
10       274      1118     1104     837      767      1354     451      204      934      679      0        617      246      796      985      281      722      1188     849      540      1007     893      880      759      552      472      1099     1112     794      112      335      618      794      259      644      1166     957      573      1460     203      491      1090     879      809      543      1014     347      323      640      563      247      928      631      1060     820      447      995      1122     362      695      1272     645      1034     875      698      1116     256      871      1213     724      1302     662      1031     868      534      492      1088     659      274      494      1145     
11       759      806      1075     935      206      967      273      740      428      461      617      0        624      990      604      817      276      1311     1154     971      563      1041     508      144      207      1083     1163     1132     333      729      930      397      580      520      27       1221     343      816      990      520      615      686      269      1120     125      637      594      389      574      442      372      563      491      915      1053     1050     983      519      765      181      943      77       1060     559      705      840      648      395      813      476      789      1081     452      801      1104     1045     1212     566      881      272      1216     
12       518      1275     1325     1070     814      1493     376      443      831      511      246      624      0        1038     1116     512      628      1429     1095     781      871      1133     1007     765      482      522      1333     1341     692      282      519      468      962      105      649      1400     963      814      1569     114      259      1216     852      1055     515      1147     114      478      831      394      296      771      803      1258     1065     474      1216     1143     608      635      1428     623      1262     1020     910      1283     498      961      1345     557      1388     902      963      1075     724      696      1328     846      339      406      1381     
13       553      767      414      143      966      1011     1051     631      1419     1335     796      990      1038     0        802      604      1245     392      216      388      1549     105      761      1061     1097     1020     329      373      1313     813      727      1260     564      1018     1008     393      1183     224      1213     962      1257     878      1213     205      1025     807      1125     664      443      1245     852      1525     530      526      76       1045     332      1251     447      1164     877      1064     313      692      319      719      540      888      940      1371     1174     368      1419     373      692      634      294      462      929      1092     366      
14       952      210      642      677      422      378      851      985      927      1066     985      604      1116     802      0        1030     857      959      1018     1021     1081     788      108      551      810      1431     791      728      893      1082     1181     1002     252      1029     598      827      537      765      481      1002     1190     104      652      1001     722      33       1129     662      429      1043     820      1124     383      423      879      1421     596      513      887      759      338      669      681      125      502      259      842      224      229      1077     377      1083     835      444      1279     1210     882      402      1250     864      838      
15       79       1116     975      684      923      1368     710      82       1183     956      281      817      512      604      1030     0        974      989      603      274      1271     709      936      948      801      436      930      961      1048     237      152      892      798      540      844      996      1136     402      1511     484      767      1133     1087     565      773      1053     622      442      618      842      486      1200     648      988      607      450      870      1280     172      931      1263     864      888      908      620      1097     192      974      1244     1000     1386     391      1260     789      286      229      896      643      325      755      970      
16       930      1065     1351     1201     435      1200     271      892      212      239      722      276      628      1245     857      974      0        1580     1393     1172     308      1304     769      310      172      1143     1436     1407     74       825      1057     207      856      528      271      1495     439      1055     1187     557      505      928      288      1357     221      889      551      600      844      287      488      287      764      1190     1303     1099     1258     621      962      98       1194     199      1333     827      974      1104     835      636      1049     233      971      1290     337      1076     1250     1201     1480     839      947      230      1489     
17       943      837      332      382      1241     1026     1414     1022     1734     1697     1188     1311     1429     392      959      989      1580     0        435      746      1875     297      961      1355     1446     1388     167      238      1644     1205     1100     1622     781      1405     1324     147      1438     615      1253     1350     1643     999      1500     463      1367     950      1514     1031     737      1615     1229     1867     821      554      382      1419     364      1464     838      1491     886      1388     278      882      606      774      932      1114     1013     1729     1283     681      1706     537      1028     981      103      746      1314     1452     125      
18       578      983      587      355      1154     1223     1175     656      1579     1455     849      1154     1095     216      1018     603      1393     435      0        335      1701     270      973      1240     1235     967      455      522      1464     837      690      1382     776      1095     1174     504      1375     338      1429     1037     1335     1094     1393     39       1172     1023     1194     795      640      1355     959      1664     725      733      142      1003     526      1455     487      1320     1087     1224     483      905      526      933      609      1093     1156     1494     1391     249      1595     589      596      553      369      662      918      1218     470      
19       266      1055     797      505      1027     1310     926      338      1374     1192     540      971      781      388      1021     274      1172     746      335      0        1478     492      946      1083     1003     642      716      762      1246     511      356      1123     770      797      995      777      1251     264      1485     740      1032     1116     1232     297      957      1037     887      583      593      1083     699      1423     655      866      368      674      704      1367     209      1114     1188     1031     699      897      536      1021     338      1025     1208     1234     1397     122      1423     677      305      245      661      620      583      970      748      
20       1232     1291     1629     1498     669      1383     560      1188     153      367      1007     563      871      1549     1081     1271     308      1875     1701     1478     0        1604     1008     540      475      1394     1725     1691     236      1103     1342     403      1126     784      550      1782     569      1363     1323     824      678      1132     430      1665     529      1110     773      908      1137     479      786      131      1054     1452     1609     1344     1542     709      1269     385      1402     487      1620     1076     1269     1338     1140     857      1240     325      1100     1597     299      1358     1541     1495     1775     1129     1207     515      1778     
21       656      726      322      115      997      960      1124     734      1469     1407     893      1041     1133     105      788      709      1304     297      270      492      1604     0        761      1101     1162     1126     224      271      1370     915      832      1332     566      1108     1057     288      1207     320      1171     1053     1345     854      1251     273      1086     789      1216     738      475      1322     933      1587     562      465      140      1151     256      1261     549      1219     822      1117     218      687      343      673      637      899      903      1441     1150     462      1457     345      794      738      195      489      1033     1163     261      
22       858      298      660      646      340      486      747      888      855      970      880      508      1007     761      108      936      769      961      973      946      1008     761      0        470      710      1329     795      739      809      978      1086     904      197      920      503      838      490      697      581      893      1084     210      586      952      621      139      1021     556      354      942      711      1043     294      456      837      1318     597      504      799      670      439      576      683      78       447      334      746      159      337      984      453      1016     779      427      1192     1124     876      327      1146     762      844      
23       886      761      1093     989      130      889      403      873      390      536      759      144      765      1061     551      948      310      1355     1240     1083     540      1101     470      0        317      1226     1199     1159     341      871      1066     484      589      661      117      1253     199      907      885      663      736      617      153      1208     254      583      729      511      625      544      515      573      538      912      1129     1194     1010     377      883      216      885      153      1091     536      758      803      772      327      738      540      675      1189     357      826      1235     1175     1259     612      1025     392      1252     
24       758      1008     1238     1064     411      1174     107      719      383      265      552      207      482      1097     810      801      172      1446     1235     1003     475      1162     710      317      0        985      1308     1286     246      657      886      195      760      378      220      1370     499      898      1194     398      419      893      373      1198     89       843      424      439      719      235      315      430      646      1096     1151     944      1140     685      793      153      1148     163      1211     756      843      1038     665      602      1020     289      989      1122     486      962      1078     1028     1344     717      786      79       1361     
25       510      1537     1408     1115     1239     1785     878      454      1351     1032     472      1083     522      1020     1431     436      1143     1388     967      642      1394     1126     1329     1226     985      0        1350     1387     1210     361      294      991      1214     616      1110     1414     1425     834      1911     587      745      1535     1338     933      996      1456     624      782      1040     915      711      1292     1055     1424     1008     61       1304     1593     608      1137     1688     1103     1318     1313     1055     1524     598      1336     1653     1077     1765     720      1472     1224     391      418      1302     1064     201      915      1385     
26       874      672      172      263      1082     871      1284     951      1582     1564     1099     1163     1333     329      791      930      1436     167      455      716      1725     224      795      1199     1308     1350     0        80       1496     1129     1056     1489     619      1299     1174     67       1275     534      1095     1246     1533     832      1342     471      1227     782      1410     908      591      1488     1112     1723     671      389      353      1374     197      1297     767      1344     730      1241     111      716      465      610      844      949      849      1595     1118     677      1547     375      1016     961      112      597      1254     1320     53       
27       900      599      94       278      1039     791      1269     975      1546     1546     1112     1132     1341     373      728      961      1407     238      522      762      1691     271      739      1159     1286     1387     80       0        1466     1150     1093     1471     573      1301     1142     98       1225     559      1017     1249     1530     763      1299     534      1203     717      1412     901      568      1474     1107     1695     642      316      409      1409     149      1238     793      1314     651      1210     79       661      449      535      860      896      774      1575     1045     734      1502     333      1066     1008     193      569      1281     1303     113      
28       1005     1102     1407     1265     470      1224     343      966      140      258      794      333      692      1313     893      1048     74       1644     1464     1246     236      1370     809      341      246      1210     1496     1466     0        897      1129     248      908      594      324      1555     437      1126     1197     626      550      957      283      1429     292      924      610      672      906      331      562      234      825      1240     1372     1165     1317     612      1036     152      1226     255      1393     871      1037     1143     909      669      1074     240      978      1364     286      1134     1324     1275     1543     899      1015     301      1550     
29       263      1204     1151     872      878      1445     554      183      1037     764      112      729      282      813      1082     237      825      1205     837      511      1103     915      978      871      657      361      1129     1150     897      0        243      707      879      331      756      1196     1069     595      1559     282      541      1186     991      797      653      1109     395      424      716      646      359      1018     717      1126     827      341      1042     1233     366      803      1357     757      1074     968      758      1198     292      976      1307     809      1406     628      1139     930      448      415      1107     737      168      596      1173     
30       231      1269     1113     820      1052     1520     786      201      1268     1006     335      930      519      727      1181     152      1057     1100     690      356      1342     832      1086     1066     886      294      1056     1093     1129     243      0        949      950      574      957      1120     1259     541      1662     524      778      1285     1198     653      870      1204     633      572      771      889      574      1260     799      1137     719      319      1011     1410     319      1026     1416     968      1023     1059     771      1250     339      1116     1396     1052     1533     451      1360     938      205      181      1012     796      238      830      1092     
31       864      1202     1427     1239     593      1362     208      810      377      75       618      397      468      1260     1002     892      207      1622     1382     1123     403      1332     904      484      195      991      1489     1471     248      707      949      0        954      381      406      1552     639      1052     1370     425      302      1083     492      1344     284      1035     373      595      904      84       425      311      835      1289     1310     941      1326     824      917      274      1340     338      1394     951      1024     1233     786      790      1209     112      1158     1245     534      1151     1151     1110     1519     904      804      169      1542     
32       718      325      504      450      466      571      770      761      978      1026     794      580      962      564      252      798      856      781      776      770      1126     566      197      589      760      1214     619      573      908      879      950      954      0        889      585      668      656      512      720      851      1084     346      726      756      671      267      998      485      182      976      675      1141     163      336      640      1210     425      695      645      759      478      656      508      130      252      322      616      335      447      1048     630      831      929      244      1034     966      692      155      1044     795      670      
33       530      1196     1278     1037     712      1407     271      463      735      434      259      520      105      1018     1029     540      528      1405     1095     797      784      1108     920      661      378      616      1299     1301     594      331      574      381      889      0        545      1366     857      795      1475     58       240      1128     747      1056     409      1060     112      413      771      315      213      691      733      1196     1052     570      1170     1039     608      531      1347     518      1222     938      860      1207     486      865      1257     479      1290     920      861      1020     779      743      1303     783      423      303      1348     
34       785      802      1083     949      190      956      294      767      412      468      644      27       649      1008     598      844      271      1324     1174     995      550      1057     503      117      220      1110     1174     1142     324      756      957      406      585      545      0        1232     316      837      974      546      634      677      242      1141     144      630      617      414      587      455      399      556      503      919      1071     1077     993      494      790      173      936      72       1070     557      719      837      674      384      802      480      770      1105     428      810      1130     1072     1225     578      908      289      1228     
35       940      694      188      330      1134     878      1348     1017     1638     1627     1166     1221     1400     393      827      996      1495     147      504      777      1782     288      838      1253     1370     1414     67       98       1555     1196     1120     1552     668      1366     1232     0        1322     600      1106     1313     1599     861      1394     523      1288     816      1477     974      652      1552     1178     1782     730      413      412      1439     243      1337     833      1403     739      1299     161      759      527      630      912      994      868      1657     1141     734      1598     426      1075     1021     138      656      1320     1383     34       
36       1070     742      1149     1093     224      814      594      1063     419      678      957      343      963      1183     537      1136     439      1438     1375     1251     569      1207     490      199      499      1425     1275     1225     437      1069     1259     639      656      857      316      1322     0        1052     763      862      915      572      154      1346     448      563      920      694      740      710      714      642      652      945      1254     1393     1079     186      1057     366      840      341      1164     567      867      796      954      330      673      670      541      1350     298      900      1421     1359     1347     721      1224     577      1326     
37       341      790      573      282      828      1045     844      417      1241     1126     573      816      814      224      765      402      1055     615      338      264      1363     320      697      907      898      834      534      559      1126     595      541      1052     512      795      837      600      1052     0        1222     739      1035     857      1059     304      834      778      902      459      343      1031     636      1328     417      610      259      852      470      1149     234      981      924      886      486      642      272      757      317      793      945      1163     1142     319      1260     416      557      491      515      369      722      886      577      
38       1432     446      923      1073     784      229      1261     1467     1178     1421     1460     990      1569     1213     481      1511     1187     1253     1429     1485     1323     1171     581      885      1194     1911     1095     1017     1197     1559     1662     1370     720      1475     974      1106     763      1222     0        1455     1605     377      915      1419     1116     458      1567     1136     902      1428     1275     1405     863      714      1287     1899     929      616      1364     1099     367      1034     1002     603      950      498      1324     609      277      1421     222      1534     1029     841      1754     1686     1204     875      1728     1263     1128     
39       473      1163     1229     983      705      1379     291      406      767      482      203      520      114      962      1002     484      557      1350     1037     740      824      1053     893      663      398      587      1246     1249     626      282      524      425      851      58       546      1313     862      739      1455     0        297      1102     759      998      418      1033     163      370      727      364      182      736      693      1153     995      545      1120     1040     550      551      1315     526      1170     906      812      1171     429      848      1231     527      1276     862      885      973      728      691      1248     740      389      328      1295     
40       766      1374     1503     1271     821      1566     344      695      677      312      491      615      259      1257     1190     767      505      1643     1335     1032     678      1345     1084     736      419      745      1533     1530     550      541      778      302      1084     240      634      1599     915      1035     1605     297      0        1283     778      1295     490      1223     146      632      986      218      424      562      938      1405     1292     689      1396     1101     847      551      1522     582      1451     1114     1085     1393     727      1001     1412     352      1404     1154     836      1238     982      955      1540     995      583      344      1583     
41       1054     183      673      746      493      282      942      1089     978      1144     1090     686      1216     878      104      1133     928      999      1094     1116     1132     854      210      617      893      1535     832      763      957      1186     1285     1083     346      1128     677      861      572      857      377      1102     1283     0        701      1079     807      80       1227     766      527      1128     920      1185     485      448      953      1525     642      512      988      831      270      746      725      225      589      246      946      293      129      1153     296      1174     870      509      1379     1310     930      500      1355     951      875      
42       1027     861      1229     1138     259      956      477      1009     277      527      879      269      852      1213     652      1087     288      1500     1393     1232     430      1251     586      153      373      1338     1342     1299     283      991      1198     492      726      747      242      1394     154      1059     915      759      778      701      0        1361     342      681      798      655      776      567      632      492      688      1039     1281     1302     1150     332      1030     227      971      235      1233     658      907      910      916      430      810      517      695      1340     206      967      1373     1315     1405     761      1137     452      1394     
43       538      973      594      347      1124     1217     1137     616      1545     1417     809      1120     1055     205      1001     565      1357     463      39       297      1665     273      952      1208     1198     933      471      534      1429     797      653      1344     756      1056     1141     523      1346     304      1419     998      1295     1079     1361     0        1136     1007     1154     759      614      1316     921      1627     698      729      136      968      527      1430     448      1285     1082     1190     490      886      504      925      570      1068     1145     1456     1375     218      1563     578      565      520      391      637      880      1181     490      
44       723      919      1153     986      331      1089     150      692      417      354      543      125      515      1025     722      773      221      1367     1172     957      529      1086     621      254      89       996      1227     1203     292      653      870      284      671      409      144      1288     448      834      1116     418      490      807      342      1136     0        755      474      379      635      321      296      500      561      1007     1083     959      1055     631      747      158      1060     108      1127     666      762      949      622      518      935      376      914      1073     489      876      1056     1002     1266     633      795      146      1280     
45       974      180      629      678      454      346      884      1009     957      1098     1014     637      1147     807      33       1053     889      950      1023     1037     1110     789      139      583      843      1456     782      717      924      1109     1204     1035     267      1060     630      816      563      778      458      1033     1223     80       681      1007     755      0        1161     691      447      1076     851      1155     405      408      883      1447     588      531      907      791      305      701      673      145      512      232      866      255      199      1110     368      1096     861      444      1298     1230     876      419      1277     897      828      
46       622      1301     1391     1147     794      1507     326      550      746      408      347      594      114      1125     1129     622      551      1514     1194     887      773      1216     1021     729      424      624      1410     1412     610      395      633      373      998      112      617      1477     920      902      1567     163      146      1227     798      1154     474      1161     0        525      883      294      323      668      844      1307     1157     571      1282     1105     706      574      1452     579      1333     1042     973      1314     589      957      1356     453      1376     1009     889      1132     838      810      1412     894      448      345      1459     
47       376      804      871      651      481      1033     387      372      794      670      323      389      478      664      662      442      600      1031     795      583      908      738      556      511      439      782      908      901      672      424      572      595      485      413      414      974      694      459      1136     370      632      766      655      759      379      691      525      0        357      583      207      869      324      783      715      765      764      838      376      533      957      448      822      555      453      807      261      554      891      706      982      696      841      607      727      665      928      370      593      427      960      
48       539      498      524      364      524      749      703      586      998      978      640      574      831      443      429      618      844      737      640      593      1137     475      354      625      719      1040     591      568      906      716      771      904      182      771      587      652      740      343      902      727      986      527      776      614      635      447      883      357      0        910      563      1131     88       426      514      1039     422      815      463      754      647      651      492      304      132      484      441      455      629      1007     803      662      982      252      852      784      638      27       878      736      644      
49       820      1239     1435     1233     645      1409     207      762      461      118      563      442      394      1245     1043     842      287      1615     1355     1083     479      1322     942      544      235      915      1488     1474     331      646      889      84       976      315      455      1552     710      1031     1428     364      218      1128     567      1316     321      1076     294      583      910      0        395      377      847      1309     1291     864      1332     896      881      344      1381     393      1397     983      1025     1266     751      838      1256     164      1220     1206     617      1161     1093     1054     1511     913      732      181      1540     
