
sets
i        orders          /0*80/
k        routes          /1*80/
p        positions       /0*80/
;

alias(i,j)
alias(i,h)
alias(i,hh)
alias(i,jj)
alias(k,kk)
                
                    Parameters

rho(i)	Processing time
/
0	0
1	53
2	92
3	63
4	63
5	34
6	67
7	7
8	51
9	27
10	66
11	99
12	19
13	85
14	58
15	84
16	72
17	74
18	33
19	49
20	87
21	65
22	93
23	97
24	93
25	28
26	43
27	35
28	1
29	19
30	13
31	33
32	69
33	62
34	42
35	50
36	49
37	5
38	94
39	81
40	59
41	42
42	23
43	83
44	8
45	62
46	78
47	31
48	25
49	18
50	49
51	21
52	56
53	55
54	11
55	18
56	94
57	56
58	37
59	60
60	80
61	19
62	34
63	73
64	27
65	67
66	44
67	45
68	46
69	87
70	58
71	85
72	38
73	22
74	52
75	50
76	55
77	58
78	5
79	46
80	23
/

gamma(i)	Duedate
/
0	0
1	4
2	23
3	37
4	55
5	53
6	75
7	45
8	43
9	7
10	83
11	36
12	98
13	80
14	47
15	50
16	23
17	20
18	21
19	32
20	62
21	34
22	22
23	91
24	68
25	59
26	96
27	25
28	71
29	8
30	38
31	41
32	37
33	63
34	49
35	50
36	8
37	4
38	16
39	74
40	96
41	39
42	35
43	95
44	17
45	97
46	61
47	80
48	32
49	89
50	51
51	17
52	57
53	82
54	50
55	96
56	69
57	68
58	88
59	14
60	88
61	89
62	71
63	87
64	63
65	21
66	81
67	6
68	48
69	72
70	56
71	2
72	10
73	43
74	21
75	83
76	22
77	54
78	59
79	25
80	12
/

sigma(i)	Size
/
0	0
1	8
2	3
3	9
4	2
5	6
6	5
7	7
8	3
9	5
10	8
11	7
12	6
13	5
14	4
15	8
16	9
17	7
18	6
19	7
20	7
21	7
22	9
23	6
24	4
25	9
26	9
27	5
28	5
29	4
30	7
31	8
32	2
33	6
34	8
35	6
36	4
37	9
38	4
39	8
40	9
41	3
42	7
43	5
44	7
45	7
46	6
47	8
48	7
49	1
50	9
51	9
52	7
53	7
54	9
55	8
56	1
57	9
58	8
59	7
60	8
61	5
62	3
63	1
64	7
65	6
66	8
67	8
68	5
69	6
70	3
71	1
72	9
73	9
74	3
75	7
76	5
77	4
78	9
79	8
80	4
/

epsilon(i)	Priority
/
0	0
1	8
2	9
3	3
4	3
5	9
6	6
7	8
8	4
9	1
10	9
11	6
12	7
13	3
14	5
15	8
16	2
17	1
18	6
19	6
20	1
21	7
22	8
23	9
24	4
25	7
26	3
27	9
28	7
29	1
30	3
31	6
32	4
33	7
34	3
35	2
36	8
37	5
38	2
39	1
40	7
41	6
42	3
43	1
44	9
45	9
46	5
47	1
48	1
49	1
50	8
51	2
52	4
53	4
54	4
55	6
56	8
57	5
58	5
59	6
60	8
61	8
62	8
63	4
64	4
65	4
66	5
67	1
68	9
69	2
70	4
71	8
72	6
73	2
74	4
75	4
76	8
77	7
78	8
79	4
80	2
/

psi	Vehicle Capacity
/ 28 /
;

Table kappa(i,j)                 Setup
         0        1        2        3        4        5        6        7        8        9        10       11       12       13       14       15       16       17       18       19       20       21       22       23       24       25       26       27       28       29       30       31       32       33       34       35       36       37       38       39       40       41       42       43       44       45       46       47       48       49       50       51       52       53       54       55       56       57       58       59       60       61       62       63       64       65       66       67       68       69       70       71       72       73       74       75       76       77       78       79       80       
0        0        326      140      122      884      491      766      655      471      617      1231     730      505      1254     461      774      838      296      177      539      394      1012     534      100      336      757      421      1441     1497     829      932      882      988      410      939      609      941      808      331      253      399      800      1165     945      126      1012     1241     900      140      1055     526      848      229      884      535      1024     852      638      1017     132      1179     1323     631      714      863      833      1215     207      536      762      1021     1453     877      966      776      264      1034     197      1016     983      692      
1        326      0        452      207      844      219      903      935      148      486      1464     1053     829      1537     781      856      1135     529      393      853      646      1297     594      394      624      1015     157      1734     1772     1107     967      1155     961      642      1237     739      914      1115     236      550      705      1114     1456     1271     446      1338     1293     1169     441      1255     207      1174     499      1175     232      1347     1105     682      1326     442      1395     1557     837      969      854      1108     1485     533      862      799      1312     1749     1053     1261     846      538      1331     170      1280     1309     631      
2        140      452      0        245      996      630      819      515      591      751      1217     602      408      1202     329      851      779      191      267      466      407      872      631      60       320      621      559      1377     1449     689      1021     742      1094     292      876      674      1048     736      394      114      348      664      1106     837      120      899      1317     866      24       1066     657      729      257      743      641      894      833      733      940      10       1178     1309     655      579      966      693      1176     103      415      855      880      1385     908      907      856      136      894      298      983      860      813      
3        122      207      245      0        877      392      824      742      350      570      1328     846      627      1368     574      811      955      349      245      660      491      1103     556      189      447      833      321      1557     1608     916      954      966      988      467      1056     662      940      927      236      347      517      909      1280     1067     247      1133     1272     1008     236      1140     412      967      329      978      413      1139     954      657      1137     235      1270     1421     714      788      867      918      1324     326      654      781      1116     1570     952      1082     809      343      1132     85       1123     1102     673      
4        884      844      996      877      0        694      467      1472     901      377      1072     1378     1086     1325     1196     316      1094     1178     729      1016     731      1791     375      980      821      1596     712      1536     1483     1635     223      1690     117      1287     1172     446      73       1136     1065     1102     906      1507     1298     1426     885      1510     502      995      1008     816      810      1420     775      1658     1004     1639     896      286      1304     993      965      1146     637      1559     82       1642     1222     983      1196     212      1784     1572     625      1170     290      1132     1781     931      1050     1559     213      
5        491      219      630      392      694      0        860      1134     211      317      1470     1215     963      1592     950      779      1215     736      484      966      710      1495     535      578      719      1223     70       1797     1814     1308     852      1358     811      852      1316     707      767      1209     450      737      813      1291     1521     1403     590      1476     1175     1217     624      1240     120      1323     597      1370     310      1510     1140     599      1420     620      1389     1561     849      1177     721      1310     1525     693      1017     698      1507     1818     1028     1335     764      735      1523     381      1320     1463     486      
6        766      903      819      824      467      860      0        1190     1019     627      641      1011     736      861      896      151      642      1009     590      642      430      1460     324      833      533      1324     838      1074     1035     1332     313      1386     484      1094     711      164      459      695      1057     896      583      1154     830      998      699      1082     520      528      840      392      976      1020     561      1332     1122     1239     429      282      845      822      545      726      218      1296     387      1342     763      761      859      262      1442     1108     178      707      177      942      1430     904      583      1149     487      
7        655      935      515      742      1472     1134     1190     0        1053     1263     1366     349      477      1213     294      1268     835      410      758      586      769      361      1096     559      667      134      1064     1326     1454     174      1453     226      1559     310      895      1082     1515     756      785      402      607      276      1104     646      601      662      1710     994      515      1305     1142     492      697      243      1073     533      1013     1192     883      523      1368     1444     981      119      1429     177      1236     493      357      1302     378      1316     1214     933      1280     399      402      765      1096     555      1308     
8        471      148      591      350      901      211      1019     1053     0        526      1599     1193     976      1682     919      957      1282     643      538      1002     790      1414     700      531      771      1123     192      1880     1916     1222     1048     1269     1019     751      1385     858      974      1263     290      682      853      1247     1602     1417     593      1484     1374     1313     578      1383     119      1318     646      1296     105      1485     1246     778      1475     580      1527     1692     971      1076     923      1222     1627     676      1004     887      1432     1896     1177     1408     945      664      1453     295      1422     1451     691      
9        617      486      751      570      377      317      627      1263     526      0        1267     1257     973      1446     1023     513      1120     909      512      939      644      1611     328      717      697      1372     342      1658     1646     1436     550      1490     494      1025     1215     503      450      1136     718      865      796      1362     1392     1383     665      1464     867      1078     756      1019     433      1336     602      1479     627      1544     988      345      1336     745      1173     1353     688      1330     410      1440     1362     774      1058     414      1614     1686     805      1226     493      881      1620     603      1164     1479     175      
10       1231     1464     1217     1328     1072     1470     641      1366     1599     1267     0        1055     911      348      1109     776      534      1374     1085     805      837      1499     948      1257     901      1494     1435     519      419      1446     863      1488     1045     1415     499      770      1039     617      1560     1243     874      1197     401      860      1120     919      820      374      1242     256      1578     972      1002     1400     1695     1141     385      923      584      1224     111      93       627      1485     989      1459     233      1123     1015     891      1463     563      463      463      802      1297     1432     1413     270      1042     1128     
11       730      1053     602      846      1378     1215     1011     349      1193     1257     1055     0        292      870      274      1121     522      607      754      370      648      462      1013     661      567      456      1146     977      1108     392      1308     433      1445     560      565      944      1406     438      972      520      474      149      761      300      625      331      1519     695      616      1035     1256     150      655      348      1240     295      736      1092     537      613      1073     1126     792      461      1320     405      904      523      200      1182     437      967      989      603      1138     553      420      899      785      260      1254     
12       505      829      408      627      1086     963      736      477      976      973      911      292      0        823      199      836      404      501      484      110      355      724      720      466      276      611      898      983      1073     601      1023     653      1154     515      491      655      1115     344      803      376      181      423      721      441      383      513      1253     537      429      829      1021     365      377      595      1039     571      542      799      536      419      901      995      519      593      1029     611      817      307      124      892      709      987      741      525      852      427      700      696      648      508      962      
13       1254     1537     1202     1368     1325     1592     861      1213     1682     1446     348      870      823      0        1006     1011     423      1324     1144     739      892      1269     1117     1253     920      1327     1545     213      249      1256     1136     1290     1320     1336     332      945      1306     479      1583     1195     858      995      109      612      1131     650      1149     374      1226     545      1686     753      1041     1191     1768     878      458      1122     335      1211     445      358      759      1329     1242     1269     117      1100     896      1123     1227     246      701      298      1037     1248     1190     1450     282      784      1335     
14       461      781      329      574      1196     950      896      294      919      1023     1109     274      199      1006     0        978      595      348      512      307      479      596      821      388      379      428      881      1151     1255     442      1164     497      1277     332      674      792      1234     527      700      247      313      342      900      535      366      587      1417     735      342      1024     985      409      429      463      965      565      740      912      698      339      1100     1193     687      404      1148     450      1009     258      114      1017     593      1150     923      710      991      285      597      625      846      534      1045     
15       774      856      851      811      316      779      151      1268     957      513      776      1121     836      1011     978      0        786      1043     598      751      499      1558     261      854      601      1399     768      1223     1179     1420     187      1474     339      1138     859      186      311      834      1036     941      668      1259     982      1133     731      1217     467      679      870      521      898      1143     599      1428     1062     1363     580      180      993      852      675      857      340      1368     236      1428     911      809      955      115      1545     1258     317      856      26       982      1536     885      734      1277     356      
16       838      1135     779      955      1094     1215     642      835      1282     1120     534      522      404      423      595      786      0        901      745      316      504      973      802      831      511      960      1161     602      672      912      955      955      1124     919      102      657      1097     84       1164     772      439      667      327      379      713      458      1087     178      803      533      1299     455      636      869      1363     652      246      839      216      788      552      609      458      954      1018     925      413      676      491      882      941      615      548      128      810      825      914      1035     263      553      1045     
17       296      529      191      349      1178     736      1009     410      643      909      1374     607      501      1324     348      1043     901      0        453      586      590      770      818      198      496      486      666      1484     1573     579      1211     626      1279     117      991      865      1233     846      380      131      501      625      1222     883      312      931      1509     1011     173      1240     735      752      448      652      665      879      990      922      1034     191      1343     1463     837      440      1152     579      1310     258      459      1044     788      1486     1090     1025     1047     77       811      359      1128     865      988      
18       177      393      267      245      729      484      590      758      538      512      1085     754      484      1144     512      598      745      453      0        481      254      1101     365      258      237      875      423      1341     1380     929      760      983      827      558      847      432      781      730      481      373      329      852      1063     920      158      995      1065     777      281      895      556      849      113      968      624      1046     716      468      942      264      1025     1178     468      836      700      934      1093     265      554      591      1102     1358     708      869      600      403      1108     329      889      991      551      
19       539      853      466      660      1016     966      642      586      1002     939      805      370      110      739      307      751      316      586      481      0        298      819      663      520      248      721      904      911      988      706      938      757      1078     612      410      576      1041     270      856      456      152      511      641      445      413      525      1154     433      489      719      1034     406      368      694      1073     623      432      733      477      476      792      890      423      703      955      716      724      363      231      816      801      919      635      442      769      509      788      736      547      547      909      
20       394      646      407      491      731      710      430      769      790      644      837      648      355      892      479      499      504      590      254      298      0        1065     366      434      103      901      657      1092     1126     921      685      975      804      667      605      313      763      503      723      470      175      775      814      739      294      821      946      523      430      664      797      703      165      934      878      919      463      445      712      411      784      930      248      871      676      929      839      335      465      541      1055     1111     501      625      512      519      1050     576      635      846      611      
21       1012     1297     872      1103     1791     1495     1460     361      1414     1611     1499     462      724      1269     596      1558     973      770      1101     819      1065     0        1417     918      970      306      1425     1327     1486     192      1746     152      1869     665      1000     1376     1828     889      1140     760      891      313      1164     657      946      627      1974     1150     873      1496     1504     527      1025     133      1429     410      1197     1506     939      880      1526     1563     1242     352      1741     194      1324     836      603      1607     50       1305     1449     1036     1574     760      98       1127     1232     491      1642     
22       534      594      631      556      375      535      324      1096     700      328      948      1013     720      1117     821      261      802      818      365      663      366      1417     0        623      449      1221     515      1330     1319     1260     399      1314     465      923      894      178      420      827      776      732      539      1137     1065     1094     515      1177     716      750      646      709      651      1069     400      1284     805      1285     659      103      1019     629      861      1037     359      1185     336      1266     1034     610      826      227      1410     1358     495      902      255      767      1409     626      836      1210     248      
23       100      394      60       189      980      578      833      559      531      717      1257     661      466      1253     388      854      831      198      258      520      434      918      623      0        356      658      507      1431     1499     733      1018     785      1082     310      929      682      1035     791      337      159      395      720      1159     897      139      959      1321     911      47       1097     601      789      275      792      581      953      873      726      996      49       1213     1349     680      615      955      736      1223     159      476      849      929      1440     931      959      857      164      944      238      1028     919      790      
24       336      624      320      447      821      719      533      667      771      697      901      567      276      920      379      601      511      496      237      248      103      970      449      356      0        798      660      1112     1162     821      786      876      899      567      613      415      857      493      667      372      99       687      834      693      219      771      1050     563      344      746      793      638      125      838      851      848      518      535      705      326      858      993      343      767      770      829      879      238      376      638      962      1126     596      638      613      422      960      529      679      781      686      
25       757      1015     621      833      1596     1223     1324     134      1123     1372     1494     456      611      1327     428      1399     960      486      875      721      901      306      1221     658      798      0        1152     1429     1565     126      1583     154      1685     373      1016     1213     1641     880      843      507      741      351      1218     742      716      746      1844     1123     617      1438     1219     588      821      227      1131     585      1145     1318     994      627      1499     1570     1115     47       1555     118      1357     613      491      1430     339      1416     1349     1054     1411     494      376      845      1223     626      1426     
26       421      157      559      321      712      70       838      1064     192      342      1435     1146     898      1545     881      768      1161     666      423      904      657      1425     515      507      660      1152     0        1748     1770     1237     856      1288     829      783      1263     680      784      1152     393      667      751      1221     1471     1339     522      1412     1182     1171     554      1211     142      1256     536      1299     297      1442     1097     588      1363     550      1358     1527     810      1107     732      1239     1481     624      949      695      1437     1768     1001     1282     755      664      1452     313      1276     1395     500      
27       1441     1734     1377     1557     1536     1797     1074     1326     1880     1658     519      977      983      213      1151     1223     602      1484     1341     911      1092     1327     1330     1431     1112     1429     1748     0        184      1343     1344     1370     1529     1483     502      1158     1516     641      1765     1359     1042     1083     277      688      1315     702      1338     583      1401     745      1889     841      1235     1267     1963     920      670      1335     452      1387     626      496      971      1437     1454     1357     315      1274     1038     1336     1281     47       911      474      1250     1410     1240     1638     495      837      1549     
28       1497     1772     1449     1608     1483     1814     1035     1454     1916     1646     419      1108     1073     249      1255     1179     672      1573     1380     988      1126     1486     1319     1499     1162     1565     1770     184      0        1487     1279     1518     1462     1585     582      1142     1454     729      1827     1444     1104     1226     354      834      1375     859      1231     603      1474     670      1913     982      1280     1416     2004     1083     673      1310     571      1458     530      369      968      1569     1400     1501     289      1347     1144     1294     1441     227      862      547      1205     1497     1401     1691     494      995      1521     
29       829      1107     689      916      1635     1308     1332     174      1222     1436     1446     392      601      1256     442      1420     912      579      929      706      921      192      1260     733      821      126      1237     1343     1487     0        1606     54       1719     472      957      1234     1676     829      948      576      752      261      1147     655      772      649      1852     1082     689      1412     1313     505      862      102      1237     471      1115     1353     921      697      1461     1518     1118     167      1590     13       1295     664      476      1460     218      1328     1341     995      1433     573      251      937      1176     522      1476     
30       932      967      1021     954      223      852      313      1453     1048     550      863      1308     1023     1136     1164     187      955      1211     760      938      685      1746     399      1018     786      1583     856      1344     1279     1606     0        1660     184      1311     1021     371      177      1009     1167     1116     855      1446     1120     1311     902      1395     326      832      1038     609      973      1327     774      1615     1154     1547     733      297      1155     1020     754      933      522      1551     150      1614     1028     986      1143     172      1732     1382     438      1014     172      1155     1724     1021     870      1460     374      
31       882      1155     742      966      1690     1358     1386     226      1269     1490     1488     433      653      1290     497      1474     955      626      983      757      975      152      1314     785      876      154      1288     1370     1518     54       1660     0        1773     517      996      1289     1730     871      992      628      806      295      1182     684      826      671      1905     1127     741      1460     1361     537      916      106      1280     481      1161     1407     955      749      1505     1559     1171     200      1644     49       1332     718      528      1514     187      1353     1392     1034     1487     623      227      985      1218     541      1531     
32       988      961      1094     988      117      811      484      1559     1019     494      1045     1445     1154     1320     1277     339      1124     1279     827      1078     804      1869     465      1082     899      1685     829      1529     1462     1719     184      1773     0        1386     1195     501      47       1174     1179     1198     979      1578     1303     1472     981      1556     400      1010     1108     792      927      1477     864      1737     1121     1697     911      367      1329     1092     935      1113     678      1649     129      1726     1213     1075     1269     262      1859     1566     621      1190     316      1231     1854     1043     1053     1613     330      
33       410      642      292      467      1287     852      1094     310      751      1025     1415     560      515      1336     332      1138     919      117      558      612      667      665      923      310      567      373      783      1483     1585     472      1311     517      1386     0        1003     957      1340     856      476      197      554      552      1231     851      409      891      1601     1045     278      1299     846      710      539      553      764      812      1034     1025     1031     294      1392     1502     911      326      1258     471      1332     333      445      1146     687      1482     1162     1038     1144     156      712      473      1159     810      1100     
34       939      1237     876      1056     1172     1316     711      895      1385     1215     499      565      491      332      674      859      102      991      847      410      605      1000     894      929      613      1016     1263     502      582      957      1021     996      1195     1003     0        742      1170     147      1263     864      540      703      231      367      813      435      1128     198      900      546      1401     473      738      904      1465     649      290      925      134      886      537      563      543      1013     1094     970      341      773      565      960      964      513      599      38       884      916      933      1136     238      549      1134     
35       609      739      674      662      446      707      164      1082     858      503      770      944      655      945      792      186      657      865      432      576      313      1376     178      682      415      1213     680      1158     1142     1234     371      1289     501      957      742      0        465      693      894      759      484      1079     898      980      553      1064     644      584      694      533      820      976      418      1245     961      1196     489      182      872      675      684      859      199      1182     379      1243     859      626      773      240      1363     1188     321      746      198      802      1356     740      663      1113     394      
36       941      914      1048     940      73       767      459      1515     974      450      1039     1406     1115     1306     1234     311      1097     1233     781      1041     763      1828     420      1035     857      1641     784      1516     1454     1676     177      1730     47       1340     1170     465      0        1144     1132     1152     938      1538     1285     1440     935      1524     431      987      1062     785      884      1441     820      1695     1077     1661     888      323      1304     1046     931      1110     646      1605     86       1683     1200     1030     1229     224      1818     1552     605      1166     287      1185     1814     996      1035     1578     284      
37       808      1115     736      927      1136     1209     695      756      1263     1136     617      438      344      479      527      834      84       846      730      270      503      889      827      791      493      880      1152     641      729      829      1009     871      1174     856      147      693      1144     0        1127     719      410      583      376      308      681      389      1157     261      760      614      1287     372      618      785      1339     573      322      872      212      746      637      690      499      875      1063     842      483      633      419      925      857      648      616      183      858      771      830      1005     346      476      1073     
38       331      236      394      236      1065     450      1057     785      290      718      1560     972      803      1583     700      1036     1164     380      481      856      723      1140     776      337      667      843      393      1765     1827     948      1167     992      1179     476      1263     894      1132     1127     0        453      724      1003     1491     1227     452      1285     1490     1231     373      1376     402      1109     558      1028     288      1254     1183     872      1332     384      1505     1653     950      796      1066     947      1546     496      800      995      1163     1775     1188     1292     1031     420      1187     153      1347     1233     852      
39       253      550      114      347      1102     737      896      402      682      865      1243     520      376      1195     247      941      772      131      373      456      470      760      732      159      372      507      667      1359     1444     576      1116     628      1198     197      864      759      1152     719      453      0        370      565      1094     778      217      833      1404     880      113      1112     757      657      342      632      721      806      858      834      912      121      1213     1332     715      466      1069     579      1179     135      350      953      770      1363     968      897      948      54       785      386      996      780      923      
40       399      705      348      517      906      813      583      607      853      796      874      474      181      858      313      668      439      501      329      152      175      891      539      395      99       741      751      1042     1104     752      855      806      979      554      540      484      938      410      724      370      0        600      767      595      273      672      1103     518      373      745      882      540      215      760      928      751      489      620      622      357      842      964      375      715      852      761      827      250      290      716      880      1054     618      567      683      424      875      596      635      683      780      
41       800      1114     664      909      1507     1291     1154     276      1247     1362     1197     149      423      995      342      1259     667      625      852      511      775      313      1137     720      687      351      1221     1083     1226     261      1446     295      1578     552      703      1079     1538     583      1003     565      600      0        887      394      709      395      1665     842      673      1184     1321     243      761      202      1283     261      885      1220     660      674      1219     1266     935      368      1451     274      1037     601      311      1315     289      1068     1136     740      1276     586      277      952      928      280      1372     
42       1165     1456     1106     1280     1298     1521     830      1104     1602     1392     401      761      721      109      900      982      327      1222     1063     641      814      1164     1065     1159     834      1218     1471     277      354      1147     1120     1182     1303     1231     231      898      1285     376      1491     1094     767      887      0        507      1040     549      1164     314      1130     556      1611     645      957      1083     1685     777      409      1078     227      1116     482      432      705      1220     1217     1160     175      1003     789      1091     1123     297      682      199      1008     1147     1086     1361     250      682      1292     
43       945      1271     837      1067     1426     1403     998      646      1417     1383     860      300      441      612      535      1133     379      883      920      445      739      657      1094     897      693      742      1339     688      834      655      1311     684      1472     851      367      980      1440     308      1227     778      595      394      507      0        825      84       1465     551      856      907      1463     154      808      582      1477     281      625      1152     283      848      904      916      793      753      1357     668      670      742      427      1217     616      674      924      399      1155     820      580      1133     605      182      1342     
44       126      446      120      247      885      590      699      601      593      665      1120     625      383      1131     366      731      713      312      158      413      294      946      515      139      219      716      522      1315     1375     772      902      826      981      409      813      553      935      681      452      217      273      709      1040     825      0        894      1197     781      141      958      639      734      137      815      660      920      738      617      891      122      1075     1213     540      677      852      777      1095     110      426      737      950      1327     792      841      736      252      958      323      897      873      709      
45       1012     1338     899      1133     1510     1476     1082     662      1484     1464     919      331      513      650      587      1217     458      931      995      525      821      627      1177     959      771      746      1412     702      859      649      1395     671      1556     891      435      1064     1524     389      1285     833      672      395      549      84       894      0        1545     625      916      981      1533     180      885      566      1540     227      703      1236     335      910      970      970      877      762      1441     662      719      807      484      1301     582      682      1005     465      1239     872      542      1196     672      136      1425     
46       1241     1293     1317     1272     502      1175     520      1710     1374     867      820      1519     1253     1149     1417     467      1087     1509     1065     1154     946      1974     716      1321     1050     1844     1182     1338     1231     1852     326      1905     400      1601     1128     644      431      1157     1490     1404     1103     1665     1164     1465     1197     1545     0        929      1336     608      1295     1511     1062     1848     1479     1725     842      617      1258     1318     711      863      734      1816     456      1861     1032     1270     1377     495      1954     1381     541      1110     465      1447     1940     1342     927      1631     691      
47       900      1169     866      1008     995      1217     528      994      1313     1078     374      695      537      374      735      679      178      1011     777      433      523      1150     750      911      563      1123     1171     583      603      1082     832      1127     1010     1045     198      584      987      261      1231     880      518      842      314      551      781      625      929      0        891      356      1313     633      678      1043     1401     828      99       765      330      874      378      457      390      1113     915      1094     316      767      641      785      1118     608      402      184      705      934      1092     1092     117      729      978      
48       140      441      24       236      1008     624      840      515      578      756      1242     616      429      1226     342      870      803      173      281      489      430      873      646      47       344      617      554      1401     1474     689      1038     741      1108     278      900      694      1062     760      373      113      373      673      1130     856      141      916      1336     891      0        1090     648      745      279      746      625      907      857      749      962      19       1202     1333     678      574      981      692      1200     126      432      871      883      1408     931      931      874      126      898      283      1008     874      823      
49       1055     1255     1066     1140     816      1240     392      1305     1383     1019     256      1035     829      545      1024     521      533      1240     895      719      664      1496     709      1097     746      1438     1211     745      670      1412     609      1460     792      1299     546      533      785      614      1376     1112     745      1184     556      907      958      981      608      356      1090     0        1352     986      828      1383     1483     1184     299      674      668      1072     154      336      426      1422     733      1424     431      982      947      636      1467     785      215      522      546      1164     1443     1224     324      1085     875      
