
sets
i        orders          /0*40/
k        routes          /1*40/
p        positions       /0*40/
;

alias(i,j)
alias(i,h)
alias(i,hh)
alias(i,jj)
alias(k,kk)
                
                    Parameters

rho(i)	Processing time
/
0	0
1	69
2	39
3	22
4	19
5	38
6	89
7	24
8	57
9	36
10	54
11	10
12	99
13	88
14	11
15	85
16	13
17	65
18	67
19	2
20	1
21	42
22	30
23	88
24	67
25	46
26	2
27	82
28	4
29	54
30	42
31	98
32	56
33	89
34	26
35	33
36	72
37	71
38	47
39	86
40	88
/

gamma(i)	Duedate
/
0	0
1	55
2	16
3	69
4	55
5	77
6	38
7	15
8	68
9	15
10	4
11	29
12	82
13	79
14	72
15	34
16	26
17	2
18	58
19	24
20	2
21	57
22	13
23	50
24	37
25	99
26	24
27	1
28	41
29	60
30	69
31	48
32	1
33	51
34	80
35	72
36	24
37	63
38	65
39	35
40	82
/

sigma(i)	Size
/
0	0
1	2
2	4
3	7
4	6
5	3
6	9
7	8
8	7
9	3
10	1
11	2
12	1
13	9
14	2
15	2
16	2
17	5
18	9
19	3
20	8
21	2
22	3
23	1
24	1
25	9
26	8
27	4
28	5
29	5
30	8
31	7
32	9
33	5
34	2
35	7
36	5
37	5
38	6
39	7
40	4
/

epsilon(i)	Priority
/
0	0
1	6
2	9
3	6
4	1
5	1
6	1
7	8
8	2
9	1
10	3
11	4
12	1
13	1
14	9
15	6
16	9
17	5
18	8
19	5
20	4
21	3
22	4
23	1
24	9
25	2
26	9
27	3
28	7
29	9
30	1
31	6
32	9
33	6
34	2
35	2
36	1
37	8
38	1
39	8
40	9
/

psi	Vehicle Capacity
/ 29 /
;

Table kappa(i,j)                 Setup
         0        1        2        3        4        5        6        7        8        9        10       11       12       13       14       15       16       17       18       19       20       21       22       23       24       25       26       27       28       29       30       31       32       33       34       35       36       37       38       39       40       
0        0        409      475      319      391      355      213      292      226      332      199      188      71       109      164      201      315      272      388      328      371      335      377      146      458      398      341      359      189      149      123      153      483      178      291      214      176      275      362      208      281      
1        409      0        98       309      84       53       238      347      209      195      307      222      368      379      309      287      148      312      84       279      68       182      350      308      153      220      221      303      249      264      294      295      102      303      137      319      237      138      162      203      221      
2        475      98       0        303      179      136      279      349      297      193      338      287      424      426      396      320      171      320      89       270      104      181      327      354      83       185      319      284      296      340      370      342      8        392      229      344      314      221      151      280      237      
3        319      309      303      0        362      277      144      50       312      115      120      220      248      217      362      123      163      47       231      33       241      128      63       176      237      130      430      42       164      276      292      174      311      368      306      105      272      273      154      260      98       
4        391      84       179      362      0        86       261      392      169      254      332      219      364      385      264      311      199      354      159      335      135      241      410      318      237      292      141      363      264      242      269      305      182      255      100      348      215      121      229      186      265      
5        355      53       136      277      86       0        190      310      160      167      260      168      314      327      260      239      113      273      81       249      54       155      324      257      169      208      198      277      198      211      241      243      143      255      92       274      184      86       143      150      183      
6        213      238      279      144      261      190      0        150      171      119      71       76       151      147      219      50       108      112      189      136      181      122      207      75       248      186      297      172      25       134      153      64       287      225      181      88       128      149      149      118      70       
7        292      347      349      50       392      310      150      0        321      157      102      224      221      185      357      113      198      38       273      82       279      170      87       159      285      180      446      89       165      274      285      161      357      365      326      82       274      293      198      268      127      
8        226      209      297      312      169      160      171      321      0        244      231      97       212      244      100      212      194      284      225      298      200      237      374      192      314      309      132      333      158      80       103      182      303      95       73       251      59       75       247      53       220      
9        332      195      193      115      254      167      119      157      244      0        155      173      268      255      319      142      57       127      116      83       126      13       156      189      139      69       341      109      143      238      263      180      201      321      215      157      222      186      41       198      53       
10       199      307      338      120      332      260      71       102      231      155      0        133      128      103      256      21       167      74       250      130      246      164      180      57       294      211      361      159      74       174      183      59       346      264      250      21       178      219      194      179      103      
11       188      222      287      220      219      168      76       224      97       173      133      0        146      165      148      115      137      188      201      210      183      170      282      101      278      242      227      245      60       65       91       89       295      151      125      154      52       98       189      45       135      
12       71       368      424      248      364      314      151      221      212      268      128      146      0        46       183      131      258      201      335      258      322      272      306      78       399      331      340      288      129      132      117      87       432      195      265      143      154      243      300      178      215      
13       109      379      426      217      385      327      147      185      244      255      103      165      46       0        226      113      256      170      337      232      327      262      271      72       392      314      375      259      131      166      157      84       434      238      289      112      185      264      292      204      202      
14       164      309      396      362      264      260      219      357      100      319      256      148      183      226      0        244      277      324      322      356      297      316      425      203      408      388      181      391      197      85       73       198      403      13       172      277      97       174      331      124      283      
15       201      287      320      123      311      239      50       113      212      142      21       115      131      113      244      0        148      80       231      127      227      149      185      54       279      201      341      160      54       160      172      51       328      251      229      39       161      198      179      160      89       
16       315      148      171      163      199      113      108      198      194      57       167      137      258      256      277      148      0        163      83       136      82       46       211      184      142      115      285      165      128      201      229      172      179      278      159      175      181      130      54       153      73       
17       272      312      320      47       354      273      112      38       284      127      74       188      201      170      324      80       163      0        240      66       245      139      105      131      262      162      407      88       129      240      253      131      328      331      287      58       238      255      169      231      90       
18       388      84       89       231      159      81       189      273      225      116      250      201      335      337      322      231      83       240      0        199      27       103      267      265      90       136      279      221      207      257      287      252      97       319      167      258      233      150      79       200      152      
19       328      279      270      33       335      249      136      82       298      83       130      210      258      232      356      127      136      66       199      0        210      97       77       182      204      98       410      35       160      270      289      178      277      361      284      119      262      253      121      247      78       
20       371      68       104      241      135      54       181      279      200      126      246      183      322      327      297      227      82       245      27       210      0        113      282      255      117      157      252      235      196      236      267      242      111      294      140      256      211      124      95       178      155      
21       335      182      181      128      241      155      122      170      237      13       164      170      272      262      316      149      46       139      103      97       113      0        169      195      130      72       331      122      146      235      261      185      189      317      206      166      219      177      30       193      60       
22       377      350      327      63       410      324      207      87       374      156      180      282      306      271      425      185      211      105      267      77       282      169      0        237      252      143      488      46       228      340      356      236      334      431      362      163      334      330      188      322      155      
23       146      308      354      176      318      257      75       159      192      189      57       101      78       72       203      54       184      131      265      182      255      195      237      0        323      253      325      214      59       125      129      13       362      212      226      76       135      199      223      145      137      
24       458      153      83       237      237      169      248      285      314      139      294      278      399      392      408      279      142      262      90       204      117      130      252      323      0        109      366      211      270      339      368      312      87       406      257      296      316      239      100      284      191      
25       398      220      185      130      292      208      186      180      309      69       211      242      331      314      388      201      115      162      136      98       157      72       143      253      109      0        397      101      211      307      332      245      191      390      272      207      291      245      66       265      117      
26       341      221      319      430      141      198      297      446      132      341      361      227      340      375      181      341      285      407      279      410      252      331      488      325      366      397      0        444      287      208      224      314      323      169      126      381      191      157      330      182      332      
27       359      303      284      42       363      277      172      89       333      109      159      245      288      259      391      160      165      88       221      35       235      122      46       214      211      101      444      0        195      306      324      211      291      396      318      146      298      286      141      282      113      
28       189      249      296      164      264      198      25       165      158      143      74       60       129      131      197      54       128      129      207      160      196      146      228      59       270      211      287      195      0        112      129      46       304      203      177      94       109      147      172      105      95       
29       149      264      340      276      242      211      134      274      80       238      174      65       132      166      85       160      201      240      257      270      236      235      340      125      339      307      208      306      112      0        30       118      347      91       141      196      27       127      254      60       198      
30       123      294      370      292      269      241      153      285      103      263      183      91       117      157      73       172      229      253      287      289      267      261      356      129      368      332      224      324      129      30       0        124      378      83       169      204      57       157      281      91       221      
31       153      295      342      174      305      243      64       161      182      180      59       89       87       84       198      51       172      131      252      178      242      185      236      13       312      245      314      211      46       118      124      0        350      206      214      79       125      186      213      133      128      
32       483      102      8        311      182      143      287      357      303      201      346      295      432      434      403      328      179      328      97       277      111      189      334      362      87       191      323      291      304      347      378      350      0        398      234      352      322      228      159      287      245      
33       178      303      392      368      255      255      225      365      95       321      264      151      195      238      13       251      278      331      319      361      294      317      431      212      406      390      169      396      203      91       83       206      398      0        166      286      99       170      332      125      287      
34       291      137      229      306      100      92       181      326      73       215      250      125      265      289      172      229      159      287      167      284      140      206      362      226      257      272      126      318      177      141      169      214      234      166      0        268      114      32       206      86       207      
35       214      319      344      105      348      274      88       82       251      157      21       154      143      112      277      39       175      58       258      119      256      166      163      76       296      207      381      146      94       196      204      79       352      286      268      0        199      237      197      199      107      
36       176      237      314      272      215      184      128      274      59       222      178      52       154      185      97       161      181      238      233      262      211      219      334      135      316      291      191      298      109      27       57       125      322      99       114      199      0        100      235      34       187      
37       275      138      221      273      121      86       149      293      75       186      219      98       243      264      174      198      130      255      150      253      124      177      330      199      239      245      157      286      147      127      157      186      228      170      32       237      100      0        180      67       175      
38       362      162      151      154      229      143      149      198      247      41       194      189      300      292      331      179      54       169      79       121      95       30       188      223      100      66       330      141      172      254      281      213      159      332      206      197      235      180      0        207      91       
39       208      203      280      260      186      150      118      268      53       198      179      45       178      204      124      160      153      231      200      247      178      193      322      145      284      265      182      282      105      60       91       133      287      125      86       199      34       67       207      0        169      
40       281      221      237      98       265      183      70       127      220      53       103      135      215      202      283      89       73       90       152      78       155      60       155      137      191      117      332      113      95       198      221      128      245      287      207      107      187      175      91       169      0        
;



Table delta(i,j)                 Distance
         0        1        2        3        4        5        6        7        8        9        10       11       12       13       14       15       16       17       18       19       20       21       22       23       24       25       26       27       28       29       30       31       32       33       34       35       36       37       38       39       40       
0        0        24420    6120     12510    21540    19620    21390    17250    14340    8490     27690    13440    17400    16470    14130    23400    20970    22170    18210    23370    9030     10170    27840    11730    20700    15660    12690    8460     14940    25710    23580    4080     22290    4710     16440    5640     5580     7830     8850     21180    19740    
1        24420    0        981      755      841      947      192      592      503      551      598      1162     945      428      1009     470      606      411      731      851      761      1004     720      1001     797      453      493      1061     324      43       686      949      377      657      1063     763      693      985      729      108      396      
2        6120     981      0        410      692      583      900      623      568      430      982      248      741      751      342      860      742      833      609      756      490      180      958      506      675      725      626      296      657      1023     812      108      844      339      413      380      291      86       490      875      860      
3        12510    755      410      0        300      263      756      233      253      315      583      465      965      723      258      483      340      474      199      362      668      314      548      808      274      711      627      672      465      788      402      468      496      378      308      566      255      354      647      667      813      
4        21540    841      692      300      0        171      906      261      397      570      426      670      1254     943      418      416      244      450      132      64       956      554      329      1108     44       938      870      968      635      862      213      762      484      665      409      860      549      621      933      783      1015     
5        19620    947      583      263      171      0        983      356      459      576      593      518      1221     979      269      563      387      586      220      224      925      423      500      1044     191      969      888      874      697      974      380      669      617      639      244      819      512      503      906      875      1063     
6        21390    192      900      756      906      983      0        645      523      489      741      1107     760      244      993      594      693      528      783      929      603      956      849      840      862      273      333      931      290      226      786      849      497      562      1056     626      630      920      573      147      203      
7        17250    592      623      233      261      356      645      0        144      354      359      698      1047     690      478      250      123      248      140      291      756      546      353      942      217      688      628      852      375      618      216      660      274      476      511      675      388      578      729      525      757      
8        14340    503      568      253      397      459      523      144      0        222      448      693      910      547      511      302      249      265      266      433      624      534      476      822      353      544      483      760      240      535      351      583      275      356      561      550      295      542      595      420      618      
9        8490     551      430      315      570      576      489      354      222      0        668      619      694      411      515      514      470      466      440      620      403      467      698      600      531      397      312      560      226      592      569      409      466      139      585      328      143      436      375      446      507      
10       27690    598      982      583      426      593      741      359      448      668      0        1040     1332     886      802      163      243      228      410      392      1059     896      139      1268     402      896      869      1204     575      599      213      1017     251      804      814      996      737      935      1028     594      916      
11       13440    1162     248      465      670      518      1107     698      693      619      1040     0        981      983      252      948      798      937      632      732      738      159      982      733      669      959      860      495      840      1201     841      351      957      561      283      628      477      192      737      1060     1091     
12       17400    945      741      965      1254     1221     760      1047     910      694      1332     981      0        517      1051     1169     1160     1108     1127     1308     297      909      1384     270      1218     491      475      516      764      983      1261     633      1094     589      1128     402      710      820      321      858      573      
13       16470    428      751      723      943      979      244      690      547      411      886      983      517      0        921      724      773      658      811      980      373      846      969      603      900      31       125      723      323      466      875      679      636      422      994      419      527      791      345      345      109      
14       14130    1009     342      258      418      269      993      478      511      515      802      252      1051     921      0        726      565      726      391      480      769      166      735      839      419      904      810      639      706      1044     597      443      750      517      77       656      397      256      758      917      1022     
15       23400    470      860      483      416      563      594      250      302      514      163      948      1169     724      726      0        176      67       350      406      899      796      255      1112     380      733      705      1062     411      481      224      883      96       652      753      839      597      822      868      449      759      
16       20970    606      742      340      244      387      693      123      249      470      243      798      1160     773      565      176      0        206      177      245      872      653      230      1063     205      775      725      976      450      624      103      783      240      597      584      795      512      692      844      559      829      
17       22170    411      833      474      450      586      528      248      265      466      228      937      1108     658      726      67       206      0        367      449      843      782      321      1060     411      668      642      1021     347      425      275      848      35       605      759      788      560      801      811      384      692      
18       18210    731      609      199      132      220      783      140      266      440      410      632      1127     811      391      350      177      367      0        180      831      495      354      993      91       806      737      869      506      757      209      667      397      540      407      737      430      548      806      665      885      
19       23370    851      756      362      64       224      929      291      433      620      392      732      1308     980      480      406      245      449      180      0        1011     618      282      1168     90       978      913      1031     666      870      188      826      484      720      466      916      607      685      987      800      1048     
20       9030     761      490      668      956      925      603      756      624      403      1059     738      297      373      769      899      872      843      831      1011     0        641      1100     239      921      341      270      364      514      804      972      389      833      291      847      113      413      558      33       659      471      
21       10170    1004     180      314      554      423      956      546      534      467      896      159      909      846      166      796      653      782      495      618      641      0        849      684      545      825      726      475      684      1043     705      285      800      425      233      527      327      93       635      904      952      
22       27840    720      958      548      329      500      849      353      476      698      139      982      1384     969      735      255      230      321      354      282      1100     849      0        1294     317      975      936      1203     648      726      146      1006     351      827      735      1025     742      901      1071     704      1011     
23       11730    1001     506      808      1108     1044     840      942      822      600      1268     733      270      603      839      1112     1063     1060     993      1168     239      684      1294     0        1078     572      509      249      745      1043     1158     399      1054     466      914      272      562      591      272      899      693      
24       20700    797      675      274      44       191      862      217      353      531      402      669      1218     900      419      380      205      411      91       90       921      545      317      1078     0        896      828      945      591      820      189      740      444      630      418      826      517      607      897      739      972      
25       15660    453      725      711      938      969      273      688      544      397      896      959      491      31       904      733      775      668      806      978      341      825      975      572      896      0        99       692      327      493      878      652      646      399      977      389      508      767      314      367      137      
26       12690    493      626      627      870      888      333      628      483      312      869      860      475      125      810      705      725      642      737      913      270      726      936      509      828      99       0        604      294      535      828      554      625      301      884      298      413      667      239      395      235      
27       8460     1061     296      672      968      874      931      852      760      560      1204     495      516      723      639      1062     976      1021     869      1031     364      475      1203     249      945      692      604      0        759      1104     1059     206      1024     424      708      306      466      382      384      953      827      
28       14940    324      657      465      635      697      290      375      240      226      575      840      764      323      706      411      450      347      506      666      514      684      648      745      591      327      294      759      0        365      552      630      330      341      767      482      369      661      481      220      382      
29       25710    43       1023     788      862      974      226      618      535      592      599      1201     983      466      1044     481      624      425      757      870      804      1043     726      1043     820      493      535      1104     365      0        700      992      390      700      1096     807      734      1026     772      151      429      
30       23580    686      812      402      213      380      786      216      351      569      213      841      1261     875      597      224      103      275      209      188      972      705      146      1158     189      878      828      1059     552      700      0        861      310      692      603      891      601      755      944      648      929      
31       4080     949      108      468      762      669      849      660      583      409      1017     351      633      679      443      883      783      848      667      826      389      285      1006     399      740      652      554      206      630      992      861      0        855      292      516      285      288      192      393      841      789      
32       22290    377      844      496      484      617      497      274      275      466      251      957      1094     636      750      96       240      35       397      484      833      800      351      1054     444      646      625      1024     330      390      310      855      0        605      785      783      567      816      801      352      665      
33       4710     657      339      378      665      639      562      476      356      139      804      561      589      422      517      652      597      605      540      720      291      425      827      466      630      399      301      424      341      700      692      292      605      0        593      199      127      369      269      549      529      
34       16440    1063     413      308      409      244      1056     511      561      585      814      283      1128     994      77       753      584      759      407      466      847      233      735      914      418      977      884      708      767      1096     603      516      785      593      0        734      471      326      836      974      1092     
35       5640     763      380      566      860      819      626      675      550      328      996      628      402      419      656      839      795      788      737      916      113      527      1025     272      826      389      298      306      482      807      891      285      783      199      734      0        311      446      109      657      525      
36       5580     693      291      255      549      512      630      388      295      143      737      477      710      527      397      597      512      560      430      607      413      327      742      562      517      508      413      466      369      734      601      288      567      127      471      311      0        293      393      589      630      
37       7830     985      86       354      621      503      920      578      542      436      935      192      820      791      256      822      692      801      548      685      558      93       901      591      607      767      667      382      661      1026     755      192      816      369      326      446      293      0        555      881      899      
38       8850     729      490      647      933      906      573      729      595      375      1028     737      321      345      758      868      844      811      806      987      33       635      1071     272      897      314      239      384      481      772      944      393      801      269      836      109      393      555      0        627      445      
39       21180    108      875      667      783      875      147      525      420      446      594      1060     858      345      917      449      559      384      665      800      659      904      704      899      739      367      395      953      220      151      648      841      352      549      974      657      589      881      627      0        337      
40       19740    396      860      813      1015     1063     203      757      618      507      916      1091     573      109      1022     759      829      692      885      1048     471      952      1011     693      972      137      235      827      382      429      929      789      665      529      1092     525      630      899      445      337      0        
;

