
sets
i        orders          /0*40/
k        routes          /1*40/
p        positions       /0*40/
;

alias(i,j)
alias(i,h)
alias(i,hh)
alias(i,jj)
alias(k,kk)
                
                    Parameters

rho(i)	Processing time
/
0	0
1	33
2	46
3	40
4	30
5	77
6	10
7	52
8	96
9	48
10	44
11	98
12	68
13	4
14	26
15	8
16	12
17	82
18	68
19	36
20	57
21	57
22	28
23	9
24	68
25	77
26	16
27	17
28	15
29	70
30	25
31	10
32	29
33	50
34	37
35	52
36	31
37	88
38	91
39	31
40	78
/

gamma(i)	Duedate
/
0	0
1	69
2	97
3	57
4	30
5	48
6	59
7	3
8	32
9	18
10	6
11	40
12	91
13	55
14	4
15	10
16	74
17	31
18	55
19	53
20	46
21	19
22	91
23	79
24	54
25	4
26	61
27	81
28	79
29	55
30	9
31	51
32	96
33	28
34	18
35	51
36	53
37	70
38	33
39	36
40	14
/

sigma(i)	Size
/
0	0
1	1
2	5
3	2
4	4
5	8
6	4
7	8
8	5
9	4
10	8
11	4
12	8
13	5
14	2
15	3
16	2
17	1
18	9
19	7
20	2
21	6
22	6
23	7
24	6
25	2
26	3
27	3
28	7
29	7
30	9
31	6
32	9
33	9
34	1
35	5
36	9
37	8
38	8
39	8
40	7
/

epsilon(i)	Priority
/
0	0
1	3
2	1
3	3
4	4
5	6
6	8
7	7
8	3
9	5
10	7
11	6
12	1
13	2
14	5
15	7
16	4
17	6
18	1
19	2
20	8
21	6
22	5
23	9
24	4
25	1
26	9
27	7
28	2
29	5
30	8
31	4
32	4
33	5
34	9
35	3
36	3
37	8
38	8
39	9
40	4
/

psi	Vehicle Capacity
/ 15 /
;

Table kappa(i,j)                 Setup
         0        1        2        3        4        5        6        7        8        9        10       11       12       13       14       15       16       17       18       19       20       21       22       23       24       25       26       27       28       29       30       31       32       33       34       35       36       37       38       39       40       
0        0        291      15       272      160      147      84       97       341      307      125      67       168      329      232      351      178      192      113      325      254      211      149      27       238      55       380      127      158      291      261      308      185      373      330      224      97       200      157      234      177      
1        291      0        304      35       330      150      308      360      63       206      307      281      127      40       320      139      407      105      382      61       288      162      292      271      64       243      90       164      184      252      226      318      131      344      320      137      199      105      370      431      198      
2        15       304      0        285      169      158      93       96       355      322      119      64       182      342      243      366      180      203      110      339      268      227      160      35       252      64       393      140      164      305      276      321      200      386      343      232      108      215      161      237      182      
3        272      35       285      0        299      139      281      335      70       174      302      270      104      60       285      119      377      99       357      56       253      127      261      254      34       227      118      146      184      218      191      283      100      310      286      148      186      76       340      399      202      
4        160      330      169      299      0        237      76       106      357      235      285      225      211      358      87       322      86       266      120      336      131      180      38       179      266      191      417      204      281      192      176      177      199      244      202      328      209      225      50       101      307      
5        147      150      158      139      237      0        188      230      208      245      164      131      60       189      266      244      295      45       251      195      259      149      204      123      110      94       236      32       62       260      226      307      95       357      320      91       50       90       262      335      89       
6        84       308      93       281      76       188      0        57       347      265      210      151      181      342      154      333      107      226      78       327      186      185      73       105      247      122      398      158      221      235      211      238      182      305      262      277      150      205      77       154      245      
7        97       360      96       335      106      230      57       0        402      321      213      160      233      395      193      390      85       272      21       383      233      242      120      124      300      149      451      203      253      287      265      282      237      349      307      315      186      259      76       146      273      
8        341      63       355      70       357      208      347      402      0        188      369      339      173      30       331      94       439      165      424      22       291      178      319      324      103      297      70       216      247      243      224      311      165      325      309      200      255      143      401      455      262      
9        307      206      322      174      235      245      265      321      188      0        394      341      184      208      174      109      321      232      341      168      123      100      204      304      166      290      259      227      307      60       59       126      150      138      120      303      267      158      286      314      333      
10       125      307      119      302      285      164      210      213      369      394      0        60       218      347      353      407      298      203      222      358      368      293      271      108      275      107      386      169      124      392      359      421      248      483      441      190      127      251      281      357      121      
11       67       281      64       270      225      131      151      160      339      341      60       0        175      321      292      366      244      176      173      326      308      241      210      47       239      51       366      126      115      335      303      362      201      424      382      186      84       209      224      301      126      
12       168      127      182      104      211      60       181      233      173      184      218      175      0        163      222      191      282      61       254      156      207      89       174      152      69       128      218      48       123      201      167      252      34       299      264      133      91       34       246      312      149      
13       329      40       342      60       358      189      342      395      30       208      347      321      163      0        339      122      437      145      417      41       303      183      320      309      94       282      58       202      224      260      237      327      161      345      326      173      239      136      400      458      237      
14       232      320      243      285      87       266      154      193      331      174      353      292      222      339      0        276      161      283      207      309      52       157      83       245      258      249      398      234      321      119      116      90       198      157      115      354      254      223      132      142      349      
15       351      139      366      119      322      244      333      390      94       109      407      366      191      122      276      0        409      212      411      81       229      147      287      339      135      318      161      240      298      169      159      236      166      238      228      268      283      156      371      412      318      
16       178      407      180      377      86       295      107      85       439      321      298      244      282      437      161      409      0        331      80       418      211      265      122      204      344      226      496      264      327      275      262      250      277      315      275      385      257      302      37       63       350      
17       192      105      203      99       266      45       226      272      165      232      203      176      61       145      283      212      331      0        293      155      267      145      231      169      76       140      191      68       85       257      223      311      90       355      321      73       96       74       297      367      106      
18       113      382      110      357      120      251      78       21       424      341      222      173      254      417      207      411      80       293      0        405      249      264      138      140      322      167      473      224      270      305      284      297      259      364      322      335      205      281      82       143      290      
19       325      61       339      56       336      195      327      383      22       168      358      326      156      41       309      81       418      155      405      0        269      156      298      308      87       282      91       201      239      222      202      290      146      305      288      197      242      125      380      433      255      
20       254      288      268      253      131      259      186      233      291      123      368      308      207      303      52       229      211      267      249      269      0        128      113      262      230      261      360      229      318      67       69       53       178      119      76       341      257      200      179      194      346      
21       211      162      227      127      180      149      185      242      178      100      293      241      89       183      157      147      265      145      264      156      128      0        143      205      102      190      241      128      211      112      78       166      55       210      176      219      167      73       227      277      238      
22       149      292      160      261      38       204      73       120      319      204      271      210      174      320      83       287      122      231      138      298      113      143      0        163      228      170      379      172      253      167      147      165      161      232      189      296      182      187      84       138      280      
23       27       271      35       254      179      123      105      124      324      304      108      47       152      309      245      339      204      169      140      308      262      205      163      0        221      29       359      107      131      293      262      316      172      379      337      198      73       186      181      258      150      
24       238      64       252      34       266      110      247      300      103      166      275      239      69       94       258      135      344      76       322      87       230      102      228      221      0        195      152      114      162      202      173      265      67       298      270      139      155      42       307      367      183      
25       55       243      64       227      191      94       122      149      297      290      107      51       128      282      249      318      226      140      167      282      261      190      170      29       195      0        331      81       103      285      253      314      152      375      333      169      44       162      199      276      125      
26       380      90       393      118      417      236      398      451      70       259      386      366      218      58       398      161      496      191      473      91       360      241      379      359      152      331      0        253      261      314      293      382      219      395      379      200      287      194      458      516      269      
27       127      164      140      146      204      32       158      203      216      227      169      126      48       202      234      240      264      68       224      201      229      128      172      107      114      81       253      0        88       236      201      279      78       332      294      124      43       83       231      303      117      
28       158      184      164      184      281      62       221      253      247      307      124      115      123      224      321      298      327      85       270      239      318      211      253      131      162      103      261      88       0        322      288      368      157      420      382      70       72       150      298      374      28       
29       291      252      305      218      192      260      235      287      243      60       392      335      201      260      119      169      275      257      305      222      67       112      167      293      202      285      314      236      322      0        34       68       167      98       68       330      271      183      242      261      350      
30       261      226      276      191      176      226      211      265      224      59       359      303      167      237      116      159      262      223      284      202      69       78       147      262      173      253      293      201      288      34       0        92       133      132      98       297      237      150      227      256      315      
31       308      318      321      283      177      307      238      282      311      126      421      362      252      327      90       236      250      311      297      290      53       166      165      316      265      314      382      279      368      68       92       0        220      67       25       385      308      240      222      222      396      
32       185      131      200      100      199      95       182      237      165      150      248      201      34       161      198      166      277      90       259      146      178      55       161      172      67       152      219      78       157      167      133      220      0        265      231      164      120      26       239      300      184      
33       373      344      386      310      244      357      305      349      325      138      483      424      299      345      157      238      315      355      364      305      119      210      232      379      298      375      395      332      420      98       132      67       265      0        43       429      365      281      289      282      447      
34       330      320      343      286      202      320      262      307      309      120      441      382      264      326      115      228      275      321      322      288      76       176      189      337      270      333      379      294      382      68       98       25       231      43       0        395      325      249      248      246      410      
35       224      137      232      148      328      91       277      315      200      303      190      186      133      173      354      268      385      73       335      197      341      219      296      198      139      169      200      124      70       330      297      385      164      429      395      0        129      147      353      426      69       
36       97       199      108      186      209      50       150      186      255      267      127      84       91       239      254      283      257      96       205      242      257      167      182      73       155      44       287      43       72       271      237      308      120      365      325      129      0        126      227      302      98       
37       200      105      215      76       225      90       205      259      143      158      251      209      34       136      223      156      302      74       281      125      200      73       187      186      42       162      194      83       150      183      150      240      26       281      249      147      126      0        265      326      175      
38       157      370      161      340      50       262      77       76       401      286      281      224      246      400      132      371      37       297      82       380      179      227      84       181      307      199      458      231      298      242      227      222      239      289      248      353      227      265      0        77       323      
39       234      431      237      399      101      335      154      146      455      314      357      301      312      458      142      412      63       367      143      433      194      277      138      258      367      276      516      303      374      261      256      222      300      282      246      426      302      326      77       0        399      
40       177      198      182      202      307      89       245      273      262      333      121      126      149      237      349      318      350      106      290      255      346      238      280      150      183      125      269      117      28       350      315      396      184      447      410      69       98       175      323      399      0        
;



Table delta(i,j)                 Distance
         0        1        2        3        4        5        6        7        8        9        10       11       12       13       14       15       16       17       18       19       20       21       22       23       24       25       26       27       28       29       30       31       32       33       34       35       36       37       38       39       40       
0        0        15510    5400     5460     14880    16740    12180    20010    16200    16680    16560    16080    13080    17610    17400    18660    19800    5220     15900    18390    24150    2190     4650     12870    5370     27420    13950    18750    14910    20340    19080    8100     8760     14010    14340    17190    18660    16200    8970     8490     21930    
1        15510    0        339      434      1011     987      921      1118     869      1006     1066     836      905      1103     317      1138     495      345      545      871      1255     590      641      905      372      1318     840      1142     26       450      416      321      471      50       988      1090     687      494      807      680      1209     
2        5400     339      0        183      672      680      586      803      608      713      732      627      580      763      426      802      536      46       453      649      964      252      320      577      113      1028     555      804      318      575      531      172      290      288      650      752      575      442      469      375      883      
3        5460     434      183      0        635      740      520      846      717      572      658      446      613      724      598      734      719      138      632      782      822      238      229      604      74       1096     647      742      421      501      459      121      118      389      628      696      747      625      459      463      900      
4        14880    1011     672      635      0        364      141      362      540      428      151      676      246      91       1013     168      1030     670      843      664      569      422      410      227      665      629      450      158      990      1122     1084     750      698      961      55       102      859      887      209      432      330      
5        16740    987      680      740      364      0        457      136      217      771      516      956      150      397      874      515      829      702      629      334      933      505      575      168      732      355      168      498      962      1236     1192     822      842      940      310      453      591      689      332      307      261      
6        12180    921      586      520      141      457      0        485      596      313      147      536      315      214      962      217      1003     576      830      715      499      335      291      294      560      756      500      222      902      994      957      639      570      871      169      175      869      865      182      427      469      
7        20010    1118     803      846      362      136      485      0        340      790      504      1012     232      362      1011     482      964      822      763      446      919      607      660      243      845      272      304      462      1093     1346     1303     936      940      1070     317      429      718      825      405      437      136      
8        16200    869      608      717      540      217      596      340      0        900      688      1025     293      592      702      704      632      641      434      124      1093     511      613      313      688      458      95       689      843      1183     1139     772      832      825      485      639      377      498      427      256      474      
9        16680    1006     713      572      428      771      313      790      900      0        307      321      628      458      1134     370      1214     683      1067     1015     251      509      401      607      638      1057     804      391      993      932      904      686      556      961      473      389      1131     1088     473      697      751      
10       16560    1066     732      658      151      516      147      504      688      307      0        596      395      152      1107     80       1143     721      964      812      418      482      430      375      702      762      597      94       1048     1116     1080     778      696      1017     206      81       993      1003     312      555      448      
11       16080    836      627      446      676      956      536      1012     1025     321      596      0        806      733      1043     670      1163     584      1060     1121     499      530      416      788      520      1285     934      688      831      650      629      526      367      800      705      671      1159     1062     624      780      1006     
12       13080    905      580      613      246      150      315      232      293      628      395      806      0        305      839      412      825      595      629      417      804      374      432      20       614      492      204      398      881      1114     1071     706      708      856      191      346      625      681      182      239      303      
13       17610    1103     763      724      91       397      214      362      592      458      152      733      305      0        1100     121      1111     761      921      716      558      514      496      288      755      612      508      102      1082     1207     1168     839      782      1052     125      70       929      968      299      512      296      
14       17400    317      426      598      1013     874      962      1011     702      1134     1107     1043     839      1100     0        1166     178      463      288      664      1384     639      734      846      523      1159     708      1163     300      767      731      526      682      312      975      1107     418      223      804      600      1126     
15       18660    1138     802      734      168      515      217      482      704      370      80       670      412      121      1166     0        1192     793      1009     828      440      550      506      393      776      727      616      22       1119     1196     1160     854      776      1088     221      65       1027     1051     363      597      407      
16       19800    495      536      719      1030     829      1003     964      632      1214     1143     1163     825      1111     178      1192     0        580      200      566      1459     705      814      836      646      1074     662      1186     476      942      905      667      817      485      985      1130     286      143      831      599      1090     
17       5220     345      46       138      670      702      576      822      641      683      721      584      595      761      463      793      580      0        500      688      935      247      299      590      67       1053     584      797      326      542      498      132      244      295      651      745      621      488      471      402      895      
18       15900    545      453      632      843      629      830      763      434      1067     964      1060     629      921      288      1009     200      500      0        379      1305     561      677      642      567      882      461      1001     520      958      917      614      744      517      796      945      142      67       652      412      889      
19       18390    871      649      782      664      334      715      446      124      1015     812      1121     417      716      664      828      566      688      379      0        1214     596      706      437      742      508      215      814      845      1222     1178     820      899      832      609      763      289      446      542      342      582      
20       24150    1255     964      822      569      933      499      919      1093     251      418      499      804      558      1384     440      1459     935      1305     1214     0        753      650      784      889      1167     999      462      1243     1146     1122     934      797      1211     623      490      1359     1330     679      918      847      
21       2190     590      252      238      422      505      335      607      511      509      482      530      374      514      639      550      705      247      561      596      753      0        118      366      248      860      429      552      570      739      697      338      337      540      405      500      640      579      227      256      664      
22       4650     641      320      229      410      575      291      660      613      401      430      416      432      496      734      506      814      299      677      706      650      118      0        418      272      924      525      513      624      714      674      348      291      593      407      466      758      692      256      364      695      
23       12870    905      577      604      227      168      294      243      313      607      375      788      20       288      846      393      836      590      642      437      784      366      418      0        608      507      223      380      881      1105     1063     699      697      856      172      327      641      693      166      245      305      
24       5370     372      113      74       665      732      560      845      688      638      702      520      614      755      523      776      646      67       567      742      889      248      272      608      0        1086     624      782      357      504      461      91       176      325      651      733      686      556      475      440      910      
25       27420    1318     1028     1096     629      355      756      272      458      1057     762      1285     492      612      1159     727      1074     1053     882      508      1167     860      924      507      1086     0        478      705      1293     1590     1547     1176     1197     1273     587      682      796      949      672      652      321      
26       13950    840      555      647      450      168      500      304      95       804      597      934      204      508      708      616      662      584      461      215      999      429      525      223      624      478      0        603      815      1126     1082     712      758      795      395      551      432      521      331      184      428      
27       18750    1142     804      742      158      498      222      462      689      391      94       688      398      102      1163     22       1186     797      1001     814      462      552      513      380      782      705      603      0        1122     1207     1171     861      786      1092     209      56       1017     1044     359      589      385      
28       14910    26       318      421      990      962      902      1093     843      993      1048     831      881      1082     300      1119     476      326      520      845      1243     570      624      881      357      1293     815      1122     0        467      431      311      464      31       966      1070     662      470      785      655      1185     
29       20340    450      575      501      1122     1236     994      1346     1183     932      1116     650      1114     1207     767      1196     942      542      958      1222     1146     739      714      1105     504      1590     1126     1207     467      0        43       414      424      457      1121     1168     1098     919      959      943      1401     
30       19080    416      531      459      1084     1192     957      1303     1139     904      1080     629      1071     1168     731      1160     905      498      917      1178     1122     697      674      1063     461      1547     1082     1171     431      43       0        371      386      420      1082     1131     1056     879      918      899      1360     
31       8100     321      172      121      750      822      639      936      772      686      778      526      706      839      526      854      667      132      614      820      934      338      348      699      91       1176     712      861      311      414      371      0        158      279      739      814      742      594      564      528      1001     
32       8760     471      290      118      698      842      570      940      832      556      696      367      708      782      682      776      817      244      744      899      797      337      291      697      176      1197     758      786      464      424      386      158      0        433      698      745      862      732      542      576      984      
33       14010    50       288      389      961      940      871      1070     825      961      1017     800      856      1052     312      1088     485      295      517      832      1211     540      593      856      325      1273     795      1092     31       457      420      279      433      0        938      1040     659      469      757      632      1160     
34       14340    988      650      628      55       310      169      317      485      473      206      705      191      125      975      221      985      651      796      609      623      405      407      172      651      587      395      209      966      1121     1082     739      698      938      0        155      808      842      181      386      302      
35       17190    1090     752      696      102      453      175      429      639      389      81       671      346      70       1107     65       1130     745      945      763      490      500      466      327      733      682      551      56       1070     1168     1131     814      745      1040     155      0        962      987      302      533      366      
36       18660    687      575      747      859      591      869      718      377      1131     993      1159     625      929      418      1027     286      621      142      289      1359     640      758      641      686      796      432      1017     662      1098     1056     742      862      659      808      962      0        198      686      442      851      
37       16200    494      442      625      887      689      865      825      498      1088     1003     1062     681      968      223      1051     143      488      67       446      1330     579      692      693      556      949      521      1044     470      919      879      594      732      469      842      987      198      0        690      456      948      
38       8970     807      469      459      209      332      182      405      427      473      312      624      182      299      804      363      831      471      652      542      679      227      256      166      475      672      331      359      785      959      918      564      542      757      181      302      686      690      0        244      442      
39       8490     680      375      463      432      307      427      437      256      697      555      780      239      512      600      597      599      402      412      342      918      256      364      245      440      652      184      589      655      943      899      528      576      632      386      533      442      456      244      0        535      
40       21930    1209     883      900      330      261      469      136      474      751      448      1006     303      296      1126     407      1090     895      889      582      847      664      695      305      910      321      428      385      1185     1401     1360     1001     984      1160     302      366      851      948      442      535      0        
;

