
sets
i        orders          /0*40/
k        routes          /1*40/
p        positions       /0*40/
;

alias(i,j)
alias(i,h)
alias(i,hh)
alias(i,jj)
alias(k,kk)
                
                    Parameters

rho(i)	Processing time
/
0	0
1	11
2	52
3	26
4	1
5	28
6	56
7	61
8	18
9	18
10	95
11	39
12	72
13	92
14	34
15	47
16	39
17	78
18	49
19	32
20	22
21	80
22	76
23	72
24	78
25	44
26	4
27	18
28	85
29	27
30	90
31	87
32	17
33	55
34	61
35	14
36	36
37	57
38	68
39	24
40	59
/

gamma(i)	Duedate
/
0	0
1	73
2	82
3	19
4	30
5	82
6	65
7	98
8	29
9	27
10	62
11	89
12	36
13	11
14	12
15	66
16	78
17	64
18	64
19	75
20	52
21	5
22	15
23	17
24	65
25	94
26	63
27	45
28	3
29	64
30	20
31	15
32	78
33	97
34	16
35	62
36	66
37	82
38	27
39	34
40	12
/

sigma(i)	Size
/
0	0
1	8
2	5
3	6
4	2
5	2
6	6
7	4
8	7
9	9
10	1
11	6
12	9
13	7
14	1
15	8
16	8
17	7
18	8
19	4
20	1
21	7
22	1
23	9
24	6
25	8
26	5
27	7
28	6
29	6
30	3
31	6
32	3
33	6
34	9
35	6
36	8
37	5
38	1
39	4
40	5
/

epsilon(i)	Priority
/
0	0
1	9
2	7
3	6
4	6
5	5
6	3
7	5
8	5
9	6
10	1
11	1
12	1
13	8
14	2
15	2
16	6
17	7
18	1
19	1
20	9
21	4
22	5
23	3
24	1
25	5
26	8
27	2
28	9
29	1
30	6
31	3
32	3
33	2
34	5
35	7
36	4
37	1
38	5
39	1
40	3
/

psi	Vehicle Capacity
/ 27 /
;

Table kappa(i,j)                 Setup
         0        1        2        3        4        5        6        7        8        9        10       11       12       13       14       15       16       17       18       19       20       21       22       23       24       25       26       27       28       29       30       31       32       33       34       35       36       37       38       39       40       
0        0        138      366      691      435      199      565      303      705      340      655      343      209      205      477      581      90       647      290      185      155      410      541      381      607      127      498      51       326      298      603      152      220      580      381      376      669      246      638      257      546      
1        138      0        482      754      415      333      621      351      837      439      751      462      341      342      525      717      141      722      427      230      292      306      617      496      707      64       530      189      330      376      663      134      234      717      495      454      734      297      723      324      684      
2        366      482      0        414      457      196      330      580      378      84       305      28       178      279      296      306      343      343      254      290      292      627      254      15       254      492      358      325      357      170      347      514      332      314      470      165      386      255      314      521      359      
3        691      754      414      0        450      588      134      965      576      377      211      441      571      682      232      614      623      83       668      525      681      726      161      403      236      793      254      670      451      393      90       840      523      628      884      316      28       457      137      908      722      
4        435      415      457      450      0        482      327      737      816      373      556      462      472      563      243      763      344      462      609      264      529      280      387      461      535      474      197      450      119      290      370      541      217      772      783      305      443      236      492      692      805      
5        199      333      196      588      482      0        482      385      506      211      502      168      18       95       416      383      219      527      128      230      96       558      427      211      451      325      461      149      363      226      510      332      284      383      316      283      562      246      504      326      363      
6        565      621      330      134      327      482      0        847      579      274      248      353      464      577      97       583      493      135      576      393      570      598      98       322      245      662      129      548      317      270      45       712      389      596      790      199      120      325      174      792      672      
7        303      351      580      965      737      385      847      0        818      590      886      552      402      304      767      666      393      908      365      487      288      655      806      595      835      288      796      303      629      577      881      220      523      659      255      650      940      544      889      58       573      
8        705      837      378      576      816      506      579      818      0        455      366      388      496      537      603      154      707      494      457      668      577      1005     481      369      342      831      669      656      729      545      566      834      710      165      603      512      552      633      439      764      280      
9        340      439      84       377      373      211      274      590      455      0        314      94       193      305      223      390      298      318      303      227      304      553      216      88       268      460      280      308      275      89       299      492      261      399      516      85       351      180      301      533      441      
10       655      751      305      211      556      502      248      886      366      314      0        333      484      584      313      420      610      132      546      527      598      807      169      290      51       774      369      620      511      376      220      807      546      435      756      303      188      465      79       827      539      
11       343      462      28       441      462      168      353      552      388      94       333      0        151      251      314      304      325      371      227      280      264      619      280      42       282      470      373      301      357      172      372      490      323      312      443      179      413      250      342      493      347      
12       209      341      178      571      472      18       464      402      496      193      484      151      0        112      400      376      222      509      137      225      114      558      409      194      433      336      446      160      354      211      492      345      279      377      331      266      544      236      486      344      363      
13       205      342      279      682      563      95       577      304      537      305      584      251      112      0        511      397      261      618      87       302      50       605      520      293      532      316      556      156      443      321      604      302      354      394      223      379      655      330      592      246      344      
14       477      525      296      232      243      416      97       767      603      223      313      314      400      511      0        581      401      223      523      300      498      505      144      293      295      568      66       464      220      192      142      620      292      592      731      137      217      232      249      712      654      
15       581      717      306      614      763      383      583      666      154      390      420      304      376      397      581      0        597      530      313      575      441      918      487      302      381      704      647      530      662      476      581      699      623      15       449      464      587      554      480      614      134      
16       90       141      343      623      344      219      493      393      707      298      610      325      222      261      401      597      0        586      335      101      214      344      481      357      566      169      416      114      236      237      533      219      130      599      459      316      602      168      584      348      583      
17       647      722      343      83       462      527      135      908      494      318      132      371      509      618      223      530      586      0        598      492      621      729      105      331      153      755      265      621      440      350      96       798      498      545      813      271      58       425      54       850      639      
18       290      427      254      668      609      128      576      365      457      303      546      227      137      87       523      313      335      598      0        358      136      679      507      266      494      403      574      239      491      342      598      389      412      309      215      386      641      373      566      309      257      
19       185      230      290      525      264      230      393      487      668      227      527      280      225      302      300      575      101      492      358      0        265      342      388      302      486      268      315      188      147      150      434      321      53       580      519      226      505      68       494      438      584      
20       155      292      292      681      529      96       570      288      577      304      598      264      114      50       498      441      214      621      136      265      0        557      520      307      547      266      537      107      410      305      600      257      316      439      254      370      655      301      600      230      394      
21       410      306      627      726      280      558      598      655      1005     553      807      619      558      605      505      918      344      729      679      342      557      0        642      636      776      367      472      452      296      464      642      435      295      922      790      516      717      372      752      630      921      
22       541      617      254      161      387      427      98       806      481      216      169      280      409      520      144      487      481      105      507      388      520      642      0        243      154      650      202      516      348      244      97       692      397      500      723      165      135      321      110      749      580      
23       381      496      15       403      461      211      322      595      369      88       290      42       194      293      293      302      357      331      266      302      307      636      243      0        239      506      355      340      363      177      338      529      342      311      482      164      375      264      300      536      361      
24       607      707      254      236      535      451      245      835      342      268      51       282      433      532      295      381      566      153      494      486      547      776      154      239      0        728      356      572      480      335      225      759      508      396      705      265      211      426      99       776      496      
25       127      64       492      793      474      325      662      288      831      460      774      470      336      316      568      704      169      755      403      268      266      367      650      506      728      0        578      175      383      406      702      70       282      703      446      485      772      336      752      263      660      
26       498      530      358      254      197      461      129      796      669      280      369      373      446      556      66       647      416      265      574      315      537      472      202      355      356      578      0        492      206      235      172      635      296      658      778      194      245      252      299      743      716      
27       51       189      325      670      450      149      548      303      656      308      620      301      160      156      464      530      114      621      239      188      107      452      516      340      572      175      492      0        335      277      584      189      232      529      345      354      647      241      609      251      495      
28       326      330      357      451      119      363      317      629      729      275      511      357      354      443      220      662      236      440      491      147      410      296      348      363      480      383      206      335      0        186      362      446      105      669      664      223      437      118      458      582      694      
29       298      376      170      393      290      226      270      577      545      89       376      172      211      321      192      476      237      350      342      150      305      464      244      177      335      406      235      277      186      0        306      448      176      483      542      79       370      94       346      522      515      
30       603      663      347      90       370      510      45       881      566      299      220      372      492      604      142      581      533      96       598      434      600      642      97       338      225      702      172      584      362      306      0        751      432      594      813      231      75       366      142      824      677      
31       152      134      514      840      541      332      712      220      834      492      807      490      345      302      620      699      219      798      389      321      257      435      692      529      759      70       635      189      446      448      751      0        342      696      399      527      818      387      790      200      642      
32       220      234      332      523      217      284      389      523      710      261      546      323      279      354      292      623      130      498      412      53       316      295      397      342      508      282      296      232      105      176      432      342      0        629      569      243      505      82       506      477      636      
33       580      717      314      628      772      383      596      659      165      399      435      312      377      394      592      15       599      545      309      580      439      922      500      311      396      703      658      529      669      483      594      696      629      0        438      474      601      560      494      608      120      
34       381      495      470      884      783      316      790      255      603      516      756      443      331      223      731      449      459      813      215      519      254      790      723      482      705      446      778      345      664      542      813      399      569      438      0        595      857      552      780      222      336      
35       376      454      165      316      305      283      199      650      512      85       303      179      266      379      137      464      316      271      386      226      370      516      165      164      265      485      194      354      223      79       231      527      243      474      595      0        293      162      268      593      524      
36       669      734      386      28       443      562      120      940      552      351      188      413      544      655      217      587      602      58       641      505      655      717      135      375      211      772      245      647      437      370      75       818      505      601      857      293      0        437      112      883      694      
37       246      297      255      457      236      246      325      544      633      180      465      250      236      330      232      554      168      425      373      68       301      372      321      264      426      336      252      241      118      94       366      387      82       560      552      162      437      0        429      493      578      
38       638      723      314      137      492      504      174      889      439      301      79       342      486      592      249      480      584      54       566      494      600      752      110      300      99       752      299      609      458      346      142      790      506      494      780      268      112      429      0        830      591      
39       257      324      521      908      692      326      792      58       764      533      827      493      344      246      712      614      348      850      309      438      230      630      749      536      776      263      743      251      582      522      824      200      477      608      222      593      883      493      830      0        526      
40       546      684      359      722      805      363      672      573      280      441      539      347      363      344      654      134      583      639      257      584      394      921      580      361      496      660      716      495      694      515      677      642      636      120      336      524      694      578      591      526      0        
;



Table delta(i,j)                 Distance
         0        1        2        3        4        5        6        7        8        9        10       11       12       13       14       15       16       17       18       19       20       21       22       23       24       25       26       27       28       29       30       31       32       33       34       35       36       37       38       39       40       
0        0        1610     770      2280     1440     2210     350      650      570      1730     2100     1540     1910     2090     510      1340     1360     2690     1600     1160     680      2270     890      1190     1220     1420     2800     1240     1360     440      440      2680     2160     1230     1800     1680     1480     2430     830      1140     1090     
1        1610     0        83       363      286      81       186      220      152      278      243      228      348      322      163      250      153      427      321      277      207      70       240      277      39       300      288      145      75       201      185      283      57       215      328      145      112      401      229      147      268      
2        770      83       0        288      211      147      103      139      77       213      208      172      265      255      90       183      117      344      237      193      127      149      160      195      44       217      269      111      80       119      106      260      140      156      248      132      102      318      151      100      186      
3        2280     363      288      0        256      391      193      217      211      100      208      160      99       66       270      298      235      122      161      147      162      412      224      197      325      119      261      349      362      218      245      246      420      317      60       270      282      116      237      228      189      
4        1440     286      211      256      0        358      149      82       196      258      335      268      169      275      123      59       277      225      102      112      165      357      57       60       253      137      407      172      233      102      105      393      334      98       196      311      293      200      61       255      71       
5        2210     81       147      391      358      0        238      286      194      296      230      238      395      340      236      327      158      472      379      331      252      36       308      341      106      350      256      226      155      265      254      255      80       293      367      131      110      449      299      163      330      
6        350      186      103      193      149      238      0        67       50       140      190      128      162      175      83       152      128      241      140      92       33       248      91       110      146      114      261      159      170      50       66       249      243      149      147      164      151      215      91       107      97       
7        650      220      139      217      82       286      67       0        114      192      256      192      154      218      66       89       195      228      106      76       89       288      24       57       183      106      328      141      181      21       38       315      273      100      160      229      212      201      25       173      50       
8        570      152      77       211      196      194      50       114      0        136      154      103      201      177      106      191      80       278      188      138      58       208      138      160      113      155      223      167      156      94       101      212      210      180      176      115      101      254      136      59       147      
9        1730     278      213      100      258      296      140      192      136      0        112      60       154      43       223      281      138      210      189      150      108      320      208      200      243      138      174      297      292      182      205      159      334      287      106      171      186      195      216      134      187      
10       2100     243      208      208      335      230      190      256      154      112      0        68       264      142      260      342      93       322      288      241      169      262      278      284      218      239      72       316      285      240      253      58       289      334      217      100      131      307      281      108      270      
11       1540     228      172      160      268      238      128      192      103      60       68       0        200      102      205      280      80       264      220      173      103      264      213      216      195      172      139      270      252      177      194      125      281      277      155      111      128      246      217      80       203      
12       1910     348      265      99       169      395      162      154      201      154      264      200      0        145      218      219      255      78       67       78       143      409      151      115      309      49       328      295      327      163      190      313      405      246      49       295      295      53       166      240      111      
13       2090     322      255      66       275      340      175      218      177      43       142      102      145      0        257      306      181      187      193      163      141      364      231      215      286      144      195      333      333      212      237      180      378      317      96       213      229      176      241      178      204      
14       510      163      90       270      123      236      83       66       106      223      260      205      218      257      0        94       181      293      172      139      116      233      80       121      130      169      329      79       115      54       28       318      212      74       217      208      183      267      68       160      116      
15       1340     250      183      298      59       327      152      89       191      281      342      280      219      306      94       0        271      281      155      151      178      320      75       104      221      179      413      120      187      102      89       400      292      42       238      300      277      255      65       249      110      
16       1360     153      117      235      277      158      128      195      80       138      93       80       255      181      181      271      0        328      258      207      123      184      219      237      126      217      152      227      191      175      181      143      204      256      219      39       48       307      217      21       223      
17       2690     427      344      122      225      472      241      228      278      210      322      264      78       187      293      281      328      0        127      154      221      487      222      181      387      127      381      369      404      239      265      366      484      314      109      366      369      26       237      314      181      
18       1600     321      237      161      102      379      140      106      188      189      288      220      67       193      172      155      258      127      0        50       135      386      95       54       282      51       358      244      287      121      144      343      376      186      102      296      289      101      110      239      56       
19       1160     277      193      147      112      331      92       76       138      150      241      173      78       163      139      151      207      154      50       0        84       340      78       52       237      30       312      217      250      85       111      298      333      173      87       246      239      128      92       188      42       
20       680      207      127      162      165      252      33       89       58       108      169      103      143      141      116      178      123      221      135      84       0        266      110      117      168      98       241      192      199      76       97       227      265      180      120      161      155      196      114      104      103      
21       2270     70       149      412      357      36       248      288      208      320      262      264      409      364      233      320      184      487      386      340      266      0        309      345      105      362      291      211      139      269      254      290      47       284      383      161      136      462      299      186      335      
22       890      240      160      224      57       308      91       24       138      208      278      213      151      231      80       75       219      222      95       78       110      309      0        42       204      108      350      149      196      45       55       337      292      95       164      253      236      195      15       197      40       
23       1190     277      195      197      60       341      110      57       160      200      284      216      115      215      121      104      237      181      54       52       117      345      42       0        240      77       356      191      237      76       94       342      330      132      136      274      261      154      57       216      13       
24       1220     39       44       325      253      106      146      183      113      243      218      195      309      286      130      221      126      387      282      237      168      105      204      240      0        260      270      129      71       163      149      264      97       189      288      127      93       362      194      116      230      
25       1420     300      217      119      137      350      114      106      155      138      239      172      49       144      169      179      217      127      51       30       98       362      108      77       260      0        308      247      277      114      141      293      357      203      59       256      253      101      122      200      69       
26       2800     288      269      261      407      256      261      328      223      174      72       139      328      195      329      413      152      381      358      312      241      291      350      356      270      308      0        379      340      311      324      15       326      403      280      143      177      369      353      171      342      
27       1240     145      111      349      172      226      159      141      167      297      316      270      295      333      79       120      227      369      244      217      192      211      149      191      129      247      379      0        73       133      106      370      177      79       296      244      212      343      134      208      188      
28       1360     75       80       362      233      155      170      181      156      292      285      252      327      333      115      187      191      404      287      250      199      139      196      237      71       277      340      73       0        165      142      333      105      148      317      197      164      378      183      178      231      
29       440      201      119      218      102      265      50       21       94       182      240      177      163      212      54       102      175      239      121      85       76       269      45       76       163      114      311      133      165      0        27       299      255      105      163      209      191      213      42       153      67       
30       440      185      106      245      105      254      66       38       101      205      253      194      190      237      28       89       181      265      144      111      97       254      55       94       149      141      324      106      142      27       0        312      236      83       190      212      190      238      45       159      88       
31       2680     283      260      246      393      255      249      315      212      159      58       125      313      180      318      400      143      366      343      298      227      290      337      342      264      293      15       370      333      299      312      0        324      392      265      138      171      354      340      161      328      
32       2160     57       140      420      334      80       243      273      210      334      289      281      405      378      212      292      204      484      376      333      265      47       292      330      97       357      326      177      105      255      236      324      0        253      385      189      159      458      280      201      322      
33       1230     215      156      317      98       293      149      100      180      287      334      277      246      317      74       42       256      314      186      173      180      284      95       132      189      203      403      79       148      105      83       392      253      0        259      282      255      287      81       234      135      
34       1800     328      248      60       196      367      147      160      176      106      217      155      49       96       217      238      219      109      102      87       120      383      164      136      288      59       280      296      317      163      190      265      385      259      0        257      261      90       178      206      128      
35       1680     145      132      270      311      131      164      229      115      171      100      111      295      213      208      300      39       366      296      246      161      161      253      274      127      256      143      244      197      209      212      138      189      282      257      0        33       346      251      58       261      
36       1480     112      102      282      293      110      151      212      101      186      131      128      295      229      183      277      48       369      289      239      155      136      236      261      93       253      177      212      164      191      190      171      159      255      261      33       0        347      232      55       248      
37       2430     401      318      116      200      449      215      201      254      195      307      246      53       176      267      255      307      26       101      128      196      462      195      154      362      101      369      343      378      213      238      354      458      287      90       346      347      0        210      292      154      
38       830      229      151      237      61       299      91       25       136      216      281      217      166      241      68       65       217      237      110      92       114      299      15       57       194      122      353      134      183      42       45       340      280      81       178      251      232      210      0        196      55       
39       1140     147      100      228      255      163      107      173      59       134      108      80       240      178      160      249      21       314      239      188      104      186      197      216      116      200      171      208      178      153      159      161      201      234      206      58       55       292      196      0        203      
40       1090     268      186      189      71       330      97       50       147      187      270      203      111      204      116      110      223      181      56       42       103      335      40       13       230      69       342      188      231      67       88       328      322      135      128      261      248      154      55       203      0        
;

