
sets
i        orders          /0*40/
k        routes          /1*40/
p        positions       /0*40/
;

alias(i,j)
alias(i,h)
alias(i,hh)
alias(i,jj)
alias(k,kk)
                
                    Parameters

rho(i)	Processing time
/
0	0
1	30
2	33
3	65
4	93
5	38
6	92
7	53
8	87
9	37
10	76
11	38
12	17
13	29
14	83
15	77
16	48
17	95
18	48
19	65
20	98
21	32
22	28
23	41
24	58
25	74
26	58
27	61
28	46
29	8
30	31
31	45
32	25
33	21
34	89
35	34
36	41
37	50
38	51
39	20
40	42
/

gamma(i)	Duedate
/
0	0
1	72
2	24
3	81
4	62
5	34
6	13
7	86
8	45
9	83
10	43
11	9
12	5
13	92
14	12
15	55
16	45
17	11
18	19
19	30
20	97
21	22
22	6
23	16
24	77
25	81
26	61
27	86
28	54
29	49
30	78
31	2
32	13
33	95
34	10
35	2
36	88
37	21
38	25
39	83
40	26
/

sigma(i)	Size
/
0	0
1	8
2	1
3	8
4	4
5	2
6	7
7	4
8	5
9	7
10	8
11	2
12	1
13	9
14	4
15	6
16	6
17	8
18	9
19	4
20	8
21	6
22	3
23	3
24	5
25	3
26	1
27	9
28	1
29	6
30	1
31	5
32	4
33	3
34	5
35	5
36	8
37	8
38	6
39	2
40	1
/

epsilon(i)	Priority
/
0	0
1	3
2	9
3	4
4	3
5	3
6	9
7	7
8	4
9	5
10	3
11	9
12	6
13	1
14	5
15	6
16	2
17	1
18	9
19	2
20	6
21	7
22	6
23	4
24	3
25	1
26	8
27	3
28	5
29	7
30	7
31	1
32	4
33	4
34	4
35	5
36	3
37	6
38	4
39	1
40	2
/

psi	Vehicle Capacity
/ 23 /
;

Table kappa(i,j)                 Setup
         0        1        2        3        4        5        6        7        8        9        10       11       12       13       14       15       16       17       18       19       20       21       22       23       24       25       26       27       28       29       30       31       32       33       34       35       36       37       38       39       40       
0        0        140      420      357      657      229      636      316      539      280      426      386      313      765      386      510      437      280      696      689      90       530      688      73       379      590      510      731      290      317      713      334      681      276      751      348      324      442      251      283      673      
1        140      0        282      222      529      328      508      264      444      319      286      255      277      632      255      395      331      316      580      591      77       412      561      71       305      461      388      639      151      405      602      195      542      330      617      234      287      336      122      162      541      
2        420      282      0        155      359      598      248      313      415      483      81       72       349      356      67       197      199      542      454      521      339      199      301      347      282      200      284      583      152      662      490      87       260      511      339      152      436      199      217      225      270      
3        357      222      155      0        309      487      398      382      281      510      97       195      412      492      191      348      330      406      372      409      298      353      451      293      380      352      179      466      80       539      400      116      373      530      472      248      285      333      107      88       413      
4        657      529      359      309      0        738      478      665      233      814      288      431      699      487      426      525      554      618      116      227      606      516      511      599      641      452      153      286      388      765      157      393      351      836      464      508      461      553      408      373      457      
5        229      328      598      487      738      0        835      546      556      485      577      581      543      954      581      723      656      148      741      696      314      740      888      288      608      787      586      721      447      89       746      512      852      471      937      561      293      661      387      398      865      
6        636      508      248      398      478      835      0        414      619      606      305      253      448      138      254      150      233      789      593      691      547      126      53       563      346      48       476      753      399      905      634      327      156      641      133      293      683      228      463      473      51       
7        316      264      313      382      665      546      414      0        658      191      377      241      36       553      246      265      181      572      748      792      237      289      456      265      75       380      560      848      308      633      779      275      521      226      546      161      550      186      337      377      463      
8        539      444      415      281      233      556      619      658      0        761      334      471      685      669      466      611      607      419      190      149      519      611      664      501      661      580      143      195      350      565      190      397      530      775      646      530      263      609      330      288      614      
9        280      319      483      510      814      485      606      191      761      0        533      416      158      744      420      456      372      560      883      906      250      480      647      275      262      571      689      956      429      575      909      424      709      35       738      340      590      378      432      474      655      
10       426      286      81       97       288      577      305      377      334      533      0        147      411      394      142      277      280      503      377      440      355      277      356      356      355      260      203      501      136      634      411      109      277      558      374      221      382      280      190      183      316      
11       386      255      72       195      431      581      253      241      471      416      147      0        277      379      5        159      136      544      524      585      298      169      307      312      210      206      347      646      160      653      559      86       305      446      365      80       456      138      222      243      287      
12       313      277      349      412      699      543      448      36       685      158      411      277      0        586      282      298      215      578      780      821      241      322      489      270      104      415      590      876      335      631      811      307      557      193      581      197      565      220      360      401      497      
13       765      632      356      492      487      954      138      553      669      744      394      379      586      0        378      288      372      895      603      713      677      264      102      691      484      178      527      774      509      1019     644      442      139      779      23       427      776      366      572      575      93       
14       386      255      67       191      426      581      254      246      466      420      142      5        282      378      0        162      141      542      519      581      299      172      307      313      214      206      343      641      157      652      554      83       302      449      364      84       453      142      220      240      286      
15       510      395      197      348      525      723      150      265      611      456      277      159      298      288      162      0        84       698      632      711      420      24       192      440      196      121      477      773      319      799      670      245      276      491      283      162      615      78       381      402      200      
16       437      331      199      330      554      656      233      181      607      372      280      136      215      372      141      84       0        643      653      720      346      108      276      368      115      200      482      781      283      735      689      216      348      407      365      99       575      5        339      368      282      
17       280      316      542      406      618      148      789      572      419      560      503      544      578      895      542      698      643      0        607      553      337      712      843      308      621      741      469      575      390      147      609      463      780      554      876      544      157      648      325      321      812      
18       696      580      454      372      116      741      593      748      190      883      377      524      780      603      519      632      653      607      0        120      658      624      627      646      732      565      193      174      453      755      41       473      467      902      580      598      451      653      458      418      573      
19       689      591      521      409      227      696      691      792      149      906      440      585      821      713      581      711      720      553      120      0        666      706      729      650      786      658      237      62       485      696      88       522      575      921      690      652      404      721      473      431      676      
20       90       77       339      298      606      314      547      237      519      250      355      298      241      677      299      420      346      337      658      666      0        439      599      29       294      501      466      714      223      398      680      255      598      258      664      258      341      352      200      239      584      
21       530      412      199      353      516      740      126      289      611      480      277      169      322      264      172      24       108      712      624      706      439      0        168      459      220      98       474      769      329      816      663      255      255      515      259      181      625      102      392      411      176      
22       688      561      301      451      511      888      53       456      664      647      356      307      489      102      307      192      276      843      627      729      599      168      0        615      385      101      520      791      452      958      668      381      170      682      106      343      736      270      517      526      54       
23       73       71       347      293      599      288      563      265      501      275      356      312      270      691      313      440      368      308      646      650      29       459      615      0        321      517      456      696      222      372      666      261      608      280      677      277      315      374      191      228      599      
24       379      305      282      380      641      608      346      75       661      262      355      210      104      484      214      196      115      621      732      786      294      220      385      321      0        314      550      845      314      693      766      264      462      297      479      134      582      119      355      392      396      
25       590      461      200      352      452      787      48       380      580      571      260      206      415      178      206      121      200      741      565      658      501      98       101      517      314      0        438      721      350      857      606      279      158      605      168      249      636      195      415      425      85       
26       510      388      284      179      153      586      476      560      143      689      203      347      590      527      343      477      482      469      193      237      466      474      520      456      550      438      0        298      260      615      220      286      388      708      504      415      314      483      266      228      471      
27       731      639      583      466      286      721      753      848      195      956      501      646      876      774      641      773      781      575      174      62       714      769      791      696      845      721      298      0        541      713      136      580      636      970      751      712      432      782      525      482      738      
28       290      151      152      80       388      447      399      308      350      429      136      160      335      509      157      319      283      390      453      485      223      329      452      222      314      350      260      541      0        510      480      74       405      449      491      190      296      286      65       84       422      
29       317      405      662      539      765      89       905      633      565      575      634      653      631      1019     652      799      735      147      755      696      398      816      958      372      693      857      615      713      510      0        755      578      910      560      1001     639      305      740      447      451      932      
30       713      602      490      400      157      746      634      779      190      909      411      559      811      644      554      670      689      609      41       88       680      663      668      666      766      606      220      136      480      755      0        505      508      927      621      631      453      689      480      440      614      
31       334      195      87       116      393      512      327      275      397      424      109      86       307      442      83       245      216      463      473      522      255      255      381      261      264      279      286      580      74       578      505      0        347      449      425      132      370      219      138      157      353      
32       681      542      260      373      351      852      156      521      530      709      277      305      557      139      302      276      348      780      467      575      598      255      170      608      462      158      388      636      405      910      508      347      0        741      116      372      651      344      465      460      116      
33       276      330      511      530      836      471      641      226      775      35       558      446      193      779      449      491      407      554      902      921      258      515      682      280      297      605      708      970      449      560      927      449      741      0        772      371      594      412      447      489      689      
34       751      617      339      472      464      937      133      546      646      738      374      365      581      23       364      283      365      876      580      690      664      259      106      677      479      168      504      751      491      1001     621      425      116      772      0        417      755      360      554      555      83       
35       348      234      152      248      508      561      293      161      530      340      221      80       197      427      84       162      99       544      598      652      258      181      343      277      134      249      415      712      190      639      631      132      372      371      417      0        478      104      242      274      334      
36       324      287      436      285      461      293      683      550      263      590      382      456      565      776      453      615      575      157      451      404      341      625      736      315      582      636      314      432      296      305      453      370      651      594      755      478      0        579      236      213      698      
37       442      336      199      333      553      661      228      186      609      378      280      138      220      366      142      78       5        648      653      721      352      102      270      374      119      195      483      782      286      740      689      219      344      412      360      104      579      0        343      371      277      
38       251      122      217      107      408      387      463      337      330      432      190      222      360      572      220      381      339      325      458      473      200      392      517      191      355      415      266      525      65       447      480      138      465      447      554      242      236      343      0        42       487      
39       283      162      225      88       373      398      473      377      288      474      183      243      401      575      240      402      368      321      418      431      239      411      526      228      392      425      228      482      84       451      440      157      460      489      555      274      213      371      42       0        492      
40       673      541      270      413      457      865      51       463      614      655      316      287      497      93       286      200      282      812      573      676      584      176      54       599      396      85       471      738      422      932      614      353      116      689      83       334      698      277      487      492      0        
;



Table delta(i,j)                 Distance
         0        1        2        3        4        5        6        7        8        9        10       11       12       13       14       15       16       17       18       19       20       21       22       23       24       25       26       27       28       29       30       31       32       33       34       35       36       37       38       39       40       
0        0        2200     3840     2100     2630     2950     1900     2460     3030     3430     1840     2080     1870     3440     3400     2360     1640     450      1520     1640     2550     1750     1530     2800     2120     790      1460     1610     2620     2600     1330     3490     2000     2280     3070     1350     1960     3090     2190     1930     2480     
1        2200     0        281      266      338      192      314      254      402      351      184      152      54       310      441      86       312      266      367      94       303      92       373      418      319      245      317      193      285      397      118      255      385      230      313      94       38       285      4        231      42       
2        3840     281      0        227      257      94       309      172      314      175      202      177      328      107      337      197      338      418      465      242      217      232      494      374      291      341      366      228      185      360      368      34       420      175      163      336      313      122      285      214      245      
3        2100     266      227      0        72       175      82       55       136      133      82       125      278      150      174      206      110      227      244      172      46       173      278      167      69       140      141      75       55       148      273      196      192      58       100      249      273      116      268      35       260      
4        2630     338      257      72       0        227      85       100      66       111      154      193      350      158      103      276      121      270      257      245      43       246      297      117      58       186      155      147      75       103      341      232      183      117      98       319      345      134      340      107      330      
5        2950     192      94       175      227      0        255      127      292      186      122      87       235      128      324      106      276      332      392      147      183      137      417      339      244      262      300      149      153      321      273      63       362      117      155      241      222      115      196      150      160      
6        1900     314      309      82       85       255      0        137      113      191      146      193      312      225      150      270      36       190      173      220      102      224      212      105      26       110      70       126      128      83       289      279      110      139      168      272      311      193      315      106      316      
7        2460     254      172      55       100      127      137      0        166      104      77       102      277      100      200      182      165      269      297      168      57       165      330      212      120      184      195      88       31       195      285      142      247      24       65       257      269      64       257      52       239      
8        3030     402      314      136      66       292      113      166      0        148      219      260      410      209      39       342      143      301      263      308      109      310      305      73       92       224      172      209      139      72       396      291      174      184      151      376      407      192      404      171      396      
9        3430     351      175      133      111      186      191      104      148      0        182      200      379      68       165      272      227      360      365      270      92       266      403      218      165      273      261      192      81       209      390      161      294      128      40       362      370      71       355      152      331      
10       1840     184      202      82       154      122      146      77       219      182      0        47       201      165      257      125      160      215      269      92       119      92       294      245      143      140      180      26       105      224      207      168      244      53       142      180      194      130      187      47       177      
11       2080     152      177      125      193      87       193      102      260      200      47       0        180      166      297      82       207      245      310      74       154      67       333      290      189      178      226      71       133      270      201      143      291      79       160      171      170      136      155      91       137      
12       1870     54       328      278      350      235      312      277      410      379      201      180      0        345      449      131      304      231      339      109      319      112      339      417      322      228      303      203      306      395      67       299      369      252      339      52       16       316      51       244      96       
13       3440     310      107      150      158      128      225      100      209      68       165      166      345      0        231      225      258      369      393      240      123      233      428      274      202      284      290      183      96       261      367      93       334      116      60       337      333      35       314      152      283      
14       3400     441      337      174      103      324      150      200      39       165      257      297      449      231      0        379      178      336      289      347      144      348      331      86       131      261      204      248      171      93       435      318      196      220      176      415      446      218      443      210      434      
15       2360     86       197      206      276      106      270      182      342      272      125      82       131      225      379      0        278      279      363      71       236      60       379      370      269      231      292      144      213      350      177      169      360      160      234      146      116      203      90       172      58       
16       1640     312      338      110      121      276      36       165      143      227      160      207      304      258      178      278      0        158      137      221      137      227      176      117      63       86       33       136      161      97       274      306      85       163      203      260      305      225      313      126      320      
17       450      266      418      227      270      332      190      269      301      360      215      245      231      369      336      279      158      0        112      207      269      218      108      267      215      86       132      191      281      250      174      383      175      254      327      179      241      333      264      217      293      
18       1520     367      465      244      257      392      173      297      263      365      269      310      339      393      289      363      137      112      0        294      275      304      42       206      200      132      104      242      297      195      285      431      95       290      340      287      346      360      366      250      389      
19       1640     94       242      172      245      147      220      168      308      270      92       74       109      240      347      71       221      207      294      0        211      11       308      324      225      164      230      99       197      303      128      209      298      143      230      97       101      209      96       137      99       
20       2550     303      217      46       43       183      102      57       109      92       119      154      319      123      144      236      137      269      275      211      0        211      312      159      79       182      170      117      32       143      318      190      211      76       65       293      313      95       305      75       292      
21       1750     92       232      173      246      137      224      165      310      266      92       67       112      233      348      60       227      218      304      11       211      0        318      328      228      173      237      101      195      307      137      199      306      140      226      105      103      204      94       138      92       
22       1530     373      494      278      297      417      212      330      305      403      294      333      339      428      331      379      176      108      42       308      312      318      0        248      239      155      142      268      333      238      281      460      137      321      376      287      349      394      372      281      399      
23       2800     418      374      167      117      339      105      212      73       218      245      290      417      274      86       370      117      267      206      324      159      328      248      0        101      204      135      228      191      21       391      349      112      224      214      376      416      252      420      199      419      
24       2120     319      291      69       58       244      26       120      92       165      143      189      322      202      131      269      63       215      200      225      79       228      239      101      0        133      97       127      107      80       304      262      132      127      144      285      320      173      321      98       319      
25       790      245      341      140      186      262      110      184      224      273      140      178      228      284      261      231      86       86       132      164      182      173      155      204      133      0        76       113      195      184      190      307      141      171      240      180      231      249      245      132      261      
26       1460     317      366      141      155      300      70       195      172      261      180      226      303      290      204      292      33       132      104      230      170      237      142      135      97       76       0        154      193      117      266      334      68       191      235      257      306      257      318      152      329      
27       1610     193      228      75       147      149      126      88       209      192      26       71       203      183      248      144      136      191      242      99       117      101      268      228      127      113      154      0        111      207      200      194      220      67       153      175      198      148      195      42       191      
28       2620     285      185      55       75       153      128      31       139      81       105      133      306      96       171      213      161      281      297      197      32       195      333      191      107      195      193      111      0        175      311      158      239      54       45       285      299      65       288      71       271      
29       2600     397      360      148      103      321      83       195      72       209      224      270      395      261      93       350      97       250      195      303      143      307      238      21       80       184      117      207      175      0        370      333      103      205      201      354      395      237      398      179      398      
30       1330     118      368      273      341      273      289      285      396      390      207      201      67       367      435      177      274      174      285      128      318      137      281      391      304      190      266      200      311      370      0        336      328      261      350      31       81       335      115      243      157      
31       3490     255      34       196      232      63       279      142      291      161      168      143      299      93       318      169      306      383      431      209      190      199      460      349      262      307      334      194      158      333      336      0        389      142      141      305      285      99       259      181      220      
32       2000     385      420      192      183      362      110      247      174      294      244      291      369      334      196      360      85       175      95       298      211      306      137      112      132      141      68       220      239      103      328      389      0        248      276      321      373      304      386      211      398      
33       2280     230      175      58       117      117      139      24       184      128      53       79       252      116      220      160      163      254      290      143      76       140      321      224      127      171      191      67       54       205      261      142      248      0        88       233      244      80       233      39       217      
34       3070     313      163      100      98       155      168      65       151      40       142      160      339      60       176      234      203      327      340      230      65       226      376      214      144      240      235      153      45       201      350      141      276      88       0        322      330      42       316      114      293      
35       1350     94       336      249      319      241      272      257      376      362      180      171      52       337      415      146      260      179      287      97       293      105      287      376      285      180      257      175      285      354      31       305      321      233      322      0        62       305      91       217      131      
36       1960     38       313      273      345      222      311      269      407      370      194      170      16       333      446      116      305      241      346      101      313      103      349      416      320      231      306      198      299      395      81       285      373      244      330      62       0        306      34       238      80       
37       3090     285      122      116      134      115      193      64       192      71       130      136      316      35       218      203      225      333      360      209      95       204      394      252      173      249      257      148      65       237      335      99       304      80       42       305      306      0        288      116      261      
38       2190     4        285      268      340      196      315      257      404      355      187      155      51       314      443      90       313      264      366      96       305      94       372      420      321      245      318      195      288      398      115      259      386      233      316      91       34       288      0        233      46       
39       1930     231      214      35       107      150      106      52       171      152      47       91       244      152      210      172      126      217      250      137      75       138      281      199      98       132      152      42       71       179      243      181      211      39       114      217      238      116      233      0        224      
40       2480     42       245      260      330      160      316      239      396      331      177      137      96       283      434      58       320      293      389      99       292      92       399      419      319      261      329      191      271      398      157      220      398      217      293      131      80       261      46       224      0        
;

