
sets
i        orders          /0*40/
k        routes          /1*40/
p        positions       /0*40/
;

alias(i,j)
alias(i,h)
alias(i,hh)
alias(i,jj)
alias(k,kk)
                
                    Parameters

rho(i)	Processing time
/
0	0
1	97
2	70
3	49
4	61
5	1
6	73
7	80
8	42
9	12
10	59
11	44
12	10
13	17
14	91
15	89
16	63
17	40
18	60
19	47
20	20
21	78
22	1
23	16
24	55
25	82
26	91
27	67
28	47
29	53
30	32
31	94
32	29
33	55
34	30
35	77
36	94
37	85
38	40
39	35
40	80
/

gamma(i)	Duedate
/
0	0
1	18
2	69
3	85
4	35
5	38
6	8
7	29
8	83
9	86
10	15
11	68
12	41
13	78
14	49
15	28
16	81
17	55
18	53
19	51
20	10
21	51
22	72
23	25
24	33
25	89
26	49
27	40
28	30
29	82
30	26
31	42
32	56
33	2
34	56
35	77
36	27
37	97
38	71
39	8
40	19
/

sigma(i)	Size
/
0	0
1	4
2	6
3	7
4	4
5	7
6	1
7	3
8	9
9	8
10	1
11	1
12	7
13	3
14	1
15	1
16	7
17	1
18	3
19	1
20	4
21	2
22	3
23	3
24	2
25	9
26	9
27	9
28	5
29	2
30	3
31	5
32	6
33	7
34	8
35	4
36	4
37	9
38	4
39	3
40	5
/

epsilon(i)	Priority
/
0	0
1	2
2	2
3	7
4	9
5	6
6	2
7	1
8	8
9	7
10	3
11	4
12	7
13	8
14	2
15	9
16	2
17	5
18	4
19	3
20	2
21	7
22	2
23	8
24	6
25	4
26	3
27	2
28	2
29	7
30	7
31	2
32	6
33	3
34	7
35	3
36	5
37	1
38	3
39	4
40	1
/

psi	Vehicle Capacity
/ 33 /
;

Table kappa(i,j)                 Setup
         0        1        2        3        4        5        6        7        8        9        10       11       12       13       14       15       16       17       18       19       20       21       22       23       24       25       26       27       28       29       30       31       32       33       34       35       36       37       38       39       40       
0        0        257      367      102      807      407      447      688      820      358      189      401      430      339      127      438      529      498      690      191      292      115      634      673      829      468      702      694      715      424      687      311      757      347      541      738      314      777      582      674      792      
1        257      0        268      220      684      233      229      728      718      383      410      291      549      223      146      638      457      624      749      71       531      369      546      789      734      464      570      705      822      353      775      82       726      101      580      696      59       688      532      637      650      
2        367      268      0        267      443      106      194      480      465      176      400      33       380      45       259      544      189      448      508      296      516      427      284      586      477      213      335      445      609      85       552      206      457      338      340      427      257      428      264      369      425      
3        102      220      267      0        705      317      369      602      718      262      190      301      365      243      75       421      426      438      608      172      313      170      532      611      726      369      601      601      650      322      615      249      658      321      452      638      267      674      481      574      691      
4        807      684      443      705      0        450      484      471      71       494      795      411      626      480      702      837      288      655      523      729      889      849      185      686      100      402      114      390      675      384      608      604      279      716      454      245      649      108      273      264      65       
5        407      233      106      317      450      0        87       573      487      283      479      100      486      89       283      643      252      555      606      283      600      487      324      691      505      311      336      530      712      173      654      153      523      273      440      489      200      461      333      437      417      
6        447      229      194      369      484      87       0        656      529      370      544      186      573      170      320      724      327      642      690      293      668      540      383      778      550      397      371      610      800      259      741      148      593      234      526      557      178      511      407      509      440      
7        688      728      480      602      471      573      656      0        419      349      567      474      292      521      649      471      340      267      52       729      601      660      348      221      400      267      464      81       205      400      138      682      204      812      150      228      731      365      269      211      518      
8        820      718      465      718      71       487      529      419      0        489      792      434      601      504      722      812      292      622      471      757      878      852      186      638      29       389      161      337      624      396      557      640      220      758      421      190      687      56       257      221      136      
9        358      383      176      262      494      283      370      349      489      0        302      192      203      204      301      382      206      272      365      380      396      367      309      416      492      110      409      340      444      144      393      348      398      474      199      382      394      439      235      318      499      
10       189      410      400      190      795      479      544      567      792      302      0        432      281      393      263      249      507      337      557      356      124      101      611      508      793      406      705      592      554      422      537      437      680      510      435      670      457      741      536      608      796      
11       401      291      33       301      411      100      186      474      434      192      432      0        396      70       291      567      166      462      506      323      547      460      256      592      448      211      302      434      613      74       554      223      438      353      340      406      273      400      244      350      391      
12       430      549      380      365      626      486      573      292      601      203      281      396      0        404      431      211      367      75       277      525      310      379      447      245      594      235      566      332      286      340      258      532      440      648      186      441      573      545      353      387      648      
13       339      223      45       243      480      89       170      521      504      204      393      70       404      0        224      555      233      475      548      253      513      408      326      619      518      254      369      489      644      130      589      162      502      293      380      472      212      470      309      414      457      
14       127      146      259      75       702      283      320      649      722      301      263      291      431      224      0        496      437      505      661      98       384      227      539      676      734      402      594      641      713      328      674      186      686      246      499      662      197      683      500      599      682      
15       438      638      544      421      837      643      724      471      812      382      249      567      211      555      496      0        570      204      440      593      183      341      657      326      805      441      773      527      375      526      385      647      643      740      394      649      678      756      564      597      857      
16       529      457      189      426      288      252      327      340      292      206      507      166      367      233      437      570      0        414      381      484      603      562      106      502      299      131      204      285      511      108      446      389      272      519      237      240      440      248      81       185      292      
17       498      624      448      438      655      555      642      267      622      272      337      462      75       475      505      204      414      0        240      600      343      438      483      174      612      284      605      323      218      402      202      607      441      723      201      450      648      565      387      402      683      
18       690      749      508      608      523      606      690      52       471      365      557      506      277      548      661      440      381      240      0        745      581      654      396      171      452      295      514      133      152      432      87       706      255      836      169      281      755      417      314      262      569      
19       191      71       296      172      729      283      293      729      757      380      356      323      525      253      98       593      484      600      745      0        473      304      579      769      772      471      616      714      805      377      763      144      746      156      579      719      130      723      555      658      700      
20       292      531      516      313      889      600      668      601      878      396      124      547      310      513      384      183      603      343      581      473      0        180      703      496      876      489      805      641      545      528      543      561      742      629      489      739      580      824      620      680      895      
21       115      369      427      170      849      487      540      660      852      367      101      460      379      408      227      341      562      438      654      304      180      0        668      610      857      476      751      680      656      466      637      413      759      461      523      746      423      804      602      683      842      
22       634      546      284      532      185      324      383      348      186      309      611      256      447      326      539      657      106      483      396      579      703      668      0        542      195      217      123      276      541      211      473      472      216      597      288      178      521      144      96       146      200      
23       673      789      586      611      686      691      778      221      638      416      508      592      245      619      676      326      502      174      171      769      496      610      542      0        620      388      664      301      49       523      85       763      425      885      265      448      807      583      450      422      727      
24       829      734      477      726      100      505      550      400      29       492      793      448      594      518      734      805      299      612      452      772      876      857      195      620      0        388      186      319      605      406      539      657      198      777      412      171      705      52       257      209      165      
25       468      464      213      369      402      311      397      267      389      110      406      211      235      254      402      441      131      284      295      471      489      476      217      388      388      0        331      242      404      138      344      414      289      545      129      271      463      336      131      207      416      
26       702      570      335      601      114      336      371      464      161      409      705      302      566      369      594      773      204      605      514      616      805      751      123      664      186      331      0        388      662      285      594      490      304      602      411      264      534      159      218      254      91       
27       694      705      445      601      390      530      610      81       337      340      592      434      332      489      641      527      285      323      133      714      641      680      276      301      319      242      388      0        286      361      220      651      125      782      157      147      701      284      207      133      438      
28       715      822      609      650      675      712      800      205      624      444      554      613      286      644      713      375      511      218      152      805      545      656      541      49       605      404      662      286      0        542      68       792      407      916      277      433      838      570      453      414      721      
29       424      353      85       322      384      173      259      400      396      144      422      74       340      130      328      526      108      402      432      377      528      466      211      523      406      138      285      361      542      0        482      292      372      423      267      343      342      355      179      284      376      
30       687      775      552      615      608      654      741      138      557      393      537      554      258      589      674      385      446      202      87       763      543      637      473      85       539      344      594      220      68       482      0        741      342      867      214      367      788      503      386      346      653      
31       311      82       206      249      604      153      148      682      640      348      437      223      532      162      186      647      389      607      706      144      561      413      472      763      657      414      490      651      792      292      741      0        661      131      537      630      50       613      468      573      569      
32       757      726      457      658      279      523      593      204      220      398      680      438      440      502      686      643      272      441      255      746      742      759      216      425      198      289      304      125      407      372      342      661      0        791      254      39       712      171      193      88       335      
33       347      101      338      321      716      273      234      812      758      474      510      353      648      293      246      740      519      723      836      156      629      461      597      885      777      545      602      782      916      423      867      131      791      0        666      759      81       734      598      703      675      
34       541      580      340      452      454      440      526      150      421      199      435      340      186      380      499      394      237      201      169      579      489      523      288      265      412      129      411      157      277      267      214      537      254      666      0        255      585      364      192      202      484      
35       738      696      427      638      245      489      557      228      190      382      670      406      441      472      662      649      240      450      281      719      739      746      178      448      171      271      264      147      433      343      367      630      39       759      255      0        680      138      164      64       299      
36       314      59       257      267      649      200      178      731      687      394      457      273      573      212      197      678      440      648      755      130      580      423      521      807      705      463      534      701      838      342      788      50       712      81       585      680      0        661      518      624      611      
37       777      688      428      674      108      461      511      365      56       439      741      400      545      470      683      756      248      565      417      723      824      804      144      583      52       336      159      284      570      355      503      613      171      734      364      138      661      0        205      164      166      
38       582      532      264      481      273      333      407      269      257      235      536      244      353      309      500      564      81       387      314      555      620      602      96       450      257      131      218      207      453      179      386      468      193      598      192      164      518      205      0        105      295      
39       674      637      369      574      264      437      509      211      221      318      608      350      387      414      599      597      185      402      262      658      680      683      146      422      209      207      254      133      414      284      346      573      88       703      202      64       624      164      105      0        307      
40       792      650      425      691      65       417      440      518      136      499      796      391      648      457      682      857      292      683      569      700      895      842      200      727      165      416      91       438      721      376      653      569      335      675      484      299      611      166      295      307      0        
;



Table delta(i,j)                 Distance
         0        1        2        3        4        5        6        7        8        9        10       11       12       13       14       15       16       17       18       19       20       21       22       23       24       25       26       27       28       29       30       31       32       33       34       35       36       37       38       39       40       
0        0        1890     1260     4440     3360     3350     1940     2050     2700     2640     2680     2930     2950     3880     4500     1240     1610     4140     4280     2360     1720     3990     4170     2280     3850     3430     2650     3580     3710     3150     3600     4040     1200     3880     2180     2160     3400     690      4030     3790     2640     
1        1890     0        78       336      152      222      203      106      222      158      130      218      282      277      296      103      159      282      313      57       127      290      287      291      250      334      249      204      218      292      203      235      128      237      158      162      314      169      310      229      298      
2        1260     78       0        400      211      285      215      154      260      215      198      266      310      341      372      101      169      352      379      112      151      354      357      289      321      363      276      279      293      324      279      314      122      312      195      197      348      133      369      303      308      
3        4440     336      400      0        369      114      269      248      183      186      206      152      204      59       129      324      285      75       27       360      272      46       67       319      97       204      212      155      148      186      163      183      323      134      226      227      175      378      46       137      276      
4        3360     152      211      369      0        277      338      224      327      244      199      307      394      319      277      253      300      297      342      100      263      331      305      431      271      441      365      214      222      398      206      203      277      238      276      282      414      322      362      233      428      
5        3350     222      285      114      277      0        180      135      104      73       93       66       159      55       135      213      184      81       94       250      163      68       82       254      58       188      148      81       84       150      90       137      215      87       121      125      157      273      89       82       223      
6        1940     203      215      269      338      180      0        114      85       129      164      119      102      221      314      114      46       261      260      259      76       230      261      93       239      153      71       237      248      121      244      297      94       259      72       66       146      124      224      251      95       
7        2050     106      154      248      224      135      114      0        115      62       64       114      177      190      244      81       84       209      229      154      47       202      213      208      179      229      146      153      166      186      157      205      90       183      53       58       207      151      215      174      203      
8        2700     222      260      183      327      104      85       115      0        84       129      38       67       137      240      164      109      181      175      269      110      145      180      149      163      114      45       176      183      71       184      236      154      191      65       63       91       201      138      184      120      
9        2640     158      215      186      244      73       129      62       84       0        45       63       151      127      192      140      119      150      167      196      93       140      152      216      122      196      126      109      120      153      115      167      144      133      58       64       170      203      154      125      198      
10       2680     130      198      206      199      93       164      64       129      45       0        107      196      147      182      144      144      154      182      158      109      160      159      255      123      241      171      89       102      198      92       141      155      120      92       98       214      216      182      111      240      
11       2930     218      266      152      307      66       119      114      38       63       107      0        97       101      201      178      133      143      141      259      123      111      142      188      124      136      82       140      147      94       148      200      173      153      76       76       107      226      110      146      157      
12       2950     282      310      204      394      159      102      177      67       151      196      97       0        174      289      209      144      225      205      332      160      178      221      115      213      52       33       237      243      21       245      296      193      246      124      119      45       226      158      241      71       
13       3880     277      341      59       319      55       221      190      137      127      147      101      174      0        118      267      232      52       40       303      215      13       48       282      55       189      173      107      104      160      116      150      267      96       170      173      157      323      44       95       244      
14       4500     296      372      129      277      135      314      244      240      192      182      201      289      118      0        325      312      65       106      299      284      120      71       389      77       307      282      93       79       276      93       74       334      61       250      254      275      394      154      70       356      
15       1240     103      101      324      253      213      114      81       164      140      144      178      209      267      325      0        67       290      307      161      55       279      293      193      261      262      176      233      247      225      236      282      25       264      102      103      249      75       287      255      207      
16       1610     159      169      285      300      184      46       84       109      119      144      133      144      232      312      67       0        266      273      216      38       243      267      132      239      196      111      227      239      161      232      284      49       253      63       59       186      92       244      244      140      
17       4140     282      352      75       297      81       261      209      181      150      154      143      225      52       65       290      266      0        47       297      243      54       8        330      31       242      221      85       75       212      91       108      294      59       203      206      210      354      90       63       294      
18       4280     313      379      27       342      94       260      229      175      167      182      141      205      40       106      307      273      47       0        334      256      30       39       317      70       213      209      127      120      189      135      156      307      106      211      213      182      364      52       109      277      
19       2360     57       112      360      100      250      259      154      269      196      158      259      332      303      299      161      216      297      334      0        183      316      304      348      267      383      300      214      226      340      210      230      186      245      208      213      360      224      340      238      353      
20       1720     127      151      272      263      163      76       47       110      93       109      123      160      215      284      55       38       243      256      183      0        227      245      167      215      212      126      196      208      173      200      250      51       224      47       47       197      110      233      215      170      
21       3990     290      354      46       331      68       230      202      145      140      160      111      178      13       120      279      243      54       30       316      227      0        48       288      63       189      180      118      114      162      127      157      279      104      182      184      158      335      36       104      249      
22       4170     287      357      67       305      82       261      213      180      152      159      142      221      48       71       293      267      8        39       304      245      48       0        328      36       237      219      92       83       208      98       116      297      67       204      207      205      355      83       71       291      
23       2280     291      289      319      431      254      93       208      149      216      255      188      115      282      389      193      132      330      317      348      167      288      328      0        312      142      108      322      331      136      329      382      168      339      163      157      155      167      272      332      48       
24       3850     250      321      97       271      58       239      179      163      122      123      124      213      55       77       261      239      31       70       267      215      63       36       312      0        236      205      57       50       202      65       95       266      41       176      180      204      326      99       41       280      
25       3430     334      363      204      441      188      153      229      114      196      241      136      52       189      307      262      196      242      213      383      212      189      237      142      236      0        86       269      273      43       278      326      245      273      176      171      32       275      161      269      93       
26       2650     249      276      212      365      148      71       146      45       126      171      82       33       173      282      176      111      221      209      300      126      180      219      108      205      86       0        221      228      50       229      281      160      235      92       87       75       195      166      228      75       
27       3580     204      279      155      214      81       237      153      176      109      89       140      237      107      93       233      227      85       127      214      196      118      92       322      57       269      221      0        13       230      9        60       244      32       167      173      238      305      152      24       296      
28       3710     218      293      148      222      84       248      166      183      120      102      147      243      104      79       247      239      75       120      226      208      114      83       331      50       273      228      13       0        235      16       53       256      19       179      184      241      317      148      12       304      
29       3150     292      324      186      398      150      121      186      71       153      198      94       21       160      276      225      161      212      189      340      173      162      208      136      202      43       50       230      235      0        239      288      210      237      134      130      25       245      140      232      90       
30       3600     203      279      163      206      90       244      157      184      115      92       148      245      116      93       236      232      91       135      210      200      127      98       329      65       278      229      9        16       239      0        53       247      35       173      179      247      308      160      28       304      
31       4040     235      314      183      203      137      297      205      236      167      141      200      296      150      74       282      284      108      156      230      250      157      116      382      95       326      281      60       53       288      53       0        295      54       226      231      294      356      193      56       356      
32       1200     128      122      323      277      215      94       90       154      144      155      173      193      267      334      25       49       294      307      186      51       279      297      168      266      245      160      244      256      210      247      295      0        273      97       96       235      60       284      264      185      
33       3880     237      312      134      238      87       259      183      191      133      120      153      246      96       61       264      253      59       106      245      224      104      67       339      41       273      235      32       19       237      35       54       273      0        191      197      241      334      140      9        310      
34       2180     158      195      226      276      121      72       53       65       58       92       76       124      170      250      102      63       203      211      208      47       182      204      163      176      176      92       167      179      134      173      226      97       191      0        6        156      153      186      183      152      
35       2160     162      197      227      282      125      66       58       63       64       98       76       119      173      254      103      59       206      213      213      47       184      207      157      180      171      87       173      184      130      179      231      96       197      6        0        153      150      187      188      146      
36       3400     314      348      175      414      157      146      207      91       170      214      107      45       157      275      249      186      210      182      360      197      158      205      155      204      32       75       238      241      25       247      294      235      241      156      153      0        270      130      237      108      
37       690      169      133      378      322      273      124      151      201      203      216      226      226      323      394      75       92       354      364      224      110      335      355      167      326      275      195      305      317      245      308      356      60       334      153      150      270      0        336      324      198      
38       4030     310      369      46       362      89       224      215      138      154      182      110      158      44       154      287      244      90       52       340      233      36       83       272      99       161      166      152      148      140      160      193      284      140      186      187      130      336      0        139      229      
39       3790     229      303      137      233      82       251      174      184      125      111      146      241      95       70       255      244      63       109      238      215      104      71       332      41       269      228      24       12       232      28       56       264      9        183      188      237      324      139      0        303      
40       2640     298      308      276      428      223      95       203      120      198      240      157      71       244      356      207      140      294      277      353      170      249      291      48       280      93       75       296      304      90       304      356      185      310      152      146      108      198      229      303      0        
;

