

sets
i        orders          /0*80/
k        routes          /1*80/
p        positions       /0*80/
;

alias(i,j)
alias(i,h)
alias(i,hh)
alias(i,jj)
alias(k,kk)
                            Parameters

rho(i)	Processing time
/
0	0
1	20
2	98
3	55
4	61
5	52
6	77
7	64
8	39
9	59
10	70
11	6
12	49
13	36
14	37
15	65
16	13
17	62
18	10
19	64
20	85
21	24
22	71
23	17
24	87
25	37
26	17
27	10
28	92
29	6
30	20
31	47
32	29
33	99
34	31
35	3
36	83
37	52
38	79
39	59
40	69
41	17
42	30
43	48
44	44
45	3
46	76
47	63
48	3
49	35
50	98
51	72
52	14
53	13
54	2
55	71
56	13
57	33
58	92
59	53
60	97
61	10
62	89
63	42
64	12
65	5
66	48
67	38
68	77
69	9
70	73
71	30
72	14
73	46
74	81
75	54
76	11
77	63
78	84
79	7
80	88
/

gamma(i)	Duedate
/
0	0
1	45
2	8
3	33
4	16
5	95
6	1
7	20
8	92
9	68
10	10
11	13
12	63
13	88
14	95
15	9
16	89
17	31
18	1
19	57
20	15
21	71
22	79
23	30
24	64
25	96
26	42
27	66
28	63
29	57
30	65
31	52
32	85
33	38
34	58
35	98
36	2
37	38
38	57
39	51
40	73
41	83
42	86
43	52
44	48
45	48
46	79
47	64
48	28
49	14
50	75
51	94
52	45
53	98
54	17
55	60
56	59
57	87
58	25
59	94
60	76
61	10
62	68
63	48
64	55
65	21
66	1
67	26
68	25
69	97
70	61
71	33
72	73
73	67
74	13
75	64
76	19
77	77
78	54
79	94
80	34
/

sigma(i)	Size
/
0	0
1	2
2	2
3	2
4	9
5	7
6	1
7	4
8	9
9	9
10	8
11	5
12	4
13	9
14	8
15	7
16	9
17	9
18	6
19	6
20	1
21	4
22	5
23	3
24	3
25	3
26	6
27	7
28	3
29	8
30	7
31	6
32	5
33	1
34	7
35	7
36	9
37	8
38	7
39	1
40	3
41	2
42	1
43	4
44	9
45	4
46	2
47	2
48	4
49	8
50	7
51	7
52	1
53	9
54	7
55	7
56	1
57	8
58	5
59	9
60	4
61	7
62	4
63	7
64	9
65	5
66	9
67	8
68	6
69	9
70	7
71	5
72	2
73	3
74	4
75	4
76	8
77	6
78	2
79	8
80	5
/

epsilon(i)	Priority
/
0	0
1	6
2	9
3	3
4	7
5	4
6	6
7	6
8	7
9	5
10	4
11	9
12	7
13	9
14	1
15	2
16	7
17	9
18	2
19	4
20	1
21	9
22	8
23	1
24	9
25	7
26	2
27	1
28	7
29	8
30	5
31	3
32	7
33	6
34	1
35	4
36	3
37	9
38	6
39	9
40	2
41	2
42	6
43	7
44	7
45	2
46	3
47	7
48	2
49	1
50	5
51	2
52	1
53	5
54	5
55	7
56	3
57	7
58	4
59	2
60	7
61	5
62	9
63	8
64	7
65	2
66	4
67	3
68	8
69	3
70	5
71	5
72	4
73	4
74	9
75	4
76	1
77	7
78	4
79	6
80	6
/

psi	Vehicle Capacity
/ 18 /
;

Table kappa(i,j)                 Setup
         0        1        2        3        4        5        6        7        8        9        10       11       12       13       14       15       16       17       18       19       20       21       22       23       24       25       26       27       28       29       30       31       32       33       34       35       36       37       38       39       40       41       42       43       44       45       46       47       48       49       50       51       52       53       54       55       56       57       58       59       60       61       62       63       64       65       66       67       68       69       70       71       72       73       74       75       76       77       78       79       80       
0        0        2457     2376     2349     1321     1448     2121     2413     1609     1904     2493     975      1410     2005     1320     1840     1960     1725     906      2087     1114     2329     270      510      1489     1880     1321     1655     676      2244     2361     1839     2495     2341     679      2027     1841     740      1681     1903     2954     1648     1758     1012     1549     1518     808      506      1001     1981     2285     411      1370     1852     2263     2536     701      1708     656      1839     1153     1161     2556     1874     450      1279     1880     1272     2497     1514     2338     1145     2541     2580     1480     725      1550     1441     2569     2693     1398     
1        2457     0        1701     2383     1733     3864     1978     1496     847      1956     619      2373     1840     2569     2647     3866     4150     3182     3300     3420     2013     804      2188     2073     3278     3060     2824     3493     2306     3975     235      3800     879      928      2064     591      2194     2039     3846     2773     1362     3386     2464     3364     4005     1463     1872     1975     3328     4118     1370     2344     1088     3808     2676     634      2788     2732     2509     3460     2625     2701     2417     1671     2907     1208     3772     3729     2339     2162     947      2168     624      1994     3735     2028     908      1952     2026     1954     1861     
2        2376     1701     0        748      1055     3747     3233     229      1571     605      2271     2922     2745     3610     3306     4197     3296     3845     2864     4175     1312     902      2160     2328     3750     3862     1844     3947     1808     4525     1466     4180     885      2476     2461     1942     849      2481     3020     3696     3035     3899     3414     2851     3648     2465     1571     1930     2792     3219     2823     2023     1659     4191     1118     2298     3016     1490     1975     4051     3198     1816     726      2868     2717     1464     2736     3457     653      3067     2491     1367     2291     309      3025     2458     1628     2860     333      345      1007     
3        2349     2383     748      0        1149     3559     3664     977      2061     533      2908     3097     3080     3931     3491     4182     2794     3994     2598     4345     1244     1611     2197     2461     3823     4069     1420     4000     1687     4589     2148     4187     1621     3063     2632     2518     508      2668     2548     3963     3665     3980     3711     2549     3356     2867     1633     2011     2484     2699     3355     1945     2070     4200     393      2940     3044     956      1793     4157     3356     1459     220      3301     2589     1826     2179     3218     196      3371     3075     1206     2934     596      2609     2643     2097     3183     554      745      1008     
4        1321     1733     1055     1149     0        2703     2561     1112     1095     632      2090     1958     1942     2786     2351     3151     2495     2868     1865     3213     316      1235     1115     1330     2730     2926     1098     2920     778      3505     1539     3139     1366     2142     1491     1622     689      1523     2196     2814     2790     2884     2563     1876     2646     1762     524      898      1822     2445     2345     972      1016     3151     1227     2130     1976     1033     967      3049     2224     991      1324     2205     1668     756      2053     2432     1253     2225     2150     449      2128     1265     2137     1499     1103     2042     1257     1372     164      
5        1448     3864     3747     3559     2703     0        2987     3815     3024     3208     3803     1735     2409     2541     1775     1059     1701     1727     988      1985     2435     3778     1715     1794     1308     2033     2206     1273     1939     1652     3790     1157     3943     3581     1840     3377     3073     1881     1611     2287     4115     1398     2345     1084     542      2678     2227     1955     1148     1806     3395     1731     2780     1170     3359     3844     1152     2701     1786     1591     1645     2120     3778     2885     1038     2721     2100     401      3735     2305     3573     2402     3852     3908     1359     1884     2958     2370     3889     4037     2740     
6        2121     1978     3233     3664     2561     2987     0        3110     1662     3131     1476     1281     715      687      1234     2479     4066     1575     2965     1670     2632     2548     1987     1629     1869     1328     3268     2049     2527     2343     2104     2372     2698     1116     1443     1426     3248     1381     3797     973      1311     1901     725      3094     3371     799      2234     1975     3097     4096     679      2354     1597     2374     3788     1495     1880     3480     2643     1871     1344     3099     3797     365      2448     1837     3989     3067     3717     683      1097     2770     1507     3538     3581     1398     1605     682      3554     3567     2723     
7        2413     1496     229      977      1112     3815     3110     0        1450     774      2080     2887     2659     3520     3264     4210     3456     3810     2963     4131     1398     692      2182     2316     3739     3808     2000     3941     1887     4512     1263     4186     659      2303     2434     1778     1034     2449     3173     3623     2843     3884     3334     2961     3747     2360     1605     1945     2903     3383     2667     2083     1566     4198     1343     2104     3026     1677     2066     4028     3166     1956     951      2747     2779     1397     2913     3542     880      2987     2318     1475     2097     498      3163     2427     1512     2776     532      470      1097     
8        1609     847      1571     2061     1095     3024     1662     1450     0        1544     1017     1630     1243     2088     1958     3099     3352     2511     2460     2795     1309     962      1341     1243     2539     2450     2111     2754     1508     3277     770      3045     1133     1047     1261     533      1717     1246     3049     2221     1694     2663     1920     2530     3158     915      1074     1131     2497     3331     1294     1513     244      3054     2254     1059     1976     2127     1704     2767     1902     1968     2168     1298     2059     396      3027     2882     2087     1580     1055     1470     1059     1877     2920     1231     77       1363     1895     1904     1254     
9        1904     1956     605      533      632      3208     3131     774      1544     0        2438     2590     2548     3402     2983     3745     2692     3498     2293     3844     792      1246     1724     1960     3350     3558     1239     3535     1278     4122     1728     3741     1305     2566     2123     2022     266      2155     2415     3440     3184     3504     3184     2270     3073     2334     1141     1520     2209     2615     2838     1519     1540     3753     727      2472     2583     906      1422     3674     2855     1215     693      2769     2197     1293     2139     2898     621      2842     2577     806      2468     700      2423     2131     1576     2652     681      836      512      
10       2493     619      2271     2908     2090     3803     1476     2080     1017     2438     0        2162     1532     2125     2362     3637     4341     2858     3388     3048     2324     1397     2242     2032     3024     2688     3128     3235     2510     3660     831      3556     1491     361      1963     491      2651     1922     4039     2367     763      3111     2066     3474     4025     1175     2082     2072     3448     4327     814      2482     1194     3561     3166     43       2669     3122     2699     3150     2379     2985     2967     1229     2936     1410     4042     3731     2887     1812     380      2485     48       2573     3894     1919     1038     1627     2602     2546     2240     
11       975      2373     2922     3097     1958     1735     1281     2887     1630     2590     2162     0        677      1034     393      1494     2828     923      1716     1257     1875     2566     965      640      910      972      2278     1125     1569     1651     2371     1427     2742     1893     467      1808     2605     441      2577     932      2387     1033     788      1853     2091     989      1466     1095     1865     2871     1663     1327     1412     1435     3095     2199     600      2617     1609     1149     279      2113     3281     1149     1203     1503     2838     1787     3211     604      1882     1964     2209     3183     2344     464      1553     634      3184     3265     2089     
12       1410     1840     2745     3080     1942     2409     715      2659     1243     2548     1532     677      0        864      830      2109     3364     1345     2273     1584     1969     2203     1272     914      1493     1227     2565     1702     1822     2144     1887     2024     2372     1235     731      1250     2631     669      3090     978      1709     1579     678      2397     2738     377      1559     1272     2396     3390     986      1640     1093     2030     3162     1566     1261     2803     1931     1629     854      2395     3234     486      1758     1285     3274     2433     3157     337      1222     2098     1576     3036     2880     685      1170     119      3046     3089     2099     
13       2005     2569     3610     3931     2786     2541     687      3520     2088     3402     2125     1034     864      0        787      1876     3839     944      2728     988      2779     3035     1957     1597     1301     662      3284     1450     2553     1673     2660     1760     3199     1771     1396     1987     3470     1342     3599     303      1994     1296     247      2869     2989     1175     2362     2029     2886     3889     1356     2331     1954     1760     3992     2148     1554     3582     2620     1227     949      3116     4091     903      2224     2150     3873     2696     4015     561      1753     2893     2161     3901     3359     1366     2018     752      3911     3953     2938     
14       1320     2647     3306     3491     2351     1775     1234     3264     1958     2983     2362     393      830      787      0        1290     3063     553      1957     868      2267     2911     1345     1032     669      580      2639     875      1945     1329     2670     1199     3085     2057     860      2064     2998     830      2832     600      2470     749      571      2100     2205     1199     1860     1487     2122     3118     1752     1695     1755     1204     3485     2395     774      2995     1970     814      172      2476     3675     1218     1466     1871     3136     1910     3605     586      2043     2353     2406     3571     2587     854      1881     737      3572     3650     2483     
15       1840     3866     4197     4182     3151     1059     2479     4210     3099     3745     3637     1494     2109     1876     1290     0        2750     934      1865     1055     2954     3998     2037     1913     620      1240     2982     430      2495     593      3855     125      4173     3343     1844     3303     3674     1854     2630     1577     3753     580      1756     1997     1601     2464     2628     2268     2051     2849     3040     2236     2868     132      4061     3673     1184     3447     2409     679      1258     2856     4392     2506     1627     2906     3087     1421     4335     1873     3329     2975     3683     4415     2370     1869     3023     2024     4405     4523     3237     
16       1960     4150     3296     2794     2495     1701     4066     3456     3352     2692     4341     2828     3364     3839     3063     2750     0        3238     1112     3558     2182     3730     2155     2470     2846     3503     1456     2883     1846     3339     3989     2837     3853     4248     2635     3852     2454     2696     304      3658     4884     2975     3601     974      1182     3473     2282     2280     968      128      4238     1862     3149     2850     2457     4384     2288     1844     1648     3187     2894     1516     2999     3834     1625     2960     653      1331     2991     3421     4248     2050     4387     3324     485      2683     3316     3383     3290     3476     2426     
17       1725     3182     3845     3994     2868     1727     1575     3810     2511     3498     2858     923      1345     944      553      934      3238     0        2177     361      2756     3465     1809     1537     418      316      3037     515      2389     802      3215     816      3639     2534     1385     2594     3494     1364     3045     643      2875     362      850      2324     2232     1721     2361     1982     2359     3312     2183     2128     2309     816      3961     2889     1056     3432     2380     298      647      2882     4185     1659     1748     2421     3413     1968     4117     1045     2518     2826     2900     4104     2786     1387     2434     1237     4104     4187     2991     
18       906      3300     2864     2598     1865     988      2965     2963     2460     2293     3388     1716     2273     2728     1957     1865     1112     2177     0        2516     1565     3046     1146     1409     1812     2422     1220     1889     1089     2415     3177     1923     3197     3247     1555     2913     2130     1614     877      2555     3860     1956     2489     146      784      2418     1473     1330     188      1161     3185     966      2231     1937     2378     3431     1183     1716     898      2170     1786     1143     2819     2752     517      2094     1247     621      2781     2312     3244     1497     3436     2992     630      1603     2409     2284     2969     3130     1866     
19       2087     3420     4175     4345     3213     1985     1670     4131     2795     3844     3048     1257     1584     988      868      1055     3558     361      2516     0        3110     3756     2166     1885     711      361      3398     713      2749     698      3471     930      3928     2708     1724     2829     3847     1697     3375     698      2980     590      984      2662     2509     1958     2711     2334     2700     3636     2322     2488     2606     923      4319     3076     1415     3794     2742     396      989      3243     4533     1823     2101     2735     3757     2262     4465     1258     2691     3184     3088     4439     3115     1721     2719     1468     4440     4519     3339     
20       1114     2013     1312     1244     316      2435     2632     1398     1309     792      2324     1875     1969     2779     2267     2954     2182     2756     1565     3110     0        1551     953      1235     2578     2847     812      2757     495      3346     1830     2953     1682     2338     1419     1842     739      1461     1882     2773     2993     2735     2545     1568     2349     1847     417      779      1514     2134     2494     726      1181     2966     1221     2365     1802     856      668      2913     2125     689      1445     2290     1411     930      1759     2147     1384     2221     2344     160      2364     1481     1821     1437     1301     2058     1466     1605     305      
21       2329     804      902      1611     1235     3778     2548     692      962      1246     1397     2566     2203     3035     2911     3998     3730     3465     3046     3756     1551     0        2066     2090     3465     3412     2309     3677     1966     4218     571      3955     175      1645     2157     1148     1506     2154     3432     3181     2157     3597     2878     3077     3808     1860     1577     1824     3028     3677     2039     2090     1156     3964     1936     1419     2834     2109     2169     3713     2843     2219     1625     2197     2752     1093     3264     3565     1549     2540     1662     1680     1411     1190     3369     2136     1037     2323     1223     1151     1311     
22       270      2188     2160     2197     1115     1715     1987     2182     1341     1724     2242     965      1272     1957     1345     2037     2155     1809     1146     2166     953      2066     0        365      1627     1923     1327     1810     603      2397     2090     2024     2234     2108     565      1769     1692     623      1865     1894     2733     1783     1711     1237     1817     1323     591      244      1217     2163     2084     375      1103     2036     2152     2285     860      1651     668      1960     1191     1159     2396     1710     718      1009     2005     1542     2333     1429     2105     1017     2290     2380     1684     602      1283     1322     2372     2485     1212     
23       510      2073     2328     2461     1330     1794     1629     2316     1243     1960     2032     640      914      1597     1032     1913     2470     1537     1409     1885     1235     2090     365      0        1423     1612     1689     1624     956      2197     2013     1878     2264     1853     201      1588     1966     258      2189     1551     2453     1570     1352     1521     1993     1009     828      455      1511     2489     1776     741      999      1889     2455     2074     745      1992     1033     1725     895      1520     2648     1367     918      996      2360     1699     2580     1064     1848     1326     2081     2575     1990     237      1173     959      2573     2666     1454     
24       1489     3278     3750     3823     2730     1308     1869     3739     2539     3350     3024     910      1493     1301     669      620      2846     418      1812     711      2578     3465     1627     1423     0        728      2761     215      2166     775      3281     531      3641     2725     1315     2705     3316     1312     2666     1016     3134     159      1154     1957     1816     1854     2209     1832     1997     2925     2420     1900     2317     536      3752     3059     787      3186     2126     364      653      2615     4023     1886     1425     2385     3057     1558     3960     1253     2711     2628     3070     3990     2405     1331     2462     1405     3985     4086     2838     
25       1880     3060     3862     4069     2926     2033     1328     3808     2450     3558     2688     972      1227     662      580      1240     3503     316      2422     361      2847     3412     1923     1612     728      0        3201     829      2520     1015     3115     1119     3584     2349     1436     2469     3578     1402     3296     359      2639     677      626      2569     2529     1600     2439     2067     2599     3571     1969     2266     2268     1117     4065     2716     1260     3570     2535     571      732      3041     4251     1465     1965     2410     3641     2257     4180     898      2333     2933     2728     4134     3042     1427     2374     1111     4136     4207     3060     
26       1321     2824     1844     1420     1098     2206     3268     2000     2111     1239     3128     2278     2565     3284     2639     2982     1456     3037     1220     3398     812      2309     1327     1689     2761     3201     0        2897     742      3473     2636     3014     2420     3119     1890     2642     1013     1947     1176     3211     3775     2919     3038     1148     1947     2526     1084     1293     1082     1386     3230     954      1959     3028     1163     3169     1986     497      669      3123     2473     169      1639     2955     1360     1721     957      1838     1613     2753     3124     656      3170     1895     1197     1925     2095     2630     1865     2045     998      
27       1655     3493     3947     4000     2920     1273     2049     3941     2754     3535     3235     1125     1702     1450     875      430      2883     515      1889     713      2757     3677     1810     1624     215      829      2897     0        2330     589      3496     326      3852     2932     1523     2919     3492     1523     2721     1154     3327     154      1326     2032     1802     2066     2397     2023     2077     2969     2617     2065     2530     330      3916     3269     955      3336     2278     318      867      2757     4203     2084     1545     2595     3136     1567     4141     1452     2918     2799     3279     4182     2459     1541     2677     1612     4177     4281     3023     
28       676      2306     1808     1687     778      1939     2527     1887     1508     1278     2510     1569     1822     2553     1945     2495     1846     2389     1089     2749     495      1966     603      956      2166     2520     742      2330     0        2919     2154     2503     2112     2453     1157     2019     1180     1212     1542     2498     3105     2325     2309     1110     1867     1796     435      551      1062     1822     2521     265      1316     2516     1586     2553     1378     1050     205      2515     1787     572      1898     2219     919      1114     1546     1655     1844     2015     2455     482      2555     1973     1432     1189     1475     1888     1957     2099     800      
29       2244     3975     4525     4589     3505     1652     2343     4512     3277     4122     3660     1651     2144     1673     1329     593      3339     802      2415     698      3346     4218     2397     2197     775      1015     3473     589      2919     0        3999     502      4393     3334     2081     3390     4081     2073     3208     1373     3653     627      1630     2553     2194     2520     2983     2607     2603     3435     2974     2654     3064     488      4504     3691     1545     3918     2862     515      1375     3336     4792     2456     2114     3148     3652     2008     4730     1847     3318     3389     3702     4765     2947     2093     3200     2039     4760     4861     3610     
30       2361     235      1466     2148     1539     3790     2104     1263     770      1728     831      2371     1887     2660     2670     3855     3989     3215     3177     3471     1830     571      2090     2013     3281     3115     2636     3496     2154     3999     0        3796     660      1108     2026     679      1970     2008     3685     2845     1587     3397     2536     3233     3901     1516     1725     1866     3193     3952     1532     2213     1013     3804     2446     851      2745     2522     2359     3485     2634     2520     2181     1777     2807     1087     3589     3632     2103     2219     1126     1981     842      1760     3586     1995     842      2004     1792     1723     1659     
31       1839     3800     4180     4187     3139     1157     2372     4186     3045     3741     3556     1427     2024     1760     1199     125      2837     816      1923     930      2953     3955     2024     1878     531      1119     3014     326      2503     502      3796     0        4130     3256     1798     3232     3679     1803     2707     1460     3653     471      1648     2058     1700     2384     2615     2249     2110     2933     2944     2241     2817     13       4077     3591     1164     3473     2427     556      1181     2884     4395     2411     1654     2865     3155     1506     4337     1778     3242     2981     3601     4404     2446     1820     2969     1936     4396     4509     3231     
32       2495     879      885      1621     1366     3943     2698     659      1133     1305     1491     2742     2372     3199     3085     4173     3853     3639     3197     3928     1682     175      2234     2264     3641     3584     2420     3852     2112     4393     660      4130     0        1762     2332     1285     1570     2329     3557     3349     2242     3772     3045     3223     3964     2025     1734     1991     3174     3797     2170     2247     1330     4139     1966     1510     3008     2191     2313     3888     3018     2338     1611     2351     2914     1267     3371     3724     1538     2709     1779     1805     1501     1150     3504     2311     1209     2491     1187     1089     1428     
33       2341     928      2476     3063     2142     3581     1116     2303     1047     2566     361      1893     1235     1771     2057     3343     4248     2534     3247     2708     2338     1645     2108     1853     2725     2349     3119     2932     2453     3334     1108     3256     1762     0        1755     544      2756     1707     3951     2021     656      2802     1724     3345     3841     907      2043     1968     3325     4245     454      2388     1160     3261     3287     379      2433     3171     2630     2829     2090     2967     3144     885      2771     1408     3999     3541     3063     1490     19       2498     391      2784     3786     1708     1041     1320     2810     2774     2301     
34       679      2064     2461     2632     1491     1840     1443     2434     1261     2123     1963     467      731      1396     860      1844     2635     1385     1555     1724     1419     2157     565      201      1315     1436     1890     1523     1157     2081     2026     1798     2332     1755     0        1544     2143     61       2360     1357     2331     1454     1152     1674     2088     875      1005     644      1669     2659     1636     941      1025     1807     2640     2004     725      2190     1233     1593     738      1721     2815     1199     1047     1071     2549     1787     2744     864      1748     1517     2011     2718     2152     48       1186     766      2718     2802     1624     
35       2027     591      1942     2518     1622     3377     1426     1778     533      2022     491      1808     1250     1987     2064     3303     3852     2594     2913     2829     1842     1148     1769     1588     2705     2469     2642     2919     2019     3390     679      3232     1285     544      1544     0        2217     1510     3550     2183     1171     2808     1874     2995     3570     873      1591     1589     2967     3837     893      1995     703      3239     2745     533      2265     2655     2209     2875     2052     2497     2601     1097     2474     921      3551     3281     2520     1571     557      2003     536      2251     3408     1504     548      1362     2275     2248     1777     
36       1841     2194     849      508      689      3073     3248     1034     1717     266      2651     2605     2631     3470     2998     3674     2454     3494     2130     3847     739      1506     1692     1966     3316     3578     1013     3492     1180     4081     1970     3679     1570     2756     2143     2217     0        2181     2184     3486     3386     3473     3243     2093     2901     2449     1138     1513     2030     2372     3001     1438     1681     3692     543      2687     2536     643      1295     3652     2860     1013     717      2891     2088     1424     1886     2745     665      2909     2766     699      2683     883      2208     2157     1740     2730     855      1032     532      
37       740      2039     2481     2668     1523     1881     1381     2449     1246     2155     1922     441      669      1342     830      1854     2696     1364     1614     1697     1461     2154     623      258      1312     1402     1947     1523     1212     2073     2008     1803     2329     1707     61       1510     2181     0        2421     1311     2278     1448     1099     1734     2139     821      1046     691      1730     2720     1580     999      1013     1813     2683     1963     755      2241     1292     1580     717      1778     2848     1139     1105     1074     2610     1837     2777     806      1699     1563     1970     2742     2213     24       1170     705      2743     2823     1659     
38       1681     3846     3020     2548     2196     1611     3797     3173     3049     2415     4039     2577     3090     3599     2832     2630     304      3045     877      3375     1882     3432     1865     2189     2666     3296     1176     2721     1542     3208     3685     2707     3557     3951     2360     3550     2184     2421     0        3431     4589     2802     3357     732      1136     3187     1978     1982     712      299      3949     1563     2847     2720     2227     4083     2059     1592     1344     3016     2661     1224     2758     3556     1375     2656     521      1217     2744     3163     3950     1752     4085     3061     262      2407     3012     3115     3029     3213     2131     
39       1903     2773     3696     3963     2814     2287     973      3623     2221     3440     2367     932      978      303      600      1577     3658     643      2555     698      2773     3181     1894     1551     1016     359      3211     1154     2498     1373     2845     1460     3349     2021     1357     2183     3486     1311     3431     0        2284     1000     309      2699     2754     1332     2356     2001     2722     3716     1625     2259     2061     1459     3994     2393     1372     3543     2542     924      773      3045     4134     1137     2066     2232     3736     2469     4060     641      2003     2874     2405     3978     3184     1336     2148     858      3985     4041     2958     
40       2954     1362     3035     3665     2790     4115     1311     2843     1694     3184     763      2387     1709     1994     2470     3753     4884     2875     3860     2980     2993     2157     2733     2453     3134     2639     3775     3327     3105     3653     1587     3653     2242     656      2331     1171     3386     2278     4589     2284     0        3185     2026     3965     4416     1456     2698     2609     3949     4885     724      3029     1816     3656     3910     738      2964     3821     3279     3173     2539     3623     3729     1254     3370     2063     4651     4112     3649     1883     652      3153     746      3336     4417     2283     1693     1763     3366     3308     2947     
41       1648     3386     3899     3980     2884     1398     1901     3884     2663     3504     3111     1033     1579     1296     749      580      2975     362      1956     590      2735     3597     1783     1570     159      677      2919     154      2325     627      3397     471      3772     2802     1454     2808     3473     1448     2802     1000     3185     0        1177     2100     1919     1947     2363     1986     2142     3057     2479     2059     2445     472      3911     3144     947      3345     2285     214      763      2773     4179     1947     1580     2522     3203     1672     4116     1316     2787     2786     3155     4141     2541     1467     2586     1484     4137     4235     2992     
42       1758     2464     3414     3711     2563     2345     725      3334     1920     3184     2066     788      678      247      571      1756     3601     850      2489     984      2545     2878     1711     1352     1154     626      3038     1326     2309     1630     2536     1648     3045     1724     1152     1874     3243     1099     3357     309      2026     1177     0        2629     2776     1024     2127     1789     2645     3649     1344     2084     1769     1649     3761     2093     1321     3340     2373     1147     722      2870     3875     839      1982     1950     3626     2479     3800     347      1707     2656     2105     3701     3119     1123     1848     559      3709     3759     2712     
43       1012     3364     2851     2549     1876     1084     3094     2961     2530     2270     3474     1853     2397     2869     2100     1997     974      2324     146      2662     1568     3077     1237     1521     1957     2569     1148     2032     1110     2553     3233     2058     3223     3345     1674     2995     2093     1734     732      2699     3965     2100     2629     0        808      2530     1515     1406     66       1019     3297     1020     2306     2072     2311     3518     1327     1645     910      2315     1930     1090     2769     2873     650      2155     1104     697      2735     2446     3342     1487     3522     2965     490      1722     2482     2412     2941     3106     1864     
44       1549     4005     3648     3356     2646     542      3371     3747     3158     3073     4025     2091     2738     2989     2205     1601     1182     2232     784      2509     2349     3808     1817     1993     1816     2529     1947     1802     1867     2194     3901     1700     3964     3841     2088     3570     2901     2139     1136     2754     4416     1919     2776     808      0        2960     2231     2034     872      1294     3708     1718     2920     1712     3109     4067     1491     2441     1681     2119     2057     1898     3577     3224     1099     2814     1650     305      3544     2688     3834     2281     4073     3771     909      2136     3099     2718     3747     3910     2650     
45       1518     1463     2465     2867     1762     2678     799      2360     915      2334     1175     989      377      1175     1199     2464     3473     1721     2418     1958     1847     1860     1323     1009     1854     1600     2526     2066     1796     2520     1516     2384     2025     907      875      873      2449     821      3187     1332     1456     1947     1024     2530     2960     0        1462     1252     2519     3485     767      1660     810      2390     2990     1211     1527     2701     1937     2005     1205     2360     3004     444      1919     1041     3313     2657     2925     702      897      1990     1221     2765     2996     826      848      490      2778     2805     1926     
46       808      1872     1571     1633     524      2227     2234     1605     1074     1141     2082     1466     1559     2362     1860     2628     2282     2361     1473     2711     417      1577     591      828      2209     2439     1084     2397     435      2983     1725     2615     1734     2043     1005     1591     1138     1046     1978     2356     2698     2363     2127     1515     2231     1462     0        379      1472     2257     2148     513      891      2627     1637     2124     1451     1247     637      2533     1723     926      1824     1901     1190     679      1962     1991     1757     1804     2047     539      2126     1788     1863     1021     1044     1644     1781     1894     630      
47       506      1975     1930     2011     898      1955     1975     1945     1131     1520     2072     1095     1272     2029     1487     2268     2280     1982     1330     2334     779      1824     244      455      1832     2067     1293     2023     551      2607     1866     2249     1991     1968     644      1589     1513     691      1982     2001     2609     1986     1789     1406     2034     1252     379      0        1377     2276     1993     420      901      2261     1999     2115     1085     1552     685      2153     1346     1124     2203     1669     943      780      2064     1768     2137     1480     1968     872      2119     2159     1823     667      1079     1342     2153     2260     1010     
48       1001     3328     2792     2484     1822     1148     3097     2903     2497     2209     3448     1865     2396     2886     2122     2051     968      2359     188      2700     1514     3028     1217     1511     1997     2599     1082     2077     1062     2603     3193     2110     3174     3325     1669     2967     2030     1730     712      2722     3949     2142     2645     66       872      2519     1472     1377     0        1005     3286     984      2275     2124     2245     3492     1351     1579     860      2356     1950     1025     2705     2869     662      2119     1060     762      2671     2454     3323     1429     3496     2903     483      1717     2450     2414     2878     3044     1808     
49       1981     4118     3219     2699     2445     1806     4096     3383     3331     2615     4327     2871     3390     3889     3118     2849     128      3312     1161     3636     2134     3677     2163     2489     2925     3571     1386     2969     1822     3435     3952     2933     3797     4245     2659     3837     2372     2720     299      3716     4885     3057     3649     1019     1294     3485     2257     2276     1005     0        4248     1856     3133     2947     2355     4370     2344     1754     1628     3270     2948     1458     2901     3855     1667     2936     538      1428     2895     3459     4244     1997     4373     3237     531      2706     3297     3413     3202     3390     2369     
