

sets
i        orders          /0*80/
k        routes          /1*80/
p        positions       /0*80/
;

alias(i,j)
alias(i,h)
alias(i,hh)
alias(i,jj)
alias(k,kk)
                            Parameters

rho(i)	Processing time
/
0	0
1	23
2	27
3	48
4	1
5	49
6	81
7	83
8	41
9	59
10	90
11	58
12	43
13	90
14	71
15	17
16	70
17	75
18	67
19	26
20	53
21	11
22	82
23	87
24	37
25	52
26	12
27	1
28	24
29	82
30	62
31	89
32	33
33	33
34	88
35	91
36	9
37	85
38	34
39	85
40	18
41	28
42	23
43	63
44	14
45	45
46	46
47	23
48	17
49	91
50	74
51	35
52	19
53	21
54	83
55	24
56	64
57	33
58	88
59	17
60	73
61	23
62	56
63	13
64	51
65	29
66	50
67	29
68	94
69	98
70	94
71	94
72	87
73	82
74	73
75	92
76	10
77	79
78	96
79	40
80	77
/

gamma(i)	Duedate
/
0	0
1	21
2	89
3	95
4	68
5	65
6	47
7	75
8	93
9	16
10	90
11	97
12	73
13	51
14	27
15	19
16	16
17	59
18	85
19	92
20	63
21	73
22	30
23	71
24	8
25	68
26	67
27	26
28	86
29	27
30	85
31	50
32	15
33	74
34	78
35	68
36	93
37	79
38	83
39	24
40	17
41	33
42	92
43	2
44	55
45	59
46	13
47	93
48	87
49	48
50	86
51	93
52	16
53	71
54	27
55	21
56	41
57	23
58	14
59	71
60	83
61	67
62	12
63	56
64	66
65	28
66	3
67	51
68	98
69	11
70	23
71	21
72	87
73	96
74	15
75	14
76	13
77	63
78	95
79	41
80	44
/

sigma(i)	Size
/
0	0
1	8
2	6
3	8
4	6
5	5
6	2
7	2
8	7
9	5
10	5
11	5
12	2
13	4
14	3
15	2
16	5
17	1
18	4
19	4
20	9
21	6
22	8
23	3
24	7
25	7
26	4
27	5
28	5
29	8
30	2
31	3
32	8
33	3
34	5
35	5
36	8
37	7
38	7
39	1
40	9
41	8
42	9
43	1
44	1
45	3
46	7
47	9
48	3
49	8
50	9
51	6
52	5
53	4
54	7
55	1
56	6
57	2
58	5
59	5
60	9
61	9
62	2
63	9
64	3
65	3
66	2
67	6
68	4
69	9
70	9
71	5
72	5
73	1
74	1
75	2
76	6
77	3
78	7
79	9
80	7
/

epsilon(i)	Priority
/
0	0
1	9
2	1
3	6
4	6
5	4
6	2
7	3
8	7
9	2
10	7
11	9
12	6
13	8
14	9
15	6
16	2
17	3
18	8
19	5
20	3
21	4
22	4
23	4
24	9
25	6
26	8
27	2
28	6
29	5
30	2
31	4
32	6
33	6
34	3
35	7
36	4
37	1
38	9
39	1
40	3
41	7
42	8
43	3
44	7
45	9
46	9
47	9
48	6
49	5
50	9
51	2
52	5
53	7
54	4
55	7
56	3
57	3
58	3
59	5
60	5
61	1
62	2
63	5
64	5
65	8
66	4
67	7
68	4
69	3
70	3
71	2
72	6
73	3
74	1
75	6
76	6
77	7
78	5
79	4
80	5
/

psi	Vehicle Capacity
/ 32 /
;

Table kappa(i,j)                 Setup
         0        1        2        3        4        5        6        7        8        9        10       11       12       13       14       15       16       17       18       19       20       21       22       23       24       25       26       27       28       29       30       31       32       33       34       35       36       37       38       39       40       41       42       43       44       45       46       47       48       49       50       51       52       53       54       55       56       57       58       59       60       61       62       63       64       65       66       67       68       69       70       71       72       73       74       75       76       77       78       79       80       
0        0        1640     3304     394      2103     965      2895     3434     290      1226     2652     974      1373     2286     1665     1368     1269     3091     802      1937     1723     3433     3288     3310     3216     3041     2956     2756     935      3031     4233     1973     1726     2777     2201     3146     3527     3672     3828     4145     292      2886     2234     3585     1116     3599     1739     2095     1125     2815     908      998      1932     2018     2015     826      2542     469      1561     2465     1226     1518     3086     3033     2102     3057     2220     3273     1071     716      3520     1670     3764     1396     3629     996      2942     1922     2843     3393     3474     
1        1640     0        2698     1658     480      675      2152     3397     1880     2274     1745     781      1475     3084     2126     2650     1050     3115     1536     2543     351      2570     2734     3513     1880     2257     1372     2816     2124     1615     4106     1346     3143     1702     3129     2593     2378     3552     3624     4039     1909     1373     1672     2803     759      3028     2620     1251     1537     3172     1221     1590     302      2806     1250     952      3598     2048     458      2656     1421     2232     1969     3480     3043     3113     2781     2403     1644     1109     1983     2998     3170     1070     2216     1298     1414     2896     2539     2834     2614     
2        3304     2698     0        3615     2835     2863     556      1208     3583     2681     989      2576     1935     2456     1945     3090     2099     1195     2533     2075     2346     520      104      1646     1605     494      2368     1211     2852     1820     1599     1430     3554     1164     2682     170      1160     1181     1128     1566     3372     2104     1108     414      2415     330      2482     1453     3970     1766     3597     3945     2768     2370     1475     2620     3114     3354     2287     1433     3924     2250     1113     2027     2672     1249     2018     548      2300     3347     2293     3309     480      1978     1887     2308     2150     2682     632      149      521      
3        394      1658     3615     0        2082     1010     3178     3809     340      1616     2899     1137     1706     2678     2049     1724     1532     3467     1170     2331     1816     3705     3606     3698     3380     3319     3022     3131     1322     3168     4606     2238     2030     2995     2586     3462     3744     4042     4192     4519     594      2986     2524     3874     1299     3919     2131     2330     771      3206     647      629      1925     2411     2259     1030     2910     777      1687     2846     898      1912     3302     3427     2487     3435     2614     3542     1442     571      3615     2005     4083     1659     3774     1316     3036     2306     3185     3712     3748     
4        2103     480      2835     2082     0        1140     2279     3664     2329     2743     1848     1261     1893     3514     2544     3127     1478     3408     2010     2963     643      2621     2887     3831     1741     2361     1054     3129     2602     1442     4330     1615     3622     1733     3573     2754     2312     3794     3842     4271     2378     1138     1912     2872     1226     3160     3069     1459     1831     3532     1569     1913     178      3240     1489     1432     4050     2522     836      3003     1685     2676     1950     3847     3490     3413     3186     2462     2101     1515     1682     3475     3288     1472     2003     1759     1160     3349     2778     2979     2663     
5        965      675      2863     1010     1140     0        2362     3329     1208     1744     2020     327      1199     2676     1787     2070     826      3012     1011     2180     807      2855     2876     3348     2392     2492     2016     2686     1546     2166     4094     1433     2534     2066     2676     2729     2802     3524     3634     4017     1238     1976     1759     3056     461      3187     2163     1453     1110     2934     740      1104     967      2390     1404     415      3113     1384     697      2463     1061     1809     2365     3216     2583     2996     2447     2687     1200     523      2605     2413     3343     921      2774     878      2026     2420     2557     2982     2899     
6        2895     2152     556      3178     2279     2362     0        1595     3181     2448     434      2094     1566     2452     1746     2887     1645     1470     2165     1980     1800     544      613      1948     1181     148      1858     1355     2570     1342     2114     943      3387     640      2651     494      928      1637     1628     2070     2998     1595     662      698      1928     882      2353     921      3473     1922     3102     3459     2213     2306     958      2158     3123     3005     1754     1468     3416     2053     688      2223     2621     1508     2001     402      1964     2862     1873     3148     1018     1519     1541     1905     1646     2593     755      701      583      
7        3434     3397     1208     3809     3664     3329     1595     0        3668     2439     1976     3004     2159     1756     1783     2726     2503     345      2639     1648     3069     1727     1105     502      2766     1618     3437     678      2700     2937     799      2057     3067     2226     2002     1147     2369     268      482      710      3397     3175     1752     1563     2873     1116     2039     2207     4350     889      3991     4283     3553     1812     2175     2976     2308     3316     2941     980      4352     2007     2266     1006     2036     389      1439     1748     2366     3716     3460     2828     1189     2418     3084     2542     3230     2123     899      1098     1724     
8        290      1880     3583     340      2329     1208     3181     3668     0        1366     2942     1252     1647     2423     1888     1418     1559     3324     1061     2124     1989     3720     3563     3517     3501     3327     3217     2991     1066     3311     4468     2262     1696     3067     2312     3423     3817     3912     4074     4378     299      3157     2520     3869     1399     3874     1882     2385     1104     3011     980      957      2164     2167     2305     1111     2608     463      1835     2692     1238     1710     3376     3211     2214     3286     2403     3561     1322     860      3791     1682     4039     1686     3911     1278     3211     2033     3108     3668     3761     
9        1226     2274     2681     1616     2743     1744     2448     2439     1366     0        2389     1504     1029     1062     738      454      1326     2098     741      802      2156     2978     2630     2209     3200     2593     3274     1788     299      3124     3226     1757     984      2613     982      2511     3292     2700     2888     3133     1066     3112     1849     3049     1517     2910     516      1979     2339     1686     2068     2220     2567     801      1879     1349     1375     933      1948     1470     2419     446      2893     1857     884      2050     1063     2850     667      1817     3705     777      3072     1393     3642     990      3177     706      2092     2724     3012     
10       2652     1745     989      2899     1848     2020     434      1976     2942     2389     0        1780     1411     2578     1750     2842     1383     1807     1984     2058     1395     838      1047     2281     909      516      1461     1631     2462     992      2539     687      3362     279      2751     923      910      2044     2051     2491     2790     1201     548      1059     1613     1312     2387     572      3127     2174     2759     3125     1788     2392     640      1869     3242     2822     1373     1672     3057     2041     506      2490     2707     1835     2136     669      1824     2534     1568     3134     1441     1256     1328     1693     1257     2650     1090     1135     882      
11       974      781      2576     1137     1261     327      2094     3004     1252     1504     1780     0        873      2384     1473     1869     504      2686     762      1874     765      2603     2583     3021     2253     2229     1997     2359     1343     2059     3772     1152     2361     1859     2400     2436     2607     3202     3315     3694     1203     1915     1468     2791     166      2896     1887     1207     1396     2611     1024     1368     1082     2100     1146     173      2852     1315     589      2136     1367     1518     2166     2896     2310     2669     2136     2437     909      770      2548     2217     3055     608      2659     572      1971     2153     2243     2689     2647     
12       1373     1475     1935     1706     1893     1199     1566     2159     1647     1029     1411     873      0        1621     651      1481     426      1831     601      1070     1255     2110     1915     2149     2177     1713     2268     1498     1055     2095     2943     743      2012     1609     1695     1775     2322     2372     2506     2860     1439     2092     910      2237     775      2226     1209     954      2191     1741     1832     2129     1731     1351     854      820      2185     1439     1057     1264     2194     810      1902     2033     1618     1810     1306     1961     412      1557     2677     1804     2391     423      2619     393      2158     1495     1478     2020     2149     
13       2286     3084     2456     2678     3514     2676     2452     1756     2423     1062     2578     2384     1621     0        975      1121     2037     1470     1682     562      2877     2892     2372     1372     3482     2570     3799     1277     1359     3500     2458     2138     1339     2850     247      2300     3378     2021     2238     2362     2123     3587     2055     2868     2341     2577     548      2379     3392     870      3103     3277     3349     285      2289     2261     671      1976     2678     1023     3462     867      3064     900      290      1408     450      2812     1477     2840     4099     1116     2716     2044     3907     1813     3653     431      1826     2439     2913     
14       1665     2126     1945     2049     2544     1787     1746     1783     1888     738      1750     1473     651      975      0        1150     1075     1437     894      418      1904     2263     1892     1649     2619     1886     2847     1108     946      2595     2582     1206     1641     2000     1073     1775     2627     2031     2204     2491     1614     2648     1202     2319     1404     2172     641      1446     2663     1176     2330     2574     2382     716      1351     1378     1572     1537     1708     804      2697     308      2255     1436     1007     1399     663      2143     628      2054     3192     1402     2334     1072     3057     909      2714     916      1354     1985     2294     
15       1368     2650     3090     1724     3127     2070     2887     2726     1418     454      2842     1869     1481     1121     1150     0        1756     2396     1120     1086     2564     3411     3032     2429     3654     3030     3710     2111     527      3576     3490     2212     531      3068     949      2920     3742     2992     3193     3394     1131     3556     2300     3468     1907     3301     686      2433     2488     1901     2269     2353     2950     940      2333     1703     1190     954      2358     1794     2594     841      3346     2007     859      2342     1291     3287     1104     2045     4154     347      3460     1832     4097     1404     3621     691      2483     3122     3443     
16       1269     1050     2099     1532     1478     826      1645     2503     1559     1326     1383     504      426      2037     1075     1756     0        2189     681      1493     850      2174     2099     2539     2008     1787     1955     1865     1265     1872     3267     708      2282     1517     2096     1953     2264     2698     2811     3190     1418     1811     996      2342     372      2413     1596     831      1892     2154     1522     1853     1312     1763     747      520      2578     1473     645      1659     1870     1200     1825     2452     2014     2175     1732     2012     659      1259     2425     2097     2574     127      2440     366      1874     1879     1740     2206     2216     
17       3091     3115     1195     3467     3408     3012     1470     345      3324     2098     1807     2686     1831     1470     1437     2396     2189     0        2297     1313     2797     1709     1093     477      2652     1524     3261     336      2356     2792     1144     1792     2756     2073     1717     1090     2322     601      797      1054     3052     3004     1507     1592     2561     1198     1712     1963     4018     634      3662     3949     3288     1497     1921     2651     2064     2970     2657     635      4025     1663     2158     843      1741     63       1119     1697     2024     3387     3342     2514     1309     2110     3003     2210     3062     1814     720      1119     1715     
18       802      1536     2533     1170     2010     1011     2165     2639     1061     741      1984     762      601      1682     894      1120     681      2297     0        1230     1446     2709     2509     2542     2679     2313     2620     1961     603      2553     3436     1298     1631     2156     1667     2370     2889     2873     3026     3349     838      2488     1506     2839     787      2817     1156     1473     1771     2068     1447     1680     1833     1396     1379     608      2101     842      1241     1679     1814     826      2458     2315     1573     2265     1511     2558     272      1175     3105     1468     2983     784      3115     314      2550     1408     2046     2613     2749     
19       1937     2543     2075     2331     2963     2180     1980     1648     2124     802      2058     1874     1070     562      418      1086     1493     1313     1230     0        2323     2460     2005     1407     2952     2110     3239     1024     1084     2955     2428     1581     1494     2323     696      1909     2895     1913     2110     2334     1833     3030     1521     2475     1815     2252     416      1822     2994     889      2677     2893     2801     334      1731     1767     1194     1720     2127     709      3043     419      2554     1096     649      1261     283      2361     989      2405     3553     1247     2405     1490     3383     1303     3096     614      1447     2086     2487     
20       1723     351      2346     1816     643      807      1800     3069     1989     2156     1395     765      1255     2877     1904     2564     850      2797     1446     2323     0        2224     2383     3208     1601     1906     1233     2507     2049     1362     3767     1012     3077     1365     2945     2242     2062     3217     3283     3702     1965     1171     1331     2454     670      2677     2447     902      1818     2893     1475     1850     497      2607     906      935      3428     2080     207      2367     1718     2050     1642     3206     2864     2798     2543     2056     1497     1313     1803     2911     2818     832      1970     1165     1223     2730     2202     2483     2267     
21       3433     2570     520      3705     2621     2855     544      1727     3720     2978     838      2603     2110     2892     2263     3411     2174     1709     2709     2460     2224     0        624      2166     1167     396      1996     1692     3110     1424     2049     1466     3902     888      3106     624      650      1683     1602     2028     3541     1740     1204     263      2436     698      2850     1402     3963     2258     3595     3958     2584     2775     1457     2679     3559     3550     2211     1876     3895     2571     718      2532     3086     1761     2444     168      2508     3365     1832     3660     756      2047     1394     2445     1776     3075     1081     634      43       
22       3288     2734     104      3606     2887     2876     613      1105     3563     2630     1047     2583     1915     2372     1892     3032     2099     1093     2509     2005     2383     624      0        1542     1699     571      2449     1118     2809     1907     1515     1445     3490     1238     2601     146      1264     1083     1038     1478     3346     2185     1117     507      2423     314      2414     1484     3979     1670     3606     3950     2815     2295     1500     2620     3027     3323     2316     1350     3937     2194     1204     1927     2594     1147     1938     648      2270     3352     2388     3244     477      1981     1987     2294     2232     2608     557      106      625      
23       3310     3513     1646     3698     3831     3348     1948     502      3517     2209     2281     3021     2149     1372     1649     2429     2539     477      2542     1407     3208     2166     1542     0        3130     1999     3731     702      2492     3268     1086     2220     2711     2549     1613     1555     2790     722      941      991      3231     3476     1954     2027     2910     1599     1751     2406     4302     528      3958     4220     3704     1490     2355     2965     1859     3126     3055     885      4325     1810     2635     529      1662     446      1150     2164     2272     3681     3820     2482     1684     2475     3478     2506     3535     1777     1198     1554     2168     
24       3216     1880     1605     3380     1741     2392     1181     2766     3501     3200     909      2253     2177     3482     2619     3654     2008     2652     2679     2952     1601     1167     1699     3130     0        1148     873      2515     3225     310      3198     1442     4184     632      3648     1625     626      2779     2733     3170     3409     649      1430     1425     2101     1855     3260     1223     3412     3071     3076     3450     1771     3286     1323     2390     4143     3478     1697     2578     3300     2894     499      3382     3599     2688     3043     1068     2578     2909     694      3966     1923     1896     442      2367     663      3531     1934     1748     1196     
25       3041     2257     494      3319     2361     2492     148      1618     3327     2593     516      2229     1713     2570     1886     3030     1787     1524     2313     2110     1906     396      571      1999     1148     0        1877     1437     2717     1339     2086     1082     3528     670      2774     478      823      1636     1607     2048     3145     1613     808      563      2063     804      2488     1043     3603     2007     3232     3592     2304     2432     1088     2297     3241     3153     1871     1574     3542     2194     648      2302     2747     1566     2119     257      2112     2996     1842     3288     926      1660     1479     2051     1661     2724     825      643      435      
26       2956     1372     2368     3022     1054     2016     1858     3437     3217     3274     1461     1997     2268     3799     2847     3710     1955     3261     2620     3239     1233     1996     2449     3731     873      1877     0        3058     3218     577      3964     1663     4237     1218     3921     2347     1499     3496     3483     3924     3199     264      1819     2259     1886     2654     3465     1425     2872     3567     2583     2942     1153     3561     1511     2164     4420     3310     1412     3039     2733     3069     1279     3890     3854     3285     3396     1870     2608     2482     628      4049     2743     1880     996      2314     220      3750     2549     2516     2030     
27       2756     2816     1211     3131     3129     2686     1355     678      2991     1788     1631     2359     1498     1277     1108     2111     1865     336      1961     1024     2507     1692     1118     702      2515     1437     3058     0        2037     2623     1477     1517     2502     1908     1516     1071     2259     923      1101     1389     2722     2807     1259     1625     2238     1302     1435     1707     3683     570      3329     3613     3002     1251     1654     2319     1916     2644     2358     318      3692     1347     2036     869      1524     311      873      1646     1688     3053     3194     2257     1439     1792     2895     1875     2869     1571     616      1174     1706     
28       935      2124     2852     1322     2602     1546     2570     2700     1066     299      2462     1343     1055     1359     946      527      1265     2356     603      1084     2049     3110     2809     2492     3225     2717     3218     2037     0        3121     3493     1798     1028     2665     1266     2683     3372     2957     3139     3400     767      3076     1940     3202     1386     3100     815      2002     2056     1973     1800     1933     2424     1101     1904     1176     1625     637      1844     1722     2144     693      2957     2154     1167     2311     1354     2972     647      1559     3686     874      3264     1354     3665     903      3140     986      2288     2907     3146     
29       3031     1615     1820     3168     1442     2166     1342     2937     3311     3124     992      2059     2095     3500     2595     3576     1872     2792     2553     2955     1362     1424     1907     3268     310      1339     577      2623     3121     0        3420     1391     4107     719      3650     1817     930      2974     2945     3385     3241     340      1451     1687     1916     2094     3234     1154     3153     3162     2827     3199     1483     3286     1253     2207     4149     3324     1482     2650     3034     2853     713      3480     3594     2823     3073     1305     2480     2675     598      3899     2175     1770     607      2238     360      3512     2071     1967     1456     
30       4233     4106     1599     4606     4330     4094     2114     799      4468     3226     2539     3772     2943     2458     2582     3490     3267     1144     3436     2428     3767     2049     1515     1086     3198     2086     3964     1477     3493     3420     0        2760     3794     2750     2699     1620     2691     570      489      95       4197     3700     2435     1814     3634     1350     2804     2875     5134     1598     4772     5072     4235     2558     2860     3754     2928     4113     3657     1778     5130     2800     2712     1598     2747     1184     2198     2130     3164     4498     3878     3563     1321     3174     3440     3330     3748     2856     1566     1453     2029     
31       1973     1346     1430     2238     1615     1433     943      2057     2262     1757     687      1152     743      2138     1206     2212     708      1792     1298     1581     1012     1466     1445     2220     1442     1082     1663     1517     1798     1391     2760     0        2741     867      2271     1298     1591     2206     2279     2693     2103     1449     333      1641     988      1755     1842     241      2541     1958     2168     2520     1497     1908     152      1215     2771     2134     898      1423     2493     1462     1163     2280     2210     1798     1733     1304     1153     1922     1986     2524     1910     580      1885     1005     1515     2122     1193     1550     1509     
32       1726     3143     3554     2030     3622     2534     3387     3067     1696     984      3362     2361     2012     1339     1641     531      2282     2756     1631     1494     3077     3902     3490     2711     4184     3528     4237     2502     1028     4107     3794     2741     0        3593     1107     3386     4257     3335     3546     3699     1450     4085     2817     3944     2413     3745     1078     2964     2800     2197     2632     2654     3444     1258     2863     2190     1113     1263     2872     2196     2927     1334     3867     2233     1049     2698     1638     3785     1634     2437     4685     246      3899     2360     4626     1925     4150     944      2934     3575     3933     
33       2777     1702     1164     2995     1733     2066     640      2226     3067     2613     279      1859     1609     2850     2000     3068     1517     2073     2156     2323     1365     888      1238     2549     632      670      1218     1908     2665     719      2750     867      3593     0        3018     1130     750      2277     2266     2708     2936     955      802      1140     1695     1469     2641     687      3155     2453     2795     3167     1698     2657     777      1968     3511     2983     1385     1952     3070     2284     309      2769     2971     2103     2410     729      2020     2588     1288     3369     1579     1394     1060     1853     1007     2908     1353     1313     930      
34       2201     3129     2682     2586     3573     2676     2651     2002     2312     982      2751     2400     1695     247      1073     949      2096     1717     1667     696      2945     3106     2601     1613     3648     2774     3921     1516     1266     3650     2699     2271     1107     3018     0        2523     3574     2268     2485     2604     2013     3718     2217     3092     2375     2813     513      2512     3321     1116     3050     3199     3404     363      2419     2265     500      1855     2742     1250     3402     897      3245     1126     98       1655     664      3020     1493     2796     4249     894      2955     2117     4078     1837     3785     279      2050     2670     3129     
35       3146     2593     170      3462     2754     2729     494      1147     3423     2511     923      2436     1775     2300     1775     2920     1953     1090     2370     1909     2242     624      146      1555     1625     478      2347     1071     2683     1817     1620     1298     3386     1130     2523     0        1235     1157     1136     1577     3208     2083     970      569      2277     460      2314     1342     3832     1635     3459     3803     2678     2208     1355     2474     2961     3189     2172     1277     3791     2080     1126     1907     2512     1139     1859     609      2134     3206     2318     3141     622      1834     1937     2151     2133     2518     474      252      635      
36       3527     2378     1160     3744     2312     2802     928      2369     3817     3292     910      2607     2322     3378     2627     3742     2264     2322     2889     2895     2062     650      1264     2790     626      823      1499     2259     3372     930      2691     1591     4257     750      3574     1235     0        2334     2252     2674     3681     1270     1442     877      2444     1343     3253     1433     3875     2830     3521     3895     2318     3224     1519     2719     4050     3723     2110     2395     3780     2927     441      3120     3541     2369     2928     626      2734     3325     1217     4025     1378     2139     750      2592     1288     3503     1644     1283     664      
37       3672     3552     1181     4042     3794     3524     1637     268      3912     2700     2044     3202     2372     2021     2031     2992     2698     601      2873     1913     3217     1683     1083     722      2779     1636     3496     923      2957     2974     570      2206     3335     2277     2268     1157     2334     0        221      492      3645     3232     1887     1488     3065     1018     2306     2335     4563     1152     4201     4502     3692     2080     2313     3184     2563     3568     3100     1234     4559     2264     2282     1246     2303     651      1706     1730     2601     3928     3471     3096     1057     2606     3068     2761     3284     2391     1016     1051     1673     
38       3828     3624     1128     4192     3842     3634     1628     482      4074     2888     2051     3315     2506     2238     2204     3193     2811     797      3026     2110     3283     1602     1038     941      2733     1607     3483     1101     3139     2945     489      2279     3546     2266     2485     1136     2252     221      0        441      3812     3219     1952     1385     3173     912      2509     2389     4690     1371     4325     4634     3749     2289     2376     3308     2784     3742     3178     1418     4679     2449     2241     1467     2518     851      1913     1669     2757     4054     3418     3306     920      2713     2996     2897     3268     2602     1088     985      1587     
39       4145     4039     1566     4519     4271     4017     2070     710      4378     3133     2491     3694     2860     2362     2491     3394     3190     1054     3349     2334     3702     2028     1478     991      3170     2048     3924     1389     3400     3385     95       2693     3699     2708     2604     1577     2674     492      441      0        4106     3660     2370     1800     3557     1331     2709     2814     5052     1503     4691     4988     4173     2462     2796     3674     2835     4021     3589     1687     5050     2707     2679     1504     2651     1093     2103     2103     3077     4417     3852     3467     1313     3098     3422     3247     3709     2760     1500     1422     2010     
40       292      1909     3372     594      2378     1238     2998     3397     299      1066     2790     1203     1439     2123     1614     1131     1418     3052     838      1833     1965     3541     3346     3231     3409     3145     3199     2722     767      3241     4197     2103     1450     2936     2013     3208     3681     3645     3812     4106     0        3115     2336     3676     1328     3653     1582     2249     1363     2721     1183     1224     2205     1868     2162     1040     2319     186      1791     2418     1481     1421     3244     2916     1915     3013     2109     3386     1080     1007     3748     1412     3819     1542     3830     1098     3173     1734     2872     3450     3581     
41       2886     1373     2104     2986     1138     1976     1595     3175     3157     3112     1201     1915     2092     3587     2648     3556     1811     3004     2488     3030     1171     1740     2185     3476     649      1613     264      2807     3076     340      3700     1449     4085     955      3718     2083     1270     3232     3219     3660     3115     0        1580     2003     1789     2392     3274     1208     2904     3324     2595     2963     1201     3356     1299     2075     4218     3215     1325     2799     2776     2882     1021     3647     3655     3030     3175     1610     2451     2467     633      3889     2483     1725     865      2176     66       3558     2290     2253     1775     
42       2234     1672     1108     2524     1912     1759     662      1752     2520     1849     548      1468     910      2055     1202     2300     996      1507     1506     1521     1331     1204     1117     1954     1430     808      1819     1259     1940     1451     2435     333      2817     802      2217     970      1442     1887     1952     2370     2336     1580     0        1351     1307     1429     1841     456      2862     1748     2490     2836     1805     1856     426      1515     2713     2347     1229     1220     2820     1493     1054     2072     2169     1519     1622     1051     1315     2239     2048     2587     1587     873      1862     1242     1644     2106     870      1222     1244     
43       3585     2803     414      3874     2872     3056     698      1563     3869     3049     1059     2791     2237     2868     2319     3468     2342     1592     2839     2475     2454     263      507      2027     1425     563      2259     1625     3202     1687     1814     1641     3944     1140     3092     569      877      1488     1385     1800     3676     2003     1351     0        2625     473      2877     1605     4166     2177     3795     4155     2830     2776     1651     2856     3527     3673     2429     1845     4105     2626     982      2430     3081     1648     2428     410      2622     3558     2080     3699     502      2216     1627     2591     2039     3085     1042     473      230      
44       1116     759      2415     1299     1226     461      1928     2873     1399     1517     1613     166      775      2341     1404     1907     372      2561     787      1815     670      2436     2423     2910     2101     2063     1886     2238     1386     1916     3634     988      2413     1695     2375     2277     2444     3065     3173     3557     1328     1789     1307     2625     0        2736     1864     1040     1555     2516     1182     1532     1050     2060     979      290      2840     1426     475      2028     1518     1481     2002     2809     2287     2547     2067     2270     885      934      2421     2255     2894     460      2513     539      1847     2138     2096     2529     2480     
45       3599     3028     330      3919     3160     3187     882      1116     3874     2910     1312     2896     2226     2577     2172     3301     2413     1198     2817     2252     2677     698      314      1599     1855     804      2654     1302     3100     2094     1350     1755     3745     1469     2813     460      1343     1018     912      1331     3653     2392     1429     473      2736     0        2666     1783     4291     1816     3919     4263     3096     2525     1804     2934     3217     3626     2617     1569     4248     2470     1380     2040     2815     1258     2157     789      2575     3666     2529     3498     165      2294     2090     2606     2435     2844     818      207      679      
46       1739     2620     2482     2131     3069     2163     2353     2039     1882     516      2387     1887     1209     548      641      686      1596     1712     1156     416      2447     2850     2414     1751     3260     2488     3465     1435     815      3234     2804     1842     1078     2641     513      2314     3253     2306     2509     2709     1582     3274     1841     2877     1864     2666     0        2081     2844     1222     2559     2729     2899     287      1984     1752     981      1443     2242     1123     2916     399      2892     1359     423      1657     605      2743     980      2299     3829     831      2820     1627     3698     1325     3341     285      1858     2498     2879     
47       2095     1251     1453     2330     1459     1453     921      2207     2385     1979     572      1207     954      2379     1446     2433     831      1963     1473     1822     902      1402     1484     2406     1223     1043     1425     1707     2002     1154     2875     241      2964     687      2512     1342     1433     2335     2389     2814     2249     1208     456      1605     1040     1783     2081     0        2562     2172     2193     2556     1359     2149     100      1299     3012     2296     835      1638     2499     1698     994      2496     2452     1974     1970     1234     1355     1964     1748     2750     1930     707      1665     1167     1274     2362     1319     1585     1446     
48       1125     1537     3970     771      1831     1110     3473     4350     1104     2339     3127     1396     2191     3392     2663     2488     1892     4018     1771     2994     1818     3963     3979     4302     3412     3603     2872     3683     2056     3153     5134     2541     2800     3155     3321     3832     3875     4563     4690     5052     1363     2904     2862     4166     1555     4291     2844     2562     0        3838     372      155      1718     3116     2515     1383     3667     1548     1770     3425     178      2579     3446     4085     3222     3994     3277     3795     2034     636      3497     2775     4449     2003     3753     1808     2941     3042     3631     4085     4007     
49       2815     3172     1766     3206     3532     2934     1922     889      3011     1686     2174     2611     1741     870      1176     1901     2154     634      2068     889      2893     2258     1670     528      3071     2007     3567     570      1973     3162     1598     1958     2197     2453     1116     1635     2830     1152     1371     1503     2721     3324     1748     2177     2516     1816     1222     2172     3838     0        3505     3748     3390     963      2105     2536     1432     2610     2722     535      3873     1301     2598     323      1154     570      623      2216     1804     3229     3742     1964     1936     2108     3458     2068     3387     1257     1187     1714     2271     
