

sets
i        orders          /0*10/
k        routes          /1*10/
p        positions       /0*10/
;

alias(i,j)
alias(i,h)
alias(i,hh)
alias(i,jj)
alias(k,kk)
                            Parameters

rho(i)	Processing time
/
0	0
1	61
2	22
3	74
4	5
5	44
6	93
7	9
8	52
9	91
10	8
/

gamma(i)	Duedate
/
0	0
1	17
2	60
3	10
4	62
5	52
6	64
7	3
8	25
9	2
10	19
/

sigma(i)	Size
/
0	0
1	3
2	8
3	5
4	5
5	2
6	2
7	4
8	4
9	1
10	5
/

epsilon(i)	Priority
/
0	0
1	2
2	6
3	7
4	5
5	5
6	4
7	3
8	3
9	4
10	6
/

psi	Vehicle Capacity
/ 12 /
;

Table kappa(i,j)                 Setup
         0        1        2        3        4        5        6        7        8        9        10       
0        0        461      361      453      168      346      349      201      334      58       285      
1        461      0        431      188      342      116      338      261      481      411      478      
2        361      431      0        279      421      351      93       338      70       314      108      
3        453      188      279      0        399      182      189      294      342      395      356      
4        168      342      421      399      0        240      371      106      421      154      383      
5        346      116      351      182      240      0        263      149      391      295      380      
6        349      338      93       189      371      263      0        275      152      294      169      
7        201      261      338      294      106      149      275      0        351      156      321      
8        334      481      70       342      421      391      152      351      0        295      51       
9        58       411      314      395      154      295      294      156      295      0        249      
10       285      478      108      356      383      380      169      321      51       249      0        
;



Table delta(i,j)                 Distance
         0        1        2        3        4        5        6        7        8        9        10       
0        0        96       17       103      61       80       39       57       37       20       98       
1        96       0        112      29       41       85       65       80       60       92       19       
2        17       112      0        116      79       84       56       73       54       24       112      
3        103      29       116      0        62       65       81       101      73       92       10       
4        61       41       79       62       0        86       25       39       24       64       53       
5        80       85       84       65       86       0        86       115      77       61       70       
6        39       65       56       81       25       86       0        28       10       47       73       
7        57       80       73       101      39       115      28       0        38       71       92       
8        37       60       54       73       24       77       10       38       0        41       66       
9        20       92       24       92       64       61       47       71       41       0        90       
10       98       19       112      10       53       70       73       92       66       90       0        
;

