

sets
i        orders          /0*10/
k        routes          /1*10/
p        positions       /0*10/
;

alias(i,j)
alias(i,h)
alias(i,hh)
alias(i,jj)
alias(k,kk)
                            Parameters

rho(i)	Processing time
/
0	0
1	73
2	97
3	81
4	4
5	75
6	1
7	38
8	83
9	8
10	81
/

gamma(i)	Duedate
/
0	0
1	38
2	28
3	60
4	89
5	24
6	13
7	78
8	83
9	74
10	31
/

sigma(i)	Size
/
0	0
1	9
2	3
3	8
4	8
5	9
6	5
7	9
8	7
9	6
10	1
/

epsilon(i)	Priority
/
0	0
1	6
2	9
3	8
4	8
5	7
6	1
7	6
8	5
9	3
10	4
/

psi	Vehicle Capacity
/ 22 /
;

Table kappa(i,j)                 Setup
         0        1        2        3        4        5        6        7        8        9        10       
0        0        932      866      1190     949      24       623      443      147      898      1112     
1        932      0        923      423      79       925      310      627      906      337      180      
2        866      923      0        815      868      883      761      1022     724      1166     1044     
3        1190     423      815      0        349      1190     612      995      1116     757      386      
4        949      79       868      349      0        944      326      674      910      416      189      
5        24       925      883      1190     944      0        617      424      168      883      1105     
6        623      310      761      612      326      617      0        390      595      414      491      
7        443      627      1022     995      674      424      390      0        514      481      791      
8        147      906      724      1116     910      168      595      514      0        926      1086     
9        898      337      1166     757      416      883      414      481      926      0        416      
10       1112     180      1044     386      189      1105     491      791      1086     416      0        
;



Table delta(i,j)                 Distance
         0        1        2        3        4        5        6        7        8        9        10       
0        0        1270     2840     1190     2500     1290     1500     2530     1140     1440     1470     
1        1270     0        238      178      124      174      150      221      205      73       86       
2        2840     238      0        391      276      394      137      38       248      312      325      
3        1190     178      391      0        272      18       264      363      225      137      129      
4        2500     124      276      272      0        262      245      276      325      135      144      
5        1290     174      394      18       262      0        270      368      239      127      118      
6        1500     150      137      264      245      270      0        104      119      218      229      
7        2530     221      38       363      276      368      104      0        210      295      307      
8        1140     205      248      225      325      239      119      210      0        248      254      
9        1440     73       312      137      135      127      218      295      248      0        13       
10       1470     86       325      129      144      118      229      307      254      13       0        
;

