

sets
i        orders          /0*10/
k        routes          /1*10/
p        positions       /0*10/
;

alias(i,j)
alias(i,h)
alias(i,hh)
alias(i,jj)
alias(k,kk)
                            Parameters

rho(i)	Processing time
/
0	0
1	75
2	8
3	10
4	81
5	22
6	81
7	35
8	70
9	9
10	44
/

gamma(i)	Duedate
/
0	0
1	17
2	1
3	35
4	6
5	55
6	70
7	73
8	87
9	11
10	21
/

sigma(i)	Size
/
0	0
1	7
2	7
3	9
4	3
5	2
6	3
7	3
8	6
9	3
10	5
/

epsilon(i)	Priority
/
0	0
1	4
2	6
3	6
4	5
5	7
6	5
7	6
8	8
9	1
10	4
/

psi	Vehicle Capacity
/ 21 /
;

Table kappa(i,j)                 Setup
         0        1        2        3        4        5        6        7        8        9        10       
0        0        568      951      553      412      760      907      1131     850      982      472      
1        568      0        1013     542      170      388      501      866      470      1053     139      
2        951      1013     0        480      905      737      779      580      736      41       1065     
3        553      542      480      0        424      376      493      592      431      520      585      
4        412      170      905      424      0        405      545      858      498      944      160      
5        760      388      737      376      405      0        147      478      93       777      508      
6        907      501      779      493      545      147      0        397      62       818      632      
7        1131     866      580      592      858      478      397      0        404      608      981      
8        850      470      736      431      498      93       62       404      0        776      596      
9        982      1053     41       520      944      777      818      608      776      0        1104     
10       472      139      1065     585      160      508      632      981      596      1104     0        
;



Table delta(i,j)                 Distance
         0        1        2        3        4        5        6        7        8        9        10       
0        0        240      1850     3000     1390     1460     2220     2190     2310     3010     2500     
1        240      0        172      283      116      148      203      223      219      289      247      
2        1850     172      0        126      118      106      70       139      46       117      108      
3        3000     283      126      0        187      228      81       238      98       90       175      
4        1390     116      118      187      0        173      107      236      159      224      224      
5        1460     148      106      228      173      0        175      74       132      189      110      
6        2220     203      70       81       107      175      0        208      78       125      165      
7        2190     223      139      238      236      74       208      0        141      172      71       
8        2310     219      46       98       159      132      78       141      0        70       88       
9        3010     289      117      90       224      189      125      172      70       0        101      
10       2500     247      108      175      224      110      165      71       88       101      0        
;

