

sets
i        orders          /0*10/
k        routes          /1*10/
p        positions       /0*10/
;

alias(i,j)
alias(i,h)
alias(i,hh)
alias(i,jj)
alias(k,kk)
                            Parameters

rho(i)	Processing time
/
0	0
1	2
2	46
3	78
4	74
5	59
6	92
7	7
8	6
9	76
10	21
/

gamma(i)	Duedate
/
0	0
1	65
2	99
3	77
4	83
5	44
6	33
7	6
8	38
9	68
10	59
/

sigma(i)	Size
/
0	0
1	8
2	1
3	6
4	9
5	8
6	1
7	4
8	9
9	5
10	9
/

epsilon(i)	Priority
/
0	0
1	5
2	9
3	9
4	3
5	2
6	1
7	6
8	6
9	5
10	2
/

psi	Vehicle Capacity
/ 72 /
;

Table kappa(i,j)                 Setup
         0        1        2        3        4        5        6        7        8        9        10       
0        0        349      710      39       656      509      1031     645      161      458      944      
1        349      0        790      360      568      746      1266     681      280      311      1122     
2        710      790      0        672      357      367      613      127      842      520      391      
3        39       360      672      0        629      472      995      610      197      441      905      
4        656      568      357      629      0        594      966      233      732      257      748      
5        509      746      367      472      594      0        527      406      669      602      444      
6        1031     1266     613      995      966      527      0        732      1193     1073     246      
7        645      681      127      610      233      406      732      0        764      398      517      
8        161      280      842      197      732      669      1193     764      0        498      1100     
9        458      311      520      441      257      602      1073     398      498      0        891      
10       944      1122     391      905      748      444      246      517      1100     891      0        
;



Table delta(i,j)                 Distance
         0        1        2        3        4        5        6        7        8        9        10       
0        0        2540     850      800      1400     1270     2310     700      1520     970      1100     
1        2540     0        169      204      195      254      236      252      173      285      143      
2        850      169      0        51       119      123      188      109      93       146      29       
3        800      204      51       0        166      72       154      133      72       168      78       
4        1400     195      119      166      0        238      305      87       209      105      107      
5        1270     254      123      72       238      0        117      194      85       224      147      
6        2310     236      188      154      305      117      0        288      95       323      198      
7        700      252      109      133      87       194      288      0        199      37       120      
8        1520     173      93       72       209      85       95       199      0        235      102      
9        970      285      146      168      105      224      323      37       235      0        156      
10       1100     143      29       78       107      147      198      120      102      156      0        
;

