

sets
i        orders          /0*40/
k        routes          /1*40/
p        positions       /0*40/
;

alias(i,j)
alias(i,h)
alias(i,hh)
alias(i,jj)
alias(k,kk)
                            Parameters

rho(i)	Processing time
/
0	0
1	17
2	61
3	41
4	83
5	8
6	50
7	92
8	60
9	17
10	20
11	71
12	51
13	41
14	62
15	47
16	26
17	34
18	73
19	78
20	4
21	19
22	9
23	17
24	23
25	17
26	32
27	16
28	89
29	11
30	64
31	52
32	3
33	42
34	7
35	63
36	73
37	19
38	4
39	5
40	61
/

gamma(i)	Duedate
/
0	0
1	85
2	62
3	59
4	39
5	49
6	7
7	4
8	92
9	19
10	34
11	34
12	41
13	34
14	19
15	54
16	53
17	47
18	67
19	17
20	3
21	13
22	7
23	74
24	90
25	42
26	58
27	42
28	7
29	71
30	16
31	93
32	59
33	28
34	93
35	18
36	34
37	51
38	3
39	50
40	80
/

sigma(i)	Size
/
0	0
1	8
2	1
3	8
4	2
5	6
6	6
7	3
8	8
9	2
10	4
11	5
12	6
13	6
14	4
15	4
16	7
17	6
18	9
19	3
20	3
21	7
22	9
23	9
24	9
25	4
26	6
27	9
28	9
29	1
30	8
31	8
32	3
33	3
34	7
35	1
36	8
37	1
38	7
39	1
40	3
/

epsilon(i)	Priority
/
0	0
1	5
2	3
3	6
4	2
5	4
6	8
7	3
8	4
9	2
10	5
11	3
12	1
13	4
14	8
15	6
16	8
17	2
18	4
19	1
20	9
21	7
22	7
23	6
24	7
25	3
26	8
27	5
28	1
29	3
30	6
31	5
32	7
33	7
34	8
35	7
36	6
37	4
38	3
39	7
40	5
/

psi	Vehicle Capacity
/ 14 /
;

Table kappa(i,j)                 Setup
         0        1        2        3        4        5        6        7        8        9        10       11       12       13       14       15       16       17       18       19       20       21       22       23       24       25       26       27       28       29       30       31       32       33       34       35       36       37       38       39       40       
0        0        178      249      174      28       113      158      88       283      335      157      212      98       78       294      230      208      170      248      117      198      313      66       189      251      176      48       85       215      291      130      106      43       96       58       211      29       292      55       348      322      
1        178      0        84       331      182      128      23       266      167      238      73       252      262      114      389      298      84       266      72       136      226      298      223      93       84       269      223      251      232      324      306      281      220      268      198      103      177      154      215      439      344      
2        249      84       0        411      259      212      107      335      210      281      154      334      321      195      473      381      146      350      34       220      307      367      282      164      4        353      296      312      311      402      371      345      292      331      278      166      241      182      277      522      419      
3        174      331      411      0        155      215      308      121      373      398      282      197      180      217      173      171      326      120      403      211      206      308      191      300      413      125      128      173      222      244      139      146      135      157      133      320      195      397      184      220      276      
4        28       182      259      155      0        97       161      90       271      318      151      185      116      72       267      202      201      142      254      100      172      288      90       179      261      148      43       102      189      263      136      115      42       108      30       202      57       283      78       321      294      
5        113      128      212      215      97       0        104      186      174      222      66       135      211      45       262      174      112      138      196      9        111      213      179      86       212      141      138      197      123      213      233      212      138      205      94       108      133      189      167      314      239      
6        158      23       107      308      161      104      0        246      164      233      55       231      246      91       367      276      78       243      94       113      205      282      207      80       107      246      203      235      212      305      288      263      200      251      176      94       160      156      199      417      325      
7        88       266      335      121      90       186      246      0        360      405      241      245      60       162      281      244      291      180      336      188      239      357      72       270      337      186      47       52       258      315      47       32       48       38       96       292      94       374      68       333      348      
8        283      167      210      373      271      174      164      360      0        71       130      206      382      205      351      258      86       265      176      173      183      180      346      96       207      263      313      368      174      243      407      386      313      378      267      74       298      38       336      388      247      
9        335      238      281      398      318      222      233      405      71       0        192      210      433      260      343      258      154      281      247      218      194      144      400      158      278      277      358      419      179      222      452      433      359      427      309      139      353      100      389      372      217      
10       157      73       154      282      151      66       55       241      130      192      0        179      255      79       319      227      50       201      133      72       153      228      218      34       154      202      194      241      158      250      286      263      193      254      156      55       169      134      208      368      270      
11       212      252      334      197      185      135      231      245      206      210      179      0        293      176      147      52       199      77       311      125      26       113      274      174      333      72       207      280      31       80       289      277      212      278      160      183      241      240      262      191      109      
12       98       262      321      180      116      211      246      60       382      433      255      293      0        176      340      298      305      234      328      215      284      402      39       287      324      240      86       14       302      367      59       37       81       23       135      309      86       389      47       392      399      
13       78       114      195      217      72       45       91       162      205      260      79       176      176      0        292      210      130      164      186      54       154      259      141      110      196      168      115      162      168      256      207      183      113      174      84       133      93       214      130      345      283      
14       294      389      473      173      267      262      367      281      351      343      319      147      340      292      0        95       345      128      453      254      173      209      338      319      473      124      265      330      177      125      309      311      271      319      236      329      322      386      328      54       146      
15       230      298      381      171      202      174      276      244      258      258      227      52       298      210      95       0        250      64       360      165      78       141      285      224      381      57       214      285      83       73       283      276      219      280      173      235      259      292      274      141      106      
16       208      84       146      326      201      112      78       291      86       154      50       199      305      130      345      250      0        235      117      115      172      221      268      27       144      236      244      292      172      260      337      314      243      304      205      19       219      84       258      390      274      
17       170      266      350      120      142      138      243      180      265      281      201      77       234      164      128      64       235      0        334      131      87       189      223      208      351      6        150      222      102      135      220      212      156      216      112      224      199      294      212      182      168      
18       248      72       34       403      254      196      94       336      176      247      133      311      328      186      453      360      117      334      0        203      284      337      288      138      31       335      294      317      286      376      375      349      291      335      271      136      245      148      282      501      392      
19       117      136      220      211      100      9        113      188      173      218      72       125      215      54       254      165      115      131      203      0        102      205      184      89       220      133      140      201      114      204      235      215      141      208      94       109      139      190      172      305      230      
20       198      226      307      206      172      111      205      239      183      194      153      26       284      154      173      78       172      87       284      102      0        117      262      147      307      83       198      270      18       102      285      271      202      270      149      156      225      216      250      218      128      
21       313      298      367      308      288      213      282      357      180      144      228      113      402      259      209      141      221      189      337      205      117      0        378      205      365      184      316      388      99       84       401      389      320      388      267      201      339      219      366      230      72       
22       66       223      282      191      90       179      207      72       346      400      218      274      39       141      338      285      268      223      288      184      262      378      0        251      285      229      73       30       279      351      92       66       67       50       114      273      48       352      12       391      382      
23       189      93       164      300      179      86       80       270      96       158      34       174      287      110      319      224      27       208      138      89       147      205      251      0        163      208      222      273      148      238      316      293      221      285      180      22       202      104      240      365      255      
24       251      84       4        413      261      212      107      337      207      278      154      333      324      196      473      381      144      351      31       220      307      365      285      163      0        353      299      315      310      401      374      348      294      334      280      164      244      179      280      522      418      
25       176      269      353      125      148      141      246      186      263      277      202      72       240      168      124      57       236      6        335      133      83       184      229      208      353      0        156      228      98       129      226      219      162      222      118      223      205      293      218      177      162      
26       48       223      296      128      43       138      203      47       313      358      194      207      86       115      265      214      244      150      294      140      198      316      73       222      299      156      0        72       216      281      95       75       6        72       50       244      67       326      63       319      313      
27       85       251      312      173      102      197      235      52       368      419      241      280      14       162      330      285      292      222      317      201      270      388      30       273      315      228      72       0        288      354      62       37       68       21       121      296      74       376      35       383      386      
28       215      232      311      222      189      123      212      258      174      179      158      31       302      168      177      83       172      102      286      114      18       99       279      148      310      98       216      288      0        92       303      290      220      289      167      155      242      209      267      219      115      
29       291      324      402      244      263      213      305      315      243      222      250      80       367      256      125      73       260      135      376      204      102      84       351      238      401      129      281      354      92       0        355      347      286      350      236      241      319      281      339      149      33       
30       130      306      371      139      136      233      288      47       407      452      286      289      59       207      309      283      337      220      375      235      285      401      92       316      374      226      95       62       303      355      0        26       94       41       143      339      130      420      95       359      388      
31       106      281      345      146      115      212      263      32       386      433      263      277      37       183      311      276      314      212      349      215      271      389      66       293      348      219      75       37       290      347      26       0        74       16       125      316      104      397      68       362      380      
32       43       220      292      135      42       138      200      48       313      359      193      212      81       113      271      219      243      156      291      141      202      320      67       221      294      162      6        68       220      286      94       74       0        69       53       244      60       325      56       325      318      
33       96       268      331      157      108      205      251      38       378      427      254      278      23       174      319      280      304      216      335      208      270      388      50       285      334      222      72       21       289      350      41       16       69       0        122      307      90       388      54       371      383      
34       58       198      278      133      30       94       176      96       267      309      156      160      135      84       236      173      205      112      271      94       149      267      114      180      280      118      50       121      167      236      143      125      53       122      0        202      87       284      102      290      268      
35       211      103      166      320      202      108      94       292      74       139      55       183      309      133      329      235      19       224      136      109      156      201      273      22       164      223      244      296      155      241      339      316      244      307      202      0        225      81       263      374      255      
36       29       177      241      195      57       133      160      94       298      353      169      241      86       93       322      259      219      199      245      139      225      339      48       202      244      205      67       74       242      319      130      104      60       90       87       225      0        304      39       377      350      
37       292      154      182      397      283      189      156      374      38       100      134      240      389      214      386      292      84       294      148      190      216      219      352      104      179      293      326      376      209      281      420      397      325      388      284      81       304      0        342      425      286      
38       55       215      277      184      78       167      199      68       336      389      208      262      47       130      328      274      258      212      282      172      250      366      12       240      280      218      63       35       267      339      95       68       56       54       102      263      39       342      0        382      371      
39       348      439      522      220      321      314      417      333      388      372      368      191      392      345      54       141      390      182      501      305      218      230      391      365      522      177      319      383      219      149      359      362      325      371      290      374      377      425      382      0        160      
40       322      344      419      276      294      239      325      348      247      217      270      109      399      283      146      106      274      168      392      230      128      72       382      255      418      162      313      386      115      33       388      380      318      383      268      255      350      286      371      160      0        
;



Table delta(i,j)                 Distance
         0        1        2        3        4        5        6        7        8        9        10       11       12       13       14       15       16       17       18       19       20       21       22       23       24       25       26       27       28       29       30       31       32       33       34       35       36       37       38       39       40       
0        0        890      1590     4160     680      2810     1360     3010     3590     2660     4220     2320     2220     1510     3090     3100     990      460      2640     2240     2850     3480     1250     2450     2280     2600     460      2130     1830     2660     1420     3600     930      2460     2560     2450     1070     2800     910      1600     2400     
1        890      0        190      361      111      271      212      331      312      215      366      204      137      221      230      293      186      129      307      169      234      305      86       163      147      232      70       150      244      288      188      325      49       239      287      165      128      240      39       205      161      
2        1590     190      0        336      91       147      111      143      269      203      343      138      254      96       303      180      201      132      118      185      215      254      130      265      246      158      200      191      85       107      33       249      146      113      99       347      62       192      220      30       247      
3        4160     361      336      0        369      211      445      345      68       149      7        199      257      432      180      183      504      425      386      193      131      84       291      234      237      178      425      210      417      314      368      109      327      232      341      391      333      144      397      365      219      
4        680      111      91       369      0        216      106      235      307      221      375      175      215      111      288      246      135      56       202      185      238      295      91       233      214      203      108      180      133      198      80       302      81       180      190      276      41       228      134      97       222      
5        2810     271      147      211      216      0        257      139      144      130      218      77       256      239      254      33       345      269      175      151      129      127      185      252      239      62       311      172      215      103      180      109      222      36       129      387      175      94       309      171      229      
6        1360     212      111      445      106      257      0        212      379      306      452      246      321      24       390      291      115      90       158      278      320      364      195      339      320      268      182      278      64       193      77       361      188      224      171      376      122      301      226      86       325      
7        3010     331      143      345      235      139      212      0        281      263      353      196      365      188      385      163      325      269      62       270      265      264      258      368      352      195      344      286      150      45       161      238      283      135      45       478      204      231      363      143      346      
8        3590     312      269      68       307      144      379      281      0        96       75       134      228      365      172      118      443      363      319      143      78       17       236      209      207      110      373      164      349      248      302      53       273      164      274      368      270      79       350      298      190      
9        2660     215      203      149      221      130      306      263      96       0        155      70       142      296      124      126      356      276      284      46       18       91       142      130      122      68       277      68       288      221      233      119      178      127      241      283      187      41       253      234      108      
10       4220     366      343      7        375      218      452      353      75       155      0        206      260      439      182      190      511      431      394      199      137      91       297      237      240      185      431      215      424      322      375      116      333      239      348      394      339      151      402      372      223      
11       2320     204      138      199      175      77       246      196      134      70       206      0        179      233      188      90       311      231      214      75       78       120      119      176      162      28       254      95       222      152      169      127      157      61       171      310      136      55       243      168      154      
12       2220     137      254      257      215      256      321      365      228      142      260      179      0        322      96       262      321      254      365      106      157      228      128      26       21       196      207      84       332      320      270      261      135      237      330      140      204      182      162      280      38       
13       1510     221      96       432      111      239      24       188      365      296      439      233      322      0        386      273      139      106      134      272      310      350      194      338      319      254      197      273      40       170      63       344      192      207      148      386      119      288      238      68       324      
14       3090     230      303      180      288      254      390      385      172      124      182      188      96       386      0        248      408      335      400      119      127      179      196      69       82       192      300      113      388      341      327      218      217      249      359      214      267      162      257      333      69       
15       3100     293      180      183      246      33       291      163      118      126      190      90       262      273      248      0        377      300      205      156      120      101      207      254      243      66       337      179      249      132      214      77       245      67       160      398      205      86       332      205      232      
16       990      186      201      504      135      345      115      325      443      356      511      311      321      139      408      377      0        79       273      317      373      431      218      345      328      338      125      308      179      300      171      437      191      309      282      331      175      363      179      186      339      
17       460      129      132      425      56       269      90       269      363      276      431      231      254      106      335      300      79       0        226      239      293      351      141      276      257      258      92       231      140      238      108      358      119      233      224      290      96       284      137      126      267      
18       2640     307      118      386      202      175      158      62       319      284      394      214      365      134      400      205      273      226      0        280      290      302      246      372      355      221      309      293      94       72       122      282      264      160      45       465      179      259      336      104      352      
19       2240     169      185      193      185      151      278      270      143      46       199      75       106      272      119      156      317      239      280      0        65       138      99       101      88       90       232      23       270      225      210      164      134      136      241      243      156      79       206      215      78       
20       2850     234      215      131      238      129      320      265      78       18       137      78       157      310      127      120      373      293      290      65       0        73       160      143      136      70       296      86       300      224      246      103      197      131      246      298      203      35       272      246      121      
21       3480     305      254      84       295      127      364      264      17       91       91       120      228      350      179      101      431      351      302      138      73       0        227      211      207      96       364      159      333      231      287      40       265      147      257      369      257      68       343      283      191      
22       1250     86       130      291      91       185      195      258      236      142      297      119      128      194      196      207      218      141      246      99       160      227      0        144      125      147      137      90       204      213      142      243      39       154      217      220      76       159      125      153      130      
23       2450     163      265      234      233      252      339      368      209      130      237      176      26       338      69       254      345      276      372      101      143      211      144      0        19       190      233      82       346      323      283      246      156      236      336      159      219      171      188      292      22       
24       2280     147      246      237      214      239      320      352      207      122      240      162      21       319      82       243      328      257      355      88       136      207      125      19       0        178      218      67       327      306      264      240      138      222      319      161      200      162      175      274      17       
25       2600     232      158      178      203      62       268      195      110      68       185      28       196      254      192      66       338      258      221      90       70       96       147      190      178      0        282      113      239      154      191      99       186      61       176      332      163      38       271      187      167      
26       460      70       200      425      108      311      182      344      373      277      431      254      207      197      300      337      125      92       309      232      296      364      137      233      218      282      0        216      230      306      186      380      99       276      298      207      143      297      54       204      232      
27       2130     150      191      210      180      172      278      286      164      68       215      95       84       273      113      179      308      231      293      23       86       159      90       82       67       113      216      0        275      241      214      187      120      154      254      219      155      103      187      220      60       
28       1830     244      85       417      133      215      64       150      349      288      424      222      332      40       388      249      179      140      94       270      300      333      204      346      327      239      230      275      0        136      62       323      209      186      111      408      128      275      266      55       329      
29       2660     288      107      314      198      103      193      45       248      221      322      152      320      170      341      132      300      238      72       225      224      231      213      323      306      154      306      241      136      0        130      209      240      93       28       434      164      191      322      113      301      
30       1420     188      33       368      80       180      77       161      302      233      375      169      270      63       327      214      171      108      122      210      246      287      142      283      264      191      186      214      62       130      0        283      150      147      115      351      66       225      214      18       267      
31       3600     325      249      109      302      109      361      238      53       119      116      127      261      344      218      77       437      358      282      164      103      40       243      246      240      99       380      187      323      209      283      0        282      137      237      402      262      85       364      276      225      
32       930      49       146      327      81       222      188      283      273      178      333      157      135      192      217      245      191      119      264      134      197      265      39       156      138      186      99       120      209      240      150      282      0        189      241      201      85       198      87       164      148      
33       2460     239      113      232      180      36       224      135      164      127      239      61       237      207      249      67       309      233      160      136      131      147      154      236      222      61       276      154      186      93       147      137      189      0        115      363      139      99       277      139      214      
34       2560     287      99       341      190      129      171      45       274      241      348      171      330      148      359      160      282      224      45       241      246      257      217      336      319      176      298      254      111      28       115      237      241      115      0        438      160      214      319      98       315      
35       2450     165      347      391      276      387      376      478      368      283      394      310      140      386      214      398      331      290      465      243      298      369      220      159      161      332      207      219      408      434      351      402      201      363      438      0        286      321      154      366      178      
36       1070     128      62       333      41       175      122      204      270      187      339      136      204      119      267      205      175      96       179      156      203      257      76       219      200      163      143      155      128      164      66       262      85       139      160      286      0        190      159      79       205      
37       2800     240      192      144      228      94       301      231      79       41       151      55       182      288      162      86       363      284      259      79       35       68       159      171      162      38       297      103      275      191      225      85       198      99       214      321      190      0        279      223      148      
38       910      39       220      397      134      309      226      363      350      253      402      243      162      238      257      332      179      137      336      206      272      343      125      188      175      271      54       187      266      322      214      364      87       277      319      154      159      279      0        231      191      
39       1600     205      30       365      97       171      86       143      298      234      372      168      280      68       333      205      186      126      104      215      246      283      153      292      274      187      204      220      55       113      18       276      164      139      98       366      79       223      231      0        275      
40       2400     161      247      219      222      229      325      346      190      108      223      154      38       324      69       232      339      267      352      78       121      191      130      22       17       167      232      60       329      301      267      225      148      214      315      178      205      148      191      275      0        
;

