
sets
i        orders          /0*40/
k        routes          /1*40/
p        positions       /0*40/
;

alias(i,j)
alias(i,h)
alias(i,hh)
alias(i,jj)
alias(k,kk)
                
                    Parameters

rho(i)	Processing time
/
0	0
1	18
2	7
3	99
4	53
5	3
6	95
7	93
8	54
9	85
10	7
11	49
12	85
13	18
14	43
15	33
16	90
17	46
18	18
19	18
20	18
21	23
22	61
23	15
24	46
25	38
26	39
27	74
28	32
29	19
30	53
31	11
32	95
33	82
34	99
35	91
36	25
37	2
38	93
39	98
40	67
/

gamma(i)	Duedate
/
0	0
1	41
2	14
3	95
4	94
5	97
6	95
7	26
8	23
9	46
10	31
11	85
12	50
13	93
14	9
15	95
16	43
17	38
18	14
19	57
20	94
21	38
22	56
23	35
24	14
25	32
26	87
27	56
28	36
29	44
30	93
31	7
32	19
33	44
34	77
35	96
36	89
37	77
38	41
39	34
40	92
/

sigma(i)	Size
/
0	0
1	1
2	1
3	9
4	7
5	1
6	4
7	9
8	3
9	1
10	7
11	4
12	9
13	5
14	8
15	8
16	7
17	1
18	4
19	1
20	9
21	5
22	1
23	6
24	4
25	8
26	6
27	8
28	5
29	9
30	7
31	4
32	3
33	3
34	4
35	1
36	3
37	7
38	2
39	1
40	8
/

epsilon(i)	Priority
/
0	0
1	5
2	7
3	3
4	1
5	9
6	2
7	1
8	7
9	5
10	9
11	9
12	5
13	3
14	5
15	5
16	4
17	7
18	2
19	1
20	4
21	3
22	2
23	5
24	7
25	9
26	7
27	9
28	8
29	7
30	1
31	8
32	1
33	8
34	2
35	8
36	9
37	2
38	2
39	8
40	2
/

psi	Vehicle Capacity
/ 20 /
;

Table kappa(i,j)                 Setup
         0        1        2        3        4        5        6        7        8        9        10       11       12       13       14       15       16       17       18       19       20       21       22       23       24       25       26       27       28       29       30       31       32       33       34       35       36       37       38       39       40       
0        0        131      211      118      129      197      124      332      72       112      153      176      149      182      268      215      139      313      228      249      161      219      176      202      47       195      373      82       61       225      138      256      211      278      199      74       173      156      184      79       234      
1        131      0        139      119      203      105      167      201      124      203      163      165      24       56       151      183      195      198      129      133      45       232      46       75       171      144      266      142      96       116      17       173      98       154      94       191      135      149      256      204      108      
2        211      139      0        254      190      39       144      211      151      315      108      84       154      164      243      65       321      129      48       230      173      370      151      112      226      30       359      156      213      227      122      45       75       126      216      229      50       288      379      251      116      
3        118      119      254      0        243      223      227      289      170      109      242      257      116      135      188      285      81       313      248      171      111      118      139      187      163      252      273      187      60       144      135      291      216      265      119      192      237      40       143      191      218      
4        129      203      190      243      0        202      47       379      80       230      84       113      228      259      354      154      265      319      231      336      247      349      248      248      98       161      470      62       183      318      199      232      234      303      295      75       140      283      302      97       272      
5        197      105      39       223      202      0        155      182      148      294      126      109      117      125      203      101      295      120      32       191      135      337      112      72       220      60       320      157      188      187      88       68       38       102      177      227      69       255      355      248      80       
6        124      167      144      227      47       155      0        333      56       235      40       70       192      221      317      113      263      272      184      299      212      340      209      204      110      115      434      42       168      283      161      186      188      257      261      99       93       267      307      123      227      
7        332      201      211      289      379      182      333      0        311      394      308      291      186      157      128      276      370      115      163      135      182      366      159      133      371      240      196      325      292      158      195      197      145      85       175      387      252      299      431      403      106      
8        72       124      151      170      80       148      56       311      0        184      80       105      148      180      275      145      208      268      180      257      167      283      170      177      75       130      390      18       111      238      122      197      173      243      214      79       107      211      256      100      205      
9        112      203      315      109      230      294      235      394      184      0        265      289      211      237      297      327      51       401      324      280      211      142      237      278      132      303      377      194      108      253      217      359      299      358      228      157      283      122      72       143      311      
10       153      163      108      242      84       126      40       308      80       265      0        30       186      212      306      72       288      237      151      290      207      359      199      184      147      78       425      73       186      277      152      148      162      228      257      138      58       282      337      162      203      
11       176      165      84       257      113      109      70       291      105      289      30       0        188      210      301      42       308      213      130      285      209      374      196      174      175      53       420      100      203      275      153      121      147      208      258      168      39       296      359      192      189      
12       149      24       154      116      228      117      192      186      148      211      186      188      0        33       126      202      196      196      137      108      21       223      27       70       192      162      242      166      106      91       35       184      102      149      70       213      155      142      258      225      101      
13       182      56       164      135      259      125      221      157      180      237      212      210      33       0        95       220      217      183      138      77       25       231      13       61       225      178      212      198      136      65       60       187      100      131      52       246      175      153      279      258      86       
14       268      151      243      188      354      203      317      128      275      297      306      301      126      95       0        304      264      211      204      18       109      244      107      131      314      262      118      293      213      45       156      253      168      159      71       337      264      186      321      346      133      
15       215      183      65       285      154      101      113      276      145      327      72       42       202      220      304      0        343      186      113      291      223      404      206      174      217      42       422      142      235      284      168      89       140      191      270      211      49       323      396      234      181      
16       139      195      321      81       265      295      263      370      208      51       288      308      196      217      264      343      0        392      323      248      192      91       220      267      170      314      333      221      109      221      211      362      293      345      197      197      296      80       62       187      298      
17       313      198      129      313      319      120      272      115      268      401      237      213      196      183      211      186      392      0        88       208      204      414      175      125      340      160      305      277      293      221      184      97       102      53       225      348      179      336      454      368      96       
18       228      129      48       248      231      32       184      163      180      324      151      130      137      138      204      113      323      88       0        194      152      360      125      78       252      78       317      188      217      195      112      50       38       78       189      259      93       278      383      280      72       
19       249      133      230      171      336      191      299      135      257      280      290      285      108      77       18       291      248      208      194      0        90       233      90       118      295      249      135      275      194      27       138      243      157      155      53       318      249      171      306      327      125      
20       161      45       173      111      247      135      212      182      167      211      207      209      21       25       109      223      192      204      152      90       0        211      29       80       205      182      223      185      112      71       56       200      115      154      49       228      176      131      254      238      108      
21       219      232      370      118      349      337      340      366      283      142      359      374      223      231      244      404      91       414      360      233      211      0        240      291      257      369      281      298      173      208      249      405      325      363      193      285      355      82       108      277      318      
22       176      46       151      139      248      112      209      159      170      237      199      196      27       13       107      206      220      175      125      90       29       240      0        51       217      164      225      187      133      79       48       175      88       125      65       237      161      160      282      250      79       
23       202      75       112      187      248      72       204      133      177      278      184      174      70       61       131      174      267      125      78       118      80       291      51       0        238      132      248      192      171      117      64       128      40       79       111      253      135      211      329      270      32       
24       47       171      226      163      98       220      110      371      75       132      147      175      192      225      314      217      170      340      252      295      205      257      217      238      0        205      420      75       108      271      176      272      241      310      245      29       182      200      204      32       268      
25       195      144      30       252      161      60       115      240      130      303      78       53       162      178      262      42       314      160      78       249      182      369      164      132      205      0        380      132      205      242      128      71       99       156      229      204      22       288      370      227      141      
26       373      266      359      273      470      320      434      196      390      377      425      420      242      212      118      422      333      305      317      135      223      281      225      248      420      380      0        408      313      151      273      364      284      259      176      445      382      254      381      452      245      
27       82       142      156      187      62       157      42       325      18       194      73       100      166      198      293      142      221      277      188      275      185      298      187      192      75       132      408      0        127      256      139      201      185      255      232      72       109      227      266      95       219      
28       61       96       213      60       183      188      168      292      111      108      186      203      106      136      213      235      109      293      217      194      112      173      133      171      108      205      313      127      0        169      109      254      191      251      142      136      188      100      167      139      204      
29       225      116      227      144      318      187      283      158      238      253      277      275      91       65       45       284      221      221      195      27       71       208      79       117      271      242      151      256      169      0        124      245      157      167      26       296      240      144      279      304      131      
30       138      17       122      135      199      88       161      195      122      217      152      153      35       60       156      168      211      184      112      138      56       249      48       64       176      128      273      139      109      124      0        156      82       142      105      193      120      166      272      208      96       
31       256      173      45       291      232      68       186      197      197      359      148      121      184      187      253      89       362      97       50       243      200      405      175      128      272      71       364      201      254      245      156      0        88       112      239      274      93       323      421      296      119      
32       211      98       75       216      234      38       188      145      173      299      162      147      102      100      168      140      293      102      38       157      115      325      88       40       241      99       284      185      191      157      82       88       0        70       151      252      108      243      354      271      41       
33       278      154      126      265      303      102      257      85       243      358      228      208      149      131      159      191      345      53       78       155      154      363      125      79       310      156      259      255      251      167      142      112      70       0        172      322      170      285      407      340      47       
34       199      94       216      119      295      177      261      175      214      228      257      258      70       52       71       270      197      225      189      53       49       193      65       111      245      229      176      232      142      26       105      239      151      172      0        270      224      123      257      278      131      
35       74       191      229      192      75       227      99       387      79       157      138      168      213      246      337      211      197      348      259      318      228      285      237      253      29       204      445      72       136      296      193      274      252      322      270      0        182      229      229      24       283      
36       173      135      50       237      140      69       93       252      107      283      58       39       155      175      264      49       296      179      93       249      176      355      161      135      182      22       382      109      188      240      120      93       108      170      224      182      0        274      351      205      149      
37       156      149      288      40       283      255      267      299      211      122      282      296      142      153      186      323      80       336      278      171      131      82       160      211      200      288      254      227      100      144      166      323      243      285      123      229      274      0        135      226      239      
38       184      256      379      143      302      355      307      431      256      72       337      359      258      279      321      396      62       454      383      306      254      108      282      329      204      370      381      266      167      279      272      421      354      407      257      229      351      135      0        212      360      
39       79       204      251      191      97       248      123      403      100      143      162      192      225      258      346      234      187      368      280      327      238      277      250      270      32       227      452      95       139      304      208      296      271      340      278      24       205      226      212      0        300      
40       234      108      116      218      272      80       227      106      205      311      203      189      101      86       133      181      298      96       72       125      108      318      79       32       268      141      245      219      204      131      96       119      41       47       131      283      149      239      360      300      0        
;



Table delta(i,j)                 Distance
         0        1        2        3        4        5        6        7        8        9        10       11       12       13       14       15       16       17       18       19       20       21       22       23       24       25       26       27       28       29       30       31       32       33       34       35       36       37       38       39       40       
0        0        2840     2490     1340     2050     1400     420      390      650      1540     2150     2690     460      130      2690     1070     2560     870      2290     1240     3050     1650     710      580      1700     2810     2710     1290     2680     920      1120     2560     1950     2510     1850     1120     2900     3410     1490     1520     2730     
1        2840     0        268      319      97       423      245      317      347      348      128      100      263      274      339      355      101      280      262      408      295      130      265      305      338      2        280      183      101      293      233      345      88       61       254      286      125      57       418      150      59       
2        2490     268      0        153      274      323      217      250      301      167      315      336      274      237      480      224      169      169      19       336      56       178      179      305      140      266      22       151      173      330      309      473      225      291      380      148      366      305      285      267      307      
3        1340     319      153      0        274      170      127      116      165      30       301      345      176      127      402      71       248      53       135      188      204      190      76       190      35       316      172      136      258      226      235      389      240      311      311      34       371      371      133      237      332      
4        2050     97       274      274      0        346      172      242      263      304      43       70       176      197      250      293      145      226      262      325      316      96       206      215      301      95       292      142      153      198      137      253      49       47       159      239      98       150      350      56       67       
5        1400     423      323      170      346      0        177      105      89       163      353      409      175      149      355      99       383      165      305      41       374      299      169      148      192      420      342      253      395      187      237      336      334      392      295      178      428      480      53       292      413      
6        420      245      217      127      172      177      0        72       107      152      188      240      56       30       277      123      214      73       198      165      273      124      51       90       161      242      240      88       226      112      108      267      156      217      184      97       263      302      178      123      239      
7        390      317      250      116      242      105      72       0        50       130      254      308      82       44       299      73       281      81       231      96       306      194      75       78       151      315      272      151      293      119      149      284      229      288      220      104      328      375      110      190      309      
8        650      347      301      165      263      89       107      50       0        174      267      323      88       78       273      109      322      132      282      62       357      231      124      58       198      344      323      194      334      99       147      256      258      310      207      155      341      404      119      207      331      
9        1540     348      167      30       304      163      152      130      174      0        331      374      197      148      423      68       276      81       152      187      215      220      103      207      29       346      184      167      286      245      259      410      270      341      335      64       401      401      120      266      362      
10       2150     128      315      301      43       353      188      254      267      331      0        57       178      210      211      312      188      250      302      328      358      136      229      213      331      126      333      176      196      188      126      217      93       67       128      267      74       173      364      65       80       
11       2690     100      336      345      70       409      240      308      323      374      57       0        235      263      247      362      187      296      325      385      373      164      276      270      372      100      352      212      191      246      184      257      112      46       177      310      30       130      417      117      41       
12       460      263      274      176      176      175      56       82       88       197      178      235      0        49       226      153      252      124      255      150      330      158      105      42       211      260      296      136      264      55       66       213      176      223      139      150      253      320      192      119      243      
13       130      274      237      127      197      149      30       44       78       148      210      263      49       0        275      106      244      77       217      135      293      154      59       69       162      271      259      116      256      100      113      262      185      243      188      102      284      331      154      145      265      
14       2690     339      480      402      250      355      277      299      273      423      211      247      226      275      0        372      392      350      463      315      532      315      329      221      437      337      501      328      401      179      172      21       291      277      100      374      238      378      392      223      284      
15       1070     355      224      71       293      99       123      73       109      68       312      362      153      106      372      0        299      77       206      118      275      225      90       151      96       352      243      174      310      192      219      357      269      336      291      82       386      411      67       246      357      
16       2560     101      169      248      145      383      214      281      322      276      188      187      252      244      392      299      0        222      166      378      194      94       214      295      260      99       180      130      12       297      248      393      100      140      295      220      216      136      366      172      150      
17       870      280      169      53       226      165      73       81       132      81       250      296      124      77       350      77       222      0        149      171      224      150      22       145      88       277      190      97       234      177      181      338      197      266      258      25       322      335      143      185      287      
18       2290     262      19       135      262      305      198      231      282      152      302      325      255      217      463      206      166      149      0        318      75       165      159      286      125      260      41       135      171      311      292      456      214      282      363      129      355      302      268      252      298      
19       1240     408      336      188      325      41       165      96       62       187      328      385      150      135      315      118      378      171      318      0        390      289      169      117      215      405      357      248      390      153      207      296      319      372      260      188      402      465      90       270      393      
20       3050     295      56       204      316      374      273      306      357      215      358      373      330      293      532      275      194      224      75       390      0        224      235      362      186      293      34       204      194      385      363      526      266      327      432      203      403      325      335      315      341      
21       1650     130      178      190      96       299      124      194      231      220      136      164      158      154      315      225      94       150      165      289      224      0        135      201      212      127      197      53       106      203      159      313      52       124      215      157      193      185      290      93       144      
22       710      265      179      76       206      169      51       75       124      103      229      276      105      59       329      90       214      22       159      169      235      135      0        129      110      262      201      85       225      159      159      318      180      247      236      45       301      321      154      164      269      
23       580      305      305      190      215      148      90       78       58       207      213      270      42       69       221      151      295      145      286      117      362      201      129      0        226      302      328      175      307      42       90       205      218      262      148      170      286      361      175      158      282      
24       1700     338      140      35       301      192      161      151      198      29       331      372      211      162      437      96       260      88       125      215      186      212      110      226      0        335      156      160      269      262      270      425      264      336      346      65       399      389      149      268      356      
25       2810     2        266      316      95       420      242      315      344      346      126      100      260      271      337      352      99       277      260      405      293      127      262      302      335      0        278      180      100      290      231      343      86       60       253      283      125      60       415      147      59       
26       2710     280      22       172      292      342      240      272      323      184      333      352      296      259      501      243      180      190      41       357      34       197      201      328      156      278      0        173      182      352      331      495      242      307      401      169      382      314      303      287      322      
27       1290     183      151      136      142      253      88       151      194      167      176      212      136      116      328      174      130      97       135      248      204      53       85       175      160      180      173      0        142      189      159      322      104      175      228      103      240      238      239      119      196      
28       2680     101      173      258      153      395      226      293      334      286      196      191      264      256      401      310      12       234      171      390      194      106      225      307      269      100      182      142      0        309      260      403      110      145      306      231      220      132      378      182      154      
29       920      293      330      226      198      187      112      119      99       245      188      246      55       100      179      192      297      177      311      153      385      203      159      42       262      290      352      189      309      0        62       165      211      244      108      203      258      348      217      143      263      
30       1120     233      309      235      137      237      108      149      147      259      126      184      66       113      172      219      248      181      292      207      363      159      159      90       270      231      331      159      260      62       0        164      156      182      76       205      197      287      257      83       201      
31       2560     345      473      389      253      336      267      284      256      410      217      257      213      262      21       357      393      338      456      296      526      313      318      205      425      343      495      322      403      165      164      0        293      283      97       363      249      386      374      222      292      
32       1950     88       225      240      49       334      156      229      258      270      93       112      176      185      291      269      100      197      214      319      266      52       180      218      264      86       242      104      110      211      156      293      0        72       196      206      142      146      331      74       92       
33       2510     61       291      311      47       392      217      288      310      341      67       46       223      243      277      336      140      266      282      372      327      124      247      262      336      60       307      175      145      244      182      283      72       0        195      277      76       106      395      103      21       
34       1850     254      380      311      159      295      184      220      207      335      128      177      139      188      100      291      295      258      363      260      432      215      236      148      346      253      401      228      306      108      76       97       196      195      0        281      178      301      324      124      207      
35       1120     286      148      34       239      178      97       104      155      64       267      310      150      102      374      82       220      25       129      188      203      157      45       170      65       283      169      103      231      203      205      363      206      277      281      0        337      340      150      203      298      
36       2900     125      366      371      98       428      263      328      341      401      74       30       253      284      238      386      216      322      355      402      403      193      301      286      399      125      382      240      220      258      197      249      142      76       178      337      0        147      439      139      66       
37       3410     57       305      371      150      480      302      375      404      401      173      130      320      331      378      411      136      335      302      465      325      185      321      361      389      60       314      238      132      348      287      386      146      106      301      340      147      0        475      205      94       
38       1490     418      285      133      350      53       178      110      119      120      364      417      192      154      392      67       366      143      268      90       335      290      154      175      149      415      303      239      378      217      257      374      331      395      324      150      439      475      0        299      416      
39       1520     150      267      237      56       292      123      190      207      266      65       117      119      145      223      246      172      185      252      270      315      93       164      158      268      147      287      119      182      143      83       222      74       103      124      203      139      205      299      0        124      
40       2730     59       307      332      67       413      239      309      331      362      80       41       243      265      284      357      150      287      298      393      341      144      269      282      356      59       322      196      154      263      201      292      92       21       207      298      66       94       416      124      0        
;

