
sets
i        orders          /0*40/
k        routes          /1*40/
p        positions       /0*40/
;

alias(i,j)
alias(i,h)
alias(i,hh)
alias(i,jj)
alias(k,kk)
                
                    Parameters

rho(i)	Processing time
/
0	0
1	92
2	44
3	30
4	43
5	5
6	25
7	94
8	82
9	16
10	9
11	52
12	64
13	91
14	54
15	66
16	80
17	8
18	60
19	92
20	8
21	95
22	86
23	28
24	39
25	70
26	31
27	89
28	93
29	18
30	54
31	1
32	89
33	44
34	53
35	83
36	35
37	45
38	37
39	2
40	54
/

gamma(i)	Duedate
/
0	0
1	66
2	66
3	56
4	2
5	51
6	77
7	98
8	58
9	31
10	53
11	40
12	69
13	34
14	99
15	34
16	82
17	96
18	87
19	31
20	78
21	3
22	48
23	57
24	85
25	89
26	68
27	57
28	5
29	22
30	72
31	39
32	46
33	15
34	68
35	65
36	97
37	8
38	73
39	83
40	94
/

sigma(i)	Size
/
0	0
1	2
2	6
3	9
4	4
5	3
6	6
7	4
8	9
9	2
10	5
11	7
12	6
13	4
14	1
15	9
16	9
17	9
18	5
19	3
20	6
21	9
22	6
23	1
24	8
25	2
26	8
27	3
28	9
29	3
30	6
31	9
32	3
33	5
34	5
35	2
36	1
37	4
38	8
39	8
40	5
/

epsilon(i)	Priority
/
0	0
1	9
2	7
3	8
4	7
5	2
6	3
7	6
8	6
9	7
10	7
11	5
12	2
13	2
14	9
15	7
16	7
17	8
18	3
19	3
20	6
21	1
22	4
23	9
24	5
25	3
26	1
27	7
28	8
29	7
30	1
31	5
32	8
33	6
34	2
35	4
36	4
37	4
38	1
39	7
40	3
/

psi	Vehicle Capacity
/ 14 /
;

Table kappa(i,j)                 Setup
         0        1        2        3        4        5        6        7        8        9        10       11       12       13       14       15       16       17       18       19       20       21       22       23       24       25       26       27       28       29       30       31       32       33       34       35       36       37       38       39       40       
0        0        267      352      197      65       190      231      199      263      339      258      103      185      128      149      146      153      96       238      331      261      302      82       159      130      214      131      17       252      42       172      223      194      233      275      125      81       75       110      116      162      
1        267      0        94       375      314      255      111      204      343      276      354      297      416      257      199      349      408      298      136      318      362      333      192      163      146      360      313      252      219      238      305      342      197      301      269      206      303      193      353      370      114      
2        352      94       0        430      392      347      147      294      373      265      387      391      483      317      293      413      484      391      163      319      396      348      273      257      224      407      376      336      237      327      399      384      289      334      284      301      395      277      427      446      191      
3        197      375      430      0        139      387      283      387      122      275      105      295      86       119      338      52       138      287      270      231      102      182      208      336      238      42       71       196      219      234      367      73       381      128      201      315      267      222      111      129      265      
4        65       314      392      139      0        254      257      264      226      331      218      155      120      110      215      87       94       147      257      311      218      274      121      222      169      164      83       72       250      107      228      180      259      205      260      191      127      123      44       55       202      
5        190      255      347      387      254      0        298      54       434      459      433      116      372      296      66       337      327      123      319      473      438      459      202      97       212      399      318      190      374      152      64       402      59       397      414      79       143      182      297      296      220      
6        231      111      147      283      257      298      0        258      235      174      247      297      338      171      231      267      345      295      26       209      255      222      148      200      104      261      231      214      108      218      330      239      250      193      158      227      292      161      287      308      80       
7        199      204      294      387      264      54       258      0        419      426      421      150      384      285      50       341      347      155      281      446      426      438      187      61       185      394      317      194      344      157      116      393      7        380      387      73       172      169      309      313      186      
8        263      343      373      122      226      434      235      419      0        163      18       366      208      138      373      156      256      359      213      112      26       60       233      360      239      80       143      254      137      288      432      50       412      43       99       356      343      252      216      239      254      
9        339      276      265      275      331      459      174      426      163      0        182      431      357      221      392      292      392      426      148      62       190      110      272      366      247      235      264      324      88       345      480      203      418      146      74       383      416      291      341      365      240      
10       258      354      387      105      218      433      247      421      18       182      0        361      192      137      375      144      242      354      226      130      8        78       234      362      244      64       134      251      152      286      429      37       414      54       116      356      338      252      204      226      261      
11       103      297      391      295      155      116      297      150      366      431      361      0        265      229      113      242      215      8        311      429      364      403      159      144      194      316      232      112      343      85       74       326      148      335      371      95       29       141      192      187      218      
12       185      416      483      86       120      372      338      384      208      357      192      265      0        167      335      71       63       257      330      317      188      268      229      342      271      128      108      192      293      228      339      159      379      211      283      311      236      237      75       77       302      
13       128      257      317      119      110      296      171      285      138      221      137      229      167      0        238      96       181      223      163      205      141      174      98       229      120      112      59       117      141      150      293      107      278      106      151      219      209      116      125      148      146      
14       149      199      293      338      215      66       231      50       373      392      375      113      335      238      0        291      299      117      252      407      379      395      140      36       146      345      267      144      308      107      106      345      44       335      348      24       131      122      259      264      154      
15       146      349      413      52       87       337      267      341      156      292      144      242      71       96       291      0        101      234      259      258      142      212      169      292      206      83       36       147      223      185      315      106      335      149      217      268      215      180      61       82       236      
16       153      408      484      138      94       327      345      347      256      392      242      215      63       181      299      101      0        207      342      359      239      313      216      312      262      178      128      164      319      195      288      205      343      250      318      275      186      218      57       38       295      
17       96       298      391      287      147      123      295      155      359      426      354      8        257      223      117      234      207      0        308      424      357      397      155      146      192      308      225      106      338      81       82       319      154      329      366      98       21       137      184      179      216      
18       238      136      163      270      257      319      26       281      213      148      226      311      330      163      252      259      342      308      0        183      234      197      157      222      116      245      222      221      83       229      348      221      274      172      133      246      304      171      284      306      98       
19       331      318      319      231      311      473      209      446      112      62       130      429      317      205      407      258      359      424      183      0        137      52       276      385      261      190      235      318      103      345      485      158      438      109      59       395      411      295      313      336      262      
20       261      362      396      102      218      438      255      426      26       190      8        364      188      141      379      142      239      357      234      137      0        84       239      368      250      61       135      254      161      289      432      38       419      62       125      360      340      257      203      225      268      
21       302      333      348      182      274      459      222      438      60       110      78       403      268      174      395      212      313      397      197      52       84       0        257      377      252      140      194      291      114      321      464      109      430      69       64       380      383      277      270      293      259      
22       82       192      273      208      121      202      148      187      233      272      234      159      229      98       140      169      216      155      157      276      239      257      0        130      48       209      138      65       184      74       209      206      180      195      216      123      147      19       161      177      81       
23       159      163      257      336      222      97       200      61       360      366      362      144      342      229      36       292      312      146      222      385      368      377      130      0        124      339      265      150      283      117      142      336      53       319      326      48       157      114      267      275      125      
24       130      146      224      238      169      212      104      185      239      247      244      194      271      120      146      206      262      192      116      261      250      252      48       124      0        231      171      113      161      114      234      222      178      197      202      135      188      57       207      224      33       
25       214      360      407      42       164      399      261      394      80       235      64       316      128      112      345      83       178      308      245      190      61       140      209      339      231      0        83       210      186      248      386      32       387      89       163      325      290      225      144      165      255      
26       131      313      376      71       83       318      231      317      143      264      134      232      108      59       267      36       128      225      222      235      135      194      138      265      171      83       0        127      191      165      303      97       310      126      190      245      206      151      77       101      200      
27       17       252      336      196      72       190      214      194      254      324      251      112      192      117      144      147      164      106      221      318      254      291      65       150      113      210      127      0        237      38       178      216      188      223      261      121      93       58       117      126      145      
28       252      219      237      219      250      374      108      344      137      88       152      343      293      141      308      223      319      338      83       103      161      114      184      283      161      186      191      237      0        257      392      157      337      100      50       297      329      203      265      288      159      
29       42       238      327      234      107      152      218      157      288      345      286      85       228      150      107      185      195      81       229      345      289      321      74       117      114      248      165      38       257      0        143      253      151      255      286      83       74       57       152      158      141      
30       172      305      399      367      228      64       330      116      432      480      429      74       339      293      106      315      288      82       348      485      432      464      209      142      234      386      303      178      392      143      0        394      119      398      426      103      103      190      267      262      250      
31       223      342      384      73       180      402      239      393      50       203      37       326      159      107      345      106      205      319      221      158      38       109      206      336      222      32       97       216      157      253      394      0        386      58       131      326      302      223      167      189      242      
32       194      197      289      381      259      59       250      7        412      418      414      148      379      278      44       335      343      154      274      438      419      430      180      53       178      387      310      188      337      151      119      386      0        372      379      68       170      162      304      308      178      
33       233      301      334      128      205      397      193      380      43       146      54       335      211      106      335      149      250      329      172      109      62       69       195      319      197      89       126      223      100      255      398      58       372      0        73       318      314      214      204      227      211      
34       275      269      284      201      260      414      158      387      99       74       116      371      283      151      348      217      318      366      133      59       125      64       216      326      202      163      190      261      50       286      426      131      379      73       0        335      354      236      267      291      204      
35       125      206      301      315      191      79       227      73       356      383      356      95       311      219      24       268      275      98       246      395      360      380      123      48       135      325      245      121      297      83       103      326      68       318      335      0        110      103      235      240      148      
36       81       303      395      267      127      143      292      172      343      416      338      29       236      209      131      215      186      21       304      411      340      383      147      157      188      290      206      93       329      74       103      302      170      314      354      110      0        132      164      158      215      
37       75       193      277      222      123      182      161      169      252      291      252      141      237      116      122      180      218      137      171      295      257      277      19       114      57       225      151      58       203      57       190      223      162      214      236      103      132      0        166      179      87       
38       110      353      427      111      44       297      287      309      216      341      204      192      75       125      259      61       57       184      284      313      203      270      161      267      207      144      77       117      265      152      267      167      304      204      267      235      164      166      0        24       239      
39       116      370      446      129      55       296      308      313      239      365      226      187      77       148      264      82       38       179      306      336      225      293      177      275      224      165      101      126      288      158      262      189      308      227      291      240      158      179      24       0        257      
40       162      114      191      265      202      220      80       186      254      240      261      218      302      146      154      236      295      216      98       262      268      259      81       125      33       255      200      145      159      141      250      242      178      211      204      148      215      87       239      257      0        
;



Table delta(i,j)                 Distance
         0        1        2        3        4        5        6        7        8        9        10       11       12       13       14       15       16       17       18       19       20       21       22       23       24       25       26       27       28       29       30       31       32       33       34       35       36       37       38       39       40       
0        0        1970     2790     3640     2960     3070     1750     1600     990      260      580      3330     2960     2630     2770     240      880      2700     3710     3860     4110     1840     2290     380      1080     2740     2010     2750     2980     3880     2300     3510     1320     2480     3360     2420     2010     2680     1360     3200     1810     
1        1970     0        122      175      232      148      168      171      222      217      142      145      111      65       169      181      110      162      173      189      218      90       173      184      149      114      96       156      106      283      151      161      126      132      184      140      88       79       161      149      17       
2        2790     122      0        104      347      28       290      170      260      291      236      187      55       115      71       257      205      271      142      183      154      97       119      252      264      8        216      54       155      166      94       94       245      243      264      69       208      147      178      43       129      
3        3640     175      104      0        351      90       330      273      359      380      314      144      67       124      166      344      280      272      55       102      50       193      222      342      324      104      244      150      132      215      198      13       298      251      234      173      237      145      280      64       189      
4        2960     232      347      351      0        368      121      376      380      322      251      217      313      238      401      299      243      79       313      289      372      317      401      315      188      339      138      388      219      513      382      340      169      104      139      373      145      208      358      359      235      
5        3070     148      28       90       368      0        316      192      284      318      264      195      61       132      75       284      233      290      137      181      137      123      133      279      292      35       240      60       167      150      110      83       272      264      277      85       232      164      202      25       156      
6        1750     168      290      330      121      316      0        273      262      201      133      232      274      206      328      179      133      114      309      303      365      232      312      196      67       282      86       318      213      447      298      317      57       105      194      295      93       189      251      316      162      
7        1600     171      170      273      376      192      273      0        97       158      152      309      212      223      135      136      140      319      303      335      323      88       75       122      214      169      243      141      270      233      86       262      216      290      355      107      238      246      24       213      158      
8        990      222      260      359      380      284      262      97       0        83       128      367      294      285      232      85       140      340      380      406      409      166      171      67       194      257      264      237      329      327      182      347      210      313      393      203      261      301      81       303      206      
9        260      217      291      380      322      318      201      158      83       0        82       355      312      283      282      36       110      296      390      407      428      195      231      40       134      287      227      283      320      390      234      367      158      274      362      249      226      291      135      333      200      
10       580      142      236      314      251      264      133      152      128      82       0        275      247      207      246      50       33       217      316      329      360      147      209      64       67       230      145      242      241      363      203      300      82       193      280      210      144      211      128      274      126      
11       3330     145      187      144      217      195      232      309      367      355      275      0        134      86       258      319      245      143      97       73       155      222      291      325      254      180      149      241      39       344      265      137      223      131      90       244      145      66       304      176      161      
12       2960     111      55       67       313      61       274      212      294      312      247      134      0        75       126      276      214      234      91       129      116      128      171      274      261      50       192      109      106      211      145      54       237      209      216      121      184      105      216      46       123      
13       2630     65       115      124      238      132      206      223      285      283      207      86       75       0        180      246      175      159      110      123      161      135      206      250      204      107      120      164      48       281      181      111      176      134      150      162      113      32       218      121      82       
14       2770     169      71       166      401      75       328      135      232      282      246      258      126      180      0        253      219      328      211      254      212      100      64       243      289      77       265      17       224      119      49       158      276      299      331      35       257      212      152      101      168      
15       240      181      257      344      299      284      179      136      85       36       50       319      276      246      253      0        74       266      353      370      392      161      205      18       111      252      195      252      284      364      206      330      131      243      329      218      193      254      112      298      164      
16       880      110      205      280      243      233      133      140      140      110      33       245      214      175      219      74       0        200      284      298      326      119      189      83       74       199      125      214      210      338      180      267      76       174      256      184      122      180      118      242      93       
17       2700     162      271      272      79       290      114      319      340      296      217      143      234      159      328      266      200      0        236      216      294      250      335      280      165      262      76       314      140      437      313      261      138      29       82       301      82       129      304      280      168      
18       3710     173      142      55       313      137      309      303      380      390      316      97       91       110      211      353      284      236      0        46       58       216      261      354      315      139      223      194      98       271      236      55       286      219      187      211      216      120      305      112      190      
19       3860     189      183      102      289      181      303      335      406      407      329      73       129      123      254      370      298      216      46       0        93       247      300      373      318      179      218      237      92       318      274      102      288      204      155      250      213      120      335      156      206      
20       4110     218      154      50       372      137      365      323      409      428      360      155      116      161      212      392      326      294      58       93       0        243      271      391      365      154      278      197      155      245      247      62       337      277      244      222      271      176      330      112      233      
21       1840     90       97       193      317      123      232      88       166      195      147      222      128      135      100      161      119      250      216      247      243      0        84       155      189      93       179      94       183      219      66       181      178      220      274      65       172      161      88       139      82       
22       2290     173      119      222      401      133      312      75       171      231      209      291      171      206      64       205      189      335      261      300      271      84       0        192      263      122      264      75       254      159      26       213      257      305      353      50       256      236      96       158      167      
23       380      184      252      342      315      279      196      122      67       40       64       325      274      250      243      18       83       280      354      373      391      155      192      0        128      247      207      243      289      351      195      329      146      255      339      209      204      260      98       294      167      
24       1080     149      264      324      188      292      67       214      194      134      67       254      261      204      289      111      74       165      315      318      365      189      263      128      0        257      107      282      226      408      252      310      31       147      238      254      109      198      191      297      138      
25       2740     114      8        104      339      35       282      169      257      287      230      180      50       107      77       252      199      262      139      179      154      93       122      247      257      0        208      60       147      175      96       93       237      234      256      71       200      139      176      46       121      
26       2010     96       216      244      138      240      86       243      264      227      145      149      192      120      265      195      125      76       223      218      278      179      264      207      107      208      0        252      127      380      244      232      76       49       134      235      8        102      227      236      97       
27       2750     156      54       150      388      60       318      141      237      283      242      241      109      164      17       252      214      314      194      237      197      94       75       243      282      60       252      0        207      128      55       142      267      285      315      34       244      196      156      85       157      
28       2980     106      155      132      219      167      213      270      329      320      241      39       106      48       224      284      210      140      98       92       155      183      254      289      226      147      127      207      0        317      228      122      196      122      110      208      121      29       265      150      123      
29       3880     283      166      215      513      150      447      233      327      390      363      344      211      281      119      364      338      437      271      318      245      219      159      351      408      175      380      128      317      0        159      216      395      409      428      154      372      313      255      167      285      
30       2300     151      94       198      382      110      298      86       182      234      203      265      145      181      49       206      180      313      236      274      247      66       26       195      252      96       244      55       228      159      0        188      243      284      329      25       237      211      102      134      146      
31       3510     161      94       13       340      83       317      262      347      367      300      137      54       111      158      330      267      261      55       102      62       181      213      329      310      93       232      142      122      216      188      0        284      240      227      163      224      133      268      57       175      
32       1320     126      245      298      169      272      57       216      210      158      82       223      237      176      276      131      76       138      286      288      337      178      257      146      31       237      76       267      196      395      243      284      0        118      208      242      78       168      194      275      116      
33       2480     132      243      251      104      264      105      290      313      274      193      131      209      134      299      243      174      29       219      204      277      220      305      255      147      234      49       285      122      409      284      240      118      0        91       272      53       106      275      255      138      
34       3360     184      264      234      139      277      194      355      393      362      280      90       216      150      331      329      256      82       187      155      244      274      353      339      238      256      134      315      110      428      329      227      208      91       0        311      135      118      344      261      197      
35       2420     140      69       173      373      85       295      107      203      249      210      244      121      162      35       218      184      301      211      250      222      65       50       209      254      71       235      34       208      154      25       163      242      272      311      0        227      193      121      109      137      
36       2010     88       208      237      145      232      93       238      261      226      144      145      184      113      257      193      122      82       216      213      271      172      256      204      109      200      8        244      121      372      237      224      78       53       135      227      0        96       222      228      90       
37       2680     79       147      145      208      164      189      246      301      291      211      66       105      32       212      254      180      129      120      120      176      161      236      260      198      139      102      196      29       313      211      133      168      106      118      193      96       0        239      151      95       
38       1360     161      178      280      358      202      251      24       81       135      128      304      216      218      152      112      118      304      305      335      330      88       96       98       191      176      227      156      265      255      102      268      194      275      344      121      222      239      0        222      147      
39       3200     149      43       64       359      25       316      213      303      333      274      176      46       121      101      298      242      280      112      156      112      139      158      294      297      46       236      85       150      167      134      57       275      255      261      109      228      151      222      0        159      
40       1810     17       129      189      235      156      162      158      206      200      126      161      123      82       168      164      93       168      190      206      233      82       167      167      138      121      97       157      123      285      146      175      116      138      197      137      90       95       147      159      0        
;

