
sets
i        orders          /0*40/
k        routes          /1*40/
p        positions       /0*40/
;

alias(i,j)
alias(i,h)
alias(i,hh)
alias(i,jj)
alias(k,kk)
                
                    Parameters

rho(i)	Processing time
/
0	0
1	64
2	70
3	32
4	58
5	92
6	94
7	4
8	26
9	19
10	16
11	14
12	3
13	86
14	40
15	57
16	65
17	66
18	30
19	55
20	41
21	80
22	93
23	93
24	1
25	37
26	22
27	71
28	14
29	98
30	8
31	45
32	67
33	35
34	1
35	91
36	49
37	10
38	81
39	47
40	68
/

gamma(i)	Duedate
/
0	0
1	51
2	50
3	16
4	62
5	26
6	8
7	43
8	31
9	18
10	98
11	15
12	54
13	15
14	37
15	92
16	88
17	88
18	18
19	21
20	38
21	64
22	47
23	34
24	1
25	6
26	61
27	12
28	77
29	43
30	96
31	48
32	65
33	25
34	55
35	39
36	41
37	5
38	96
39	99
40	48
/

sigma(i)	Size
/
0	0
1	2
2	8
3	7
4	6
5	2
6	4
7	8
8	5
9	4
10	1
11	8
12	2
13	7
14	4
15	6
16	8
17	9
18	1
19	7
20	3
21	4
22	8
23	7
24	8
25	2
26	3
27	9
28	4
29	2
30	5
31	7
32	8
33	2
34	7
35	3
36	2
37	2
38	7
39	5
40	1
/

epsilon(i)	Priority
/
0	0
1	5
2	3
3	7
4	2
5	6
6	8
7	2
8	8
9	7
10	7
11	2
12	9
13	8
14	4
15	9
16	2
17	8
18	3
19	1
20	4
21	5
22	1
23	5
24	1
25	2
26	8
27	6
28	7
29	3
30	8
31	5
32	1
33	1
34	2
35	4
36	8
37	1
38	9
39	5
40	1
/

psi	Vehicle Capacity
/ 40 /
;

Table kappa(i,j)                 Setup
         0        1        2        3        4        5        6        7        8        9        10       11       12       13       14       15       16       17       18       19       20       21       22       23       24       25       26       27       28       29       30       31       32       33       34       35       36       37       38       39       40       
0        0        59       249      145      334      265      338      283      51       76       275      378      234      294      62       187      218      319      295      104      342      256      274      387      391      322      247      334      228      132      306      168      376      275      220      82       285      300      302      98       143      
1        59       0        251      98       322      318      310      271      108      36       312      357      192      313      120      177      198      345      340      149      360      245      243      395      364      350      274      366      286      188      323      179      405      285      190      106      320      267      333      155      122      
2        249      251      0        203      102      279      168      70       277      219      172      169      186      93       245      80       96       141      241      192      126      56       146      144      201      154      112      184      320      242      97       83       207      45       135      170      169      168      161      239      139      
3        145      98       203      0        248      360      217      198      195      68       316      270      94       285      192      123      121      326      363      193      326      176      151      344      272      335      265      358      350      247      293      157      392      245      101      134      321      172      327      219      67       
4        334      322      102      248      0        377      99       51       368      286      260      72       190      161      339      147      127      206      331      291      166      78       122      131      110      221      205      252      422      343      157      179      261      119      150      260      254      127      239      338      200      
5        265      318      279      360      377      0        445      349      237      314      130      447      411      230      205      293      338      208      74       170      260      329      405      333      480      197      173      181      87       133      239      233      217      259      368      227      141      432      166      167      307      
6        338      310      168      217      99       445      0        98       382      274      340      63       132      250      362      165      124      298      409      326      263      115      66       230      54       313      281      343      475      384      249      220      357      203      119      281      337      48       326      370      195      
7        283      271      70       198      51       349      98       0        319      235      241      103      149      153      292      96       76       202      311      247      172      27       90       159      131      216      183      247      386      302      154      135      264      105      104      212      238      105      228      293      149      
8        51       108      277      195      368      237      382      319      0        127      271      418      283      308      39       224      259      326      278      100      356      292      319      407      433      326      253      333      187      104      320      194      376      296      266      108      282      346      302      72       187      
9        76       36       219      68       286      314      274      235      127      0        293      321      160      285      129      143      162      320      329      143      331      209      208      363      328      326      251      344      292      191      295      151      383      254      155      91       301      233      312      159      86       
10       275      312      172      316      260      130      340      241      271      293      0        332      339      103      232      215      253      78       71       173      130      227      314      203      368      69       60       64       202      180      111      161      106      140      290      205      13       338      38       202      251      
11       378      357      169      270      72       447      63       103      418      321      332      0        192      233      393      194      161      277      403      350      234      129      121      188      41       292      276      323      489      405      229      238      329      191      169      312      326      110      311      396      237      
12       234      192      186      94       190      411      132      149      283      160      339      192      0        279      273      124      89       326      398      258      311      138      71       309      185      338      280      366      417      316      284      181      393      231      51       201      340      84       339      293      107      
13       294      313      93       285      161      230      250      153      308      285      103      233      279      0        270      164      189      49       174      209      48       147      237      108      271      63       63       93       293      242      12       134      114      49       228      213      95       258      78       252      217      
14       62       120      245      192      339      205      362      292      39       129      232      393      273      270      0        199      238      287      241      61       318      265      302      371      412      287      214      294      166      71       282      162      337      261      250      81       243      329      262      37       170      
15       187      177      80       123      147      293      165      96       224      143      215      194      124      164      199      0        44       209      274      161      204      69       113      223      213      219      157      245      313      219      171      60       275      122      76       117      217      142      217      205      59       
16       218      198      96       121      127      338      124      76       259      162      253      161      89       189      238      44       0        236      316      204      222      55       69       227      174      249      194      277      358      263      194      105      303      142      38       157      254      97       251      247      76       
17       319      345      141      326      206      208      298      202      326      320      78       277      326      49       287      209      236      0        142      225      53       196      286      126      316      15       72       46       281      247      49       170      66       98       275      240      66       307      42       263      259      
18       295      340      241      363      331      74       409      311      278      329      71       403      398      174      241      274      316      142      0        191      196      295      380      269      439      130      128      109      159      176      181      216      143      212      350      238      79       405      100      206      302      
19       104      149      192      193      291      170      326      247      100      143      173      350      258      209      61       161      204      225      191      0        256      220      272      312      373      225      153      234      159      59       221      112      276      203      224      58       184      300      202      47       150      
20       342      360      126      326      166      260      263      172      356      331      130      234      311      48       318      204      222      53       196      256      0        174      262      72       274      67       107      95       330      287      36       180      95       81       260      261      119      278      95       298      260      
21       256      245      56       176      78       329      115      27       292      209      227      129      138      147      265      69       55       196      295      220      174      0        90       172      154      210      168      240      362      276      150      109      261      98       89       184      225      111      218      267      123      
22       274      243      146      151      122      405      66       90       319      208      314      121      71       237      302      113      69       286      380      272      262      90       0        248      120      300      254      330      427      331      240      173      351      188      53       222      313      28       307      314      132      
23       387      395      144      344      131      333      230      159      407      363      203      188      309      108      371      223      227      126      269      312      72       172      248      0        229      139      172      165      400      349      97       218      155      112      261      305      192      258      168      357      282      
24       391      364      201      272      110      480      54       131      433      328      368      41       185      271      412      213      174      316      439      373      274      154      120      229      0        331      311      362      517      430      267      263      370      227      173      330      363      101      349      418      248      
25       322      350      154      335      221      197      313      216      326      326      69       292      338      63       287      219      249      15       130      225      67       210      300      139      331      0        75       31       272      244      64       178      57       112      287      244      57       321      31       261      268      
26       247      274      112      265      205      173      281      183      253      251      60       276      280      63       214      157      194      72       128      153      107      168      254      172      311      75       0        93       230      180      75       107      131      86       231      168      60       278      62       192      198      
27       334      366      184      358      252      181      343      247      333      344      64       323      366      93       294      245      277      46       109      234      95       240      330      165      362      31       93       0        261      244      95       200      42       142      315      259      51       351      32       266      291      
28       228      286      320      350      422      87       475      386      187      292      202      489      417      293      166      313      358      281      159      159      330      362      427      400      517      272      230      261      0        102      304      255      300      311      382      218      215      455      240      132      310      
29       132      188      242      247      343      133      384      302      104      191      180      405      316      242      71       219      263      247      176      59       287      276      331      349      430      244      180      244      102      0        254      166      287      245      284      115      193      359      215      34       209      
30       306      323      97       293      157      239      249      154      320      295      111      229      284      12       282      171      194      49       181      221      36       150      240      97       267      64       75       95       304      254      0        144      111      52       232      224      102      259      83       264      226      
31       168      179      83       157      179      233      220      135      194      151      161      238      181      134      162      60       105      170      216      112      180      109      173      218      263      178      107      200      255      166      144      0        235      107      136      87       164      201      169      159      91       
32       376      405      207      392      261      217      357      264      376      383      106      329      393      114      337      275      303      66       143      276      95       261      351      155      370      57       131      42       300      287      111      235      0        162      342      299      94       370      74       309      325      
33       275      285      45       245      119      259      203      105      296      254      140      191      231      49       261      122      142      98       212      203      81       98       188      112      227      112      86       142      311      245      52       107      162      0        180      193      135      209      123      249      179      
34       220      190      135      101      150      368      119      104      266      155      290      169      51       228      250      76       38       275      350      224      260      89       53       261      173      287      231      315      382      284      232      136      342      180      0        171      291      80       289      264      79       
35       82       106      170      134      260      227      281      212      108      91       205      312      201      213      81       117      157      240      238      58       261      184      222      305      330      244      168      259      218      115      224      87       299      193      171      0        213      250      227      92       94       
36       285      320      169      321      254      141      337      238      282      301      13       326      340      95       243      217      254      66       79       184      119      225      313      192      363      57       60       51       215      193      102      164      94       135      291      213      0        337      25       214      256      
37       300      267      168      172      127      432      48       105      346      233      338      110      84       258      329      142      97       307      405      300      278      111      28       258      101      321      278      351      455      359      259      201      370      209      80       250      337      0        329      342      159      
38       302      333      161      327      239      166      326      228      302      312      38       311      339      78       262      217      251      42       100      202      95       218      307      168      349      31       62       32       240      215      83       169      74       123      289      227      25       329      0        235      260      
39       98       155      239      219      338      167      370      293      72       159      202      396      293      252      37       205      247      263      206      47       298      267      314      357      418      261      192      266      132      34       264      159      309      249      264      92       214      342      235      0        187      
40       143      122      139      67       200      307      195      149      187      86       251      237      107      217      170      59       76       259      302      150      260      123      132      282      248      268      198      291      310      209      226      91       325      179      79       94       256      159      260      187      0        
;



Table delta(i,j)                 Distance
         0        1        2        3        4        5        6        7        8        9        10       11       12       13       14       15       16       17       18       19       20       21       22       23       24       25       26       27       28       29       30       31       32       33       34       35       36       37       38       39       40       
0        0        550      670      2740     1710     2780     2050     1610     480      690      2000     420      2000     2890     2180     3660     1280     2940     2440     3000     3190     1520     1660     2840     2990     2410     1630     4180     2120     1350     1610     2470     4060     3690     730      1080     3280     2390     2600     2640     3630     
1        550      0        97       302      204      320      257      191      84       105      237      35       179      296      273      378      110      295      266      287      349      168      216      276      286      215      123      437      265      161      177      291      420      374      32       152      366      266      281      295      340      
2        670      97       0        208      107      223      173      95       18       13       139      63       159      224      203      299      95       232      177      247      254      85       128      226      245      204      150      350      184      68       95       194      338      304      127      60       268      172      192      199      317      
3        2740     302      208      0        104      95       183      112      225      205      84       267      231      118      238      132      230      151      49       220      48       138      164      186      217      261      289      153      198      140      132      104      157      166      333      174      87       36       42       20       302      
4        1710     204      107      104      0        122      126      19       123      102      34       169      187      161      177      216      157      182      87       228      148      66       86       197      226      229      221      254      141      47       68       100      250      234      235      71       161      72       100      92       311      
5        2780     320      223      95       122      0        118      141      236      215      88       286      300      213      167      221      279      245      133      310      94       185      123      276      307      336      342      220      128      169      184      33       236      259      348      170      61       107      133      77       393      
6        2050     257      173      183      126      118      0        142      178      161      112      229      306      280      55       316      259      305      196      355      204      186      47       323      352      350      321      331      15       156      191      87       340      345      279      114      179      171      205      164      437      
7        1610     191      95       112      19       141      142      0        112      92       53       156      168      154      191      215      138      173      87       214      159      47       99       184      212      210      202      259      157      29       50       119      251      230      222      70       177      77       102      104      295      
8        480      84       18       225      123      236      178      112      0        21       154      51       171      243      202      318      103      250      196      263      271      104      134      243      262      215      154      369      187      86       114      206      357      323      112      68       283      190      211      216      331      
9        690      105      13       205      102      215      161      92       21       0        133      72       171      228      189      301      108      238      177      256      250      89       116      234      254      216      164      350      171      67       99       185      339      308      134      48       261      170      192      195      328      
10       2000     237      139      84       34       88       112      53       154      133      0        202      217      167      166      209      191      193      85       247      122      98       82       214      244      257      255      238      127      81       99       67       239      234      266      94       128      61       95       68       331      
11       420      35       63       267      169      286      229      156      51       72       202      0        161      266      249      346      90       267      232      266      314      134      185      252      265      201      121      403      237      126      143      257      388      345      66       119      331      231      247      260      324      
12       2000     179      159      231      187      300      306      168      171      171      217      161      0        158      348      243      71       141      182      111      277      121      259      109      110      45       79       316      319      150      119      284      287      223      206      200      317      200      192      237      163      
13       2890     296      224      118      161      213      280      154      243      228      167      266      158      0        334      85       194      33       84       106      148      139      246      74       103      171      235      157      295      165      129      215      129      79       328      222      200      111      79       135      184      
14       2180     273      203      238      177      167      55       191      202      189      166      249      348      334      0        371      294      358      251      405      257      231      91       375      403      393      353      384      40       200      238      140      394      400      290      149      227      226      260      218      487      
15       3660     378      299      132      216      221      316      215      318      301      209      346      243      85       371      0        279      104      129      170      132      214      292      146      167      251      320      76       330      234      204      236      43       47       410      285      186      148      116      153      232      
16       1280     110      95       230      157      279      259      138      103      108      191      90       71       194      294      279      0        187      185      177      279      95       212      166      176      113      64       345      271      111      98       257      322      269      140      146      309      194      199      230      234      
17       2940     295      232      151      182      245      305      173      250      238      193      267      141      33       358      104      187      0        113      73       182      149      269      42       70       146      220      180      320      178      139      246      147      82       326      238      234      140      111      168      151      
18       2440     266      177      49       87       133      196      87       196      177      85       232      182      84       251      129      185      113      0        177      95       98       166      142      174      212      242      173      212      109      90       132      164      149      298      156      136      26       15       58       260      
19       3000     287      247      220      228      310      355      214      263      256      247      266      111      106      405      170      177      73       177      0        254      178      314      34       3        94       187      246      370      210      169      306      210      135      316      270      305      203      178      234      83       
20       3190     349      254      48       148      94       204      159      271      250      122      314      277      148      257      132      279      182      95       254      0        186      194      220      251      304      337      127      217      187      181      117      143      174      381      216      55       85       84       55       333      
21       1520     168      85       138      66       185      186      47       104      89       98       134      121      139      231      214      95       149      98       178      186      0        141      151      175      164      158      269      200      32       10       165      254      218      200      92       214      101      113      135      256      
22       1660     216      128      164      86       123      47       99       134      116      82       185      259      246      91       292      212      269      166      314      194      141      0        283      311      304      274      317      60       110      147      90       321      316      240      68       182      144      177      146      395      
23       2840     276      226      186      197      276      323      184      243      234      214      252      109      74       375      146      166      42       142      34       220      151      283      0        31       106      188      222      339      183      142      273      187      117      306      243      271      168      144      200      117      
24       2990     286      245      217      226      307      352      212      262      254      244      265      110      103      403      167      176      70       174      3        251      175      311      31       0        95       188      244      367      208      167      303      207      132      315      268      302      200      175      231      86       
25       2410     215      204      261      229      336      350      210      215      216      257      201      45       171      393      251      113      146      212      94       304      164      304      106      95       0        99       326      363      193      160      323      293      223      239      245      348      232      220      269      125      
26       1630     123      150      289      221      342      321      202      154      164      255      121      79       235      353      320      64       220      242      187      337      158      274      188      188      99       0        391      332      175      160      321      364      302      143      206      370      254      254      290      224      
27       4180     437      350      153      254      220      331      259      369      350      238      403      316      157      384      76       345      180      173      246      127      269      317      222      244      326      391      0        344      282      260      244      41       117      469      326      168      182      157      171      305      
28       2120     265      184      198      141      128      15       157      187      171      127      237      319      295      40       330      271      320      212      370      217      200      60       339      367      363      332      344      0        170      205      100      354      360      285      125      189      187      220      178      452      
29       1350     161      68       140      47       169      156      29       86       67       81       126      150      165      200      234      111      178      109      210      187      32       110      183      208      193      175      282      170      0        40       146      272      243      193      60       207      104      124      133      289      
30       1610     177      95       132      68       184      191      50       114      99       99       143      119      129      238      204      98       139      90       169      181      10       147      142      167      160      160      260      205      40       0        166      245      208      209      101      210      96       105      131      249      
31       2470     291      194      104      100      33       87       119      206      185      67       257      284      215      140      236      257      246      132      306      117      165      90       273      303      323      321      244      100      146      166      0        256      270      318      139      93       105      136      84       390      
32       4060     420      338      157      250      236      340      251      357      339      239      388      287      129      394      43       322      147      164      210      143      254      321      187      207      293      364      41       354      272      245      256      0        77       452      321      191      179      149      176      265      
33       3690     374      304      166      234      259      345      230      323      308      234      345      223      79       400      47       269      82       149      135      174      218      316      117      132      223      302      117      360      243      208      270      77       0        406      300      229      173      139      186      188      
34       730      32       127      333      235      348      279      222      112      134      266      66       206      328      290      410      140      326      298      316      381      200      240      306      315      239      143      469      285      193      209      318      452      406      0        179      395      297      313      326      365      
35       1080     152      60       174      71       170      114      70       68       48       94       119      200      222      149      285      146      238      156      270      216      92       68       243      268      245      206      326      125      60       101      139      321      300      179      0        221      143      171      161      347      
36       3280     366      268      87       161      61       179      177      283      261      128      331      317      200      227      186      309      234      136      305      55       214      182      271      302      348      370      168      189      207      210      93       191      229      395      221      0        117      129      80       385      
37       2390     266      172      36       72       107      171      77       190      170      61       231      200      111      226      148      194      140      26       203      85       101      144      168      200      232      254      182      187      104      96       105      179      173      297      143      117      0        33       37       286      
38       2600     281      192      42       100      133      205      102      211      192      95       247      192      79       260      116      199      111      15       178      84       113      177      144      175      220      254      157      220      124      105      136      149      139      313      171      129      33       0        56       260      
39       2640     295      199      20       92       77       164      104      216      195      68       260      237      135      218      153      230      168      58       234      55       135      146      200      231      269      290      171      178      133      131      84       176      186      326      161      80       37       56       0        317      
40       3630     340      317      302      311      393      437      295      331      328      331      324      163      184      487      232      234      151      260      83       333      256      395      117      86       125      224      305      452      289      249      390      265      188      365      347      385      286      260      317      0        
;

