
sets
i        orders          /0*40/
k        routes          /1*40/
p        positions       /0*40/
;

alias(i,j)
alias(i,h)
alias(i,hh)
alias(i,jj)
alias(k,kk)
                
                    Parameters

rho(i)	Processing time
/
0	0
1	77
2	43
3	29
4	79
5	52
6	89
7	74
8	26
9	65
10	66
11	67
12	41
13	77
14	95
15	60
16	57
17	60
18	39
19	4
20	85
21	47
22	81
23	20
24	59
25	98
26	24
27	34
28	45
29	54
30	90
31	68
32	98
33	32
34	24
35	21
36	52
37	70
38	12
39	96
40	30
/

gamma(i)	Duedate
/
0	0
1	54
2	43
3	54
4	39
5	79
6	81
7	70
8	9
9	2
10	17
11	82
12	12
13	27
14	64
15	16
16	95
17	59
18	58
19	9
20	64
21	94
22	96
23	91
24	38
25	18
26	22
27	68
28	96
29	49
30	70
31	92
32	64
33	13
34	72
35	28
36	91
37	7
38	4
39	47
40	49
/

sigma(i)	Size
/
0	0
1	3
2	4
3	1
4	4
5	7
6	1
7	5
8	1
9	1
10	9
11	5
12	3
13	6
14	5
15	1
16	7
17	5
18	2
19	2
20	6
21	5
22	5
23	3
24	8
25	9
26	4
27	9
28	4
29	9
30	4
31	2
32	3
33	5
34	1
35	9
36	6
37	1
38	7
39	5
40	7
/

epsilon(i)	Priority
/
0	0
1	5
2	2
3	8
4	4
5	7
6	1
7	4
8	8
9	7
10	7
11	4
12	1
13	8
14	8
15	8
16	4
17	4
18	7
19	6
20	9
21	3
22	7
23	4
24	5
25	6
26	8
27	2
28	4
29	4
30	4
31	8
32	2
33	4
34	8
35	4
36	6
37	8
38	1
39	8
40	9
/

psi	Vehicle Capacity
/ 41 /
;

Table kappa(i,j)                 Setup
         0        1        2        3        4        5        6        7        8        9        10       11       12       13       14       15       16       17       18       19       20       21       22       23       24       25       26       27       28       29       30       31       32       33       34       35       36       37       38       39       40       
0        0        253      300      137      201      409      296      384      314      266      159      465      417      327      109      360      177      342      179      47       229      161      337      291      170      308      80       281      278      337      217      277      284      167      3        349      335      361      117      145      145      
1        253      0        321      272      54       218      80       212      167      23       105      275      267      115      170      122      158      281      213      260      85       100      85       43       283      211      211      273      217      135      44       114      48       125      255      109      367      224      138      166      147      
2        300      321      0        168      312      279      281      243      202      311      324      309      229      437      225      435      177      101      133      257      378      257      354      321      137      145      227      50       114      456      283      226      369      359      303      330      45       194      302      373      358      
3        137      272      168      0        236      349      277      317      250      274      220      398      333      376      108      394      124      231      83       91       291      175      340      295      33       221      82       161      182      392      227      235      317      247      140      335      199      280      183      246      236      
4        201      54       312      236      0        258      121      247      191      72       51       317      298      140      129      162      138      289      191      212      65       61       139      96       252      223      166      267      220      156      40       137      85       77       203      161      358      249      84       116      96       
5        409      218      279      349      258      0        138      36       99       195      306      58       76       292      300      260      237      184      266      392      303      257      172      180      338      139      337      236      178      312      220      133      241      336      412      128      312      85       322      374      354      
6        296      80       281      277      121      138      0        133      96       57       171      196      188      173      194      158      153      221      202      290      165      135      73       49       278      149      236      231      168      194      86       54       111      199      298      58       325      149      193      238      218      
7        384      212      243      317      247      36       133      0        70       190      293      82       57       298      275      271      209      149      234      364      297      238      180      180      305      103      310      200      143      319      208      114      242      325      387      139      277      50       304      360      340      
8        314      167      202      250      191      99       96       70       0        147      231      152      109      270      204      253      139      127      166      293      248      172      164      145      240      58       239      153      89       291      151      54       206      266      317      131      242      58       238      299      278      
9        266      23       311      274      72       195      57       190      147      0        124      252      245      127      177      125      156      265      210      269      108      108      70       24       282      194      218      262      204      147      50       96       60       147      268      88       356      203      154      187      168      
10       159      105      324      220      51       306      171      293      231      124      0        365      340      168      112      200      147      316      193      178      73       68       189      147      242      256      142      283      245      180      85       179      127      36       160      212      368      289      42       67       47       
11       465      275      309      398      317      58       196      82       152      252      365      0        81       342      356      305      291      209      315      446      359      316      222      236      384      180      391      271      220      361      279      191      295      395      468      179      337      120      380      432      412      
12       417      267      229      333      298      76       188      57       109      245      340      81       0        356      308      328      239      128      252      391      351      281      238      236      315      112      339      194      150      376      258      160      299      374      420      196      256      55       347      407      387      
13       327      115      437      376      140      292      173      298      270      127      168      342      356      0        269      49       271      391      326      346      98       201      120      124      391      320      305      388      331      21       156      222      67       162      328      163      482      322      211      198      187      
14       109      170      225      108      129      300      194      275      204      177      112      356      308      269      0        290      69       244      91       96       182      70       246      200      129      201      41       193      175      284      127      169      212      142      112      251      267      252      79       149      135      
15       360      122      435      394      162      260      158      271      253      125      200      305      328      49       290      0        280      379      335      374      136      220      91       113      405      308      329      385      324      61       167      211      77       201      361      132      479      301      242      239      227      
16       177      158      177      124      138      237      153      209      139      156      147      291      239      271      69       280      0        177      55       154      202      80       217      174      127      131      100      136      107      290      115      113      206      183      180      211      221      183      130      202      184      
17       342      281      101      231      289      184      221      149      127      265      316      209      128      391      244      379      177      0        162      306      353      248      291      268      206      71       262      73       71       412      252      169      325      353      345      258      128      99       307      377      358      
18       179      213      133      83       191      266      202      234      166      210      193      315      252      326      91       335      55       162      0        144      254      130      270      228      77       139      100      103      103      344      170      156      261      227      183      259      176      198      168      240      224      
19       47       260      257      91       212      392      290      364      293      269      178      446      391      346      96       374      154      306      144      0        251      161      340      293      124      280      55       241      247      358      219      263      297      194      50       346      290      336      135      180      176      
20       229      85       378      291      65       303      165      297      248      108      73       359      351      98       182      136      202      353      254      251      0        123      153      124      310      286      214      333      285      108      100      194      75       65       230      187      423      306      115      103      90       
21       161      100      257      175      61       257      135      238      172      108      68       316      281      201      70       220      80       248      130      161      123      0        178      131      190      189      111      215      177      218      57       125      142      105      164      187      302      228      65       130      111      
22       337      85       354      340      139      172      73       180      164      70       189      222      238      120      246      91       217      291      270      340      153      178      0        46       345      220      288      304      241      140      121      127      79       206      339      43       398      210      223      247      230      
23       291      43       321      295      96       180      49       180      145      24       147      236      236      124      200      113      174      268      228      293      124      131      46       0        301      196      241      272      211      145      74       99       62       169      293      66       366      198      178      209      190      
24       170      283      137      33       252      338      278      305      240      282      242      384      315      391      129      405      127      206      77       124      310      190      345      301      0        204      110      134      165      408      238      233      329      271      173      336      166      264      207      273      262      
25       308      211      145      221      223      139      149      103      58       194      256      180      112      320      201      308      131      71       139      280      286      189      220      196      204      0        229      98       40       341      185      98       254      292      311      189      184      59       252      320      300      
26       80       211      227      82       166      337      236      310      239      218      142      391      339      305      41       329      100      262      100      55       214      111      288      241      110      229      0        203      198      320      168      208      251      166      83       292      265      283      102      163      154      
27       281      273      50       161      267      236      231      200      153      262      283      271      194      388      193      385      136      73       103      241      333      215      304      272      134      98       203      0        64       408      236      176      321      319      284      279      94       151      265      337      320      
28       278      217      114      182      220      178      168      143      89       204      245      220      150      331      175      324      107      71       103      247      285      177      241      211      165      40       198      64       0        351      185      113      264      282      281      215      157      99       236      306      287      
29       337      135      456      392      156      312      194      319      291      147      180      361      376      21       284      61       290      412      344      358      108      218      140      145      408      341      320      408      351      0        175      243      87       171      338      183      502      343      223      203      195      
30       217      44       283      227      40       220      86       208      151      50       85       279      258      156      127      167      115      252      170      219      100      57       121      74       238      185      168      236      185      175      0        97       91       116      219      133      328      209      108      153      133      
31       277      114      226      235      137      133      54       114      54       96       179      191      160      222      169      211      113      169      156      263      194      125      127      99       233      98       208      176      113      243      97       0        156      213      280      106      270      112      190      247      227      
32       284      48       369      317      85       241      111      242      206      60       127      295      299      67       212      77       206      325      261      297      75       142      79       62       329      254      251      321      264      87       91       156      0        135      286      117      415      261      166      175      160      
33       167      125      359      247      77       336      199      325      266      147      36       395      374      162      142      201      183      353      227      194      65       105      206      169      271      292      166      319      282      171      116      213      135      0        168      235      403      323      64       41       25       
34       3        255      303      140      203      412      298      387      317      268      160      468      420      328      112      361      180      345      183      50       230      164      339      293      173      311      83       284      281      338      219      280      286      168      0        351      338      364      119      145      146      
35       349      109      330      335      161      128      58       139      131      88       212      179      196      163      251      132      211      258      259      346      187      187      43       66       336      189      292      279      215      183      133      106      117      235      351      0        372      171      241      275      256      
36       335      367      45       199      358      312      325      277      242      356      368      337      256      482      267      479      221      128      176      290      423      302      398      366      166      184      265      94       157      502      328      270      415      403      338      372      0        227      344      416      401      
37       361      224      194      280      249      85       149      50       58       203      289      120      55       322      252      301      183      99       198      336      306      228      210      198      264      59       283      151      99       343      209      112      261      323      364      171      227      0        293      356      336      
38       117      138      302      183      84       322      193      304      238      154      42       380      347      211      79       242      130      307      168      135      115      65       223      178      207      252      102      265      236      223      108      190      166      64       119      241      344      293      0        72       56       
39       145      166      373      246      116      374      238      360      299      187      67       432      407      198      149      239      202      377      240      180      103      130      247      209      273      320      163      337      306      203      153      247      175      41       145      275      416      356      72       0        20       
40       145      147      358      236      96       354      218      340      278      168      47       412      387      187      135      227      184      358      224      176      90       111      230      190      262      300      154      320      287      195      133      227      160      25       146      256      401      336      56       20       0        
;



Table delta(i,j)                 Distance
         0        1        2        3        4        5        6        7        8        9        10       11       12       13       14       15       16       17       18       19       20       21       22       23       24       25       26       27       28       29       30       31       32       33       34       35       36       37       38       39       40       
0        0        2050     960      360      1470     2770     1270     2160     1140     1960     990      1960     730      1220     2260     2100     1720     1050     1980     1320     940      2180     750      1540     1570     760      1730     1830     590      2170     2920     1730     740      870      1770     1140     1810     1750     2450     1150     880      
1        2050     0        266      225      329      206      177      143      312      383      139      133      208      275      21       222      282      135      247      279      290      125      158      341      179      176      239      95       195      59       165      251      257      179      181      106      138      185      168      211      187      
2        960      266      0        59       63       371      116      222      63       117      191      287      166      197      288      175      92       197      292      41       48       231      108      190      141      91       120      211      154      258      380      264      143      183      160      198      188      156      338      79       84       
3        360      225      59       0        113      313      114      213      86       164      133      230      108      148      247      192      140      140      234      96       65       218      76       162      144      68       148      189      95       229      325      207      95       123      164      144      178      161      280      91       73       
4        1470     329      63       113      0        424      175      279      48       54       246      343      209      222      351      219      115      253      332      68       58       290      171      190      196      154      161      272      201      321      439      301      171      232      213      257      246      209      393      135      146      
5        2770     206      371      313      424      0        336      344      386      470      180      88       220      249      203      407      429      174      136      403      368      328      287      331      353      306      403      291      224      265      73       167      273      193      363      182      329      365      39       356      322      
6        1270     177      116      114      175      336      0        105      177      228      169      247      190      249      197      85       105      172      301      112      159      115      59       275      30       50       67       100      172      152      323      284      201      186      50       154      71       48       298      40       41       
7        2160     143      222      213      279      344      105      0        283      330      217      261      263      330      155      92       189      217      350      213      264      20       142      371      83       145      134      53       245      89       308      342      290      248      68       188      35       73       305      144      143      
8        1140     312      63       86       48       386      177      283      0        84       213      309      167      174      333      237      146      219      287      92       21       291      158      144      203      144      182      267      162      312      406      255      125      193      223      228      248      219      357      141      141      
9        1960     383      117      164      54       470      228      330      84       0        295      392      251      252      405      265      155      302      370      117      102      343      225      205      247      208      207      326      246      375      489      337      206      277      264      308      299      259      440      188      200      
10       990      139      191      133      246      180      169      217      213      295      0        97       70       136      156      250      251      6        135      222      193      208      113      205      193      130      233      167      61       176      193      125      124      40       208      33       188      208      147      180      146      
11       1960     133      287      230      343      88       247      261      309      392      97       0        151      199      138      319      341      90       124      317      290      246      199      279      265      218      314      208      150      190      99       140      207      120      275      94       243      277      51       267      234      
12       730      208      166      108      209      220      190      263      167      251      70       151      0        69       226      275      246      75       125      204      151      259      131      135      218      140      243      219      17       238      250      99       56       32       237      101      230      236      194      185      155      
13       1220     275      197      148      222      249      249      330      174      252      136      199      69       0        293      333      286      140      124      238      165      327      193      81       279      198      295      288      85       308      294      89       54       96       298      169      296      297      232      237      210      
14       2260     21       288      247      351      203      197      155      333      405      156      138      226      293      0        238      303      152      256      301      312      136      179      360      198      197      258      110      214      66       155      263      276      197      199      124      154      203      167      232      208      
15       2100     222      175      192      219      407      85       92       237      265      250      319      275      333      238      0        111      253      384      151      223      112      143      353      57       135      57       127      257      177      383      368      284      271      43       231      84       42       367      101      122      
16       1720     282      92       140      115      429      105      189      146      155      251      341      246      286      303      111      0        256      370      54       138      205      142      282      110      123      56       201      231      254      424      345      232      255      120      246      164      115      392      74       106      
17       1050     135      197      140      253      174      172      217      219      302      6        90       75       140      152      253      256      0        134      228      199      208      117      211      196      134      237      167      67       174      186      126      130      44       210      31       189      211      140      185      151      
18       1980     247      292      234      332      136      301      350      287      370      135      124      125      124      256      384      370      134      0        330      273      340      243      201      327      257      362      299      139      297      197      35       163      116      343      162      324      343      133      305      273      
19       1320     279      41       96       68       403      112      213      92       117      222      317      204      238      301      151      54       228      330      0        84       226      125      229      130      105      93       212      191      263      406      303      184      219      146      224      182      141      368      72       92       
20       940      290      48       65       58       368      159      264      21       102      193      290      151      165      312      223      138      199      273      84       0        272      137      145      186      123      169      247      144      291      386      242      113      175      206      207      229      202      338      125      122      
21       2180     125      231      218      290      328      115      20       291      343      208      246      259      327      136      112      205      208      340      226      272      0        144      372      96       150      151      41       241      69       290      334      289      242      85       178      44       90       289      155      150      
22       750      158      108      76       171      287      59       142      158      225      113      199      131      193      179      143      142      117      243      125      137      144      0        229      87       19       120      112      113      154      283      225      149      127      106      104      106      104      250      68       35       
23       1540     341      190      162      190      331      275      371      144      205      205      279      135      81       360      353      282      211      201      229      145      372      229      0        306      227      306      337      146      365      375      167      85       167      326      236      335      324      314      252      234      
24       1570     179      141      144      196      353      30       83       203      247      193      265      218      279      198      57       110      196      327      130      186      96       87       306      0        80       59       92       201      145      334      311      232      213      20       175      53       18       314      62       71       
25       760      176      91       68       154      306      50       145      144      208      130      218      140      198      197      135      123      134      257      105      123      150      19       227      80       0        105      123      123      168      303      237      151      141      101      123      110      99       269      50       16       
26       1730     239      120      148      161      403      67       134      182      207      233      314      243      295      258      57       56       237      362      93       169      151      120      306      59       105      0        151      227      204      389      341      243      246      66       221      111      61       365      58       89       
27       1830     95       211      189      272      291      100      53       267      326      167      208      219      288      110      127      201      167      299      212      247      41       112      337      92       123      151      0        203      53       259      293      253      201      89       137      43       93       252      140      127      
28       590      195      154      95       201      224      172      245      162      246      61       150      17       85       214      257      231      67       139      191      144      241      113      146      201      123      227      203      0        223      249      115      63       31       219      90       212      218      196      169      138      
29       2170     59       258      229      321      265      152      89       312      375      176      190      238      308      66       177      254      174      297      263      291      69       154      365      145      168      204      53       223      0        222      297      280      215      141      142      95       145      227      191      174      
30       2920     165      380      325      439      73       323      308      406      489      193      99       250      294      155      383      424      186      197      406      386      290      283      375      334      303      389      259      249      222      0        223      306      219      340      182      300      343      64       349      318      
31       1730     251      264      207      301      167      284      342      255      337      125      140      99       89       263      368      345      126      35       303      242      334      225      167      311      237      341      293      115      297      223      0        130      97       328      156      313      328      159      284      252      
32       740      257      143      95       171      273      201      290      125      206      124      207      56       54       276      284      232      130      163      184      113      289      149      85       232      151      243      253      63       280      306      130      0        88       252      152      255      250      249      185      161      
33       870      179      183      123      232      193      186      248      193      277      40       120      32       96       197      271      255      44       116      219      175      242      127      167      213      141      246      201      31       215      219      97       88       0        230      73       217      230      165      189      157      
34       1770     181      160      164      213      363      50       68       223      264      208      275      237      298      199      43       120      210      343      146      206      85       106      326      20       101      66       89       219      141      340      328      252      230      0        188      46       5        324      81       91       
35       1140     106      198      144      257      182      154      188      228      308      33       94       101      169      124      231      246      31       162      224      207      178      104      236      175      123      221      137      90       142      182      156      152      73       188      0        163      189      145      173      140      
36       1810     138      188      178      246      329      71       35       248      299      188      243      230      296      154      84       164      189      324      182      229      44       106      335      53       110      111      43       212      95       300      313      255      217      46       163      0        51       289      111      107      
37       1750     185      156      161      209      365      48       73       219      259      208      277      236      297      203      42       115      211      343      141      202      90       104      324      18       99       61       93       218      145      343      328      250      230      5        189      51       0        326      77       89       
38       2450     168      338      280      393      39       298      305      357      440      147      51       194      232      167      367      392      140      133      368      338      289      250      314      314      269      365      252      196      227      64       159      249      165      324      145      289      326      0        319      286      
39       1150     211      79       91       135      356      40       144      141      188      180      267      185      237      232      101      74       185      305      72       125      155      68       252      62       50       58       140      169      191      349      284      185      189      81       173      111      77       319      0        33       
40       880      187      84       73       146      322      41       143      141      200      146      234      155      210      208      122      106      151      273      92       122      150      35       234      71       16       89       127      138      174      318      252      161      157      91       140      107      89       286      33       0        
;

