
sets
i        orders          /0*40/
k        routes          /1*40/
p        positions       /0*40/
;

alias(i,j)
alias(i,h)
alias(i,hh)
alias(i,jj)
alias(k,kk)
                
                    Parameters

rho(i)	Processing time
/
0	0
1	56
2	71
3	55
4	19
5	51
6	76
7	55
8	26
9	95
10	6
11	50
12	42
13	84
14	73
15	11
16	95
17	28
18	58
19	58
20	53
21	32
22	55
23	87
24	86
25	59
26	98
27	34
28	74
29	53
30	1
31	32
32	68
33	26
34	42
35	74
36	99
37	41
38	5
39	82
40	75
/

gamma(i)	Duedate
/
0	0
1	48
2	68
3	1
4	51
5	61
6	82
7	76
8	46
9	50
10	62
11	99
12	7
13	85
14	18
15	11
16	83
17	61
18	1
19	12
20	9
21	43
22	10
23	52
24	76
25	14
26	98
27	23
28	62
29	84
30	51
31	93
32	6
33	3
34	48
35	19
36	38
37	88
38	59
39	82
40	78
/

sigma(i)	Size
/
0	0
1	2
2	1
3	9
4	8
5	4
6	1
7	9
8	8
9	4
10	9
11	1
12	2
13	1
14	4
15	3
16	3
17	6
18	2
19	3
20	9
21	1
22	5
23	4
24	9
25	4
26	1
27	1
28	4
29	6
30	4
31	7
32	2
33	9
34	5
35	3
36	9
37	9
38	8
39	5
40	2
/

epsilon(i)	Priority
/
0	0
1	2
2	2
3	1
4	9
5	8
6	2
7	8
8	4
9	1
10	2
11	5
12	4
13	2
14	8
15	3
16	9
17	9
18	7
19	3
20	8
21	7
22	8
23	5
24	2
25	4
26	8
27	9
28	4
29	8
30	3
31	8
32	1
33	5
34	4
35	8
36	8
37	6
38	1
39	5
40	5
/

psi	Vehicle Capacity
/ 13 /
;

Table kappa(i,j)                 Setup
         0        1        2        3        4        5        6        7        8        9        10       11       12       13       14       15       16       17       18       19       20       21       22       23       24       25       26       27       28       29       30       31       32       33       34       35       36       37       38       39       40       
0        0        187      276      374      333      387      380      390      143      339      348      215      175      153      214      165      166      315      335      147      295      154      228      392      281      152      128      40       121      103      276      238      140      311      193      189      161      30       267      285      305      
1        187      0        101      210      150      213      199      249      100      176      184      28       242      221      123      42       282      250      168      177      248      109      266      215      93       211      139      162      172      174      139      137      47       150      87       206      132      217      228      113      207      
2        276      101      0        208      125      112      103      267      150      77       188      80       342      321      114      111      384      318      170      215      324      206      362      116      62       251      239      243      222      275      187      209      145      167      101      303      229      305      308      13       265      
3        374      210      208      0        84       241      211      69       310      256      26       188      333      323      310      252      396      195      42       387      219      228      318      232      147      422      266      360      383      311      104      154      244      63       283      277      234      403      222      217      140      
4        333      150      125      84       0        164      135      149      244      173      68       124      333      318      233      188      389      239      53       319      256      206      332      157      68       355      246      311      319      290      111      157      193      65       209      280      220      363      250      133      181      
5        387      213      112      241      164      0        30       310      253      57       232      190      451      431      197      222      495      399      217      306      411      315      466      13       142      339      350      353      318      387      265      300      258      228      200      408      336      415      400      102      341      
6        380      199      103      211      135      30       0        280      251      71       202      174      433      413      202      214      480      372      188      310      385      297      445      21       120      344      333      347      320      373      239      276      246      200      200      387      317      409      375      96       314      
7        390      249      267      69       149      310      280      0        350      322      80       232      316      312      361      292      382      149      98       426      178      236      291      301      205      459      269      383      418      312      116      153      273      103      330      260      236      417      189      278      106      
8        143      100      150      310      244      253      251      350      0        200      284      122      270      246      71       58       288      333      268      76       325      166      310      260      178      111      175      104      75       189      238      225      86       251      52       254      187      168      301      155      298      
9        339      176      77       256      173      57       71       322      200      0        242      158      419      398      141      177      458      390      225      249      398      284      439      68       128      282      316      303      263      350      257      284      218      229      148      380      306      366      384      64       335      
10       348      184      188      26       68       232      202      80       284      242      0        163      312      301      287      226      374      185      18       361      207      203      300      223      126      396      241      334      356      286      81       132      217      36       258      256      210      377      207      198      128      
11       215      28       80       188      124      190      174      232      122      158      163      0        262      241      130      64       305      249      146      198      251      126      281      191      65       233      159      190      195      198      129      137      75       130      98       222      148      245      233      94       202      
12       175      242      342      333      333      451      433      316      270      419      312      262      0        24       336      252      66       189      308      309      160      136      55       451      313      323      104      203      285      82       231      180      206      281      303      56       116      182      136      355      211      
13       153      221      321      323      318      431      413      312      246      398      301      241      24       0        312      229      72       193      296      285      165      116      74       432      294      299      82       180      261      58       220      169      183      269      279      53       98       163      140      334      207      
14       214      123      114      310      233      197      202      361      71       141      287      130      336      312      0        90       358      373      269      108      369      218      371      207      164      142      235      174      122      256      259      260      135      258      36       313      241      238      348      113      330      
15       165      42       111      252      188      222      214      292      58       177      226      64       252      229      90       0        283      285      209      135      280      128      283      227      125      170      149      133      131      176      181      174      47       192      54       224      152      194      258      120      246      
16       166      282      384      396      389      495      480      382      288      458      374      305      66       72       358      283      0        254      369      311      225      185      110      497      362      318      147      202      286      108      293      242      240      342      329      122      169      162      202      395      277      
17       315      250      318      195      239      399      372      149      333      390      185      249      189      193      373      285      254      0        192      400      31       173      151      393      262      427      187      323      384      216      133      113      247      173      337      139      158      336      53       331      58       
18       335      168      170      42       53       217      188      98       268      225      18       146      308      296      269      209      369      192      0        344      212      193      300      209      108      379      232      320      340      278      76       128      203      26       241      253      202      365      210      180      134      
19       147      177      215      387      319      306      310      426      76       249      361      198      309      285      108      135      311      400      344      0        389      228      355      315      252      36       227      109      26       227      313      296      157      327      114      304      247      161      363      217      370      
20       295      248      324      219      256      411      385      178      325      398      207      251      160      165      369      280      225      31       212      389      0        161      120      406      271      414      169      306      371      194      146      114      239      191      333      113      142      314      27       337      79       
21       154      109      206      228      206      315      297      236      166      284      203      126      136      116      218      128      185      173      193      228      161      0        157      315      177      254      39       153      211      85       125      83       83       167      182      97       23       181      135      219      152      
22       228      266      362      318      332      466      445      291      310      439      300      281      55       74       371      283      110      151      300      355      120      157      0        464      324      372      135      253      333      129      223      174      236      274      336      59       133      237      102      375      185      
23       392      215      116      232      157      13       21       301      260      68       223      191      451      432      207      227      497      393      209      315      406      315      464      0        140      349      351      359      327      389      260      297      261      221      208      407      336      421      396      107      335      
24       281      93       62       147      68       142      120      205      178      128      126      65       313      294      164      125      362      262      108      252      271      177      324      140      0        288      215      255      253      257      128      159      140      104      141      267      197      311      258      73       206      
25       152      211      251      422      355      339      344      459      111      282      396      233      323      299      142      170      318      427      379      36       414      254      372      349      288      0        248      119      43       243      345      326      188      362      149      324      271      160      388      252      400      
26       128      139      239      266      246      350      333      269      175      316      241      159      104      82       235      149      147      187      232      227      169      39       135      351      215      248      0        137      206      45       162      116      102      206      201      79       33       151      141      252      177      
27       40       162      243      360      311      353      347      383      104      303      334      190      203      180      174      133      202      323      320      109      306      153      253      359      255      119      137      0        83       124      267      235      118      297      155      208      165      64       279      251      306      
28       121      172      222      383      319      318      320      418      75       263      356      195      285      261      122      131      286      384      340      26       371      211      333      327      253      43       206      83       0        204      303      283      145      322      121      283      229      135      345      226      357      
29       103      174      275      311      290      387      373      312      189      350      286      198      82       58       256      176      108      216      278      227      194      85       129      389      257      243      45       124      204      0        207      159      132      251      224      85       77       120      166      287      215      
30       276      139      187      104      111      265      239      116      238      257      81       129      231      220      259      181      293      133      76       313      146      125      223      260      128      345      162      267      303      207      0        51       158      50       225      176      130      304      138      200      78       
31       238      137      209      154      157      300      276      153      225      284      132      137      180      169      260      174      242      113      128      296      114      83       174      297      159      326      116      235      283      159      51       0        139      101      224      125      82       264      99       222      73       
32       140      47       145      244      193      258      246      273      86       218      217      75       206      183      135      47       240      247      203      157      239      83       236      261      140      188      102      118      145      132      158      139      0        181      100      177      106      170      215      156      213      
33       311      150      167      63       65       228      200      103      251      229      36       130      281      269      258      192      342      173      26       327      191      167      274      221      104      362      206      297      322      251      50       101      181      0        228      226      176      340      186      178      115      
34       193      87       101      283      209      200      200      330      52       148      258      98       303      279      36       54       329      337      241      114      333      182      336      208      141      149      201      155      121      224      225      224      100      228      0        278      206      219      312      105      295      
35       189      206      303      277      280      408      387      260      254      380      256      222      56       53       313      224      122      139      253      304      113      97       59       407      267      324      79       208      283      85       176      125      177      226      278      0        74       205      86       316      155      
36       161      132      229      234      220      336      317      236      187      306      210      148      116      98       241      152      169      158      202      247      142      23       133      336      197      271      33       165      229      77       130      82       106      176      206      74       0        185      116      242      144      
37       30       217      305      403      363      415      409      417      168      366      377      245      182      163      238      194      162      336      365      161      314      181      237      421      311      160      151      64       135      120      304      264      170      340      219      205      185      0        286      314      329      
38       267      228      308      222      250      400      375      189      301      384      207      233      136      140      348      258      202      53       210      363      27       135      102      396      258      388      141      279      345      166      138      99       215      186      312      86       116      286      0        322      84       
39       285      113      13       217      133      102      96       278      155      64       198      94       355      334      113      120      395      331      180      217      337      219      375      107      73       252      252      251      226      287      200      222      156      178      105      316      242      314      322      0        278      
40       305      207      265      140      181      341      314      106      298      335      128      202      211      207      330      246      277      58       134      370      79       152      185      335      206      400      177      306      357      215      78       73       213      115      295      155      144      329      84       278      0        
;



Table delta(i,j)                 Distance
         0        1        2        3        4        5        6        7        8        9        10       11       12       13       14       15       16       17       18       19       20       21       22       23       24       25       26       27       28       29       30       31       32       33       34       35       36       37       38       39       40       
0        0        600      3050     1680     1900     3090     1050     4040     3460     2860     3750     1730     3810     2810     1490     2230     1530     1420     1870     2700     3720     3440     490      2470     4440     1990     2860     3490     2220     1000     2400     810      620      3190     3010     2900     2630     2560     3100     1860     3060     
1        600      0        327      209      143      335      46       389      371      304      363      159      408      251      189      248      123      117      188      221      400      325      107      189      421      236      260      360      175      73       247      98       39       282      264      243      296      246      277      164      257      
2        3050     327      0        157      308      23       334      234      46       30       198      204      84       255      169      83       257      247      157      350      78       222      278      400      301      121      240      76       321      269      104      230      289      305      301      354      74       165      278      224      369      
3        1680     209      157      0        259      154      234      336      190      149      300      168      221      276      19       80       200      184      136      328      212      295      129      346      394      36       270      221      284      179      146      117      178      328      316      342      98       203      307      195      359      
4        1900     143      308      259      0        325      103      279      355      278      263      105      392      125      242      252      59       74       152      80       386      213      222      92       296      268      140      309      32       95       205      155      127      143      125      100      311      165      144      84       116      
5        3090     335      23       154      325      0        345      257      37       51       221      220      72       276      168      87       271      261      172      369      64       245      279      417      324      117      262      95       339      280      123      237      298      327      322      374      61       186      300      241      390      
6        1050     46       334      234      103      345      0        366      380      308      344      146      418      220      214      260      99       99       184      177      410      301      149      143      392      256      231      357      133      65       244      117      57       246      227      199      313      231      244      143      213      
7        4040     389      234      336      279      257      366      0        257      215      37       232      279      155      335      263      267      272      222      259      280      65       405      339      67       313      139      168      266      315      190      326      354      167      178      248      298      148      147      225      254      
8        3460     371      46       190      355      37       380      257      0        76       223      250      38       296      205      124      303      293      204      394      31       255      316      446      324      154      281      89       367      315      149      274      334      345      342      398      95       207      317      271      412      
9        2860     304      30       149      278      51       308      215      76       0        178      174      114      225      158      69       227      218      128      319      108      197      262      370      280      115      211      72       290      243      73       208      265      275      271      324      84       134      248      194      339      
10       3750     363      198      300      263      221      344      37       223      178      0        204      247      144      300      226      245      247      190      254      247      56       373      331      102      276      126      134      254      290      154      295      327      168      176      246      261      118      144      201      255      
11       1730     159      204      168      105      220      146      232      250      174      204      0        288      117      155      147      53       47       47       162      282      171      181      197      271      169      118      214      123      86       103      100      122      165      151      174      207      87       148      27       191      
12       3810     408      84       221      392      72       418      279      38       114      247      288      0        331      236      160      341      331      242      431      9        284      349      484      346      185      315      113      404      352      187      310      370      378      376      434      123      243      351      309      448      
13       2810     251      255      276      125      276      220      155      296      225      144      117      331      0        266      232      129      139      140      111      327      90       297      186      171      269      18       227      111      182      157      216      222      53       45       107      287      90       31       96       119      
14       1490     189      169      19       242      168      214      335      205      158      300      155      236      266      0        88       183      167      127      313      228      291      112      329      391      51       262      229      268      160      145      98       158      318      304      327      115      197      297      182      344      
15       2230     248      83       80       252      87       260      263      124      69       226      147      160      232      88       0        195      182      101      307      151      230      195      344      325      50       222      140      271      196      79       150      211      285      276      316      59       146      260      173      333      
16       1530     123      257      200      59       271      99       267      303      227      245      53       341      129      183      195      0        16       99       132      335      203      176      150      298      209      137      267      85       53       157      101      93       166      148      148      254      133      156      44       165      
17       1420     117      247      184      74       261      99       272      293      218      247      47       331      139      167      182      16       0        90       148      324      208      162      164      305      194      145      261      101      44       149      85       84       178      161      164      240      132      167      47       181      
18       1870     188      157      136      152      172      184      222      204      128      190      47       242      140      127      101      99       90       0        205      235      169      183      245      271      130      134      173      169      119      60       106      149      192      181      215      161      74       170      71       232      
19       2700     221      350      328      80       369      177      259      394      319      254      162      431      111      313      307      132      148      205      0        426      198      302      82       258      332      129      333      48       175      246      232      208      96       81       21       366      188      112      135      35       
20       3720     400      78       212      386      64       410      280      31       108      247      282      9        327      228      151      335      324      235      426      0        282      340      478      347      176      311      113      398      345      181      302      362      375      373      429      114      238      347      302      444      
21       3440     325      222      295      213      245      301      65       255      197      56       171      284      90       291      230      203      208      169      198      282      0        349      276      101      277      74       171      201      253      151      269      292      112      119      190      275      94       88       161      198      
22       490      107      278      129      222      279      149      405      316      262      373      181      349      297      112      195      176      162      183      302      340      349      0        289      451      164      299      330      254      127      228      81       98       340      323      321      227      257      327      200      338      
23       2470     189      400      346      92       417      143      339      446      370      331      197      484      186      329      344      150      164      245      82       478      276      289      0        340      358      204      396      81       171      296      235      191      178      163      99       403      250      192      175      103      
24       4440     421      301      394      296      324      392      67       324      280      102      271      346      171      391      325      298      305      271      258      347      101      451      340      0        373      161      235      276      349      248      370      389      162      178      243      363      196      152      259      244      
25       1990     236      121      36       268      117      256      313      154      115      276      169      185      269      51       50       209      194      130      332      176      277      164      358      373      0        261      188      291      197      125      140      202      322      311      344      63       188      298      196      361      
26       2860     260      240      270      140      262      231      139      281      211      126      118      315      18       262      222      137      145      134      129      311      74       299      204      161      261      0        210      127      189      145      218      229      64       61       125      276      77       38       100      137      
27       3490     360      76       221      309      95       357      168      89       72       134      214      113      227      229      140      267      261      173      333      113      171      330      396      235      188      210      0        314      293      113      269      320      271      271      333      149      146      243      227      346      
28       2220     175      321      284      32       339      133      266      367      290      254      123      404      111      268      271      85       101      169      48       398      201      254      81       276      291      127      314      0        126      217      185      159      118      100      68       330      168      124      98       84       
29       1000     73       269      179      95       280      65       315      315      243      290      86       352      182      160      196      53       44       119      175      345      253      127      171      349      197      189      293      126      0        180      64       39       219      201      194      251      173      210      91       210      
30       2400     247      104      146      205      123      244      190      149      73       154      103      187      157      145      79       157      149      60       246      181      151      228      296      248      125      145      113      217      180      0        159      208      210      203      252      130      68       184      121      267      
31       810      98       230      117      155      237      117      326      274      208      295      100      310      216      98       150      101      85       106      232      302      269      81       235      370      140      218      269      185      64       159      0        62       260      244      250      199      178      246      119      267      
32       620      39       289      178      127      298      57       354      334      265      327      122      370      222      158      211      93       84       149      208      362      292      98       191      389      202      229      320      159      39       208      62       0        258      240      228      261      209      250      130      243      
33       3190     282      305      328      143      327      246      167      345      275      168      165      378      53       318      285      166      178      192      96       375      112      340      178      162      322      64       271      118      219      210      260      258      0        18       82       340      142      27       141      87       
34       3010     264      301      316      125      322      227      178      342      271      176      151      376      45       304      276      148      161      181      81       373      119      323      163      178      311      61       271      100      201      203      244      240      18       0        70       332      136      31       126      79       
35       2900     243      354      342      100      374      199      248      398      324      246      174      434      107      327      316      148      164      215      21       429      190      321      99       243      344      125      333      68       194      252      250      228      82       70       0        375      191      102      147      17       
36       2630     296      74       98       311      61       313      298      95       84       261      207      123      287      115      59       254      240      161      366      114      275      227      403      363      63       276      149      330      251      130      199      261      340      332      375      0        199      314      232      392      
37       2560     246      165      203      165      186      231      148      207      134      118      87       243      90       197      146      133      132      74       188      238      94       257      250      196      188      77       146      168      173      68       178      209      142      136      191      199      0        115      89       205      
38       3100     277      278      307      144      300      244      147      317      248      144      148      351      31       297      260      156      167      170      112      347      88       327      192      152      298      38       243      124      210      184      246      250      27       31       102      314      115      0        126      110      
39       1860     164      224      195      84       241      143      225      271      194      201      27       309      96       182      173      44       47       71       135      302      161      200      175      259      196      100      227      98       91       121      119      130      141      126      147      232      89       126      0        164      
40       3060     257      369      359      116      390      213      254      412      339      255      191      448      119      344      333      165      181      232      35       444      198      338      103      244      361      137      346      84       210      267      267      243      87       79       17       392      205      110      164      0        
;

