

sets
i        orders          /0*80/
k        routes          /1*80/
p        positions       /0*80/
;

alias(i,j)
alias(i,h)
alias(i,hh)
alias(i,jj)
alias(k,kk)
                            Parameters

rho(i)	Processing time
/
0	0
1	71
2	47
3	63
4	99
5	37
6	49
7	54
8	52
9	71
10	43
11	61
12	45
13	94
14	54
15	83
16	27
17	60
18	95
19	70
20	74
21	13
22	82
23	87
24	12
25	27
26	85
27	36
28	41
29	35
30	94
31	87
32	17
33	42
34	54
35	53
36	38
37	22
38	78
39	53
40	66
41	75
42	25
43	45
44	90
45	33
46	35
47	53
48	85
49	60
50	48
51	52
52	25
53	61
54	82
55	5
56	47
57	92
58	73
59	33
60	13
61	93
62	58
63	13
64	80
65	46
66	11
67	5
68	97
69	12
70	64
71	20
72	32
73	60
74	64
75	10
76	58
77	45
78	38
79	84
80	68
/

gamma(i)	Duedate
/
0	0
1	48
2	92
3	65
4	98
5	72
6	48
7	74
8	52
9	59
10	76
11	30
12	18
13	68
14	72
15	4
16	74
17	56
18	97
19	66
20	31
21	30
22	70
23	32
24	65
25	58
26	37
27	74
28	9
29	9
30	91
31	3
32	11
33	91
34	49
35	55
36	29
37	38
38	41
39	73
40	77
41	11
42	4
43	52
44	77
45	6
46	41
47	49
48	16
49	54
50	90
51	85
52	51
53	91
54	80
55	30
56	51
57	29
58	30
59	61
60	21
61	92
62	12
63	37
64	37
65	31
66	81
67	51
68	14
69	99
70	28
71	29
72	45
73	11
74	35
75	86
76	54
77	35
78	89
79	50
80	75
/

sigma(i)	Size
/
0	0
1	1
2	7
3	7
4	9
5	1
6	5
7	4
8	5
9	4
10	2
11	9
12	2
13	4
14	5
15	3
16	7
17	1
18	7
19	8
20	6
21	5
22	6
23	5
24	4
25	9
26	7
27	6
28	6
29	8
30	4
31	1
32	4
33	8
34	2
35	6
36	7
37	4
38	8
39	6
40	8
41	3
42	9
43	4
44	7
45	3
46	1
47	6
48	4
49	1
50	7
51	2
52	9
53	1
54	5
55	9
56	1
57	6
58	5
59	5
60	6
61	6
62	2
63	1
64	3
65	2
66	9
67	7
68	3
69	9
70	3
71	5
72	3
73	7
74	1
75	7
76	7
77	6
78	3
79	7
80	8
/

epsilon(i)	Priority
/
0	0
1	2
2	1
3	4
4	4
5	4
6	1
7	9
8	8
9	1
10	2
11	7
12	1
13	2
14	2
15	7
16	1
17	1
18	7
19	7
20	2
21	8
22	7
23	2
24	7
25	2
26	6
27	5
28	1
29	2
30	4
31	1
32	8
33	3
34	2
35	9
36	1
37	8
38	4
39	9
40	1
41	1
42	7
43	8
44	2
45	4
46	5
47	4
48	2
49	8
50	1
51	6
52	2
53	6
54	3
55	6
56	1
57	8
58	6
59	6
60	4
61	1
62	2
63	6
64	6
65	6
66	4
67	7
68	6
69	9
70	3
71	6
72	4
73	1
74	3
75	8
76	1
77	8
78	4
79	7
80	7
/

psi	Vehicle Capacity
/ 17 /
;

Table kappa(i,j)                 Setup
         0        1        2        3        4        5        6        7        8        9        10       11       12       13       14       15       16       17       18       19       20       21       22       23       24       25       26       27       28       29       30       31       32       33       34       35       36       37       38       39       40       41       42       43       44       45       46       47       48       49       50       51       52       53       54       55       56       57       58       59       60       61       62       63       64       65       66       67       68       69       70       71       72       73       74       75       76       77       78       79       80       
0        0        1865     4165     2998     4032     2057     4507     7203     2808     442      7206     4948     7540     5033     5102     6663     6019     6733     7533     4751     6438     3850     3170     5476     5001     7092     7061     5694     8349     8001     6530     3470     6100     6476     7239     2091     6396     5634     8309     1443     8133     2457     1756     3212     4480     2869     7328     4719     4471     7468     7653     3734     5485     4958     6534     4175     4004     485      6306     6843     3138     7772     5969     3925     794      5277     2788     7106     1383     1264     4652     3769     6268     8005     5396     5865     7080     6128     5570     5349     5125     
1        1865     0        2435     1253     2890     2990     2720     5655     966      2299     6335     3215     5734     3173     3250     4797     4192     5052     5681     3119     4634     2503     2654     3697     3807     5937     6415     4999     6767     6248     5594     2084     4964     5602     5528     821      5624     4663     6541     734      6275     2285     2023     1475     4078     1010     6270     2868     3063     5825     5929     2141     3850     3142     4732     4154     2594     1380     4863     6160     3323     6100     4107     2690     1072     4934     1087     5260     717      1406     4449     1907     4580     6157     4182     4047     6085     5589     4071     3496     4952     
2        4165     2435     0        1187     1732     5388     437      5252     1512     4607     7115     2751     4398     1372     2001     2942     1949     4339     4019     767      3444     1196     4450     1323     4496     6322     7480     6164     6150     5116     6365     1147     5518     6460     4639     2101     6615     5521     5318     3149     4488     4397     4359     965      5681     1742     6779     1782     3584     5131     4943     2692     3540     2262     3541     6049     1054     3713     4841     7203     5441     5277     2163     1477     3399     6476     1382     3070     3144     3170     6171     1372     3918     4492     4751     2883     6710     6860     4080     2147     6642     
3        2998     1253     1187     0        1966     4229     1508     5389     432      3440     6708     2801     5007     2141     2454     3811     3031     4612     4800     1870     3946     1459     3530     2479     4066     6090     6943     5560     6415     5631     5949     1079     5186     6005     5014     1007     6100     5045     5884     1976     5344     3351     3225     222      4871     819      6496     2103     3184     5415     5376     2187     3563     2509     4047     5116     1486     2536     4772     6673     4406     5632     3065     1715     2221     5706     222      4134     1967     2108     5316     1193     4148     5282     4388     3345     6369     6219     3965     2676     5808     
4        4032     2890     1732     1966     0        5763     2113     6973     2389     4427     8631     4433     6076     3075     3733     4504     3313     6071     5614     1541     5163     563      5449     2596     5984     7934     8900     7524     7882     6819     7872     887      7073     7941     6368     2138     8051     6983     7004     3587     6009     5169     4887     1854     6821     2785     8367     3501     5082     6863     6663     4105     5226     3979     5258     7009     678      3700     6511     8628     6213     7007     3742     268      3442     7663     1971     4365     3545     2785     7249     2895     5646     6069     6283     4611     8266     8185     5726     3875     7745     
5        2057     2990     5388     4229     5763     0        5615     6771     3876     1935     5897     5087     7696     5833     5621     7266     6962     6588     7917     6100     6649     5451     2158     6574     4277     6103     5552     4329     7915     7965     5334     5036     5168     5219     7132     3634     5043     4560     8306     2256     8561     1487     1071     4448     2994     3711     6209     5269     4122     7197     7557     3815     5357     5327     6730     2413     5563     2161     5770     5379     1408     7549     6705     5600     2354     3643     4076     7937     2275     3202     2972     4499     6177     8349     4640     6164     5909     4585     5196     5860     3375     
6        4507     2720     437      1508     2113     5615     0        4925     1762     4949     6942     2495     3978     962      1651     2504     1541     3987     3584     845      3049     1601     4519     977      4358     6094     7352     6071     5786     4709     6200     1583     5331     6309     4261     2475     6484     5385     4902     3407     4050     4538     4566     1297     5682     1911     6565     1489     3454     4769     4550     2633     3268     1964     3144     6108     1440     4043     4577     7074     5565     4899     1725     1870     3727     6453     1720     2659     3412     3562     6189     1331     3581     4056     4584     2505     6515     6777     3841     1770     6648     
7        7203     5655     5252     5389     6973     6771     4925     0        5155     7537     3224     2590     2189     4025     3275     3517     4567     1021     3010     5721     2164     6418     4619     4995     2526     1994     4044     3601     1155     1766     2815     6229     2114     3042     1150     6160     3402     2766     2082     5779     3474     5299     5926     5358     4445     4815     2488     3471     2747     669      1357     3521     1833     2993     2114     5315     6299     6770     1017     3829     5676     1016     3848     6710     6546     4610     5545     4506     5848     7059     4919     4206     1348     3097     2219     2508     2676     4150     1635     3192     5061     
8        2808     966      1512     432      2389     3876     1762     5155     0        3247     6326     2591     4945     2230     2404     3879     3225     4431     4812     2241     3860     1890     3099     2737     3693     5749     6538     5148     6213     5524     5568     1503     4827     5616     4863     1035     5701     4657     5794     1646     5385     2936     2849     612      4440     409      6141     2031     2829     5229     5242     1828     3321     2381     3960     4687     1918     2329     4484     6269     3989     5467     3166     2142     2015     5277     445      4300     1649     2083     4884     1060     3961     5292     4027     3260     6002     5801     3674     2641     5376     
9        442      2299     4607     3440     4427     1935     4949     7537     3247     0        7382     5336     7941     5470     5524     7094     6461     7100     7953     5187     6841     4267     3350     5918     5273     7334     7187     5847     8687     8385     6727     3894     6346     6659     7613     2528     6557     5849     8698     1827     8557     2608     1880     3654     4590     3297     7545     5141     4793     7823     8030     4102     5847     5368     6936     4204     4426     919      6619     6980     3157     8135     6405     4331     1232     5357     3231     7546     1775     1643     4712     4197     6640     8423     5666     6273     7286     6240     5901     5772     5167     
10       7206     6335     7115     6708     8631     5897     6942     3224     6326     7382     0        4507     5382     6280     5521     6413     7176     4022     6154     7786     5047     8079     4038     7383     2646     1232     890      1568     3793     4980     758      7759     1618     737      4343     7090     855      1677     5278     6068     6671     4774     5504     6785     2906     5917     790      5510     3551     3889     4581     4527     3842     5091     5038     3635     8031     6917     2701     781      4501     4203     6491     8365     6820     2435     6772     7432     6147     7618     3060     5771     4056     6300     2364     5117     548      1520     3197     5569     2874     
11       4948     3215     2751     2801     4433     5087     2495     2590     2591     5336     4507     0        2637     1773     1032     2398     2753     1848     2844     3336     1564     3872     3214     2879     2079     3602     5009     3863     3623     3052     3788     3654     2888     3924     2313     3616     4149     3065     3361     3509     3494     3643     4066     2768     3880     2284     4081     1015     1325     2640     2716     1284     792      588      1648     4556     3771     4478     2089     4734     4417     2892     2146     4166     4211     4490     2964     3310     3566     4585     4431     1615     1375     3265     2204     1102     4051     4579     1348     1139     4801     
12       7540     5734     4398     5007     6076     7696     3978     2189     4945     7941     5382     2637     0        3026     2554     1740     3012     1421     862      4597     1101     5580     5708     3635     3966     4165     6163     5488     2323     815      4889     5530     4061     5104     1042     5967     5443     4601     929      6116     1289     6227     6694     4890     6014     4737     4670     2916     3657     1579     932      3921     2397     2592     1005     6819     5413     7060     2796     5929     6894     1410     2386     5844     6777     6394     5214     2556     6167     7025     6548     3884     1636     918      3823     1689     4834     6124     2802     2334     6801     
13       5033     3173     1372     2141     3075     5833     962      4025     2230     5470     6280     1773     3026     0        779      1670     1163     3059     2690     1699     2089     2561     4405     1108     3805     5342     6772     5577     4843     3748     5561     2506     4662     5694     3308     3147     5909     4816     3946     3765     3209     4585     4762     1976     5390     2201     5833     803      2951     3829     3590     2346     2482     1188     2183     5934     2402     4551     3777     6496     5546     3946     936      2832     4239     6094     2362     2113     3789     4248     5925     1337     2677     3170     3968     1557     5819     6293     3101     835      6348     
14       5102     3250     2001     2454     3733     5621     1651     3275     2404     5524     5521     1032     2554     779      0        1645     1730     2340     2431     2450     1500     3191     3975     1863     3105     4565     6040     4888     4149     3191     4811     3064     3905     4953     2648     3417     5181     4097     3433     3731     3035     4268     4557     2343     4818     2240     5059     382      2299     3130     2972     1893     1705     449      1601     5431     3055     4616     2998     5765     5157     3284     1181     3477     4317     5474     2660     2411     3770     4487     5364     1352     1930     2906     3236     907      5052     5605     2331     248      5760     
15       6663     4797     2942     3811     4504     7266     2504     3517     3879     7094     6413     2398     1740     1670     1645     0        1285     2510     1113     2975     1382     4056     5568     1953     4363     5287     7074     6109     3978     2554     5789     4086     4880     5970     2470     4817     6259     5247     2640     5336     1549     5904     6203     3645     6270     3798     5806     2005     3715     3070     2575     3511     2701     1976     1413     6954     3872     6177     3714     6812     6764     3030     778      4294     5870     6839     4032     1019     5369     5917     6821     2899     2363     1566     4378     1374     5889     6809     3325     1408     7175     
16       6019     4192     1949     3031     3313     6962     1541     4567     3225     6461     7176     2753     3012     1163     1730     1285     0        3547     2382     1772     2416     2922     5567     717      4832     6144     7740     6616     5174     3820     6490     3031     5575     6643     3628     4014     6888     5813     3923     4835     2706     5742     5893     2828     6519     3277     6654     1913     4026     4213     3796     3500     3334     2179     2482     7087     2725     5547     4548     7467     6709     4229     719      3128     5231     7197     3249     1121     4851     5103     7059     2466     3277     2805     4945     2105     6683     7333     3982     1623     7471     
17       6733     5052     4339     4612     6071     6588     3987     1021     4431     7100     4022     1848     1421     3059     2340     2510     3547     0        2135     4758     1144     5525     4504     3991     2605     2834     4771     4068     1817     1390     3488     5369     2642     3697     545      5461     4030     3182     1739     5289     2684     5101     5650     4553     4651     4132     3351     2585     2467     804      969      2999     1258     2124     1099     5480     5393     6274     1378     4529     5654     1047     2828     5813     6021     4987     4788     3512     5351     6432     5173     3419     473      2328     2424     1513     3479     4703     1460     2225     5404     
18       7533     5681     4019     4800     5614     7917     3584     3010     4812     7953     6154     2844     862      2690     2431     1113     2382     2135     0        4088     1338     5157     6044     3065     4500     4954     6904     6129     3178     1627     5619     5167     4755     5824     1861     5796     6149     5241     1622     6150     650      6486     6878     4652     6521     4671     5466     2814     4042     2428     1794     4101     2838     2616     1286     7283     4976     7048     3501     6660     7246     2272     1874     5400     6749     6977     5018     1743     6192     6885     7066     3777     2209     481      4416     1753     5609     6792     3355     2185     7361     
19       4751     3119     767      1870     1541     6100     845      5721     2241     5187     7786     3336     4597     1699     2450     2975     1772     4758     4088     0        3757     1178     5218     1055     5193     6937     8186     6891     6535     5365     7042     1384     6176     7149     4991     2659     7319     6221     5526     3847     4468     5155     5088     1652     6443     2501     7410     2325     4286     5524     5250     3430     4103     2794     3847     6817     975      4321     5412     7909     6201     5626     2227     1360     4015     7232     2035     2841     3835     3656     6936     2109     4373     4537     5426     3253     7360     7592     4683     2534     7405     
20       6438     4634     3444     3946     5163     6649     3049     2164     3860     6841     5047     1564     1101     2089     1500     1382     2416     1144     1338     3757     0        4640     4723     2907     3180     3906     5735     4855     2795     1691     4445     4546     3548     4636     1240     4888     4940     3974     1938     5016     1983     5196     5631     3843     5187     3641     4426     1843     2706     1806     1500     2847     1505     1493     101      5945     4488     5959     2346     5479     5923     1870     1702     4917     5676     5666     4147     2398     5067     5936     5734     2800     990      1717     3125     601      4517     5537     2057     1307     6039     
21       3850     2503     1196     1459     563      5451     1601     6418     1890     4267     8079     3872     5580     2561     3191     4056     2922     5525     5157     1178     4640     0        4981     2211     5433     7372     8362     6994     7339     6309     7321     419      6516     7393     5834     1826     7510     6437     6504     3226     5584     4749     4525     1322     6330     2273     7807     2948     4528     6320     6139     3558     4664     3425     4737     6558     202      3471     5948     8089     5801     6472     3283     294      3189     7165     1500     4012     3193     2655     6772     2334     5095     5621     5727     4079     7709     7663     5163     3343     7265     
22       3170     2654     4450     3530     5449     2158     4519     4619     3099     3350     4038     3214     5708     4405     3975     5568     5567     4504     6044     5218     4723     4981     0        5364     2119     4031     3919     2530     5760     5893     3377     4578     3062     3311     5050     3475     3226     2512     6240     2166     6695     757      1484     3701     1432     2750     4206     3687     2055     5068     5472     2084     3317     3594     4793     1599     5017     2906     3614     3689     1203     5428     5146     5217     2850     2287     3483     6384     2241     3716     1803     3206     4123     6441     2486     4316     3938     3019     3074     4185     2303     
23       5476     3697     1323     2479     2596     6574     977      4995     2737     5918     7383     2879     3635     1108     1863     1953     717      3991     3065     1055     2907     2211     5364     0        4910     6423     7881     6678     5701     4427     6667     2344     5765     6802     4146     3423     7017     5923     4559     4380     3419     5448     5518     2264     6435     2862     6920     1905     4046     4711     4359     3366     3565     2292     2987     6929     2013     5015     4843     7604     6455     4768     1251     2412     4700     7164     2687     1804     4386     4493     6961     2165     3661     3502     5076     2487     6916     7393     4195     1851     7398     
24       5001     3807     4496     4066     5984     4277     4358     2526     3693     5273     2646     2079     3966     3805     3105     4363     4832     2605     4500     5193     3180     5433     2119     4910     0        2135     2994     1784     3651     3973     1888     5113     1157     1966     3132     4512     2126     1027     4324     3681     5127     2838     3517     4139     2049     3285     2469     3004     912      3036     3532     1882     1683     2655     3218     2876     5388     4628     1510     2716     3149     3407     4217     5718     4466     2489     4138     5335     3759     5165     2582     3137     2332     4813     394      2989     2310     2500     1163     3217     2860     
25       7092     5937     6322     6090     7934     6103     6094     1994     5749     7334     1232     3602     4165     5342     4565     5287     6144     2834     4954     6937     3906     7372     4031     6423     2135     0        2080     2051     2613     3748     1000     7092     993      1225     3123     6622     1587     1543     4047     5809     5454     4788     5508     6132     3265     5349     519      4616     2922     2657     3350     3921     2860     4163     3887     4114     7299     6740     1596     1894     4786     2972     5440     7665     6591     3099     6188     6304     5887     7300     3596     5038     2925     5081     1755     4048     687      2390     2254     4576     3571     
26       7061     6415     7480     6943     8900     5552     7352     4044     6538     7187     890      5009     6163     6772     6040     7074     7740     4771     6904     8186     5735     8362     3919     7881     2994     2080     0        1416     4674     5809     1290     8015     2194     1104     5134     7205     867      1967     6117     6053     7447     4604     5315     7045     2599     6130     1677     5980     3900     4714     5399     4813     4422     5597     5737     3176     8334     6824     3407     277      4144     5042     7080     8639     6767     1925     6979     8088     6130     7613     2596     6111     4749     7082     2805     5738     1398     966      3775     6118     2293     
27       5694     4999     6164     5560     7524     4329     6071     3601     5148     5847     1568     3863     5488     5577     4888     6109     6616     4068     6129     6891     4855     6994     2530     6678     1784     2051     1416     0        4512     5309     1090     6637     1487     921      4528     5792     716      888      5648     4642     6726     3243     3967     5673     1340     4744     1976     4774     2634     4244     4869     3474     3407     4439     4878     2115     6977     5435     2714     1167     2935     4610     5998     7267     5366     1054     5587     7097     4720     6203     1565     4791     3919     6384     1734     4737     1645     716      2800     5001     1526     
28       8349     6767     6150     6415     7882     7915     5786     1155     6213     8687     3793     3623     2323     4843     4149     3978     5174     1817     3178     6535     2795     7339     5760     5701     3651     2613     4674     4512     0        1579     3578     7187     3062     3810     1555     7234     4179     3747     1741     6920     3455     6449     7081     6364     5490     5893     3003     4403     3901     1019     1409     4647     2918     3941     2714     6366     7204     7911     2146     4504     6791     948      4478     7625     7681     5556     6585     4870     6988     8165     5933     5222     2269     3086     3319     3285     3279     4971     2788     4017     6021     
29       8001     6248     5116     5631     6819     7965     4709     1766     5524     8385     4980     3052     815      3748     3191     2554     3820     1390     1627     5365     1691     6309     5893     4427     3973     3748     5809     5309     1579     0        4578     6231     3831     4803     846      6557     5160     4442     351      6560     1879     6479     7008     5532     6005     5277     4225     3527     3849     1096     444      4296     2610     3142     1591     6847     6149     7530     2604     5596     7045     785      3176     6580     7261     6280     5828     3357     6617     7585     6515     4468     1789     1507     3756     2287     4434     5893     2846     2996     6714     
30       6530     5594     6365     5949     7872     5334     6200     2815     5568     6727     758      3788     4889     5561     4811     5789     6490     3488     5619     7042     4445     7321     3377     6667     1888     1000     1290     1090     3578     4578     0        7000     916      232      3869     6341     600      930      4898     5350     6169     4127     4858     6026     2389     5159     890      4782     2794     3483     4156     3769     3158     4375     4446     3200     7274     6222     2119     1041     3966     3827     5817     7607     6112     2117     6014     6804     5430     6893     2656     5016     3459     5807     1616     4462     575      1395     2509     4873     2588     
31       3470     2084     1147     1079     887      5036     1583     6229     1503     3894     7759     3654     5530     2506     3064     4086     3031     5369     5167     1384     4546     419      4578     2344     5113     7092     8015     6637     7187     6231     7000     0        6214     7064     5710     1419     7169     6105     6445     2807     5631     4334     4105     974      5940     1898     7515     2784     4217     6171     6034     3231     4443     3249     4645     6150     537      3078     5706     7744     5385     6345     3308     639      2790     6779     1095     4145     2774     2306     6374     2068     4926     5640     5420     3967     7404     7298     4910     3239     6869     
32       6100     4964     5518     5186     7073     5168     5331     2114     4827     6346     1618     2888     4061     4662     3905     4880     5575     2642     4755     6176     3548     6516     3062     5765     1157     993      2194     1487     3062     3831     916      6214     0        1090     3069     5667     1396     689      4167     4818     5325     3816     4530     5244     2459     4422     1315     3892     2001     2758     3395     3001     2242     3473     3554     3334     6457     5746     1265     1932     3895     3123     4901     6806     5599     2505     5270     5894     4896     6317     2875     4190     2568     4971     799      3547     1193     2069     1594     3960     2965     
33       6476     5602     6460     6005     7941     5219     6309     3042     5616     6659     737      3924     5104     5694     4953     5970     6643     3697     5824     7149     4636     7393     3311     6802     1966     1225     1104     921      3810     4803     232      7064     1090     0        4088     6362     368      959      5125     5330     6381     4053     4784     6090     2249     5207     1061     4909     2878     3710     4380     3835     3319     4512     4640     3036     7352     6182     2323     842      3838     4056     5978     7676     6083     1919     6062     6984     5409     6880     2481     5103     3653     6020     1730     4634     725      1166     2672     5023     2386     
34       7239     5528     4639     5014     6368     7132     4261     1150     4863     7613     4343     2313     1042     3308     2648     2470     3628     545      1861     4991     1240     5834     5050     4146     3132     3123     5134     4528     1555     846      3869     5710     3069     4088     0        5898     4434     3649     1197     5795     2331     5645     6188     4939     5171     4585     3627     2939     3011     600      425      3512     1790     2505     1159     6008     5691     6775     1814     4905     6198     638      2926     6117     6516     5475     5200     3420     5856     6893     5687     3828     975      1957     2929     1757     3795     5139     1999     2493     5901     
35       2091     821      2101     1007     2138     3634     2475     6160     1035     2528     7090     3616     5967     3147     3417     4817     4014     5461     5796     2659     4888     1826     3475     3423     4512     6622     7205     5792     7234     6557     6341     1419     5667     6362     5898     0        6402     5413     6825     1459     6348     3088     2752     1191     4898     1345     6981     3050     3708     6256     6277     2729     4328     3415     4989     4969     1956     1671     5445     6947     4112     6499     4072     1966     1374     5754     785      5126     1412     1101     5270     2089     4990     6278     4873     4287     6813     6395     4637     3648     5773     
36       6396     5624     6615     6100     8051     5043     6484     3402     5701     6557     855      4149     5443     5909     5181     6259     6888     4030     6149     7319     4940     7510     3226     7017     2126     1587     867      716      4179     5160     600      7169     1396     368      4434     6402     0        1099     5484     5306     6714     3950     4677     6197     2050     5292     1375     5115     3033     4068     4733     3956     3584     4736     4948     2787     7478     6124     2652     590      3646     4417     6235     7789     6044     1616     6144     7267     5385     6865     2217     5248     3964     6357     1945     4909     1034     803      2941     5264     2074     
37       5634     4663     5521     5045     6983     4560     5385     2766     4657     5849     1677     3065     4601     4816     4097     5247     5813     3182     5241     6221     3974     6437     2512     5923     1027     1543     1967     888      3747     4442     930      6105     689      959      3649     5413     1099     0        4784     4427     5837     3270     3997     5131     1774     4247     1696     4019     1937     3391     4000     2878     2548     3650     3994     2648     6399     5312     1839     1689     3249     3762     5174     6719     5194     1845     5102     6244     4506     5965     2187     4157     3032     5496     874      3881     1450     1564     1925     4190     2295     
38       8309     6541     5318     5884     7004     8306     4902     2082     5794     8698     5278     3361     929      3946     3433     2640     3923     1739     1622     5526     1938     6504     6240     4559     4324     4047     6117     5648     1741     351      4898     6445     4167     5125     1197     6825     5484     4784     0        6871     1750     6821     7343     5777     6355     5560     4514     3781     4193     1416     793      4617     2949     3416     1837     7198     6339     7836     2948     5909     7394     1075     3312     6770     7563     6624     6086     3364     6927     7865     6865     4735     2128     1401     4105     2539     4734     6224     3196     3226     7060     
39       1443     734      3149     1976     3587     2256     3407     5779     1646     1827     6068     3509     6116     3765     3731     5336     4835     5289     6150     3847     5016     3226     2166     4380     3681     5809     6053     4642     6920     6560     5350     2807     4818     5330     5795     1459     5306     4427     6871     0        6765     1662     1301     2197     3594     1565     6092     3351     3068     6027     6210     2291     4044     3550     5111     3557     3324     991      4907     5810     2660     6329     4686     3399     786      4445     1820     5875     79       1561     3908     2444     4825     6616     4072     4453     5874     5177     4152     3980     4410     
40       8133     6275     4488     5344     6009     8561     4050     3474     5385     8557     6671     3494     1289     3209     3035     1549     2706     2684     650      4468     1983     5584     6695     3419     5127     5454     7447     6726     3455     1879     6169     5631     5325     6381     2331     6348     6714     5837     1750     6765     0        7134     7518     5185     7156     5266     5958     3417     4689     2846     2163     4746     3476     3248     1926     7926     5395     7648     4062     7210     7896     2623     2325     5811     7346     7595     5564     1830     6805     7444     7700     4367     2814     379      5027     2399     6123     7378     3974     2786     7986     
41       2457     2285     4397     3351     5169     1487     4538     5299     2936     2608     4774     3643     6227     4585     4268     5904     5742     5101     6486     5155     5196     4749     757      5448     2838     4788     4604     3243     6449     6479     4127     4334     3816     4053     5645     3088     3950     3270     6821     1662     7134     0        731      3547     2033     2655     4962     3940     2634     5712     6070     2400     3873     3936     5274     1895     4815     2243     4308     4386     1054     6063     5402     4958     2238     2855     3259     6645     1727     3140     2273     3293     4693     6907     3216     4735     4691     3675     3712     4497     2770     
42       1756     2023     4359     3225     4887     1071     4566     5926     2849     1880     5504     4066     6694     4762     4557     6203     5893     5650     6878     5088     5631     4525     1484     5518     3517     5508     5315     3967     7081     7008     4858     4105     4530     4784     6188     2752     4677     3997     7343     1301     7518     731      0        3439     2726     2656     5690     4202     3207     6301     6613     2784     4399     4276     5715     2452     4618     1607     4953     5103     1451     6641     5634     4700     1670     3521     3090     6865     1341     2586     2903     3428     5220     7318     3902     5128     5422     4375     4311     4798     3384     
43       3212     1475     965      222      1854     4448     1297     5358     612      3654     6785     2768     4890     1976     2343     3645     2828     4553     4652     1652     3843     1322     3701     2264     4139     6132     7045     5673     6364     5532     6026     974      5244     6090     4939     1191     6197     5131     5777     2197     5185     3547     3439     0        5023     959      6548     2008     3245     5358     5291     2257     3544     2435     3944     5293     1326     2753     4778     6773     4601     5562     2890     1594     2438     5852     423      3936     2188     2290     5478     1153     4094     5134     4449     3244     6433     6340     3975     2556     5966     
44       4480     4078     5681     4871     6821     2994     5682     4445     4440     4590     2906     3880     6014     5390     4818     6270     6519     4651     6521     6443     5187     6330     1432     6435     2049     3265     2599     1340     5490     6005     2389     5940     2459     2249     5171     4898     2050     1774     6355     3594     7156     2033     2726     5023     0        4063     3279     4607     2556     5021     5562     3070     3683     4386     5234     877      6349     4274     3448     2403     1595     5396     5994     6580     4251     856      4849     7188     3668     5135     551      4351     4379     6852     2253     4918     2961     1650     3212     4986     966      
45       2869     1010     1742     819      2785     3711     1911     4815     409      3297     5917     2284     4737     2201     2240     3798     3277     4132     4671     2501     3641     2273     2750     2862     3285     5349     6130     4744     5893     5277     5159     1898     4422     5207     4585     1345     5292     4247     5560     1565     5266     2655     2656     959      4063     0        5737     1858     2428     4922     4975     1428     2983     2148     3740     4347     2285     2383     4111     5861     3700     5175     3126     2533     2080     4894     855      4310     1587     2310     4520     900      3659     5146     3622     3048     5595     5400     3302     2486     5007     
46       7328     6270     6779     6496     8367     6209     6565     2488     6141     7545     790      4081     4670     5833     5059     5806     6654     3351     5466     7410     4426     7807     4206     6920     2469     519      1677     1976     3003     4225     890      7515     1315     1061     3627     6981     1375     1696     4514     6092     5958     4962     5690     6548     3279     5737     0        5096     3312     3143     3838     4313     3354     4650     4406     4089     7741     6997     2110     1535     4850     3443     5952     8099     6867     2979     6584     6823     6171     7610     3540     5475     3444     5583     2114     4561     341      2161     2735     5078     3443     
47       4719     2868     1782     2103     3501     5269     1489     3471     2031     5141     5510     1015     2916     803      382      2005     1913     2585     2814     2325     1843     2948     3687     1905     3004     4616     5980     4774     4403     3527     4782     2784     3892     4909     2939     3050     5115     4019     3781     3351     3417     3940     4202     2008     4607     1858     5096     0        2147     3387     3284     1603     1779     480      1944     5180     2827     4233     3087     5704     4856     3568     1465     3239     3934     5298     2304     2708     3389     4113     5146     974      2148     3288     3179     1242     5063     5490     2363     630      5561     
48       4471     3063     3584     3184     5082     4122     3454     2747     2829     4793     3551     1325     3657     2951     2299     3715     4026     2467     4042     4286     2706     4528     2055     4046     912      2922     3900     2634     3901     3849     2794     4217     2001     2878     3011     3708     3033     1937     4193     3068     4689     2634     3207     3245     2556     2428     3312     2147     0        3094     3436     1001     1262     1855     2768     3256     4479     4052     1838     3623     3237     3436     3458     4816     3848     3176     3271     4635     3141     4458     3107     2224     2070     4416     1204     2374     3187     3348     1113     2447     3476     
49       7468     5825     5131     5415     6863     7197     4769     669      5229     7823     3889     2640     1579     3829     3130     3070     4213     804      2428     5524     1806     6320     5068     4711     3036     2657     4714     4244     1019     1096     3483     6171     2758     3710     600      6256     4068     3391     1416     6027     2846     5712     6301     5358     5021     4922     3143     3387     3094     0        695      3737     1985     2928     1733     5881     6185     7017     1575     4499     6172     374      3505     6606     6773     5236     5590     4019     6092     7213     5513     4222     1268     2466     2770     2271     3342     4809     2000     3000     5680     
