

sets
i        orders          /0*5/
k        routes          /1*5/
p        positions       /0*5/
;

alias(i,j)
alias(i,h)
alias(i,hh)
alias(i,jj)
alias(k,kk)
                            Parameters

rho(i)	Processing time
/
0	0
1	14
2	44
3	95
4	39
5	18
/

gamma(i)	Duedate
/
0	0
1	9
2	41
3	8
4	88
5	10
/

sigma(i)	Size
/
0	0
1	2
2	5
3	7
4	6
5	9
/

epsilon(i)	Priority
/
0	0
1	6
2	1
3	8
4	2
5	4
/

psi	Vehicle Capacity
/ 29 /
;

Table kappa(i,j)                 Setup
         0        1        2        3        4        5        
0        0        238      40       153      188      114      
1        238      0        201      95       89       325      
2        40       201      0        113      148      133      
3        153      95       113      0        41       230      
4        188      89       148      41       0        253      
5        114      325      133      230      253      0        
;



Table delta(i,j)                 Distance
         0        1        2        3        4        5        
0        0        1440     1500     1620     1050     270      
1        1440     0        43       5        15       48       
2        1500     43       0        45       46       43       
3        1620     5        45       0        20       54       
4        1050     15       46       20       0        38       
5        270      48       43       54       38       0        
;

