

sets
i        orders          /0*80/
k        routes          /1*80/
p        positions       /0*80/
;

alias(i,j)
alias(i,h)
alias(i,hh)
alias(i,jj)
alias(k,kk)
                            Parameters

rho(i)	Processing time
/
0	0
1	8
2	92
3	24
4	4
5	48
6	67
7	90
8	43
9	99
10	78
11	50
12	5
13	89
14	18
15	11
16	92
17	5
18	61
19	2
20	91
21	29
22	6
23	13
24	76
25	65
26	26
27	63
28	76
29	68
30	11
31	16
32	25
33	43
34	4
35	41
36	24
37	25
38	12
39	51
40	37
41	42
42	62
43	90
44	69
45	9
46	61
47	69
48	76
49	63
50	74
51	37
52	91
53	82
54	87
55	31
56	8
57	32
58	91
59	74
60	78
61	45
62	8
63	34
64	21
65	62
66	63
67	97
68	60
69	42
70	51
71	52
72	57
73	32
74	12
75	53
76	8
77	50
78	12
79	81
80	21
/

gamma(i)	Duedate
/
0	0
1	42
2	6
3	7
4	55
5	10
6	40
7	89
8	1
9	19
10	78
11	94
12	16
13	35
14	52
15	30
16	85
17	19
18	58
19	49
20	58
21	55
22	75
23	80
24	99
25	92
26	4
27	78
28	54
29	19
30	65
31	27
32	29
33	81
34	28
35	52
36	71
37	27
38	66
39	66
40	50
41	84
42	99
43	77
44	37
45	31
46	1
47	41
48	33
49	34
50	81
51	78
52	32
53	6
54	27
55	54
56	39
57	17
58	33
59	37
60	78
61	72
62	86
63	20
64	21
65	23
66	55
67	16
68	17
69	48
70	61
71	46
72	94
73	34
74	76
75	36
76	55
77	4
78	37
79	25
80	96
/

sigma(i)	Size
/
0	0
1	9
2	8
3	4
4	7
5	7
6	1
7	2
8	2
9	7
10	8
11	7
12	7
13	2
14	5
15	5
16	1
17	2
18	5
19	1
20	7
21	4
22	7
23	4
24	8
25	9
26	7
27	7
28	2
29	9
30	6
31	2
32	2
33	6
34	1
35	5
36	2
37	2
38	8
39	7
40	4
41	6
42	6
43	6
44	4
45	4
46	6
47	2
48	1
49	5
50	7
51	9
52	5
53	7
54	3
55	2
56	6
57	4
58	4
59	1
60	9
61	5
62	5
63	9
64	7
65	5
66	7
67	1
68	9
69	4
70	6
71	2
72	8
73	3
74	6
75	6
76	8
77	1
78	5
79	2
80	1
/

epsilon(i)	Priority
/
0	0
1	6
2	2
3	9
4	4
5	9
6	9
7	4
8	3
9	6
10	1
11	8
12	3
13	5
14	7
15	5
16	7
17	5
18	3
19	7
20	5
21	1
22	7
23	1
24	4
25	8
26	6
27	4
28	2
29	2
30	4
31	7
32	8
33	4
34	9
35	2
36	1
37	3
38	1
39	1
40	6
41	4
42	7
43	9
44	1
45	6
46	7
47	6
48	2
49	7
50	5
51	9
52	4
53	2
54	4
55	9
56	2
57	4
58	7
59	3
60	5
61	5
62	8
63	9
64	7
65	6
66	9
67	7
68	5
69	3
70	1
71	4
72	7
73	3
74	8
75	6
76	6
77	3
78	3
79	1
80	3
/

psi	Vehicle Capacity
/ 66 /
;

Table kappa(i,j)                 Setup
         0        1        2        3        4        5        6        7        8        9        10       11       12       13       14       15       16       17       18       19       20       21       22       23       24       25       26       27       28       29       30       31       32       33       34       35       36       37       38       39       40       41       42       43       44       45       46       47       48       49       50       51       52       53       54       55       56       57       58       59       60       61       62       63       64       65       66       67       68       69       70       71       72       73       74       75       76       77       78       79       80       
0        0        2147     955      1792     979      2281     465      2276     2257     1495     1632     2984     1453     2786     917      1242     2415     2597     1304     1946     3013     1975     1729     1245     1585     2302     1829     2065     1566     2385     1176     825      1391     531      1213     1135     520      2099     2900     1327     1681     2457     2093     2980     1147     3093     1778     2576     1897     2088     2939     1083     1772     2992     1637     1551     993      1966     1105     1199     2238     652      2184     779      2676     2840     1539     2034     816      2329     1788     2480     2016     2097     893      1345     2954     1456     862      2513     2249     
1        2147     0        2234     2187     1169     2535     1757     787      2529     2918     2185     1756     1590     1637     1230     3196     2126     1040     2742     2615     1551     455      1705     2490     2951     1230     1998     1600     1147     1505     3131     2920     3047     1848     2506     2816     2085     1265     1833     1840     571      1189     1850     1388     3174     1197     2760     1590     2011     901      958      3157     3271     1913     3226     1734     2659     1822     3093     1532     1828     1627     178      1781     1808     1612     3345     1653     2621     2519     468      443      3402     2309     1787     3212     1100     1315     1391     1120     3510     
2        955      2234     0        2659     1311     1365     770      2018     1340     2446     2514     2436     2196     2241     1243     1078     1627     2997     520      994      3484     2258     2484     2197     2537     2834     1018     1437     2139     1825     1026     1555     2313     585      314      2067     441      2674     3498     2155     1666     2945     1363     2590     1138     2845     835      2010     2714     1777     3167     1795     2705     3592     2560     2332     1937     1237     1028     1929     2962     1359     2340     1604     2043     2316     2403     2738     542      1421     1776     2655     1243     1213     1722     2198     3253     1043     1445     2964     1424     
3        1792     2187     2659     0        1622     3788     1901     2822     3769     1114     174      3794     630      3628     1651     2958     3692     1801     3083     3576     1928     1748     492      821      1082     1320     3234     3190     1045     3336     2897     1963     1406     2084     2957     1331     2230     1116     1553     516      2159     1514     3343     3535     2816     3385     3490     3493     263      2783     2391     2051     1394     1619     1443     466      1270     3241     2812     826      756      1314     2080     1055     3675     3638     1749     714      2608     3815     2194     2202     3807     3565     937      1741     2257     2563     1317     1634     4034     
4        979      1169     1311     1622     0        2196     637      1426     2179     1954     1530     2297     1029     2112     72       2105     2069     1711     1825     2054     2181     1019     1298     1553     2012     1522     1628     1576     846      1768     2038     1756     2006     779      1624     1754     1018     1368     2189     1120     757      1636     1720     2166     2055     2191     2055     1942     1583     1298     1979     1999     2300     2284     2218     1192     1590     1619     1987     796      1716     515      1205     760      2102     2141     2266     1489     1556     2215     852      1505     2554     1966     824      2110     2019     941      339      1662     2727     
5        2281     2535     1365     3788     2196     0        1948     1909     26       3773     3671     1691     3222     1553     2153     2187     611      3536     1377     482      4056     2788     3494     3478     3859     3552     576      970      3005     1267     2163     2917     3665     1791     1248     3413     1764     3463     4230     3272     2041     3597     710      2091     2322     2521     836      1359     3776     1689     3464     3151     4052     4322     3913     3382     3274     714      2208     2976     3894     2493     2700     2775     1239     1648     3768     3667     1828     73       2107     2969     1482     235      2883     3563     3631     1319     2473     3569     1407     
6        465      1757     770      1901     637      1948     0        1818     1927     1852     1763     2522     1425     2324     565      1468     2006     2343     1249     1683     2801     1654     1714     1532     1933     2119     1445     1620     1400     1926     1401     1289     1799     185      1081     1536     393      1942     2765     1391     1252     2249     1671     2516     1425     2642     1592     2117     1944     1625     2611     1547     2159     2859     2039     1561     1382     1547     1352     1158     2195     590      1817     850      2225     2376     1981     1974     922      1987     1363     2126     1989     1744     965      1794     2656     997      684      2285     2187     
7        2276     787      2018     2822     1426     1909     1818     0        1909     3369     2786     990      2195     855      1456     3081     1414     1816     2465     2099     2315     1206     2369     2955     3420     2011     1448     938      1788     741      3023     3100     3433     1832     2223     3180     2031     2022     2620     2399     689      1976     1199     742      3106     836      2322     806      2685     248      1595     3355     3719     2699     3643     2356     3017     1210     3007     2062     2572     1941     963      2174     1025     839      3688     2379     2507     1878     631      1148     3022     1705     2219     3526     1791     975      1746     1906     3078     
8        2257     2529     1340     3769     2179     26       1927     1909     0        3749     3652     1705     3205     1565     2136     2161     625      3528     1351     457      4048     2779     3477     3456     3836     3541     563      970      2990     1274     2137     2892     3641     1769     1222     3389     1740     3450     4220     3253     2032     3587     711      2100     2296     2528     811      1369     3758     1688     3461     3126     4028     4311     3889     3365     3250     710      2182     2958     3879     2473     2694     2755     1252     1660     3743     3652     1802     98       2100     2965     1461     224      2863     3538     3626     1307     2454     3560     1388     
9        1495     2918     2446     1114     1954     3773     1852     3369     3749     0        974      4247     1413     4059     1940     2318     3856     2815     2719     3440     3017     2546     1485     427      99       2355     3296     3440     1838     3695     2271     1167     324      1989     2678     421      2016     2130     2666     1127     2682     2552     3517     4111     2142     4078     3250     3877     1371     3253     3360     1135     353      2734     337      1338     514      3396     2180     1391     1867     1451     2862     1196     4018     4093     645      1790     2171     3818     2757     3065     3356     3582     1152     687      3265     2791     1624     2661     3614     
10       1632     2185     2514     174      1530     3671     1763     2786     3652     974      0        3746     597      3575     1552     2787     3597     1882     2928     3444     2047     1757     543      654      951      1407     3123     3105     1038     3269     2727     1788     1253     1944     2808     1164     2081     1192     1695     410      2111     1604     3248     3508     2644     3382     3348     3432     402      2731     2458     1879     1274     1765     1308     453      1098     3143     2641     744      896      1183     2089     913      3608     3589     1598     820      2445     3700     2155     2235     3648     3451     798      1581     2338     2470     1211     1720     3878     
11       2984     1756     2436     3794     2297     1691     2522     990      1705     4247     3746     0        3163     199      2308     3500     1079     2744     2750     2075     3214     2192     3352     3850     4308     2986     1515     999      2771     614      3454     3797     4269     2473     2530     4009     2612     3009     3568     3348     1635     2936     1137     526      3574     1015     2395     426      3667     1015     2402     4056     4588     3642     4495     3328     3846     1242     3463     3009     3562     2796     1925     3056     454      156      4489     3369     2976     1630     1602     2047     3109     1584     3119     4309     2629     1528     2634     2854     3078     
12       1453     1590     2196     630      1029     3222     1425     2195     3205     1413     597      3163     0        2998     1068     2690     3086     1418     2665     3051     1699     1171     288      1000     1423     989      2656     2575     447      2708     2624     1881     1621     1610     2506     1449     1796     760      1480     286      1528     1180     2738     2913     2577     2786     3005     2864     554      2152     1947     2042     1754     1567     1745     168      1327     2643     2549     267      786      846      1501     678      3047     3007     1959     582      2251     3243     1565     1668     3403     2994     576      1885     1861     1961     765      1277     3610     
13       2786     1637     2241     3628     2112     1553     2324     855      1565     4059     3575     199      2998     0        2120     3308     944      2648     2564     1914     3130     2061     3194     3664     4121     2865     1335     807      2614     416      3260     3598     4076     2274     2341     3815     2413     2876     3464     3175     1469     2825     961      563      3379     1041     2226     232      3509     845      2344     3857     4398     3540     4303     3163     3653     1059     3268     2835     3422     2607     1811     2870     323      95       4294     3225     2780     1496     1445     1958     2944     1429     2935     4113     2563     1330     2450     2749     2923     
14       917      1230     1243     1651     72       2153     565      1456     2136     1940     1552     2308     1068     2120     0        2033     2045     1783     1755     2000     2252     1090     1342     1544     2000     1591     1589     1561     908      1768     1966     1702     1980     707      1556     1725     945      1434     2256     1143     798      1706     1695     2193     1985     2232     1993     1945     1622     1317     2049     1947     2282     2351     2196     1229     1562     1591     1916     827      1771     490      1270     751      2099     2153     2233     1543     1484     2175     896      1573     2486     1925     824      2072     2091     918      345      1734     2660     
15       1242     3196     1078     2958     2105     2187     1468     3081     2161     2318     2787     3500     2690     3308     2033     0        2606     3801     811      1713     4239     3123     2960     2255     2417     3536     2021     2500     2800     2895     67       1158     2066     1350     986      1898     1111     3338     4142     2538     2651     3683     2392     3669     189      3914     1380     3076     3100     2846     4077     1279     2453     4235     2285     2778     1840     2273     145      2441     3471     1890     3273     2012     3090     3386     1993     3273     579      2258     2765     3585     1126     2115     2120     1800     4125     2111     2081     3731     1395     
16       2415     2126     1627     3692     2069     611      2006     1414     625      3856     3597     1079     3086     944      2045     2606     0        3160     1806     1019     3676     2448     3336     3514     3934     3250     609      540      2797     702      2570     3151     3799     1887     1621     3538     1938     3195     3911     3188     1713     3264     349      1491     2713     1938     1360     761      3637     1231     3007     3401     4165     3998     4042     3253     3386     462      2598     2865     3679     2466     2301     2753     627      1039     3952     3458     2155     552      1752     2538     2056     527      2847     3754     3195     1128     2388     3219     2006     
17       2597     1040     2997     1801     1711     3536     2343     1816     3528     2815     1882     2744     1418     2648     1783     3801     3160     0        3517     3559     519      762      1341     2414     2813     483      2978     2628     1072     2545     3733     3218     3039     2490     3300     2866     2729     690      831      1702     1497     301      2872     2307     3733     1968     3652     2622     1552     1942     612      3410     3142     900      3151     1477     2737     2831     3675     1541     1155     1955     862      1956     2842     2611     3378     1095     3265     3527     1429     700      4229     3305     1898     3300     455      2250     1735     174      4375     
18       1304     2742     520      3083     1825     1377     1249     2465     1351     2719     2928     2750     2665     2564     1755     811      1806     3517     0        907      4002     2778     2953     2533     2816     3346     1242     1761     2642     2162     786      1677     2534     1070     243      2313     868      3181     4005     2595     2171     3461     1620     2975     947      3274     596      2332     3162     2219     3682     1878     2935     4100     2777     2791     2206     1509     833      2398     3442     1819     2854     2037     2323     2648     2557     3223     553      1447     2280     3168     739      1306     2156     2351     3772     1500     1934     3482     951      
19       1946     2615     994      3576     2054     482      1683     2099     457      3440     3444     2075     3051     1914     2000     1713     1019     3559     907      0        4074     2797     3334     3180     3531     3510     651      1200     2895     1568     1692     2510     3304     1507     811      3060     1427     3392     4191     3061     2072     3580     971      2415     1854     2805     354      1698     3595     1858     3570     2734     3698     4285     3551     3203     2931     910      1741     2792     3771     2262     2766     2532     1621     2008     3377     3543     1394     555      2158     3059     1037     493      2646     3171     3712     1311     2286     3569     1012     
20       3013     1551     3484     1928     2181     4056     2801     2315     4048     3017     2047     3214     1699     3130     2252     4239     3676     519      4002     4074     0        1277     1541     2648     2998     721      3498     3145     1448     3050     4172     3568     3274     2958     3791     3132     3192     943      519      1963     2016     556      3390     2752     4159     2371     4160     3119     1665     2452     880      3739     3319     539      3353     1710     3020     3350     4109     1878     1186     2361     1375     2316     3339     3087     3620     1227     3721     4047     1948     1172     4722     3825     2239     3568     639      2768     2159     519      4875     
21       1975     455      2258     1748     1019     2788     1654     1206     2779     2546     1757     2192     1171     2061     1090     3123     2448     762      2778     2797     1277     0        1260     2119     2570     813      2224     1909     724      1882     3056     2689     2703     1783     2555     2488     2024     817      1462     1437     748      816      2142     1842     3074     1640     2891     1990     1562     1270     964      2909     2896     1549     2865     1304     2338     2091     3006     1156     1376     1379     332      1473     2203     2044     3018     1198     2567     2783     696      533      3479     2555     1455     2902     1004     1491     1140     781      3618     
22       1729     1705     2484     492      1298     3494     1714     2369     3477     1485     543      3352     288      3194     1342     2960     3336     1341     2953     3334     1541     1260     0        1107     1476     871      2925     2816     581      2925     2895     2102     1733     1899     2795     1596     2085     651      1256     450      1727     1068     2990     3067     2842     2900     3293     3073     315      2350     1915     2242     1804     1338     1823     188      1493     2899     2818     555      511      1134     1591     950      3264     3196     2079     336      2533     3513     1749     1709     3691     3264     840      2030     1795     2216     1050     1181     3899     
23       1245     2490     2197     821      1553     3478     1532     2955     3456     427      654      3850     1000     3664     1544     2255     3514     2414     2533     3180     2648     2119     1107     0        465      1965     2974     3075     1415     3310     2200     1175     627      1687     2458     510      1756     1737     2334     713      2267     2161     3170     3697     2095     3653     3024     3490     1052     2848     2946     1236     780      2408     749      943      457      3052     2110     963      1538     1066     2434     793      3639     3694     972      1429     2005     3519     2338     2640     3215     3277     736      932      2860     2424     1217     2266     3462     
24       1585     2951     2537     1082     2012     3859     1933     3420     3836     99       951      4308     1423     4121     2000     2417     3934     2813     2816     3531     2998     2570     1476     465      0        2347     3378     3512     1856     3761     2370     1265     406      2073     2772     520      2105     2125     2635     1140     2732     2544     3594     4162     2240     4118     3344     3942     1342     3309     3367     1228     330      2700     363      1337     609      3473     2279     1419     1838     1515     2890     1252     4086     4153     706      1771     2268     3904     2804     3084     3455     3667     1201     767      3265     2862     1679     2656     3713     
25       2302     1230     2834     1320     1522     3552     2119     2011     3541     2355     1407     2986     989      2865     1591     3536     3250     483      3346     3510     721      813      871      1965     2347     0        2979     2709     735      2696     3468     2848     2593     2285     3146     2435     2513     229      681      1263     1537     196      2933     2599     3449     2320     3556     2803     1069     2083     1087     3022     2675     775      2692     1021     2316     2873     3403     1157     687      1649     1063     1595     3016     2842     2935     612      3031     3554     1501     1033     4077     3317     1519     2871     937      2235     1457     313      4247     
26       1829     1998     1018     3234     1628     576      1445     1448     563      3296     3123     1515     2656     1335     1589     2021     609      2978     1242     651      3498     2224     2925     2974     3378     2979     0        563      2429     953      1982     2545     3219     1309     1036     2961     1338     2887     3659     2720     1481     3029     378      1796     2119     2164     909      1107     3211     1209     2945     2794     3594     3750     3465     2819     2812     279      2004     2415     3318     1956     2157     2242     1080     1424     3357     3092     1549     588      1555     2439     1629     342      2344     3157     3098     744      1916     3005     1647     
27       2065     1600     1437     3190     1576     970      1620     938      970      3440     3105     999      2575     807      1561     2500     540      2628     1761     1200     3145     1909     2816     3075     3512     2709     563      0        2268     400      2454     2853     3415     1537     1535     3153     1645     2656     3371     2695     1172     2725     260      1234     2575     1604     1472     575      3122     723      2506     3110     3764     3459     3653     2743     2995     290      2463     2365     3145     2012     1772     2294     618      888      3600     2926     1979     941      1213     2023     2192     770      2380     3410     2683     651      1906     2682     2207     
28       1566     1147     2139     1045     846      3005     1400     1788     2990     1838     1038     2771     447      2614     908      2800     2797     1072     2642     2895     1448     724      581      1415     1856     735      2429     2268     0        2354     2733     2146     2021     1573     2454     1824     1793     543      1364     717      1151     894      2457     2491     2713     2344     2901     2498     896      1772     1543     2338     2185     1459     2165     587      1686     2374     2667     477      889      914      1053     884      2692     2616     2349     664      2302     3017     1169     1228     3379     2771     827      2253     1487     1698     725      962      3562     
29       2385     1505     1825     3336     1768     1267     1926     741      1274     3695     3269     614      2708     416      1768     2895     702      2545     2162     1568     3050     1882     2925     3310     3761     2696     953      400      2354     0        2847     3191     3697     1867     1935     3435     1999     2677     3331     2863     1206     2683     597      847      2964     1254     1859     191      3238     613      2333     3450     4029     3414     3928     2876     3274     674      2853     2525     3201     2246     1683     2518     339      491      3903     2992     2364     1222     1210     1888     2579     1103     2591     3719     2532     929      2107     2623     2580     
30       1176     3131     1026     2897     2038     2163     1401     3023     2137     2271     2727     3454     2624     3260     1966     67       2570     3733     786      1692     4172     3056     2895     2200     2370     3468     1982     2454     2733     2847     0        1116     2024     1284     949      1850     1046     3271     4076     2474     2588     3616     2351     3616     172      3856     1365     3029     3037     2789     4011     1247     2413     4168     2246     2713     1789     2230     91       2375     3406     1823     3207     1946     3047     3338     1960     3207     518      2233     2701     3519     1148     2085     2055     1765     4058     2054     2013     3663     1416     
31       825      2920     1555     1963     1756     2917     1289     3100     2892     1167     1788     3797     1881     3598     1702     1158     3151     3218     1677     2510     3568     2689     2102     1175     1265     2848     2545     2853     2146     3191     1116     0        908      1324     1702     750      1216     2625     3355     1652     2490     3027     2849     3806     977      3913     2256     3383     2156     2914     3637     259      1299     3439     1132     1914     724      2721     1024     1691     2599     1310     2935     1262     3470     3655     880      2437     1130     2975     2594     3214     2237     2767     1329     675      3618     2269     1549     3106     2502     
32       1391     3047     2313     1406     2006     3665     1799     3433     3641     324      1253     4269     1621     4076     1980     2066     3799     3039     2534     3304     3274     2703     1733     627      406      2593     3219     3415     2021     3697     2024     908      0        1912     2519     262      1901     2365     2947     1336     2756     2788     3468     4172     1884     4177     3088     3884     1655     3296     3561     835      400      3019     247      1571     423      3344     1932     1552     2149     1491     3008     1274     4010     4117     346      2052     1981     3715     2840     3232     3136     3487     1260     363      3482     2776     1694     2893     3399     
33       531      1848     585      2084     779      1791     185      1832     1769     1989     1944     2473     1610     2274     707      1350     1887     2490     1070     1507     2958     1783     1899     1687     2073     2285     1309     1537     1573     1867     1284     1324     1912     0        896      1652     241      2113     2937     1575     1317     2409     1562     2506     1327     2665     1407     2058     2130     1623     2730     1583     2284     3032     2157     1747     1503     1435     1244     1343     2379     776      1922     1031     2151     2332     2070     2157     784      1833     1430     2235     1809     1594     1147     1876     2788     946      865      2440     2004     
34       1213     2506     314      2957     1624     1248     1081     2223     1222     2678     2808     2530     2506     2341     1556     986      1621     3300     243      811      3791     2555     2795     2458     2772     3146     1036     1535     2454     1935     949      1702     2519     896      0        2284     727      2988     3811     2457     1935     3254     1409     2740     1094     3033     571      2109     3019     1976     3449     1923     2917     3906     2765     2640     2165     1293     979      2239     3275     1666     2621     1903     2110     2424     2574     3052     583      1313     2042     2935     931      1143     2021     2368     3544     1257     1759     3271     1109     
35       1135     2816     2067     1331     1754     3413     1536     3180     3389     421      1164     4009     1449     3815     1725     1898     3538     2866     2313     3060     3132     2488     1596     510      520      2435     2961     3153     1824     3435     1850     750      262      1652     2284     0        1649     2206     2837     1172     2507     2628     3207     3918     1722     3932     2855     3622     1562     3039     3368     751      638      2913     504      1422     163      3082     1759     1349     2045     1238     2785     1035     3747     3857     530      1925     1762     3463     2593     3020     2938     3232     1034     436      3302     2513     1448     2727     3198     
36       520      2085     441      2230     1018     1764     393      2031     1740     2016     2081     2612     1796     2413     945      1111     1938     2729     868      1427     3192     2024     2085     1756     2105     2513     1338     1645     1793     1999     1046     1216     1901     241      727      1649     0        2336     3158     1733     1546     2641     1633     2682     1096     2867     1275     2190     2298     1812     2972     1470     2288     3252     2149     1923     1512     1504     1009     1530     2575     951      2163     1177     2263     2477     2021     2356     542      1814     1659     2476     1607     1588     1296     1819     3029     1104     1074     2675     1816     
37       2099     1265     2674     1116     1368     3463     1942     2022     3450     2130     1192     3009     760      2876     1434     3338     3195     690      3181     3392     943      817      651      1737     2125     229      2887     2656     543      2677     3271     2625     2365     2113     2988     2206     2336     0        823      1034     1487     423      2869     2652     3246     2409     3419     2796     875      2068     1275     2796     2454     918      2468     794      2087     2800     3203     936      567      1448     1112     1377     3005     2861     2707     431      2845     3469     1468     1144     3916     3228     1297     2642     1145     2143     1268     531      4094     
38       2900     1833     3498     1553     2189     4230     2765     2620     4220     2666     1695     3568     1480     3464     2256     4142     3911     831      4005     4191     519      1462     1256     2334     2635     681      3659     3371     1364     3331     4076     3355     2947     2937     3811     2837     3158     823      0        1705     2204     648      3602     3138     4042     2796     4234     3423     1295     2720     1352     3498     2943     94       2997     1442     2744     3545     4005     1708     799      2255     1656     2148     3641     3432     3293     920      3662     4230     2158     1530     4740     3996     2053     3266     1122     2915     2087     714      4916     
39       1327     1840     2155     516      1120     3272     1391     2399     3253     1127     410      3348     286      3175     1143     2538     3188     1702     2595     3061     1963     1437     450      713      1140     1263     2720     2695     717      2863     2474     1652     1336     1575     2457     1172     1733     1034     1705     0        1717     1456     2838     3129     2412     3029     2983     3027     571      2333     2233     1794     1470     1788     1459     262      1056     2735     2394     339      952      801      1763     557      3201     3191     1676     785      2142     3300     1767     1945     3326     3050     439      1608     2146     2060     804      1558     3546     
40       1681     571      1666     2159     757      2041     1252     689      2032     2682     2111     1635     1528     1469     798      2651     1713     1497     2171     2072     2016     748      1727     2267     2732     1537     1481     1172     1151     1206     2588     2490     2756     1317     1935     2507     1546     1487     2204     1717     0        1562     1398     1430     2642     1434     2198     1346     2042     624      1524     2739     3033     2293     2961     1693     2344     1343     2555     1379     1997     1269     700      1490     1543     1479     3023     1786     2073     2035     113      1007     2831     1809     1531     2868     1646     762      1063     1529     2944     
41       2457     1189     2945     1514     1636     3597     2249     1976     3587     2552     1604     2936     1180     2825     1706     3683     3264     301      3461     3580     556      816      1068     2161     2544     196      3029     2725     894      2683     3616     3027     2788     2409     3254     2628     2641     423      648      1456     1562     0        2958     2525     3603     2217     3644     2778     1260     2072     913      3206     2872     734      2889     1217     2507     2905     3553     1336     854      1805     1014     1769     2995     2796     3131     802      3167     3594     1512     928      4186     3363     1697     3064     748      2287     1602     126      4348     
42       2093     1850     1363     3343     1720     710      1671     1199     711      3517     3248     1137     2738     961      1695     2392     349      2872     1620     971      3390     2142     2990     3170     3594     2933     378      260      2457     597      2351     2849     3468     1562     1409     3207     1633     2869     3602     2838     1398     2958     0        1444     2483     1841     1268     736      3291     983      2764     3103     3830     3691     3710     2905     3053     128      2369     2516     3342     2118     2021     2405     702      1051     3632     3120     1902     680      1448     2277     1987     516      2498     3436     2938     779      2038     2920     1983     
43       2980     1388     2590     3535     2166     2091     2516     742      2100     4111     3508     526      2913     563      2193     3669     1491     2307     2975     2415     2752     1842     3067     3697     4162     2599     1796     1234     2491     847      3616     3806     4172     2506     2740     3918     2682     2652     3138     3129     1430     2525     1444     0        3718     489      2704     731      3380     892      1913     4063     4461     3207     4384     3070     3755     1518     3612     2795     3217     2681     1541     2916     884      474      4423     3040     3113     2038     1364     1608     3425     1944     2961     4256     2147     1580     2488     2432     3427     
44       1147     3174     1138     2816     2055     2322     1425     3106     2296     2142     2644     3574     2577     3379     1985     189      2713     3733     947      1854     4159     3074     2842     2095     2240     3449     2119     2575     2713     2964     172      977      1884     1327     1094     1722     1096     3246     4042     2412     2642     3603     2483     3718     0        3942     1532     3148     2968     2876     4034     1090     2269     4133     2100     2657     1671     2361     115      2335     3353     1799     3241     1899     3174     3455     1805     3160     604      2391     2755     3551     1314     2236     2003     1613     4071     2146     2002     3656     1583     
45       3093     1197     2845     3385     2191     2521     2642     836      2528     4078     3382     1015     2786     1041     2232     3914     1938     1968     3274     2805     2371     1640     2900     3653     4118     2320     2164     1604     2344     1254     3856     3913     4177     2665     3033     3932     2867     2409     2796     3029     1434     2217     1841     489      3942     0        3069     1179     3203     1067     1503     4165     4431     2856     4372     2932     3771     1895     3842     2711     2976     2700     1312     2903     1355     957      4453     2822     3342     2474     1340     1290     3785     2355     2928     4301     1744     1803     2484     2112     3811     
46       1778     2760     835      3490     2055     836      1592     2322     811      3250     3348     2395     3005     2226     1993     1380     1360     3652     596      354      4160     2891     3293     3024     3344     3556     909      1472     2901     1859     1365     2256     3088     1407     571      2855     1275     3419     4234     2983     2198     3644     1268     2704     1532     3069     0        2004     3535     2075     3719     2466     3487     4328     3334     3148     2736     1186     1421     2740     3754     2183     2899     2436     1945     2318     3134     3528     1126     909      2294     3203     720      832      2553     2927     3844     1446     2243     3645     758      
47       2576     1590     2010     3493     1942     1359     2117     806      1369     3877     3432     426      2864     232      1945     3076     761      2622     2332     1698     3119     1990     3073     3490     3942     2803     1107     575      2498     191      3029     3383     3884     2058     2109     3622     2190     2796     3423     3027     1346     2778     736      731      3148     1179     2004     0        3388     730      2369     3642     4213     3504     4114     3031     3460     829      3037     2688     3330     2427     1768     2696     220      316      4093     3125     2550     1306     1338     1948     2722     1218     2767     3909     2578     1120     2281     2711     2710     
48       1897     2011     2714     263      1583     3776     1944     2685     3758     1371     402      3667     554      3509     1622     3100     3637     1552     3162     3595     1665     1562     315      1052     1342     1069     3211     3122     896      3238     3037     2156     1655     2130     3019     1562     2298     875      1295     571      2042     1260     3291     3380     2968     3203     3535     3388     0        2666     2149     2263     1657     1364     1703     393      1487     3196     2955     803      496      1354     1891     1127     3578     3512     2000     458      2713     3798     2065     1989     3895     3548     1009     1982     2007     2514     1310     1382     4113     
49       2088     901      1777     2783     1298     1689     1625     248      1688     3253     2731     1015     2152     845      1317     2846     1231     1942     2219     1858     2452     1270     2350     2848     3309     2083     1209     723      1772     613      2789     2914     3296     1623     1976     3039     1812     2068     2720     2333     624      2072     983      892      2876     1067     2075     730      2666     0        1783     3171     3598     2803     3514     2317     2876     982      2776     1994     2599     1808     1079     2057     937      858      3538     2395     2275     1664     607      1307     2774     1478     2113     3368     1965     735      1631     2014     2832     
