

sets
i        orders          /0*10/
k        routes          /1*10/
p        positions       /0*10/
;

alias(i,j)
alias(i,h)
alias(i,hh)
alias(i,jj)
alias(k,kk)
                            Parameters

rho(i)	Processing time
/
0	0
1	51
2	47
3	30
4	81
5	23
6	85
7	76
8	78
9	37
10	42
/

gamma(i)	Duedate
/
0	0
1	81
2	55
3	95
4	51
5	69
6	23
7	4
8	40
9	78
10	79
/

sigma(i)	Size
/
0	0
1	3
2	7
3	5
4	6
5	9
6	1
7	8
8	6
9	5
10	1
/

epsilon(i)	Priority
/
0	0
1	4
2	9
3	5
4	2
5	6
6	3
7	1
8	8
9	6
10	2
/

psi	Vehicle Capacity
/ 59 /
;

Table kappa(i,j)                 Setup
         0        1        2        3        4        5        6        7        8        9        10       
0        0        64       70       4        98       50       101      90       105      49       54       
1        64       0        42       60       44       39       39       26       70       30       13       
2        70       42       0        66       84       20       49       58       112      65       50       
3        4        60       66       0        94       46       97       86       102      45       50       
4        98       44       84       94       0        84       54       29       34       49       46       
5        50       39       20       46       84       0        61       62       106      53       41       
6        101      39       49       97       54       61       0        26       88       69       53       
7        90       26       58       86       29       62       26       0        63       49       36       
8        105      70       112      102      34       106      88       63       0        58       65       
9        49       30       65       45       49       53       69       49       58       0        17       
10       54       13       50       50       46       41       53       36       65       17       0        
;



Table delta(i,j)                 Distance
         0        1        2        3        4        5        6        7        8        9        10       
0        0        259      80       121      201      165      145      120      216      231      164      
1        259      0        231      146      228      97       125      379      162      164      281      
2        80       231      0        86       250      153      105      175      144      159      92       
3        121      146      86       0        203      70       23       239      114      128      155      
4        201      228      250      203      0        161      210      282      311      323      341      
5        165      97       153      70       161      0        62       284      154      164      225      
6        145      125      105      23       210      62       0        263      101      113      166      
7        120      379      175      239      282      284      263      0        320      335      223      
8        216      162      144      114      311      154      101      320      0        15       142      
9        231      164      159      128      323      164      113      335      15       0        153      
10       164      281      92       155      341      225      166      223      142      153      0        
;

