
sets
i        orders          /0*10/
k        routes          /1*10/
p        positions       /0*10/
;

alias(i,j)
alias(i,h)
alias(i,hh)
alias(i,jj)
alias(k,kk)
                
                    Parameters

rho(i)	Processing time
/
0	0
1	52
2	31
3	89
4	28
5	86
6	82
7	50
8	94
9	80
10	76
/

gamma(i)	Duedate
/
0	0
1	93
2	30
3	37
4	71
5	46
6	83
7	20
8	23
9	71
10	47
/

sigma(i)	Size
/
0	0
1	5
2	8
3	5
4	5
5	6
6	9
7	4
8	3
9	1
10	2
/

epsilon(i)	Priority
/
0	0
1	4
2	9
3	6
4	2
5	9
6	3
7	9
8	4
9	7
10	3
/

psi	Vehicle Capacity
/ 26 /
;

Table kappa(i,j)                 Setup
         0        1        2        3        4        5        6        7        8        9        10       
0        0        230      96       382      48       143      196      359      128      301      206      
1        230      0        179      311      278      335      239      277      318      364      31       
2        96       179      0        286      133      157      111      263      139      233      149      
3        382      311      286      0        411      364      195      34       354      199      292      
4        48       278      133      411      0        120      219      391      110      308      254      
5        143      335      157      364      120      0        174      353      17       214      306      
6        196      239      111      195      219      174      0        180      161      128      208      
7        359      277      263      34       391      353      180      0        342      206      259      
8        128      318      139      354      110      17       161      342      0        212      288      
9        301      364      233      199      308      214      128      206      212      0        334      
10       206      31       149      292      254      306      208      259      288      334      0        
;



Table delta(i,j)                 Distance
         0        1        2        3        4        5        6        7        8        9        10       
0        0        3930     3540     2730     5070     5100     2370     4200     870      3480     5610     
1        3930     0        104      56       119      92       52       121      158      24       121      
2        3540     104      0        123      52       66       94       23       147      80       72       
3        2730     56       123      0        155      137      29       145      113      59       164      
4        5070     119      52       155      0        35       129      38       198      100      22       
5        5100     92       66       137      35       0        115      63       200      78       29       
6        2370     52       94       29       129      115      0        116      106      42       140      
7        4200     121      23       145      38       63       116      0        167      99       60       
8        870      158      147      113      198      200      106      167      0        145      216      
9        3480     24       80       59       100      78       42       99       145      0        105      
10       5610     121      72       164      22       29       140      60       216      105      0        
;

