
sets
i        orders          /0*10/
k        routes          /1*10/
p        positions       /0*10/
;

alias(i,j)
alias(i,h)
alias(i,hh)
alias(i,jj)
alias(k,kk)
                
                    Parameters

rho(i)	Processing time
/
0	0
1	83
2	18
3	16
4	90
5	99
6	37
7	62
8	87
9	90
10	80
/

gamma(i)	Duedate
/
0	0
1	10
2	31
3	42
4	1
5	12
6	75
7	40
8	29
9	95
10	64
/

sigma(i)	Size
/
0	0
1	4
2	4
3	5
4	3
5	5
6	8
7	2
8	8
9	6
10	5
/

epsilon(i)	Priority
/
0	0
1	8
2	5
3	2
4	2
5	6
6	7
7	2
8	2
9	5
10	8
/

psi	Vehicle Capacity
/ 14 /
;

Table kappa(i,j)                 Setup
         0        1        2        3        4        5        6        7        8        9        10       
0        0        172      146      218      103      126      358      262      206      273      260      
1        172      0        261      75       210      51       275      231      279      101      183      
2        146      261      0        266      51       234      316      200      74       356      238      
3        218      75       266      0        222      119      203      178      264      105      118      
4        103      210      51       222      0        183      299      189      103      308      212      
5        126      51       234      119      183      0        309      247      266      148      211      
6        358      275      316      203      299      309      0        115      263      285      100      
7        262      231      200      178      189      247      115      0        149      281      70       
8        206      279      74       264      103      266      263      149      0        364      203      
9        273      101      356      105      308      148      285      281      364      0        217      
10       260      183      238      118      212      211      100      70       203      217      0        
;



Table delta(i,j)                 Distance
         0        1        2        3        4        5        6        7        8        9        10       
0        0        4110     5430     1200     1110     2160     3540     2640     2310     1170     3300     
1        4110     0        158      135      137      66       27       167      64       146      32       
2        5430     158      0        144      211      145      136      120      170      151      138      
3        1200     135      144      0        77       71       111      49       88       10       104      
4        1110     137      211      77       0        82       125      126      73       77       117      
5        2160     66       145      71       82       0        45       110      26       80       37       
6        3540     27       136      111      125      45       0        140      53       121      8        
7        2640     167      120      49       126      110      140      0        132      48       135      
8        2310     64       170      88       73       26       53       132      0        96       46       
9        1170     146      151      10       77       80       121      48       96       0        114      
10       3300     32       138      104      117      37       8        135      46       114      0        
;

