

sets
i        orders          /0*40/
k        routes          /1*40/
p        positions       /0*40/
;

alias(i,j)
alias(i,h)
alias(i,hh)
alias(i,jj)
alias(k,kk)
                            Parameters

rho(i)	Processing time
/
0	0
1	97
2	30
3	52
4	99
5	77
6	27
7	72
8	20
9	5
10	69
11	56
12	21
13	31
14	52
15	39
16	51
17	89
18	29
19	39
20	60
21	39
22	94
23	14
24	54
25	47
26	77
27	86
28	29
29	63
30	20
31	13
32	2
33	20
34	54
35	9
36	59
37	44
38	71
39	69
40	45
/

gamma(i)	Duedate
/
0	0
1	46
2	95
3	70
4	21
5	17
6	90
7	91
8	13
9	30
10	97
11	36
12	71
13	81
14	95
15	74
16	7
17	13
18	4
19	48
20	77
21	30
22	2
23	91
24	11
25	10
26	48
27	90
28	94
29	66
30	72
31	73
32	11
33	52
34	50
35	10
36	64
37	93
38	50
39	33
40	90
/

sigma(i)	Size
/
0	0
1	3
2	6
3	9
4	1
5	7
6	1
7	4
8	7
9	3
10	6
11	1
12	7
13	1
14	3
15	8
16	5
17	7
18	6
19	4
20	9
21	9
22	1
23	4
24	4
25	9
26	9
27	7
28	1
29	2
30	3
31	5
32	5
33	9
34	5
35	8
36	2
37	5
38	4
39	7
40	3
/

epsilon(i)	Priority
/
0	0
1	2
2	1
3	1
4	9
5	6
6	3
7	1
8	2
9	2
10	1
11	3
12	8
13	2
14	7
15	4
16	9
17	9
18	1
19	9
20	5
21	1
22	1
23	4
24	9
25	2
26	3
27	1
28	6
29	6
30	9
31	1
32	4
33	4
34	6
35	8
36	9
37	6
38	6
39	4
40	8
/

psi	Vehicle Capacity
/ 120 /
;

Table kappa(i,j)                 Setup
         0        1        2        3        4        5        6        7        8        9        10       11       12       13       14       15       16       17       18       19       20       21       22       23       24       25       26       27       28       29       30       31       32       33       34       35       36       37       38       39       40       
0        0        268      176      408      269      315      434      165      348      329      192      65       416      333      182      142      289      372      395      199      238      297      65       337      189      33       140      473      284      308      333      337      54       394      277      380      297      176      433      293      335      
1        268      0        258      219      189      68       200      113      81       178      146      211      358      275      88       161      106      252      242      84       256      169      203      134      132      247      136      211      159      68       134      69       282      297      29       262      30       296      177      73       73       
2        176      258      0        290      366      266      345      155      331      209      281      134      242      167      183      107      209      223      258      175      66       177      161      247      269      145      209      412      169      323      242      318      133      233      247      229      277      40       366      235      295      
3        408      219      290      0        408      153      84       253      214      81       358      342      207      169      251      265      128      97       55       225      239      114      352      85       342      377      321      175      126      266      86       208      393      137      189      101      201      328      137      147      168      
4        269      189      366      408      0        255      379      219      218      363      85       251      532      444      197      261      291      435      430      220      394      347      226      323      97       271      157      361      335      154      323      217      314      478      218      445      208      392      342      262      248      
5        315      68       266      153      255      0        132      150      77       128      214      253      315      240      133      188      67       202      184      116      247      131      251      72       200      290      195      158      126      113      75       65       320      249      43       211      47       307      117      31       30       
6        434      200      345      84       379      132      0        270      165      140      346      369      291      248      259      296      146      179      139      237      303      169      373      100      332      406      325      91       175      227      104      163      430      221      175      184      173      385      57       144      131      
7        165      113      155      253      219      150      270      0        194      181      140      102      321      231      28       50       127      241      252      34       174      154      102      175      124      139      76       308      140      171      172      181      171      276      114      251      139      190      267      127      172      
8        348      81       331      214      218      77       165      194      0        204      204      292      391      318      169      240      144      276      254      163      320      208      283      145      194      328      213      144      203      65       148      13       364      324      84       285      55       371      123      106      50       
9        329      178      209      81       363      128      140      181      204      0        302      264      186      118      185      186      72       74       71       157      163      33       275      62       285      297      254      221      45       239      58       194      312      120      149      84       171      248      176      106      154      
10       192      146      281      358      85       214      346      140      204      302      0        167      459      370      122      177      233      370      372      148      312      281      143      272      16       189      72       348      268      144      272      198      232      410      172      380      173      307      320      211      217      
11       65       211      134      342      251      253      369      102      292      264      167      0        362      276      123      77       223      309      330      137      187      232      27       271      159      37       99       411      218      258      268      280      72       334      216      317      239      148      370      229      274      
12       416      358      242      207      532      315      291      321      391      186      459      362      0        89       337      298      253      116      152      312      178      189      384      247      443      383      397      382      199      423      243      380      376      70       331      109      355      261      342      291      341      
13       333      275      167      169      444      240      248      231      318      118      370      276      89       0        248      209      175      75       119      224      101      109      297      180      354      300      307      335      117      342      175      306      298      66       250      75       276      194      291      213      269      
14       182      88       183      251      197      133      259      28       169      185      122      123      337      248      0        78       123      250      256      27       199      161      117      169      106      159      70       290      147      144      167      157      194      288      94       260      116      218      251      115      152      
15       142      161      107      265      261      188      296      50       240      186      177      77       298      209      78       0        149      234      254      77       136      155      90       197      164      111      106      345      141      221      193      227      134      263      157      243      185      140      301      161      213      
16       289      106      209      128      291      67       146      127      144      72       233      223      253      175      123      149      0        146      140      97       182      65       228      48       217      259      193      203      59       169      45       131      283      191      77       156      101      249      158      37       97       
17       372      252      223      97       435      202      179      241      276      74       370      309      116      75       250      234      146      0        44       223      162      89       325      131      354      339      317      269      102      313      128      266      345      47       223      10       245      256      228      181      226      
18       395      242      258      55       430      184      139      252      254      71       372      330      152      119      256      254      140      44       0        229      200      99       344      111      356      362      326      230      113      298      109      245      373      82       213      46       230      293      190      169      205      
19       199      84       175      225      220      116      237      34       163      157      148      137      312      224      27       77       97       223      229      0        182      134      136      144      132      174      97       274      120      148      141      150      205      262      81       233      107      212      233      93       138      
20       238      256      66       239      394      247      303      174      320      163      312      187      178      101      199      136      182      162      200      182      0        134      211      212      298      205      242      378      131      325      206      307      198      167      239      167      269      94       332      216      277      
21       297      169      177      114      347      131      169      154      208      33       281      232      189      109      161      155      65       89       99       134      134      0        245      78       265      265      229      244      14       234      73       196      279      130      142      98       167      217      198      103      160      
22       65       203      161      352      226      251      373      102      283      275      143      27       384      297      117      90       228      325      344      136      211      245      0        277      135      48       79       408      231      244      273      272      91       353      212      334      232      176      368      230      270      
23       337      134      247      85       323      72       100      175      145      62       272      271      247      180      169      197      48       131      111      144      212      78       277      0        257      308      239      166      80       186      5        135      330      179      104      140      119      288      120      61       95       
24       189      132      269      342      97       200      332      124      194      285      16       159      443      354      106      164      217      354      356      132      298      265      135      257      0        183      61       337      252      136      256      186      226      394      157      364      160      295      307      196      204      
25       33       247      145      377      271      290      406      139      328      297      189      37       383      300      159      111      259      339      362      174      205      265      48       308      183      0        128      448      252      292      304      316      43       361      253      347      275      149      407      266      311      
26       140      136      209      321      157      195      325      76       213      254      72       99       397      307      70       106      193      317      326      97       242      229      79       239      61       128      0        347      215      168      237      203      170      353      153      327      166      234      311      182      209      
27       473      211      412      175      361      158      91       308      144      221      348      411      382      335      290      345      203      269      230      274      378      244      408      166      337      448      347      0        247      209      172      150      478      312      196      275      180      452      46       183      138      
28       284      159      169      126      335      126      175      140      203      45       268      218      199      117      147      141      59       102      113      120      131      14       231      80       252      252      215      247      0        225      75       190      267      143      132      112      159      209      201      96       155      
29       308      68       323      266      154      113      227      171      65       239      144      258      423      342      144      221      169      313      298      148      325      234      244      186      136      292      168      209      225      0        188      63       331      360      92       323      68       360      188      132      98       
30       333      134      242      86       323      75       104      172      148      58       272      268      243      175      167      193      45       128      109      141      206      73       273      5        256      304      237      172      75       188      0        138      326      175      105      137      121      283      126      61       98       
31       337      69       318      208      217      65       163      181      13       194      198      280      380      306      157      227      131      266      245      150      307      196      272      135      186      316      203      150      190      63       138      0        352      314      71       275      42       357      125      94       40       
32       54       282      133      393      314      320      430      171      364      312      232      72       376      298      194      134      283      345      373      205      198      279      91       330      226      43       170      478      267      331      326      352      0        362      286      352      310      126      435      294      343      
33       394      297      233      137      478      249      221      276      324      120      410      334      70       66       288      263      191      47       82       262      167      130      353      179      394      361      353      312      143      360      175      314      362      0        269      38       291      260      272      227      274      
34       277      29       247      189      218      43       175      114      84       149      172      216      331      250      94       157      77       223      213      81       239      142      212      104      157      253      153      196      132      92       105      71       286      269      0        233      30       286      159      43       58       
35       380      262      229      101      445      211      184      251      285      84       380      317      109      75       260      243      156      10       46       233      167      98       334      140      364      347      327      275      112      323      137      275      352      38       233      0        255      261      234      190      235      
36       297      30       277      201      208      47       173      139      55       171      173      239      355      276      116      185      101      245      230      107      269      167      232      119      160      275      166      180      159      68       121      42       310      291      30       255      0        316      147      64       44       
37       176      296      40       328      392      307      385      190      371      248      307      148      261      194      218      140      249      256      293      212      94       217      176      288      295      149      234      452      209      360      283      357      126      260      286      261      316      0        407      276      335      
38       433      177      366      137      342      117      57       267      123      176      320      370      342      291      251      301      158      228      190      233      332      198      368      120      307      407      311      46       201      188      126      125      435      272      159      234      147      407      0        140      103      
39       293      73       235      147      262      31       144      127      106      106      211      229      291      213      115      161      37       181      169      93       216      103      230      61       196      266      182      183      96       132      61       94       294      227      43       190      64       276      140      0        61       
40       335      73       295      168      248      30       131      172      50       154      217      274      341      269      152      213      97       226      205      138      277      160      270      95       204      311      209      138      155      98       98       40       343      274      58       235      44       335      103      61       0        
;



Table delta(i,j)                 Distance
         0        1        2        3        4        5        6        7        8        9        10       11       12       13       14       15       16       17       18       19       20       21       22       23       24       25       26       27       28       29       30       31       32       33       34       35       36       37       38       39       40       
0        0        6420     8460     33360    28560    36600    23970    33120    32700    9990     33240    13050    22980    26700    29280    4590     36240    1890     22020    17580    1560     33390    30810    36150    34290    27000    1230     28950    18960    10530    16620    28680    16950    26910    26730    14460    33870    27750    12510    11310    14850    
1        6420     0        468      1137     888      1165     670      1155     1213     262      1031     564      677      755      891      365      1159     206      857      611      220      1059     1038     1312     1056     1025     255      845      709      244      363      851      351      803      1026     695      1083     1041     557      365      309      
2        8460     468      0        951      916      1156     865      914      830      432      1079     212      780      958      967      159      1136     336      484      480      318      1054     889      956      1127     641      250      1004     445      478      734      975      805      907      626      289      1057     675      180      387      676      
3        33360    1137     951      0        473      442      784      135      551      881      531      739      633      810      568      1082     406      1174     564      530      1164     417      118      494      595      546      1109     736      505      916      1058     663      1265     621      599      1149     373      489      773      772      1041     
4        28560    888      916      473      0        277      337      586      936      635      162      749      224      343      99       991      275      1003     764      447      1000     172      361      927      216      844      967      262      575      644      683      189      898      153      889      1187     206      806      784      576      687      
5        36600    1165     1156     442      277      0        583      578      987      910      172      970      498      557      304      1246     36       1272     912      675      1269     106      379      936      207      947      1232     447      762      921      950      388      1164     396      998      1411     100      897      1006     842      959      
6        23970    670      865      784      337      583      0        876      1158     467      417      765      159      93       279      885      593      833      900      510      837      493      666      1184     418      1025     825      177      684      448      378      203      587      189      1058     1155     536      1002     792      478      400      
7        33120    1155     914      135      586      578      876      0        418      908      660      702      719      912      684      1056     542      1167     482      545      1155     548      226      359      725      433      1096     847      475      948      1117     774      1317     726      486      1085     506      374      733      791      1094     
8        32700    1213     830      551      936      987      1158     418      0        1017     1044     656      1001     1218     1034     989      952      1152     357      689      1135     942      612      150      1111     190      1067     1180     527      1069     1297     1111     1464     1050     207      889      906      173      672      896      1258     
9        9990     262      432      881      635      910      467      908      1017     0        784      419      436      560      648      421      902      374      675      364      375      803      779      1100     816      839      358      631      492      54       314      623      448      566      851      716      825      843      429      122      261      
10       33240    1031     1079     531      162      172      417      660      1044     784      0        911      354      385      143      1151     191      1156     907      608      1155     117      437      1015     67       973      1124     275      729      788      791      218      1002     236      1020     1350     168      929      945      734      804      
11       13050    564      212      739      749      970      765      702      656      419      911      0        652      854      813      357      947      498      299      302      482      872      681      769      965      466      416      879      234      473      733      839      856      768      463      441      870      490      36       322      681      
12       22980    677      780      633      224      498      159      719      1001     436      354      652      0        221      214      827      499      810      754      372      810      396      515      1025     380      872      786      227      541      435      459      195      675      132      907      1066     430      847      682      405      462      
13       26700    755      958      810      343      557      93       912      1218     560      385      854      221      0        263      978      572      923      975      589      928      477      694      1234     372      1093     918      114      761      539      443      169      642      190      1129     1247     525      1066     881      571      473      
14       29280    891      967      568      99       304      279      684      1034     648      143      813      214      263      0        1028     313      1022     851      513      1022     215      458      1026     167      939      994      169      655      649      649      97       862      94       982      1245     261      902      847      607      661      
15       4590     365      159      1082     991      1246     885      1056     989      421      1151     357      827      978      1028     0        1230     192      642      580      173      1141     1010     1115     1194     801      113      1041     581      454      685      1022     716      958      785      330      1150     833      330      422      626      
16       36240    1159     1136     406      275      36       593      542      952      902      191      947      499      572      313      1230     0        1262     882      656      1258     103      345      900      233      914      1219     464      736      915      955      402      1169     404      965      1389     79       864      983      831      961      
17       1890     206      336      1174     1003     1272     833      1167     1152     374      1156     498      810      923      1022     192      1262     0        797      647      19       1166     1088     1268     1190     962      86       1003     696      385      564      998      551      941      952      509      1183     988      479      431      507      
18       22020    857      484      564      764      912      900      482      357      675      907      299      754      975      851      642      882      797      0        392      780      834      553      473      971      168      713      965      216      728      971      907      1123     838      175      606      814      191      317      558      926      
19       17580    611      480      530      447      675      510      545      689      364      608      302      372      589      513      580      656      647      392      0        638      575      441      751      663      531      588      595      176      407      611      546      792      475      558      741      577      519      337      246      576      
20       1560     220      318      1164     1000     1269     837      1155     1135     375      1155     482      810      928      1022     173      1258     19       780      638      0        1162     1079     1252     1189     945      68       1006     683      389      575      999      567      942      935      490      1179     972      463      426      518      
21       33390    1059     1054     417      172      106      493      548      942      803      117      872      396      477      215      1141     103      1166     834      575      1162     0        331      906      178      884      1126     375      672      814      852      308      1067     304      933      1314     51       838      908      736      858      
22       30810    1038     889      118      361      379      666      226      612      779      437      681      515      694      458      1010     345      1088     553      441      1079     331      0        578      503      570      1028     623      449      811      943      550      1152     505      621      1108     293      518      717      674      928      
23       36150    1312     956      494      927      936      1184     359      150      1100     1015     769      1025     1234     1026     1115     900      1268     473      751      1252     906      578      0        1082     318      1186     1183     608      1149     1362     1111     1541     1056     348      1034     864      281      790      977      1328     
24       34290    1056     1127     595      216      207      418      725      1111     816      67       965      380      372      167      1194     233      1190     971      663      1189     178      503      1082     0        1039     1162     258      789      815      796      215      1005     253      1086     1402     227      996      999      773      814      
25       27000    1025     641      546      844      947      1025     433      190      839      973      466      872      1093     939      801      914      962      168      531      945      884      570      318      1039     0        877      1069     359      892      1129     1006     1287     940      53       721      856      59       482      720      1086     
26       1230     255      250      1109     967      1232     825      1096     1067     358      1124     416      786      918      994      113      1219     86       713      588      68       1126     1028     1186     1162     877      0        989      622      380      591      978      606      918      867      440      1140     905      396      390      533      
27       28950    845      1004     736      262      447      177      847      1180     631      275      879      227      114      169      1041     464      1003     965      595      1006     375      623      1183     258      1069     989      0        757      618      551      73       754      129      1109     1291     424      1037     909      622      577      
28       18960    709      445      505      575      762      684      475      527      492      729      234      541      761      655      581      736      696      216      176      683      672      449      608      789      359      622      757      0        543      771      702      937      632      383      660      662      354      269      370      730      
29       10530    244      478      916      644      921      448      948      1069     54       788      473      435      539      649      454      915      385      728      407      389      814      811      1149     815      892      380      618      543      0        262      616      395      564      904      758      839      895      483      172      207      
30       16620    363      734      1058     683      950      378      1117     1297     314      791      733      459      443      649      685      955      564      971      611      575      852      943      1362     796      1129     591      551      771      262      0        581      215      555      1146     1005     889      1125     744      417      59       
31       28680    851      975      663      189      388      203      774      1111     623      218      839      195      169      97       1022     402      998      907      546      999      308      550      1111     215      1006     978      73       702      616      581      0        790      71       1047     1260     356      972      870      600      600      
32       16950    351      805      1265     898      1164     587      1317     1464     448      1002     856      675      642      862      716      1169     551      1123     792      567      1067     1152     1541     1005     1287     606      754      937      395      215      790      0        768      1299     1046     1104     1290     859      568      224      
33       26910    803      907      621      153      396      189      726      1050     566      236      768      132      190      94       958      404      941      838      475      942      304      505      1056     253      940      918      129      632      564      555      71       768      0        980      1191     347      908      799      536      567      
34       26730    1026     626      599      889      998      1058     486      207      851      1020     463      907      1129     982      785      965      952      175      558      935      933      621      348      1086     53       867      1109     383      904      1146     1047     1299     980      0        686      905      111      475      733      1102     
35       14460    695      289      1149     1187     1411     1155     1085     889      716      1350     441      1066     1247     1245     330      1389     509      606      741      490      1314     1108     1034     1402     721      440      1291     660      758      1005     1260     1046     1191     686      0        1311     771      406      677      946      
36       33870    1083     1057     373      206      100      536      506      906      825      168      870      430      525      261      1150     79       1183     814      577      1179     51       293      864      227      856      1140     424      662      839      889      356      1104     347      905      1311     0        807      906      752      893      
37       27750    1041     675      489      806      897      1002     374      173      843      929      490      847      1066     902      833      864      988      191      519      972      838      518      281      996      59       905      1037     354      895      1125     972      1290     908      111      771      807      0        509      722      1085     
38       12510    557      180      773      784      1006     792      733      672      429      945      36       682      881      847      330      983      479      317      337      463      908      717      790      999      482      396      909      269      483      744      870      859      799      475      406      906      509      0        339      691      
39       11310    365      387      772      576      842      478      791      896      122      734      322      405      571      607      422      831      431      558      246      426      736      674      977      773      720      390      622      370      172      417      600      568      536      733      677      752      722      339      0        369      
40       14850    309      676      1041     687      959      400      1094     1258     261      804      681      462      473      661      626      961      507      926      576      518      858      928      1328     814      1086     533      577      730      207      59       600      224      567      1102     946      893      1085     691      369      0        
;

