
sets
i        orders          /0*80/
k        routes          /1*80/
p        positions       /0*80/
;

alias(i,j)
alias(i,h)
alias(i,hh)
alias(i,jj)
alias(k,kk)
                
                    Parameters

rho(i)	Processing time
/
0	0
1	98
2	94
3	56
4	9
5	92
6	68
7	20
8	50
9	79
10	75
11	87
12	94
13	33
14	99
15	17
16	56
17	73
18	46
19	54
20	92
21	50
22	38
23	72
24	82
25	32
26	39
27	60
28	52
29	33
30	6
31	62
32	74
33	17
34	2
35	78
36	51
37	75
38	27
39	64
40	20
41	5
42	82
43	97
44	46
45	91
46	4
47	43
48	5
49	79
50	71
51	80
52	96
53	57
54	21
55	38
56	14
57	60
58	10
59	84
60	64
61	31
62	86
63	63
64	93
65	2
66	95
67	6
68	96
69	73
70	35
71	74
72	85
73	37
74	23
75	81
76	66
77	47
78	96
79	16
80	53
/

gamma(i)	Duedate
/
0	0
1	98
2	64
3	44
4	79
5	37
6	66
7	79
8	88
9	36
10	91
11	19
12	60
13	59
14	12
15	11
16	4
17	29
18	64
19	78
20	97
21	61
22	34
23	17
24	33
25	71
26	88
27	51
28	87
29	33
30	84
31	73
32	2
33	42
34	43
35	11
36	77
37	33
38	42
39	71
40	97
41	83
42	68
43	92
44	39
45	32
46	70
47	46
48	38
49	89
50	17
51	52
52	54
53	24
54	86
55	80
56	53
57	33
58	14
59	37
60	85
61	70
62	49
63	10
64	54
65	98
66	91
67	82
68	80
69	20
70	30
71	13
72	10
73	58
74	97
75	98
76	42
77	87
78	74
79	92
80	29
/

sigma(i)	Size
/
0	0
1	6
2	9
3	4
4	9
5	7
6	9
7	1
8	2
9	3
10	6
11	2
12	6
13	6
14	5
15	1
16	6
17	7
18	9
19	5
20	9
21	9
22	5
23	8
24	8
25	7
26	9
27	1
28	8
29	3
30	5
31	8
32	7
33	7
34	3
35	1
36	2
37	8
38	6
39	7
40	8
41	3
42	7
43	5
44	4
45	8
46	9
47	1
48	6
49	1
50	3
51	4
52	8
53	8
54	9
55	7
56	5
57	7
58	9
59	8
60	4
61	1
62	2
63	9
64	5
65	7
66	7
67	2
68	9
69	9
70	9
71	3
72	1
73	1
74	7
75	3
76	5
77	5
78	4
79	8
80	9
/

epsilon(i)	Priority
/
0	0
1	1
2	4
3	5
4	1
5	6
6	4
7	1
8	4
9	8
10	9
11	7
12	9
13	7
14	9
15	3
16	9
17	6
18	6
19	2
20	1
21	6
22	2
23	7
24	1
25	7
26	1
27	2
28	5
29	7
30	2
31	1
32	7
33	3
34	6
35	7
36	2
37	6
38	4
39	4
40	5
41	4
42	3
43	2
44	8
45	7
46	6
47	1
48	9
49	5
50	8
51	1
52	6
53	2
54	5
55	4
56	7
57	2
58	4
59	5
60	4
61	4
62	6
63	6
64	6
65	9
66	5
67	1
68	4
69	1
70	2
71	6
72	1
73	5
74	5
75	1
76	1
77	8
78	2
79	7
80	7
/

psi	Vehicle Capacity
/ 33 /
;

Table kappa(i,j)                 Setup
         0        1        2        3        4        5        6        7        8        9        10       11       12       13       14       15       16       17       18       19       20       21       22       23       24       25       26       27       28       29       30       31       32       33       34       35       36       37       38       39       40       41       42       43       44       45       46       47       48       49       50       51       52       53       54       55       56       57       58       59       60       61       62       63       64       65       66       67       68       69       70       71       72       73       74       75       76       77       78       79       80       
0        0        639      564      57       603      821      216      775      643      588      150      441      427      607      492      498      572      330      778      735      118      715      567      257      568      585      865      634      521      752      292      490      207      516      182      729      770      672      500      523      484      597      222      710      615      367      398      668      171      738      469      195      772      550      187      570      322      641      450      660      570      513      258      663      695      487      541      172      693      609      217      162      403      743      478      383      840      499      806      135      598      
1        639      0        245      622      882      704      625      145      645      187      504      229      600      771      601      671      73       495      160      103      599      177      904      662      551      216      656      791      812      504      585      618      503      525      462      193      355      51       378      178      357      807      418      71       515      371      707      651      508      393      397      443      408      871      534      455      429      654      728      795      155      622      413      756      467      522      876      605      569      231      463      477      283      390      719      566      469      729      711      517      666      
2        564      245      0        570      653      469      471      297      399      60       413      150      381      532      368      441      249      310      281      333      572      179      684      494      307      34       438      550      590      285      406      387      509      285      385      188      213      296      142      94       129      572      384      291      269      206      501      405      398      205      170      397      234      650      404      209      265      408      512      553      91       387      424      512      238      288      657      468      327      47       464      427      165      206      496      359      306      503      473      428      423      
3        57       622      570      0        658      856      266      762      682      588      164      437      470      656      533      544      553      362      766      715      61       711      623      310      603      587      894      683      575      775      336      533      159      549      184      726      779      651      519      520      501      649      204      692      645      382      450      706      195      753      490      181      786      606      221      596      344      681      502      708      567      555      223      709      718      521      597      219      724      613      177      147      405      757      528      423      855      549      843      150      640      
4        603      882      653      658      0        469      397      950      324      712      561      668      284      147      284      211      855      412      931      979      713      823      76       349      368      687      574      150      84       576      357      265      758      370      593      826      732      933      510      703      527      93       666      938      436      527      216      342      524      663      486      646      687      63       479      465      484      313      171      173      732      266      744      222      551      364      80       445      451      688      737      641      617      670      166      326      717      153      443      564      262      
5        821      704      469      856      469      0        623      698      186      519      698      585      404      329      336      363      718      494      669      771      888      563      540      604      253      492      112      320      470      209      535      344      873      307      700      557      398      751      389      561      415      380      743      731      226      515      497      160      663      332      400      740      335      513      635      290      526      192      459      296      557      321      811      248      236      335      530      656      147      473      833      757      562      337      421      441      323      407      26       710      249      
6        216      625      471      266      397      623      0        739      439      514      173      397      220      391      287      284      574      168      732      728      318      646      372      50       378      501      681      418      313      588      89       282      363      330      214      657      650      669      363      467      358      383      289      694      437      268      184      465      143      604      328      265      636      350      100      406      207      436      236      444      511      306      362      449      535      301      343      48       508      518      347      252      345      609      262      183      698      283      606      173      389      
7        775      145      297      762      950      698      739      0        678      239      635      344      679      826      665      739      218      593      32       104      742      136      982      771      595      263      629      842      888      489      687      684      648      581      595      140      308      141      440      272      426      868      558      89       544      473      796      678      634      367      467      582      371      948      655      494      534      688      809      841      230      684      557      797      467      585      955      724      580      262      607      616      394      362      794      653      414      801      710      649      712      
8        643      645      399      682      324      186      439      678      0        459      530      477      219      177      152      178      641      324      654      730      719      543      385      418      101      431      267      181      303      253      353      158      716      148      538      543      421      696      277      477      303      230      590      688      134      374      311      26       493      350      273      583      369      354      461      190      369      11       277      171      490      135      664      121      234      171      369      474      127      421      679      596      441      357      240      260      393      229      167      541      67       
9        588      187      60       588      712      519      514      239      459      0        439      152      439      593      428      501      200      359      225      272      584      132      743      541      367      28       480      611      648      327      454      446      511      346      406      144      218      237      202      73       186      633      393      230      327      245      557      464      428      230      227      410      254      709      440      269      306      468      569      613      40       447      423      572      285      348      716      506      382      49       466      442      184      230      555      414      324      562      525      453      484      
10       150      504      413      164      561      698      173      635      530      439      0        295      329      530      387      412      443      206      635      605      189      567      543      224      445      434      731      557      476      610      208      390      199      391      46       581      620      542      354      376      337      533      118      576      482      218      345      553      38       590      326      92       623      519      82       432      179      530      393      579      423      411      189      572      553      364      514      130      562      459      175      80       254      594      411      279      692      431      686      14       495      
11       441      229      150      437      668      585      397      344      477      152      295      0        384      572      397      462      188      268      342      332      431      274      683      433      376      157      573      595      594      424      356      413      361      336      258      288      361      276      202      82       175      602      241      297      365      144      482      490      290      355      204      258      385      651      310      299      200      483      507      605      129      422      274      573      371      326      655      380      438      185      316      291      54       357      502      345      457      515      585      309      481      
12       427      600      381      470      284      404      220      679      219      439      329      384      0        206      68       86       571      139      663      700      512      559      304      200      170      416      469      233      211      398      134      63       526      134      348      565      505      651      241      422      252      223      413      660      239      244      127      246      291      445      211      399      475      270      252      231      207      216      130      252      454      86       491      242      352      111      276      256      299      422      495      404      333      451      118      51       525      130      387      338      170      
13       607      771      532      656      147      329      391      826      177      593      530      572      206      0        174      120      753      345      805      865      704      695      213      353      232      566      430      27       143      430      323      160      728      247      552      697      592      823      393      595      414      53       619      823      295      441      215      195      491      521      375      604      543      184      449      333      411      166      164      54       617      150      697      82       407      249      201      436      304      564      699      607      525      528      130      257      571      109      304      536      119      
14       492      601      368      533      284      336      287      665      152      428      387      397      68       174      0        74       580      185      647      696      573      539      321      268      110      403      403      198      226      341      201      19       579      89       401      543      465      652      226      423      244      206      460      655      183      268      179      178      349      401      204      449      429      286      313      190      244      149      163      211      449      26       537      190      300      79       296      323      235      404      546      458      351      407      136      109      473      138      319      396      108      
15       498      671      441      544      211      363      284      739      178      501      412      462      86       120      74       0        647      225      721      768      590      613      247      253      173      476      445      147      152      402      208      55       609      162      433      618      536      722      299      493      316      139      499      727      247      326      133      205      373      470      275      484      497      212      332      262      292      171      100      167      520      62       577      165      365      153      223      326      287      478      580      488      413      477      67       137      538      65       342      419      114      
16       572      73       249      553      855      718      574      218      641      200      443      188      571      753      580      647      0        456      232      162      528      232      872      613      543      227      681      775      781      527      541      596      431      510      399      249      397      99       365      163      341      786      351      140      516      332      670      649      450      425      378      376      445      839      479      452      386      648      696      782      161      603      341      746      485      504      843      550      577      249      391      410      241      423      690      533      510      702      723      455      655      
17       330      495      310      362      412      494      168      593      324      359      206      268      139      345      185      225      456      0        583      597      395      489      419      184      240      342      534      371      333      427      95       191      394      187      216      498      482      543      195      323      191      360      276      560      285      124      214      347      169      435      160      264      468      388      142      244      72       324      244      390      363      210      353      374      372      158      390      180      362      356      361      273      214      441      247      89       531      263      481      217      292      
18       778      160      281      766      931      669      732      32       654      225      635      342      663      805      647      721      232      583      0        134      749      111      965      762      573      246      599      820      871      460      677      666      658      561      596      113      277      164      423      265      410      848      563      113      520      465      782      653      632      337      451      585      340      931      651      472      526      664      794      819      221      665      567      773      440      567      939      720      554      243      616      619      390      332      777      639      383      784      682      649      690      
19       735      103      333      715      979      771      728      104      730      272      605      332      700      865      696      768      162      597      134      0        688      212      1004     765      640      300      712      883      911      565      688      714      587      617      561      223      396      63       471      277      452      903      513      42       597      473      808      733      610      446      493      539      455      970      637      541      532      739      828      886      247      717      500      844      536      617      976      707      644      309      550      573      386      443      818      667      506      827      781      617      756      
20       118      599      572      61       713      888      318      742      719      584      189      431      512      704      573      590      528      395      749      688      0        702      681      364      635      586      920      732      630      794      381      574      109      581      195      717      784      625      536      513      516      700      191      668      672      396      502      742      225      763      510      174      795      663      259      619      367      718      554      756      559      596      188      754      737      553      654      270      752      613      138      144      406      766      578      464      866      599      876      178      681      
21       715      177      179      711      823      563      646      136      543      132      567      274      559      695      539      613      232      489      111      212      702      0        859      672      463      147      499      710      764      355      584      558      621      452      532      17       184      210      318      191      308      738      511      175      409      377      681      542      559      234      348      530      243      825      572      362      438      553      689      708      144      556      530      662      331      460      833      638      444      136      576      564      314      230      671      538      296      677      575      581      580      
22       567      904      684      623      76       540      372      982      385      743      543      683      304      213      321      247      872      419      965      1004     681      859      0        321      416      719      643      221      94       634      349      301      735      410      579      864      782      954      542      727      556      160      654      964      487      540      207      406      508      714      515      632      739      34       463      509      491      375      176      246      758      308      730      292      605      399      29       419      511      723      718      623      631      721      188      338      774      182      515      544      321      
23       257      662      494      310      349      604      50       771      418      541      224      433      200      353      268      253      613      184      762      765      364      672      321      0        368      525      669      380      265      586      91       260      413      323      263      682      663      707      377      499      375      340      339      730      431      297      140      445      192      612      342      315      644      300      148      407      236      414      193      407      541      283      413      416      536      295      293      97       498      540      397      303      379      618      222      174      703      244      586      223      363      
24       568      551      307      603      368      253      378      595      101      367      445      376      170      232      110      173      543      240      573      640      635      463      416      368      0        340      302      246      324      231      289      127      624      53       449      464      365      602      177      380      203      278      496      598      73       275      289      117      410      298      172      491      324      382      382      101      276      107      271      246      395      112      568      204      192      81       394      407      130      334      586      506      340      304      240      195      364      237      241      457      117      
25       585      216      34       587      687      492      501      263      431      28       434      157      416      566      403      476      227      342      246      300      586      147      719      525      340      0        455      584      624      301      437      421      518      320      404      156      205      266      177      86       163      607      396      258      299      233      536      435      421      209      204      411      235      685      431      241      293      440      547      586      66       422      431      544      258      323      692      495      353      29       473      443      182      209      531      393      306      538      497      449      457      
26       865      656      438      894      574      112      681      629      267      480      731      573      469      430      403      445      681      534      599      712      920      499      643      669      302      455      0        424      566      153      591      415      891      351      726      491      321      700      392      533      417      483      759      673      249      530      576      242      699      265      412      761      258      613      677      301      552      276      544      402      521      393      821      352      202      380      630      708      173      431      849      782      559      269      508      497      228      496      138      744      334      
27       634      791      550      683      150      320      418      842      181      611      557      595      233      27       198      147      775      371      820      883      732      710      221      380      246      584      424      0        160      434      351      185      756      266      579      711      601      842      412      615      434      62       646      841      306      465      241      196      519      530      396      631      551      194      477      348      437      170      190      29       636      173      724      72       415      270      212      463      308      580      727      634      549      537      157      284      575      136      294      564      130      
28       521      812      590      575      84       470      313      888      303      648      476      594      211      143      226      152      781      333      871      911      630      764      94       265      324      624      566      160      0        546      273      207      673      315      508      769      689      862      447      634      462      100      582      871      396      451      131      325      440      622      420      562      648      60       394      415      405      293      88       190      665      214      659      226      514      304      70       361      425      628      652      557      541      628      93       248      685      88       445      479      236      
29       752      504      285      775      576      209      588      489      253      327      610      424      398      430      341      402      527      427      460      565      794      355      634      586      231      301      153      434      546      0        500      358      756      265      599      348      189      549      258      380      279      482      624      525      159      398      520      238      581      122      284      628      128      602      566      183      430      264      502      421      367      342      681      369      57       292      616      607      125      278      712      652      415      127      469      412      140      464      223      624      314      
30       292      585      406      336      357      535      89       687      353      454      208      356      134      323      201      208      541      95       677      688      381      584      349      91       289      437      591      351      273      500      0        198      407      241      236      594      572      632      286      416      284      325      308      651      347      215      143      378      170      522      251      289      554      322      126      319      156      350      187      374      457      221      386      372      448      212      320      122      418      451      381      287      302      527      203      94       613      223      519      213      305      
31       490      618      387      533      265      344      282      684      158      446      390      413      63       160      19       55       596      191      666      714      574      558      301      260      127      421      415      185      207      358      198      0        584      108      406      563      484      669      244      440      262      189      467      673      200      281      163      184      351      419      221      455      447      267      314      209      253      154      145      200      466      23       545      183      318      98       277      320      249      423      552      462      365      426      117      110      491      119      325      399      107      
32       207      503      509      159      758      873      363      648      716      511      199      361      526      728      579      609      431      394      658      587      109      621      735      413      624      518      891      756      673      756      407      584      0        571      178      637      722      525      499      439      476      732      132      570      649      361      542      737      237      709      479      132      740      713      281      591      348      717      591      777      482      604      91       767      699      545      707      316      730      546      45       121      347      712      610      475      812      630      864      194      687      
33       516      525      285      549      370      307      330      581      148      346      391      336      134      247      89       162      510      187      561      617      581      452      410      323      53       320      351      266      315      265      241      108      571      0        395      456      376      576      146      349      169      287      443      576      107      225      260      167      356      313      132      438      342      375      329      100      222      152      251      271      370      103      516      236      218      29       385      356      178      319      533      453      296      320      225      149      391      227      295      403      145      
34       182      462      385      184      593      700      214      595      538      406      46       258      348      552      401      433      399      216      596      561      195      532      579      263      449      404      726      579      508      599      236      406      178      395      0        546      595      498      341      340      321      559      75       533      479      201      377      560      71       570      315      53       602      554      116      425      174      539      423      600      387      426      151      589      541      369      550      173      560      429      147      57       222      573      438      297      673      457      690      56       509      
35       729      193      188      726      826      557      657      140      543      144      581      288      565      697      543      618      249      498      113      223      717      17       864      682      464      156      491      711      769      348      594      563      637      456      546      0        173      224      324      206      315      741      526      186      408      389      688      541      572      227      355      546      233      829      584      363      449      553      695      708      159      560      546      662      326      464      838      650      440      143      593      579      327      222      676      546      284      681      569      595      581      
36       770      355      213      779      732      398      650      308      421      218      620      361      505      592      465      536      397      482      277      396      784      184      782      663      365      205      321      601      689      189      572      484      722      376      595      173      0        393      287      289      293      641      597      359      296      403      633      413      600      71       321      609      63       747      599      275      455      432      628      592      256      474      635      542      187      394      759      656      302      176      676      639      377      65       601      501      113      601      413      634      472      
37       672      51       296      651      933      751      669      141      696      237      542      276      651      823      652      722      99       543      164      63       625      210      954      707      602      266      700      842      862      549      632      669      525      576      498      224      393      0        429      229      408      859      450      52       565      419      756      701      548      436      448      476      449      921      577      506      476      705      778      847      207      674      437      807      515      574      926      647      618      280      487      509      330      433      769      616      506      780      759      554      718      
38       500      378      142      519      510      389      363      440      277      202      354      202      241      393      226      299      365      195      423      471      536      318      542      377      177      177      392      412      447      258      286      244      499      146      341      324      287      429      0        203      27       431      367      430      164      140      364      288      328      242      35       370      275      508      319      99       177      284      371      417      224      246      428      380      200      146      515      371      241      181      457      394      173      247      354      223      341      361      386      369      289      
39       523      178      94       520      703      561      467      272      477      73       376      82       422      595      423      493      163      323      265      277      513      191      727      499      380      86       533      615      634      380      416      440      439      349      340      206      289      229      203      0        180      630      322      238      353      201      532      486      369      295      219      340      321      693      386      289      262      485      551      621      47       445      350      584      332      345      698      454      417      114      394      373      125      295      541      390      392      551      564      390      493      
40       484      357      129      501      527      415      358      426      303      186      337      175      252      414      244      316      341      191      410      452      516      308      556      375      203      163      417      434      462      279      284      262      476      169      321      315      293      408      27       180      0        450      344      411      191      119      372      315      313      254      41       348      287      522      307      126      163      310      383      440      204      265      404      404      222      165      529      362      268      171      433      373      146      259      368      230      355      376      413      352      313      
41       597      807      572      649      93       380      383      868      230      633      533      602      223      53       206      139      786      360      848      903      700      738      160      340      278      607      483      62       100      482      325      189      732      287      559      741      641      859      431      630      450      0        628      861      345      466      199      248      495      571      410      612      594      132      451      378      430      219      147      90       655      185      707      132      458      285      150      429      357      606      706      612      553      578      122      271      623      102      355      538      169      
42       222      418      384      204      666      743      289      558      590      393      118      241      413      619      460      499      351      276      563      513      191      511      654      339      496      396      759      646      582      624      308      467      132      443      75       526      597      450      367      322      344      628      0        489      518      229      450      611      146      580      347      28       612      628      191      459      221      593      495      665      368      486      78       650      567      419      624      248      599      424      90       59       219      583      508      362      684      527      735      123      567      
43       710      71       291      692      938      731      694      89       688      230      576      297      660      823      655      727      140      560      113      42       668      175      964      730      598      258      673      841      871      525      651      673      570      576      533      186      359      52       430      238      411      861      489      0        555      436      770      691      579      407      452      514      418      930      605      499      495      697      789      844      206      676      481      802      495      576      936      675      602      267      531      548      350      404      777      628      471      787      740      588      715      
44       615      515      269      645      436      226      437      544      134      327      482      365      239      295      183      247      516      285      520      597      672      409      487      431      73       299      249      306      396      159      347      200      649      107      479      408      296      565      164      353      191      345      518      555      0        289      361      136      449      227      174      517      252      454      427      66       305      144      344      301      360      185      585      254      118      136      466      460      80       288      609      536      337      234      314      257      291      310      221      495      176      
45       367      371      206      382      527      515      268      473      374      245      218      144      244      441      268      326      332      124      465      473      396      377      540      297      275      233      530      465      451      398      215      281      361      225      201      389      403      419      140      201      119      466      229      436      289      0        337      392      197      371      117      231      404      508      199      229      61       378      364      479      243      293      296      453      340      207      511      262      370      253      320      254      90       375      361      202      473      375      508      233      363      
46       398      707      501      450      216      497      184      796      311      557      345      482      127      215      179      133      670      214      782      808      502      681      207      140      289      536      576      241      131      520      143      163      542      260      377      688      633      756      364      532      372      199      450      770      361      337      0        338      308      573      332      430      602      178      263      359      285      305      52       269      567      183      528      284      478      239      177      232      413      544      520      425      428      579      85       143      651      105      475      348      248      
47       668      651      405      706      342      160      465      678      26       464      553      490      246      195      178      205      649      347      653      733      742      542      406      445      117      435      242      196      325      238      378      184      737      167      560      541      413      701      288      486      315      248      611      691      136      392      338      0        517      341      288      605      359      375      485      197      390      33       303      182      496      161      684      130      225      192      391      500      113      424      700      618      456      348      266      285      379      253      141      564      92       
48       171      508      398      195      524      663      143      634      493      428      38       290      291      491      349      373      450      169      632      610      225      559      508      192      410      421      699      519      440      581      170      351      237      356      71       572      600      548      328      369      313      495      146      579      449      197      308      517      0        567      298      123      600      484      45       401      151      493      355      541      416      373      221      533      524      328      479      105      529      444      212      117      245      571      373      241      668      393      651      47       457      
49       738      393      205      753      663      332      604      367      350      230      590      355      445      521      401      470      425      435      337      446      763      234      714      612      298      209      265      530      622      122      522      419      709      313      570      227      71       436      242      295      254      571      580      407      227      371      573      341      567      0        276      590      33       680      561      213      418      361      564      521      271      408      627      471      116      333      692      614      231      182      664      618      361      6        536      446      103      535      346      605      402      
