
sets
i        orders          /0*80/
k        routes          /1*80/
p        positions       /0*80/
;

alias(i,j)
alias(i,h)
alias(i,hh)
alias(i,jj)
alias(k,kk)
                
                    Parameters

rho(i)	Processing time
/
0	0
1	37
2	74
3	28
4	30
5	19
6	9
7	13
8	73
9	36
10	65
11	45
12	56
13	38
14	26
15	89
16	51
17	67
18	98
19	88
20	72
21	53
22	91
23	18
24	41
25	12
26	25
27	18
28	15
29	69
30	28
31	29
32	12
33	18
34	12
35	52
36	32
37	88
38	28
39	55
40	97
41	37
42	55
43	50
44	40
45	19
46	13
47	39
48	19
49	22
50	95
51	35
52	42
53	71
54	66
55	59
56	89
57	48
58	20
59	22
60	59
61	79
62	53
63	6
64	43
65	70
66	80
67	49
68	51
69	77
70	43
71	37
72	59
73	55
74	78
75	80
76	15
77	18
78	30
79	97
80	59
/

gamma(i)	Duedate
/
0	0
1	20
2	46
3	12
4	64
5	79
6	57
7	54
8	40
9	13
10	84
11	98
12	7
13	21
14	74
15	43
16	78
17	85
18	56
19	88
20	67
21	7
22	33
23	10
24	53
25	61
26	27
27	12
28	55
29	90
30	67
31	59
32	63
33	44
34	26
35	87
36	27
37	76
38	15
39	95
40	38
41	99
42	45
43	90
44	95
45	75
46	19
47	18
48	8
49	4
50	2
51	24
52	66
53	65
54	5
55	29
56	25
57	78
58	25
59	70
60	72
61	42
62	49
63	45
64	24
65	11
66	55
67	24
68	17
69	60
70	76
71	40
72	28
73	31
74	64
75	70
76	22
77	57
78	49
79	53
80	34
/

sigma(i)	Size
/
0	0
1	6
2	7
3	2
4	5
5	2
6	7
7	2
8	7
9	5
10	5
11	1
12	9
13	8
14	1
15	4
16	9
17	1
18	4
19	9
20	4
21	6
22	1
23	1
24	1
25	7
26	8
27	1
28	6
29	2
30	3
31	3
32	8
33	5
34	8
35	9
36	2
37	7
38	5
39	5
40	9
41	6
42	1
43	8
44	6
45	9
46	8
47	7
48	7
49	4
50	4
51	3
52	1
53	6
54	8
55	4
56	4
57	5
58	6
59	1
60	2
61	6
62	2
63	6
64	1
65	9
66	9
67	7
68	4
69	8
70	5
71	6
72	3
73	7
74	7
75	5
76	4
77	3
78	7
79	7
80	5
/

epsilon(i)	Priority
/
0	0
1	1
2	5
3	8
4	5
5	5
6	4
7	1
8	1
9	4
10	2
11	5
12	3
13	3
14	8
15	7
16	8
17	8
18	2
19	8
20	9
21	9
22	9
23	4
24	1
25	3
26	6
27	4
28	8
29	2
30	4
31	7
32	3
33	8
34	6
35	9
36	6
37	1
38	9
39	8
40	9
41	2
42	9
43	3
44	6
45	2
46	9
47	3
48	7
49	8
50	5
51	7
52	5
53	6
54	7
55	8
56	7
57	4
58	8
59	7
60	9
61	4
62	6
63	7
64	7
65	9
66	6
67	2
68	4
69	2
70	2
71	5
72	6
73	7
74	4
75	5
76	4
77	8
78	6
79	9
80	8
/

psi	Vehicle Capacity
/ 32 /
;

Table kappa(i,j)                 Setup
         0        1        2        3        4        5        6        7        8        9        10       11       12       13       14       15       16       17       18       19       20       21       22       23       24       25       26       27       28       29       30       31       32       33       34       35       36       37       38       39       40       41       42       43       44       45       46       47       48       49       50       51       52       53       54       55       56       57       58       59       60       61       62       63       64       65       66       67       68       69       70       71       72       73       74       75       76       77       78       79       80       
0        0        563      401      410      441      711      371      675      183      642      202      541      614      356      455      405      402      427      440      613      385      512      642      202      407      261      344      403      722      377      531      455      646      592      381      685      410      64       166      224      557      625      475      658      337      281      290      513      439      767      401      222      279      295      363      705      113      588      410      638      256      615      216      676      381      527      377      585      661      344      560      355      423      432      610      443      457      474      716      640      535      
1        563      0        255      606      331      470      633      307      735      141      365      573      57       356      170      179      424      389      221      97       554      366      596      369      563      505      275      366      275      574      282      252      569      757      467      161      188      541      694      704      331      266      227      264      688      486      342      686      415      331      508      544      286      317      347      714      483      139      689      759      369      51       644      733      292      403      280      748      248      375      741      754      755      193      468      125      690      108      323      327      449      
2        401      255      0        350      96       349      378      274      543      265      256      338      281      101      289      96       475      143      43       252      299      165      388      268      308      261      294      114      322      319      138      56       370      509      212      312      258      407      491      481      178      224      74       257      439      464      326      434      171      366      254      308      203      105      387      498      367      206      434      517      330      297      415      504      346      199      28       499      260      121      490      509      501      62       286      208      434      149      315      246      236      
3        410      606      350      0        286      435      63       504      425      590      438      167      628      251      613      438      717      227      386      590      52       298      273      452      45       163      566      243      590      38       380      362      293      190      139      636      571      463      363      299      364      478      391      517      155      640      560      107      208      609      101      188      451      321      641      303      471      533      96       228      542      646      238      267      623      280      327      182      532      233      161      225      172      413      316      544      84       499      545      450      251      
4        441      331      96       286      0        275      327      249      558      303      330      245      345      86       385      192      568      59       113      303      238      76       291      344      241      242      388      49       320      261      104      79       274      426      149      349      355      460      500      475      117      208      106      247      401      546      416      356      84       352      185      298      290      163      480      401      430      246      378      428      415      366      405      410      442      105      93       417      258      101      411      475      451      148      195      302      368      232      292      204      140      
5        711      470      349      435      275      0        497      176      808      356      602      285      448      357      593      419      817      285      333      389      409      200      218      615      397      480      634      308      260      433      218      297      181      466      354      380      578      734      747      704      171      205      297      219      587      813      674      438      277      242      360      537      552      438      728      321      705      332      528      432      680      476      634      368      681      186      360      459      239      367      471      660      602      367      119      509      490      417      190      143      191      
6        371      633      378      63       327      497      0        556      367      630      426      230      660      277      623      459      704      270      418      625      92       349      336      439      99       149      565      280      639      67       426      398      357      220      177      676      580      428      306      238      415      527      427      566      91       618      551      144      256      662      147      155      451      332      633      360      444      571      57       269      529      676      182      318      620      335      352      213      580      257      188      163      124      440      377      561      87       525      598      503      309      
7        675      307      274      504      249      176      556      0        805      182      524      392      277      332      452      309      694      293      240      218      464      207      363      535      460      491      516      297      93       489      146      219      328      589      384      203      447      682      748      724      141      53       202      44       639      715      568      541      302      105      409      547      459      379      607      479      640      169      600      567      582      306      653      517      556      225      297      581      63       349      585      714      676      262      230      372      576      281      43       55       262      
8        183      735      543      425      558      808      367      805      0        800      382      585      784      473      637      567      573      526      585      776      422      618      692      384      441      327      527      512      864      404      658      591      706      572      455      845      591      233      62       133      674      759      616      795      294      442      473      507      530      904      458      270      456      441      543      727      293      743      382      628      438      787      186      684      564      623      516      567      802      456      539      270      361      585      695      619      438      639      848      762      618      
9        642      141      265      590      303      356      630      182      800      0        457      519      98       360      307      236      561      363      222      44       542      308      518      465      545      525      400      349      133      565      217      233      486      714      453      46       318      632      752      746      254      154      203      137      699      611      463      652      383      189      489      574      380      360      481      637      579      59       682      705      485      126      680      666      426      341      294      705      118      381      704      771      754      215      383      244      671      173      188      216      387      
10       202      365      256      438      330      602      426      524      382      457      0        513      418      262      255      224      279      343      284      424      394      407      595      15       413      278      154      311      554      399      394      311      588      627      344      498      209      176      352      385      433      471      323      499      436      219      124      544      366      605      381      280      79       167      207      686      121      409      480      658      104      416      345      673      203      433      242      619      497      262      599      482      521      263      523      242      510      285      562      501      457      
11       541      573      338      167      245      285      230      392      585      519      513      0        580      264      626      434      782      194      358      531      163      212      107      528      144      280      611      226      484      181      303      322      127      197      170      560      592      584      523      463      267      381      345      416      321      731      623      154      166      491      141      326      501      360      698      172      578      469      250      186      614      603      399      167      668      178      324      189      434      256      193      389      321      393      171      546      207      477      427      337      133      
12       614      57       281      628      345      448      660      277      784      98       418      580      0        383      226      219      480      405      242      59       577      369      592      423      584      539      333      385      231      598      280      267      563      770      488      106      246      595      741      746      325      243      239      233      720      544      400      702      429      286      528      582      339      356      404      711      538      118      715      767      426      28       684      735      349      405      308      761      214      403      756      789      783      221      460      182      711      145      286      305      451      
13       356      356      101      251      86       357      277      332      473      360      262      264      383      0        370      187      520      81       141      351      199      157      335      276      209      166      347      50       397      218      185      129      326      417      114      407      333      377      416      395      203      288      157      326      339      481      362      339      104      433      157      219      238      98       435      433      351      301      332      432      356      398      326      430      404      175      76       408      334      20       396      410      400      163      264      296      335      249      375      290      196      
14       455      170      289      613      385      593      623      452      637      307      255      626      226      370      0        193      254      432      277      263      562      444      675      253      576      478      120      400      437      576      380      318      654      788      484      331      46       418      607      634      432      403      305      412      657      323      189      708      459      494      527      501      188      292      178      787      356      288      680      802      221      210      586      793      123      481      302      779      400      384      766      714      736      240      562      85       695      176      476      457      522      
15       405      179      96       438      192      419      459      309      567      236      224      434      219      187      193      0        397      240      88       208      386      253      482      233      397      326      214      210      330      404      201      128      462      603      302      279      165      396      522      527      250      256      122      279      509      406      260      526      268      382      345      365      152      138      308      593      345      185      515      613      272      227      466      601      262      289      113      594      275      205      583      575      579      52       373      111      522      73       344      296      330      
16       402      424      475      717      568      817      704      694      573      561      279      782      480      520      254      397      0        598      483      517      672      641      854      265      691      557      182      565      689      678      598      521      841      906      617      585      247      342      568      624      647      642      519      657      706      137      159      823      624      745      656      554      282      422      89       953      290      537      757      936      175      461      601      946      138      673      475      898      647      526      879      742      792      449      762      323      789      413      722      690      707      
17       427      389      143      227      59       285      270      293      526      363      343      194      405      81       432      240      598      0        169      363      179      92       255      358      182      202      422      33       371      203      156      138      245      368      93       408      398      453      467      434      153      258      165      297      348      562      441      297      27       398      126      259      316      178      512      359      431      305      320      374      437      425      363      361      477      100      130      359      310      84       352      422      394      201      185      352      309      288      336      243      114      
18       440      221      43       386      113      333      418      240      585      222      284      358      242      141      277      88       483      169      0        209      335      167      398      296      342      304      301      145      281      356      115      40       376      537      247      268      253      443      534      525      163      188      39       218      481      483      341      465      195      327      287      352      223      145      394      511      400      162      472      542      349      259      459      523      350      203      72       528      220      162      520      551      541      37       285      193      470      119      279      218      245      
19       613      97       252      590      303      389      625      218      776      44       424      531      59       351      263      208      517      363      209      0        540      319      538      431      545      513      358      346      177      562      228      228      507      723      451      74       275      600      729      728      271      184      198      174      690      570      422      658      386      234      489      559      346      339      438      657      546      62       679      717      446      87       664      683      383      354      280      714      156      371      711      761      749      196      405      203      672      139      229      246      400      
20       385      554      299      52       238      409      92       464      422      542      394      163      577      199      562      386      672      179      335      540      0        256      270      408      21       127      518      193      547      25       334      311      284      234      89       587      521      433      360      303      322      434      341      473      179      601      514      151      163      569      55       165      403      271      595      320      436      484      140      265      498      595      237      292      575      242      275      225      488      181      208      253      214      361      290      493      136      447      505      410      219      
21       512      366      165      298      76       200      349      207      618      308      407      212      369      157      444      253      641      92       167      319      256      0        232      421      253      294      459      109      291      282      91       126      209      406      178      350      419      534      559      526      65       180      143      218      432      622      490      346      95       312      201      352      365      240      552      349      506      257      394      398      491      393      455      367      511      37       168      397      234      168      396      507      470      204      121      360      373      279      249      154      83       
22       642      596      388      273      291      218      336      363      692      518      595      107      592      335      675      482      854      255      398      538      270      232      0        610      251      382      677      289      456      288      314      358      37       251      262      553      646      681      630      570      267      367      375      397      426      815      697      238      230      451      241      431      572      433      767      119      670      475      350      213      692      618      506      153      732      195      382      245      417      333      260      492      418      434      135      591      302      512      391      312      152      
23       202      369      268      452      344      615      439      535      384      465      15       528      423      276      253      233      265      358      296      431      408      421      610      0        428      291      147      326      564      413      406      324      603      642      359      505      207      172      356      392      446      483      335      509      447      204      112      558      380      615      396      292      84       181      195      701      115      418      493      673      90       420      354      688      194      447      255      633      507      277      613      491      533      274      538      245      523      292      573      513      472      
24       407      563      308      45       241      397      99       460      441      545      413      144      584      209      576      397      691      182      342      545      21       253      251      428      0        148      535      198      545      37       335      317      267      216      96       590      535      455      379      320      319      433      346      472      189      622      533      134      163      565      55       186      420      286      613      298      457      487      140      245      517      602      255      270      592      236      285      207      486      192      191      262      216      370      278      505      127      457      501      406      209      
25       261      505      261      163      242      480      149      491      327      525      278      280      539      166      478      326      557      202      304      513      127      294      382      291      148      0        415      194      562      125      347      295      390      353      128      572      433      307      266      232      354      451      324      489      183      477      401      270      203      595      140      57       302      191      484      445      309      466      205      390      381      551      162      419      470      296      232      345      499      146      324      249      258      318      368      420      232      397      534      444      292      
26       344      275      294      566      388      634      565      516      527      400      154      611      333      347      120      214      182      422      301      358      518      459      677      147      535      415      0        389      520      528      415      339      662      751      452      431      86       302      502      539      464      464      337      481      584      212      68       669      449      576      493      427      115      253      93       780      239      367      620      775      100      321      498      778      56       493      295      742      473      356      726      634      667      267      581      155      644      238      547      509      528      
27       403      366      114      243      49       308      280      297      512      349      311      226      385      50       400      210      565      33       145      346      193      109      289      326      198      194      389      0        369      215      154      118      278      394      104      396      366      427      454      426      161      258      148      297      352      530      408      320      60       401      143      250      283      145      478      391      402      291      332      403      404      403      356      393      444      125      98       385      307      59       376      426      404      175      214      322      326      262      340      251      146      
28       722      275      322      590      320      260      639      93       864      133      554      484      231      397      437      330      689      371      281      177      547      291      456      564      545      562      520      369      0        572      215      272      420      681      464      135      442      721      811      792      226      112      248      73       719      728      579      632      383      56       492      616      482      427      605      571      674      153      686      661      597      258      723      610      551      314      348      673      62       416      677      793      761      292      324      367      664      283      70       147      353      
29       377      574      319      38       261      433      67       489      404      565      399      181      598      218      576      404      678      203      356      562      25       282      288      413      37       125      528      215      572      0        359      334      304      229      111      611      534      428      342      282      347      459      363      499      154      602      521      145      188      594      80       155      413      284      602      331      434      507      117      265      503      615      218      298      584      268      294      220      512      199      200      228      190      381      314      509      119      467      530      436      244      
30       531      282      138      380      104      218      426      146      658      217      394      303      280      185      380      201      598      156      115      228      334      91       314      406      335      347      415      154      215      359      0        82       286      497      249      260      362      542      602      579      51       104      78       142      504      598      457      436      171      247      280      402      337      239      509      432      505      166      475      489      464      304      509      455      463      125      155      488      154      203      487      578      549      148      186      295      459      206      189      109      172      
31       455      252      56       362      79       297      398      219      591      233      311      322      267      129      318      128      521      138      40       228      311      126      358      324      317      295      339      118      272      334      82       0        336      505      222      279      293      463      538      522      126      170      29       204      466      517      377      435      163      313      261      347      255      160      432      472      423      173      451      507      383      287      454      485      389      163      77       496      210      149      490      538      522      77       245      233      445      156      261      190      206      
32       646      569      370      293      274      181      357      328      706      486      588      127      563      326      654      462      841      245      376      507      284      209      37       603      267      390      662      278      420      304      286      336      0        286      265      520      628      683      644      587      238      333      352      362      448      808      686      269      222      414      250      441      560      423      754      151      669      445      376      251      682      589      521      190      716      173      366      280      382      326      294      516      446      413      102      570      330      488      355      277      134      
33       592      757      509      190      426      466      220      589      572      714      627      197      770      417      788      603      906      368      537      723      234      406      251      642      216      353      751      394      681      229      497      505      286      0        303      756      749      648      516      439      464      578      531      614      278      831      749      83       342      686      260      373      636      501      829      198      660      662      190      61       731      791      395      138      808      374      490      9        632      403      33       316      224      569      362      714      136      656      623      533      330      
34       381      467      212      139      149      354      177      384      455      453      344      170      488      114      484      302      617      93       247      451      89       178      262      359      96       128      452      104      464      111      249      222      265      303      0        499      445      419      393      351      243      351      252      390      255      561      458      224      83       490      43       184      338      199      535      342      409      395      228      322      446      506      281      329      509      173      189      294      403      99       282      330      301      274      240      411      223      361      427      333      163      
35       685      161      312      636      349      380      676      203      845      46       498      560      106      407      331      279      585      408      268      74       587      350      553      505      590      572      431      396      135      611      260      279      520      756      499      0        346      673      797      793      293      186      250      161      746      643      495      696      428      186      534      621      420      405      507      672      619      106      728      744      519      130      727      703      452      381      341      747      141      428      747      818      800      261      418      275      716      212      200      245      427      
36       410      188      258      571      355      578      580      447      591      318      209      592      246      333      46       165      247      398      253      275      521      419      646      207      535      433      86       366      442      534      362      293      628      749      445      346      0        375      560      587      413      396      284      409      612      297      154      669      426      498      488      455      141      250      163      756      314      289      636      766      184      235      539      760      109      455      268      740      399      346      726      668      691      216      538      75       653      166      474      446      494      
37       64       541      407      463      460      734      428      682      233      632      176      584      595      377      418      396      342      453      443      600      433      534      681      172      455      307      302      427      721      428      542      463      683      648      419      673      375      0        226      288      574      631      480      662      399      217      242      567      469      770      443      274      256      303      310      752      62       581      470      691      207      593      280      725      333      552      386      640      662      369      616      419      485      429      639      417      514      460      722      651      565      
38       166      694      491      363      500      747      306      748      62       752      352      523      741      416      607      522      568      467      534      729      360      559      630      356      379      266      502      454      811      342      602      538      644      516      393      797      560      226      0        80       616      704      563      741      238      442      454      448      470      849      396      209      421      391      529      666      279      694      325      570      420      745      125      625      544      563      463      510      748      399      483      224      310      536      633      582      380      595      792      705      557      
39       224      704      481      299      475      704      238      724      133      746      385      463      746      395      634      527      624      434      525      728      303      526      570      392      320      232      539      426      792      282      579      522      587      439      351      793      587      288      80       0        586      683      550      721      161      505      497      375      432      827      346      176      446      390      577      598      333      687      250      495      466      754      70       553      585      524      452      434      730      376      406      143      229      532      588      599      306      600      767      677      513      
40       557      331      178      364      117      171      415      141      674      254      433      267      325      203      432      250      647      153      163      271      322      65       267      446      319      354      464      161      226      347      51       126      238      464      243      293      413      574      616      586      0        115      128      153      497      642      503      408      160      247      267      411      381      272      557      386      540      208      460      451      508      351      516      412      512      89       191      455      170      218      456      572      535      197      136      346      438      258      183      90       133      
41       625      266      224      478      208      205      527      53       759      154      471      381      243      288      403      256      642      258      188      184      434      180      367      483      433      451      464      258      112      459      104      170      333      578      351      186      396      631      704      683      115      0        150      39       606      662      515      524      271      144      379      506      406      329      555      485      588      127      574      562      529      271      613      518      504      205      247      570      54       307      572      681      649      209      231      322      554      230      91       62       247      
42       475      227      74       391      106      297      427      202      616      203      323      345      239      157      305      122      519      165      39       198      341      143      375      335      346      324      337      148      248      363      78       29       352      531      252      250      284      480      563      550      128      150      0        182      495      522      379      462      190      292      290      375      262      179      430      491      438      144      480      531      388      260      482      507      384      180      100      522      186      178      517      568      551      69       256      220      473      136      242      179      225      
43       658      264      257      517      247      219      566      44       795      137      499      416      233      326      412      279      657      297      218      174      473      218      397      509      472      489      481      297      73       499      142      204      362      614      390      161      409      662      741      721      153      39       182      0        645      684      535      561      310      109      419      544      430      362      571      513      617      126      613      596      551      261      651      549      518      242      281      605      20       344      608      720      688      235      262      334      592      244      65       85       284      
44       337      688      439      155      401      587      91       639      294      699      436      321      720      339      657      509      706      348      481      690      179      432      426      447      189      183      584      352      719      154      504      466      448      278      255      746      612      399      238      161      497      606      495      645      0        605      560      215      337      744      232      157      475      374      643      441      428      640      88       334      534      733      123      394      637      421      411      273      658      318      245      74       87       499      468      603      144      579      681      587      398      
45       281      486      464      640      546      813      618      715      442      611      219      731      544      481      323      406      137      562      483      570      601      622      815      204      622      477      212      530      728      602      598      517      808      831      561      643      297      217      442      505      642      662      522      684      605      0        149      748      585      783      595      462      261      385      152      903      177      575      666      867      134      532      491      888      202      650      455      822      678      482      801      632      692      455      741      367      704      445      749      701      677      
46       290      342      326      560      416      674      551      568      473      463      124      623      400      362      189      260      159      441      341      422      514      490      697      112      533      401      68       408      579      521      457      377      686      749      458      495      154      242      454      497      503      515      379      535      560      149      0        665      466      634      497      404      125      264      83       795      180      426      604      777      35       389      464      787      90       521      322      740      529      367      721      603      645      311      611      219      633      296      601      556      552      
47       513      686      434      107      356      438      144      541      507      652      544      154      702      339      708      526      823      297      465      658      151      346      238      558      134      270      669      320      632      145      436      435      269      83       224      696      669      567      448      375      408      524      462      561      215      748      665      0        272      642      181      292      554      420      746      227      578      598      128      125      648      722      325      178      726      319      413      75       579      324      57       268      184      495      325      636      72       582      578      485      278      
48       439      415      171      208      84       277      256      302      530      383      366      166      429      104      459      268      624      27       195      386      163      95       230      380      163      203      449      60       383      188      171      163      222      342      83       428      426      469      470      432      160      271      190      310      337      585      466      272      0        407      108      261      341      202      538      332      449      327      303      346      461      450      362      334      504      92       158      333      324      104      327      412      378      228      171      379      288      314      344      250      96       
49       767      331      366      609      352      242      662      105      904      189      605      491      286      433      494      382      745      398      327      234      569      312      451      615      565      595      576      401      56       594      247      313      414      686      490      186      498      770      849      827      247      144      292      109      744      783      634      642      407      0        514      650      534      472      662      561      724      209      705      661      651      312      757      604      608      329      391      678      107      451      684      819      781      341      323      423      680      338      64       159      364      
