
sets
i        orders          /0*80/
k        routes          /1*80/
p        positions       /0*80/
;

alias(i,j)
alias(i,h)
alias(i,hh)
alias(i,jj)
alias(k,kk)
                
                    Parameters

rho(i)	Processing time
/
0	0
1	23
2	70
3	93
4	49
5	28
6	31
7	47
8	6
9	48
10	42
11	46
12	74
13	88
14	82
15	55
16	37
17	53
18	7
19	21
20	25
21	31
22	65
23	96
24	34
25	36
26	22
27	32
28	51
29	96
30	84
31	18
32	14
33	18
34	92
35	1
36	35
37	74
38	23
39	49
40	80
41	1
42	4
43	4
44	28
45	57
46	46
47	73
48	55
49	86
50	63
51	34
52	51
53	45
54	8
55	12
56	76
57	9
58	90
59	67
60	1
61	71
62	22
63	17
64	38
65	35
66	18
67	1
68	48
69	26
70	85
71	8
72	73
73	51
74	25
75	55
76	10
77	39
78	1
79	26
80	3
/

gamma(i)	Duedate
/
0	0
1	23
2	90
3	88
4	95
5	89
6	50
7	54
8	51
9	37
10	73
11	5
12	66
13	78
14	29
15	47
16	42
17	56
18	41
19	52
20	59
21	15
22	61
23	9
24	74
25	10
26	18
27	86
28	57
29	7
30	46
31	68
32	99
33	54
34	24
35	90
36	92
37	65
38	35
39	95
40	85
41	84
42	25
43	27
44	77
45	13
46	46
47	22
48	12
49	46
50	16
51	11
52	1
53	36
54	2
55	73
56	75
57	19
58	1
59	28
60	80
61	97
62	20
63	44
64	28
65	39
66	42
67	81
68	42
69	20
70	60
71	6
72	40
73	5
74	55
75	10
76	6
77	83
78	79
79	52
80	14
/

sigma(i)	Size
/
0	0
1	2
2	4
3	1
4	9
5	4
6	3
7	7
8	9
9	8
10	2
11	8
12	6
13	3
14	8
15	1
16	5
17	1
18	4
19	1
20	2
21	5
22	9
23	9
24	6
25	9
26	9
27	7
28	3
29	1
30	9
31	8
32	7
33	7
34	2
35	7
36	1
37	3
38	3
39	1
40	5
41	3
42	3
43	3
44	3
45	4
46	1
47	5
48	6
49	5
50	2
51	3
52	7
53	7
54	8
55	8
56	3
57	5
58	5
59	5
60	7
61	8
62	1
63	8
64	7
65	7
66	1
67	9
68	6
69	5
70	1
71	5
72	2
73	1
74	4
75	5
76	8
77	4
78	1
79	7
80	7
/

epsilon(i)	Priority
/
0	0
1	1
2	1
3	9
4	3
5	6
6	7
7	2
8	8
9	4
10	5
11	8
12	5
13	2
14	6
15	1
16	5
17	5
18	2
19	3
20	9
21	2
22	8
23	7
24	9
25	4
26	4
27	2
28	1
29	5
30	5
31	6
32	4
33	1
34	2
35	5
36	8
37	5
38	6
39	4
40	7
41	1
42	1
43	4
44	7
45	1
46	4
47	8
48	7
49	1
50	9
51	4
52	1
53	8
54	7
55	7
56	4
57	2
58	5
59	3
60	6
61	8
62	4
63	4
64	4
65	2
66	5
67	7
68	8
69	9
70	9
71	4
72	5
73	2
74	8
75	6
76	9
77	3
78	9
79	2
80	2
/

psi	Vehicle Capacity
/ 34 /
;

Table kappa(i,j)                 Setup
         0        1        2        3        4        5        6        7        8        9        10       11       12       13       14       15       16       17       18       19       20       21       22       23       24       25       26       27       28       29       30       31       32       33       34       35       36       37       38       39       40       41       42       43       44       45       46       47       48       49       50       51       52       53       54       55       56       57       58       59       60       61       62       63       64       65       66       67       68       69       70       71       72       73       74       75       76       77       78       79       80       
0        0        956      906      318      574      129      645      713      269      555      669      790      561      481      761      693      720      569      380      515      133      618      622      536      460      612      540      394      553      857      545      734      825      763      343      845      589      733      885      776      791      541      585      189      315      852      732      1013     506      169      464      277      841      876      167      723      513      930      709      186      439      870      704      324      850      913      573      941      716      388      785      287      428      336      975      472      94       415      858      718      491      
1        956      0        65       784      512      826      507      562      762      594      306      301      519      617      560      296      654      413      702      446      959      689      338      519      579      551      448      583      489      326      488      422      263      230      684      317      504      233      101      200      213      669      526      825      846      106      429      60       726      787      509      735      122      92       879      279      484      90       283      829      655      92       679      679      134      93       500      81       309      618      514      763      656      764      62       710      922      633      109      341      505      
2        906      65       0        723      492      777      442      562      704      577      247      305      456      592      565      234      654      379      641      392      916      680      297      495      549      538      389      543      426      346      462      357      200      215      647      334      487      202      113      138      148      652      509      769      813      57       429      124      662      738      453      678      65       89       837      261      424      48       261      787      592      37       678      622      69       121      480      124      245      582      523      704      594      731      70       646      877      601      49       333      470      
3        318      784      723      0        581      259      361      752      73       609      478      718      292      541      797      490      796      494      85       358      424      718      499      540      486      646      336      379      305      798      528      462      589      649      422      783      595      600      740      585      584      635      603      131      515      678      713      844      188      250      286      95       662      723      400      624      300      733      606      372      146      692      792      127      657      769      572      795      491      418      800      50       139      483      784      155      368      473      675      655      461      
4        574      512      492      581      0        458      577      172      519      85       377      245      509      113      215      410      235      152      542      306      521      205      237      41       113      72       382      205      464      295      60       585      547      281      233      286      15       293      414      424      465      160      25       535      357      437      158      552      659      424      354      490      441      420      440      233      398      536      231      399      540      458      243      456      473      433      14       460      463      188      221      535      532      281      559      621      505      161      459      180      124      
5        129      826      777      259      458      0        541      608      191      450      542      664      453      375      656      568      626      441      297      387      176      530      492      418      344      503      417      268      439      733      423      622      703      634      235      721      473      603      756      648      665      449      471      134      268      723      614      883      437      39       340      187      712      746      141      595      393      802      580      119      349      741      613      220      722      783      455      811      593      269      674      215      337      257      847      398      121      306      729      593      366      
6        645      507      442      361      577      541      0        735      381      646      251      578      90       608      766      236      811      429      277      273      716      775      368      548      542      650      196      455      121      656      517      105      260      472      560      640      584      414      504      319      295      706      603      462      718      416      639      565      233      510      250      368      395      479      660      475      190      433      458      615      215      421      820      322      373      529      563      547      201      513      747      368      224      651      486      231      662      566      401      543      467      
7        713      562      562      752      172      608      735      0        688      158      512      261      673      233      48       542      92       306      714      470      639      152      374      213      270      107      544      373      627      260      231      729      664      351      373      261      160      387      461      532      576      188      149      698      446      514      133      587      831      578      523      659      525      476      562      312      564      610      320      529      712      533      117      628      562      471      183      492      596      345      82       706      704      387      619      793      634      302      540      233      296      
8        269      762      704      73       519      191      381      688      0        541      457      670      301      472      733      474      728      443      111      322      363      648      459      477      419      580      316      314      303      749      468      476      587      609      350      734      532      565      710      566      571      564      539      81       443      656      656      822      246      179      253      30       641      695      331      581      282      718      564      301      170      671      723      83       640      739      510      766      484      349      739      24       159      409      768      208      306      403      655      605      400      
9        555      594      577      609      85       450      646      158      541      0        457      316      572      75       206      491      187      232      580      372      485      128      320      100      123      61       449      231      529      352      133      661      630      364      215      346      90       378      495      509      549      75       68       545      302      522      207      632      707      421      411      514      526      502      406      316      461      621      315      372      586      542      185      488      558      513      99       539      544      193      231      561      577      235      642      667      477      145      544      256      179      
10       669      306      247      478      377      542      251      512      457      457      0        327      229      443      536      34       597      225      397      155      693      582      140      359      384      444      142      339      191      405      324      218      181      221      452      389      378      163      270      109      123      528      400      524      623      200      401      366      437      503      208      431      184      249      619      227      177      263      211      569      352      214      611      375      184      298      362      322      86       390      510      457      353      544      311      415      649      426      198      299      299      
11       790      301      305      718      245      664      578      261      670      316      327      0        541      359      260      349      353      229      654      367      756      394      226      269      344      263      420      396      496      81       249      540      437      112      464      65       233      167      200      305      348      387      251      709      603      263      128      327      736      626      438      640      277      216      673      103      451      353      120      628      629      280      378      592      316      210      239      232      398      406      218      681      625      525      358      705      732      398      290      71       298      
12       561      519      456      292      509      453      90       673      301      572      229      541      0        529      707      227      744      367      206      202      627      700      319      476      463      582      128      371      46       622      448      174      299      444      473      606      517      386      499      321      308      628      534      381      629      420      586      580      208      422      166      285      400      476      570      438      110      456      420      525      146      429      751      236      386      526      495      548      211      429      692      291      152      563      509      190      574      483      410      497      393      
13       481      617      592      541      113      375      608      233      472      75       443      359      529      0        281      477      257      222      517      336      415      179      313      97       66       131      412      169      488      407      130      634      622      387      140      399      126      390      521      509      546      100      113      472      244      535      265      661      649      347      364      445      536      525      335      339      419      633      334      299      528      556      250      423      565      542      121      570      527      123      303      492      519      169      661      608      405      71       555      292      145      
14       761      560      565      797      215      656      766      48       733      206      536      260      707      281      0        565      102      339      756      505      686      187      400      256      317      154      578      419      661      244      271      754      680      360      421      248      202      401      460      547      591      233      193      745      492      521      140      580      870      626      562      704      533      477      609      326      600      614      336      577      752      539      132      671      572      467      225      487      619      392      50       750      744      435      618      833      682      350      548      245      338      
15       693      296      234      490      410      568      236      542      474      491      34       349      227      477      565      0        628      259      407      183      722      615      172      392      418      476      158      371      193      424      358      192      148      239      485      408      411      181      272      95       98       562      433      543      656      193      429      356      435      529      229      449      174      249      648      250      192      244      235      598      359      204      643      392      167      299      395      320      54       423      538      472      360      577      295      416      677      460      186      325      333      
16       720      654      654      796      235      626      811      92       728      187      597      353      744      257      102      628      0        382      767      541      631      107      457      270      310      162      617      418      699      345      296      812      753      443      392      348      227      478      553      622      665      179      210      729      429      607      225      677      891      601      588      701      617      568      560      404      634      702      411      534      770      626      30       675      654      562      249      583      682      379      153      748      762      385      711      851      635      328      633      324      356      
17       569      413      379      494      152      441      429      306      443      232      225      229      367      222      339      259      382      0        438      166      552      357      91       133      171      223      238      177      321      306      98       432      400      196      270      291      156      179      327      286      323      303      177      480      434      321      226      463      537      402      228      413      319      324      470      154      260      417      141      422      422      342      393      367      345      352      137      381      311      206      327      455      416      351      449      502      521      222      338      162      91       
18       380      702      641      85       542      297      277      714      111      580      397      654      206      517      756      407      767      438      0        289      471      697      432      501      457      610      257      349      220      736      485      377      503      578      414      720      554      528      663      503      500      615      565      191      531      598      662      763      144      277      217      110      580      645      433      558      220      649      540      398      62       610      765      97       574      692      531      717      407      396      755      93       54       486      701      103      415      453      593      596      418      
19       515      446      392      358      306      387      273      470      322      372      155      367      202      336      505      183      541      166      289      0        538      501      143      274      271      379      77       199      158      448      245      300      327      291      312      433      314      243      388      261      278      433      331      380      481      340      391      505      373      348      72       294      327      373      465      269      94       415      251      415      263      357      548      239      335      416      292      444      218      255      493      327      258      405      460      340      494      301      344      312      194      
20       133      959      916      424      521      176      716      639      363      485      693      756      627      415      686      722      631      552      471      538      0        525      620      489      413      545      580      376      610      815      506      794      863      748      291      805      536      727      878      795      816      455      527      293      205      859      679      1013     608      205      502      362      852      873      82       704      559      945      693      130      525      878      611      396      866      904      524      933      753      350      716      385      513      251      986      571      56       360      869      685      465      
21       618      689      680      718      205      530      775      152      648      128      582      394      700      179      187      615      107      357      697      501      525      0        443      228      242      143      578      348      657      407      260      788      751      464      301      406      204      488      588      626      667      83       182      640      322      628      267      721      828      508      537      622      635      599      456      420      589      726      423      432      708      648      86       602      669      602      220      626      668      301      233      669      698      282      742      788      531      245      652      348      307      
22       622      338      297      499      237      492      368      374      459      320      140      226      319      313      400      172      457      91       432      143      620      443      0        223      260      304      194      246      274      307      188      355      310      150      350      292      239      110      263      195      232      393      261      509      518      240      270      393      510      453      215      430      235      254      541      126      225      332      108      491      404      260      471      378      257      290      223      319      226      285      379      466      400      436      368      479      584      309      253      178      177      
23       536      519      495      540      41       418      548      213      477      100      359      269      476      97       256      392      270      133      501      274      489      228      223      0        76       109      351      163      432      325      35       561      534      289      198      315      56       293      424      416      455      169      63       493      335      438      195      563      621      384      318      448      440      427      407      241      365      537      236      364      501      459      275      415      470      445      36       473      444      149      263      494      493      255      563      582      470      129      458      200      85       
24       460      579      549      486      113      344      542      270      419      123      384      344      463      66       317      418      310      171      457      271      413      242      260      76       0        162      346      108      422      402      95       569      564      353      121      392      128      347      487      456      491      165      127      428      267      491      271      626      586      312      298      392      490      488      330      305      353      588      297      287      465      512      307      365      516      510      112      539      466      76       331      438      456      185      619      546      393      55       509      273      85       
25       612      551      538      646      72       503      650      107      580      61       444      263      582      131      154      476      162      223      610      379      545      143      304      109      162      0        455      266      537      293      133      655      609      323      269      288      66       345      450      483      525      124      47       590      363      485      147      586      730      472      426      552      492      460      466      277      471      584      280      430      610      506      170      521      526      466      86       491      530      238      172      599      602      295      602      691      536      197      509      209      194      
26       540      448      389      336      382      417      196      544      316      449      142      420      128      412      578      158      617      238      257      77       580      578      194      351      346      455      0        267      82       501      322      230      285      330      378      485      389      276      406      250      256      509      408      385      544      342      458      508      316      380      77       291      326      388      512      317      36       402      299      463      217      356      625      234      324      435      368      460      175      325      563      315      216      471      452      287      532      374      340      372      271      
27       394      583      543      379      205      268      455      373      314      231      339      396      371      169      419      371      418      177      349      199      376      348      246      163      108      266      267      0        334      466      160      497      519      374      114      453      220      351      502      430      458      268      225      330      284      486      352      637      480      230      205      286      480      497      295      331      265      576      319      246      359      505      416      257      498      528      198      557      413      58       427      332      350      206      614      439      343      112      498      325      99       
28       553      489      426      305      464      439      121      627      303      529      191      496      46       488      661      193      699      321      220      158      610      657      274      432      422      537      82       334      0        577      403      183      284      401      440      561      472      344      462      289      281      586      490      381      599      387      540      549      246      406      128      284      368      440      550      393      68       431      375      503      166      397      707      230      357      489      450      512      187      392      646      297      169      531      483      223      559      444      379      452      350      
29       857      326      346      798      295      733      656      260      749      352      405      81       622      407      244      424      345      306      736      448      815      407      307      325      402      293      501      466      577      0        312      614      500      185      524      16       281      242      233      371      413      416      294      785      650      313      146      339      817      696      519      719      331      256      733      184      533      394      202      690      711      327      374      672      371      233      291      248      472      470      195      760      707      576      388      787      795      455      341      144      367      
30       545      488      462      528      60       423      517      231      468      133      324      249      448      130      271      358      296      98       485      245      506      260      188      35       95       133      322      160      403      312      0        528      499      260      214      301      70       260      394      381      420      204      86       490      361      405      192      534      600      388      293      438      406      397      423      212      338      503      205      379      481      426      303      401      435      416      47       445      410      158      272      483      473      280      531      562      483      150      425      178      67       
31       734      422      357      462      585      622      105      729      476      661      218      540      174      634      754      192      812      432      377      300      794      788      355      561      569      655      230      497      183      614      528      0        163      429      608      598      588      372      434      251      217      727      610      556      774      342      620      477      338      589      301      460      319      408      732      442      240      342      427      685      315      342      824      409      291      457      570      472      142      554      729      465      323      701      394      337      742      602      322      517      488      
32       825      263      200      589      547      703      260      664      587      630      181      437      299      622      680      148      753      400      503      327      863      751      310      534      564      609      285      519      284      500      499      163      0        325      633      486      546      278      292      133      89       703      569      662      804      197      540      315      491      665      362      566      176      265      792      354      312      179      343      742      446      192      771      510      140      311      532      321      110      571      646      581      451      725      231      484      816      607      173      434      479      
33       763      230      215      649      281      634      472      351      609      364      221      112      444      387      360      239      443      196      578      291      748      464      150      289      353      323      330      374      401      185      260      429      325      0        463      169      274      58       134      192      236      439      296      659      620      164      220      274      645      594      363      580      174      138      667      48       364      262      55       618      546      184      465      528      212      157      269      186      287      400      322      617      544      538      279      618      717      407      189      118      285      
34       343      684      647      422      233      235      560      373      350      215      452      464      473      140      421      485      392      270      414      312      291      301      350      198      121      269      378      114      440      524      214      608      633      463      0        514      248      450      597      540      570      218      242      339      170      590      391      734      554      208      311      327      586      594      209      418      373      682      408      166      438      610      381      316      607      621      233      650      528      65       442      372      427      93       718      513      272      72       604      393      179      
35       845      317      334      783      286      721      640      261      734      346      389      65       606      399      248      408      348      291      720      433      805      406      292      315      392      288      485      453      561      16       301      598      486      169      514      0        272      226      222      356      399      412      286      772      643      300      141      333      801      684      504      704      317      244      723      167      517      383      186      679      695      315      376      657      357      224      282      241      456      459      200      745      691      567      379      771      784      445      328      130      354      
36       589      504      487      595      15       473      584      160      532      90       378      233      517      126      202      411      227      156      554      314      536      204      239      56       128      66       389      220      472      281      70       588      546      274      248      272      0        288      406      422      463      165      23       549      370      432      143      544      670      439      364      503      436      412      454      226      407      531      225      414      551      452      236      469      469      424      22       451      465      203      207      549      543      295      552      632      520      176      454      169      135      
37       733      233      202      600      293      603      414      387      565      378      163      167      386      390      401      181      478      179      528      243      727      488      110      293      347      345      276      351      344      242      260      372      278      58       450      226      288      0        152      145      189      453      311      618      613      145      261      285      589      563      314      536      148      145      647      75       311      244      66       597      493      166      498      482      181      180      280      208      231      385      368      570      491      530      271      563      693      400      166      156      271      
38       885      101      113      740      414      756      504      461      710      495      270      200      499      521      460      272      553      327      663      388      878      588      263      424      487      450      406      502      462      233      394      434      292      134      597      222      406      152      0        185      217      570      427      767      755      95       328      139      707      716      457      682      116      27       797      183      443      161      189      748      622      101      578      627      152      28       403      56       302      532      415      714      622      673      158      685      845      542      120      240      417      
39       776      200      138      585      424      648      319      532      566      509      109      305      321      509      547      95       622      286      503      261      795      626      195      416      456      483      250      430      289      371      381      251      133      192      540      356      422      145      185      0        44       584      445      633      710      99       407      260      529      609      317      541      79       160      718      221      285      154      211      668      454      108      641      484      74       210      410      229      117      476      513      566      456      629      202      511      753      504      90       301      372      
40       791      213      148      584      465      665      295      576      571      549      123      348      308      546      591      98       665      323      500      278      816      667      232      455      491      525      256      458      281      413      420      217      89       236      570      399      463      189      217      44       0        623      486      641      741      124      451      272      514      626      328      546      102      190      742      265      289      149      255      692      448      126      684      490      78       239      450      255      97       506      557      569      451      660      201      499      773      538      106      345      407      
41       541      669      652      635      160      449      706      188      564      75       528      387      628      100      233      562      179      303      615      433      455      83       393      169      165      124      509      268      586      416      204      727      703      439      218      412      165      453      570      584      623      0        143      557      258      598      271      707      748      425      464      539      602      578      382      392      518      697      391      355      628      618      164      520      633      587      174      613      614      219      270      585      618      206      718      707      456      162      619      330      239      
42       585      526      509      603      25       471      603      149      539      68       400      251      534      113      193      433      210      177      565      331      527      182      261      63       127      47       408      225      490      294      86       610      569      296      242      286      23       311      427      445      486      143      0        553      356      454      152      565      684      439      379      511      459      434      446      248      424      553      248      407      564      475      217      478      492      445      39       471      487      203      204      557      556      282      574      645      513      170      477      189      148      
43       189      825      769      131      535      134      462      698      81       545      524      709      381      472      745      543      729      480      191      380      293      640      509      493      428      590      385      330      381      785      490      556      662      659      339      772      549      618      767      633      641      557      553      0        401      719      682      885      318      138      316      97       705      754      274      626      353      787      610      253      251      735      720      152      708      796      529      823      557      353      756      98       240      381      835      283      236      401      720      641      425      
44       315      846      813      515      357      268      718      446      443      302      623      603      629      244      492      656      429      434      531      481      205      322      518      335      267      363      544      284      599      650      361      774      804      620      170      643      370      613      755      710      741      258      356      401      0        755      507      893      676      265      473      428      753      755      148      572      535      850      565      148      569      776      408      437      775      777      364      806      698      234      527      467      557      82       883      635      221      212      771      535      342      
45       852      106      57       678      437      723      416      514      656      522      200      263      420      535      521      193      607      321      598      340      859      628      240      438      491      485      342      486      387      313      405      342      197      164      590      300      432      145      95       99       124      598      454      719      755      0        383      166      628      683      403      629      22       67       780      208      378      98       206      730      551      20       629      573      58       115      424      131      215      524      481      657      553      673      128      610      821      544      27       283      413      
46       732      429      429      713      158      614      639      133      656      207      401      128      586      265      140      429      225      226      662      391      679      267      270      195      271      147      458      352      540      146      192      620      540      220      391      141      143      261      328      407      451      271      152      682      507      383      0        456      764      579      454      626      394      343      598      186      484      477      197      557      649      401      250      586      432      338      159      361      482      344      109      671      643      435      486      729      664      320      409      105      257      
47       1013     60       124      844      552      883      565      587      822      632      366      327      580      661      580      356      677      463      763      505      1013     721      393      563      626      586      508      637      549      339      534      477      315      274      734      333      544      285      139      260      272      707      565      885      893      166      456      0        786      844      569      795      182      139      932      322      544      137      328      883      715      152      704      739      193      119      542      94       369      669      533      823      717      812      90       770      977      681      170      376      555      
48       506      726      662      188      659      437      233      831      246      707      437      736      208      649      870      435      891      537      144      373      608      828      510      621      586      730      316      480      246      817      600      338      491      645      554      801      670      589      707      529      514      748      684      318      676      628      764      786      0        421      309      252      608      684      576      634      284      659      616      543      120      636      892      240      592      734      647      756      416      531      864      223      130      630      712      41       552      588      617      685      536      
49       169      787      738      250      424      39       510      578      179      421      503      626      422      347      626      529      601      402      277      348      205      508      453      384      312      472      380      230      406      696      388      589      665      594      208      684      439      563      716      609      626      425      439      138      265      683      579      844      421      0        303      168      673      706      156      556      357      763      541      122      325      701      589      194      683      743      420      772      556      236      643      203      313      243      807      381      153      276      690      555      329      
