

sets
i        orders          /0*5/
k        routes          /1*5/
p        positions       /0*5/
;

alias(i,j)
alias(i,h)
alias(i,hh)
alias(i,jj)
alias(k,kk)
                            Parameters

rho(i)	Processing time
/
0	0
1	36
2	88
3	8
4	51
5	93
/

gamma(i)	Duedate
/
0	0
1	55
2	45
3	66
4	54
5	24
/

sigma(i)	Size
/
0	0
1	6
2	9
3	5
4	7
5	2
/

epsilon(i)	Priority
/
0	0
1	3
2	6
3	5
4	6
5	3
/

psi	Vehicle Capacity
/ 106 /
;

Table kappa(i,j)                 Setup
         0        1        2        3        4        5        
0        0        46       25       42       31       30       
1        46       0        22       4        34       74       
2        25       22       0        20       31       56       
3        42       4        20       0        30       70       
4        31       34       31       30       0        48       
5        30       74       56       70       48       0        
;



Table delta(i,j)                 Distance
         0        1        2        3        4        5        
0        0        2070     5040     2790     4410     1050     
1        2070     0        167      70       165      50       
2        5040     167      0        97       46       188      
3        2790     70       97       0        103      101      
4        4410     165      46       103      0        174      
5        1050     50       188      101      174      0        
;

