
sets
i        orders          /0*80/
k        routes          /1*80/
p        positions       /0*80/
;

alias(i,j)
alias(i,h)
alias(i,hh)
alias(i,jj)
alias(k,kk)
                
                    Parameters

rho(i)	Processing time
/
0	0
1	4
2	80
3	96
4	43
5	6
6	84
7	14
8	73
9	13
10	36
11	31
12	93
13	89
14	95
15	2
16	90
17	18
18	70
19	52
20	83
21	13
22	21
23	74
24	32
25	27
26	86
27	43
28	10
29	18
30	45
31	76
32	1
33	30
34	94
35	64
36	30
37	30
38	84
39	26
40	95
41	62
42	22
43	36
44	17
45	97
46	75
47	62
48	61
49	16
50	81
51	84
52	98
53	27
54	89
55	41
56	41
57	11
58	57
59	23
60	90
61	43
62	38
63	92
64	7
65	35
66	28
67	39
68	20
69	45
70	59
71	88
72	69
73	83
74	97
75	85
76	98
77	68
78	77
79	63
80	46
/

gamma(i)	Duedate
/
0	0
1	85
2	48
3	7
4	31
5	46
6	16
7	79
8	40
9	59
10	87
11	47
12	21
13	5
14	38
15	5
16	51
17	20
18	17
19	6
20	90
21	43
22	78
23	91
24	24
25	76
26	6
27	43
28	17
29	82
30	8
31	24
32	16
33	68
34	12
35	25
36	50
37	1
38	72
39	19
40	79
41	18
42	36
43	98
44	80
45	2
46	61
47	44
48	25
49	68
50	22
51	1
52	91
53	29
54	81
55	74
56	41
57	70
58	21
59	96
60	74
61	51
62	81
63	78
64	35
65	24
66	92
67	7
68	39
69	5
70	57
71	36
72	56
73	83
74	39
75	55
76	83
77	66
78	53
79	14
80	1
/

sigma(i)	Size
/
0	0
1	2
2	9
3	7
4	4
5	9
6	4
7	9
8	9
9	7
10	4
11	8
12	1
13	1
14	7
15	1
16	6
17	2
18	4
19	8
20	6
21	8
22	7
23	5
24	8
25	8
26	3
27	4
28	4
29	3
30	7
31	3
32	8
33	8
34	3
35	9
36	9
37	2
38	7
39	5
40	2
41	4
42	6
43	6
44	5
45	2
46	1
47	2
48	2
49	2
50	9
51	5
52	8
53	6
54	7
55	6
56	8
57	9
58	4
59	6
60	6
61	6
62	4
63	2
64	8
65	7
66	8
67	9
68	7
69	8
70	9
71	4
72	4
73	3
74	7
75	9
76	2
77	2
78	6
79	9
80	7
/

epsilon(i)	Priority
/
0	0
1	7
2	5
3	4
4	6
5	8
6	1
7	5
8	7
9	8
10	8
11	1
12	7
13	8
14	3
15	2
16	5
17	3
18	1
19	5
20	8
21	3
22	5
23	2
24	3
25	2
26	9
27	4
28	6
29	6
30	2
31	5
32	6
33	9
34	5
35	5
36	4
37	5
38	6
39	5
40	5
41	8
42	5
43	9
44	8
45	2
46	8
47	6
48	9
49	6
50	6
51	2
52	6
53	1
54	2
55	1
56	9
57	9
58	3
59	1
60	7
61	8
62	3
63	1
64	2
65	4
66	9
67	3
68	2
69	6
70	1
71	6
72	5
73	3
74	8
75	5
76	1
77	7
78	1
79	7
80	3
/

psi	Vehicle Capacity
/ 27 /
;

Table kappa(i,j)                 Setup
         0        1        2        3        4        5        6        7        8        9        10       11       12       13       14       15       16       17       18       19       20       21       22       23       24       25       26       27       28       29       30       31       32       33       34       35       36       37       38       39       40       41       42       43       44       45       46       47       48       49       50       51       52       53       54       55       56       57       58       59       60       61       62       63       64       65       66       67       68       69       70       71       72       73       74       75       76       77       78       79       80       
0        0        1577     720      1204     871      1400     1685     449      1289     567      558      675      1098     741      997      269      164      355      222      294      555      1629     619      1167     427      1145     402      625      795      1150     432      1158     949      898      274      1246     574      1605     1047     905      976      951      1348     356      1335     904      1539     1130     1104     661      496      1263     402      1209     1228     423      1360     502      1402     773      317      1437     945      783      920      249      587      433      1032     858      1329     820      1134     1246     459      932      525      763      1028     1151     74       
1        1577     0        975      1043     1244     1182     227      1128     1178     1171     1207     1496     1137     962      601      1318     1454     1342     1659     1480     1444     88       1507     899      1229     1377     1491     952      923      502      1293     1165     645      712      1634     336      1463     59       863      1061     739      1270     806      1769     1301     693      57       484      1126     932      1532     1409     1950     819      845      1292     747      1552     176      1142     1869     671      641      1398     679      1655     994      1349     703      1181     767      1181     442      985      1251     1117     1153     1444     1391     431      1650     
2        720      975      0        550      998      1357     1026     355      1274     673      232      1036     496      627      382      458      667      399      726      531      919      1047     1008     1014     297      668      521      325      650      483      333      561      513      273      898      646      491      986      336      280      267      1076     1118     1026     1374     304      925      658      1103     194      556      766      1122     496      1035     336      1098     967      818      238      1037     1125     366      1042     510      714      255      748      734      333      1080     306      578      570      660      343      201      516      602      557      792      
3        1204     1043     550      0        1526     1810     970      904      1744     1219     645      1586     142      1140     673      970      1189     849      1134     943      1469     1132     1558     1456     787      348      874      859      1151     614      771      131      913      634      1422     820      737      1022     262      299      463      1599     1508     1541     1855     671      986      977      1591     729      841      365      1593     224      1456     780      1471     1515     957      431      1511     1463     713      1585     929      1111     801      1298     1153     362      1465     396      840      72       1211     276      696      600      403      780      1267     
4        871      1244     998      1526     0        539      1443     705      427      357      1052     318      1493     388      930      803      711      971      1082     1039     359      1248     360      426      920      1660     1137     673      389      1084     1002     1557     698      915      706      1020     1260     1296     1272     1278     1086     85       620      792      464      885      1236     785      256      805      1238     1763     1041     1395     503      992      661      474      1089     1214     992      765      868      175      666      1103     747      438      543      1318     624      1284     899      1527     437      1341     953      1400     1578     961      909      
5        1400     1182     1357     1810     539      0        1409     1150     112      846      1477     832      1816     754      1142     1291     1237     1443     1603     1534     896      1148     884      354      1369     2019     1620     1052     717      1248     1458     1874     897      1178     1245     1100     1719     1241     1548     1621     1346     471      375      1327     155      1140     1200     869      295      1168     1715     2108     1577     1632     367      1449     434      1006     1083     1593     1530     522      1097     682      881      1621     1139     969      658      1690     416      1663     1015     1791     947      1689     1376     1830     1959     1085     1443     
6        1685     227      1026     970      1443     1409     0        1238     1402     1333     1256     1677     1084     1133     688      1419     1577     1416     1741     1552     1614     283      1683     1118     1305     1317     1547     1071     1099     545      1357     1099     798      790      1773     454      1494     168      839      1052     766      1475     1033     1909     1526     782      212      662      1342     1026     1574     1329     2073     755      1066     1359     974      1716     353      1154     1989     899      741      1589     834      1733     1098     1503     899      1173     993      1180     580      904      1402     1098     1220     1447     1350     544      1760     
7        449      1128     355      904      705      1150     1238     0        1051     352      348      689      837      400      552      196      344      299      554      414      567      1181     657      847      220      971      480      179      445      711      308      902      510      458      562      796      569      1155     688      619      566      789      999      696      1132     459      1089     691      866      224      569      1081     835      843      891      299      997      611      953      527      751      1057     497      713      484      558      142      394      638      632      971      595      686      926      313      672      250      695      880      701      523      
8        1289     1178     1274     1744     427      112      1402     1051     0        740      1384     721      1743     660      1082     1187     1127     1342     1494     1429     784      1152     772      302      1272     1940     1518     963      627      1199     1360     1802     834      1110     1132     1065     1621     1237     1482     1543     1281     360      382      1215     124      1072     1191     827      188      1083     1614     2032     1466     1573     337      1351     442      895      1065     1508     1418     541      1033     571      815      1513     1049     858      600      1607     416      1578     971      1728     839      1611     1283     1737     1876     1040     1332     
9        567      1171     673      1219     357      846      1333     352      740      0        700      379      1169     214      708      450      403      615      759      691      286      1200     366      600      563      1319     784      362      262      876      645      1234     534      658      494      880      903      1212     978      951      814      442      785      620      804      638      1147     687      551      490      884      1427     839      1119     664      635      803      383      997      873      770      888      643      368      499      776      418      184      514      978      770      942      753      1230     109      1010     602      1044     1231     797      621      
10       558      1207     232      645      1052     1477     1256     348      1384     700      0        1019     545      723      609      336      554      205      516      318      892      1277     980      1153     154      637      291      428      760      715      127      607      703      498      783      876      272      1218     504      346      492      1136     1281     898      1471     525      1157     865      1202     336      325      751      952      664      1186     135      1268     911      1048     217      868      1308     585      1057     692      500      339      716      899      312      1247     272      800      688      650      377      101      353      537      785      623      
11       675      1496     1036     1586     318      832      1677     689      721      379      1019     0        1526     547      1083     706      541      882      897      910      129      1512     58       740      868      1655     1019     738      577      1249     935      1591     888      1037     446      1232     1170     1543     1353     1308     1192     363      936      503      726      1015     1480     1016     569      862      1123     1767     754      1496     816      924      974      188      1329     1214     716      1077     1017     150      852      924      785      303      797      1319     938      1281     1105     1602     376      1362     930      1336     1556     1156     692      
12       1098     1137     496      142      1493     1816     1084     837      1743     1169     545      1526     0        1115     701      879      1098     743      1012     826      1405     1225     1494     1464     695      240      749      820      1132     675      666      65       925      640      1328     885      604      1121     292      218      484      1570     1534     1443     1849     680      1080     1013     1581     688      709      297      1479     328      1471     676      1502     1441     1035     328      1398     1504     730      1538     936      988      751      1231     1165     240      1492     278      885      213      1149     168      609      459      269      831      1158     
13       741      962      627      1140     388      754      1133     400      660      214      723      547      1115     0        550      563      584      698      909      803      482      988      550      449      617      1295     879      305      53       712      706      1177     340      527      705      684      966      1006     884      904      698      458      613      833      751      498      941      478      480      432      969      1393     1046     1007     498      698      620      590      790      854      974      695      486      484      305      921      389      398      302      956      590      925      558      1139     312      970      622      1077     1222     609      804      
14       997      601      382      673      930      1142     688      552      1082     708      609      1083     701      550      0        731      894      741      1061     878      994      669      1074     787      628      929      889      392      541      168      691      752      249      111      1100     267      873      619      415      544      216      991      836      1236     1198     94       555      313      943      338      935      999      1387     491      783      690      801      1080     438      583      1303     803      65       1034     273      1056     410      856      484      649      793      637      201      649      754      612      552      884      901      175      1072     
15       269      1318     458      970      803      1291     1419     196      1187     450      336      706      879      563      731      0        219      176      358      242      577      1374     662      1011     184      967      334      374      613      881      231      942      706      629      451      984      466      1343     791      672      708      888      1175     572      1255     637      1278     887      999      393      434      1083     669      952      1062     220      1178     581      1144     551      584      1243     681      769      680      365      323      406      826      648      1150     609      877      1006     367      710      275      629      861      888      343      
16       164      1454     667      1189     711      1237     1577     344      1127     403      554      541      1098     584      894      219      0        372      371      372      415      1501     489      1004     403      1179     483      506      637      1054     441      1161     816      802      232      1129     643      1486     1003     891      904      793      1186     359      1176     802      1419     994      941      567      585      1295     496      1163     1066     430      1200     387      1278     770      414      1279     836      635      785      393      486      274      879      865      1168     826      1012     1223     295      929      493      822      1068     1035     220      
17       355      1342     399      849      971      1443     1416     299      1342     615      205      882      743      698      741      176      372      0        327      137      753      1406     837      1146     113      807      181      451      744      871      77       804      774      631      593      1006     291      1360     705      551      666      1056     1298     701      1416     649      1297     950      1155     415      272      924      747      866      1191     69       1295     751      1174     418      663      1350     703      944      754      317      375      582      931      505      1269     466      914      893      539      577      197      455      696      911      418      
18       222      1659     726      1134     1082     1603     1741     554      1494     759      516      897      1012     909      1061     358      371      327      0        198      777      1719     842      1350     435      1015     263      730      961      1197     395      1066     1062     953      485      1323     428      1680     1021     846      993      1164     1522     536      1546     967      1616     1243     1307     726      330      1132     482      1179     1406     390      1529     724      1488     707      409      1597     1018     1003     1038     31       669      645      1182     773      1499     738      1223     1186     655      857      525      616      894      1227     223      
19       294      1480     531      943      1039     1534     1552     414      1429     691      318      910      826      803      878      242      372      137      198      0        782      1543     860      1251     250      854      111      578      851      1007     198      883      906      768      562      1144     281      1498     822      651      798      1124     1411     650      1495     786      1434     1083     1241     551      213      972      653      981      1300     194      1411     759      1312     513      573      1470     840      991      885      183      506      623      1052     586      1384     549      1050     993      602      667      332      468      736      1049     340      
20       555      1444     919      1469     359      896      1614     567      784      286      892      129      1405     482      994      577      415      753      777      782      0        1467     89       754      740      1529     890      633      521      1162     806      1470     817      939      350      1163     1040     1488     1241     1187     1089     426      950      433      807      921      1423     960      615      752      994      1641     682      1388     827      795      982      121      1273     1090     633      1080     929      231      781      802      672      175      760      1194     946      1156     1036     1487     259      1239     805      1207     1429     1082     579      
21       1629     88       1047     1132     1248     1148     283      1181     1152     1200     1277     1512     1225     988      669      1374     1501     1406     1719     1543     1467     0        1526     883      1293     1465     1559     1003     946      581      1359     1252     685      780      1673     401      1537     128      948      1144     818      1268     774      1807     1274     758      146      514      1114     993      1603     1497     1995     908      824      1359     714      1578     231      1221     1915     629      703      1408     718      1717     1051     1381     714      1263     737      1262     496      1074     1285     1201     1220     1524     1476     495      1702     
22       619      1507     1008     1558     360      884      1683     657      772      366      980      58       1494     550      1074     662      489      837      842      860      89       1526     0        777      827      1617     970      719      584      1242     892      1559     889      1023     388      1234     1123     1553     1329     1276     1175     413      973      447      781      1004     1489     1025     615      839      1073     1730     698      1476     852      881      1009     130      1338     1179     659      1110     1009     201      853      869      760      264      814      1283     973      1245     1107     1576     348      1329     894      1291     1516     1156     635      
23       1167     899      1014     1456     426      354      1118     847      302      600      1153     740      1464     449      787      1011     1004     1146     1350     1251     754      883      777      0        1060     1671     1327     725      402      898      1150     1521     542      825      1070     763      1407     956      1194     1272     992      414      196      1178     425      786      906      525      231      831      1416     1757     1417     1278     76       1142     234      875      773      1252     1356     339      742      602      528      1364     813      763      303      1347     198      1321     669      1436     710      1341     1054     1503     1616     738      1222     
24       427      1229     297      787      920      1369     1305     220      1272     563      154      868      695      617      628      184      403      113      435      250      740      1293     827      1060     0        791      281      349      660      761      89       758      665      519      635      893      349      1248     619      488      561      1004     1204     754      1352     536      1184     840      1086     303      358      905      829      781      1101     81       1198     757      1061     367      744      1249     589      912      647      428      268      564      831      465      1174     426      801      824      504      526      98       480      689      798      497      
25       1145     1377     668      348      1660     2019     1317     971      1940     1319     637      1655     240      1295     929      967      1179     807      1015     854      1529     1465     1617     1671     791      0        757      991      1319     914      738      217      1141     858      1400     1124     587      1360     530      399      714      1740     1754     1501     2042     897      1320     1242     1771     863      688      117      1497     563      1684     749      1725     1547     1275     446      1422     1732     952      1685     1148     987      913      1353     1378     341      1713     377      1119     418      1282     330      724      402      122      1067     1195     
26       402      1491     521      874      1137     1620     1547     480      1518     784      291      1019     749      879      889      334      483      181      263      111      890      1559     970      1327     281      757      0        630      925      1004     201      803      946      778      673      1157     173      1504     780      592      783      1222     1479     756      1589     801      1443     1120     1330     580      103      874      741      934      1372     204      1475     870      1327     454      665      1529     858      1096     929      238      550      729      1111     512      1450     478      1072     928      701      598      338      363      636      1064     442      
27       625      952      325      859      673      1052     1071     179      963      362      428      738      820      305      392      374      506      451      730      578      633      1003     719      725      349      991      630      0        335      558      436      884      332      314      707      623      686      981      616      605      456      751      858      843      1057     305      915      513      786      131      707      1091     1002     757      759      430      850      704      776      549      920      899      331      726      308      733      88       477      482      651      826      620      509      868      378      668      329      779      917      529      699      
28       795      923      650      1151     389      717      1099     445      627      262      760      577      1132     53       541      613      637      744      961      851      521      946      584      402      660      1319     925      335      0        697      749      1194     316      529      756      656      1008     968      893      924      701      453      562      882      723      497      904      440      452      457      1014     1414     1098     1009     448      741      568      632      754      882      1026     642      478      502      282      972      422      447      251      982      538      952      530      1147     363      991      659      1113     1250     585      857      
29       1150     502      483      614      1084     1248     545      711      1199     876      715      1249     675      712      168      881      1054     871      1197     1007     1162     581      1242     898      761      914      1004     558      697      0        813      716      388      252      1265     209      964      506      384      566      236      1140     915      1400     1319     253      448      381      1074     490      1037     967      1545     402      882      814      872      1249     367      640      1460     854      234      1196     418      1189     568      1025     601      683      871      681      236      574      923      626      675      943      909      169      1225     
30       432      1293     333      771      1002     1458     1357     308      1360     645      127      935      666      706      691      231      441      77       395      198      806      1359     892      1150     89       738      201      436      749      813      0        728      746      580      666      958      261      1308     630      473      600      1087     1293     777      1439     601      1246     918      1174     379      271      854      824      790      1190     11       1286     813      1128     340      741      1335     657      988      730      381      353      632      919      429      1262     390      871      815      580      500      139      403      629      864      496      
31       1158     1165     561      131      1557     1874     1099     902      1802     1234     607      1591     65       1177     752      942      1161     804      1066     883      1470     1252     1559     1521     758      217      803      884      1194     716      728      0        981      696      1391     924      652      1146     338      283      536      1633     1587     1505     1909     736      1107     1063     1642     752      758      250      1537     346      1527     738      1554     1506     1069     391      1456     1553     784      1603     993      1041     816      1296     1221     299      1545     338      932      203      1214     232      674      497      276      876      1217     
32       949      645      513      913      698      897      798      510      834      534      703      888      925      340      249      706      816      774      1062     906      817      685      889      542      665      1141     946      332      316      388      746      981      0        285      989      345      975      682      651      744      449      752      613      1124     949      245      616      181      694      370      1014     1221     1309     740      545      742      587      918      468      747      1229     611      199      818      35       1065     399      707      240      832      573      811      218      895      607      813      619      1028     1097     269      1021     
33       898      712      273      634      915      1178     790      458      1110     658      498      1037     640      527      111      629      802      631      953      768      939      780      1023     825      519      858      778      314      529      252      580      696      285      0        1016     378      764      729      372      463      173      982      896      1151     1221     39       666      397      958      237      824      936      1292     480      830      580      867      1017     549      485      1207     880      98       1002     297      947      315      790      524      559      855      543      305      622      689      532      441      782      819      286      972      
34       274      1634     898      1422     706      1245     1773     562      1132     494      783      446      1328     705      1100     451      232      593      485      562      350      1673     388      1070     635      1400     673      707      756      1265     666      1391     989      1016     0        1320     843      1671     1235     1123     1128     776      1263     136      1157     1011     1604     1159     958      786      770      1517     347      1394     1140     656      1287     259      1458     1000     287      1377     1039     579      956      515      703      312      1007     1094     1253     1055     1198     1456     394      1160     726      1029     1286     1229     263      
35       1246     336      646      820      1020     1100     454      796      1065     880      876      1232     885      684      267      984      1129     1006     1323     1144     1163     401      1234     763      893      1124     1157     623      656      209      958      924      345      378      1320     0        1137     359      593      769      432      1064     746      1456     1188     357      293      243      964      597      1202     1175     1626     602      733      957      697      1263     172      831      1543     665      305      1155     381      1319     661      1049     490      883      701      878      127      776      947      831      819      1135     1117     96       1320     
36       574      1463     491      737      1260     1719     1494     569      1621     903      272      1170     604      966      873      466      643      291      428      281      1040     1537     1123     1407     349      587      173      686      1008     964      261      652      975      764      843      1137     0        1470     685      479      730      1345     1544     929      1700     793      1411     1137     1435     606      105      704      910      828      1445     270      1534     1030     1309     349      835      1578     854      1236     963      400      599      872      1165     378      1512     351      1069     797      831      468      359      189      466      1049     616      
37       1605     59       986      1022     1296     1241     168      1155     1237     1212     1218     1543     1121     1006     619      1343     1486     1360     1680     1498     1488     128      1553     956      1248     1360     1504     981      968      506      1308     1146     682      729      1671     359      1470     0        853      1056     741      1323     866      1806     1360     712      66       528      1183     954      1542     1387     1982     799      903      1309     807      1595     215      1144     1900     730      663      1448     717      1675     1020     1389     753      1177     826      1179     473      962      1290     1110     1169     1444     1379     454      1679     
38       1047     863      336      262      1272     1548     839      688      1482     978      504      1353     292      884      415      791      1003     705      1021     822      1241     948      1329     1194     619      530      780      616      893      384      630      338      651      372      1235     593      685      853      0        214      202      1343     1251     1362     1593     409      806      724      1329     490      779      588      1447     161      1195     636      1216     1298     748      335      1363     1214     452      1341     667      1004     569      1075     892      334      1208     346      594      254      982      258      521      610      529      539      1116     
39       905      1061     280      299      1278     1621     1052     619      1543     951      346      1308     218      904      544      672      891      551      846      651      1187     1144     1276     1272     488      399      592      605      924      566      473      283      744      463      1123     769      479      1056     214      0        338      1356     1357     1242     1646     502      1005     855      1376     473      577      490      1297     349      1285     482      1330     1225     933      138      1214     1342     559      1320     750      826      534      1013     979      121      1317     132      742      342      931      69       398      395      357      699      969      
40       976      739      267      463      1086     1346     766      566      1281     814      492      1192     484      698      216      708      904      666      993      798      1089     818      1175     992      561      714      783      456      701      236      600      536      449      173      1128     432      730      741      202      338      0        1154     1050     1261     1393     209      685      529      1131     345      808      782      1377     309      993      604      1017     1157     599      403      1292     1019     250      1167     465      982      430      931      689      451      1008     446      407      449      833      403      468      706      692      360      1049     
41       951      1270     1076     1599     85       471      1475     789      360      442      1136     363      1570     458      991      888      793      1056     1164     1124     426      1268     413      414      1004     1740     1222     751      453      1140     1087     1633     752      982      776      1064     1345     1323     1343     1356     1154     0        599      855      385      950      1266     824      209      882      1323     1842     1106     1463     489      1077     645      535      1121     1295     1059     752      930      213      722      1186     827      519      577      1399     609      1365     946      1598     522      1420     1036     1484     1660     1009     988      
42       1348     806      1118     1508     620      375      1033     999      382      785      1281     936      1534     613      836      1175     1186     1298     1522     1411     950      774      973      196      1204     1754     1479     858      562      915      1293     1587     613      896      1263     746      1544     866      1251     1357     1050     599      0        1373     501      856      825      534      398      949      1563     1831     1611     1313     123      1286     60       1071     712      1355     1548     162      803      795      609      1534     945      954      384      1443     44       1421     679      1480     895      1427     1186     1624     1710     746      1406     
43       356      1769     1026     1541     792      1327     1909     696      1215     620      898      503      1443     833      1236     572      359      701      536      650      433      1807     447      1178     754      1501     756      843      882      1400     777      1505     1124     1151     136      1456     929      1806     1362     1242     1261     855      1373     0        1228     1147     1739     1292     1049     920      847      1618     251      1522     1250     767      1401     320      1593     1115     219      1493     1175     648      1090     568      837      435      1134     1206     1365     1167     1333     1578     523      1275     848      1118     1384     1365     317      
44       1335     1301     1374     1855     464      155      1526     1132     124      804      1471     726      1849     751      1198     1255     1176     1416     1546     1495     807      1274     781      425      1352     2042     1589     1057     723      1319     1439     1909     949      1221     1157     1188     1700     1360     1593     1646     1393     385      501      1228     0        1184     1315     949      271      1180     1687     2136     1479     1689     461      1429     561      909      1189     1605     1438     657      1147     581      928      1567     1141     902      718      1706     537      1676     1093     1842     896      1713     1370     1824     1973     1162     1373     
45       904      693      304      671      885      1140     782      459      1072     638      525      1015     680      498      94       637      802      649      967      786      921      758      1004     786      536      897      801      305      497      253      601      736      245      39       1011     357      793      712      409      502      209      950      856      1147     1184     0        648      359      922      244      850      976      1294     513      791      600      827      1002     527      522      1210     841      62       977      258      962      317      777      485      597      815      581      275      658      675      572      462      816      858      263      978      
46       1539     57       925      986      1236     1200     212      1089     1191     1147     1157     1480     1080     941      555      1278     1419     1297     1616     1434     1423     146      1489     906      1184     1320     1443     915      904      448      1246     1107     616      666      1604     293      1411     66       806      1005     685      1266     825      1739     1315     648      0        464      1130     890      1482     1351     1916     762      855      1246     767      1529     150      1088     1834     696      598      1387     651      1611     954      1323     693      1125     784      1126     407      928      1224     1061     1106     1390     1334     389      1613     
47       1130     484      658      977      785      869      662      691      827      687      865      1016     1013     478      313      887      994      950      1243     1083     960      514      1025     525      840      1242     1120     513      440      381      918      1063     181      397      1159     243      1137     528      724      855      529      824      534      1292     949      359      464      0        721      539      1182     1311     1485     778      502      915      494      1068     313      881      1406     490      298      927      209      1245     577      867      248      956      490      940      146      946      770      924      787      1174     1213     215      1201     
48       1104     1126     1103     1591     256      295      1342     866      188      551      1202     569      1581     480      943      999      941      1155     1307     1241     615      1114     615      231      1086     1771     1330     786      452      1074     1174     1642     694      958      958      964      1435     1183     1329     1376     1131     209      398      1049     271      922      1130     721      0        909      1427     1866     1297     1432     300      1164     449      731      993      1334     1245     556      889      420      670      1326     870      675      477      1435     414      1405     858      1580     651      1443     1100     1555     1702     925      1149     
49       661      932      194      729      805      1168     1026     224      1083     490      336      862      688      432      338      393      567      415      726      551      752      993      839      831      303      863      580      131      457      490      379      752      370      237      786      597      606      954      490      473      345      882      949      920      1180     244      890      539      909      0        644      961      1055     637      858      376      934      814      762      425      970      972      291      856      357      723      84       589      565      525      913      495      498      740      493      538      249      675      793      501      735      
