
sets
i        orders          /0*80/
k        routes          /1*80/
p        positions       /0*80/
;

alias(i,j)
alias(i,h)
alias(i,hh)
alias(i,jj)
alias(k,kk)
                
                    Parameters

rho(i)	Processing time
/
0	0
1	82
2	16
3	29
4	92
5	74
6	24
7	57
8	52
9	2
10	27
11	26
12	14
13	35
14	7
15	53
16	65
17	35
18	29
19	77
20	78
21	79
22	34
23	91
24	77
25	90
26	70
27	22
28	62
29	39
30	81
31	22
32	84
33	1
34	8
35	24
36	65
37	11
38	79
39	23
40	73
41	28
42	30
43	48
44	61
45	53
46	36
47	6
48	8
49	30
50	21
51	40
52	4
53	3
54	97
55	91
56	69
57	82
58	96
59	86
60	90
61	97
62	93
63	21
64	20
65	55
66	15
67	81
68	94
69	50
70	1
71	63
72	19
73	60
74	29
75	56
76	72
77	85
78	34
79	83
80	54
/

gamma(i)	Duedate
/
0	0
1	24
2	43
3	6
4	5
5	4
6	97
7	12
8	17
9	28
10	86
11	48
12	58
13	13
14	59
15	98
16	51
17	81
18	77
19	20
20	61
21	35
22	1
23	76
24	6
25	67
26	14
27	62
28	52
29	73
30	17
31	60
32	39
33	45
34	38
35	22
36	29
37	33
38	6
39	25
40	97
41	97
42	47
43	15
44	74
45	87
46	29
47	32
48	25
49	16
50	34
51	38
52	65
53	86
54	96
55	27
56	94
57	7
58	34
59	47
60	97
61	28
62	62
63	85
64	73
65	1
66	11
67	44
68	2
69	65
70	30
71	46
72	87
73	85
74	56
75	61
76	28
77	5
78	94
79	78
80	6
/

sigma(i)	Size
/
0	0
1	9
2	5
3	6
4	6
5	8
6	6
7	9
8	3
9	8
10	7
11	3
12	1
13	6
14	8
15	6
16	9
17	1
18	9
19	4
20	4
21	5
22	4
23	5
24	3
25	5
26	9
27	7
28	6
29	5
30	7
31	6
32	7
33	7
34	1
35	4
36	3
37	7
38	5
39	5
40	5
41	8
42	8
43	1
44	2
45	7
46	9
47	8
48	4
49	1
50	9
51	1
52	9
53	4
54	6
55	6
56	7
57	9
58	1
59	4
60	7
61	7
62	6
63	3
64	4
65	8
66	9
67	3
68	5
69	2
70	2
71	9
72	2
73	4
74	4
75	1
76	8
77	6
78	5
79	4
80	2
/

epsilon(i)	Priority
/
0	0
1	2
2	2
3	7
4	8
5	5
6	3
7	6
8	5
9	1
10	6
11	8
12	1
13	8
14	9
15	7
16	7
17	3
18	4
19	9
20	7
21	8
22	1
23	7
24	4
25	5
26	4
27	1
28	5
29	3
30	3
31	4
32	4
33	7
34	7
35	9
36	5
37	7
38	1
39	6
40	5
41	2
42	7
43	7
44	4
45	7
46	6
47	5
48	6
49	6
50	9
51	4
52	1
53	8
54	5
55	1
56	9
57	3
58	5
59	9
60	3
61	2
62	4
63	9
64	6
65	9
66	9
67	4
68	9
69	7
70	2
71	6
72	1
73	4
74	1
75	2
76	4
77	1
78	6
79	4
80	2
/

psi	Vehicle Capacity
/ 42 /
;

Table kappa(i,j)                 Setup
         0        1        2        3        4        5        6        7        8        9        10       11       12       13       14       15       16       17       18       19       20       21       22       23       24       25       26       27       28       29       30       31       32       33       34       35       36       37       38       39       40       41       42       43       44       45       46       47       48       49       50       51       52       53       54       55       56       57       58       59       60       61       62       63       64       65       66       67       68       69       70       71       72       73       74       75       76       77       78       79       80       
0        0        513      1001     823      1087     1279     1190     1258     615      607      549      389      938      210      1066     1416     965      218      1143     1095     1109     316      1597     244      688      751      1249     1371     909      1029     999      1073     904      35       849      575      441      782      779      1036     1480     854      237      553      336      744      1264     587      158      887      890      705      1280     678      580      1344     431      888      188      1390     679      79       823      819      965      802      640      280      996      442      1617     748      924      951      1047     1032     654      865      532      602      1154     
1        513      0        625      583      595      1477     1296     1050     442      599      288      246      945      526      765      1186     563      388      1023     919      876      200      1493     535      671      1053     1003     1176     429      584      1374     1124     581      516      949      1034     896      790      764      1264     1308     1186     683      314      580      852      1234     266      486      1084     1231     658      1065     329      782      1286     923      1062     400      1455     898      458      1040     937      974      443      945      233      556      951      1498     1166     624      579      1232     1310     738      558      1003     971      1418     
2        1001     625      0        271      361      1338     1080     518      427      586      452      614      716      1102     196      614      78       789      603      461      359      734      1006     1120     582      1138     439      638      305      179      1485     885      128      1022     835      1327     1439     645      607      1204     776      1275     1226     448      835      791      867      418      1048     1035     1322     542      524      328      864      877      1430     992      818      1158     943      983      1029     848      736      200      1068     769      164      1423     996      1373     156      49       1128     1304     717      170      1319     1160     1372     
3        823      583      271      0        588      1091     847      470      208      322      315      466      473      963      246      616      298      605      451      336      301      615      913      988      311      867      437      595      462      420      1214     653      143      850      571      1074     1264     379      341      941      725      1004     1059     297      599      522      690      318      904      768      1051     271      488      261      597      726      1238     727      635      955      672      824      759      582      496      203      800      644      391      1216     916      1108     124      239      870      1036     446      105      1072     897      1109     
4        1087     595      361      588      0        1679     1430     865      659      856      594      719      1059     1121     551      935      299      909      964      822      716      775      1352     1130     878      1414     776      977      181      182      1762     1235     458      1097     1157     1528     1491     964      927      1526     1113     1555     1276     608      1027     1096     1229     539      1081     1348     1602     841      867      471      1128     1238     1511     1310     932      1518     1224     1044     1331     1165     1082     408      1329     812      201      1529     1338     1612     504      365      1458     1613     1004     485      1509     1400     1693     
5        1279     1477     1338     1091     1679     0        280      1023     1079     886      1218     1235     622      1489     1194     1119     1384     1178     817      939      1058     1358     879      1523     830      549      1109     1018     1546     1506     566      461      1224     1313     538      926      1537     724      760      245      997      513      1446     1192     968      627      606      1266     1436     401      509      859      1043     1276     719      680      1434     415      1190     378      607      1346     458      543      602      1283     648      1356     1480     1342     926      753      1183     1320     245      306      740      1194     974      733      210      
6        1190     1296     1080     847      1430     280      0        742      871      696      1019     1067     374      1398     925      841      1131     1048     537      663      783      1206     646      1432     626      560      829      740      1309     1253     726      194      972      1225     354      965      1514     509      539      314      729      594      1388     993      857      460      332      1061     1340     334      613      645      762      1057     609      416      1425     313      1066     213      521      1246     401      376      350      1046     623      1211     1229     1345     689      834      928      1066     218      441      570      946      1003     739      416      
7        1258     1050     518      470      865      1023     742      0        660      665      785      929      496      1418     322      160      594      1043     214      166      174      1083     488      1445     598      1050     98       127      821      688      1354     578      486      1288     670      1371     1689     558      537      978      263      1161     1496     766      976      698      438      787      1357     859      1200     568      25       721      861      407      1645     811      1073     740      878      1271     888      702      494      623      1030     1109     680      1606     478      1339     436      537      879      1104     700      497      1384     1152     1128     
8        615      442      427      208      659      1079     871      660      0        201      154      270      507      760      453      813      420      396      593      508      500      426      1065     785      248      755      639      781      495      525      1102     690      309      642      541      901      1055     361      331      893      903      895      851      128      408      459      791      190      699      711      943      225      680      201      468      847      1030     678      426      1017     567      617      684      538      536      259      670      450      491      1011     1075     961      317      381      840      967      354      265      892      747      1057     
9        607      599      586      322      856      886      696      665      201      0        331      374      360      790      552      826      596      408      536      499      539      522      994      820      84       560      675      771      695      710      908      530      459      640      351      756      1027     198      182      692      874      700      842      305      310      261      677      380      728      510      747      99       689      403      278      749      979      479      434      862      368      635      482      343      389      449      483      534      677      941      1012     787      446      547      644      765      153      415      756      575      856      
10       549      288      452      315      594      1218     1019     785      154      331      0        163      660      660      535      931      417      340      739      643      617      301      1211     682      393      850      752      910      416      496      1191     841      361      570      681      933      988      510      481      1020     1037     990      775      26       433      591      945      56       604      837      1037     375      804      133      563      998      979      809      368      1170     673      533      803      674      689      252      754      332      461      976      1218     1022     390      402      975      1083     480      325      916      812      1181     
11       389      246      614      466      719      1235     1067     929      270      374      163      0        732      499      696      1080     575      190      859      778      766      156      1331     522      454      807      903      1051     538      643      1133     904      524      408      715      823      825      572      551      1018     1174     942      612      172      342      614      1040     198      442      839      987      449      949      288      535      1103     819      820      215      1237     651      370      794      700      761      413      701      180      610      822      1343     937      550      564      990      1063     500      487      798      735      1171     
12       938      945      716      473      1059     622      374      496      507      360      660      732      0        1134     581      639      762      758      291      359      466      882      671      1166     278      556      556      554      934      885      860      184      603      973      174      903      1326     162      181      507      614      665      1162     634      607      227      326      697      1073     366      704      287      521      686      413      409      1258     318      781      510      398      978      392      209      29       671      548      895      859      1199     697      849      561      698      419      624      285      574      924      675      670      
13       210      526      1102     963      1121     1489     1398     1418     760      790      660      499      1134     0        1195     1572     1053     382      1322     1260     1260     368      1784     34       873      957      1399     1536     953      1097     1187     1277     1022     175      1054     738      374      975      968      1245     1652     1054     173      672      542      949      1460     684      61       1097     1088     886      1439     774      789      1536     422      1098     355      1597     889      156      1034     1026     1162     902      848      333      1067     481      1802     927      1050     1052     1257     1238     854      986      690      800      1361     
14       1066     765      196      246      551      1194     925      322      453      552      535      696      581      1195     0        429      272      847      419      276      165      836      810      1218     520      1065     249      444      498      371      1403     733      184      1091     724      1308     1507     548      513      1085     582      1196     1300     523      843      703      685      521      1138     928      1240     479      329      440      814      687      1483     882      877      983      872      1062     934      745      595      323      1012     868      360      1462     800      1325     146      216      1000     1195     653      211      1308     1118     1250     
15       1416     1186     614      616      935      1119     841      160      813      826      931      1080     639      1572     429      0        692      1200     349      326      314      1231     443      1598     758      1196     183      101      918      768      1489     696      609      1446     814      1527     1848     715      696      1101     191      1301     1654     913      1136     850      514      929      1512     996      1339     728      136      856      1018     456      1805     948      1230     801      1030     1427     1029     848      634      749      1182     1259     767      1766     417      1488     562      643      999      1230     858      627      1541     1306     1243     
16       965      563      78       298      299      1384     1131     594      420      596      417      575      762      1053     272      692      0        758      670      529      432      685      1082     1070     603      1155     517      715      227      122      1503     936      159      983      870      1321     1399     677      640      1240     853      1294     1184     419      823      818      932      377      1002     1066     1341     564      601      287      875      946      1395     1025     785      1219     961      941      1056     881      784      168      1079     721      98       1394     1072     1378     204      65       1167     1334     736      192      1310     1165     1407     
17       218      388      789      605      909      1178     1048     1043     396      408      340      190      758      382      847      1200     758      0        939      883      892      203      1401     412      491      695      1032     1158     728      832      997      910      688      246      696      647      660      596      587      945      1271     820      455      340      215      589      1081     384      320      777      863      503      1065     472      458      1156     641      767      30       1237     572      229      721      672      786      592      583      188      798      636      1419     779      706      739      935      968      485      648      618      590      1084     
18       1143     1023     603      451      964      817      537      214      593      536      739      859      291      1322     419      349      670      939      0        142      259      1016     472      1351     457      847      293      263      882      782      1143     365      527      1176     465      1187     1559     386      375      764      341      953      1378     716      835      508      266      756      1260     648      991      438      237      710      684      279      1504     600      967      566      685      1169     680      500      285      644      837      1037     766      1455     483      1140     474      605      665      890      532      519      1205     963      914      
19       1095     919      461      336      822      939      663      166      508      499      643      778      359      1260     276      326      529      883      142      0        120      934      578      1288     432      902      200      275      746      640      1218     479      392      1126     527      1209     1525     397      374      861      395      1019     1333     622      809      543      409      653      1199     725      1060     402      190      596      699      416      1479     677      912      707      724      1112     746      557      364      517      874      959      625      1439     580      1186     339      466      767      981      536      389      1221     994      1019     
20       1109     876      359      301      716      1058     783      174      500      539      617      766      466      1260     165      314      432      892      259      120      0        917      651      1286     484      992      140      301      656      535      1317     597      313      1138     627      1277     1546     476      447      972      437      1115     1347     599      847      628      524      616      1200     829      1157     448      189      547      768      522      1509     781      922      825      807      1117     845      653      474      449      955      945      523      1477     646      1269     262      372      880      1090     604      322      1284     1070     1132     
21       316      200      734      615      775      1358     1206     1083     426      522      301      156      882      368      836      1231     685      203      1016     934      917      0        1488     386      604      894      1053     1205     599      733      1200     1050     658      322      852      839      722      720      702      1131     1329     1021     506      317      413      747      1194     318      317      957      1065     603      1102     407      642      1259     736      943      208      1382     759      269      906      833      911      534      783      37       701      757      1499     980      690      684      1113     1163     636      625      806      794      1277     
22       1597     1493     1006     913      1352     879      646      488      1065     994      1211     1331     671      1784     810      443      1082     1401     472      578      651      1488     0        1814     911      1157     576      377      1307     1176     1371     602      963      1631     811      1545     1996     816      818      957      251      1222     1827     1188     1274     894      362      1226     1722     924      1248     898      485      1174     1081     267      1929     884      1428     503      1044     1629     981      849      648      1093     1185     1508     1169     1868     48       1450     910      1023     856      1087     954      965      1574     1312     1055     
23       244      535      1120     988      1130     1523     1432     1445     785      820      682      522      1166     34       1218     1598     1070     412      1351     1288     1286     386      1814     0        904      991      1424     1563     964      1111     1219     1309     1043     209      1087     768      374      1007     999      1279     1680     1087     185      694      575      982      1491     704      93       1131     1121     916      1465     793      823      1568     432      1132     386      1630     923      188      1068     1059     1194     921      882      352      1081     496      1831     958      1072     1071     1291     1271     886      1008     718      833      1395     
24       688      671      582      311      878      830      626      598      248      84       393      454      278      873      520      758      603      491      457      432      484      604      911      904      0        556      616      698      727      722      902      453      454      721      292      794      1102     119      98       651      797      692      921      367      380      218      593      437      811      471      739      41       623      446      293      665      1051     435      517      785      361      718      453      292      307      470      493      617      691      1007     930      804      433      548      593      735      135      414      799      597      817      
25       751      1053     1138     867      1414     549      560      1050     755      560      850      807      556      957      1065     1196     1155     695      847      902      992      894      1157     991      556      0        1102     1109     1249     1270     348      555      1010     784      382      404      988      519      552      305      1157     140      900      829      481      364      797      906      909      234      187      597      1075     951      288      894      888      272      699      772      195      824      176      348      563      1009     112      883      1238     799      1194     296      988      1102     355      280      420      969      444      186      403      
26       1249     1003     439      437      776      1109     829      98       639      675      752      903      556      1399     249      183      517      1032     293      200      140      1053     576      1424     616      1102     0        201      744      603      1416     657      426      1278     726      1404     1686     594      569      1052     338      1219     1487     735      984      742      533      747      1339     922      1259     582      92       674      894      505      1649     874      1062     836      923      1257     946      756      558      566      1073     1082     597      1615     562      1385     379      464      954      1175     729      444      1413     1192     1205     
27       1371     1176     638      595      977      1018     740      127      781      771      910      1051     554      1536     444      101      715      1158     263      275      301      1205     377      1563     698      1109     201      0        942      804      1396     598      613      1402     728      1450     1798     643      628      1004     138      1211     1608     890      1078     771      413      913      1475     903      1247     672      115      848      944      357      1749     856      1188     701      949      1388     940      763      546      750      1100     1231     798      1705     361      1403     562      660      901      1133     788      624      1467     1226     1143     
28       909      429      305      462      181      1546     1309     821      495      695      416      538      934      953      498      918      227      728      882      746      656      599      1307     964      727      1249     744      942      0        175      1595     1115     355      920      1014     1349     1319     822      786      1378     1081     1389     1103     431      849      945      1139     360      910      1198     1437     693      828      298      961      1161     1335     1162     751      1415     1062     868      1176     1018     958      263      1159     636      160      1350     1299     1437     407      284      1316     1459     847      369      1329     1226     1545     
29       1029     584      179      420      182      1506     1253     688      525      710      496      643      885      1097     371      768      122      832      782      640      535      733      1176     1111     722      1270     603      804      175      0        1618     1058     282      1045     991      1419     1454     799      761      1361     941      1410     1238     502      918      938      1047     448      1049     1187     1457     683      691      363      987      1056     1460     1147     858      1337     1077     998      1175     1002     906      265      1191     770      34       1466     1164     1486     325      186      1289     1455     853      314      1405     1272     1529     
30       999      1374     1485     1214     1762     566      726      1354     1102     908      1191     1133     860      1187     1403     1489     1503     997      1143     1218     1317     1200     1371     1219     902      348      1416     1396     1595     1618     0        803      1356     1026     691      473      1113     854      889      413      1421     209      1088     1172     794      700      1032     1248     1150     494      163      943      1378     1297     634      1126     996      543      995      908      542      1078     472      663      860      1357     437      1183     1586     893      1414     269      1333     1450     515      285      767      1316     527      407      355      
31       1073     1124     885      653      1235     461      194      578      690      530      841      904      184      1277     733      696      936      910      365      479      597      1050     602      1309     453      555      657      598      1115     1058     803      0        777      1109     228      944      1433     334      360      405      618      632      1287     815      737      329      241      880      1217     326      663      467      600      871      508      338      1355     283      931      332      450      1121     379      262      157      853      584      1060     1034     1285     638      850      733      871      303      535      424      752      974      711      550      
32       904      581      128      143      458      1224     972      486      309      459      361      524      603      1022     184      609      159      688      527      392      313      658      963      1043     454      1010     426      613      355      282      1356     777      0        928      712      1203     1345     520      483      1082     750      1147     1134     352      716      665      784      340      965      910      1194     414      498      256      736      806      1329     869      718      1065     815      894      902      724      624      140      940      691      256      1316     959      1246     53       97       1008     1179     589      44       1197     1033     1250     
33       35       516      1022     850      1097     1313     1225     1288     642      640      570      408      973      175      1091     1446     983      246      1176     1126     1138     322      1631     209      721      784      1278     1402     920      1045     1026     1109     928      0        884      595      417      817      813      1070     1512     884      209      575      371      779      1299     606      125      922      920      738      1310     697      616      1379     415      923      216      1426     714      62       858      855      1000     822      674      286      1012     435      1651     773      949      972      1082     1064     689      889      551      632      1187     
34       849      949      835      571      1157     538      354      670      541      351      681      715      174      1054     724      814      870      696      465      527      627      852      811      1087     292      382      726      728      1014     991      691      228      712      884      0        739      1205     193      230      370      781      492      1059     656      513      106      451      728      995      204      532      322      695      739      280      544      1128     159      715      543      233      900      219      37       182      753      380      857      963      1061     843      675      678      809      302      472      216      677      764      508      537      
35       575      1034     1327     1074     1528     926      965      1371     901      756      933      823      903      738      1308     1527     1321     647      1187     1209     1277     839      1545     768      794      404      1404     1450     1349     1419     473      944      1203     595      739      0        641      812      835      694      1518     414      621      922      501      679      1183     988      711      635      427      833      1396     1061     510      1279     527      667      633      1177     506      654      571      702      918      1156     360      813      1385     426      1580     204      1198     1282     758      624      674      1159     54       232      742      
36       441      896      1439     1264     1491     1537     1514     1689     1055     1027     988      825      1326     374      1507     1848     1399     660      1559     1525     1546     722      1996     374      1102     988      1686     1798     1319     1454     1113     1433     1345     417      1205     641      0        1182     1186     1293     1900     1041     216      993      724      1110     1648     1022     410      1184     1062     1126     1712     1113     925      1735     119      1201     630      1725     994      457      1116     1171     1350     1239     898      684      1422     225      2021     844      1366     1389     1334     1247     1041     1306     587      804      1370     
37       782      790      645      379      964      724      509      558      361      198      510      572      162      975      548      715      677      596      386      397      476      720      816      1007     119      519      594      643      822      799      854      334      520      817      193      812      1182     0        37       562      727      647      1011     484      458      155      484      552      914      390      692      136      583      553      302      562      1121     348      621      666      331      819      387      203      191      560      479      732      770      1069     839      793      489      617      494      659      145      484      825      597      730      
38       779      764      607      341      927      760      539      537      331      182      481      551      181      968      513      696      640      587      375      374      447      702      818      999      98       552      569      628      786      761      889      360      483      813      230      835      1186     37       0        600      717      682      1010     455      461      189      495      522      906      427      727      106      563      519      324      568      1128     385      613      690      362      813      423      241      210      524      508      716      732      1080     838      822      451      580      531      696      162      447      846      624      767      
39       1036     1264     1204     941      1526     245      314      978      893      692      1020     1018     507      1245     1085     1101     1240     945      764      861      972      1131     957      1279     651      305      1052     1004     1378     1361     413      405      1082     1070     370      694      1293     562      600      0        1017     292      1200     995      732      434      623      1071     1194     182      304      685      1002     1094     488      715      1192     216      955      507      373      1104     225      360      498      1119     402      1127     1332     1102     1000     538      1048     1179     104      131      540      1047     739      490      167      
40       1480     1308     776      725      1113     997      729      263      903      874      1037     1174     614      1652     582      191      853      1271     341      395      437      1329     251      1680     797      1157     338      138      1081     941      1421     618      750      1512     781      1518     1900     727      717      1017     0        1247     1716     1017     1176     840      397      1044     1590     939      1280     775      253      981      1021     316      1846     893      1300     651      1011     1501     983      818      600      886      1161     1354     936      1796     227      1454     699      799      913      1148     872      759      1538     1289     1143     
41       854      1186     1275     1004     1555     513      594      1161     895      700      990      942      665      1054     1196     1301     1294     820      953      1019     1115     1021     1222     1087     692      140      1219     1211     1389     1410     209      632      1147     884      492      414      1041     647      682      292      1247     0        979      969      609      492      870      1046     1010     308      47       733      1186     1092     428      966      933      355      822      796      332      930      273      462      668      1149     240      1008     1377     836      1262     245      1124     1241     376      209      558      1106     464      253      329      
42       237      683      1226     1059     1276     1446     1388     1496     851      842      775      612      1162     173      1300     1654     1184     455      1378     1333     1347     506      1827     185      921      900      1487     1608     1103     1238     1088     1287     1134     209      1059     621      216      1011     1010     1200     1716     979      0        782      555      957      1488     807      197      1069     1007     941      1518     898      782      1571     249      1078     425      1594     867      242      1003     1027     1188     1025     798      468      1206     311      1849     821      1157     1176     1226     1175     877      1096     569      727      1299     
43       553      314      448      297      608      1192     993      766      128      305      26       172      634      672      523      913      419      340      716      622      599      317      1188     694      367      829      735      890      431      502      1172     815      352      575      656      922      993      484      455      995      1017     969      782      0        420      566      920      77       614      813      1016     348      785      139      542      974      981      784      369      1144     650      541      779      649      662      252      734      347      468      975      1196     1006     378      399      950      1060     456      315      905      795      1157     
44       336      580      835      599      1027     968      857      976      408      310      433      342      607      542      843      1136     823      215      835      809      847      413      1274     575      380      481      984      1078     849      918      794      737      716      371      513      501      724      458      461      732      1176     609      555      420      0        408      933      488      483      568      653      407      1000     559      251      1016     670      563      223      1055     360      388      509      483      633      656      370      402      884      631      1297     596      718      789      728      752      322      672      487      393      869      
45       744      852      791      522      1096     627      460      698      459      261      591      614      227      949      703      850      818      589      508      543      628      747      894      982      218      364      742      771      945      938      700      329      665      779      106      679      1110     155      189      434      840      492      957      566      408      0        538      641      889      252      537      255      723      660      187      628      1037     219      608      649      180      794      237      85       246      688      331      752      907      974      922      642      637      761      384      517      114      626      698      455      599      
46       1264     1234     867      690      1229     606      332      438      791      677      945      1040     326      1460     685      514      932      1081     266      409      524      1194     362      1491     593      797      533      413      1139     1047     1032     241      784      1299     451      1183     1648     484      495      623      397      870      1488     920      933      538      0        973      1398     567      899      591      453      941      725      96       1576     525      1106     303      683      1304     620      488      300      891      822      1210     1029     1511     397      1092     733      867      519      754      611      771      1212     950      746      
47       587      266      418      318      539      1266     1061     787      190      380      56       198      697      684      521      929      377      384      756      653      616      318      1226     704      437      906      747      913      360      448      1248     880      340      606      728      988      1022     552      522      1071     1044     1046     807      77       488      641      973      0        630      889      1093     415      805      91       619      1022     1018     859      411      1206     728      565      856      723      725      218      810      352      414      1019     1231     1079     375      368      1025     1137     531      309      970      869      1233     
48       158      486      1048     904      1081     1436     1340     1357     699      728      604      442      1073     61       1138     1512     1002     320      1260     1199     1200     317      1722     93       811      909      1339     1475     910      1049     1150     1217     965      125      995      711      410      914      906      1194     1590     1010     197      614      483      889      1398     630      0        1042     1046     824      1378     720      732      1475     443      1042     294      1538     834      95       980      967      1101     848      799      280      1018     489      1740     894      992      998      1203     1190     793      929      664      758      1313     
49       887      1084     1035     768      1348     401      334      859      711      510      837      839      366      1097     928      996      1066     777      648      725      829      957      924      1131     471      234      922      903      1198     1187     494      326      910      922      204      635      1184     390      427      182      939      308      1069     813      568      252      567      889      1042     0        343      507      883      912      318      663      1093     48       789      547      208      950      68       186      365      941      289      955      1157     1011     962      525      879      1007     160      269      357      874      671      406      347      
