
sets
i        orders          /0*20/
k        routes          /1*20/
p        positions       /0*20/
;

alias(i,j)
alias(i,h)
alias(i,hh)
alias(i,jj)
alias(k,kk)
                
                    Parameters

rho(i)	Processing time
/
0	0
1	70
2	81
3	12
4	14
5	18
6	54
7	85
8	79
9	90
10	28
11	26
12	5
13	31
14	56
15	21
16	51
17	10
18	93
19	41
20	71
/

gamma(i)	Duedate
/
0	0
1	93
2	63
3	23
4	1
5	39
6	93
7	20
8	69
9	35
10	66
11	32
12	5
13	84
14	46
15	57
16	93
17	96
18	56
19	24
20	20
/

sigma(i)	Size
/
0	0
1	3
2	2
3	5
4	1
5	1
6	5
7	2
8	6
9	6
10	8
11	3
12	6
13	6
14	4
15	3
16	4
17	5
18	9
19	8
20	7
/

epsilon(i)	Priority
/
0	0
1	9
2	1
3	6
4	3
5	5
6	5
7	8
8	1
9	7
10	9
11	6
12	4
13	7
14	1
15	3
16	5
17	3
18	7
19	3
20	3
/

psi	Vehicle Capacity
/ 18 /
;

Table kappa(i,j)                 Setup
         0        1        2        3        4        5        6        7        8        9        10       11       12       13       14       15       16       17       18       19       20       
0        0        120      203      210      281      37       165      302      230      358      102      288      286      271      285      220      463      247      359      347      90       
1        120      0        207      231      214      156      197      248      157      240      209      325      365      390      371      336      441      199      364      290      150      
2        203      207      0        406      144      204      363      138      132      334      293      125      211      347      228      288      261      404      161      176      291      
3        210      231      406      0        444      228      45       477      388      423      174      498      485      392      477      364      661      127      566      520      121      
4        281      214      144      444      0        299      409      42       56       215      383      247      353      485      372      424      247      399      218      78       351      
5        37       156      204      228      299      0        183      317      251      392      89       274      259      234      255      182      465      279      354      360      108      
6        165      197      363      45       409      183      0        440      353      406      133      453      440      355      433      324      620      141      523      484      75       
7        302      248      138      477      42       317      440      0        92       253      403      223      337      486      358      426      205      438      181      44       378      
8        230      157      132      388      56       251      353      92       0        202      332      251      343      451      359      391      295      345      246      133      296      
9        358      240      334      423      215      392      406      253      202      0        449      453      542      620      556      562      442      323      433      267      382      
10       102      209      293      174      383      89       133      403      332      449      0        355      318      225      308      190      554      262      441      447      81       
11       288      325      125      498      247      274      453      223      251      453      355      0        127      326      152      275      235      516      106      243      377      
12       286      365      211      485      353      259      440      337      343      542      318      127      0        217      26       178      357      533      229      364      366      
13       271      390      347      392      485      234      355      486      451      620      225      326      217      0        192      60       561      487      432      523      303      
14       285      371      228      477      372      255      433      358      359      556      308      152      26       192      0        156      383      532      255      386      361      
15       220      336      288      364      424      182      324      426      391      562      190      275      178      60       156      0        508      447      380      464      264      
16       463      441      261      661      247      465      620      205      295      442      554      235      357      561      383      508      0        638      129      176      550      
17       247      199      404      127      399      279      141      438      345      323      262      516      533      487      532      447      638      0        563      477      183      
18       359      364      161      566      218      354      523      181      246      433      441      106      229      432      255      380      129      563      0        182      449      
19       347      290      176      520      78       360      484      44       133      267      447      243      364      523      386      464      176      477      182      0        422      
20       90       150      291      121      351      108      75       378      296      382      81       377      366      303      361      264      550      183      449      422      0        
;



Table delta(i,j)                 Distance
         0        1        2        3        4        5        6        7        8        9        10       11       12       13       14       15       16       17       18       19       20       
0        0        16350    10950    8040     12180    11700    12570    6570     1320     12570    10020    6150     5970     11280    9930     7230     3570     10110    9180     4110     3840     
1        16350    0        180      287      532      591      425      326      547      302      504      559      579      520      237      456      621      213      361      682      606      
2        10950    180      0        109      437      454      321      146      370      215      363      406      407      417      105      316      440      37       216      503      427      
3        8040     287      109      0        439      366      266      60       281      196      275      353      298      414      147      286      333      74       138      405      318      
4        12180    532      437      439      0        755      702      390      366      631      675      219      594      29       332      174      524      444      569      471      535      
5        11700    591      454      366      755      0        184      386      434      298      91       587      202      726      512      581      324      418      238      451      296      
6        12570    425      321      266      702      184      0        311      454      123      127      580      293      676      405      539      404      291      133      523      376      
7        6570     326      146      60       390      386      311      0        226      253      298      293      285      364      139      230      298      118      178      356      287      
8        1320     547      370      281      366      434      454      226      0        446      375      161      244      336      323      205      157      345      336      141      170      
9        12570    302      215      196      631      298      123      253      446      0        220      544      350      607      311      482      439      193      118      543      415      
10       10020    504      363      275      675      91       127      298      375      220      0        520      174      647      422      502      293      327      147      418      265      
11       6150     559      406      353      219      587      580      293      161      544      520      0        404      191      323      111      315      394      450      252      330      
12       5970     579      407      298      594      202      293      285      244      350      174      404      0        564      424      421      122      370      237      250      95       
13       11280    520      417      414      29       726      676      364      336      607      647      191      564      0        313      145      494      423      542      443      505      
14       9930     237      105      147      332      512      405      139      323      311      422      323      424      313      0        222      427      118      283      463      420      
15       7230     456      316      286      174      581      539      230      205      482      502      111      421      145      222      0        360      311      405      332      368      
16       3570     621      440      333      524      324      404      298      157      439      293      315      122      494      427      360      0        407      320      127      28       
17       10110    213      37       74       444      418      291      118      345      193      327      394      370      423      118      311      407      0        181      474      392      
18       9180     361      216      138      569      238      133      178      336      118      147      450      237      542      283      405      320      181      0        426      297      
19       4110     682      503      405      471      451      523      356      141      543      418      252      250      443      463      332      127      474      426      0        155      
20       3840     606      427      318      535      296      376      287      170      415      265      330      95       505      420      368      28       392      297      155      0        
;

