
sets
i        orders          /0*20/
k        routes          /1*20/
p        positions       /0*20/
;

alias(i,j)
alias(i,h)
alias(i,hh)
alias(i,jj)
alias(k,kk)
                
                    Parameters

rho(i)	Processing time
/
0	0
1	55
2	21
3	6
4	17
5	22
6	10
7	99
8	94
9	93
10	87
11	78
12	85
13	84
14	4
15	42
16	83
17	17
18	14
19	84
20	39
/

gamma(i)	Duedate
/
0	0
1	54
2	28
3	19
4	50
5	69
6	3
7	39
8	86
9	49
10	75
11	29
12	80
13	82
14	37
15	6
16	69
17	70
18	53
19	54
20	50
/

sigma(i)	Size
/
0	0
1	9
2	8
3	1
4	5
5	7
6	2
7	5
8	4
9	3
10	6
11	2
12	7
13	3
14	7
15	6
16	7
17	5
18	6
19	1
20	8
/

epsilon(i)	Priority
/
0	0
1	1
2	5
3	7
4	2
5	5
6	4
7	3
8	4
9	8
10	8
11	7
12	3
13	8
14	7
15	3
16	5
17	9
18	4
19	1
20	9
/

psi	Vehicle Capacity
/ 15 /
;

Table kappa(i,j)                 Setup
         0        1        2        3        4        5        6        7        8        9        10       11       12       13       14       15       16       17       18       19       20       
0        0        139      416      377      250      111      304      436      336      272      585      263      267      316      278      318      501      361      358      174      453      
1        139      0        420      404      358      179      267      316      349      236      448      316      376      241      211      196      471      368      265      77       374      
2        416      420      0        71       316      306      685      409      80       193      617      178      325      246      632      582      131      54       286      497      259      
3        377      404      71       0        248      265      662      445      61       200      654      120      256      270      614      580      202      60       318      480      312      
4        250      358      316      248      0        181      551      562      251      305      752      146      19       388      528      553      442      276      443      416      493      
5        111      179      306      265      181      0        406      404      226      185      581      154      200      250      369      375      399      251      300      245      379      
6        304      267      685      662      551      406      0        517      611      503      560      559      566      501      74       211      738      632      513      193      624      
7        436      316      409      445      562      404      517      0        388      265      208      441      580      181      443      319      361      385      127      352      177      
8        336      349      80       61       251      226      611      388      0        139      596      106      263      211      560      521      192      27       261      426      266      
9        272      236      193      200      305      185      503      265      139      0        468      176      323      84       445      389      236      148      140      311      195      
10       585      448      617      654      752      581      560      208      596      468      0        643      771      387      489      350      558      594      335      451      372      
11       263      316      178      120      146      154      559      441      106      176      643      0        160      261      518      505      298      132      316      389      351      
12       267      376      325      256      19       200      566      580      263      323      771      160      0        405      545      572      453      288      461      434      509      
13       316      241      246      270      388      250      501      181      211      84       387      261      405      0        435      354      246      212      56       309      136      
14       278      211      632      614      528      369      74       443      560      445      489      518      545      435      0        139      676      579      443      134      554      
15       318      196      582      580      553      375      211      319      521      389      350      505      572      354      139      0        601      535      347      144      455      
16       501      471      131      202      442      399      738      361      192      236      558      298      453      246      676      601      0        166      262      545      186      
17       361      368      54       60       276      251      632      385      27       148      594      132      288      212      579      535      166      0        259      445      253      
18       358      265      286      318      443      300      513      127      261      140      335      316      461      56       443      347      262      259      0        325      111      
19       174      77       497      480      416      245      193      352      426      311      451      389      434      309      134      144      545      445      325      0        436      
20       453      374      259      312      493      379      624      177      266      195      372      351      509      136      554      455      186      253      111      436      0        
;



Table delta(i,j)                 Distance
         0        1        2        3        4        5        6        7        8        9        10       11       12       13       14       15       16       17       18       19       20       
0        0        11400    12000    14550    8160     9900     16830    15600    16050    17250    14700    16320    3870     14340    14820    9240     6660     16770    15420    6870     9870     
1        11400    0        148      120      174      92       247      402      182      245      220      180      311      312      195      105      241      210      174      154      286      
2        12000    148      0        136      129      92       381      254      155      177      367      290      292      163      93       106      341      171      126      226      416      
3        14550    120      136      0        238      159      270      365      62       131      280      166      397      273      113      180      362      91       65       269      399      
4        8160     174      129      238      0        85       418      299      275      306      378      354      163      229      223      68       256      296      250      140      354      
5        9900     92       92       159      85       0        339      328      205      249      307      269      239      244      175      21       249      229      184      135      327      
6        16830    247      381      270      418      339      0        630      313      381      83       110      531      537      383      351      352      333      331      344      302      
7        15600    402      254      365      299      328      630      0        344      305      621      531      391      92       256      331      555      340      316      438      649      
8        16050    182      155      62       275      205      313      344      0        71       334      204      438      256      89       226      423      28       30       326      462      
9        17250    245      177      131      306      249      381      305      71       0        406      271      469      226      85       269      483      48       70       379      530      
10       14700    220      367      280      378      307      83       621      334      406      0        153      472      530      389      315      274      359      346      284      219      
11       16320    180      290      166      354      269      110      531      204      271      153      0        489      439      278      285      360      223      224      315      346      
12       3870     311      292      397      163      239      531      391      438      469      472      489      0        351      385      217      249      460      414      188      366      
13       14340    312      163      273      229      244      537      92       256      226      530      439      351      0        167      250      481      255      227      363      569      
14       14820    195      93       113      223      175      383      256      89       85       389      278      385      167      0        193      420      93       60       309      480      
15       9240     105      106      180      68       21       351      331      226      269      315      285      217      250      193      0        236      250      205      119      319      
16       6660     241      341      362      256      249      352      555      423      483      274      360      249      481      420      236      0        451      413      118      116      
17       16770    210      171      91       296      229      333      340      28       48       359      223      460      255      93       250      451      0        46       353      490      
18       15420    174      126      65       250      184      331      316      30       70       346      224      414      227      60       205      413      46       0        311      460      
19       6870     154      226      269      140      135      344      438      326      379      284      315      188      363      309      119      118      353      311      0        215      
20       9870     286      416      399      354      327      302      649      462      530      219      346      366      569      480      319      116      490      460      215      0        
;

