

sets
i        orders          /0*40/
k        routes          /1*40/
p        positions       /0*40/
;

alias(i,j)
alias(i,h)
alias(i,hh)
alias(i,jj)
alias(k,kk)
                            Parameters

rho(i)	Processing time
/
0	0
1	66
2	71
3	41
4	81
5	17
6	89
7	55
8	14
9	30
10	83
11	92
12	76
13	21
14	21
15	32
16	39
17	75
18	25
19	43
20	59
21	29
22	2
23	53
24	35
25	9
26	16
27	64
28	52
29	57
30	67
31	48
32	92
33	54
34	51
35	85
36	90
37	95
38	48
39	63
40	98
/

gamma(i)	Duedate
/
0	0
1	27
2	93
3	47
4	32
5	57
6	18
7	43
8	87
9	27
10	19
11	38
12	74
13	6
14	63
15	1
16	52
17	87
18	27
19	83
20	60
21	66
22	15
23	61
24	72
25	50
26	43
27	69
28	97
29	97
30	7
31	82
32	33
33	46
34	31
35	66
36	82
37	61
38	84
39	6
40	12
/

sigma(i)	Size
/
0	0
1	7
2	9
3	9
4	8
5	5
6	3
7	7
8	3
9	9
10	2
11	7
12	4
13	8
14	4
15	8
16	7
17	7
18	4
19	1
20	9
21	3
22	7
23	4
24	8
25	8
26	1
27	8
28	5
29	5
30	8
31	5
32	1
33	9
34	2
35	6
36	6
37	2
38	6
39	7
40	8
/

epsilon(i)	Priority
/
0	0
1	2
2	8
3	8
4	9
5	6
6	9
7	7
8	5
9	6
10	7
11	3
12	8
13	5
14	5
15	6
16	5
17	7
18	8
19	3
20	4
21	1
22	4
23	2
24	9
25	7
26	2
27	5
28	6
29	9
30	4
31	7
32	2
33	5
34	7
35	7
36	7
37	4
38	9
39	3
40	2
/

psi	Vehicle Capacity
/ 36 /
;

Table kappa(i,j)                 Setup
         0        1        2        3        4        5        6        7        8        9        10       11       12       13       14       15       16       17       18       19       20       21       22       23       24       25       26       27       28       29       30       31       32       33       34       35       36       37       38       39       40       
0        0        3789     2738     1191     3745     1662     3302     1192     3367     4688     3576     3231     3268     2013     1722     2302     3960     2571     882      1110     3497     1523     3470     2340     3201     1107     3264     3510     2177     2655     3022     1933     3231     2330     1930     206      1965     1813     366      2234     1266     
1        3789     0        2560     2629     3589     2535     1192     3242     768      1821     608      3190     3667     1947     2320     3254     2911     3861     2907     2678     1995     2323     936      1894     1280     2684     1228     413      3006     2207     3916     2489     3391     1923     3024     3716     2191     2000     3439     2328     3770     
2        2738     2560     0        2244     1288     2795     1408     1590     2772     2341     1994     747      1148     2428     1236     831      1225     1356     2189     2084     963      2236     3006     919      1300     2110     3064     2146     702      3366     1356     849      903      2811     898      2816     1028     1648     2414     3125     1888     
3        1191     2629     2244     0        3477     694      2328     1287     2175     3740     2489     2920     3136     835      1008     2194     3420     2696     354      210      2738     333      2281     1518     2247     186      2086     2385     1959     1635     3053     1414     2998     1202     1755     1092     1235     770      883      1238     1746     
4        3745     3589     1288     3477     0        4066     2400     2554     3949     2706     2983     557      572      3716     2486     1445     887      1425     3366     3298     1612     3505     4188     2201     2325     3325     4287     3193     1584     4652     1018     2064     514      4098     1827     3866     2301     2932     3474     4413     2622     
5        1662     2535     2795     694      4066     0        2560     1981     1921     3935     2560     3509     3769     599      1582     2854     3906     3378     1007     904      3128     560      1957     1959     2505     880      1696     2393     2605     998      3718     2013     3608     716      2418     1499     1767     1161     1445     579      2429     
6        3302     1192     1408     2328     2400     2560     0        2451     1614     1412     595      2000     2482     1994     1600     2174     1775     2752     2485     2280     837      2122     1853     1004     118      2297     2021     792      1956     2694     2756     1580     2203     2214     2034     3292     1383     1559     2935     2623     2924     
7        1192     3242     1590     1287     2554     1981     2451     0        3053     3740     2869     2039     2093     1978     922      1117     2795     1478     1007     1078     2442     1516     3226     1449     2336     1101     3120     2882     986      2893     1894     889      2041     2400     740      1314     1082     1338     930      2514     539      
8        3367     768      2772     2175     3949     1921     1614     3053     0        2555     1175     3481     3920     1383     2168     3329     3389     3948     2499     2276     2450     1845     240      1934     1658     2274     465      914      3059     1451     4092     2456     3663     1242     3014     3260     2119     1719     3044     1619     3593     
9        4688     1821     2341     3740     2706     3935     1412     3740     2555     0        1437     2576     3055     3349     2968     3170     1826     3628     3891     3691     1378     3527     2750     2351     1499     3708     3020     1674     3030     3905     3459     2851     2781     3497     3184     4691     2731     2971     4323     3918     4155     
10       3576     608      1994     2489     2983     2560     595      2869     1175     1437     0        2595     3077     1962     1963     2732     2306     3324     2713     2491     1387     2224     1398     1442     694      2502     1628     261      2498     2468     3346     2046     2798     2068     2548     3534     1788     1765     3213     2490     3374     
11       3231     3190     747      2920     557      3509     2000     2039     3481     2576     2595     0        497      3169     1929     963      930      1139     2815     2743     1302     2948     3718     1667     1910     2770     3795     2782     1055     4112     884      1506     212      3557     1301     3343     1747     2380     2946     3863     2167     
12       3268     3667     1148     3136     572      3769     2482     2093     3920     3055     3077     497      0        3488     2193     979      1322     854      2980     2944     1800     3212     4154     2044     2387     2971     4210     3256     1180     4449     458      1760     285      3894     1404     3404     2050     2686     3023     4170     2094     
13       2013     1947     2428     835      3716     599      1994     1978     1383     3349     1962     3169     3488     0        1320     2647     3455     3224     1185     987      2623     508      1462     1530     1950     976      1252     1793     2380     969      3506     1743     3295     429      2234     1890     1438     802      1718     699      2490     
14       1722     2320     1236     1008     2486     1582     1600     922      2168     2968     1963     1929     2193     1320     0        1327     2419     1912     997      858      1804     1022     2358     617      1493     883      2293     1963     1059     2289     2186     433      2025     1743     922      1740     250      530      1359     1983     1452     
15       2302     3254     831      2194     1445     2854     2174     1117     3329     3170     2732     963      979      2647     1327     0        1827     619      2013     1994     1792     2309     3546     1398     2059     2022     3540     2845     275      3616     865      918      932      3070     439      2431     1254     1853     2045     3300     1205     
16       3960     2911     1225     3420     887      3906     1775     2795     3389     1826     2306     930      1322     3455     2419     1827     0        2069     3399     3277     938      3363     3628     1946     1732     3302     3780     2545     1833     4318     1771     2066     1091     3784     2068     4041     2184     2745     3639     4149     3019     
17       2571     3861     1356     2696     1425     3378     2752     1478     3948     3628     3324     1139     854      3224     1912     619      2069     0        2466     2488     2268     2851     4166     2017     2640     2514     4156     3449     891      4190     470      1523     992      3651     990      2732     1864     2442     2382     3856     1327     
18       882      2907     2189     354      3366     1007     2485     1007     2499     3891     2713     2815     2980     1185     997      2013     3399     2466     0        228      2797     677      2616     1584     2393     225      2432     2634     1802     1978     2851     1339     2870     1556     1577     821      1245     948      545      1572     1423     
19       1110     2678     2084     210      3298     904      2280     1078     2276     3691     2491     2743     2944     987      858      1994     3277     2488     228      0        2633     481      2398     1413     2192     27       2224     2408     1764     1832     2850     1242     2813     1377     1555     1045     1098     731      770      1441     1545     
20       3497     1995     963      2738     1612     3128     837      2442     2450     1378     1387     1302     1800     2623     1804     1792     938      2268     2797     2633     0        2617     2690     1221     795      2655     2845     1616     1658     3433     2152     1575     1514     2915     1827     3536     1554     1997     3144     3301     2812     
21       1523     2323     2236     333      3505     560      2122     1516     1845     3527     2224     2948     3212     508      1022     2309     3363     2851     677      481      2617     0        1948     1421     2052     469      1755     2101     2055     1376     3174     1454     3048     898      1877     1416     1208     622      1215     1009     2010     
22       3470     936      3006     2281     4188     1957     1853     3226     240      2750     1398     3718     4154     1462     2358     3546     3628     4166     2616     2398     2690     1948     0        2156     1898     2394     322      1137     3275     1365     4319     2663     3899     1251     3222     3352     2324     1888     3160     1591     3765     
23       2340     1894     919      1518     2201     1959     1004     1449     1934     2351     1442     1667     2044     1530     617      1398     1946     2017     1584     1413     1221     1421     2156     0        892      1435     2177     1499     1134     2451     2167     604      1817     1898     1130     2354     382      800      1976     2229     1937     
24       3201     1280     1300     2247     2325     2505     118      2336     1658     1499     694      1910     2387     1950     1493     2059     1732     2640     2393     2192     795      2052     1898     892      0        2209     2050     873      1839     2682     2652     1464     2110     2189     1916     3196     1272     1476     2835     2593     2808     
25       1107     2684     2110     186      3325     880      2297     1101     2274     3708     2502     2770     2971     976      883      2022     3302     2514     225      27       2655     469      2394     1435     2209     0        2216     2416     1792     1813     2877     1269     2841     1363     1582     1036     1122     744      770      1420     1564     
26       3264     1228     3064     2086     4287     1696     2021     3120     465      3020     1628     3795     4210     1252     2293     3540     3780     4156     2432     2224     2845     1755     322      2177     2050     2216     0        1369     3266     1044     4342     2636     3966     980      3189     3134     2294     1792     2970     1289     3654     
27       3510     413      2146     2385     3193     2393     792      2882     914      1674     261      2782     3256     1793     1963     2845     2545     3449     2634     2408     1616     2101     1137     1499     873      2416     1369     0        2600     2234     3502     2100     2981     1860     2626     3453     1815     1698     3151     2280     3402     
28       2177     3006     702      1959     1584     2605     1956     986      3059     3030     2498     1055     1180     2380     1059     275      1833     891      1802     1764     1658     2055     3275     1134     1839     1792     3266     2600     0        3349     1127     644      1076     2801     246      2288     979      1582     1892     3039     1197     
29       2655     2207     3366     1635     4652     998      2694     2893     1451     3905     2468     4112     4449     969      2289     3616     4318     4190     1978     1832     3433     1376     1365     2451     2682     1813     1044     2234     3349     0        4475     2711     4247     555      3201     2484     2400     1769     2442     421      3378     
30       3022     3916     1356     3053     1018     3718     2756     1894     4092     3459     3346     884      458      3506     2186     865      1771     470      2851     2850     2152     3174     4319     2167     2652     2877     4342     3502     1127     4475     0        1766     688      3926     1299     3176     2090     2707     2814     4164     1791     
31       1933     2489     849      1414     2064     2013     1580     889      2456     2851     2046     1506     1760     1743     433      918      2066     1523     1339     1242     1575     1454     2663     604      1464     1269     2636     2100     644      2711     1766     0        1595     2160     558      1992     341      941      1592     2414     1344     
32       3231     3391     903      2998     514      3608     2203     2041     3663     2781     2798     212      285      3295     2025     932      1091     992      2870     2813     1514     3048     3899     1817     2110     2841     3966     2981     1076     4247     688      1595     0        3691     1317     3354     1861     2498     2962     3984     2116     
33       2330     1923     2811     1202     4098     716      2214     2400     1242     3497     2068     3557     3894     429      1743     3070     3784     3651     1556     1377     2915     898      1251     1898     2189     1363     980      1860     2801     555      3926     2160     3691     0        2661     2184     1846     1219     2066     421      2905     
34       1930     3024     898      1755     1827     2418     2034     740      3014     3184     2548     1301     1404     2234     922      439      2068     990      1577     1555     1827     1877     3222     1130     1916     1582     3189     2626     246      3201     1299     558      1317     2661     0        2042     897      1452     1647     2875     990      
35       206      3716     2816     1092     3866     1499     3292     1314     3260     4691     3534     3343     3404     1890     1740     2431     4041     2732     821      1045     3536     1416     3352     2354     3196     1036     3134     3453     2288     2484     3176     1992     3354     2184     2042     0        1988     1769     402      2063     1444     
36       1965     2191     1028     1235     2301     1767     1383     1082     2119     2731     1788     1747     2050     1438     250      1254     2184     1864     1245     1098     1554     1208     2324     382      1272     1122     2294     1815     979      2400     2090     341      1861     1846     897      1988     0        637      1604     2123     1589     
37       1813     2000     1648     770      2932     1161     1559     1338     1719     2971     1765     2380     2686     802      530      1853     2745     2442     948      731      1997     622      1888     800      1476     744      1792     1698     1582     1769     2707     941      2498     1219     1452     1769     637      0        1453     1486     1877     
38       366      3439     2414     883      3474     1445     2935     930      3044     4323     3213     2946     3023     1718     1359     2045     3639     2382     545      770      3144     1215     3160     1976     2835     770      2970     3151     1892     2442     2814     1592     2962     2066     1647     402      1604     1453     0        2024     1146     
39       2234     2328     3125     1238     4413     579      2623     2514     1619     3918     2490     3863     4170     699      1983     3300     4149     3856     1572     1441     3301     1009     1591     2229     2593     1420     1289     2280     3039     421      4164     2414     3984     421      2875     2063     2123     1486     2024     0        2984     
40       1266     3770     1888     1746     2622     2429     2924     539      3593     4155     3374     2167     2094     2490     1452     1205     3019     1327     1423     1545     2812     2010     3765     1937     2808     1564     3654     3402     1197     3378     1791     1344     2116     2905     990      1444     1589     1877     1146     2984     0        
;



Table delta(i,j)                 Distance
         0        1        2        3        4        5        6        7        8        9        10       11       12       13       14       15       16       17       18       19       20       21       22       23       24       25       26       27       28       29       30       31       32       33       34       35       36       37       38       39       40       
0        0        27       84       147      120      110      94       138      91       73       58       21       135      88       134      134      78       33       149      118      88       139      100      98       63       129      42       118      41       174      111      116      64       113      14       38       111      77       93       169      157      
1        27       0        61       125      101      99       74       114      109      71       57       38       115      74       114      110      85       14       121      105      62       112      72       95       36       102      68       91       52       153      90       89       39       117      18       15       89       91       110      145      135      
2        84       61       0        126      44       137      18       108      171      64       63       100      55       111      124      105      91       51       87       138      23       61       48       75       32       56       127      70       113      157      30       76       60       107      70       64       99       152      172      84       138      
3        147      125      126      0        162      75       144      20       178      182      174      143      165      72       19       22       204      131      71       65       103      108      78       199      106      96       174      60       136      30       145      50       86       229      143      110      36       157      174      156      11       
4        120      101      44       162      0        181      27       143      210      70       78       138      16       155      163      140      96       89       108      182      62       68       85       66       77       73       162      102      154      192      16       111      104      97       105      107      139      193      212      61       173      
5        110      99       137      75       181      0        155      83       108      170      157      96       189      26       55       80       184      112      129      11       119      151      104      193      105      137      119      101      80       87       165      90       77       216      113      85       56       88       103      198      78       
6        94       74       18       144      27       155      0        125      183      57       60       111      41       129      142      122      84       61       99       157      40       66       65       62       50       66       136      85       126      174      18       93       78       95       79       80       117      166      184      78       155      
7        138      114      108      20       143      83       125      0        180      166      159      137      145      73       31       4        190      118      52       75       85       88       60       183      91       75       169      40       133      49       126      32       75       213      132      100      31       158      176      136      30       
8        91       109      171      178      210      108      183      180      0        162      147      71       224      106      159      176      159      121      211      119      167      215      168      186      142      203      57       178      58       195      200      171      126      194      105      108      148      21       7        253      184      
9        73       71       64       182      70       170      57       166      162      0        15       94       86       144      175      163      27       58       152      175      85       123      109      25       75       121      106      131      114      212      72       136      99       47       62       85       149      149      165      131      193      
10       58       57       63       174      78       157      60       159      147      15       0        79       94       132      166      155      30       45       149      163      81       124      104      40       67       120      92       126      99       204      77       129      89       59       47       72       140      134      150      137      185      
11       21       38       100      143      138      96       111      137      71       94       79       0        153      77       128      133      98       50       154      105      100      150      107      119      74       139      32       122      20       168      128      118      67       133      34       42       107      56       73       184      152      
12       135      115      55       165      16       189      41       145      224      86       94       153      0        164      168      142      111      103      105      190      70       63       89       80       88       71       177      104      168      194      25       114      114      110      120      120      145      207      226      47       175      
13       88       74       111      72       155      26       129      73       106      144      132      77       164      0        54       70       160      86       112      30       94       129      81       167      79       115      105      81       66       92       139      72       51       191      89       59       42       85       103      175      79       
14       134      114      124      19       163      55       142      31       159      175      166      128      168      54       0        31       196      121      83       46       102      116      78       195      100      103      157      65       119      40       147      54       77       223      131      98       26       138      155      164      25       
15       134      110      105      22       140      80       122      4        176      163      155      133      142      70       31       0        186      114      52       73       82       87       56       179      88       74       165      38       129      51       123      29       71       210      128      96       28       155      173      135      33       
16       78       85       91       204      96       184      84       190      159      27       30       98       111      160      196      186      0        75       178      191      111      150      134      35       98       147      102      156      119      234      99       160      119      35       72       101      170      151      164      157      215      
17       33       14       51       131      89       112      61       118      121      58       45       50       103      86       121      114      75       0        120      117      56       106      71       81       32       97       76       91       65       160      78       91       45       105      19       26       96       104      123      135      142      
18       149      121      87       71       108      129      99       52       211      152      149      154      105      112      83       52       178      120      0        123      67       42       49       162      88       34       187      33       157      95       93       40       87       194      138      112      72       190      209      86       80       
19       118      105      138      65       182      11       157      75       119      175      163      105      190      30       46       73       191      117      123      0        120      148      102      198      108      134      129      97       90       76       166      86       79       222      120      90       51       99       114      196      68       
20       88       62       23       103      62       119      40       85       167      85       81       100      70       94       102      82       111      56       67       120      0        50       25       98       26       41       130      46       109      133      46       53       45       130      75       59       77       147      167      86       114      
21       139      112      61       108      68       151      66       88       215      123      124      150      63       129      116      87       150      106      42       148      50       0        49       128      76       13       181      51       158      135      55       63       89       161      125      108      97       195      215      48       118      
22       100      72       48       78       85       104      65       60       168      109      104      107      89       81       78       56       134      71       49       102      25       49       0        123      39       36       139      21       112      108      68       27       41       155      89       64       55       147      167      94       89       
23       98       95       75       199      66       193      62       183      186      25       40       119      80       167      195      179      35       81       162      198      98       128      123      0        94       128      130      145      139      230      73       151      120      32       87       108      168      174      190      127      211      
24       63       36       32       106      77       105      50       91       142      75       67       74       88       79       100      88       98       32       88       108      26       76       39       94       0        66       104      60       84       137      62       62       28       123      50       34       74       122      142      111      118      
25       129      102      56       96       73       137      66       75       203      121      120      139      71       115      103      74       147      97       34       134      41       13       36       128      66       0        171      38       146      123      58       49       77       161      117      97       84       183      203      61       106      
26       42       68       127      174      162      119      136      169      57       106      92       32       177      105      157      165      102      76       187      129      130      181      139      130      104      171      0        154      39       197      154      151      99       137      57       74       138      51       62       211      182      
27       118      91       70       60       102      101      85       40       178      131      126      122      104      81       65       38       156      91       33       97       46       51       21       145      60       38       154      0        124      89       85       11       55       177      108      80       46       157      176      100      71       
28       41       52       113      136      154      80       126      133      58       114      99       20       168      66       119      129      119      65       157      90       109      158      112      139      84       146      39       124      0        159      142      118      70       154      52       50       102      39       58       195      144      
29       174      153      157      30       192      87       174      49       195      212      204      168      194      92       40       51       234      160      95       76       133      135      108      230      137      123      197      89       159      0        175      81       115      260      171      138      64       175      190      181      19       
30       111      90       30       145      16       165      18       126      200      72       77       128      25       139      147      123      99       78       93       166      46       55       68       73       62       58       154      85       142      175      0        94       89       105      96       94       122      182      201      60       157      
31       116      89       76       50       111      90       93       32       171      136      129      118      114      72       54       29       160      91       40       86       53       63       27       151      62       49       151      11       118      81       94       0        52       182      107      78       35       150      169      111      62       
32       64       39       60       86       104      77       78       75       126      99       89       67       114      51       77       71       119      45       87       79       45       89       41       120      28       77       99       55       70       115      89       52       0        147      57       26       51       105      125      131      97       
33       113      117      107      229      97       216      95       213      194      47       59       133      110      191      223      210      35       105      194      222      130      161      155      32       123      161      137      177      154      260      105      182      147      0        105      131      197      186      199      157      241      
34       14       18       70       143      105      113      79       132      105      62       47       34       120      89       131      128      72       19       138      120      75       125      89       87       50       117      57       108      52       171      96       107      57       105      0        32       106      90       107      154      153      
35       38       15       64       110      107      85       80       100      108      85       72       42       120      59       98       96       101      26       112      90       59       108      64       108      34       97       74       80       50       138      94       78       26       131      32       0        74       88       108      145      120      
36       111      89       99       36       139      56       117      31       148      149      140      107      145      42       26       28       170      96       72       51       77       97       55       168      74       84       138      46       102      64       122      35       51       197      106      74       0        126      145      146      46       
37       77       91       152      157      193      88       166      158      21       149      134      56       207      85       138      155      151      104      190      99       147      195      147      174      122      183      51       157      39       175      182      150      105      186      90       88       126      0        19       234      163      
38       93       110      172      174      212      103      184      176      7        165      150      73       226      103      155      173      164      123      209      114      167      215      167      190      142      203      62       176      58       190      201      169      125      199      107      108      145      19       0        253      179      
39       169      145      84       156      61       198      78       136      253      131      137      184      47       175      164      135      157      135      86       196      86       48       94       127      111      61       211      100      195      181      60       111      131      157      154      145      146      234      253      0        165      
40       157      135      138      11       173      78       155      30       184      193      185      152      175      79       25       33       215      142      80       68       114      118      89       211      118      106      182      71       144      19       157      62       97       241      153      120      46       163      179      165      0        
;

