

sets
i        orders          /0*40/
k        routes          /1*40/
p        positions       /0*40/
;

alias(i,j)
alias(i,h)
alias(i,hh)
alias(i,jj)
alias(k,kk)
                            Parameters

rho(i)	Processing time
/
0	0
1	18
2	13
3	19
4	33
5	93
6	47
7	8
8	79
9	98
10	9
11	37
12	44
13	27
14	78
15	84
16	75
17	75
18	61
19	80
20	10
21	23
22	73
23	32
24	23
25	85
26	40
27	92
28	49
29	47
30	50
31	69
32	57
33	64
34	87
35	8
36	43
37	51
38	47
39	61
40	16
/

gamma(i)	Duedate
/
0	0
1	41
2	28
3	75
4	26
5	7
6	11
7	23
8	63
9	25
10	61
11	44
12	90
13	65
14	6
15	39
16	87
17	64
18	91
19	93
20	84
21	77
22	82
23	23
24	76
25	67
26	83
27	90
28	70
29	47
30	82
31	72
32	35
33	20
34	30
35	99
36	62
37	78
38	19
39	48
40	61
/

sigma(i)	Size
/
0	0
1	9
2	5
3	1
4	5
5	4
6	9
7	3
8	3
9	5
10	5
11	4
12	9
13	7
14	9
15	5
16	9
17	9
18	3
19	7
20	7
21	8
22	2
23	4
24	7
25	1
26	9
27	6
28	4
29	7
30	4
31	9
32	3
33	1
34	9
35	8
36	1
37	1
38	5
39	2
40	6
/

epsilon(i)	Priority
/
0	0
1	4
2	7
3	9
4	1
5	1
6	2
7	1
8	7
9	6
10	4
11	3
12	2
13	1
14	8
15	9
16	7
17	3
18	2
19	2
20	8
21	1
22	1
23	5
24	9
25	1
26	9
27	7
28	6
29	2
30	1
31	3
32	2
33	1
34	1
35	6
36	4
37	9
38	8
39	6
40	1
/

psi	Vehicle Capacity
/ 31 /
;

Table kappa(i,j)                 Setup
         0        1        2        3        4        5        6        7        8        9        10       11       12       13       14       15       16       17       18       19       20       21       22       23       24       25       26       27       28       29       30       31       32       33       34       35       36       37       38       39       40       
0        0        2257     963      2005     919      1045     2019     3260     1998     1789     1235     1923     958      2166     3150     2105     2139     710      2045     2116     761      1768     1941     841      1261     2002     1351     701      945      2063     1824     2273     529      3315     1022     2113     1833     2973     2287     865      3351     
1        2257     0        3193     1784     2397     3303     3202     4044     3923     922      3328     2761     1497     4414     1778     1875     814      1629     2832     948      1867     3552     1295     2049     2823     4230     2420     2726     2462     1825     2838     4017     2292     4004     1734     4321     1423     2869     281      1499     4094     
2        963      3193     0        2862     1165     314      1865     3089     1252     2748     477      2020     1909     1223     3843     2635     2963     1577     2130     2912     1444     1208     2871     1372     1153     1041     1977     596      1516     2608     1850     1638     986      3187     1688     1151     2747     3264     3195     1825     3189     
3        2005     1784     2862     0        2745     2793     3847     4988     4002     886      3223     3579     1149     3899     3508     3145     2385     1912     3689     2476     2259     3765     489      2471     3175     3817     1093     2704     1447     3089     3557     4272     2415     5002     2349     3962     376      4206     2034     1283     5064     
4        919      2397     1165     2745     0        1438     1122     2345     1527     2276     1044     1010     1598     2282     2710     1472     1957     882      1132     1878     552      1159     2553     348      451      2040     2258     571      1864     1447     904      1643     389      2397     671      2081     2491     2152     2316     1466     2435     
5        1045     3303     314      2793     1438     0        2179     3400     1492     2778     765      2326     1934     1142     4072     2894     3142     1724     2438     3102     1646     1499     2854     1605     1463     1025     1833     868      1383     2864     2160     1901     1204     3499     1902     1169     2717     3562     3329     1869     3501     
6        2019     3202     1865     3847     1122     2179     0        1256     1291     3294     1466     509      2698     2572     2879     1615     2553     1941     519      2433     1592     903      3615     1377     777      2296     3369     1445     2958     1631     369      1070     1499     1334     1563     2248     3571     1653     3045     2563     1352     
7        3260     4044     3089     4988     2345     3400     1256     0        2217     4338     2652     1409     3852     3591     3156     2193     3277     3080     1300     3141     2742     1965     4699     2542     2033     3322     4603     2700     4204     2236     1451     1813     2733     163      2641     3229     4681     1513     3830     3716     102      
8        1998     3923     1252     4002     1527     1492     1291     2217     0        3713     799      1723     2931     1374     4035     2735     3455     2349     1778     3361     2061     425      3923     1874     1129     1107     3207     1309     2746     2733     1528     444      1684     2353     2197     1013     3825     2944     3842     2817     2318     
9        1789     922      2748     886      2276     2778     3294     4338     3713     0        3002     2948     844      3920     2622     2346     1505     1394     3046     1604     1731     3404     421      1949     2727     3780     1550     2416     1684     2290     2965     3905     2032     4331     1732     3899     512      3408     1156     923      4404     
10       1235     3328     477      3223     1044     765      1466     2652     799      3002     0        1704     2189     1250     3748     2482     2982     1703     1802     2911     1479     734      3176     1342     854      998      2407     602      1947     2464     1518     1164     1035     2759     1680     1037     3068     2976     3289     2086     2754     
11       1923     2761     2020     3579     1010     2326     509      1409     1723     2948     1704     0        2444     2905     2372     1106     2073     1672     122      1949     1338     1305     3298     1146     868      2633     3237     1494     2864     1123     197      1561     1396     1431     1233     2611     3274     1274     2585     2308     1487     
12       958      1497     1909     1149     1598     1934     2698     3852     2931     844      2189     2444     0        3076     2843     2158     1698     772      2557     1737     1113     2657     991      1323     2034     2936     1049     1622     975      2104     2413     3164     1285     3874     1229     3058     902      3190     1619     136      3931     
13       2166     4414     1223     3899     2282     1142     2572     3591     1374     3920     1250     2905     3076     0        4993     3733     4172     2800     2991     4114     2650     1677     3990     2549     2091     276      2877     1763     2458     3714     2711     1796     2189     3726     2880     373      3849     4178     4418     3008     3693     
14       3150     1778     3843     3508     2710     4072     2879     3156     4035     2622     3748     2372     2843     4993     0        1299     1155     2454     2365     1106     2432     3609     3032     2472     2955     4747     3891     3253     3767     1303     2547     3930     2867     3053     2171     4775     3133     1663     1500     2769     3163     
15       2105     1875     2635     3145     1472     2894     1615     2193     2735     2346     2482     1106     2158     3733     1299     0        1086     1511     1124     949      1344     2309     2754     1306     1665     3478     3158     2038     2907     56       1265     2643     1707     2139     1086     3496     2787     1063     1644     2041     2234     
16       2139     814      2963     2385     1957     3142     2553     3277     3455     1505     2982     2073     1698     4172     1155     1086     0        1430     2126     137      1522     3051     1925     1640     2325     3954     2741     2413     2644     1041     2184     3473     1983     3225     1302     4016     2008     2055     562      1634     3320     
17       710      1629     1577     1912     882      1724     1941     3080     2349     1394     1703     1672     772      2800     2454     1511     1430     0        1785     1406     349      2018     1679     567      1333     2606     1664     1100     1396     1462     1644     2515     673      3102     472      2693     1629     2488     1618     636      3159     
18       2045     2832     2130     3689     1132     2438     519      1300     1778     3046     1802     122      2557     2991     2365     1124     2126     1785     0        1998     1454     1367     3401     1265     976      2717     3358     1611     2986     1146     284      1589     1518     1316     1341     2689     3381     1187     2647     2422     1375     
19       2116     948      2912     2476     1878     3102     2433     3141     3361     1604     2911     1949     1737     4114     1106     949      137      1406     1998     0        1467     2953     2025     1570     2231     3890     2785     2351     2666     904      2064     3367     1928     3089     1235     3947     2101     1921     699      1664     3183     
20       761      1867     1444     2259     552      1646     1592     2742     2061     1731     1479     1338     1113     2650     2432     1344     1522     349      1454     1467     0        1708     2027     218      1001     2434     1933     893      1611     1302     1300     2195     461      2769     266      2503     1978     2244     1811     977      2823     
21       1768     3552     1208     3765     1159     1499     903      1965     425      3404     734      1305     2657     1677     3609     2309     3051     2018     1367     2953     1708     0        3644     1507     731      1401     3057     1067     2604     2308     1109     507      1377     2086     1817     1345     3559     2545     3456     2535     2068     
22       1941     1295     2871     489      2553     2854     3615     4699     3923     421      3176     3298     991      3990     3032     2754     1925     1679     3401     2025     2027     3644     0        2246     2999     3876     1373     2614     1617     2698     3300     4150     2267     4700     2068     4008     173      3817     1548     1108     4770     
23       841      2049     1372     2471     348      1605     1377     2542     1874     1949     1342     1146     1323     2549     2472     1306     1640     567      1265     1570     218      1507     2246     0        791      2321     2097     788      1748     1270     1094     1988     403      2575     338      2377     2195     2132     1975     1187     2625     
24       1261     2823     1153     3175     451      1463     777      2033     1129     2727     854      868      2034     2091     2955     1665     2325     1333     976      2231     1001     731      2999     791      0        1828     2612     670      2190     1654     697      1199     765      2107     1088     1834     2932     2129     2725     1904     2129     
25       2002     4230     1041     3817     2040     1025     2296     3322     1107     3780     998      2633     2936     276      4747     3478     3954     2606     2717     3890     2434     1401     3876     2321     1828     0        2829     1541     2393     3461     2438     1537     1974     3455     2655     175      3742     3905     4221     2860     3424     
26       1351     2420     1977     1093     2258     1833     3369     4603     3207     1550     2407     3237     1049     2877     3891     3158     2741     1664     3358     2785     1933     3057     1373     2097     2612     2829     0        2007     461      3106     3157     3545     1872     4652     2131     2987     1201     4152     2595     1138     4692     
27       701      2726     596      2704     571      868      1445     2700     1309     2416     602      1494     1622     1763     3253     2038     2413     1100     1611     2351     893      1067     2614     788      670      1541     2007     0        1565     2011     1345     1571     437      2777     1117     1610     2517     2702     2695     1510     2797     
28       945      2462     1516     1447     1864     1383     2958     4204     2746     1684     1947     2864     975      2458     3767     2907     2644     1396     2986     2666     1611     2604     1617     1748     2190     2393     461      1565     0        2858     2769     3089     1475     4261     1839     2546     1455     3855     2594     1013     4295     
29       2063     1825     2608     3089     1447     2864     1631     2236     2733     2290     2464     1123     2104     3714     1303     56       1041     1462     1146     904      1302     2308     2698     1270     1654     3461     3106     2011     2858     0        1276     2650     1673     2185     1042     3482     2730     1119     1597     1988     2279     
30       1824     2838     1850     3557     904      2160     369      1451     1528     2965     1518     197      2413     2711     2547     1265     2184     1644     284      2064     1300     1109     3300     1094     697      2438     3157     1345     2769     1276     0        1383     1294     1494     1234     2414     3266     1467     2677     2277     1537     
31       2273     4017     1638     4272     1643     1901     1070     1813     444      3905     1164     1561     3164     1796     3930     2643     3473     2515     1589     3367     2195     507      4150     1988     1199     1537     3545     1571     3089     2650     1383     0        1882     1957     2284     1427     4067     2695     3906     3042     1913     
32       529      2292     986      2415     389      1204     1499     2733     1684     2032     1035     1396     1285     2189     2867     1707     1983     673      1518     1928     461      1377     2267     403      765      1974     1872     437      1475     1673     1294     1882     0        2786     702      2047     2188     2491     2257     1160     2823     
33       3315     4004     3187     5002     2397     3499     1334     163      2353     4331     2759     1431     3874     3726     3053     2139     3225     3102     1316     3089     2769     2086     4700     2575     2107     3455     4652     2777     4261     2185     1494     1957     2786     0        2653     3367     4687     1397     3782     3738     113      
34       1022     1734     1688     2349     671      1902     1563     2641     2197     1732     1680     1233     1229     2880     2171     1086     1302     472      1341     1235     266      1817     2068     338      1088     2655     2131     1117     1839     1042     1234     2284     702      2653     0        2714     2041     2022     1645     1095     2715     
35       2113     4321     1151     3962     2081     1169     2248     3229     1013     3899     1037     2611     3058     373      4775     3496     4016     2693     2689     3947     2503     1345     4008     2377     1834     175      2987     1610     2546     3482     2414     1427     2047     3367     2714     0        3877     3876     4302     2976     3331     
36       1833     1423     2747     376      2491     2717     3571     4681     3825     512      3068     3274     902      3849     3133     2787     2008     1629     3381     2101     1978     3559     173      2195     2932     3742     1201     2517     1455     2730     3266     4067     2188     4687     2041     3877     0        3850     1666     1028     4754     
37       2973     2869     3264     4206     2152     3562     1653     1513     2944     3408     2976     1274     3190     4178     1663     1063     2055     2488     1187     1921     2244     2545     3817     2132     2129     3905     4152     2702     3855     1119     1467     2695     2491     1397     2022     3876     3850     0        2612     3067     1510     
38       2287     281      3195     2034     2316     3329     3045     3830     3842     1156     3289     2585     1619     4418     1500     1644     562      1618     2647     699      1811     3456     1548     1975     2725     4221     2595     2695     2594     1597     2677     3906     2257     3782     1645     4302     1666     2612     0        1599     3875     
39       865      1499     1825     1283     1466     1869     2563     3716     2817     923      2086     2308     136      3008     2769     2041     1634     636      2422     1664     977      2535     1108     1187     1904     2860     1138     1510     1013     1988     2277     3042     1160     3738     1095     2976     1028     3067     1599     0        3795     
40       3351     4094     3189     5064     2435     3501     1352     102      2318     4404     2754     1487     3931     3693     3163     2234     3320     3159     1375     3183     2823     2068     4770     2625     2129     3424     4692     2797     4295     2279     1537     1913     2823     113      2715     3331     4754     1510     3875     3795     0        
;



Table delta(i,j)                 Distance
         0        1        2        3        4        5        6        7        8        9        10       11       12       13       14       15       16       17       18       19       20       21       22       23       24       25       26       27       28       29       30       31       32       33       34       35       36       37       38       39       40       
0        0        174      85       13       116      150      113      53       363      136      213      262      247      311      175      375      255      61       82       280      314      242      276      65       58       361      56       76       322      180      403      262      305      222      241      107      296      138      114      108      203      
1        174      0        173      171      211      69       84       122      228      264      208      142      124      156      49       294      194      202      217      143      193      305      340      120      208      228      223      129      187      274      275      232      154      180      325      200      306      220      209      217      31       
2        85       173      0        71       199      182      89       79       393      220      282      296      279      328      149      429      311      146      167      235      350      326      360      62       57       392      84       138      351      265      437      328      264      282      326      190      373      221      198      193      204      
3        13       171      71       0        129      152      105      48       366      149      223      266      250      311      168      382      263      74       95       272      318      255      289      56       50       365      53       83       325      193      408      271      297      230      255      120      308      151      127      122      200      
4        116      211      199      129      0        151      193      135      324      58       121      228      219      296      236      297      185      60       47       348      271      126      160      158      170      321      155      86       289      69       355      172      364      150      129      11       186      23       2        14       229      
5        150      69       182      152      151      0        110      109      215      207      140      114      98       161      111      250      138      157      168      212      168      236      270      120      199      213      206      82       173      209      257      169      222      117      258      141      239      156      149      159      80       
6        113      84       89       105      193      110      0        63       309      234      237      216      198      240      64       359      247      160      180      167      270      310      345      48       131      309      150      108      267      262      355      274      192      224      321      181      335      209      191      193      114      
7        53       122      79       48       135      109      63       0        323      171      204      223      207      265      122      350      232      97       118      230      277      258      293      22       91       322      101      60       282      204      366      248      253      202      265      124      296      154      133      133      152      
8        363      228      393      366      324      215      309      323      0        380      223      101      116      80       271      130      151      356      360      305      53       334      354      333      414      4        420      290      42       351      47       193      288      181      370      319      269      316      323      337      201      
9        136      264      220      149      58       207      234      171      380      0        168      286      277      354      284      343      237      75       54       396      327      129      157      192      177      377      155      135      346      59       410      216      415      202      115      67       210      64       60       48       285      
10       213      208      282      223      121      140      237      204      223      168      0        145      144      219      251      176      72       174      167      350      171      116      144      225      272      219      264      144      196      129      246      51       355      44       149      121      99       104      121      135      210      
11       262      142      296      266      228      114      216      223      101      286      145      0        18       74       190      154      86       256      261      254      54       261      288      234      314      99       318      188      61       265      142      135      248      100      294      222      220      223      227      241      123      
12       247      124      279      250      219      98       198      207      116      277      144      18       0        78       173      171      92       243      249      239      71       260      289      217      297      115      303      174      75       259      159      141      235      101      292      212      225      215      217      231      106      
13       311      156      328      311      296      161      240      265      80       354      219      74       78       0        196      191      157      316      324      225      76       336      363      270      356      82       365      243      49       337      127      207      209      175      368      288      291      293      294      307      127      
14       175      49       149      168      236      111      64       122      271      284      251      190      173      196      0        343      243      215      234      111      240      342      377      112      195      272      215      150      231      303      318      279      131      227      358      225      351      249      234      239      70       
15       375      294      429      382      297      250      359      350      130      343      176      154      171      191      343      0        119      347      342      406      116      257      267      366      432      126      430      299      142      298      116      127      396      153      295      296      172      281      296      311      277      
16       255      194      311      263      185      138      247      232      151      237      72       86       92       157      243      119      0        229      227      326      100      183      207      249      313      147      310      179      126      201      174      49       325      35       219      182      134      172      184      199      185      
17       61       202      146      74       60       157      160      97       356      75       174      256      243      316      215      347      229      0        21       326      304      184      217      117      110      354      94       75       318      119      392      225      347      194      181      55       246      83       59       50       227      
18       82       217      167      95       47       168      180      118      360      54       167      261      249      324      234      342      227      21       0        344      307      166      198      138      129      357      111      88       323      99       394      218      365      192      161      46       233      69       47       34       241      
19       280      143      235      272      348      212      167      230      305      396      350      254      239      225      111      406      326      326      344      0        291      449      483      215      289      307      312      262      272      414      350      369      33       318      467      336      447      360      345      351      141      
20       314      193      350      318      271      168      270      277      53       327      171      54       71       76       240      116      100      304      307      291      0        283      306      288      367      50       371      239      30       298      89       145      280      128      319      265      226      262      270      284      171      
21       242      305      326      255      126      236      310      258      334      129      116      261      260      336      342      257      183      184      166      449      283      0        35       281      295      330      277      201      310      70       350      141      459      161      37       136      93       104      128      134      314      
22       276      340      360      289      160      270      345      293      354      157      144      288      289      363      377      267      207      217      198      483      306      35       0        316      327      350      308      237      334      99       367      161      493      188      45       170      95       139      162      167      348      
23       65       120      62       56       158      120      48       22       333      192      225      234      217      270      112      366      249      117      138      215      288      281      316      0        87       332      103      82       291      226      376      268      240      220      287      147      318      177      156      155      151      
24       58       208      57       50       170      199      131      91       414      177      272      314      297      356      195      432      313      110      129      289      367      295      327      87       0        412      27       133      372      228      456      321      318      280      289      163      353      193      169      160      239      
25       361      228      392      365      321      213      309      322      4        377      219      99       115      82       272      126      147      354      357      307      50       330      350      332      412      0        418      288      41       348      46       189      290      177      366      316      265      313      320      334      202      
26       56       223      84       53       155      206      150      101      420      155      264      318      303      365      215      430      310      94       111      312      371      277      308      103      27       418      0        132      379      209      460      314      340      276      269      149      341      178      154      144      253      
27       76       129      138      83       86       82       108      60       290      135      144      188      174      243      150      299      179      75       88       262      239      201      237      82       133      288      132      0        249      154      328      190      280      147      212      74       236      101      84       89       152      
28       322      187      351      325      289      173      267      282      42       346      196      61       75       49       231      142      126      318      323      272      30       310      334      291      372      41       379      249      0        321      87       174      258      152      345      283      255      282      287      302      161      
29       180      274      265      193      69       209      262      204      351      59       129      265      259      337      303      298      201      119      99       414      298      70       99       226      228      348      209      154      321      0        375      172      428      170      61       80       153      53       71       72       289      
30       403      275      437      408      355      257      355      366      47       410      246      142      159      127      318      116      174      392      394      350      89       350      367      376      456      46       460      328      87       375      0        209      333      207      387      351      276      345      354      369      248      
31       262      232      328      271      172      169      274      248      193      216      51       135      141      207      279      127      49       225      218      369      145      141      161      268      321      189      314      190      174      172      209      0        370      52       178      172      84       154      172      186      228      
32       305      154      264      297      364      222      192      253      288      415      355      248      235      209      131      396      325      347      365      33       280      459      493      240      318      290      340      280      258      428      333      370      0        321      480      353      451      375      362      368      145      
33       222      180      282      230      150      117      224      202      181      202      44       100      101      175      227      153      35       194      192      318      128      161      188      220      280      177      276      147      152      170      207      52       321      0        194      146      129      137      148      163      177      
34       241      325      326      255      129      258      321      265      370      115      149      294      292      368      358      295      219      181      161      467      319      37       45       287      289      366      269      212      345      61       387      178      480      194      0        140      129      111      131      133      337      
35       107      200      190      120      11       141      181      124      319      67       121      222      212      288      225      296      182      55       46       336      265      136      170      147      163      316      149      74       283      80       351      172      353      146      140      0        191      31       9        19       219      
36       296      306      373      308      186      239      335      296      269      210      99       220      225      291      351      172      134      246      233      447      226      93       95       318      353      265      341      236      255      153      276      84       451      129      129      191      0        163      187      198      306      
37       138      220      221      151      23       156      209      154      316      64       104      223      215      293      249      281      172      83       69       360      262      104      139      177      193      313      178      101      282      53       345      154      375      137      111      31       163      0        24       34       236      
38       114      209      198      127      2        149      191      133      323      60       121      227      217      294      234      296      184      59       47       345      270      128      162      156      169      320      154      84       287      71       354      172      362      148      131      9        187      24       0        15       227      
39       108      217      193      122      14       159      193      133      337      48       135      241      231      307      239      311      199      50       34       351      284      134      167      155      160      334      144      89       302      72       369      186      368      163      133      19       198      34       15       0        236      
40       203      31       204      200      229      80       114      152      201      285      210      123      106      127      70       277      185      227      241      141      171      314      348      151      239      202      253      152      161      289      248      228      145      177      337      219      306      236      227      236      0        
;

