

sets
i        orders          /0*40/
k        routes          /1*40/
p        positions       /0*40/
;

alias(i,j)
alias(i,h)
alias(i,hh)
alias(i,jj)
alias(k,kk)
                            Parameters

rho(i)	Processing time
/
0	0
1	96
2	33
3	72
4	75
5	53
6	20
7	22
8	26
9	49
10	77
11	72
12	94
13	80
14	83
15	74
16	25
17	51
18	18
19	41
20	44
21	33
22	43
23	68
24	15
25	23
26	98
27	53
28	55
29	85
30	49
31	13
32	99
33	44
34	24
35	83
36	32
37	6
38	31
39	65
40	57
/

gamma(i)	Duedate
/
0	0
1	5
2	19
3	5
4	75
5	14
6	15
7	33
8	66
9	41
10	19
11	55
12	47
13	4
14	19
15	18
16	80
17	14
18	13
19	35
20	46
21	89
22	11
23	73
24	26
25	73
26	23
27	81
28	13
29	38
30	51
31	75
32	36
33	65
34	67
35	14
36	92
37	86
38	43
39	9
40	51
/

sigma(i)	Size
/
0	0
1	4
2	6
3	4
4	9
5	7
6	6
7	7
8	5
9	9
10	7
11	4
12	4
13	1
14	6
15	1
16	7
17	1
18	7
19	2
20	7
21	1
22	5
23	3
24	6
25	7
26	6
27	7
28	9
29	6
30	8
31	5
32	4
33	5
34	5
35	9
36	3
37	7
38	7
39	8
40	8
/

epsilon(i)	Priority
/
0	0
1	6
2	8
3	2
4	9
5	5
6	8
7	2
8	6
9	5
10	4
11	9
12	4
13	6
14	1
15	1
16	5
17	8
18	8
19	8
20	1
21	4
22	3
23	9
24	6
25	9
26	5
27	3
28	5
29	9
30	6
31	4
32	2
33	8
34	9
35	3
36	7
37	3
38	2
39	9
40	4
/

psi	Vehicle Capacity
/ 33 /
;

Table kappa(i,j)                 Setup
         0        1        2        3        4        5        6        7        8        9        10       11       12       13       14       15       16       17       18       19       20       21       22       23       24       25       26       27       28       29       30       31       32       33       34       35       36       37       38       39       40       
0        0        3318     1548     2087     2604     1369     2164     1934     2607     4211     1619     2922     1371     1235     2031     3799     3305     2717     509      2528     2250     2919     1909     1686     866      1013     261      2291     2890     2090     3666     922      2755     1331     1576     2236     1850     3576     2009     1432     3564     
1        3318     0        2866     2401     3114     4138     3175     2065     3733     1161     3935     3519     4067     4258     1578     1048     2839     2891     3503     1821     1530     3195     1414     2745     2492     4138     3232     1027     1332     2622     2665     2503     3576     3193     2559     3926     2948     3126     1370     4452     1697     
2        1548     2866     0        684      1059     1426     660      2578     1221     3383     1093     1411     1334     1683     2328     2906     1791     1175     1261     3022     2565     1372     1816     2733     1110     1689     1722     2033     1876     590      2209     964      1280     397      2528     1135     310      2042     1577     1831     2382     
3        2087     2401     684      0        828      2104     774      2623     1348     2764     1728     1265     2011     2367     2255     2280     1237     756      1893     2956     2468     1055     1660     2938     1416     2367     2209     1749     1254     221      1581     1282     1246     1081     2712     1540     595      1533     1306     2514     1703     
4        2604     3114     1059     828      0        2153     484      3435     679      3258     1656     437      2053     2492     3081     2778     909      296      2272     3784     3296     318      2488     3703     2109     2574     2782     2563     1834     652      1420     1964     464      1320     3484     1131     753      1068     2129     2585     2015     
5        1369     4138     1426     2104     2153     0        1676     3215     1805     4781     525      2283     99       371      3184     4312     3043     2391     873      3782     3424     2447     2859     3051     1773     563      1629     3181     3288     1969     3524     1702     2062     1030     2924     1255     1562     3220     2772     432      3807     
6        2164     3175     660      774      484      1676     0        3194     607      3481     1193     759      1577     2010     2897     2996     1368     717      1805     3600     3126     796      2338     3387     1766     2089     2359     2484     1990     553      1860     1619     620      851      3178     793      357      1550     2028     2108     2314     
7        1934     2065     2578     2623     3435     3215     3194     0        3790     3207     3287     3864     3188     3154     525      2964     3711     3374     2359     599      540      3679     1075     686      1534     2944     1722     1299     2508     2783     3829     1661     3794     2669     537      3667     2842     4036     1486     3355     3207     
8        2607     3733     1221     1348     679      1805     607      3790     0        3935     1280     526      1712     2173     3503     3453     1507     971      2181     4206     3733     821      2946     3950     2328     2313     2827     3085     2489     1130     2030     2183     300      1282     3748     580      948      1568     2631     2218     2694     
9        4211     1161     3383     2764     3258     4781     3481     3207     3935     0        4473     3583     4696     4972     2701     485      2671     2979     4292     2981     2680     3224     2405     3878     3347     4897     4174     2028     1512     2962     2305     3317     3708     3764     3679     4275     3360     2876     2205     5149     1307     
10       1619     3935     1093     1728     1656     525      1193     3287     1280     4473     0        1761     432      893      3171     3994     2559     1910     1115     3818     3415     1940     2761     3231     1765     1052     1876     3040     2962     1562     3053     1659     1538     743      3074     738      1145     2718     2601     944      3420     
11       2922     3519     1411     1265     437      2283     759      3864     526      3583     1761     0        2186     2643     3517     3111     1022     629      2545     4220     3733     360      2925     4110     2501     2761     3119     2999     2215     1082     1540     2354     229      1598     3894     1100     1101     1047     2566     2706     2301     
12       1371     4067     1334     2011     2053     99       1577     3188     1712     4696     432      2186     0        461      3142     4226     2944     2291     867      3749     3382     2348     2801     3045     1726     632      1633     3118     3201     1873     3425     1649     1966     939      2912     1168     1464     3121     2703     531      3713     
13       1235     4258     1683     2367     2492     371      2010     3154     2173     4972     893      2643     461      0        3183     4512     3370     2718     807      3738     3417     2793     2924     2913     1810     251      1481     3270     3502     2253     3839     1767     2424     1288     2811     1627     1859     3560     2888     204      4059     
14       2031     1578     2328     2255     3081     3184     2897     525      3503     2701     3171     3517     3142     3183     0        2443     3268     2987     2376     704      243      3301     612      1176     1417     3001     1868     777      1999     2436     3350     1512     3472     2490     982      3454     2559     3594     1020     3388     2690     
15       3799     1048     2906     2280     2778     4312     2996     2964     3453     485      3994     3111     4226     4512     2443     0        2226     2501     3851     2823     2462     2754     2066     3612     2933     4446     3780     1711     1031     2477     1901     2891     3230     3290     3401     3789     2876     2452     1813     4687     876      
16       3305     2839     1791     1237     909      3043     1368     3711     1507     2671     2559     1022     2944     3370     3268     2226     0        652      3053     3934     3444     686      2657     4113     2649     3430     3442     2595     1514     1216     523      2518     1216     2132     3882     2027     1535     325      2248     3476     1364     
17       2717     2891     1175     756      296      2391     717      3374     971      2979     1910     629      2291     2718     2987     2501     652      0        2429     3682     3190     320      2381     3693     2140     2781     2875     2414     1586     648      1145     2000     729      1492     3468     1422     897      869      2000     2823     1723     
18       509      3503     1261     1893     2272     873      1805     2359     2181     4292     1115     2545     867      807      2376     3851     3053     2429     0        2937     2609     2590     2136     2179     1020     640      771      2495     2878     1845     3462     1000     2359     954      2051     1764     1533     3298     2142     1011     3502     
19       2528     1821     3022     2956     3784     3782     3600     599      4206     2981     3818     4220     3749     3738     704      2823     3934     3682     2937     0        492      3998     1300     1170     2052     3534     2320     1356     2581     3140     3975     2164     4176     3163     1093     4141     3261     4259     1693     3941     3226     
20       2250     1530     2565     2468     3296     3424     3126     540      3733     2680     3415     3733     3382     3417     243      2462     3444     3190     2609     492      0        3507     809      1227     1659     3230     2075     884      2117     2655     3498     1756     3694     2733     1064     3694     2792     3769     1201     3621     2785     
21       2919     3195     1372     1055     318      2447     796      3679     821      3224     1940     360      2348     2793     3301     2754     686      320      2590     3998     3507     0        2697     3977     2401     2883     3094     2735     1878     915      1209     2257     532      1638     3755     1354     1069     780      2318     2878     1941     
22       1909     1414     1816     1660     2488     2859     2338     1075     2946     2405     2761     2925     2801     2924     612      2066     2657     2381     2136     1300     809      2697     0        1614     1116     2777     1818     389      1448     1851     2754     1160     2893     2039     1386     2951     2016     2983     412      3124     2164     
23       1686     2745     2733     2938     3703     3051     3387     686      3950     3878     3231     4110     3045     2913     1176     3612     4113     3693     2179     1170     1227     3977     1614     0        1623     2679     1433     1912     3059     3062     4298     1769     4005     2724     233      3728     3029     4432     1994     3104     3778     
24       866      2492     1110     1416     2109     1773     1766     1534     2328     3347     1765     2501     1726     1810     1417     2933     2649     2140     1020     2052     1659     2401     1116     1623     0        1660     877      1477     2036     1493     2942     146      2386     1137     1421     2142     1409     2949     1152     2012     2727     
25       1013     4138     1689     2367     2574     563      2089     2944     2313     4897     1052     2761     632      251      3001     4446     3430     2781     640      3534     3230     2883     2777     2679     1660     0        1250     3134     3451     2274     3882     1635     2548     1307     2584     1790     1899     3637     2773     426      4038     
26       261      3232     1722     2209     2782     1629     2359     1722     2827     4174     1876     3119     1633     1481     1868     3780     3442     2875     771      2320     2075     3094     1818     1433     877      1250     0        2207     2912     2236     3777     969      2961     1545     1334     2479     2031     3723     1970     1674     3605     
27       2291     1027     2033     1749     2563     3181     2484     1299     3085     2028     3040     2999     3118     3270     777      1711     2595     2414     2495     1356     884      2735     389      1912     1477     3134     2207     0        1233     1959     2619     1502     2996     2303     1695     3157     2191     2918     459      3468     1913     
28       2890     1332     1876     1254     1834     3288     1990     2508     2489     1512     2962     2215     3201     3502     1999     1031     1514     1586     2878     2581     2117     1878     1448     3059     2036     3451     2912     1233     0        1456     1419     1967     2298     2263     2829     2779     1848     1813     1070     3671     725      
29       2090     2622     590      221      652      1969     553      2783     1130     2962     1562     1082     1873     2253     2436     2477     1216     648      1845     3140     2655     915      1851     3062     1493     2274     2236     1959     1456     0        1618     1351     1043     968      2840     1326     416      1487     1511     2388     1858     
30       3666     2665     2209     1581     1420     3524     1860     3829     2030     2305     3053     1540     3425     3839     3350     1901     523      1145     3462     3975     3498     1209     2754     4298     2942     3882     3777     2619     1419     1618     0        2822     1739     2574     4064     2546     1983     590      2343     3955     1028     
31       922      2503     964      1282     1964     1702     1619     1661     2183     3317     1659     2354     1649     1767     1512     2891     2518     2000     1000     2164     1756     2257     1160     1769     146      1635     969      1502     1967     1351     2822     0        2239     1007     1565     2008     1262     2815     1143     1966     2646     
32       2755     3576     1280     1246     464      2062     620      3794     300      3708     1538     229      1966     2424     3472     3230     1216     729      2359     4176     3694     532      2893     4005     2386     2548     2961     2996     2298     1043     1739     2239     0        1424     3795     871      977      1268     2552     2482     2445     
33       1331     3193     397      1081     1320     1030     851      2669     1282     3764     743      1598     939      1288     2490     3290     2132     1492     954      3163     2733     1638     2039     2724     1137     1307     1545     2303     2263     968      2574     1007     1424     0        2538     1007     597      2359     1860     1433     2780     
34       1576     2559     2528     2712     3484     2924     3178     537      3748     3679     3074     3894     2912     2811     982      3401     3882     3468     2051     1093     1064     3755     1386     233      1421     2584     1334     1695     2829     2840     4064     1565     3795     2538     0        3545     2820     4201     1763     3007     3549     
35       2236     3926     1135     1540     1131     1255     793      3667     580      4275     738      1100     1168     1627     3454     3789     2027     1422     1764     4141     3694     1354     2951     3728     2142     1790     2479     3157     2779     1326     2546     2008     871      1007     3545     0        980      2125     2698     1654     3098     
36       1850     2948     310      595      753      1562     357      2842     948      3360     1145     1101     1464     1859     2559     2876     1535     897      1533     3261     2792     1069     2016     3029     1409     1899     2031     2191     1848     416      1983     1262     977      597      2820     980      0        1766     1731     1986     2274     
37       3576     3126     2042     1533     1068     3220     1550     4036     1568     2876     2718     1047     3121     3560     3594     2452     325      869      3298     4259     3769     780      2983     4432     2949     3637     3723     2918     1813     1487     590      2815     1268     2359     4201     2125     1766     0        2574     3652     1577     
38       2009     1370     1577     1306     2129     2772     2028     1486     2631     2205     2601     2566     2703     2888     1020     1813     2248     2000     2142     1693     1201     2318     412      1994     1152     2773     1970     459      1070     1511     2343     1143     2552     1860     1763     2698     1731     2574     0        3082     1794     
39       1432     4452     1831     2514     2585     432      2108     3355     2218     5149     944      2706     531      204      3388     4687     3476     2823     1011     3941     3621     2878     3124     3104     2012     426      1674     3468     3671     2388     3955     1966     2482     1433     3007     1654     1986     3652     3082     0        4213     
40       3564     1697     2382     1703     2015     3807     2314     3207     2694     1307     3420     2301     3713     4059     2690     876      1364     1723     3502     3226     2785     1941     2164     3778     2727     4038     3605     1913     725      1858     1028     2646     2445     2780     3549     3098     2274     1577     1794     4213     0        
;



Table delta(i,j)                 Distance
         0        1        2        3        4        5        6        7        8        9        10       11       12       13       14       15       16       17       18       19       20       21       22       23       24       25       26       27       28       29       30       31       32       33       34       35       36       37       38       39       40       
0        0        248      202      267      127      235      202      248      214      304      108      120      396      314      174      147      139      292      228      147      366      304      188      159      116      213      317      74       356      161      234      149      377      123      285      102      260      122      334      164      371      
1        248      0        102      95       141      354      51       337      132      87       348      127      265      316      382      116      246      332      252      279      422      395      100      343      347      306      182      186      410      356      130      159      411      364      87       145      44       347      269      240      380      
2        202      102      0        187      148      375      102      367      33       189      310      98       359      375      365      57       258      380      297      286      470      429      14       336      316      332      272      167      458      344      202      68       466      325      186      111      143      320      346      263      441      
3        267      95       187      0        140      302      89       276      220      51       349      164      172      233      361      178      212      258      185      245      345      329      180      317      342      252      86       194      333      332      56       229      329      366      25       178      52       338      176      196      294      
4        127      141      148      140      0        227      90       218      177      181      212      57       277      238      240      99       111      235      154      142      323      280      134      203      209      183      193      53       311      214      109      143      322      229      159      58       140      207      230      114      303      
5        235      354      375      302      227      0        306      38       401      353      202      278      316      149      134      321      117      102      122      92       139      70       360      100      179      50       282      215      132      112      246      354      161      208      327      268      334      165      222      114      175      
6        202      51       102      89       90       306      0        290      136      108      299      84       259      280      331      89       195      292      209      228      382      350      93       292      297      258      171      137      370      304      100      140      374      315      95       101      59       296      244      191      345      
7        248      337      367      276      218      38       290      0        396      327      230      273      279      110      169      316      116      63       92       101      117      62       353      130      208      36       249      216      108      144      221      353      133      237      301      266      313      194      184      104      140      
8        214      132      33       220      177      401      136      396      0        219      322      123      392      408      383      80       284      411      328      311      500      458      45       357      330      360      305      189      488      364      235      67       497      337      217      134      174      335      380      291      473      
9        304      87       189      51       181      353      108      327      219      0        393      192      188      278      410      195      262      306      235      294      392      379      186      366      387      303      114      234      380      381      107      242      374      409      26       208      49       384      214      247      337      
10       108      348      310      349      212      202      299      230      322      393      0        223      448      324      88       254      161      288      251      145      341      271      296      102      23       203      380      161      334      93       305      256      362      16       370      206      353      37       369      189      369      
11       120      127      98       164      57       278      84       273      123      192      223      0        320      295      270      43       160      292      211      188      380      335      83       238      226      237      233      69       368      247      150      85       380      240      176      17       144      228      283      168      360      
12       396      265      359      172      277      316      259      279      392      188      448      320      0        179      425      344      287      226      205      309      283      305      352      379      433      276      88       324      273      395      170      396      253      462      179      330      221      424      95       260      209      
13       314      316      375      233      238      149      280      110      408      278      324      295      179      0        276      335      176      49       87       180      115      126      363      234      305      123      175      260      103      249      186      381      96       335      255      295      281      292      85       149      65       
14       174      382      365      361      240      134      331      169      383      410      88       270      425      276      0        307      149      233      220      120      269      198      351      46       67       154      371      201      264      30       309      321      294      86       385      254      377      54       337      171      309      
15       147      116      57       178      99       321      89       316      80       195      254      43       344      335      307      0        203      334      252      231      422      378      43       278      259      280      256      110      410      287      176      52       421      270      184      54       146      263      316      211      400      
16       139      246      258      212      111      117      195      116      284      262      161      160      287      176      149      203      0        153      93       33       231      177      243      104      146      79       224      100      220      119      160      238      239      174      236      151      233      137      209      28       232      
17       292      332      380      258      235      102      292      63       411      306      288      292      226      49       233      334      153      0        82       149      90       80       367      192      267      85       213      247      78       207      206      377      87       297      282      289      302      254      131      131      81       
18       228      252      297      185      154      122      209      92       328      235      251      211      205      87       220      252      93       82       0        107      173      145      284      174      234      74       160      173      160      190      130      297      168      264      210      210      224      223      118      65       149      
19       147      279      286      245      142      92       228      101      311      294      145      188      309      180      120      231      33       149      107      0        219      158      271      73       127      66       251      123      209      89       191      261      231      156      269      177      266      116      226      51       230      
20       366      422      470      345      323      139      382      117      500      392      341      380      283      115      269      422      231      90       173      219      0        71       456      239      318      153      290      330      12       250      295      464      36       347      368      376      390      304      196      214      77       
21       304      395      429      329      280      70       350      62       458      379      271      335      305      126      198      378      177      80       145      158      71       0        415      169      249      98       291      277      66       179      275      415      99       276      354      328      369      234      211      166      125      
22       188      100      14       180      134      360      93       353      45       186      296      83       352      363      351      43       243      367      284      271      456      415      0        321      302      317      264      152      444      330      192      61       452      312      181      97       138      306      336      249      428      
23       159      343      336      317      203      100      292      130      357      366      102      238      379      234      46       278      104      192      174      73       239      169      321      0        79       110      325      169      232      16       265      299      261      108      341      224      335      65       291      125      271      
24       116      347      316      342      209      179      297      208      330      387      23       226      433      305      67       259      146      267      234      127      318      249      302      79       0        183      368      160      311      70       296      265      340      30       364      209      349      14       352      173      347      
25       213      306      332      252      183      50       258      36       360      303      203      237      276      123      154      280      79       85       74       66       153      98       317      110      183      0        235      179      143      126      196      316      165      213      277      229      284      170      184      68       166      
26       317      182      272      86       193      282      171      249      305      114      380      233      88       175      371      256      224      213      160      251      290      291      264      325      368      235      0        243      279      341      84       308      268      395      98       244      138      361      101      200      228      
27       74       186      167      194      53       215      137      216      189      234      161      69       324      260      201      110      100      247      173      123      330      277      152      169      160      179      243      0        319      178      160      138      335      178      213      55       191      161      268      116      322      
28       356      410      458      333      311      132      370      108      488      380      334      368      273      103      264      410      220      78       160      209      12       66       444      232      311      143      279      319      0        244      282      452      33       340      356      364      378      297      185      202      70       
29       161      356      344      332      214      112      304      144      364      381      93       247      395      249      30       287      119      207      190      89       250      179      330      16       70       126      341      178      244      0        280      305      273      97       355      233      349      56       308      141      285      
30       234      130      202      56       109      246      100      221      235      107      305      150      170      186      309      176      160      206      130      191      295      275      192      265      296      196      84       160      282      280      0        228      282      321      81       159      95       291      144      142      250      
31       149      159      68       229      143      354      140      353      67       242      256      85       396      381      321      52       238      377      297      261      464      415      61       299      265      316      308      138      452      305      228      0        465      271      233      88       193      272      367      250      446      
32       377      411      466      329      322      161      374      133      497      374      362      380      253      96       294      421      239      87       168      231      36       99       452      261      340      165      268      335      33       273      282      465      0        369      351      377      377      326      170      218      44       
33       123      364      325      366      229      208      315      237      337      409      16       240      462      335      86       270      174      297      264      156      347      276      312      108      30       213      395      178      340      97       321      271      369      0        386      222      369      43       382      202      377      
34       285      87       186      25       159      327      95       301      217      26       370      176      179      255      385      184      236      282      210      269      368      354      181      341      364      277      98       213      356      355      81       233      351      386      0        191      43       360      194      221      315      
35       102      145      111      178      58       268      101      266      134      208      206      17       330      295      254      54       151      289      210      177      376      328      97       224      209      229      244      55       364      233      159      88       377      222      191      0        161      211      288      162      359      
36       260      44       143      52       140      334      59       313      174      49       353      144      221      281      377      146      233      302      224      266      390      369      138      335      349      284      138      191      378      349      95       193      377      369      43       161      0        347      228      223      343      
37       122      347      320      338      207      165      296      194      335      384      37       228      424      292      54       263      137      254      223      116      304      234      306      65       14       170      361      161      297      56       291      272      326      43       360      211      347      0        342      164      334      
38       334      269      346      176      230      222      244      184      380      214      369      283      95       85       337      316      209      131      118      226      196      211      336      291      352      184      101      268      185      308      144      367      170      382      194      288      228      342      0        180      128      
39       164      240      263      196      114      114      191      104      291      247      189      168      260      149      171      211      28       131      65       51       214      166      249      125      173      68       200      116      202      141      142      250      218      202      221      162      223      164      180      0        207      
40       371      380      441      294      303      175      345      140      473      337      369      360      209      65       309      400      232      81       149      230      77       125      428      271      347      166      228      322      70       285      250      446      44       377      315      359      343      334      128      207      0        
;

