

sets
i        orders          /0*5/
k        routes          /1*5/
p        positions       /0*5/
;

alias(i,j)
alias(i,h)
alias(i,hh)
alias(i,jj)
alias(k,kk)
                            Parameters

rho(i)	Processing time
/
0	0
1	6
2	90
3	25
4	76
5	56
/

gamma(i)	Duedate
/
0	0
1	38
2	3
3	54
4	26
5	18
/

sigma(i)	Size
/
0	0
1	3
2	5
3	9
4	2
5	3
/

epsilon(i)	Priority
/
0	0
1	3
2	6
3	3
4	9
5	3
/

psi	Vehicle Capacity
/ 26 /
;

Table kappa(i,j)                 Setup
         0        1        2        3        4        5        
0        0        35       12       29       28       25       
1        35       0        36       28       38       35       
2        12       36       0        39       16       37       
3        29       28       39       0        51       9        
4        28       38       16       51       0        51       
5        25       35       37       9        51       0        
;



Table delta(i,j)                 Distance
         0        1        2        3        4        5        
0        0        1860     1920     1800     1890     4110     
1        1860     0        83       91       41       77       
2        1920     83       0        125      111      155      
3        1800     91       125      0        58       145      
4        1890     41       111      58       0        87       
5        4110     77       155      145      87       0        
;

