

sets
i        orders          /0*5/
k        routes          /1*5/
p        positions       /0*5/
;

alias(i,j)
alias(i,h)
alias(i,hh)
alias(i,jj)
alias(k,kk)
                            Parameters

rho(i)	Processing time
/
0	0
1	69
2	48
3	16
4	29
5	88
/

gamma(i)	Duedate
/
0	0
1	71
2	28
3	73
4	53
5	6
/

sigma(i)	Size
/
0	0
1	6
2	3
3	3
4	2
5	1
/

epsilon(i)	Priority
/
0	0
1	7
2	1
3	1
4	9
5	1
/

psi	Vehicle Capacity
/ 9 /
;

Table kappa(i,j)                 Setup
         0        1        2        3        4        5        
0        0        14       36       39       20       33       
1        14       0        22       26       7        25       
2        36       22       0        7        19       20       
3        39       26       7        0        25       15       
4        20       7        19       25       0        29       
5        33       25       20       15       29       0        
;



Table delta(i,j)                 Distance
         0        1        2        3        4        5        
0        0        3210     5130     3150     4470     3060     
1        3210     0        148      70       142      84       
2        5130     148      0        81       26       74       
3        3150     70       81       0        71       15       
4        4470     142      26       71       0        60       
5        3060     84       74       15       60       0        
;

