

sets
i        orders          /0*5/
k        routes          /1*5/
p        positions       /0*5/
;

alias(i,j)
alias(i,h)
alias(i,hh)
alias(i,jj)
alias(k,kk)
                            Parameters

rho(i)	Processing time
/
0	0
1	9
2	83
3	19
4	60
5	76
/

gamma(i)	Duedate
/
0	0
1	6
2	95
3	99
4	90
5	35
/

sigma(i)	Size
/
0	0
1	9
2	9
3	8
4	6
5	1
/

epsilon(i)	Priority
/
0	0
1	9
2	2
3	9
4	2
5	1
/

psi	Vehicle Capacity
/ 39 /
;

Table kappa(i,j)                 Setup
         0        1        2        3        4        5        
0        0        22       30       34       13       35       
1        22       0        30       53       10       22       
2        30       30       0        39       32       52       
3        34       53       39       0        47       69       
4        13       10       32       47       0        22       
5        35       22       52       69       22       0        
;



Table delta(i,j)                 Distance
         0        1        2        3        4        5        
0        0        4080     4620     990      1950     960      
1        4080     0        25       169      70       168      
2        4620     25       0        186      88       186      
3        990      169      186      0        98       9        
4        1950     70       88       98       0        98       
5        960      168      186      9        98       0        
;

