

sets
i        orders          /0*40/
k        routes          /1*40/
p        positions       /0*40/
;

alias(i,j)
alias(i,h)
alias(i,hh)
alias(i,jj)
alias(k,kk)
                            Parameters

rho(i)	Processing time
/
0	0
1	67
2	77
3	72
4	62
5	64
6	69
7	22
8	99
9	12
10	11
11	84
12	15
13	26
14	75
15	19
16	49
17	65
18	39
19	68
20	71
21	43
22	44
23	97
24	12
25	90
26	45
27	48
28	63
29	95
30	20
31	1
32	89
33	41
34	21
35	19
36	9
37	95
38	67
39	69
40	46
/

gamma(i)	Duedate
/
0	0
1	8
2	5
3	95
4	30
5	61
6	61
7	92
8	25
9	85
10	10
11	69
12	76
13	73
14	20
15	91
16	44
17	68
18	17
19	40
20	55
21	64
22	46
23	49
24	23
25	73
26	39
27	45
28	94
29	82
30	3
31	54
32	7
33	8
34	27
35	96
36	75
37	22
38	63
39	47
40	58
/

sigma(i)	Size
/
0	0
1	4
2	4
3	5
4	6
5	9
6	3
7	7
8	9
9	6
10	8
11	8
12	3
13	3
14	1
15	1
16	7
17	8
18	4
19	4
20	9
21	9
22	9
23	7
24	9
25	9
26	6
27	8
28	8
29	2
30	6
31	8
32	7
33	1
34	2
35	3
36	7
37	6
38	9
39	8
40	4
/

epsilon(i)	Priority
/
0	0
1	6
2	6
3	9
4	2
5	8
6	2
7	3
8	4
9	6
10	1
11	4
12	3
13	2
14	1
15	4
16	2
17	6
18	7
19	7
20	5
21	4
22	9
23	5
24	4
25	5
26	4
27	8
28	2
29	1
30	2
31	9
32	5
33	7
34	2
35	8
36	4
37	3
38	2
39	6
40	8
/

psi	Vehicle Capacity
/ 26 /
;

Table kappa(i,j)                 Setup
         0        1        2        3        4        5        6        7        8        9        10       11       12       13       14       15       16       17       18       19       20       21       22       23       24       25       26       27       28       29       30       31       32       33       34       35       36       37       38       39       40       
0        0        187      284      136      39       201      40       289      156      303      114      345      160      88       122      11       210      289      307      295      52       148      129      231      135      269      190      99       338      215      107      115      263      78       239      48       211      316      178      267      284      
1        187      0        302      81       225      142      218      172      116      373      291      210      181      173      288      182      335      161      171      351      165      117      124      315      99       325      61       262      268      84       274      293      80       237      292      227      60       159      90       249      364      
2        284      302      0        334      304      162      318      206      377      101      270      246      134      359      244      293      175      220      237      71       322      372      363      104      349      61       355      238      142      234      379      274      313      360      61       265      257      274      211      64       110      
3        136      81       334      0        169      191      157      244      44       388      250      288      201      96       255      128      324      236      249      371      98       41       43       322      18       344      55       229      330      154      202      252      160      166      310      183      135      240      141      292      374      
4        39       225      304      169      0        237      19       327      183      311      91       382      189      101      107      43       207      326      345      307      74       174      154      240      165      282      224      90       370      254      76       92       302      58       254      41       250      355      216      294      290      
5        201      142      162      191      237      0        242      94       235      244      257      152      74       246      241      205      242      99       120      218      216      232      228      198      208      195      200      220      143      73       308      260      154      278      165      213      95       145      52       106      240      
6        40       218      318      157      19       242      0        329      167      329      111      384      199      83       127      38       226      328      347      324      60       159      139      257      151      299      212      109      378      253      66       111      297      41       270      59       247      354      217      305      308      
7        289      172      206      244      327      94       329      0        285      304      351      57       165      319      336      291      328      15       31       274      295      285      287      274      263      256      232      314      107      90       395      355      134      362      233      306      111      69       114      141      306      
8        156      116      377      44       183      235      167      285      0        427      270      326      243      90       279      146      357      276      287      411      108      8        28       360      28       385      67       255      373      195      200      271      189      165      351      205      174      275      184      336      413      
9        303      373      101      388      311      244      329      304      427      0        249      347      192      388      223      314      123      317      335      30       350      421      408      71       399      49       420      227      242      318      380      253      399      369      80       270      338      371      287      163      24       
10       114      291      270      250      91       257      111      351      270      249      0        409      190      193      26       124      131      355      376      253      163      262      243      183      249      232      302      37       368      296      138      4        360      140      211      66       299      394      255      280      226      
11       345      210      246      288      382      152      384      57       326      347      409      0        222      369      393      346      381      56       39       317      347      327      331      324      307      301      267      372      121      136      450      413      153      416      281      363      152      61       167      184      352      
12       160      181      134      201      189      74       199      165      243      192      190      222      0        226      171      167      169      172      193      171      191      238      228      134      215      145      228      152      182      137      264      194      217      239      111      157      153      219      100      107      182      
13       88       173      359      96       101      246      83       319      90       388      193      369      226      0        206      76       298      314      329      378      38       82       63       317      83       351      147      185      389      232      110      193      253      75       320      133      219      327      206      331      370      
14       122      288      244      255      107      241      127      336      279      223      26       393      171      206      0        133      105      340      361      226      174      271      252      156      256      205      305      25       346      286      162      30       353      161      185      74       292      381      244      257      199      
15       11       182      293      128      43       205      38       291      146      314      124      346      167      76       133      0        222      290      308      305      40       137      118      242      125      280      182      111      343      215      103      125      260      72       249      59       209      315      179      274      295      
16       210      335      175      324      207      242      226      328      357      123      131      381      169      298      105      222      0        337      358      134      262      349      332      72       331      121      368      117      305      306      267      134      384      263      115      167      319      386      266      212      99       
17       289      161      220      236      326      99       328      15       276      317      355      56       172      314      340      290      337      0        21       288      292      276      279      285      255      269      221      319      123      82       393      359      119      360      245      308      101      54       111      155      318      
18       307      171      237      249      345      120      347      31       287      335      376      39       193      329      361      308      358      21       0        306      309      288      292      305      267      288      229      339      130      97       412      380      120      378      265      328      113      39       129      173      337      
19       295      351      71       371      307      218      324      274      411      30       253      317      171      378      226      305      134      288      306      0        340      406      393      69       383      26       400      226      212      292      378      256      373      365      60       266      313      343      264      133      43       
20       52       165      322      98       74       216      60       295      108      350      163      347      191      38       174      40       262      292      309      340      0        100      80       279      91       314      153      151      358      212      109      163      245      72       282      99       202      310      181      297      332      
21       148      117      372      41       174      232      159      285      8        421      262      327      238      82       271      137      349      276      288      406      100      0        19       353      24       379      72       246      372      195      192      263      192      157      345      197      175      277      182      332      406      
22       129      124      363      43       154      228      139      287      28       408      243      331      228      63       252      118      332      279      292      393      80       19       0        339      25       366      87       228      369      197      173      244      202      138      333      178      179      283      180      326      392      
23       231      315      104      322      240      198      257      274      360      71       183      324      134      317      156      242      72       285      305      69       279      353      339      0        332      51       357      157      237      269      309      187      350      298      45       199      286      338      234      146      53       
24       135      99       349      18       165      208      151      263      28       399      249      307      215      83       256      125      331      255      267      383      91       24       25       332      0        356      64       231      348      173      192      251      176      156      323      183      154      258      159      308      385      
25       269      325      61       344      282      195      299      256      385      49       232      301      145      351      205      280      121      269      288      26       314      379      366      51       356      0        373      204      202      268      354      236      349      340      33       242      288      323      239      117      50       
26       190      61       355      55       224      200      212      232      67       420      302      267      228      147      305      182      368      221      229      400      153      72       87       357      64       373      0        280      329      145      256      304      123      220      340      236      121      212      147      306      408      
27       99       262      238      229      90       220      109      314      255      227      37       372      152      185      25       111      117      319      339      226      151      246      228      157      231      204      280      0        331      262      153      41       328      146      180      52       267      358      220      244      205      
28       338      268      142      330      370      143      378      107      373      242      368      121      182      389      346      343      305      123      130      212      358      372      369      237      348      202      329      331      0        184      444      372      241      416      192      340      208      169      189      92       252      
29       215      84       234      154      254      73       253      90       195      318      296      136      137      232      286      215      306      82       97       292      212      195      197      269      173      268      145      262      184      0        317      300      81       282      238      241      24       100      42       175      313      
30       107      274      379      202      76       308      66       395      200      380      138      450      264      110      162      103      267      393      412      378      109      192      173      309      192      354      256      153      444      317      0        135      354      36       327      113      309      417      282      370      358      
31       115      293      274      252      92       260      111      355      271      253      4        413      194      193      30       125      134      359      380      256      163      263      244      187      251      236      304      41       372      300      135      0        363      139      215      68       303      397      258      284      229      
32       263      80       313      160      302      154      297      134      189      399      360      153      217      253      353      260      384      119      120      373      245      192      202      350      176      349      123      328      241      81       354      363      0        317      319      299      64       93       117      252      394      
33       78       237      360      166      58       278      41       362      165      369      140      416      239      75       161      72       263      360      378      365      72       157      138      298      156      340      220      146      416      282      36       139      317      0        311      99       273      381      249      346      348      
34       239      292      61       310      254      165      270      233      351      80       211      281      111      320      185      249      115      245      265      60       282      345      333      45       323      33       340      180      192      238      327      215      319      311      0        214      258      299      207      101      74       
35       48       227      265      183      41       213      59       306      205      270      66       363      157      133      74       59       167      308      328      266      99       197      178      199      183      242      236      52       340      241      113      68       299      99       214      0        241      341      201      260      249      
36       211      60       257      135      250      95       247      111      174      338      299      152      153      219      292      209      319      101      113      313      202      175      179      286      154      288      121      267      208      24       309      303      64       273      258      241      0        108      52       199      332      
37       316      159      274      240      355      145      354      69       275      371      394      61       219      327      381      315      386      54       39       343      310      277      283      338      258      323      212      358      169      100      417      397      93       381      299      341      108      0        140      210      372      
38       178      90       211      141      216      52       217      114      184      287      255      167      100      206      244      179      266      111      129      264      181      182      180      234      159      239      147      220      189      42       282      258      117      249      207      201      52       140      0        159      280      
39       267      249      64       292      294      106      305      141      336      163      280      184      107      331      257      274      212      155      173      133      297      332      326      146      308      117      306      244      92       175      370      284      252      346      101      260      199      210      159      0        168      
40       284      364      110      374      290      240      308      306      413      24       226      352      182      370      199      295      99       318      337      43       332      406      392      53       385      50       408      205      252      313      358      229      394      348      74       249      332      372      280      168      0        
;



Table delta(i,j)                 Distance
         0        1        2        3        4        5        6        7        8        9        10       11       12       13       14       15       16       17       18       19       20       21       22       23       24       25       26       27       28       29       30       31       32       33       34       35       36       37       38       39       40       
0        0        5400     12120    6210     10170    9990     6120     5400     7530     8700     11220    9690     12060    3540     12210    9480     2460     240      2070     11940    8130     6270     9660     2700     10710    9930     4470     10740    4740     5250     5910     8340     5910     3660     6570     11760    11550    12810    8100     7140     7320     
1        5400     0        405      151      358      275      61       141      225      227      352      373      430      263      416      329      107      174      212      309      267      52       378      183      244      401      103      270      266      333      86       266      34       58       263      416      358      442      366      365      264      
2        12120    405      0        254      69       155      352      268      180      191      64       117      63       331      19       88       424      398      346      200      141      367      130      314      256      154      312      202      271      355      321      140      379      392      186      52       69       44       215      281      161      
3        6210     151      254      0        209      134      100      27       74       87       202      232      281      214      265      179      189      199      186      191      117      115      239      139      152      266      66       151      182      280      68       115      125      145      134      266      209      291      250      273      122      
4        10170    358      69       209      0        145      309      217      135      165      80       60       72       262      68       29       365      332      279      212      91       324      74       249      250      105      259      201      202      287      277      95       334      338      119      58       94       89       152      217      99       
5        9990     275      155      134      145      0        216      158      84       48       91       198      204      305      172      124      324      325      295      80       92       229      211      251      105      243      201      56       254      356      189      81       244      278      165      189      91       199      266      315      131      
6        6120     61       352      100      309      216      0        99       174      168      296      331      381      261      364      280      148      196      217      248      217      15       338      177      183      363      77       209      250      332      32       215      28       91       227      367      301      390      338      348      221      
7        5400     141      268      27       217      158      99       0        88       112      219      233      289      190      277      188      166      172      160      218      127      114      239      113      179      264      44       177      163      257      67       127      120      125      128      275      228      302      241      257      123      
8        7530     225      180      74       135      84       174      88       0        56       131      166      207      221      190      106      252      243      210      161      44       189      176      166      154      206      133      126      172      276      142      41       200      214      92       193      140      217      206      245      64       
9        8700     227      191      87       165      48       168      112      56       0        130      208      232      274      205      139      277      282      258      109      87       182      219      212      98       251      153      72       228      331      140      77       197      230      148      217      133      233      260      301      118      
10       11220    352      64       202      80       91       296      219      131      130      0        141      119      317      82       77       383      366      322      139      102      310      154      284      191      185      264      138      258      353      266      96       323      345      166      105      14       108      230      291      134      
11       9690     373      117      232      60       198      331      233      166      208      141      0        83       230      108      74       362      318      257      270      124      347      13       236      301      45       270      255      172      243      299      132      354      344      112      79       154      117      97       164      110      
12       12060    430      63       281      72       204      381      289      207      232      119      83       0        313      44       101      433      396      338      259      163      396      91       313      309      105      330      257      254      325      349      166      406      408      183      15       128      37       176      243      169      
13       3540     263      331      214      262      305      261      190      221      274      317      230      313      0        329      246      190      116      53       382      221      272      225      83       363      227      186      346      60       71       240      231      266      208      150      307      330      344      159      120      184      
14       12210    416      19       265      68       172      364      277      190      205      82       108      44       329      0        92       431      400      347      219      149      379      119      316      274      140      320      221      268      349      332      150      390      400      187      34       88       27       205      272      165      
15       9480     329      88       179      29       124      280      188      106      139      77       74       101      246      92       0        338      309      258      197      62       295      86       225      228      119      230      181      186      277      247      66       305      309      98       87       92       115      153      213      72       
16       2460     107      424      189      365      324      148      166      252      277      383      362      433      190      431      338      0        79       137      377      284      148      363      131      323      379      123      336      216      255      153      287      132      56       251      422      392      454      327      307      266      
17       240      174      398      199      332      325      196      172      243      282      366      318      396      116      400      309      79       0        66       390      264      202      316      83       349      326      141      350      154      176      189      270      190      116      213      386      378      421      266      237      237      
18       2070     212      346      186      279      295      217      160      210      258      322      257      338      53       347      258      137      66       0        368      222      226      255      47       338      263      145      329      89       121      199      230      219      157      160      329      335      365      200      171      189      
19       11940    309      200      191      212      80       248      218      161      109      139      270      259      382      219      197      377      390      368      0        172      258      283      322      76       315      256      41       333      436      228      161      276      326      245      245      131      244      344      395      211      
20       8130     267      141      117      91       92       217      127      44       87       102      124      163      221      149      62       284      264      222      172      0        232      134      182      184      164      170      145      166      267      185      11       243      251      74       149      113      175      175      222      39       
21       6270     52       367      115      324      229      15       114      189      182      310      347      396      272      379      295      148      202      226      258      232      0        353      188      191      378      89       220      263      343      47       230      18       91       242      382      315      405      352      361      236      
22       9660     378      130      239      74       211      338      239      176      219      154      13       91       225      119      86       363      316      255      283      134      353      0        236      313      32       275      267      168      234      305      142      360      347      115      88       168      126      86       153      117      
23       2700     183      314      139      249      251      177      113      166      212      284      236      313      83       316      225      131      83       47       322      182      188      236      0        291      249      102      283      86       154      157      189      184      132      129      302      296      337      196      183      153      
24       10710    244      256      152      250      105      183      179      154      98       191      301      309      363      274      228      323      349      338      76       184      191      313      291      0        345      208      53       322      424      170      173      209      269      246      294      188      300      358      399      217      
25       9930     401      154      266      105      243      363      264      206      251      185      45       105      227      140      119      379      326      263      315      164      378      32       249      345      0        298      299      174      226      331      173      384      367      137      107      198      142      74       140      144      
26       4470     103      312      66       259      201      77       44       133      153      264      270      330      186      320      230      123      141      145      256      170      89       275      102      208      298      0        215      173      256      54       171      90       80       160      317      272      345      265      271      162      
27       10740    270      202      151      201      56       209      177      126      72       138      255      257      346      221      181      336      350      329      41       145      220      267      283      53       299      215      0        299      402      188      134      237      285      215      242      134      247      320      367      182      
28       4740     266      271      182      202      254      250      163      172      228      258      172      254      60       268      186      216      154      89       333      166      263      168      86       322      174      173      299      0        103      223      176      261      218      92       247      272      284      112      99       127      
29       5250     333      355      280      287      356      332      257      276      331      353      243      325      71       349      277      255      176      121      436      267      343      234      154      424      226      256      402      103      0        310      278      338      278      192      322      367      360      152      90       228      
30       5910     86       321      68       277      189      32       67       142      140      266      299      349      240      332      247      153      189      199      228      185      47       305      157      170      331      54       188      223      310      0        183      58       99       195      334      272      359      308      320      188      
31       8340     266      140      115      95       81       215      127      41       77       96       132      166      231      150      66       287      270      230      161      11       230      142      189      173      173      171      134      176      278      183      0        241      252      85       152      107      176      186      234      50       
32       5910     34       379      125      334      244      28       120      200      197      323      354      406      266      390      305      132      190      219      276      243      18       360      184      209      384      90       237      261      338      58       241      0        77       247      392      329      417      355      360      244      
33       3660     58       392      145      338      278      91       125      214      230      345      344      408      208      400      309      56       116      157      326      251      91       347      132      269      367      80       285      218      278      99       252      77       0        231      395      353      425      324      316      239      
34       6570     263      186      134      119      165      227      128      92       148      166      112      183      150      187      98       251      213      160      245      74       242      115      129      246      137      160      215      92       192      195      85       247      231      0        173      180      207      117      152      35       
35       11760    416      52       266      58       189      367      275      193      217      105      79       15       307      34       87       422      386      329      245      149      382      88       302      294      107      317      242      247      322      334      152      392      395      173      0        114      38       174      242      156      
36       11550    358      69       209      94       91       301      228      140      133      14       154      128      330      88       92       392      378      335      131      113      315      168      296      188      198      272      134      272      367      272      107      329      353      180      114      0        113      244      305      147      
37       12810    442      44       291      89       199      390      302      217      233      108      117      37       344      27       115      454      421      365      244      175      405      126      337      300      142      345      247      284      360      359      176      417      425      207      38       113      0        212      279      188      
38       8100     366      215      250      152      266      338      241      206      260      230      97       176      159      205      153      327      266      200      344      175      352      86       196      358      74       265      320      112      152      308      186      355      324      117      174      244      212      0        67       141      
39       7140     365      281      273      217      315      348      257      245      301      291      164      243      120      272      213      307      237      171      395      222      361      153      183      399      140      271      367      99       90       320      234      360      316      152      242      305      279      67       0        184      
40       7320     264      161      122      99       131      221      123      64       118      134      110      169      184      165      72       266      237      189      211      39       236      117      153      217      144      162      182      127      228      188      50       244      239      35       156      147      188      141      184      0        
;

