

sets
i        orders          /0*40/
k        routes          /1*40/
p        positions       /0*40/
;

alias(i,j)
alias(i,h)
alias(i,hh)
alias(i,jj)
alias(k,kk)
                            Parameters

rho(i)	Processing time
/
0	0
1	43
2	38
3	16
4	13
5	3
6	8
7	58
8	94
9	6
10	33
11	79
12	77
13	9
14	63
15	78
16	28
17	77
18	33
19	46
20	21
21	59
22	64
23	51
24	63
25	61
26	46
27	3
28	53
29	31
30	13
31	96
32	90
33	28
34	36
35	78
36	24
37	7
38	62
39	8
40	10
/

gamma(i)	Duedate
/
0	0
1	66
2	32
3	68
4	74
5	65
6	35
7	86
8	81
9	23
10	66
11	6
12	81
13	71
14	79
15	37
16	40
17	81
18	68
19	30
20	94
21	16
22	90
23	53
24	77
25	27
26	67
27	56
28	92
29	9
30	49
31	54
32	74
33	89
34	37
35	32
36	4
37	26
38	36
39	45
40	44
/

sigma(i)	Size
/
0	0
1	8
2	6
3	8
4	4
5	8
6	7
7	1
8	3
9	8
10	3
11	4
12	1
13	3
14	6
15	6
16	8
17	8
18	8
19	6
20	8
21	8
22	9
23	8
24	6
25	2
26	9
27	9
28	6
29	1
30	5
31	4
32	4
33	9
34	4
35	3
36	1
37	1
38	9
39	2
40	4
/

epsilon(i)	Priority
/
0	0
1	9
2	4
3	5
4	5
5	6
6	8
7	1
8	3
9	5
10	1
11	5
12	7
13	9
14	5
15	2
16	7
17	5
18	4
19	8
20	4
21	8
22	4
23	7
24	4
25	6
26	4
27	7
28	1
29	4
30	7
31	4
32	8
33	9
34	2
35	1
36	9
37	7
38	5
39	9
40	1
/

psi	Vehicle Capacity
/ 11 /
;

Table kappa(i,j)                 Setup
         0        1        2        3        4        5        6        7        8        9        10       11       12       13       14       15       16       17       18       19       20       21       22       23       24       25       26       27       28       29       30       31       32       33       34       35       36       37       38       39       40       
0        0        394      302      215      323      338      294      206      102      344      153      245      234      191      356      161      379      341      227      166      122      365      211      370      231      191      361      297      117      126      352      273      200      211      124      118      384      209      120      233      307      
1        394      0        265      219      76       255      145      248      415      304      257      401      345      339      93       418      15       137      281      452      321      192      410      36       332      496      144      374      369      369      353      299      360      327      350      290      321      260      276      210      207      
2        302      265      0        296      250      38       298      321      254      52       169      158      108      390      173      220      259      130      75       254      323      99       183      272      99       294      133      112      205      368      93       46       142      110      188      278      89       96       250      305      57       
3        215      219      296      0        143      315      85       31       280      349      155      350      305      122      229      313      204      242      252      338      110      295      336      186      293      377      263      363      252      152      383      298      295      276      240      96       384      219      101      18       260      
4        323      76       250      143      0        251      76       173      355      297      197      364      309      265      109      366      61       142      244      398      245      203      366      47       296      441      158      349      312      292      343      274      317      286      293      216      322      217      204      135      195      
5        338      255      38       315      251      0        308      342      292      48       200      191      144      415      162      258      252      118      113      291      351      72       219      268      136      331      115      137      243      398      98       82       179      147      226      307      71       130      279      323      57       
6        294      145      298      85       76       308      0        109      346      349      199      387      337      198      183      370      131      210      275      398      195      269      381      109      323      440      228      386      311      237      391      313      335      310      295      176      379      243      174      70       250      
7        206      248      321      31       173      342      109      0        281      374      171      364      322      91       260      320      233      273      272      342      91       325      347      215      311      379      294      382      259      128      406      320      308      293      248      91       410      239      105      39       287      
8        102      415      254      280      355      292      346      281      0        284      158      155      160      287      355      61       402      329      180      65       211      337      116      399      162      97       345      216      50       226      279      214      122      146      70       191      321      177      178      299      276      
9        344      304      52       349      297      48       349      374      284      0        219      162      126      441      210      242      300      166      118      273      373      119      196      315      122      309      163      99       238      417      49       71       164      138      224      329      39       144      301      358      101      
10       153      257      169      155      197      200      199      171      158      219      0        195      151      224      205      171      244      188      105      202      154      215      183      241      140      245      208      211      115      199      243      156      140      122      97       110      258      75       82       171      159      
11       245      401      158      350      364      191      387      364      155      162      195      0        55       401      317      97       392      278      120      120      323      257      40       398      69       150      286      69       129      354      139      112      55       77       127      288      191      146      264      366      207      
12       234      345      108      305      309      144      337      322      160      126      151      55       0        369      262      116      336      223      65       148      293      206      75       343      13       186      232      64       119      329      119      62       38       29       109      254      161      93       227      320      153      
13       191      339      390      122      265      415      198      91       287      441      224      401      369      0        350      338      325      359      330      352      78       408      376      305      360      381      381      432      280      70       468      380      347      340      276      115      480      299      143      129      364      
14       356      93       173      229      109      162      183      260      355      210      205      317      262      350      0        348      91       44       200      383      311      99       331      110      249      427      51       284      306      361      260      210      282      247      286      272      228      185      251      228      115      
15       161      418      220      313      366      258      370      320      61       242      171      97       116      338      348      0        406      316      154      35       260      312      56       407      121      78       329      162      61       281      230      176      78       111      74       233      276      162      215      331      254      
16       379      15       259      204      61       252      131      233      402      300      244      392      336      325      91       406      0        134      271      440      306      190      399      24       322      484      142      367      357      353      349      291      349      317      337      275      319      249      261      195      201      
17       341      137      130      242      142      118      210      273      329      166      188      278      223      359      44       316      134      0        163      351      312      60       294      151      210      394      21       241      279      362      215      168      246      211      259      270      185      154      246      244      73       
18       227      281      75       252      244      113      275      272      180      118      105      120      65       330      200      154      271      163      0        190      258      158      131      278      51       232      175      111      131      301      137      50       82       47       113      216      158      33       188      265      99       
19       166      452      254      338      398      291      398      342      65       273      202      120      148      352      383      35       440      351      190      0        276      347      80       440      155      43       365      188      87       291      257      210      112      145      104      253      307      198      237      357      289      
20       122      321      323      110      245      351      195      91       211      373      154      323      293      78       311      260      306      312      258      276      0        354      298      291      284      307      333      357      202      50       396      309      269      264      197      44       412      229      72       126      304      
21       365      192      99       295      203      72       269      325      337      119      215      257      206      408      99       312      190      60       158      347      354      0        281      209      195      389      48       208      286      403      169      145      236      202      267      310      130      161      284      299      60       
22       211      410      183      336      366      219      381      347      116      196      183      40       75       376      331      56       399      294      131      80       298      281      0        404      85       113      305      108      97       325      177      138      50       84       100      265      228      150      243      352      226      
23       370      36       272      186      47       268      109      215      399      315      241      398      343      305      110      407      24       151      278      440      291      209      404      0        329      484      161      377      355      337      363      302      354      322      336      262      336      254      251      176      215      
24       231      332      99       293      296      136      323      311      162      122      140      69       13       360      249      121      322      210      51       155      284      195      85       329      0        194      220      72       118      322      121      54       43       20       106      244      159      79       217      308      141      
25       191      496      294      377      441      331      440      379      97       309      245      150      186      381      427      78       484      394      232      43       307      389      113      484      194      0        407      219      129      317      289      249      152      187      147      288      340      241      275      395      331      
26       361      144      133      263      158      115      228      294      345      163      208      286      232      381      51       329      142      21       175      365      333      48       305      161      220      407      0        245      295      383      213      174      257      222      275      291      177      169      267      265      79       
27       297      374      112      363      349      137      386      382      216      99       211      69       64       432      284      162      367      241      111      188      357      208      108      377      72       219      245      0        180      394      70       75       97       92       172      317      123      144      290      376      168      
28       117      369      205      252      312      243      311      259      50       238      115      129      119      280      306      61       357      279      131      87       202      286      97       355      118      129      295      180      0        227      239      167      83       100      20       173      277      126      154      271      226      
29       126      369      368      152      292      398      237      128      226      417      199      354      329      70       361      281      353      362      301      291      50       403      325      337      322      317      383      394      227      0        437      351      302      302      227      93       457      273      119      166      353      
30       352      353      93       383      343      98       391      406      279      49       243      139      119      468      260      230      349      215      137      257      396      169      177      363      121      289      213      70       239      437      0        87       158      141      228      353      57       169      325      395      148      
31       273      299      46       298      274      82       313      320      214      71       156      112      62       380      210      176      291      168      50       210      309      145      138      302      54       249      174      75       167      351      87       0        98       68       152      266      110      81       238      310      96       
32       200      360      142      295      317      179      335      308      122      164      140      55       38       347      282      78       349      246      82       112      269      236      50       354      43       152      257      97       83       302      158      98       0        35       76       233      200      100      208      311      180      
33       211      327      110      276      286      147      310      293      146      138      122      77       29       340      247      111      317      211      47       145      264      202      84       322      20       187      222      92       100      302      141      68       35       0        87       224      176      69       198      291      145      
34       124      350      188      240      293      226      295      248      70       224      97       127      109      276      286      74       337      259      113      104      197      267      100      336      106      147      275      172      20       227      228      152      76       87       0        165      263      106      144      257      207      
35       118      290      278      96       216      307      176      91       191      329      110      288      254      115      272      233      275      270      216      253      44       310      265      262      244      288      291      317      173      93       353      266      233      224      165      0        368      185      28       114      260      
36       384      321      89       384      322      71       379      410      321      39       258      191      161      480      228      276      319      185      158      307      412      130      228      336      159      340      177      123      277      457      57       110      200      176      263      368      0        184      340      393      129      
37       209      260      96       219      217      130      243      239      177      144      75       146      93       299      185      162      249      154      33       198      229      161      150      254      79       241      169      144      126      273      169      81       100      69       106      185      184      0        157      232      101      
38       120      276      250      101      204      279      174      105      178      301      82       264      227      143      251      215      261      246      188      237      72       284      243      251      217      275      267      290      154      119      325      238      208      198      144      28       340      157      0        120      233      
39       233      210      305      18       135      323      70       39       299      358      171      366      320      129      228      331      195      244      265      357      126      299      352      176      308      395      265      376      271      166      395      310      311      291      257      114      393      232      120      0        267      
40       307      207      57       260      195      57       250      287      276      101      159      207      153      364      115      254      201      73       99       289      304      60       226      215      141      331      79       168      226      353      148      96       180      145      207      260      129      101      233      267      0        
;



Table delta(i,j)                 Distance
         0        1        2        3        4        5        6        7        8        9        10       11       12       13       14       15       16       17       18       19       20       21       22       23       24       25       26       27       28       29       30       31       32       33       34       35       36       37       38       39       40       
0        0        9870     720      8460     8040     9990     10140    2700     7170     5820     3120     4380     6780     4140     7380     2850     1890     10080    2550     9930     6420     6930     6660     6990     5880     2070     6000     4650     6780     11430    8370     6660     4650     3450     6180     5490     3420     6540     8220     6720     9960     
1        9870     0        317      150      188      100      117      239      90       207      326      295      266      193      216      235      332      197      311      244      377      419      107      263      133      339      148      181      328      172      196      213      235      314      124      323      335      161      186      215      206      
2        720      317      0        282      247      315      335      80       228      172      82       122      202      132      223      82       84       315      62       308      193      212      210      209      186      50       196      149      202      361      257      200      132      132      194      159      135      199      253      230      310      
3        8460     150      282      0        284      238      67       208      121      262      328      320      332      156      299      215      257      321      307      357      414      451      135      333      132      322      93       137      382      314      297      284      267      217      152      360      238      229      286      82       326      
4        8040     188      247      284      0        111      287      199      162      74       207      157      90       195      36       186      307      67       205      76       211      253      151      85       164      239      212      200      153      121      13       50       115      322      137      165      338      64       6        304      63       
5        9990     100      315      238      111      0        217      247      133      161      298      255      200      218      146      238      355      99       290      148      320      362      136      195      163      322      201      214      264      75       114      153      201      352      139      271      372      120      106      287      109      
6        10140    117      335      67       287      217      0        257      134      282      370      354      350      203      309      260      319      310      350      353      446      485      153      349      162      370      138      185      406      289      298      299      297      283      174      390      304      242      287      149      317      
7        2700     239      80       208      199      247      257      0        149      130      122      130      184      53       185      14       110      265      99       270      222      253      132      189      106      114      118      71       209      302      211      161      102      126      116      174      140      140      204      170      262      
8        7170     90       228      121      162      133      134      149      0        148      245      223      217      102      179      147      243      202      229      236      313      353      20       216      43       254      67       91       272      206      175      166      164      228      41       258      249      109      164      154      207      
9        5820     207      172      262      74       161      282      130      148      0        137      93       70       139      55       116      236      142      133      140      169      211      130      71       130      166      176      150      124      192      85       31       42       256      110      116      270      46       80       262      137      
10       3120     326      82       328      207      298      370      122      245      137      0        53       139      171      176      113      166      272      23       254      111      134      225      146      209      41       235      190      123      328      214      156      97       213      205      80       217      178      213      291      264      
11       4380     295      122      320      157      255      354      130      223      93       53       0        86       170      124      117      203      221      62       201      94       131      203      94       192      92       227      186      82       278      163      106      59       242      181      43       250      138      163      297      213      
12       6780     266      202      332      90       200      350      184      217      70       139      86       0        205      54       170      278      143      147      116      120      162      199      7        201      178      246      217      63       206      91       53       82       308      180      78       320      109      95       330      133      
13       4140     193      132      156      195      218      203      53       102      139      171      170      205      0        191      58       140      255      150      271      264      298      88       208      60       167      65       18       242      281      208      169      126      134      79       212      153      131      199      128      255      
14       7380     216      223      299      36       146      309      185      179      55       176      124      54       191      0        171      290      96       177      85       174      217      164      49       172      210      220      200      118      155      39       24       91       311      147      129      325      70       41       309      88       
15       2850     235      82       215      186      238      260      14       147      116      113      117      170      58       171      0        121      252      91       256      210      242      128      174      105      110      123      77       195      291      198      147      88       140      112      161      154      128      191      180      249      
16       1890     332      84       257      307      355      319      110      243      236      166      203      278      140      290      121      0        374      146      376      277      294      229      284      201      132      190      151      285      411      319      266      201      56       218      243      52       250      313      187      371      
17       10080    197      315      321      67       99       310      265      202      142      272      221      143      255      96       252      374      0        272      51       260      300      196      136      216      305      262      258      200      65       58       116      183      386      188      221      403      125      61       353      11       
18       2550     311      62       307      205      290      350      99       229      133      23       62       147      150      177      91       146      272      0        259      133      157      209      154      191      33       214      169      140      325      214      155      91       191      189      97       195      170      212      268      266      
19       9930     244      308      357      76       148      353      270      236      140      254      201      116      271      85       256      376      51       259      0        223      262      225      108      241      291      289      277      163      113      63       109      176      396      214      192      410      141      73       380      40       
20       6420     377      193      414      211      320      446      222      313      169      111      94       120      264      174      210      277      260      133      223      0        42       293      126      285      146      322      281      60       324      211      167      148      324      272      55       328      216      216      391      249      
21       6930     419      212      451      253      362      485      253      353      211      134      131      162      298      217      242      294      300      157      262      42       0        333      168      323      162      358      316      100      365      253      210      188      345      311      95       346      258      258      423      290      
22       6660     107      210      135      151      136      153      132      20       130      225      203      199      88       164      128      229      196      209      225      293      333      0        199      28       234      67       80       254      206      164      149      145      218      21       238      239      94       153      157      199      
23       6990     263      209      333      85       195      349      189      216      71       146      94       7        208      49       174      284      136      154      108      126      168      199      0        202      185      248      220      68       199      85       51       86       314      180      85       325      107      90       333      126      
24       5880     133      186      132      164      163      162      106      43       130      209      192      201      60       172      105      201      216      191      241      285      323      28       202      0        214      48       51       250      231      178      155      137      190      27       230      210      103      167      139      218      
25       2070     339      50       322      239      322      370      114      254      166      41       92       178      167      210      110      132      305      33       291      146      162      234      185      214      0        232      185      164      358      247      189      124      182      215      120      183      202      245      276      299      
26       6000     148      196      93       212      201      138      118      67       176      235      227      246      65       220      123      190      262      214      289      322      358      67       248      48       232      0        47       292      273      226      202      176      166      75       268      187      151      215      91       265      
27       4650     181      149      137      200      214      185      71       91       150      190      186      217      18       200      77       151      258      169      277      281      316      80       220      51       185      47       0        257      280      214      179      141      138      75       229      159      136      204      113      258      
28       6780     328      202      382      153      264      406      209      272      124      123      82       63       242      118      195      285      200      140      163      60       100      254      68       250      164      292      257      0        265      153      115      116      325      233      43       332      168      158      370      189      
29       11430    172      361      314      121      75       289      302      206      192      328      278      206      281      155      291      411      65       325      113      324      365      206      199      231      358      273      280      265      0        116      172      234      416      205      284      434      162      115      361      77       
30       8370     196      257      297      13       114      298      211      175      85       214      163      91       208      39       198      319      58       214      63       211      253      164      85       178      247      226      214      153      116      0        58       125      335      151      168      351      77       11       317      52       
31       6660     213      200      284      50       153      299      161      166      31       156      106      53       169      24       147      266      116      155      109      167      210      149      51       155      189      202      179      115      172      58       0        67       287      131      118      301      56       57       290      110      
32       4650     235      132      267      115      201      297      102      164      42       97       59       82       126      91       88       201      183      91       176      148      188      145      86       137      124      176      141      116      234      125      67       0        227      123      93       239      81       122      254      177      
33       3450     314      132      217      322      352      283      126      228      256      213      242      308      134      311      140      56       386      191      396      324      345      218      314      190      182      166      138      325      416      335      287      227      0        213      284      21       260      327      140      385      
34       6180     124      194      152      137      139      174      116      41       110      205      181      180      79       147      112      218      188      189      214      272      311      21       180      27       215      75       75       233      205      151      131      123      213      0        217      232      77       140      166      190      
35       5490     323      159      360      165      271      390      174      258      116      80       43       78       212      129      161      243      221      97       192      55       95       238      85       230      120      268      229      43       284      168      118      93       284      217      0        291      162      171      340      212      
36       3420     335      135      238      338      372      304      140      249      270      217      250      320      153      325      154      52       403      195      410      328      346      239      325      210      183      187      159      332      434      351      301      239      21       232      291      0        277      343      160      401      
37       6540     161      199      229      64       120      242      140      109      46       178      138      109      131      70       128      250      125      170      141      216      258      94       107      103      202      151      136      168      162      77       56       81       260      77       162      277      0        68       241      124      
38       8220     186      253      286      6        106      287      204      164      80       213      163      95       199      41       191      313      61       212      73       216      258      153      90       167      245      215      204      158      115      11       57       122      327      140      171      343      68       0        307      57       
39       6720     215      230      82       304      287      149      170      154      262      291      297      330      128      309      180      187      353      268      380      391      423      157      333      139      276      91       113      370      361      317      290      254      140      166      340      160      241      307      0        356      
40       9960     206      310      326      63       109      317      262      207      137      264      213      133      255      88       249      371      11       266      40       249      290      199      126      218      299      265      258      189      77       52       110      177      385      190      212      401      124      57       356      0        
;

