

sets
i        orders          /0*40/
k        routes          /1*40/
p        positions       /0*40/
;

alias(i,j)
alias(i,h)
alias(i,hh)
alias(i,jj)
alias(k,kk)
                            Parameters

rho(i)	Processing time
/
0	0
1	91
2	45
3	90
4	57
5	15
6	79
7	61
8	82
9	9
10	39
11	71
12	6
13	91
14	29
15	51
16	7
17	89
18	22
19	95
20	35
21	53
22	80
23	66
24	46
25	33
26	34
27	67
28	22
29	23
30	69
31	7
32	77
33	57
34	42
35	26
36	48
37	43
38	25
39	76
40	21
/

gamma(i)	Duedate
/
0	0
1	87
2	35
3	61
4	40
5	9
6	39
7	42
8	72
9	12
10	36
11	20
12	66
13	32
14	86
15	13
16	33
17	98
18	20
19	11
20	92
21	41
22	10
23	41
24	55
25	79
26	44
27	12
28	40
29	76
30	17
31	74
32	41
33	45
34	7
35	28
36	86
37	13
38	44
39	66
40	78
/

sigma(i)	Size
/
0	0
1	8
2	2
3	9
4	8
5	6
6	7
7	1
8	8
9	4
10	1
11	5
12	5
13	8
14	9
15	3
16	2
17	1
18	6
19	8
20	2
21	9
22	3
23	1
24	4
25	3
26	2
27	4
28	1
29	9
30	8
31	9
32	1
33	7
34	3
35	3
36	5
37	7
38	4
39	2
40	9
/

epsilon(i)	Priority
/
0	0
1	4
2	7
3	4
4	7
5	2
6	5
7	4
8	2
9	1
10	9
11	8
12	2
13	4
14	9
15	1
16	7
17	5
18	2
19	9
20	2
21	8
22	5
23	1
24	2
25	3
26	5
27	3
28	9
29	6
30	2
31	9
32	5
33	4
34	4
35	8
36	1
37	8
38	4
39	3
40	1
/

psi	Vehicle Capacity
/ 19 /
;

Table kappa(i,j)                 Setup
         0        1        2        3        4        5        6        7        8        9        10       11       12       13       14       15       16       17       18       19       20       21       22       23       24       25       26       27       28       29       30       31       32       33       34       35       36       37       38       39       40       
0        0        191      111      93       176      261      173      158      286      276      254      127      222      56       246      86       140      111      193      144      127      224      146      217      101      222      245      228      159      94       104      186      62       197      143      79       148      40       141      126      133      
1        191      0        122      103      336      388      354      290      347      462      444      267      409      242      367      274      193      288      340      135      277      39       282      336      90       296      334      372      347      129      206      299      143      362      57       208      95       152      243      178      280      
2        111      122      0        89       286      266      284      259      238      352      341      146      300      167      347      174      202      178      300      38       233      161      160      214      62       182      217      250      266      124      186      177      107      243      65       172      40       74       229      183      238      
3        93       103      89       0        235      331      250      194      324      369      347      197      315      140      276      179      116      200      242      125      176      132      216      281      30       263      295      304      244      37       111      246      39       283      70       108      103      61       153      97       180      
4        176      336      286      235      0        361      59       62       432      258      215      257      218      124      98       163      168      197      31       321      59       358      272      336      259      370      380      317      91       207      135      318      196      265      303      128      320      212      113      174      57       
5        261      388      266      331      361      0        314      383      129      205      231      135      187      267      458      206      401      169      391      258      347      428      116      52       317      116      82       45       277      349      361      89       317      99       332      333      296      272      390      387      354      
6        173      354      284      250      59       314      0        114      397      199      156      225      160      117      154      132      208      160      89       315      95       381      237      295      269      338      343      269      37       229      168      282      211      216      313      152      322      213      158      210      97       
7        158      290      259      194      62       383      114      0        436      308      268      264      263      120      88       177      109      214      51       296      36       308      281      350      221      373      389      341      138      161      84       327      158      293      264      88       289      186      53       118      29       
8        286      347      238      324      432      129      397      436      0        329      349      174      301      316      521      269      421      237      458      213      401      384      160      110      300      64       56       160      362      353      391      115      325      207      297      366      252      278      428      404      408      
9        276      462      352      369      258      205      199      308      329      0        45       217      54       240      351      190      379      174      288      366      279      498      213      222      373      293      274      168      169      366      334      236      337      129      408      309      392      311      342      374      284      
10       254      444      341      347      215      231      156      268      349      45       0        217      48       212      307      170      346      163      245      359      241      479      216      239      354      306      292      190      130      340      301      247      312      142      392      277      382      292      305      342      246      
11       127      267      146      197      257      135      225      264      174      217      217      0        170      144      347      94       267      66       283      152      228      306      19       90       187      113      124      107      192      214      229      62       182      97       209      203      183      137      262      253      235      
12       222      409      300      315      218      187      160      263      301      54       48       170      0        187      314      136      328      122      249      316      232      444      169      192      319      258      245      144      126      312      283      199      283      94       354      257      341      257      293      322      238      
13       56       242      167      140      124      267      117      120      316      240      212      144      187      0        205      64       144      100      145      199      84       272      161      231      154      253      268      228      104      128      99       206      102      187      197      71       204      96       123      135      92       
14       246      367      347      276      98       458      154      88       521      351      307      347      314      205      0        255      175      291      67       384      120      380      363      430      305      458      471      414      189      241      165      409      243      363      347      175      375      274      124      189      113      
15       86       274      174      179      163      206      132      177      269      190      170      94       136      64       255      0        207      37       190      198      140      309      108      174      184      208      217      165      102      178      163      154      147      123      221      135      215      121      186      197      148      
16       140      193      202      116      168      401      208      109      421      379      346      267      328      144      175      207      0        241      161      239      113      205      286      357      146      358      384      365      220      78       45       326      97       329      182      72       219      143      56       18       112      
17       111      288      178      200      197      169      160      214      237      174      163      66       122      100      291      37       241      0        225      195      178      325      77       138      200      178      183      128      126      205      198      122      173      88       233      170      219      139      223      230      185      
18       193      340      300      242      31       391      89       51       458      288      245      283      249      145      67       190      161      225      0        336      67       359      299      364      267      396      407      347      123      210      134      345      204      296      311      134      333      226      104      170      62       
19       144      135      38       125      321      258      315      296      213      366      359      152      316      199      384      198      239      195      336      0        269      173      162      205      96       161      199      248      294      162      224      169      145      249      84       209      39       110      267      221      275      
20       127      277      233      176      59       347      95       36       401      279      241      228      232      84       120      140      113      178      67       269      0        299      245      314      201      338      353      305      112      147      76       291      138      258      245      68       265      158      64       117      7        
21       224      39       161      132      358      428      381      308      384      498      479      306      444      272      380      309      205      325      359      173      299      0        321      375      125      335      373      411      376      152      225      339      171      400      96       231      134      187      258      191      301      
22       146      282      160      216      272      116      237      281      160      213      216      19       169      161      363      108      286      77       299      162      245      321      0        71       204      101      108      90       203      233      248      45       201      88       225      222      195      156      281      272      252      
23       217      336      214      281      336      52       295      350      110      222      239      90       192      231      430      174      357      138      364      205      314      375      71       0        266      73       53       56       259      301      320      36       269      97       279      293      243      224      352      343      321      
24       101      90       62       30       259      317      269      221      300      373      354      187      319      154      305      184      146      200      267      96       201      125      204      266      0        241      275      294      259      68       140      229      63       277      44       133      72       62       182      128      205      
25       222      296      182      263      370      116      338      373      64       293      306      113      258      253      458      208      358      178      396      161      338      335      101      73       241      0        39       129      305      291      327      60       262      165      244      302      201      215      364      341      345      
26       245      334      217      295      380      82       343      389      56       274      292      124      245      268      471      217      384      183      407      199      353      373      108      53       275      39       0        106      307      320      349      62       290      150      280      324      238      243      385      368      360      
27       228      372      250      304      317      45       269      341      160      168      190      107      144      228      414      165      365      128      347      248      305      411      90       56       294      129      106      0        232      319      324      82       286      54       314      296      283      244      351      353      312      
28       159      347      266      244      91       277      37       138      362      169      130      192      126      104      189      102      220      126      123      294      112      376      203      259      259      305      307      232      0        228      176      247      205      179      301      155      305      199      176      218      116      
29       94       129      124      37       207      349      229      161      353      366      340      214      312      128      241      178      78       205      210      162      147      152      233      301      68       291      320      319      228      0        77       267      32       291      106      79       141      77       116      60       150      
30       104      206      186      111      135      361      168      84       391      334      301      229      283      99       165      163      45       198      134      224      76       225      248      320      140      327      349      324      176      77       0        290      80       286      182      28       211      118      42       42       77       
31       186      299      177      246      318      89       282      327      115      236      247      62       199      206      409      154      326      122      345      169      291      339      45       36       229      60       62       82       247      267      290      0        236      107      243      264      207      190      324      311      298      
32       62       143      107      39       196      317      211      158      325      337      312      182      283      102      243      147      97       173      204      145      138      171      201      269      63       262      290      286      205      32       80       236      0        259      107      70       131      47       122      79       142      
33       197      362      243      283      265      99       216      293      207      129      142      97       94       187      363      123      329      88       296      249      258      400      88       97       277      165      150      54       179      291      286      107      259      0        305      258      280      221      309      318      265      
34       143      57       65       70       303      332      313      264      297      408      392      209      354      197      347      221      182      233      311      84       245      96       225      279      44       244      280      314      301      106      182      243      107      305      0        177      47       102      223      164      249      
35       79       208      172      108      128      333      152      88       366      309      277      203      257      71       175      135      72       170      134      209      68       231      222      293      133      302      324      296      155      79       28       264      70       258      177      0        200      99       62       65       72       
36       148      95       40       103      320      296      322      289      252      392      382      183      341      204      375      215      219      219      333      39       265      134      195      243      72       201      238      283      305      141      211      207      131      280      47       200      0        109      253      201      270      
37       40       152      74       61       212      272      213      186      278      311      292      137      257      96       274      121      143      139      226      110      158      187      156      224      62       215      243      244      199      77       118      190      47       221      102      99       109      0        159      126      164      
38       141      243      229      153      113      390      158      53       428      342      305      262      293      123      124      186      56       223      104      267      64       258      281      352      182      364      385      351      176      116      42       324      122      309      223      62       253      159      0        66       61       
39       126      178      183      97       174      387      210      118      404      374      342      253      322      135      189      197      18       230      170      221      117      191      272      343      128      341      368      353      218      60       42       311      79       318      164      65       201      126      66       0        117      
40       133      280      238      180      57       354      97       29       408      284      246      235      238      92       113      148      112      185      62       275      7        301      252      321      205      345      360      312      116      150      77       298      142      265      249      72       270      164      61       117      0        
;



Table delta(i,j)                 Distance
         0        1        2        3        4        5        6        7        8        9        10       11       12       13       14       15       16       17       18       19       20       21       22       23       24       25       26       27       28       29       30       31       32       33       34       35       36       37       38       39       40       
0        0        3810     7140     4530     2970     10320    5070     4350     2850     5490     10770    7710     750      4200     8730     10470    6870     9390     3180     10170    2910     5100     4410     11970    3570     3990     5490     3480     5520     2910     8790     3180     2850     8490     8430     7380     1140     9720     3480     6990     7500     
1        3810     0        181      255      226      257      155      115      83       297      414      377      101      37       210      381      302      244      54       339      74       210      274      442      222      127      95       31       106      106      286      226      100      198      248      228      164      368      242      217      364      
2        7140     181      0        268      316      116      82       92       256      319      308      400      225      144      67       251      250      75       147      181      145      153      351      318      249      305      90       156      75       277      129      282      143      67       73       75       272      255      335      74       372      
3        4530     255      268      0        118      384      186      196      246      51       232      134      172      250      334      247      98       337      209      275      189      121      117      279      33       284      264      231      255      248      249      62       166      332      270      230      140      212      128      219      111      
4        2970     226      316      118      0        429      237      226      179      120      351      175      124      238      376      361      216      391      201      375      188      205      49       398      100      200      276      214      274      171      340      56       178      369      343      304      62       329      18       292      179      
5        10320    257      116      384      429      0        199      202      340      436      392      516      327      222      52       325      359      55       242      238      247      268      466      390      365      384      166      243      160      363      199      397      251      61       140      170      380      340      447      176      487      
6        5070     155      82       186      237      199      0        39       211      238      268      320      162      125      148      227      182      155      104      185      91       80       270      291      166      262      99       124      85       229      134      200      77       145      112      79       199      219      255      66       293      
7        4350     115      92       196      226      202      39       0        175      247      305      330      134      85       150      267      210      168      66       224      56       108      264      329      171      226      70       84       59       194      172      197      50       144      142      114      180      257      244      103      307      
8        2850     83       256      246      179      340      211      175      0        278      443      349      74       118      292      423      317      324      110      396      119      243      228      478      213      51       176      100      185      22       345      199      137      280      316      290      119      403      192      277      344      
9        5490     297      319      51       120      436      238      247      278      0        248      83       207      296      386      276      125      388      255      315      235      171      98       298      77       310      313      276      305      276      295      78       214      384      320      279      162      239      123      269      67       
10       10770    414      308      232      351      392      268      305      443      248      0        277      371      390      363      74       135      338      360      164      340      204      344      51       254      490      367      383      351      453      193      295      315      370      253      233      363      53       360      234      239      
11       7710     377      400      134      175      516      320      330      349      83       277      0        282      377      468      321      180      468      337      376      318      249      133      328      160      375      397      357      389      344      364      151      297      466      395      356      230      282      168      346      38       
12       750      101      225      172      124      327      162      134      74       207      371      282      0        117      275      356      243      299      85       339      80       176      172      408      139      118      164      93       166      81       291      130      85       265      273      241      62       333      141      228      274      
13       4200     37       144      250      238      222      125      85       118      296      390      377      117      0        174      352      285      207      40       306      60       188      285      415      219      163      58       24       69       140      252      229      85       162      211      193      179      342      256      183      361      
14       8730     210      67       334      376      52       148      150      292      386      363      468      275      174      0        300      316      43       190      219      194      221      414      367      314      337      116      193      109      314      173      345      199      13       111      132      328      310      395      135      440      
15       10470    381      251      247      361      325      227      267      423      276      74       321      356      352      300      0        151      271      328      91       310      180      364      67       260      472      321      350      304      436      127      305      287      308      189      175      361      39       374      180      283      
16       6870     302      250      98       216      359      182      210      317      125      135      180      243      285      316      151      0        306      249      196      228      102      214      181      119      361      279      273      266      325      186      160      203      317      226      189      229      115      227      183      144      
17       9390     244      75       337      391      55       155      168      324      388      338      468      299      207      43       271      306      0        218      185      218      218      426      337      321      371      149      224      139      346      145      356      218      56       85       116      348      285      410      123      437      
18       3180     54       147      209      201      242      104      66       110      255      360      337      85       40       190      328      249      218      0        290      21       156      246      388      178      160      78       23       81       130      238      189      46       181      206      181      144      314      219      169      320      
19       10170    339      181      275      375      238      185      224      396      315      164      376      339      306      219      91       196      185      290      0        277      172      390      153      278      447      263      309      247      413      53       323      259      229      110      113      359      118      391      123      339      
20       2910     74       145      189      188      247      91       56       119      235      340      318      80       60       194      310      228      218      21       277      0        136      232      370      158      170      88       44       87       138      226      172      25       186      198      170      134      295      207      157      300      
21       5100     210      153      121      205      268      80       108      243      171      204      249      176      188      221      180      102      218      156      172      136      0        225      235      112      292      177      179      163      255      135      155      111      220      149      108      187      160      221      98       219      
22       4410     274      351      117      49       466      270      264      228      98       344      133      172      285      414      364      214      426      246      390      232      225      0        393      113      247      319      261      316      219      360      71       218      408      371      331      111      329      37       319      144      
23       11970    442      318      279      398      390      291      329      478      298      51       328      408      415      367      67       181      337      388      153      370      235      393      0        299      526      386      411      370      490      193      341      346      375      255      242      405      75       408      247      290      
24       3570     222      249      33       100      365      166      171      213      77       254      160      139      219      314      260      119      321      178      278      158      112      113      299      0        252      236      199      229      216      246      45       136      311      260      219      111      229      114      208      142      
25       3990     127      305      284      200      384      262      226      51       310      490      375      118      163      337      472      361      371      160      447      170      292      247      526      252      0        221      148      232      37       396      231      188      325      367      340      147      451      210      328      374      
26       5490     95       90       264      276      166      99       70       176      313      367      397      164      58       116      321      279      149      78       263      88       177      319      386      236      221      0        76       16       198      210      257      102      105      161      151      222      316      295      142      375      
27       3480     31       156      231      214      243      124      84       100      276      383      357      93       24       193      350      273      224      23       309      44       179      261      411      199      148      76       0        85       122      256      207      70       182      220      198      155      337      232      187      341      
28       5520     106      75       255      274      160      85       59       185      305      351      389      166      69       109      304      266      139      81       247      87       163      316      370      229      232      16       85       0        207      193      252      97       99       146      134      222      300      293      126      366      
29       2910     106      277      248      171      363      229      194      22       276      453      344      81       140      314      436      325      346      130      413      138      255      219      490      216      37       198      122      207      0        363      198      153      302      336      308      114      415      183      296      342      
30       8790     286      129      249      340      199      134      172      345      295      193      364      291      252      173      127      186      145      238      53       226      135      360      193      246      396      210      256      193      363      0        290      209      181      62       59       317      141      356      69       328      
31       3180     226      282      62       56       397      200      197      199      78       295      151      130      229      345      305      160      356      189      323      172      155      71       341      45       231      257      207      252      198      290      0        155      340      300      259      84       272      69       247      144      
32       2850     100      143      166      178      251      77       50       137      214      315      297      85       85       199      287      203      218      46       259      25       111      218      346      136      188      102      70       97       153      209      155      0        191      188      156      129      271      196      143      278      
33       8490     198      67       332      369      61       145      144      280      384      370      466      265      162      13       308      317      56       181      229      186      220      408      375      311      325      105      182      99       302      181      340      191      0        119      137      320      317      388      138      438      
34       8430     248      73       270      343      140      112      142      316      320      253      395      273      211      111      189      226      85       206      110      198      149      371      255      260      367      161      220      146      336      62       300      188      119      0        40       310      201      361      52       363      
35       7380     228      75       230      304      170      79       114      290      279      233      356      241      193      132      175      189      116      181      113      170      108      331      242      219      340      151      198      134      308      59       259      156      137      40       0        274      180      322      13       323      
36       1140     164      272      140      62       380      199      180      119      162      363      230      62       179      328      361      229      348      144      359      134      187      111      405      111      147      222      155      222      114      317      84       129      320      310      274      0        333      78       261      227      
37       9720     368      255      212      329      340      219      257      403      239      53       282      333      342      310      39       115      285      314      118      295      160      329      75       229      451      316      337      300      415      141      272      271      317      201      180      333      0        340      182      244      
38       3480     242      335      128      18       447      255      244      192      123      360      168      141      256      395      374      227      410      219      391      207      221      37       408      114      210      295      232      293      183      356      69       196      388      361      322      78       340      0        309      177      
39       6990     217      74       219      292      176      66       103      277      269      234      346      228      183      135      180      183      123      169      123      157      98       319      247      208      328      142      187      126      296      69       247      143      138      52       13       261      182      309      0        315      
40       7500     364      372      111      179      487      293      307      344      67       239      38       274      361      440      283      144      437      320      339      300      219      144      290      142      374      375      341      366      342      328      144      278      438      363      323      227      244      177      315      0        
;

