

sets
i        orders          /0*5/
k        routes          /1*5/
p        positions       /0*5/
;

alias(i,j)
alias(i,h)
alias(i,hh)
alias(i,jj)
alias(k,kk)
                            Parameters

rho(i)	Processing time
/
0	0
1	6
2	17
3	34
4	31
5	19
/

gamma(i)	Duedate
/
0	0
1	47
2	13
3	55
4	50
5	32
/

sigma(i)	Size
/
0	0
1	3
2	9
3	7
4	1
5	4
/

epsilon(i)	Priority
/
0	0
1	3
2	3
3	5
4	7
5	9
/

psi	Vehicle Capacity
/ 34 /
;

Table kappa(i,j)                 Setup
         0        1        2        3        4        5        
0        0        16       28       21       17       39       
1        16       0        12       6        2        24       
2        28       12       0        8        11       13       
3        21       6        8        0        4        18       
4        17       2        11       4        0        22       
5        39       24       13       18       22       0        
;



Table delta(i,j)                 Distance
         0        1        2        3        4        5        
0        0        1040     1350     450      690      780      
1        1040     0        62       146      133      70       
2        1350     62       0        167      131      64       
3        450      146      167      0        59       104      
4        690      133      131      59       0        69       
5        780      70       64       104      69       0        
;

