

sets
i        orders          /0*5/
k        routes          /1*5/
p        positions       /0*5/
;

alias(i,j)
alias(i,h)
alias(i,hh)
alias(i,jj)
alias(k,kk)
                            Parameters

rho(i)	Processing time
/
0	0
1	23
2	13
3	52
4	27
5	29
/

gamma(i)	Duedate
/
0	0
1	54
2	33
3	36
4	33
5	22
/

sigma(i)	Size
/
0	0
1	4
2	7
3	3
4	4
5	5
/

epsilon(i)	Priority
/
0	0
1	1
2	5
3	9
4	4
5	4
/

psi	Vehicle Capacity
/ 11 /
;

Table kappa(i,j)                 Setup
         0        1        2        3        4        5        
0        0        13       32       27       28       25       
1        13       0        21       22       16       23       
2        32       21       0        41       29       17       
3        27       22       41       0        15       45       
4        28       16       29       15       0        38       
5        25       23       17       45       38       0        
;



Table delta(i,j)                 Distance
         0        1        2        3        4        5        
0        0        420      360      300      150      360      
1        420      0        10       19       11       25       
2        360      10       0        11       6        24       
3        300      19       11       0        8        18       
4        150      11       6        8        0        17       
5        360      25       24       18       17       0        
;

