

sets
i        orders          /0*80/
k        routes          /1*80/
p        positions       /0*80/
;

alias(i,j)
alias(i,h)
alias(i,hh)
alias(i,jj)
alias(k,kk)
                            Parameters

rho(i)	Processing time
/
0	0
1	75
2	41
3	2
4	27
5	74
6	18
7	99
8	46
9	27
10	26
11	71
12	85
13	84
14	76
15	88
16	98
17	4
18	15
19	40
20	39
21	55
22	58
23	62
24	10
25	60
26	17
27	32
28	89
29	95
30	35
31	30
32	4
33	58
34	71
35	28
36	88
37	86
38	21
39	44
40	57
41	99
42	82
43	10
44	35
45	14
46	71
47	98
48	40
49	38
50	95
51	38
52	86
53	64
54	30
55	84
56	48
57	97
58	59
59	87
60	29
61	74
62	91
63	81
64	78
65	35
66	85
67	36
68	55
69	71
70	48
71	34
72	50
73	13
74	22
75	26
76	16
77	16
78	83
79	9
80	74
/

gamma(i)	Duedate
/
0	0
1	44
2	99
3	55
4	26
5	54
6	45
7	65
8	60
9	62
10	71
11	24
12	22
13	40
14	12
15	63
16	66
17	69
18	45
19	72
20	38
21	66
22	80
23	8
24	50
25	18
26	16
27	99
28	84
29	66
30	85
31	37
32	93
33	37
34	49
35	68
36	69
37	45
38	5
39	12
40	27
41	14
42	4
43	69
44	84
45	17
46	45
47	71
48	35
49	42
50	27
51	53
52	79
53	10
54	57
55	44
56	73
57	49
58	50
59	35
60	66
61	73
62	15
63	44
64	56
65	4
66	65
67	58
68	5
69	89
70	23
71	16
72	41
73	97
74	5
75	89
76	77
77	4
78	2
79	87
80	59
/

sigma(i)	Size
/
0	0
1	5
2	3
3	3
4	3
5	5
6	5
7	7
8	9
9	3
10	8
11	2
12	2
13	2
14	8
15	8
16	8
17	5
18	4
19	8
20	8
21	5
22	6
23	6
24	7
25	9
26	6
27	8
28	1
29	8
30	6
31	3
32	1
33	2
34	6
35	5
36	6
37	1
38	3
39	8
40	1
41	8
42	5
43	5
44	3
45	2
46	6
47	5
48	9
49	4
50	5
51	6
52	4
53	4
54	4
55	9
56	5
57	2
58	1
59	8
60	4
61	9
62	8
63	1
64	1
65	4
66	2
67	3
68	9
69	4
70	3
71	7
72	5
73	7
74	1
75	6
76	6
77	9
78	6
79	2
80	6
/

epsilon(i)	Priority
/
0	0
1	8
2	9
3	3
4	5
5	4
6	3
7	7
8	8
9	3
10	3
11	3
12	7
13	9
14	6
15	4
16	8
17	1
18	7
19	6
20	8
21	4
22	8
23	3
24	7
25	3
26	8
27	3
28	3
29	5
30	8
31	5
32	7
33	1
34	5
35	5
36	8
37	9
38	3
39	2
40	8
41	5
42	8
43	7
44	9
45	8
46	5
47	3
48	1
49	7
50	6
51	5
52	7
53	2
54	7
55	2
56	7
57	5
58	8
59	5
60	6
61	3
62	3
63	5
64	2
65	2
66	4
67	4
68	1
69	2
70	1
71	5
72	8
73	2
74	8
75	3
76	5
77	1
78	9
79	9
80	4
/

psi	Vehicle Capacity
/ 172 /
;

Table kappa(i,j)                 Setup
         0        1        2        3        4        5        6        7        8        9        10       11       12       13       14       15       16       17       18       19       20       21       22       23       24       25       26       27       28       29       30       31       32       33       34       35       36       37       38       39       40       41       42       43       44       45       46       47       48       49       50       51       52       53       54       55       56       57       58       59       60       61       62       63       64       65       66       67       68       69       70       71       72       73       74       75       76       77       78       79       80       
0        0        5983     7319     455      1584     5545     2800     4267     5441     7899     5296     3501     2902     4693     4888     8545     507      5280     4814     1765     6154     5926     5896     6662     2737     6055     9317     2084     3195     5612     7692     8971     4253     5250     7013     6722     5540     3894     5170     6616     3196     3993     7409     1873     470      4022     1173     4276     5107     4626     5719     8187     8516     1543     6913     757      6226     6194     6499     2888     1973     1765     6229     2918     5947     5044     7137     5889     7425     6072     2195     6560     6216     5040     1020     5921     6908     8330     6537     5341     4111     
1        5983     0        6075     6363     4415     1000     4423     3732     4237     4044     2862     4525     5550     1979     7276     4769     5630     763      6343     4245     4634     979      1708     4812     3258     2381     5027     5036     3159     5925     2143     5199     1745     733      5934     5729     7191     7151     888      6146     2892     7039     5693     4978     6446     2443     6587     6709     2932     2801     5987     3344     4641     4726     6307     5225     6879     4368     600      3702     4109     5783     3284     3223     7573     2621     1805     333      6344     1473     5322     7920     1908     944      6977     5496     1815     4965     2787     4824     3298     
2        7319     6075     0        7752     6683     5116     4576     3379     2176     3110     3338     3837     4559     7180     3950     3073     7401     6204     3107     6668     1520     6986     4373     1264     5903     3712     3975     5235     4983     1935     5423     3197     6065     5965     310      597      3183     4818     6243     924      5439     4599     560      7948     7542     4710     8476     3985     3360     7961     1853     4420     3189     5921     723      6875     2108     1731     6531     4854     6839     5718     2807     5397     3229     3674     5067     6358     280      7485     5161     3089     4241     5947     8136     1412     7877     2532     3434     2007     3802     
3        455      6363     7752     0        1948     5959     3250     4721     5892     8353     5749     3944     3294     4994     5199     9000     745      5648     5187     2121     6603     6262     6331     7111     3138     6501     9771     2519     3637     6022     8111     9426     4625     5630     7445     7155     5883     4168     5535     7035     3616     4283     7851     1972     351      4458     807      4608     5561     4860     6129     8630     8971     1997     7333     1166     6608     6646     6866     3341     2295     2132     6684     3348     6281     5494     7560     6256     7853     6383     2607     6896     6654     5419     614      6350     7218     8785     6987     5782     4566     
4        1584     4415     6683     1948     0        4048     2194     3354     4599     6708     4118     2930     2913     3138     5156     7401     1217     3701     4754     184      5331     4343     4492     5813     1224     4751     8098     1910     1920     5248     6207     7845     2677     3682     6395     6100     5612     4392     3590     6129     1750     4414     6659     1277     2054     2660     2258     4484     3950     3178     5354     6829     7351     1024     6415     844      6037     5298     4920     1847     457      2208     5084     1547     6050     3814     5668     4311     6840     4502     2210     6625     4829     3471     2561     5371     5337     7260     5270     4680     3049     
5        5545     1000     5116     5959     4048     0        3632     2775     3237     3375     1864     3634     4720     2387     6331     4124     5256     1160     5377     3898     3652     1869     832      3859     2827     1487     4539     4320     2475     4927     2158     4573     1626     931      4962     4749     6213     6273     1238     5154     2350     6149     4759     4840     5991     1664     6296     5785     1932     3253     4988     2980     4015     4154     5321     4795     5880     3395     1558     2978     3828     5091     2361     2648     6588     1623     1630     1247     5381     2370     4579     6925     1132     1012     6562     4496     2811     4234     1972     3824     2372     
6        2800     4423     4576     3250     2194     3632     0        1507     2641     5227     2703     747      1151     4108     3247     5826     2830     3949     2642     2227     3354     4819     3652     3862     1895     3592     6650     822      1329     3054     5562     6236     3103     3800     4277     3982     3539     2809     3888     3958     1789     2740     4624     3468     3098     1986     3926     2584     2503     4562     3160     5726     5813     1344     4249     2299     3856     3397     5021     785      2463     1573     3556     1502     3979     2543     4984     4484     4709     5171     984      4521     3905     3627     3718     3215     5923     5570     3991     2573     1499     
7        4267     3732     3379     4721     3354     2775     1507     0        1245     3727     1306     1043     2228     4126     3556     4318     4230     3499     2612     3320     1976     4393     2499     2460     2526     2252     5149     2324     1609     2375     4366     4729     2985     3289     3110     2822     3474     3588     3485     2978     2089     3440     3309     4597     4592     1544     5351     3027     1112     4802     2461     4317     4306     2744     3235     3688     3328     1955     4320     1507     3471     3041     2065     2019     3872     1277     3801     3896     3566     4836     2426     4274     2671     3180     5213     2206     5462     4069     2568     1452     500      
8        5441     4237     2176     5892     4599     3237     2641     1245     0        2882     1375     1986     3032     5072     3584     3346     5441     4213     2538     4565     732      5058     2654     1226     3741     2123     4248     3412     2821     1751     4242     3712     3938     3979     1930     1659     3204     3983     4231     1951     3265     3792     2066     5842     5734     2547     6554     3244     1317     5823     1793     3786     3368     3947     2160     4901     2671     762      4770     2752     4713     4049     1457     3238     3514     1640     3739     4474     2388     5541     3438     3758     2667     3925     6351     1259     6048     3006     2162     649      1630     
9        7899     4044     3110     8353     6708     3375     5227     3727     2882     0        2607     4721     5859     5763     6339     750      7775     4512     5307     6611     2506     5021     2566     2189     5567     2038     1424     6047     4791     4261     2592     1204     4895     4297     3170     3157     5789     6853     4603     3738     5011     6656     2556     7783     8263     4079     8899     6086     2792     6629     4247     1339     658      6356     3709     7242     4921     2243     4287     5012     6654     6766     1674     5163     5988     2893     2449     4376     3374     5505     6150     6022     2243     4387     8884     3556     5620     962      1488     3410     3791     
10       5296     2862     3338     5749     4118     1864     2703     1306     1375     2607     0        2347     3533     3853     4700     3284     5168     2880     3687     4032     1830     3702     1319     2125     3026     949      4022     3521     2197     3093     3093     3727     2764     2642     3151     2918     4460     4859     2912     3295     2478     4699     3057     5244     5670     1574     6292     4238     200      4659     3146     3029     3239     3755     3474     4634     4034     1611     3396     2407     4101     4275     967      2586     4808     359      2541     3105     3589     4192     3672     5102     1412     2612     6288     2633     4675     3156     1288     1980     1213     
11       3501     4525     3837     3944     2930     3634     747      1043     1986     4721     2347     0        1185     4524     2821     5272     3564     4159     2054     2952     2672     5054     3483     3183     2478     3289     6133     1435     1716     2322     5377     5663     3439     3979     3536     3242     2965     2639     4119     3210     2235     2517     3907     4207     3765     2117     4646     2206     2151     5069     2427     5360     5274     2088     3501     3039     3159     2749     5124     1288     3174     2069     3083     2015     3399     2282     4805     4638     3964     5452     1455     3904     3684     3832     4378     2469     6153     4974     3611     1842     1279     
12       2902     5550     4559     3294     2913     4720     1151     2228     3032     5859     3533     1185     0        5235     2248     6373     3123     5097     1927     3006     3644     5969     4642     4147     2959     4473     7258     1004     2480     2742     6545     6745     4251     4943     4249     3970     2726     1664     5038     3778     2927     1612     4744     4105     3039     3107     4074     1573     3336     5639     2847     6542     6386     1895     4075     2681     3325     3779     6150     1932     3285     1177     4247     2623     3157     3457     5971     5624     4627     6322     742      3749     4857     4774     3606     3147     7074     6037     4794     2710     2429     
13       4693     1979     7180     4994     3138     2387     4108     4126     5072     5763     3853     4524     5235     0        7323     6511     4251     1291     6564     2953     5660     1385     3206     5978     2331     3819     6894     4435     2817     6501     4123     6960     1144     1478     6972     6718     7472     6898     1181     7010     2320     6844     6910     3293     5161     2584     5032     6676     3819     866      6587     5261     6401     3817     7231     3979     7453     5462     2222     3327     2720     5051     4612     2612     7897     3508     3753     1700     7421     1395     4765     8357     3520     1376     5598     6265     2227     6611     4338     5517     3625     
14       4888     7276     3950     5199     5156     6331     3247     3556     3584     6339     4700     2821     2248     7323     0        6633     5212     6966     1046     5253     3833     7864     6000     4206     5140     5609     7577     3246     4506     2127     7769     6895     6257     6777     3682     3501     864      1121     6931     3026     5008     946      4367     6316     4882     4925     6006     675      4545     7810     2172     7361     6699     4133     3256     4838     1953     4101     7869     4008     5533     3152     5041     4743     1143     4789     7233     7418     3876     8270     2951     1749     6110     6640     5333     2833     8957     6166     5736     2966     3978     
15       8545     4769     3073     9000     7401     4124     5826     4318     3346     750      3284     5272     6373     6511     6633     0        8444     5256     5627     7311     2843     5743     3316     2427     6280     2780     944      6641     5480     4513     3173     456      5644     5043     3203     3260     6010     7242     5349     3834     5724     7037     2516     8499     8896     4794     9570     6447     3459     7378     4481     1782     160      7003     3747     7906     5056     2631     4984     5669     7364     7337     2324     5862     6160     3590     3114     5103     3309     6222     6720     6119     2992     5136     9517     3802     6299     548      2230     3797     4435     
16       507      5630     7401     745      1217     5256     2830     4230     5441     7775     5168     3564     3123     4251     5212     8444     0        4909     5051     1384     6166     5517     5665     6668     2429     5875     9185     2211     3005     5769     7413     8878     3888     4896     7100     6806     5819     4264     4795     6742     2929     4346     7453     1369     934      3803     1127     4578     4986     4144     5876     7985     8405     1494     7037     542      6439     6181     6127     2778     1550     2060     6120     2682     6238     4892     6869     5517     7524     5639     2387     6844     5995     4685     1357     6023     6475     8259     6376     5402     4017     
17       5280     763      6204     5648     3701     1160     3949     3499     4213     4512     2880     4159     5097     1291     6966     5256     4909     0        6090     3527     4709     898      1992     4961     2585     2644     5608     4487     2634     5810     2867     5700     1026     240      6029     5799     6969     6736     125      6161     2287     6642     5876     4218     5747     2043     5844     6366     2899     2149     5883     3970     5140     4091     6351     4525     6773     4474     1219     3189     3375     5208     3499     2623     7371     2575     2468     609      6462     1342     4791     7765     2279     327      6262     5461     1993     5388     3132     4745     3022     
18       4814     6343     3107     5187     4754     5377     2642     2612     2538     5307     3687     2054     1927     6564     1046     5627     5051     6090     0        4819     2804     6987     4998     3201     4511     4581     6569     2892     3769     1184     6738     5908     5459     5888     2815     2595     910      1711     6065     2202     4290     1493     3461     5990     4908     4068     5980     878      3541     7123     1256     6315     5686     3767     2471     4603     1431     3065     6928     3329     5077     3056     3996     4064     1346     3800     6208     6507     3085     7415     2667     1880     5092     5766     5437     1856     8067     5176     4693     1920     3069     
19       1765     4245     6668     2121     184      3898     2227     3320     4565     6611     4032     2952     3006     2953     5253     7311     1384     3527     4819     0        5296     4161     4362     5772     1086     4639     7995     2008     1838     5274     6057     7757     2504     3511     6384     6090     5687     4514     3414     6136     1626     4530     6629     1280     2235     2548     2399     4579     3869     3002     5380     6703     7257     1137     6419     1028     6081     5253     4745     1817     296      2352     5000     1448     6126     3721     5522     4135     6832     4318     2318     6695     4701     3301     2735     5373     5153     7182     5164     4672     2992     
20       6154     4634     1520     6603     5331     3652     3354     1976     732      2506     1830     2672     3644     5660     3833     2843     6166     4709     2804     5296     0        5514     2961     511      4456     2337     3777     4107     3538     1771     4298     3162     4544     4470     1321     1096     3302     4399     4742     1546     3967     4194     1341     6572     6435     3201     7275     3607     1842     6441     1770     3600     2891     4671     1677     5627     2543     311      5125     3484     5440     4712     1483     3956     3538     2158     3855     4900     1762     6009     4109     3664     2887     4442     7049     1090     6448     2434     2196     963      2343     
21       5926     979      6986     6262     4343     1869     4819     4393     5058     5021     3702     5054     5969     1385     7864     5743     5517     898      6987     4161     5514     0        2653     5728     3326     3327     5969     5318     3494     6687     2969     6169     1772     1104     6828     6610     7865     7616     936      6997     3105     7528     6625     4655     6396     2939     6367     7260     3740     2057     6757     4267     5613     4854     7175     5184     7649     5263     914      4048     3967     6017     4221     3439     8265     3418     2722     653      7250     502      5630     8653     2878     1224     6874     6314     1105     5944     3757     5610     3919     
22       5896     1708     4373     6331     4492     832      3652     2499     2654     2566     1319     3483     4642     3206     6000     3316     5665     1992     4998     4362     2961     2653     0        3108     3277     674      3792     4418     2711     4397     1911     3769     2345     1763     4242     4049     5779     6086     2069     4496     2742     5939     3984     5417     6320     1875     6749     5511     1456     4070     4446     2346     3214     4418     4638     5168     5326     2682     2165     3125     4340     5196     1576     2985     6126     1223     1333     2007     4644     3155     4634     6408     350      1831     6916     3893     3504     3406     1140     3284     2213     
23       6662     4812     1264     7111     5813     3859     3862     2460     1226     2189     2125     3183     4147     5978     4206     2427     6668     4961     3201     5772     511      5728     3108     0        4903     2448     3371     4618     3991     2092     4240     2713     4885     4721     1161     1038     3609     4840     5005     1596     4400     4630     933      7044     6946     3594     7779     4032     2176     6782     2069     3388     2493     5173     1637     6128     2737     536      5267     3967     5907     5222     1544     4409     3798     2475     3847     5097     1537     6229     4620     3848     2979     4713     7560     1381     6613     1980     2194     1447     2796     
24       2737     3258     5903     3138     1224     2827     1895     2526     3741     5567     3026     2478     2959     2331     5140     6280     2429     2585     4511     1086     4456     3326     3277     4903     0        3572     6937     2107     920      4731     4985     6731     1569     2530     5636     5348     5417     4607     2486     5478     556      4570     5798     2220     3195     1488     3481     4472     2879     2680     4831     5619     6219     1528     5745     1981     5619     4371     3795     1190     1086     2729     3990     508      5856     2696     4444     3192     6093     3572     2439     6378     3617     2322     3746     4703     4388     6182     4105     3962     2113     
25       6055     2381     3712     6501     4751     1487     3592     2252     2123     2038     949      3289     4473     3819     5609     2780     5875     2644     4581     4639     2337     3327     674      2448     3572     0        3368     4397     2870     3874     2161     3237     2876     2410     3592     3412     5312     5805     2714     3882     3018     5642     3313     5773     6454     2091     6985     5170     1139     4676     3912     2148     2697     4532     4007     5356     4776     2045     2818     3191     4657     5164     907      3206     5635     1049     1628     2681     3985     3830     4572     5876     553      2457     7064     3321     4168     2806     550      2770     2094     
26       9317     5027     3975     9771     8098     4539     6650     5149     4248     1424     4022     6133     7258     6894     7577     944      9185     5608     6569     7995     3777     5969     3792     3371     6937     3368     0        7471     6190     5458     3137     807      6133     5416     4125     4195     6953     8175     5713     4765     6381     7971     3426     9141     9686     5450     10306    7384     4210     7756     5426     1717     886      7775     4665     8653     5991     3553     5134     6429     8023     8186     3098     6551     7098     4293     3250     5358     4198     6419     7569     7044     3445     5538     10305    4747     6372     1451     2832     4725     5214     
27       2084     5036     5235     2519     1910     4320     822      2324     3412     6047     3521     1435     1004     4435     3246     6641     2211     4487     2892     2008     4107     5318     4418     4618     2107     4397     7471     0        1877     3558     6321     7047     3553     4368     4929     4638     3721     2543     4411     4541     2212     2538     5334     3106     2330     2656     3246     2573     3321     4753     3665     6538     6630     890      4837     1726     4245     4174     5624     1344     2292     778      4378     1880     4156     3348     5744     5057     5342     5622     333      4742     4687     4179     2942     3838     6412     6374     4808     3264     2311     
28       3195     3159     4983     3637     1920     2475     1329     1609     2821     4791     2197     1716     2480     2817     4506     5480     3005     2634     3769     1838     3538     3494     2711     3991     920      2870     6190     1877     0        3868     4558     5924     1776     2500     4717     4430     4680     4137     2567     4573     524      4063     4880     3077     3611     841      4120     3862     2031     3357     3964     4993     5431     1709     4837     2486     4780     3461     3748     555      1931     2631     3163     418      5112     1898     3989     3188     5174     3841     2165     5602     3023     2317     4212     3798     4597     5344     3372     3052     1196     
29       5612     5925     1935     6022     5248     4927     3054     2375     1751     4261     3093     2322     2742     6501     2127     4513     5769     5810     1184     5274     1771     6687     4397     2092     4731     3874     5458     3558     3868     0        5971     4768     5359     5587     1637     1411     1531     2894     5810     1060     4385     2676     2277     6522     5779     3918     6786     2061     2997     7166     107      5368     4585     4353     1349     5272     962      2067     6479     3559     5495     3919     3145     4237     1784     3304     5482     6138     1940     7153     3417     2010     4418     5502     6348     711      7718     4040     3869     1114     2876     
30       7692     2143     5423     8111     6207     2158     5562     4366     4242     2592     3093     5377     6545     4123     7769     3173     7413     2867     6738     6057     4298     2969     1911     4240     4985     2161     3137     6321     4558     5971     0        3526     3697     2747     5388     5276     7446     7948     2990     5812     4496     7791     4918     6965     8132     3718     8454     7329     3269     4939     5997     1437     3019     6264     5877     6945     6828     3987     2073     5010     5981     7099     2832     4779     7750     3096     577      2440     5702     3368     6543     7945     1695     2931     8711     5361     3239     3544     2107     4891     4118     
31       8971     5199     3197     9426     7845     4573     6236     4729     3712     1204     3727     5663     6745     6960     6895     456      8878     5700     5908     7757     3162     6169     3769     2713     6731     3237     807      7047     5924     4768     3526     0        6099     5489     3364     3456     6238     7552     5794     4016     6175     7343     2656     8951     9315     5246     10005    6745     3899     7826     4728     2101     559      7430     3898     8340     5245     2976     5393     6102     7814     7732     2763     6309     6361     4038     3511     5532     3410     6643     7115     6279     3442     5585     9937     4062     6694     732      2687     4124     4864     
32       4253     1745     6065     4625     2677     1626     3103     2985     3938     4895     2764     3439     4251     1144     6257     5644     3888     1026     5459     2504     4544     1772     2345     4885     1569     2876     6133     3553     1776     5359     3697     6099     0        1014     5849     5590     6362     5912     920      5870     1342     5839     5818     3273     4720     1441     4844     5625     2711     1898     5444     4605     5549     3089     6094     3499     6313     4360     2245     2319     2364     4244     3589     1672     6783     2410     3218     1636     6301     2075     3869     7230     2688     805      5239     5123     2859     5680     3420     4373     2484     
33       5250     733      5965     5630     3682     931      3800     3289     3979     4297     2642     3979     4943     1478     6777     5043     4896     240      5888     3511     4470     1104     1763     4721     2530     2410     5416     4368     2500     5587     2747     5489     1014     0        5790     5561     6762     6572     307      5926     2189     6474     5636     4268     5714     1862     5858     6183     2664     2343     5658     3796     4929     4014     6115     4493     6549     4234     1272     3052     3377     5101     3261     2523     7161     2340     2318     689      6222     1567     4664     7549     2058     210      6243     5229     2181     5165     2903     4517     2818     
34       7013     5934     310      7445     6395     4962     4277     3110     1930     3170     3151     3536     4249     6972     3682     3203     7100     6029     2815     6384     1321     6828     4242     1161     5636     3592     4125     4929     4717     1637     5388     3364     5849     5790     0        295      2935     4527     6063     668      5182     4308     713      7663     7233     4476     8172     3693     3158     7742     1558     4452     3310     5621     544      6575     1889     1566     6406     4572     6559     5408     2695     5129     3011     3477     5006     6208     458      7325     4853     2918     4131     5763     7826     1102     7743     2674     3355     1715     3544     
35       6722     5729     597      7155     6100     4749     3982     2822     1659     3157     2918     3242     3970     6718     3501     3260     6806     5799     2595     6090     1096     6610     4049     1038     5348     3412     4195     4638     4430     1411     5276     3456     5590     5561     295      0        2790     4305     5829     582      4899     4087     868      7369     6946     4206     7879     3472     2914     7480     1343     4405     3355     5327     602      6280     1796     1368     6215     4279     6266     5125     2529     4841     2905     3235     4872     5996     745      7104     4565     2872     3958     5527     7540     823      7542     2746     3212     1420     3262     
36       5540     7191     3183     5883     5612     6213     3539     3474     3204     5789     4460     2965     2726     7472     864      6010     5819     6969     910      5687     3302     7865     5779     3609     5417     5312     6953     3721     4680     1531     7446     6238     6362     6762     2935     2790     0        1956     6949     2268     5200     1760     3640     6828     5582     4961     6687     1284     4331     8034     1541     6896     6089     4609     2470     5401     1113     3596     7770     4238     5952     3777     4642     4974     440      4610     6937     7368     3081     8301     3466     1025     5842     6647     6070     2232     8937     5517     5360     2556     3947     
37       3894     7151     4818     4168     4392     6273     2809     3588     3983     6853     4859     2639     1664     6898     1121     7242     4264     6736     1711     4514     4399     7616     6086     4840     4607     5805     8175     2543     4137     2894     7948     7552     5912     6572     4527     4305     1956     0        6682     3908     4591     218      5168     5461     3838     4716     4972     833      4679     7280     2968     7738     7288     3378     4169     3950     2976     4624     7751     3593     4807     2239     5389     4287     2264     4866     7387     7245     4787     7979     2214     2868     6255     6410     4254     3543     8721     6820     6031     3451     3912     
38       5170     888      6243     5535     3590     1238     3888     3485     4231     4603     2912     4119     5038     1181     6931     5349     4795     125      6065     3414     4742     936      2069     5005     2486     2714     5713     4411     2567     5810     2990     5794     920      307      6063     5829     6949     6682     0        6182     2204     6592     5924     4094     5638     2006     5725     6325     2922     2043     5884     4082     5235     3998     6377     4416     6773     4512     1331     3122     3258     5125     3557     2540     7354     2598     2586     721      6499     1351     4717     7756     2365     308      6150     5475     2040     5472     3210     4753     3002     
39       6616     6146     924      7035     6129     5154     3958     2978     1951     3738     3295     3210     3778     7010     3026     3834     6742     6161     2202     6136     1546     6997     4496     1596     5478     3882     4765     4541     4573     1060     5812     4016     5870     5926     668      582      2268     3908     6182     0        5066     3689     1378     7406     6804     4451     7785     3077     3262     7740     966      4979     3932     5291     297      6231     1228     1846     6654     4354     6334     4953     3024     4971     2347     3586     5389     6399     884      7484     4428     2291     4433     5876     7382     775      7962     3315     3726     1526     3454     
40       3196     2892     5439     3616     1750     2350     1789     2089     3265     5011     2478     2235     2927     2320     5008     5724     2929     2287     4290     1626     3967     3105     2742     4400     556      3018     6381     2212     524      4385     4496     6175     1342     2189     5182     4899     5200     4591     2204     5066     0        4529     5306     2775     3641     931      4007     4357     2336     2834     4480     5078     5663     1836     5324     2450     5302     3865     3459     1006     1643     2921     3439     336      5633     2143     3944     2873     5640     3417     2527     6126     3078     1990     4215     4292     4199     5631     3549     3541     1638     
41       3993     7039     4599     4283     4414     6149     2740     3440     3792     6656     4699     2517     1612     6844     946      7037     4346     6642     1493     4530     4194     7528     5939     4630     4570     5642     7971     2538     4063     2676     7791     7343     5839     6474     4308     4087     1760     218      6592     3689     4529     0        4951     5513     3959     4614     5090     615      4521     7249     2750     7556     7085     3393     3951     4010     2764     4423     7640     3525     4820     2300     5207     4231     2085     4717     7232     7142     4569     7899     2215     2694     6100     6316     4395     3328     8632     6611     5856     3249     3781     
42       7409     5693     560      7851     6659     4759     4624     3309     2066     2556     3057     3907     4744     6910     4367     2516     7453     5876     3461     6629     1341     6625     3984     933      5798     3313     3426     5334     4880     2277     4918     2656     5818     5636     713      868      3640     5168     5924     1378     5306     4951     0        7907     7661     4519     8549     4336     3110     7715     2211     3874     2630     5960     1242     6918     2602     1463     6122     4813     6779     5875     2408     5298     3724     3408     4588     5987     817      7127     5295     3622     3822     5635     8266     1645     7478     1978     2985     2071     3684     
43       1873     4978     7948     1972     1277     4840     3468     4597     5842     7783     5244     4207     4105     3293     6316     8499     1369     4218     5990     1280     6572     4655     5417     7044     2220     5773     9141     3106     3077     6522     6965     8951     3273     4268     7663     7369     6828     5461     4094     7406     2775     5513     7907     0        2256     3705     1774     5654     5092     2986     6629     7760     8437     2223     7691     1518     7300     6522     5392     3097     1146     3222     6210     2668     7262     4917     6466     4797     8110     4678     3373     7848     5765     4066     2499     6646     5496     8400     6312     5950     4255     
44       470      6446     7542     351      2054     5991     3098     4592     5734     8263     5670     3765     3039     5161     4882     8896     934      5747     4908     2235     6435     6396     6320     6946     3195     6454     9686     2330     3611     5779     8132     9315     4720     5714     7233     6946     5582     3838     5638     6804     3641     3959     7661     2256     0        4445     1136     4302     5478     5078     5884     8594     8872     1922     7101     1221     6335     6493     6965     3269     2442     1864     6590     3353     5974     5432     7574     6356     7633     6541     2381     6590     6635     5504     621      6134     7377     8661     6926     5590     4472     
45       4022     2443     4710     4458     2660     1664     1986     1544     2547     4079     1574     2117     3107     2584     4925     4794     3803     2043     4068     2548     3201     2939     1875     3594     1488     2091     5450     2656     841      3918     3718     5246     1441     1862     4476     4206     4961     4716     2006     4451     931      4614     4519     3705     4445     0        4903     4323     1453     3289     4002     4181     4731     2550     4686     3298     4872     3058     3043     1315     2575     3427     2523     1122     5374     1227     3148     2529     4932     3350     2917     5804     2195     1715     5040     3695     4036     4713     2618     2941     1043     
46       1173     6587     8476     807      2258     6296     3926     5351     6554     8899     6292     4646     4074     5032     6006     9570     1127     5844     5980     2399     7275     6367     6749     7779     3481     6985     10306    3246     4120     6786     8454     10005    4844     5858     8172     7879     6687     4972     5725     7785     4007     5090     8549     1774     1136     4903     0        5413     6112     4760     6892     9081     9531     2608     8082     1668     7396     7298     7049     3905     2485     2925     7246     3781     7087     6013     7921     6443     8588     6425     3369     7702     7084     5649     932      7084     7250     9386     7492     6488     5145     
47       4276     6709     3985     4608     4484     5785     2584     3027     3244     6086     4238     2206     1573     6676     675      6447     4578     6366     878      4579     3607     7260     5511     4032     4472     5170     7384     2573     3862     2061     7329     6745     5625     6183     3693     3472     1284     833      6325     3077     4357     615      4336     5654     4302     4323     5413     0        4070     7146     2135     7025     6499     3462     3342     4188     2196     3846     7306     3353     4859     2521     4681     4084     1673     4290     6780     6836     3958     7655     2283     2288     5649     6038     4786     2717     8359     6013     5348     2675     3415     
48       5107     2932     3360     5561     3950     1932     2503     1112     1317     2792     200      2151     3336     3819     4545     3459     4986     2899     3541     3869     1842     3740     1456     2176     2879     1139     4210     3321     2031     2997     3269     3899     2711     2664     3158     2914     4331     4679     2922     3262     2336     4521     3110     5092     5478     1453     6112     4070     0        4609     3056     3230     3419     3565     3455     4451     3947     1649     3481     2219     3946     4074     1136     2427     4689     323      2712     3160     3604     4224     3471     5001     1579     2617     6097     2574     4737     3313     1488     1892     1015     
49       4626     2801     7961     4860     3178     3253     4562     4802     5823     6629     4659     5069     5639     866      7810     7378     4144     2149     7123     3002     6441     2057     4070     6782     2680     4676     7756     4753     3357     7166     4939     7826     1898     2343     7742     7480     8034     7280     2043     7740     2834     7249     7715     2986     5078     3289     4760     7146     4609     0        7257     6114     7268     4023     7973     3976     8104     6258     2958     3809     2725     5281     5451     3071     8468     4306     4595     2499     8195     1874     5087     8958     4386     2241     5437     6983     2615     7473     5199     6228     4306     
