

sets
i        orders          /0*80/
k        routes          /1*80/
p        positions       /0*80/
;

alias(i,j)
alias(i,h)
alias(i,hh)
alias(i,jj)
alias(k,kk)
                            Parameters

rho(i)	Processing time
/
0	0
1	56
2	12
3	79
4	70
5	44
6	2
7	33
8	65
9	86
10	31
11	89
12	54
13	93
14	59
15	3
16	87
17	97
18	31
19	83
20	78
21	79
22	73
23	72
24	15
25	89
26	74
27	40
28	57
29	75
30	7
31	94
32	32
33	39
34	97
35	94
36	2
37	76
38	87
39	63
40	97
41	39
42	87
43	30
44	76
45	27
46	19
47	81
48	33
49	6
50	46
51	10
52	67
53	82
54	15
55	57
56	60
57	68
58	73
59	57
60	31
61	24
62	33
63	17
64	17
65	7
66	38
67	16
68	20
69	88
70	32
71	49
72	27
73	75
74	99
75	51
76	32
77	44
78	14
79	50
80	75
/

gamma(i)	Duedate
/
0	0
1	71
2	78
3	71
4	27
5	66
6	53
7	73
8	64
9	97
10	5
11	71
12	32
13	71
14	49
15	24
16	27
17	44
18	57
19	84
20	32
21	53
22	18
23	36
24	29
25	49
26	84
27	11
28	88
29	21
30	84
31	32
32	93
33	76
34	45
35	17
36	13
37	64
38	96
39	4
40	94
41	60
42	93
43	14
44	11
45	95
46	7
47	49
48	86
49	73
50	60
51	67
52	15
53	2
54	34
55	23
56	37
57	27
58	53
59	11
60	98
61	72
62	40
63	13
64	7
65	15
66	42
67	36
68	85
69	68
70	62
71	3
72	72
73	10
74	34
75	5
76	39
77	7
78	9
79	7
80	1
/

sigma(i)	Size
/
0	0
1	8
2	5
3	4
4	2
5	7
6	3
7	6
8	9
9	1
10	3
11	6
12	3
13	7
14	9
15	2
16	6
17	6
18	7
19	8
20	9
21	2
22	2
23	2
24	7
25	4
26	4
27	1
28	1
29	7
30	6
31	1
32	9
33	2
34	5
35	9
36	9
37	1
38	4
39	4
40	6
41	8
42	3
43	9
44	2
45	9
46	6
47	9
48	4
49	3
50	5
51	9
52	2
53	3
54	7
55	1
56	5
57	2
58	7
59	8
60	8
61	5
62	6
63	9
64	8
65	7
66	4
67	5
68	9
69	3
70	4
71	8
72	6
73	2
74	2
75	1
76	7
77	8
78	2
79	5
80	3
/

epsilon(i)	Priority
/
0	0
1	5
2	4
3	7
4	5
5	3
6	9
7	2
8	7
9	7
10	5
11	3
12	9
13	5
14	5
15	5
16	2
17	2
18	7
19	4
20	8
21	5
22	5
23	3
24	2
25	2
26	3
27	7
28	6
29	1
30	1
31	9
32	2
33	6
34	2
35	7
36	5
37	2
38	1
39	4
40	4
41	1
42	8
43	5
44	9
45	3
46	6
47	9
48	3
49	9
50	8
51	1
52	1
53	3
54	2
55	5
56	1
57	3
58	9
59	1
60	3
61	8
62	1
63	1
64	4
65	7
66	2
67	4
68	1
69	8
70	7
71	3
72	5
73	1
74	7
75	5
76	8
77	8
78	1
79	8
80	4
/

psi	Vehicle Capacity
/ 32 /
;

Table kappa(i,j)                 Setup
         0        1        2        3        4        5        6        7        8        9        10       11       12       13       14       15       16       17       18       19       20       21       22       23       24       25       26       27       28       29       30       31       32       33       34       35       36       37       38       39       40       41       42       43       44       45       46       47       48       49       50       51       52       53       54       55       56       57       58       59       60       61       62       63       64       65       66       67       68       69       70       71       72       73       74       75       76       77       78       79       80       
0        0        4123     3067     6453     748      5969     3665     8288     5713     4049     1053     2775     7863     6443     6856     8052     7629     9212     5997     1052     7099     5410     5970     2054     5828     7706     5133     7776     1398     2558     3953     6025     4313     2352     7985     7326     7482     5533     7058     2060     5168     6305     5290     6337     3576     3128     7491     4341     6524     6274     6317     2235     9624     6759     6175     3969     2755     5394     4547     5912     7750     4387     5576     2545     4684     5312     7438     9388     6239     4143     6318     7220     3775     6388     5961     5164     7339     8118     5074     4400     4444     
1        4123     0        3074     5482     4419     2873     854      4709     2195     1097     3482     1364     4845     2319     3478     5204     3515     5137     1943     3551     3143     2805     3438     2993     2512     4943     1181     3880     2734     2681     935      3739     3346     2454     3912     3460     3903     1744     4237     2064     2627     3759     2073     2243     827      1177     4271     1037     2403     2293     5372     3526     5810     3205     3100     2424     1912     2264     1899     1798     3996     1195     2222     2551     2553     1329     3656     5347     2683     1747     2359     4561     1960     5269     2898     1399     3520     4109     3927     1982     2235     
2        3067     3074     0        7847     2779     3338     2223     7769     3417     2203     2014     2222     7891     4928     6550     5118     6157     7838     4864     3388     5010     2644     6315     1030     5560     4762     4236     6846     2250     3892     3643     6547     5488     3510     6670     5090     4959     3522     7232     2329     5442     3386     5078     5059     3209     2009     7336     2492     4939     5266     7717     968      8779     4299     6119     1203     1297     2916     2108     4363     5352     2422     3196     777      1895     3591     5098     8110     5758     4341     5345     4270     4259     7689     5905     3245     5048     6021     6246     1900     4839     
3        6453     5482     7847     0        7182     8252     6122     4858     7468     6533     6785     5656     3514     6230     3927     10491    6564     7180     5432     5410     7621     8283     2576     7140     3822     10279    5028     5496     5943     4104     4564     2189     2361     4456     6396     8052     8819     6904     2938     5570     3008     9213     3828     5757     4868     6002     3764     6520     6385     5235     136      7707     6299     8265     3372     7711     6580     7692     7372     6171     8666     6678     7578     7083     8003     6376     8351     7079     4219     3743     5176     9953     3655     263      3391     6677     8183     8168     1607     7431     3247     
4        748      4419     2779     7182     0        5924     3841     8791     5770     4159     966      3056     8450     6716     7378     7881     7932     9555     6345     1772     7240     5306     6580     1865     6338     7527     5505     8196     1732     3216     4393     6660     5002     2966     8328     7428     7494     5664     7658     2422     5753     6137     5798     6662     3981     3323     8046     4467     6783     6654     7046     1844     10079    6784     6728     3829     2801     5390     4529     6166     7806     4487     5606     2429     4557     5509     7510     9753     6720     4686     6706     7036     4352     7110     6510     5307     7425     8269     5774     4359     5029     
5        5969     2873     3338     8252     5924     0        2607     6105     824      2111     4998     3555     6811     2766     5380     2339     3699     5241     3256     5811     2033     743      5937     4064     4739     2069     3281     4886     4685     5402     3800     6297     6212     5098     4297     1933     1622     1401     6441     4240     5269     1048     4514     3171     3662     3073     6158     1939     2676     3653     8151     4274     6625     1015     5354     2144     3219     635      1425     2417     2051     1811     674      3495     1449     1914     1847     5581     4617     4587     3746     1702     4833     8022     5208     1576     1843     2901     6751     1571     5040     
6        3665     854      2223     6122     3841     2607     0        5549     2128     499      2878     975      5696     2913     4333     4926     4150     5813     2695     3293     3433     2328     4235     2241     3363     4627     2014     4668     2278     2807     1592     4513     3868     2493     4603     3670     3924     1872     5075     1707     3393     3325     2908     2941     1255     538      5126     709      2964     3078     6004     2736     6604     3196     3943     1623     1134     1972     1330     2349     4127     805      2053     1749     1897     1667     3804     6050     3536     2395     3151     4199     2483     5925     3737     1499     3694     4454     4529     1336     2906     
7        8288     4709     7769     4858     8791     6105     5549     0        5330     5616     7956     5897     1429     3338     1448     7693     2703     2475     2997     7385     4444     6565     2765     7660     2459     7631     3534     1284     7069     5898     4418     2998     4742     5985     2205     4831     5741     4826     1936     6394     3270     7138     2998     2959     4856     5863     1113     5377     3435     2571     4857     8218     1514     5529     2200     6936     6613     5842     6112     3744     5345     5495     5565     7256     6758     4457     5144     2289     2081     4154     2481     7510     4558     4609     2389     4882     4994     4421     4456     6290     3942     
8        5713     2195     3417     7468     5770     824      2128     5330     0        1677     4813     3103     5994     2003     4561     3043     3046     4663     2439     5418     1601     1261     5121     3962     3916     2813     2469     4138     4360     4828     3092     5485     5488     4555     3631     1683     1795     578      5617     3831     4473     1869     3702     2377     3014     2649     5343     1418     1932     2842     7370     4277     5937     1067     4530     2232     2976     577      1310     1607     2040     1339     259      3386     1695     1101     1739     4983     3794     3850     2936     2493     4131     7234     4386     812      1661     2604     5991     1516     4283     
9        4049     1097     2203     6533     4159     2111     499      5616     1677     0        3193     1451     5884     2745     4484     4427     3984     5663     2668     3748     3080     1839     4535     2440     3567     4128     2120     4649     2685     3306     1971     4836     4317     2992     4478     3280     3469     1505     5310     2162     3723     2833     3156     2856     1693     979      5288     315      2772     3078     6418     2868     6579     2741     4169     1352     1365     1477     854      2177     3704     339      1578     1893     1470     1424     3389     5923     3674     2790     3160     3701     2923     6328     3973     1154     3290     4111     4953     898      3294     
10       1053     3482     2014     6785     966      4998     2878     7956     4813     3193     0        2128     7710     5764     6568     7025     6986     8620     5419     1578     6274     4406     5887     1003     5524     6676     4595     7302     922      2691     3538     6009     4495     2371     7395     6465     6550     4698     6941     1564     5032     5277     4985     5725     3107     2364     7268     3501     5827     5742     6649     1226     9203     5836     5955     2945     1839     4448     3589     5210     6852     3523     4655     1521     3668     4545     6552     8827     5876     3926     5798     6188     3643     6681     5734     4341     6464     7303     5283     3427     4319     
11       2775     1364     2222     5656     3056     3555     975      5897     3103     1451     2128     0        5809     3675     4557     5848     4880     6498     3291     2322     4360     3199     4130     1788     3522     5538     2469     5182     1378     1952     1518     4341     3313     1601     5272     4620     4898     2823     5099     744      3251     4194     3001     3605     1065     487      5304     1684     3752     3615     5530     2371     7094     4171     4025     2151     929      2925     2200     3138     5094     1775     3025     1506     2644     2550     4767     6700     3818     2133     3672     5092     2037     5488     3805     2448     4652     5367     4049     2145     2622     
12       7863     4845     7891     3514     8450     6811     5696     1429     5994     5884     7710     5809     0        4134     1439     8652     3843     3896     3554     6879     5423     7151     1918     7595     2333     8543     3779     2464     6791     5340     4293     1987     3873     5511     3450     5843     6737     5437     829      6163     2697     7859     2819     3672     4745     5894     657      5703     4263     3160     3531     8180     2788     6405     1784     7237     6641     6437     6526     4394     6408     5844     6200     7277     7200     4981     6162     3719     2241     3784     3068     8357     4098     3278     2003     5396     6001     5594     3408     6675     3422     
13       6443     2319     4928     6230     6716     2766     2913     3338     2003     2745     5764     3675     4134     0        2752     4531     1240     2918     806      5837     1397     3257     3683     5146     2414     4411     1531     2135     5051     4753     2751     4073     4707     4617     1745     1832     2666     1551     3898     4383     3295     3801     2455     489      2975     3401     3477     2441     155      1036     6156     5608     3971     2272     2945     3889     4040     2542     2972     569      2444     2505     2248     4624     3554     1337     2142     3182     2101     3187     1116     4228     3610     5973     2869     1715     1973     2044     4978     3174     3431     
14       6856     3478     6550     3927     7378     5380     4333     1448     4561     4484     6568     4557     1439     2752     0        7283     2705     3305     2124     5941     4097     5712     1480     6341     1043     7156     2366     1579     5667     4450     3048     1805     3361     4541     2473     4527     5401     4001     1175     5003     1834     6429     1583     2274     3497     4581     807      4288     2890     1744     3892     6913     2905     5019     775      5834     5335     4998     5099     2968     5115     4425     4763     5977     5770     3542     4846     3262     812      2715     1654     6950     3111     3664     946      3958     4680     4411     3185     5252     2494     
15       8052     5204     5118     10491    7881     2339     4926     7693     3043     4427     7025     5848     8652     4531     7283     0        5014     6149     5220     8032     3251     2679     8072     6033     6822     359      5465     6409     6867     7731     6123     8449     8528     7418     5580     2863     1954     3592     8421     6497     7485     1748     6685     5010     6000     5361     7997     4275     4394     5551     10396    6084     7818     2273     7409     4082     5381     2970     3654     4393     2408     4142     2982     5508     3371     4118     2556     6523     6600     6892     5637     849      7160     10251    7295     3854     2700     3487     9033     3741     7326     
16       7629     3515     6157     6564     7932     3699     4150     2703     3046     3984     6986     4880     3843     1240     2705     5014     0        1681     1675     6968     1802     4299     3999     6386     2843     4977     2554     1425     6247     5775     3807     4379     5425     5686     600      2153     3059     2699     3865     5569     3873     4667     3099     1301     4096     4630     3228     3678     1217     1550     6513     6848     2931     2946     3194     5090     5279     3618     4157     1809     2643     3735     3305     5864     4696     2567     2457     1963     2372     4078     1560     4905     4528     6301     3204     2921     2315     1751     5538     4364     4203     
17       9212     5137     7838     7180     9555     5241     5813     2475     4663     5663     8620     6498     3896     2918     3305     6149     1681     0        3216     8488     3224     5892     4780     8053     3893     6190     4081     1742     7848     7190     5302     5110     6531     7151     1227     3452     4272     4364     4257     7162     4937     6135     4301     2894     5642     6279     3452     5358     2898     2954     7159     8524     1775     4368     4014     6763     6946     5241     5825     3487     3759     5417     4923     7539     6341     4249     3696     374      3377     5418     2923     6216     5873     6921     4109     4599     3598     2663     6468     6034     5426     
18       5997     1943     4864     5432     6345     3256     2695     2997     2439     2668     5419     3291     3554     806      2124     5220     1675     3216     0        5301     2188     3618     2900     4919     1630     5069     880      1982     4633     4104     2131     3288     3920     4010     1988     2620     3417     1887     3215     3946     2489     4305     1649     398      2435     3111     2904     2406     961      426      5356     5431     3916     2946     2193     3954     3820     2898     3115     846      3234     2513     2648     4444     3762     1467     2922     3409     1384     2448     517      4839     2888     5177     2096     1893     2754     2835     4173     3294     2650     
19       1052     3551     3388     5410     1772     5811     3293     7385     5418     3748     1578     2322     6879     5837     5941     8032     6968     8488     5301     0        6660     5352     4971     2377     4934     7701     4422     6970     1187     1541     3185     5005     3264     1400     7271     6935     7214     5142     6064     1587     4198     6312     4405     5667     2872     2770     6538     4002     5936     5533     5274     2769     8766     6486     5232     4025     2656     5196     4400     5343     7416     4082     5325     2698     4685     4837     7088     8635     5375     3233     5567     7231     2831     5340     5023     4766     6971     7651     4022     4293     3479     
20       7099     3143     5010     7621     7240     2033     3433     4444     1601     3080     6274     4360     5423     1397     4097     3251     1802     3224     2188     6660     0        2724     5080     5488     3810     3188     2754     3163     5709     5792     3830     5470     6000     5591     2394     435      1314     1575     5262     5103     4661     2915     3820     1883     3933     3971     4773     2773     1244     2426     7545     5845     4710     1157     4341     3832     4443     2152     2901     1530     1046     2755     1842     4919     3279     1824     750      3573     3491     4411     2501     3103     4797     7366     4267     1937     583      1031     6330     3111     4721     
21       5410     2805     2644     8283     5306     743      2328     6565     1261     1839     4406     3199     7151     3257     5712     2679     4299     5892     3618     5352     2724     0        6098     3440     4967     2352     3464     5392     4191     5123     3736     6438     6130     4791     4888     2663     2348     1740     6709     3824     5362     998      4670     3605     3515     2712     6509     1775     3191     4036     8174     3597     7198     1758     5589     1480     2705     723      1003     2821     2793     1621     1009     2886     754      2169     2589     6221     4919     4552     4130     1895     4735     8065     5423     1758     2581     3632     6732     1065     5037     
22       5970     3438     6315     2576     6580     5937     4235     2765     5121     4535     5887     4130     1918     3683     1480     8072     3999     4780     2900     4971     5080     6098     0        5882     1270     7891     2657     3044     4965     3430     2678     391      2000     3621     3874     5514     6316     4543     1094     4374     879      6951     1429     3201     3105     4310     1707     4431     3837     2669     2518     6474     4277     5810     805      5851     5024     5438     5299     3688     6126     4587     5270     5634     5971     4022     5820     4742     1643     2006     2606     7609     2244     2314     818      4380     5652     5593     1712     5407     1568     
23       2054     2993     1030     7140     1865     4064     2241     7660     3962     2440     1003     1788     7595     5146     6341     6033     6386     8053     4919     2377     5488     3440     5882     0        5310     5681     4168     6873     1294     3073     3306     6064     4786     2701     6844     5639     5648     3925     6876     1578     5003     4285     4789     5181     2853     1815     7092     2756     5188     5284     7007     592      8803     4948     5812     1965     1107     3547     2687     4578     5983     2744     3780     576      2693     3855     5698     8290     5590     3875     5351     5193     3696     7005     5592     3590     5623     6519     5568     2507     4336     
24       5828     2512     5560     3822     6338     4739     3363     2459     3916     3567     5524     3522     2333     2414     1043     6822     2843     3893     1630     4934     3810     4967     1270     5310     0        6652     1507     2184     4625     3474     2008     1659     2644     3535     2830     4245     5047     3338     1755     3959     1053     5771     540      1936     2459     3571     1785     3406     2569     1414     3754     5886     3842     4554     621      4917     4322     4279     4252     2430     4857     3553     4085     4962     4930     2831     4550     3938     516      1701     1359     6388     2122     3564     473      3216     4382     4356     2695     4386     1566     
25       7706     4943     4762     10279    7527     2069     4627     7631     2813     4128     6676     5538     8543     4411     7156     359      4977     6190     5069     7701     3188     2352     7891     5681     6652     0        5263     6351     6532     7435     5868     8264     8279     7116     5555     2826     1934     3375     8281     6176     7278     1401     6491     4882     5728     5050     7887     3991     4280     5416     10182    5727     7825     2138     7248     3736     5047     2689     3339     4232     2431     3854     2729     5160     3030     3904     2533     6562     6453     6649     5504     491      6902     10043    7126     3616     2664     3530     8802     3417     7093     
26       5133     1181     4236     5028     5505     3281     2014     3534     2469     2120     4595     2469     3779     1531     2366     5465     2554     4081     880      4422     2754     3464     2657     4168     1507     5263     0        2715     3782     3241     1253     3016     3247     3133     2856     3157     3833     1893     3260     3092     2020     4295     1233     1258     1561     2353     3171     1925     1666     1149     4936     4707     4637     3242     2128     3468     3094     2787     2753     1224     3760     2065     2613     3733     3430     1368     3425     4256     1554     1668     1203     4962     2081     4786     1958     1725     3264     3556     3622     2896     1970     
27       7776     3880     6846     5496     8196     4886     4668     1284     4138     4649     7302     5182     2464     2135     1579     6409     1425     1742     1982     6970     3163     5392     3044     6873     2184     6351     2715     0        6465     5588     3822     3383     4803     5593     986      3547     4457     3672     2627     5774     3211     5905     2637     1830     4216     5057     1891     4379     2211     1591     5466     7398     1936     4261     2272     5913     5784     4676     5038     2606     4062     4478     4384     6414     5655     3365     3859     1754     1673     3796     1521     6241     4244     5234     2370     3780     3709     3162     4726     5229     3743     
28       1398     2734     2250     5943     1732     4685     2278     7069     4360     2685     922      1378     6791     5051     5667     6867     6247     7848     4633     1187     5709     4191     4965     1294     4625     6532     3782     6465     0        1839     2662     5089     3620     1491     6621     5947     6146     4150     6019     691      4110     5138     4084     4962     2249     1739     6357     2966     5129     4930     5808     1800     8347     5419     5041     2839     1485     4084     3262     4516     6388     3024     4242     1525     3508     3915     6071     8037     4993     3007     4980     6058     2721     5826     4821     3778     5966     6725     4409     3140     3397     
29       2558     2681     3892     4104     3216     5402     2807     5898     4828     3306     2691     1952     5340     4753     4450     7731     5775     7190     4104     1541     5792     5123     3430     3073     3474     7435     3241     5588     1839     0        2002     3468     1807     382      6001     6130     6578     4421     4523     1564     2670     6121     2965     4494     1864     2424     5015     3465     4875     4263     3969     3622     7316     5870     3720     4085     2744     4767     4119     4335     6676     3591     4807     3115     4596     4005     6336     7302     3945     1792     4280     7004     1352     3993     3517     4063     6197     6712     2593     4084     1962     
30       3953     935      3643     4564     4393     3800     1592     4418     3092     1971     3538     1518     4293     2751     3048     6123     3807     5302     2131     3185     3830     3736     2678     3306     2008     5868     1253     3822     2662     2002     0        2935     2412     1879     4086     4192     4733     2595     3597     1979     1816     4694     1483     2511     453      1634     3786     1962     2872     2348     4451     3888     5686     4060     2509     3214     2363     3197     2807     2341     4764     2119     3141     2990     3442     2114     4423     5455     2337     820      2383     5493     1038     4357     2290     2281     4274     4721     2996     2869     1323     
31       6025     3739     6547     2189     6660     6297     4513     2998     5485     4836     6009     4341     1987     4073     1805     8449     4379     5110     3288     5005     5470     6438     391      6064     1659     8264     3016     3383     5089     3468     2935     0        1888     3694     4238     5904     6703     4907     1167     4528     1120     7305     1783     3592     3345     4553     1901     4748     4227     3060     2134     6657     4511     6190     1184     6136     5251     5787     5618     4070     6517     4905     5628     5847     6285     4384     6209     5055     2031     2208     2997     7976     2380     1926     1209     4733     6041     5983     1462     5717     1728     
32       4313     3346     5488     2361     5002     6212     3868     4742     5488     4317     4495     3313     3873     4707     3361     8528     5425     6531     3920     3264     6000     6130     2000     4786     2644     8279     3247     4803     3620     1807     2412     1888     0        2130     5470     6404     7048     4964     3046     3212     1595     7100     2326     4307     2624     3685     3707     4355     4856     3892     2230     5359     6245     6411     2587     5410     4229     5610     5170     4471     7006     4509     5550     4722     5766     4455     6669     6554     3160     1640     3869     7906     1395     2218     2447     4675     6509     6751     789      5202     1279     
33       2352     2454     3510     4456     2966     5098     2493     5985     4555     2992     2371     1601     5511     4617     4541     7418     5686     7151     4010     1400     5591     4791     3621     2701     3535     7116     3133     5593     1491     382      1879     3694     2130     0        5947     5914     6323     4174     4706     1182     2817     5788     3008     4391     1663     2081     5149     3169     4730     4203     4321     3256     7370     5608     3838     3718     2367     4463     3788     4169     6445     3289     4519     2733     4244     3783     6107     7282     3982     1834     4229     6679     1434     4335     3627     3810     5973     6535     2919     3743     2094     
34       7985     3912     6670     6396     8328     4297     4603     2205     3631     4478     7395     5272     3450     1745     2473     5580     600      1227     1988     7271     2394     4888     3874     6844     2830     5555     2856     986      6621     6001     4086     4238     5470     5947     0        2729     3628     3260     3583     5934     3883     5268     3177     1671     4418     5060     2873     4179     1753     1743     6356     7326     2330     3543     3073     5631     5737     4201     4707     2306     3188     4249     3889     6338     5264     3081     3026     1447     2323     4249     1720     5496     4704     6132     3124     3456     2891     2219     5497     4912     4304     
35       7326     3460     5090     8052     7428     1933     3670     4831     1683     3280     6465     4620     5843     1832     4527     2863     2153     3452     2620     6935     435      2663     5514     5639     4245     2826     3157     3547     5947     6130     4192     5904     6404     5914     2729     0        909      1798     5694     5364     5086     2706     4245     2318     4267     4208     5195     2984     1679     2862     7975     5960     5016     949      4776     3894     4626     2181     2991     1934     614      2945     1894     5065     3287     2130     319      3814     3927     4802     2937     2784     5177     7798     4702     2173     162      968      6750     3194     5127     
36       7482     3903     4959     8819     7494     1622     3924     5741     1795     3469     6550     4898     6737     2666     5401     1954     3059     4272     3417     7214     1314     2348     6316     5648     5047     1934     3833     4457     6146     6578     4733     6703     7048     6323     3628     909      0        2159     6560     5627     5824     2077     4992     3154     4730     4444     6087     3214     2519     3701     8736     5888     5891     728      5603     3761     4730     2104     2964     2648     543      3133     1906     5074     3072     2619     602      4641     4766     5416     3782     1951     5755     8569     5513     2515     747      1632     7455     3141     5788     
37       5533     1744     3522     6904     5664     1401     1872     4826     578      1505     4698     2823     5437     1551     4001     3592     2699     4364     1887     5142     1575     1740     4543     3925     3338     3375     1893     3672     4150     4421     2595     4907     4964     4174     3260     1798     2159     0        5044     3566     3903     2439     3126     1867     2571     2410     4789     1197     1511     2300     6807     4307     5522     1467     3952     2402     2868     1017     1461     1082     2281     1182     762      3362     2007     528      1948     4662     3225     3323     2394     3068     3629     6667     3808     375      1829     2605     5443     1671     3739     
38       7058     4237     7232     2938     7658     6441     5075     1936     5617     5310     6941     5099     829      3898     1175     8421     3865     4257     3215     6064     5262     6709     1094     6876     1755     8281     3260     2627     6019     4523     3597     1167     3046     4706     3583     5694     6560     5044     0        5407     1910     7484     2166     3413     4044     5223     828      5159     4042     2870     2930     7465     3423     6150     1140     6656     5961     6012     6007     4059     6286     5307     5801     6587     6685     4554     6012     4142     1831     3023     2785     8053     3308     2684     1339     4952     5846     5584     2611     6140     2630     
39       2060     2064     2329     5570     2422     4240     1707     6394     3831     2162     1564     744      6163     4383     5003     6497     5569     7162     3946     1587     5103     3824     4374     1578     3959     6176     3092     5774     691      1564     1979     4528     3212     1182     5934     5364     5627     3566     5407     0        3505     4805     3421     4280     1559     1183     5708     2415     4467     4240     5438     2161     7659     4898     4398     2610     1222     3619     2846     3858     5833     2495     3740     1551     3203     3291     5508     7348     4315     2384     4289     5717     2148     5430     4177     3191     5394     6108     3991     2759     2809     
40       5168     2627     5442     3008     5753     5269     3393     3270     4473     3723     5032     3251     2697     3295     1834     7485     3873     4937     2489     4198     4661     5362     879      5003     1053     7278     2020     3211     4110     2670     1816     1120     1595     2817     3883     5086     5824     3903     1910     3505     0        6256     841      2850     2234     3441     2344     3647     3449     2378     2918     5595     4739     5258     1069     5016     4149     4733     4516     3177     5699     3804     4595     4756     5178     3375     5376     4965     1566     1129     2341     6964     1400     2766     889      3694     5210     5308     1689     4609     724      
41       6305     3759     3386     9213     6137     1048     3325     7138     1869     2833     5277     4194     7859     3801     6429     1748     4667     6135     4305     6312     2915     998      6951     4285     5771     1401     4295     5905     5138     6121     4694     7305     7100     5788     5268     2706     2077     2439     7484     4805     6256     0        5524     4216     4496     3708     7207     2747     3703     4702     9107     4354     7598     1768     6389     2335     3656     1523     2001     3466     2608     2597     1686     3760     1631     2940     2521     6488     5662     5503     4795     920      5707     8989     6238     2572     2577     3629     7681     2052     5976     
42       5290     2073     5078     3828     5798     4514     2908     2998     3702     3156     4985     3001     2819     2455     1583     6685     3099     4301     1649     4405     3820     4670     1429     4789     540      6491     1233     2637     4084     2965     1483     1783     2326     3008     3177     4245     4992     3126     2166     3421     841      5524     0        2016     1936     3076     2304     3027     2609     1569     3743     5370     4362     4442     1040     4496     3822     4009     3890     2344     4859     3180     3845     4458     4565     2602     4537     4376     979      1178     1543     6195     1614     3580     829      2951     4370     4475     2523     4008     1127     
43       6337     2243     5059     5757     6662     3171     2941     2959     2377     2856     5725     3605     3672     489      2274     5010     1301     2894     398      5667     1883     3605     3201     5181     1936     4882     1258     1830     4962     4494     2511     3592     4307     4391     1671     2318     3154     1867     3413     4280     2850     4216     2016     0        2795     3389     3015     2572     639      547      5686     5674     3737     2744     2458     4088     4075     2883     3207     786      2928     2661     2608     4685     3828     1534     2629     3112     1612     2847     628      4685     3286     5499     2386     1950     2461     2458     4538     3399     3042     
44       3576     827      3209     4868     3981     3662     1255     4856     3014     1693     3107     1065     4745     2975     3497     6000     4096     5642     2435     2872     3933     3515     3105     2853     2459     5728     1561     4216     2249     1864     453      3345     2624     1663     4418     4267     4730     2571     4044     1559     2234     4496     1936     2795     0        1208     4239     1749     3082     2698     4749     3435     6100     4032     2961     2853     1921     3038     2546     2509     4813     1898     3026     2543     3147     2141     4473     5812     2774     1162     2742     5330     1231     4673     2742     2224     4333     4872     3274     2580     1673     
45       3128     1177     2009     6002     3323     3073     538      5863     2649     979      2364     487      5894     3401     4581     5361     4630     6279     3111     2770     3971     2712     4310     1815     3571     5050     2353     5057     1739     2424     1634     4553     3685     2081     5060     4208     4444     2410     5223     1183     3441     3708     3076     3389     1208     0        5354     1236     3462     3470     5878     2356     6988     3715     4115     1728     754      2445     1712     2845     4661     1312     2557     1396     2173     2193     4339     6502     3808     2362     3536     4605     2349     5821     3900     2038     4230     4990     4395     1661     2870     
46       7491     4271     7336     3764     8046     6158     5126     1113     5343     5288     7268     5304     657      3477     807      7997     3228     3452     2904     6538     4773     6509     1707     7092     1785     7887     3171     1891     6357     5015     3786     1901     3707     5149     2873     5195     6087     4789     828      5708     2344     7207     2304     3015     4239     5354     0        5095     3606     2505     3758     7670     2615     5749     1318     6639     6107     5793     5906     3740     5765     5232     5551     6747     6577     4340     5515     3322     1619     3360     2413     7700     3716     3511     1536     4758     5352     4975     3364     6059     3058     
47       4341     1037     2492     6520     4467     1939     709      5377     1418     315      3501     1684     5703     2441     4288     4275     3678     5358     2406     4002     2773     1775     4431     2756     3406     3991     1925     4379     2966     3465     1962     4748     4355     3169     4179     2984     3214     1197     5159     2415     3647     2747     3027     2572     1749     1236     5095     0        2463     2822     6408     3180     6304     2486     4018     1559     1678     1305     869      1874     3425     158      1352     2208     1539     1113     3104     5622     3476     2781     2907     3583     2961     6307     3830     840      2999     3802     4959     981      3272     
48       6524     2403     4939     6385     6783     2676     2964     3435     1932     2772     5827     3752     4263     155      2890     4394     1217     2898     961      5936     1244     3191     3837     5188     2569     4280     1666     2211     5129     4875     2872     4227     4856     4730     1753     1679     2519     1511     4042     4467     3449     3703     2609     639      3082     3462     3606     2463     0        1185     6311     5639     4015     2143     3097     3880     4085     2483     2954     616      2290     2518     2182     4659     3519     1351     1989     3175     2251     3327     1263     4108     3747     6129     3023     1707     1821     1898     5132     3158     3578     
49       6274     2293     5266     5235     6654     3653     3078     2571     2842     3078     5742     3615     3160     1036     1744     5551     1550     2954     426      5533     2426     4036     2669     5284     1414     5416     1149     1591     4930     4263     2348     3060     3892     4203     1743     2862     3701     2300     2870     4240     2378     4702     1569     547      2698     3470     2505     2822     1185     0        5168     5807     3526     3281     1914     4375     4193     3314     3541     1236     3469     2933     3058     4823     4189     1892     3174     3113     1065     2533     93       5206     2986     4976     1851     2318     3006     2945     4065     3719     2655     
