

sets
i        orders          /0*80/
k        routes          /1*80/
p        positions       /0*80/
;

alias(i,j)
alias(i,h)
alias(i,hh)
alias(i,jj)
alias(k,kk)
                            Parameters

rho(i)	Processing time
/
0	0
1	24
2	17
3	46
4	75
5	27
6	43
7	80
8	39
9	89
10	28
11	24
12	95
13	19
14	91
15	90
16	81
17	87
18	42
19	88
20	1
21	19
22	73
23	48
24	76
25	34
26	15
27	32
28	79
29	74
30	69
31	55
32	58
33	38
34	17
35	58
36	39
37	40
38	4
39	24
40	12
41	17
42	58
43	97
44	31
45	7
46	4
47	75
48	65
49	89
50	89
51	44
52	8
53	15
54	46
55	46
56	49
57	37
58	75
59	77
60	44
61	75
62	93
63	40
64	52
65	42
66	42
67	75
68	15
69	75
70	83
71	21
72	67
73	8
74	8
75	26
76	91
77	88
78	45
79	45
80	48
/

gamma(i)	Duedate
/
0	0
1	34
2	61
3	25
4	44
5	69
6	36
7	54
8	6
9	74
10	62
11	15
12	96
13	24
14	62
15	82
16	77
17	67
18	97
19	1
20	63
21	83
22	9
23	54
24	79
25	46
26	92
27	90
28	50
29	53
30	66
31	89
32	23
33	57
34	34
35	46
36	96
37	99
38	35
39	97
40	17
41	95
42	78
43	76
44	56
45	13
46	35
47	41
48	85
49	38
50	92
51	65
52	41
53	15
54	91
55	93
56	6
57	64
58	80
59	99
60	59
61	6
62	66
63	74
64	81
65	48
66	59
67	67
68	47
69	33
70	84
71	18
72	46
73	48
74	30
75	42
76	32
77	2
78	92
79	8
80	52
/

sigma(i)	Size
/
0	0
1	7
2	4
3	8
4	9
5	2
6	9
7	4
8	7
9	9
10	7
11	3
12	9
13	7
14	7
15	6
16	4
17	6
18	5
19	7
20	8
21	3
22	7
23	6
24	6
25	3
26	5
27	9
28	2
29	9
30	7
31	7
32	3
33	2
34	1
35	8
36	5
37	3
38	8
39	6
40	1
41	3
42	4
43	9
44	6
45	3
46	1
47	7
48	1
49	9
50	3
51	3
52	2
53	5
54	7
55	1
56	9
57	8
58	1
59	7
60	2
61	7
62	1
63	3
64	9
65	5
66	7
67	8
68	4
69	3
70	5
71	9
72	5
73	6
74	6
75	2
76	8
77	1
78	6
79	6
80	3
/

epsilon(i)	Priority
/
0	0
1	1
2	6
3	2
4	9
5	3
6	3
7	9
8	4
9	4
10	4
11	3
12	1
13	9
14	8
15	7
16	8
17	8
18	6
19	3
20	4
21	5
22	2
23	6
24	5
25	1
26	3
27	3
28	8
29	2
30	4
31	4
32	9
33	7
34	4
35	6
36	9
37	1
38	8
39	3
40	6
41	4
42	4
43	8
44	8
45	5
46	8
47	9
48	5
49	8
50	4
51	4
52	9
53	9
54	1
55	2
56	3
57	5
58	2
59	8
60	8
61	5
62	3
63	3
64	5
65	4
66	3
67	9
68	5
69	9
70	1
71	8
72	7
73	1
74	8
75	8
76	8
77	4
78	7
79	5
80	7
/

psi	Vehicle Capacity
/ 178 /
;

Table kappa(i,j)                 Setup
         0        1        2        3        4        5        6        7        8        9        10       11       12       13       14       15       16       17       18       19       20       21       22       23       24       25       26       27       28       29       30       31       32       33       34       35       36       37       38       39       40       41       42       43       44       45       46       47       48       49       50       51       52       53       54       55       56       57       58       59       60       61       62       63       64       65       66       67       68       69       70       71       72       73       74       75       76       77       78       79       80       
0        0        7187     4614     3807     1137     6766     4434     2765     6212     6480     3998     7701     668      5715     1221     5640     4691     5239     2084     2579     2822     5878     2833     5852     3926     4043     6114     3540     7085     7315     5333     601      411      2113     5781     3080     4625     6212     3068     3156     4364     4978     4348     2991     6741     5322     7155     3861     6134     3148     6705     6226     7213     843      4104     4645     4190     1848     4136     2481     7898     6170     876      4794     5096     777      5060     2200     7047     5270     6784     3846     2621     6132     6064     5380     2718     5285     3685     3072     1383     
1        7187     0        2753     4604     6209     1956     3683     5030     5449     2928     6589     513      6753     5098     6033     2102     3778     5984     6955     5778     5458     2697     4550     3173     4642     3428     5537     6676     433      670      2696     7721     7080     5078     1917     4175     3012     1133     4619     6021     5057     6962     4857     4982     2935     2181     46       5547     1256     4039     6443     5302     1361     6423     3466     3361     4937     8984     3460     5491     1078     4137     7221     2507     2535     7868     2158     5803     514      5512     2933     3462     4670     5620     5749     5717     7116     4525     3566     4260     7926     
2        4614     2753     0        1986     3784     3273     1215     3109     3797     2307     5256     3249     4105     4832     3408     2247     3033     5297     4895     3894     3657     1618     2438     1895     2067     1907     5375     5150     2796     3096     2502     5100     4582     2529     2242     1535     485      1659     2766     3333     4066     5963     2447     2236     3879     711      2713     2988     2102     1634     4772     3693     3319     3937     736      2530     3854     6338     741      3521     3305     4355     4822     271      2022     5349     694      3752     2499     3427     2575     767      2419     3891     3962     3647     4383     2574     1547     1561     5210     
3        3807     4604     1986     0        3445     5246     938      3683     2628     2829     5974     5064     3158     6265     2667     4166     4506     6459     4927     4312     4217     2365     3022     2178     154      3283     6806     5717     4720     5032     4298     4113     3954     2301     4188     1686     1608     3471     3522     1433     5203     6857     710      819      5777     2424     4560     1006     4088     2233     3403     2596     5302     3441     1273     4082     4969     5192     1256     3927     4906     6030     4353     2257     3833     4583     2681     4003     4249     1867     3125     1647     2819     2619     2614     2061     2588     1513     2704     1463     3888     
4        1137     6209     3784     3445     0        5661     3864     1629     6031     5854     3160     6721     1169     4635     918      4554     3553     4252     1549     1553     1742     5207     1733     5263     3587     2950     5060     2751     6073     6285     4217     1738     894      1283     4702     2283     3890     5298     1933     3247     3283     4151     4092     2653     5607     4493     6179     3794     5101     2199     6671     6017     6137     304      3397     3517     3095     2968     3436     1380     6989     5042     1038     3925     4006     1678     4136     1145     6115     5155     6155     3036     1553     5988     5950     5302     3221     4957     2652     2349     2412     
5        6766     1956     3273     5246     5661     0        4473     4166     6802     4514     5148     2186     6492     3288     5781     1168     2411     4273     5983     4779     4437     4063     3933     4540     5336     2725     3672     5342     1524     1404     1455     7353     6554     4811     1084     4177     3718     2394     3781     6509     3578     5328     5715     5328     979      3083     1976     6252     1271     3803     7811     6671     746      5931     3973     2205     3526     8615     3990     4596     3001     2246     6563     3010     1684     7326     2591     4934     2382     6623     4607     3696     4150     6939     7041     6841     7436     5687     3163     4350     7783     
6        4434     3683     1215     938      3864     4473     0        3698     2695     2047     5976     4134     3825     5901     3228     3463     4100     6245     5226     4421     4258     1490     2998     1418     959      2895     6447     5787     3821     4138     3693     4816     4512     2602     3455     1698     754      2551     3445     2371     4986     6783     1243     1544     5095     1516     3639     1867     3262     2124     3629     2612     4457     3929     699      3624     4760     5965     656      4030     3969     5518     4854     1467     3214     5209     1881     4179     3316     2224     2351     1234     2867     2760     2811     2443     3520     1446     2385     1552     4707     
7        2765     5030     3109     3683     1629     4166     3698     0        6275     5403     2297     5524     2713     3096     2159     3139     1934     2927     1925     792      561      4714     701      4917     3837     1602     3567     2090     4815     4979     2711     3365     2475     1559     3308     2035     3404     4300     411      4093     1777     3178     4393     3092     4012     3741     5008     4383     3821     1577     7086     6221     4719     1931     3047     1967     1560     4571     3092     461      5941     3416     2411     3142     2598     3208     3197     782      5044     5548     5679     2533     863      6288     6293     5736     4458     5063     1601     2234     4014     
8        6212     5449     3797     2628     6031     6802     2695     6275     0        2572     8572     5746     5544     8591     5190     5959     6787     8933     7541     6933     6821     2779     5592     2294     2476     5590     9137     8334     5746     6064     6288     6387     6431     4929     5908     4242     3315     4487     6072     3129     7672     9425     1942     3380     7567     3737     5404     2361     5530     4748     1009     155      6582     5990     3394     6302     7444     7252     3352     6545     5201     8152     6870     3994     5811     6960     4343     6631     4954     970      2682     3925     5414     213      379      943      4100     1249     5077     4041     5895     
9        6480     2928     2307     2829     5854     4514     2047     5403     2572     0        7561     3186     5872     6918     5269     3915     5178     7511     7119     6180     5956     689      4718     651      2769     4169     7445     7457     3268     3574     4387     6862     6544     4573     3809     3592     2014     2119     5071     4153     6315     8242     2660     3566     5392     1803     2885     3442     3276     3868     3541     2420     4163     5944     2464     4661     6115     7997     2423     5800     2634     6242     6867     2340     3957     7253     2490     6006     2419     2859     304      2904     4662     2761     2906     3031     5333     1929     3855     3505     6713     
10       3998     6589     5256     5974     3160     5148     5976     2297     8572     7561     0        7023     4298     2405     4023     4491     2820     1482     1980     1717     1757     6873     2985     7128     6128     3431     2557     481      6270     6335     3908     4494     3591     3756     4678     4331     5613     6133     2535     6243     1570     991      6684     5344     4556     5806     6580     6625     5335     3852     9376     8518     5856     3411     5307     3233     1656     5380     5352     2072     7619     3367     3214     5230     4071     3999     5174     2104     6745     7835     7819     4777     3158     8584     8587     8019     6376     7358     3710     4531     5380     
11       7701     513      3249     5064     6721     2186     4134     5524     5746     3186     7023     0        7266     5427     6546     2533     4203     6352     7447     6265     5941     3047     5056     3507     5094     3921     5841     7128     753      781      3116     8235     7593     5592     2345     4685     3486     1605     5112     6488     5476     7356     5281     5469     3151     2652     547      5989     1719     4553     6726     5596     1489     6936     3953     3810     5368     9497     3945     5985     863      4423     7731     3008     2997     8381     2668     6300     832      5877     3145     3968     5180     5926     6063     6076     7596     4889     4076     4767     8435     
12       668      6753     4105     3158     1169     6492     3825     2713     5544     5872     4298     7266     0        5779     724      5340     4572     5421     2509     2722     2901     5288     2614     5237     3273     3775     6218     3868     6683     6930     5093     1002     947      1702     5467     2589     4071     5737     2945     2497     4431     5290     3684     2347     6560     4805     6718     3193     5760     2752     6043     5558     6885     890      3545     4454     4235     2235     3574     2531     7408     6119     1435     4304     4808     1430     4602     2314     6577     4602     6176     3341     2363     5463     5396     4713     2166     4625     3346     2545     1318     
13       5715     5098     4832     6265     4635     3288     5901     3096     8591     6918     2405     5427     5779     0        5255     3123     1804     1078     4058     3142     2896     6287     3473     6669     6407     3011     546      2797     4701     4660     2566     6294     5357     4567     3281     4625     5298     5034     2986     7026     1352     2184     6938     5894     2456     5131     5104     7148     3960     4065     9528     8498     4034     4937     5209     2302     1544     7380     5249     3254     6176     1104     5120     4685     2964     5961     4441     3514     5405     8067     7114     4695     3750     8661     8710     8278     7528     7344     3566     4858     7046     
14       1221     6033     3408     2667     918      5781     3228     2159     5190     5269     4023     6546     724      5255     0        4626     3934     5003     2462     2343     2451     4660     1948     4647     2799     3074     5721     3636     5959     6205     4397     1695     1292     979      4749     1879     3405     5026     2330     2331     3927     5007     3269     1851     5881     4113     5998     2906     5036     2027     5788     5187     6164     804      2883     3780     3716     2951     2915     2074     6704     5510     1688     3598     4097     1986     3885     1934     5865     4288     5573     2640     1683     5134     5086     4426     2363     4174     2627     1855     2003     
15       5640     2102     2247     4166     4554     1168     3463     3139     5959     3915     4491     2533     5340     3123     4626     0        1675     3922     5026     3822     3486     3351     2821     3792     4268     1603     3615     4598     1782     1881     597      6221     5449     3652     187      3012     2722     1918     2735     5379     2955     4869     4687     4187     1632     2239     2096     5170     865      2636     6957     5840     1588     4814     2898     1284     2837     7488     2921     3588     3155     2332     5493     2005     548      6229     1621     3920     2320     5669     4074     2569     3019     6075     6161     5889     6279     4779     2001     3191     6624     
16       4691     3778     3033     4506     3553     2411     4100     1934     6787     5178     2820     4203     4572     1804     3934     1675     0        2349     3606     2418     2079     4528     1993     4889     4643     1224     2350     2958     3450     3517     1088     5292     4409     3083     1861     2920     3495     3441     1631     5386     1281     3217     5163     4212     2091     3376     3771     5426     2531     2373     7728     6694     3076     3850     3411     516      1164     6506     3449     2302     4824     1610     4326     2897     1312     5138     2687     2637     3968     6280     5393     2905     2270     6860     6910     6493     6030     5541     1805     3151     5889     
17       5239     5984     5297     6459     4252     4273     6245     2927     8933     7511     1482     6352     5421     1078     5003     3922     2349     0        3363     2699     2552     6848     3477     7185     6609     3392     1087     1937     5609     5603     3331     5783     4850     4485     4097     4774     5729     5776     2965     7015     1261     1106     7159     5967     3500     5707     5985     7255     4785     4227     9822     8856     5016     4538     5546     2861     1492     6766     5589     2929     7057     2171     4537     5196     3647     5358     5023     3108     6241     8313     7734     5010     3726     8980     9009     8515     7353     7686     3859     5001     6613     
18       2084     6955     4895     4927     1549     5983     5226     1925     7541     7119     1980     7447     2509     4058     2462     5026     3606     3363     0        1207     1547     6444     2485     6572     5074     3526     4357     1503     6734     6888     4549     2534     1673     2645     5202     3545     5108     6207     2335     4794     2798     2930     5598     4163     5672     5570     6933     5338     5740     3266     8210     7519     6586     1694     4667     3788     2703     3409     4710     1463     7861     4771     1249     4972     4497     2018     5080     1165     6965     6685     7411     4218     2475     7508     7477     6839     4671     6426     3479     3673     3446     
19       2579     5778     3894     4312     1553     4779     4421     792      6933     6180     1717     6265     2722     3142     2343     3822     2418     2699     1207     0        341      5493     1462     5681     4466     2355     3535     1406     5544     5689     3341     3152     2214     2051     3999     2730     4174     5082     1181     4526     1798     2681     5018     3646     4501     4532     5758     4918     4551     2326     7702     6889     5379     1841     3793     2581     1645     4256     3838     391      6711     3698     2001     3933     3297     2842     3987     412      5814     6159     6460     3292     1554     6931     6924     6337     4706     5745     2393     2908     3933     
20       2822     5458     3657     4217     1742     4437     4258     561      6821     5956     1757     5941     2901     2896     2451     3486     2079     2552     1547     341      0        5267     1262     5476     4371     2044     3318     1529     5216     5357     3001     3408     2477     2019     3665     2587     3962     4787     901      4540     1543     2673     4927     3594     4165     4275     5439     4880     4225     2139     7619     6770     5039     2043     3608     2240     1368     4544     3653     377      6402     3393     2302     3678     2965     3138     3710     623      5506     6078     6231     3093     1407     6830     6830     6262     4804     5615     2130     2781     4151     
21       5878     2697     1618     2365     5207     4063     1490     4714     2779     689      6873     3047     5288     6287     4660     3351     4528     6848     6444     5493     5267     0        4031     485      2335     3490     6819     6768     2971     3292     3786     6286     5922     3923     3264     2931     1336     1709     4381     3763     5642     7562     2354     3034     4890     1156     2651     3120     2797     3186     3786     2639     3804     5310     1809     4011     5439     7451     1771     5114     2670     5657     6228     1661     3339     6647     1846     5324     2224     2829     968      2226     3980     2939     3061     3028     4938     1843     3166     2860     6197     
22       2833     4550     2438     3022     1733     3933     2998     701      5592     4718     2985     5056     2614     3473     1948     2821     1993     3477     2485     1462     1262     4031     0        4222     3175     1217     3984     2791     4380     4576     2501     3424     2628     1106     2970     1350     2712     3733     512      3567     2250     3837     3732     2489     3946     3093     4524     3778     3395     876      6421     5535     4405     1998     2346     1840     2017     4681     2391     1083     5405     3589     2692     2494     2273     3409     2596     1324     4513     4889     4998     1835     281      5612     5622     5082     4076     4372     1001     1561     3930     
23       5852     3173     1895     2178     5263     4540     1418     4917     2294     651      7128     3507     5237     6669     4647     3792     4889     7185     6572     5681     5476     485      4222     0        2119     3801     7206     6994     3455     3775     4202     6223     5929     3987     3714     3028     1517     2194     4608     3512     5960     7855     2036     2920     5353     1562     3127     2816     3270     3354     3300     2153     4289     5340     1905     4376     5749     7349     1862     5294     3077     6079     6264     1993     3744     6627     2239     5482     2692     2382     949      2388     4141     2455     2579     2574     4692     1404     3422     2922     6062     
24       3926     4642     2067     154      3587     5336     959      3837     2476     2769     6128     5094     3273     6407     2799     4268     4643     6609     5074     4466     4371     2335     3175     2119     0        3419     6949     5871     4771     5086     4415     4218     4081     2453     4285     1837     1666     3509     3675     1433     5352     7010     556      947      5884     2469     4598     924      4163     2382     3249     2446     5374     3578     1369     4214     5118     5279     1349     4081     4911     6159     4486     2335     3947     4700     2759     4156     4275     1713     3062     1770     2973     2465     2459     1909     2603     1376     2843     1616     3965     
25       4043     3428     1907     3283     2950     2725     2895     1602     5590     4169     3431     3921     3775     3011     3074     1603     1224     3392     3526     2355     2044     3490     1217     3801     3419     0        3557     3400     3216     3390     1323     4628     3845     2124     1755     1738     2338     2755     1191     4221     2158     4073     3938     3029     2833     2385     3407     4214     2222     1223     6518     5502     3189     3212     2199     821      1950     5891     2240     2063     4358     2771     3896     1829     1056     4626     1742     2380     3461     5058     4414     1684     1425     5654     5699     5271     4955     4341     594      1962     5078     
26       6114     5537     5375     6806     5060     3672     6447     3567     9137     7445     2557     5841     6218     546      5721     3615     2350     1087     4357     3535     3318     6819     3984     7206     6949     3557     0        2995     5129     5065     3074     6682     5743     5068     3765     5160     5842     5533     3488     7546     1794     2115     7481     6423     2776     5663     5546     7683     4435     4600     10074    9044     4411     5359     5755     2845     2007     7729     5795     3686     6614     1427     5476     5225     3488     6311     4974     3924     5866     8612     7636     5241     4257     9208     9256     8823     8018     7891     4109     5393     7464     
27       3540     6676     5150     5717     2751     5342     5787     2090     8334     7457     481      7128     3868     2797     3636     4598     2958     1937     1503     1406     1529     6768     2791     6994     5871     3400     2995     0        6380     6468     4033     4025     3131     3455     4785     4111     5478     6143     2388     5897     1790     1438     6423     5051     4819     5737     6664     6318     5420     3667     9108     8287     6030     2987     5136     3318     1816     4899     5181     1789     7683     3697     2742     5149     4142     3520     5132     1757     6797     7566     7725     4617     2930     8335     8330     7744     5972     7137     3605     4299     4919     
28       7085     433      2796     4720     6073     1524     3821     4815     5746     3268     6270     753      6683     4701     5959     1782     3450     5609     6734     5544     5216     2971     4380     3455     4771     3216     5129     6380     0        324      2362     7634     6954     4990     1594     4132     3112     1301     4404     6115     4723     6605     5028     5032     2504     2304     457      5688     994      3941     6748     5602     939      6301     3528     3062     4615     8903     3527     5275     1487     3722     7069     2535     2259     7744     2147     5595     909      5751     3297     3457     4522     5910     6033     5960     7179     4768     3420     4239     7890     
29       7315     670      3096     5032     6285     1404     4138     4979     6064     3574     6335     781      6930     4660     6205     1881     3517     5603     6888     5689     5357     3292     4576     3775     5086     3390     5065     6468     324      0        2434     7871     7171     5232     1697     4397     3424     1625     4570     6422     4775     6623     5349     5328     2371     2622     707      6004     1183     4180     7065     5920     722      6520     3830     3163     4681     9141     3831     5436     1615     3644     7269     2831     2392     7960     2435     5762     1181     6075     3592     3739     4732     6229     6354     6283     7477     5092     3636     4513     8151     
30       5333     2696     2502     4298     4217     1455     3693     2711     6288     4387     3908     3116     5093     2566     4397     597      1088     3331     4549     3341     3001     3786     2501     4202     4415     1323     3074     4033     2362     2434     0        5925     5108     3446     780      2955     2988     2471     2325     5407     2362     4272     4877     4205     1536     2640     2691     5285     1462     2500     7271     6178     2041     4493     3066     760      2252     7180     3096     3143     3752     1878     5108     2294     479      5876     1969     3481     2915     5917     4567     2655     2733     6389     6463     6137     6224     5075     1843     3159     6400     
31       601      7721     5100     4113     1738     7353     4816     3365     6387     6862     4494     8235     1002     6294     1695     6221     5292     5783     2534     3152     3408     6286     3424     6223     4218     4628     6682     4025     7634     7871     5925     0        938      2645     6358     3575     5073     6722     3669     3270     4945     5461     4591     3315     7341     5802     7687     4026     6694     3693     6798     6415     7788     1443     4547     5243     4776     1271     4576     3074     8399     6768     1285     5293     5679     694      5579     2785     7561     5426     7166     4334     3204     6288     6206     5515     2617     5545     4252     3542     945      
32       411      7080     4582     3954     894      6554     4512     2475     6431     6544     3591     7593     947      5357     1292     5449     4409     4850     1673     2214     2477     5922     2628     5929     4081     3845     5743     3131     6954     7171     5108     938      0        2053     5597     3052     4637     6141     2807     3431     4010     4570     4534     3135     6480     5293     7049     4099     5988     3047     6967     6437     7032     656      4124     4400     3844     2096     4159     2153     7832     5852     492      4743     4901     789      4981     1853     6967     5505     6848     3819     2443     6361     6302     5625     3084     5454     3536     3076     1788     
33       2113     5078     2529     2301     1283     4811     2602     1559     4929     4573     3756     5592     1702     4567     979      3652     3083     4485     2645     2051     2019     3923     1106     3987     2453     2124     5068     3455     4990     5232     3446     2645     2053     0        3772     1005     2608     4101     1580     2534     3302     4692     2994     1596     4951     3240     5045     2868     4059     1051     5662     4897     5185     1409     2114     2869     3074     3912     2152     1684     5789     4687     2310     2692     3128     2825     2947     1712     4934     4121     4873     1768     824      4913     4896     4293     2970     3786     1651     1067     2972     
34       5781     1917     2242     4188     4702     1084     3455     3308     5908     3809     4678     2345     5467     3281     4749     187      1861     4097     5202     3999     3665     3264     2970     3714     4285     1755     3765     4785     1594     1697     780      6358     5597     3772     0        3097     2707     1778     2903     5429     3140     5051     4689     4245     1660     2175     1911     5194     688      2745     6910     5786     1435     4958     2916     1470     3024     7627     2936     3760     2973     2458     5650     1989     710      6380     1589     4091     2144     5647     3959     2616     3161     6030     6119     5867     6353     4743     2121     3267     6743     
35       3080     4175     1535     1686     2283     4177     1698     2035     4242     3592     4331     4685     2589     4625     1879     3012     2920     4774     3545     2730     2587     2931     1350     3028     1837     1738     5160     4111     4132     4397     2955     3575     3052     1005     3097     0        1607     3148     1840     2482     3520     5187     2391     1293     4491     2244     4139     2523     3259     559      5075     4186     4444     2413     1128     2560     3286     4824     1170     2338     4824     4504     3315     1718     2549     3815     2018     2481     3988     3548     3889     768      1181     4261     4273     3746     3275     3028     1146     233      3758     
36       4625     3012     485      1608     3890     3718     754      3404     3315     2014     5613     3486     4071     5298     3405     2722     3495     5729     5108     4174     3962     1336     2712     1517     1666     2338     5842     5478     3112     3424     2988     5073     4637     2608     2707     1607     0        1882     3091     3010     4486     6356     1998     2001     4354     834      2969     2589     2510     1855     4287     3212     3712     4010     526      2998     4269     6282     501      3790     3425     4839     4919     718      2508     5382     1127     3992     2690     2947     2303     890      2648     3406     3476     3167     4110     2088     1914     1561     5095     
37       6212     1133     1659     3471     5298     2394     2551     4300     4487     2119     6133     1605     5737     5034     5026     1918     3441     5776     6207     5082     4787     1709     3733     2194     3509     2755     5533     6143     1301     1625     2471     6722     6141     4101     1778     3148     1882     0        3901     4889     4694     6649     3738     3865     3285     1049     1089     4416     1172     3099     5495     4348     2095     5486     2350     2949     4532     7973     2341     4755     1692     4235     6329     1435     2130     6922     1162     5041     841      4452     2223     2403     3805     4642     4759     4662     5991     3472     2732     3206     6867     
38       3068     4619     2766     3522     1933     3781     3445     411      6072     5071     2535     5112     2945     2986     2330     2735     1631     2965     2335     1181     901      4381     512      4608     3675     1191     3488     2388     4404     4570     2325     3669     2807     1580     2903     1840     3091     3901     0        4074     1740     3352     4230     3002     3675     3375     4597     4291     3409     1326     6916     6010     4320     2225     2772     1596     1508     4898     2817     872      5535     3181     2782     2779     2192     3561     2811     1192     4638     5388     5341     2243     772      6098     6112     5583     4544     4843     1230     2058     4260     
39       3156     6021     3333     1433     3247     6509     2371     4093     3129     4153     6243     6488     2497     7026     2331     5379     5386     7015     4794     4526     4540     3763     3567     3512     1433     4221     7546     5897     6115     6422     5407     3270     3431     2534     5429     2482     3010     4889     4074     0        5813     7202     1523     1202     6933     3840     5978     798      5419     3015     3549     3168     6640     3117     2597     5042     5582     4138     2593     4187     6339     6982     3905     3602     4973     3872     4018     4145     5678     2162     4435     2813     3301     3021     2936     2245     1180     2451     3628     2262     2782     
40       4364     5057     4066     5203     3283     3578     4986     1777     7672     6315     1570     5476     4431     1352     3927     2955     1281     1261     2798     1798     1543     5642     2250     5960     5352     2158     1794     1790     4723     4775     2362     4945     4010     3302     3140     3520     4486     4694     1740     5813     0        1957     5901     4734     3030     4516     5051     6017     3812     2969     8561     7596     4285     3584     4288     1745     234      6050     4331     1903     6105     1980     3791     3982     2579     4633     3844     2163     5247     7054     6550     3751     2512     7718     7747     7257     6234     6426     2602     3749     5694     
41       4978     6962     5963     6857     4151     5328     6783     3178     9425     8242     991      7356     5290     2184     5007     4869     3217     1106     2930     2681     2673     7562     3837     7855     7010     4073     2115     1438     6605     6623     4272     5461     4570     4692     5051     5187     6356     6649     3352     7202     1957     0        7567     6264     4592     6453     6959     7552     5734     4678     10259    9362     6067     4403     6097     3699     2136     6293     6142     3015     8024     3275     4177     5902     4527     4938     5789     3079     7181     8724     8485     5560     4040     9448     9460     8914     7364     8194     4443     5398     6358     
42       4348     4857     2447     710      4092     5715     1243     4393     1942     2660     6684     5281     3684     6938     3269     4687     5163     7159     5598     5018     4927     2354     3732     2036     556      3938     7481     6423     5028     5349     4877     4591     4534     2994     4689     2391     1998     3738     4230     1523     5901     7567     0        1439     6315     2733     4812     781      4504     2932     2692     1924     5694     4062     1810     4721     5668     5584     1781     4634     5009     6655     4957     2706     4402     5114     3123     4702     4451     1157     2931     2266     3530     1919     1906     1355     2691     958      3371     2171     4243     
43       2991     4982     2236     819      2653     5328     1544     3092     3380     3566     5344     5469     2347     5894     1851     4187     4212     5967     4163     3646     3594     3034     2489     2920     947      3029     6423     5051     5032     5328     4205     3315     3135     1596     4245     1293     2001     3865     3002     1202     4734     6264     1439     0        5732     2828     4940     1292     4277     1841     4071     3363     5496     2632     1516     3851     4499     4430     1524     3273     5423     5798     3538     2497     3772     3767     2897     3306     4688     2533     3868     1636     2247     3345     3318     2700     2150     2323     2435     1066     3163     
44       6741     2935     3879     5777     5607     979      5095     4012     7567     5392     4556     3151     6560     2456     5881     1632     2091     3500     5672     4501     4165     4890     3946     5353     5884     2833     2776     4819     2504     2371     1536     7341     6480     4951     1660     4491     4354     3285     3675     6933     3030     4592     6315     5732     0        3830     2954     6775     2116     4032     8570     7444     1672     5897     4518     2105     3037     8573     4542     4393     3977     1360     6415     3636     1961     7221     3246     4729     3353     7300     5509     4152     4199     7690     7780     7520     7761     6403     3376     4693     7875     
45       5322     2181     711      2424     4493     3083     1516     3741     3737     1803     5806     2652     4805     5131     4113     2239     3376     5707     5570     4532     4275     1156     3093     1562     2469     2385     5663     5737     2304     2622     2640     5802     5293     3240     2175     2244     834      1049     3375     3840     4516     6453     2733     2828     3830     0        2138     3383     1822     2326     4742     3613     2973     4648     1321     2859     4320     7033     1307     4169     2621     4517     5531     599      2186     6059     690      4417     1859     3549     2033     1476     3100     3865     3961     3766     4944     2603     2145     2260     5883     
46       7155     46       2713     4560     6179     1976     3639     5008     5404     2885     6580     547      6718     5104     5998     2096     3771     5985     6933     5758     5439     2651     4524     3127     4598     3407     5546     6664     457      707      2691     7687     7049     5045     1911     4139     2969     1089     4597     5978     5051     6959     4812     4940     2954     2138     0        5502     1245     4007     6398     5257     1391     6392     3424     3350     4929     8950     3418     5469     1073     4148     7193     2467     2522     7837     2121     5780     474      5466     2891     3424     4642     5575     5704     5670     7074     4479     3538     4222     7889     
47       3861     5547     2988     1006     3794     6252     1867     4383     2361     3442     6625     5989     3193     7148     2906     5170     5426     7255     5338     4918     4880     3120     3778     2816     924      4214     7683     6318     5688     6004     5285     4026     4099     2868     5194     2523     2589     4416     4291     798      6017     7552     781      1292     6775     3383     5502     0        5087     3083     2882     2390     6298     3710     2279     5027     5782     4933     2262     4552     5758     6980     4555     3258     4825     4601     3682     4564     5163     1410     3711     2630     3539     2271     2204     1526     1928     1664     3623     2290     3578     
48       6134     1256     2102     4088     5101     1271     3262     3821     5530     3276     5335     1719     5760     3960     5036     865      2531     4785     5740     4551     4225     2797     3395     3270     4163     2222     4435     5420     994      1183     1462     6694     5988     4059     688      3259     2510     1172     3409     5419     3812     5734     4504     4277     2116     1822     1245     5087     0        3008     6539     5399     1221     5337     2831     2105     3685     7964     2840     4281     2293     3094     6087     1831     1280     6777     1407     4601     1456     5371     3394     2651     3548     5669     5772     5588     6422     4424     2453     3393     6997     
49       3148     4039     1634     2233     2199     3803     2124     1577     4748     3868     3852     4553     2752     4065     2027     2636     2373     4227     3266     2326     2139     3186     876      3354     2382     1223     4600     3667     3941     4180     2500     3693     3047     1051     2745     559      1855     3099     1326     3015     2969     4678     2932     1841     4032     2326     4007     3083     3008     0        5605     4684     4144     2391     1470     2037     2736     4962     1515     1940     4791     3968     3233     1741     2133     3833     1937     2138     3920     4087     4155     967      794      4777     4797     4288     3735     3516     656      792      4004     
