

sets
i        orders          /0*20/
k        routes          /1*20/
p        positions       /0*20/
;

alias(i,j)
alias(i,h)
alias(i,hh)
alias(i,jj)
alias(k,kk)
                            Parameters

rho(i)	Processing time
/
0	0
1	70
2	75
3	34
4	47
5	51
6	16
7	10
8	8
9	82
10	51
11	52
12	89
13	56
14	57
15	79
16	60
17	25
18	45
19	86
20	19
/

gamma(i)	Duedate
/
0	0
1	8
2	69
3	35
4	65
5	23
6	3
7	32
8	42
9	69
10	89
11	72
12	8
13	85
14	14
15	13
16	39
17	82
18	38
19	46
20	72
/

sigma(i)	Size
/
0	0
1	9
2	8
3	8
4	4
5	4
6	6
7	8
8	7
9	2
10	7
11	1
12	4
13	4
14	3
15	2
16	3
17	9
18	6
19	4
20	3
/

epsilon(i)	Priority
/
0	0
1	6
2	5
3	8
4	9
5	4
6	4
7	9
8	9
9	3
10	5
11	8
12	3
13	5
14	4
15	7
16	5
17	4
18	3
19	9
20	8
/

psi	Vehicle Capacity
/ 90 /
;

Table kappa(i,j)                 Setup
         0        1        2        3        4        5        6        7        8        9        10       11       12       13       14       15       16       17       18       19       20       
0        0        12       101      47       97       26       169      115      67       37       67       156      31       131      121      129      126      33       79       151      75       
1        12       0        114      59       103      30       182      123      79       29       80       166      37       139      131      140      137      21       80       161      87       
2        101      114      0        61       118      99       77       90       39       133      40       108      101      114      73       59       59       135      138      113      28       
3        47       59       61       0        74       59       123      111      22       73       22       112      39       94       107      106      104      78       81       109      33       
4        97       103      118      74       0        120      142      185      85       92       83       85       66       46       179      174      173      108      42       73       96       
5        26       30       99       59       120      0        173      93       72       59       74       171      56       151      103      114      111      49       106      168      76       
6        169      182      77       123      142      173      0        159      102      195      102      79       158      112      136      114      116      201      178      93       96       
7        115      123      90       111      185      93       159      0        102      152      105      198      137      197      25       49       46       142      187      202      94       
8        67       79       39       22       85       72       102      102      0        95       2        104      61       95       93       88       87       99       100      104      12       
9        37       29       133      73       92       59       195      152      95       0        95       167      36       134      159      166      163      18       59       159      106      
10       67       80       40       22       83       74       102      105      2        95       0        101      61       92       96       91       89       99       98       101      14       
11       156      166      108      112      85       171      79       198      104      167      101      0        132      41       181      165      166      179      128      14       107      
12       31       37       101      39       66       56       158      137      61       36       61       132      0        103      138      141      139      47       51       125      72       
13       131      139      114      94       46       151      112      197      95       134      92       41       103      0        185      173      173      149      89       28       102      
14       121      131      73       107      179      103      136      25       93       159      96       181      138      185      0        24       21       151      187      186      83       
15       129      140      59       106      174      114      114      49       88       166      91       165      141      173      24       0        3        161      187      172      77       
16       126      137      59       104      173      111      116      46       87       163      89       166      139      173      21       3        0        158      185      172      76       
17       33       21       135      78       108      49       201      142      99       18       99       179      47       149      151      161      158      0        77       172      108      
18       79       80       138      81       42       106      178      187      100      59       98       128      51       89       187      187      185      77       0        116      112      
19       151      161      113      109      73       168      93       202      104      159      101      14       125      28       186      172      172      172      116      0        108      
20       75       87       28       33       96       76       96       94       12       106      14       107      72       102      83       77       76       108      112      108      0        
;



Table delta(i,j)                 Distance
         0        1        2        3        4        5        6        7        8        9        10       11       12       13       14       15       16       17       18       19       20       
0        0        316      611      141      248      183      95       387      331      282      451      600      320      457      306      242      567      204      20       508      41       
1        316      0        300      182      278      200      321      109      174      336      291      473      38       506      145      152      387      122      320      227      356      
2        611      300      0        471      554      495      621      229      335      533      335      455      290      640      397      393      341      422      617      142      649      
3        141      182      471      0        241      141      179      246      202      232      331      497      181      421      218      111      447      95       149      367      177      
4        248      278      554      241      0        101      168      386      409      472      543      720      309      661      157      332      651      182      233      505      281      
5        183      200      495      141      101      0        138      303      311      373      445      621      225      562      128      231      555      86       174      426      223      
6        95       321      621      179      168      138      0        411      382      369      510      671      336      549      266      291      626      198      75       535      119      
7        387      109      229      246      386      303      411      0        122      321      201      379      78       463      251      164      284      219      395      124      423      
8        331      174      335      202      409      311      382      122      0        200      134      311      137      342      309      90       246      227      344      201      360      
9        282      336      533      232      472      373      369      321      200      0        242      339      309      189      434      184      342      316      301      394      287      
10       451      291      335      331      543      445      510      201      134      242      0        181      253      305      434      220      116      360      466      195      474      
11       600      473      455      497      720      621      671      379      311      339      181      0        435      289      616      390      114      538      617      335      615      
12       320      38       290      181      309      225      336      78       137      309      253      435      0        473      182      128      350      141      326      201      358      
13       457      506      640      421      661      562      549      463      342      189      305      289      473      0        617      360      354      503      478      498      453      
14       306      145      397      218      157      128      266      251      309      434      434      616      182      617      0        258      532      122      300      360      347      
15       242      152      393      111      332      231      291      164      90       184      220      390      128      360      258      0        335      153      254      273      272      
16       567      387      341      447      651      555      626      284      246      342      116      114      350      354      532      335      0        469      582      223      589      
17       204      122      422      95       182      86       198      219      227      316      360      538      141      503      122      153      469      0        204      343      246      
18       20       320      617      149      233      174      75       395      344      301      466      617      326      478      300      254      582      204      0        517      49       
19       508      227      142      367      505      426      535      124      201      394      195      335      201      498      360      273      223      343      517      0        542      
20       41       356      649      177      281      223      119      423      360      287      474      615      358      453      347      272      589      246      49       542      0        
;

