

sets
i        orders          /0*80/
k        routes          /1*80/
p        positions       /0*80/
;

alias(i,j)
alias(i,h)
alias(i,hh)
alias(i,jj)
alias(k,kk)
                            Parameters

rho(i)	Processing time
/
0	0
1	82
2	65
3	79
4	83
5	38
6	21
7	97
8	54
9	20
10	24
11	13
12	95
13	32
14	51
15	2
16	27
17	60
18	99
19	86
20	86
21	11
22	27
23	72
24	10
25	54
26	98
27	96
28	16
29	7
30	12
31	92
32	41
33	60
34	19
35	70
36	70
37	37
38	96
39	55
40	86
41	5
42	49
43	37
44	48
45	65
46	81
47	13
48	70
49	57
50	76
51	30
52	71
53	64
54	48
55	53
56	75
57	57
58	93
59	15
60	55
61	69
62	14
63	16
64	82
65	80
66	14
67	9
68	58
69	49
70	2
71	57
72	80
73	3
74	75
75	86
76	59
77	69
78	57
79	47
80	96
/

gamma(i)	Duedate
/
0	0
1	51
2	88
3	74
4	95
5	12
6	90
7	56
8	66
9	38
10	14
11	67
12	37
13	95
14	55
15	34
16	35
17	76
18	28
19	31
20	84
21	47
22	16
23	27
24	19
25	67
26	61
27	50
28	32
29	94
30	23
31	50
32	18
33	15
34	40
35	9
36	29
37	67
38	24
39	26
40	62
41	79
42	61
43	63
44	81
45	31
46	94
47	18
48	66
49	91
50	31
51	18
52	69
53	67
54	82
55	8
56	80
57	11
58	90
59	54
60	85
61	27
62	55
63	74
64	1
65	58
66	93
67	35
68	6
69	35
70	76
71	24
72	31
73	23
74	36
75	33
76	85
77	53
78	7
79	23
80	17
/

sigma(i)	Size
/
0	0
1	8
2	1
3	9
4	1
5	8
6	7
7	9
8	7
9	1
10	3
11	8
12	2
13	3
14	7
15	6
16	7
17	8
18	9
19	2
20	6
21	9
22	8
23	2
24	1
25	5
26	4
27	6
28	4
29	1
30	8
31	4
32	9
33	6
34	2
35	1
36	4
37	5
38	3
39	3
40	5
41	3
42	2
43	5
44	7
45	9
46	3
47	9
48	9
49	4
50	5
51	6
52	5
53	8
54	3
55	9
56	1
57	1
58	5
59	5
60	8
61	6
62	4
63	5
64	2
65	9
66	4
67	8
68	4
69	5
70	7
71	9
72	3
73	9
74	9
75	2
76	3
77	7
78	4
79	6
80	5
/

epsilon(i)	Priority
/
0	0
1	5
2	8
3	5
4	3
5	7
6	3
7	2
8	5
9	7
10	2
11	2
12	6
13	6
14	1
15	6
16	8
17	7
18	6
19	2
20	3
21	9
22	3
23	9
24	1
25	5
26	6
27	5
28	1
29	9
30	3
31	6
32	6
33	6
34	6
35	5
36	2
37	7
38	4
39	8
40	1
41	9
42	6
43	1
44	6
45	5
46	3
47	4
48	2
49	9
50	9
51	5
52	5
53	3
54	6
55	1
56	1
57	9
58	1
59	1
60	6
61	9
62	2
63	9
64	4
65	1
66	1
67	4
68	9
69	4
70	4
71	5
72	6
73	9
74	1
75	7
76	2
77	9
78	2
79	3
80	3
/

psi	Vehicle Capacity
/ 32 /
;

Table kappa(i,j)                 Setup
         0        1        2        3        4        5        6        7        8        9        10       11       12       13       14       15       16       17       18       19       20       21       22       23       24       25       26       27       28       29       30       31       32       33       34       35       36       37       38       39       40       41       42       43       44       45       46       47       48       49       50       51       52       53       54       55       56       57       58       59       60       61       62       63       64       65       66       67       68       69       70       71       72       73       74       75       76       77       78       79       80       
0        0        3226     2718     1879     2543     1316     1631     1808     2990     1830     2346     759      3026     2538     3380     1499     1903     2336     1052     3064     3646     2849     236      2537     2331     1802     3489     1078     1816     1051     2004     2670     2605     1905     775      2176     1912     2064     1602     2600     238      754      1275     2527     3264     1762     3382     2238     1584     3122     2087     2341     2815     2561     2275     2332     2474     3141     1301     190      2706     590      3250     1119     3139     1887     3244     1243     2142     3175     1500     3594     3068     1439     2651     2398     1892     2591     2294     1547     3822     
1        3226     0        3066     4306     708      1944     1630     2389     1038     4512     3268     3628     230      3009     2254     3956     1534     2265     3383     224      2638     4016     3165     2639     4514     4544     2474     2282     3330     3748     1969     831      4245     2197     2598     1074     2448     2735     4206     3388     3350     3655     2436     1053     1017     3589     3358     4755     3002     2040     2935     4653     2538     1462     4018     3861     4336     2325     3832     3071     2674     3550     1586     3652     1663     4100     18       2667     3449     484      1974     2131     1533     2114     575      847      2014     2416     2016     1695     3201     
2        2718     3066     0        2116     2540     2620     2646     1067     2092     2481     523      3477     2854     179      1314     2010     3020     829      3673     3088     1306     1028     2888     430      2010     2566     1249     1975     1087     2205     1271     2248     1445     1132     2866     2715     941      674      2248     424      2956     2403     1571     2037     2268     1356     664      2457     1155     1275     633      2205     600      1603     1393     1156     1654     1035     4005     2550     411      2452     1772     3810     1624     1827     3077     1500     873      2650     3024     1634     1693     3116     2753     2485     1307     652      1083     2560     1196     
3        1879     4306     2116     0        3611     2815     3055     1992     3630     380      1593     2447     4076     1985     3337     399      3433     2379     2883     4220     3410     1535     2114     2263     484      476      3327     2141     1119     828      2418     3528     1043     2193     2547     3465     1986     1827     313      1744     2035     1133     1879     3314     3887     812      2650     449      1347     3196     1671     461      2586     3072     823      1042     797      3044     2993     1849     2389     1294     3579     2864     3429     289      4323     1643     1244     4054     3152     3644     3434     3148     3793     3487     2341     2468     2532     2947     3281     
4        2543     708      2540     3611     0        1305     1010     1739     845      3808     2668     2998     489      2455     1997     3255     1051     1712     2806     612      2393     3428     2500     2110     3837     3839     2212     1575     2667     3040     1341     398      3610     1558     1964     512      1814     2119     3502     2816     2681     2948     1735     534      1014     2913     2932     4060     2327     1730     2316     3969     2079     992      3365     3222     3681     1980     3258     2381     2178     2845     1412     3067     1424     3413     726      1968     2813     675      1428     1975     1286     1577     213      145      1366     1914     1457     1052     2903     
5        1316     1944     2620     2815     1305     0        317      1555     1946     2905     2483     1693     1762     2467     2727     2419     625      1909     1523     1766     3082     3195     1226     2268     3166     2909     2900     737      2193     2076     1433     1536     3173     1501     659      873      1680     1980     2619     2711     1413     1888     1145     1464     2194     2325     3211     3246     1832     2437     2119     3246     2424     1692     2863     2808     3148     2574     1971     1188     2411     1751     2367     1775     2302     2700     1962     1340     2460     1975     408      2845     2192     498      1373     1163     1356     2193     1732     253      3441     
6        1631     1630     2646     3055     1010     317      0        1607     1711     3169     2571     2000     1454     2506     2598     2663     400      1881     1796     1449     2969     3308     1544     2265     3381     3178     2784     923      2346     2346     1400     1279     3334     1514     968      557      1725     2041     2876     2785     1731     2176     1284     1240     1945     2509     3200     3493     1980     2307     2199     3473     2380     1532     3035     2958     3331     2474     2247     1497     2394     2045     2176     2056     2128     2920     1648     1504     2589     1686     471      2683     2008     614      1062     874      1343     2157     1675     108      3370     
7        1808     2389     1067     1992     1739     1555     1607     0        1637     2266     977      2545     2159     912      1601     1702     1995     534      2670     2345     1841     1734     1937     762      2137     2322     1689     919      943      1664     430      1573     1870     201      1820     1772     126      434      1969     1179     2040     1735     547      1351     1895     1218     1687     2430     645      1371     606      2289     1011     1079     1629     1483     1947     1344     3037     1623     925      1720     1640     2836     1500     1752     2404     586      1075     2082     1962     1852     1477     2050     1945     1643     375      783      573      1513     2035     
8        2990     1038     2092     3630     845      1946     1711     1637     0        3895     2371     3569     871      2062     1226     3329     1858     1351     3466     1135     1617     3087     3007     1679     3753     3945     1447     1919     2558     3225     1214     457      3384     1436     2567     1325     1654     1885     3593     2451     3172     3215     1889     482      276      2848     2327     4067     2283     1001     2081     3915     1529     560      3201     3013     3515     1286     3910     2807     1686     3149     582      3710     632      3387     1045     2082     2607     573      2174     1149     498      2321     990      918      1300     1441     1131     1712     2169     
9        1830     4512     2481     380      3808     2905     3169     2266     3895     0        1957     2301     4284     2344     3676     565      3530     2689     2769     4411     3766     1912     2057     2604     774      99       3677     2281     1450     831      2681     3759     1406     2463     2556     3617     2275     2148     305      2118     1948     1079     2076     3551     4158     1147     3027     433      1629     3522     2005     659      2931     3343     1203     1423     1148     3385     2825     1838     2738     1242     3883     2715     3735     663      4529     1849     1608     4290     3211     3978     3731     3190     3980     3678     2596     2800     2824     3063     3655     
10       2346     3268     523      1593     2668     2483     2571     977      2371     1957     0        3102     3044     399      1785     1493     2965     1020     3350     3255     1820     763      2538     742      1513     2043     1749     1774     591      1719     1328     2437     1021     1124     2612     2746     874      553      1726     254      2582     1942     1351     2214     2584     838      1122     1944     765      1695     372      1704     1035     1832     901      676      1189     1495     3647     2194     830      2010     2152     3460     1999     1304     3281     1212     349      2897     2891     2102     2042     2962     2879     2587     1320     981      1257     2473     1710     
11       759      3628     3477     2447     2998     1693     2000     2545     3569     2301     3102     0        3454     3297     4086     2109     2149     3064     510      3439     4371     3576     609      3286     2925     2247     4208     1731     2561     1655     2697     3199     3289     2624     1034     2554     2654     2820     2142     3355     521      1338     2002     3090     3834     2478     4141     2733     2342     3818     2847     2898     3556     3197     2964     3047     3129     3861     562      929      3455     1198     3895     416      3797     2516     3646     1994     2886     3664     1696     4281     3712     1580     3062     2855     2587     3327     2999     1946     4572     
12       3026     230      2854     4076     489      1762     1454     2159     871      4284     3044     3454     0        2792     2097     3728     1402     2046     3230     265      2487     3795     2974     2425     4283     4318     2318     2064     3100     3524     1740     609      4017     1968     2420     906      2219     2509     3978     3169     3157     3437     2208     829      901      3358     3167     4526     2771     1868     2708     4422     2337     1251     3789     3632     4106     2147     3681     2867     2466     3335     1441     3496     1503     3869     246      2438     3221     383      1826     2000     1369     1971     393      632      1784     2206     1795     1510     3040     
13       2538     3009     179      1985     2455     2467     2506     912      2062     2344     399      3297     2792     0        1389     1858     2886     746      3496     3018     1425     1026     2709     384      1911     2426     1350     1810     926      2037     1154     2183     1387     995      2695     2602     787      503      2101     391      2777     2228     1401     1966     2255     1207     844      2343     977      1313     453      2103     643      1549     1297     1066     1576     1100     3826     2371     438      2275     1789     3632     1637     1697     3021     1323     742      2609     2873     1707     1693     2962     2669     2391     1179     627      1001     2417     1361     
14       3380     2254     1314     3337     1997     2727     2598     1601     1226     3676     1785     4086     2097     1389     0        3149     2864     1069     4126     2361     397      2321     3478     1074     3299     3751     221      2362     2226     3217     1390     1604     2759     1476     3218     2389     1525     1542     3408     1738     3604     3325     2106     1481     1261     2530     1245     3718     2110     291      1671     3489     753      1075     2685     2455     2962     292      4534     3190     956      3320     675      4329     593      3054     2259     2187     2117     1772     3063     320      729      3195     2178     2020     1499     884      1087     2555     947      
15       1499     3956     2010     399      3255     2419     2663     1702     3329     565      1493     2109     3728     1858     3149     0        3039     2139     2523     3861     3264     1630     1735     2083     832      620      3163     1755     936      456      2115     3196     1223     1899     2149     3087     1715     1609     266      1689     1669     773      1520     2987     3593     654      2603     829      1070     2981     1482     854      2412     2778     928      1090     1029     2859     2665     1457     2226     925      3327     2523     3180     409      3973     1290     1154     3726     2752     3444     3172     2748     3432     3127     2030     2266     2264     2556     3203     
16       1903     1534     3020     3433     1051     625      400      1995     1858     3530     2965     2149     1402     2886     2864     3039     0        2235     1857     1325     3248     3706     1777     2628     3771     3535     3062     1316     2747     2702     1758     1402     3734     1891     1164     540      2111     2430     3243     3175     1964     2511     1685     1424     2058     2907     3554     3868     2381     2576     2593     3859     2719     1788     3435     3359     3729     2769     2303     1793     2748     2370     2378     2129     2352     3308     1551     1903     2989     1704     454      2914     2223     585      1020     946      1712     2503     2014     506      3683     
17       2336     2265     829      2379     1712     1909     1881     534      1351     2689     1020     3064     2046     746      1069     2139     2235     0        3159     2271     1310     1753     2454     404      2437     2755     1155     1381     1265     2162     481      1437     2033     446      2279     1894     456      558      2404     1123     2566     2257     1063     1220     1572     1570     1319     2795     1072     854      742      2610     520      813      1862     1666     2172     809      3542     2149     513      2250     1200     3339     1049     2113     2278     1120     1264     1879     2298     1332     1062     2407     1925     1655     553      284      255      1806     1552     
18       1052     3383     3673     2883     2806     1523     1796     2670     3466     2769     3350     510      3230     3496     4126     2523     1857     3159     0        3179     4442     3894     828      3430     3351     2721     4270     1779     2850     2066     2743     3059     3657     2713     915      2324     2789     3000     2586     3605     854      1752     2125     2983     3717     2813     4329     3197     2585     3846     3058     3341     3670     3161     3327     3383     3520     3926     451      1168     3595     1597     3854     273      3773     2922     3400     2173     3174     3482     1409     4289     3674     1272     2837     2670     2640     3436     3054     1768     4702     
19       3064     224      3088     4220     612      1766     1449     2345     1135     4411     3255     3439     265      3018     2361     3861     1325     2271     3179     0        2752     4011     2991     2658     4449     4439     2583     2156     3277     3632     1937     840      4213     2159     2414     892      2414     2712     4106     3390     3178     3523     2342     1052     1162     3525     3420     4670     2939     2130     2911     4582     2584     1491     3973     3826     4290     2407     3627     2914     2707     3412     1706     3450     1768     4025     238      2577     3415     633      1770     2264     1633     1908     431      734      1970     2445     2018     1521     3304     
20       3646     2638     1306     3410     2393     3082     2969     1841     1617     3766     1820     4371     2487     1425     397      3264     3248     1310     4442     2752     0        2239     3761     1192     3315     3847     186      2666     2328     3383     1699     2001     2724     1747     3543     2780     1746     1694     3515     1718     3876     3522     2372     1876     1633     2622     1036     3762     2272     673      1786     3511     867      1461     2698     2460     2949     516      4839     3459     1039     3533     1052     4634     986      3122     2642     2423     2167     2154     3429     552      1123     3558     2575     2415     1802     1066     1388     2921     586      
21       2849     4016     1028     1535     3428     3195     3308     1734     3087     1912     763      3576     3795     1026     2321     1630     3706     1753     3894     4011     2239     0        3066     1410     1231     2010     2224     2467     1055     2002     2090     3186     547      1887     3245     3507     1635     1316     1782     635      3072     2290     2051     2966     3281     1100     1274     1730     1381     2302     1129     1427     1628     2566     717      545      815      2053     4136     2726     1435     2400     2800     3965     2650     1281     4029     1873     746      3630     3600     2639     2714     3660     3641     3350     2083     1653     2000     3207     1933     
22       236      3165     2888     2114     2500     1226     1544     1937     3007     2057     2538     609      2974     2709     3478     1735     1777     2454     828      2991     3761     3066     0        2682     2567     2026     3599     1130     2024     1286     2090     2660     2835     2014     617      2099     2047     2224     1835     2792     187      987      1392     2534     3276     1986     3551     2469     1773     3212     2263     2576     2948     2609     2504     2555     2708     3251     1116     344      2850     823      3304     923      3202     2123     3183     1394     2349     3149     1352     3677     3122     1275     2590     2354     1980     2718     2391     1470     3967     
23       2537     2639     430      2263     2110     2268     2265     762      1679     2604     742      3286     2425     384      1074     2083     2628     404      3430     2658     1192     1410     2682     0        2243     2680     1080     1677     1154     2191     869      1818     1758     768      2581     2299     641      505      2340     776      2773     2339     1305     1606     1870     1457     942      2648     1081     955      601      2429     329      1176     1638     1418     1931     781      3791     2357     169      2360     1412     3591     1260     1981     2650     1294     1052     2230     2665     1382     1311     2767     2323     2057     922      243      655      2185     1285     
24       2331     4514     2010     484      3837     3166     3381     2137     3753     774      1513     2925     4283     1911     3299     832      3771     2437     3351     4449     3315     1231     2567     2243     0        871      3257     2458     1196     1286     2567     3708     688      2337     2961     3747     2102     1880     797      1599     2500     1599     2141     3488     3995     925      2454     500      1512     3198     1695     199      2548     3193     617      855      417      3009     3474     2283     2343     1756     3627     3341     3474     468      4530     1904     1191     4220     3525     3616     3498     3535     4031     3723     2507     2471     2626     3273     3107     
25       1802     4544     2566     476      3839     2909     3178     2322     3945     99       2043     2247     4318     2426     3751     620      3535     2755     2721     4439     3847     2010     2026     2680     871      0        3755     2300     1526     833      2733     3799     1505     2518     2539     3636     2335     2218     353      2208     1910     1059     2112     3594     4211     1225     3118     501      1690     3592     2080     749      3008     3396     1300     1518     1247     3460     2764     1821     2816     1220     3946     2659     3799     755      4562     1888     1694     4332     3206     4051     3792     3180     4008     3707     2646     2872     2884     3073     3743     
26       3489     2474     1249     3327     2212     2900     2784     1689     1447     3677     1749     4208     2318     1350     221      3163     3062     1155     4270     2583     186      2224     3599     1080     3257     3755     0        2496     2230     3262     1526     1822     2688     1585     3368     2595     1601     1574     3418     1670     3717     3389     2213     1693     1478     2530     1080     3693     2150     488      1681     3451     751      1275     2640     2405     2904     347      4670     3301     939      3394     892      4465     814      3041     2479     2274     2090     1992     3245     451      950      3374     2396     2231     1631     928      1216     2736     728      
27       1078     2282     1975     2141     1575     737      923      919      1919     2281     1774     1731     2064     1810     2362     1755     1316     1381     1779     2156     2666     2467     1130     1677     2458     2300     2496     0        1455     1480     971      1630     2435     936      903      1336     1044     1308     1981     2012     1277     1372     422      1467     2194     1593     2606     2584     1096     2089     1421     2553     1897     1484     2128     2070     2417     2150     2174     891      1837     1274     2177     1969     2071     1997     2300     603      1726     2153     1136     2550     1994     1193     1724     1435     865      1661     1280     814      2931     
28       1816     3330     1087     1119     2667     2193     2346     943      2558     1450     591      2561     3100     926      2226     936      2747     1265     2850     3277     2328     1055     2024     1154     1196     1526     2230     1455     0        1127     1372     2517     987      1141     2192     2634     905      709      1187     826      2046     1355     1061     2295     2804     307      1712     1530     365      2077     554      1356     1482     1998     704      614      1016     1934     3115     1682     1292     1431     2465     2936     2314     848      3346     852      325      3024     2589     2528     2325     2636     2868     2562     1317     1351     1436     2240     2284     
29       1051     3748     2205     828      3040     2076     2346     1664     3225     831      1719     1655     3524     2037     3217     456      2702     2162     2066     3632     3383     2002     1286     2191     1286     833      3262     1480     1127     0        2036     3033     1649     1843     1736     2812     1710     1689     563      1946     1214     317      1343     2838     3497     926      2840     1206     1112     3016     1610     1290     2516     2695     1334     1457     1474     2937     2213     1027     2350     470      3303     2068     3164     861      3766     1143     1414     3567     2380     3493     3136     2361     3200     2904     1937     2338     2238     2241     3399     
30       2004     1969     1271     2418     1341     1433     1400     430      1214     2681     1328     2697     1740     1154     1390     2115     1758     481      2743     1937     1699     2090     2090     869      2567     2733     1526     971      1372     2036     0        1146     2277     230      1844     1448     478      778      2380     1490     2222     2065     752      924      1477     1649     1799     2858     1073     1121     975      2719     991      664      2050     1892     2368     1183     3145     1813     993      2025     1284     2940     1157     2182     1984     900      1480     1652     1818     1590     1110     1929     1552     1259     111      761      311      1325     2011     
31       2670     831      2248     3528     398      1536     1279     1573     457      3759     2437     3199     609      2183     1604     3196     1402     1437     3059     840      2001     3186     2660     1818     3708     3799     1822     1630     2517     3033     1146     0        3417     1376     2178     867      1624     1905     3453     2560     2834     2982     1692     223      667      2785     2589     3975     2200     1345     2106     3854     1746     651      3197     3034     3515     1604     3508     2495     1866     2898     1014     3311     1027     3308     844      1910     2622     533      1733     1577     888      1881     574      460      1200     1604     1186     1293     2522     
32       2605     4245     1445     1043     3610     3173     3334     1870     3384     1406     1021     3289     4017     1387     2759     1223     3734     2033     3657     4213     2724     547      2835     1758     688      1505     2688     2435     987      1649     2277     3417     0        2053     3110     3612     1799     1513     1322     1021     2809     1958     2049     3194     3603     872      1802     1188     1353     2700     1313     881      2027     2837     331      387      271      2477     3850     2511     1824     2091     3170     3693     3017     828      4259     1835     797      3897     3564     3079     3063     3602     3816     3514     2244     1999     2259     3228     2461     
33       1905     2197     1132     2193     1558     1501     1514     201      1436     2463     1124     2624     1968     995      1476     1899     1891     446      2713     2159     1747     1887     2014     768      2337     2518     1585     936      1141     1843     230      1376     2053     0        1836     1626     255      570      2164     1304     2131     1894     629      1154     1695     1419     1710     2632     846      1229     761      2490     961      880      1821     1667     2139     1237     3097     1716     916      1868     1460     2893     1324     1954     2212     729      1256     1883     1900     1708     1293     1999     1767     1469     196      725      406      1428     1995     
34       775      2598     2866     2547     1964     659      968      1820     2567     2556     2612     1034     2420     2695     3218     2149     1164     2279     915      2414     3543     3245     617      2581     2961     2539     3368     903      2192     1736     1844     2178     3110     1836     0        1524     1945     2192     2300     2861     802      1480     1295     2084     2825     2238     3505     2942     1871     2936     2283     3003     2798     2246     2782     2782     3029     3027     1347     718      2741     1322     2940     1145     2857     2497     2616     1400     2500     2632     735      3375     2759     665      2029     1822     1745     2561     2156     912      3832     
35       2176     1074     2715     3465     512      873      557      1772     1325     3617     2746     2554     906      2602     2389     3087     540      1894     2324     892      2780     3507     2099     2299     3747     3636     2595     1336     2634     2812     1448     867      3612     1626     1524     0        1872     2194     3317     2930     2285     2674     1607     916      1518     2841     3190     3912     2273     2107     2377     3859     2337     1323     3337     3226     3646     2324     2776     2032     2398     2553     1862     2590     1850     3300     1092     1843     2831     1175     927      2411     1716     1074     512      408      1432     2139     1652     629      3249     
36       1912     2448     941      1986     1814     1680     1725     126      1654     2275     874      2654     2219     787      1525     1715     2111     456      2789     2414     1746     1635     2047     641      2102     2335     1601     1044     905      1710     478      1624     1799     255      1945     1872     0        322      1982     1066     2146     1801     664      1401     1904     1194     1562     2417     645      1308     507      2261     903      1093     1573     1413     1890     1259     3152     1729     806      1796     1612     2951     1467     1735     2463     676      1002     2122     2086     1787     1456     2175     2022     1724     450      681      549      1634     1920     
37       2064     2735     674      1827     2119     1980     2041     434      1885     2148     553      2820     2509     503      1542     1609     2430     558      3000     2712     1694     1316     2224     505      1880     2218     1574     1308     709      1689     778      1905     1513     570      2192     2194     322      0        1871     745      2302     1834     897      1682     2119     1016     1329     2238     577      1374     200      2052     827      1330     1315     1133     1629     1255     3340     1891     669      1857     1757     3143     1605     1557     2749     830      723      2385     2388     1835     1620     2471     2330     2035     766      658      754      1947     1770     
38       1602     4206     2248     313      3502     2619     2876     1969     3593     305      1726     2142     3978     2101     3408     266      3243     2404     2586     4106     3515     1782     1835     2340     797      353      3418     1981     1187     563      2380     3453     1322     2164     2300     3317     1982     1871     0        1908     1744     848      1770     3246     3858     894      2822     642      1337     3244     1739     756      2669     3043     1064     1259     1091     3118     2684     1589     2480     1011     3593     2558     3446     501      4223     1543     1380     3985     2936     3706     3439     2921     3675     3373     2294     2527     2530     2770     3435     
39       2600     3388     424      1744     2816     2711     2785     1179     2451     2118     254      3355     3169     391      1738     1689     3175     1123     3605     3390     1718     635      2792     776      1599     2208     1670     2012     826      1946     1490     2560     1021     1304     2861     2930     1066     745      1908     0        2835     2181     1591     2341     2646     1041     914      2060     1019     1689     593      1796     1013     1933     983      744      1233     1457     3901     2448     813      2254     2175     3715     2024     1456     3401     1461     537      2996     3120     2058     2083     3196     3030     2745     1498     1018     1374     2690     1537     
40       238      3350     2956     2035     2681     1413     1731     2040     3172     1948     2582     521      3157     2777     3604     1669     1964     2566     854      3178     3876     3072     187      2773     2500     1910     3717     1277     2046     1214     2222     2834     2809     2131     802      2285     2146     2302     1744     2835     0        901      1503     2702     3443     1979     3621     2368     1821     3342     2326     2495     3049     2761     2481     2549     2667     3369     1069     417      2942     744      3454     893      3347     2067     3368     1479     2371     3327     1536     3812     3272     1455     2775     2536     2111     2824     2517     1656     4059     
41       754      3655     2403     1133     2948     1888     2176     1735     3215     1079     1942     1338     3437     2228     3325     773      2511     2257     1752     3523     3522     2290     987      2339     1599     1059     3389     1372     1355     317      2065     2982     1958     1894     1480     2674     1801     1834     848      2181     901      0        1329     2800     3491     1196     3053     1483     1264     3105     1785     1594     2656     2708     1639     1747     1790     3054     1897     762      2503     163      3348     1751     3216     1178     3673     1167     1662     3512     2158     3586     3175     2125     3093     2807     1959     2461     2299     2076     3583     
42       1275     2436     1571     1879     1735     1145     1284     547      1889     2076     1351     2002     2208     1401     2106     1520     1685     1063     2125     2342     2372     2051     1392     1305     2141     2112     2213     422      1061     1343     752      1692     2049     629      1295     1607     664      897      1770     1591     1503     1329     0        1495     2164     1238     2214     2328     696      1853     1001     2256     1557     1380     1753     1674     2054     1866     2490     1087     1470     1277     2034     2288     1909     1696     2453     237      1315     2226     1549     2330     1857     1613     1914     1608     642      1326     1025     1178     2582     
43       2527     1053     2037     3314     534      1464     1240     1351     482      3551     2214     3090     829      1966     1481     2987     1424     1220     2983     1052     1876     2966     2534     1606     3488     3594     1693     1467     2295     2838     924      223      3194     1154     2084     916      1401     1682     3246     2341     2702     2800     1495     0        744      2566     2402     3760     1982     1207     1882     3636     1552     458      2974     2810     3292     1448     3427     2348     1661     2723     953      3227     933      3091     1067     1707     2398     739      1708     1495     800      1853     738      538      981      1398     967      1235     2373     
44       3264     1017     2268     3887     1014     2194     1945     1895     276      4158     2584     3834     901      2255     1261     3593     2058     1572     3717     1162     1633     3281     3276     1870     3995     4211     1478     2194     2804     3497     1477     667      3603     1695     2825     1518     1904     2119     3858     2646     3443     3491     2164     744      0        3098     2439     4321     2540     1086     2312     4161     1685     815      3432     3238     3744     1380     4164     3082     1858     3426     586      3965     694      3639     1019     2354     2836     533      2400     1115     587      2548     1118     1112     1567     1628     1369     1955     2207     
45       1762     3589     1356     812      2913     2325     2509     1218     2848     1147     838      2478     3358     1207     2530     654      2907     1570     2813     3525     2622     1100     1986     1457     925      1225     2530     1593     307      926      1649     2785     872      1419     2238     2841     1194     1016     894      1041     1979     1196     1238     2566     3098     0        1952     1227     587      2384     860      1070     1783     2288     546      570      823      2238     3039     1653     1591     1300     2770     2871     2619     544      3605     1008     503      3300     2708     2834     2628     2739     3108     2800     1585     1657     1734     2402     2548     
46       3382     3358     664      2650     2932     3211     3200     1687     2327     3027     1122     4141     3167     844      1245     2603     3554     1319     4329     3420     1036     1274     3551     942      2454     3118     1080     2606     1712     2840     1799     2589     1802     1710     3505     3190     1562     1329     2822     914      3621     3053     2214     2402     2439     1952     0        2936     1817     1353     1297     2653     856      1944     1857     1620     2055     1060     4667     3214     806      3109     1870     4471     1746     2363     3367     2159     1449     2901     3607     1531     1855     3710     3140     2904     1861     1053     1543     3123     659      
47       2238     4755     2457     449      4060     3246     3493     2430     4067     433      1944     2733     4526     2343     3718     829      3868     2795     3197     4670     3762     1730     2469     2648     500      501      3693     2584     1530     1206     2858     3975     1188     2632     2942     3912     2417     2238     642      2060     2368     1483     2328     3760     4321     1227     2936     0        1785     3594     2070     315      2965     3508     1081     1320     917      3426     3258     2231     2763     1647     3996     3148     3844     683      4772     2093     1603     4499     3572     4030     3855     3561     4243     3937     2784     2864     2960     3386     3585     
48       1584     3002     1155     1347     2327     1832     1980     645      2283     1629     765      2342     2771     977      2110     1070     2381     1072     2585     2939     2272     1381     1773     1081     1512     1690     2150     1096     365      1112     1073     2200     1353     846      1871     2273     645      577      1337     1019     1821     1264     696      1982     2540     587      1817     1785     0        1923     525      1654     1405     1725     1065     978      1373     1827     2884     1429     1242     1300     2256     2696     2110     1109     3018     494      635      2719     2232     2394     2102     2284     2523     2216     1002     1228     1194     1875     2321     
49       3122     2040     1275     3196     1730     2437     2307     1371     1001     3522     1695     3818     1868     1313     291      2981     2576     854      3846     2130     673      2302     3212     955      3198     3592     488      2089     2077     3016     1121     1345     2700     1229     2936     2107     1308     1374     3244     1689     3342     3105     1853     1207     1086     2384     1353     3594     1923     0        1526     3382     675      788      2593     2371     2884     293      4258     2932     876      3090     521      4052     392      2920     2046     1952     2007     1567     2772     480      509      2904     1919     1745     1232     730      828      2264     1178     
