
sets
i        orders          /0*40/
k        routes          /1*40/
p        positions       /0*40/
;

alias(i,j)
alias(i,h)
alias(i,hh)
alias(i,jj)
alias(k,kk)
                
                    Parameters

rho(i)	Processing time
/
0	0
1	94
2	79
3	49
4	17
5	65
6	50
7	51
8	44
9	19
10	64
11	54
12	11
13	86
14	19
15	73
16	62
17	35
18	93
19	31
20	30
21	86
22	31
23	12
24	34
25	45
26	59
27	20
28	83
29	29
30	96
31	80
32	37
33	2
34	41
35	62
36	67
37	90
38	36
39	49
40	22
/

gamma(i)	Duedate
/
0	0
1	1
2	58
3	2
4	56
5	99
6	44
7	1
8	78
9	1
10	19
11	83
12	6
13	31
14	6
15	68
16	43
17	42
18	68
19	15
20	59
21	33
22	54
23	93
24	53
25	29
26	77
27	85
28	26
29	51
30	65
31	87
32	3
33	58
34	47
35	40
36	74
37	96
38	10
39	88
40	9
/

sigma(i)	Size
/
0	0
1	9
2	2
3	3
4	8
5	2
6	5
7	8
8	2
9	2
10	1
11	9
12	8
13	9
14	3
15	7
16	5
17	7
18	2
19	4
20	4
21	6
22	4
23	8
24	5
25	4
26	7
27	3
28	2
29	6
30	6
31	9
32	9
33	4
34	5
35	3
36	9
37	7
38	1
39	9
40	6
/

epsilon(i)	Priority
/
0	0
1	7
2	6
3	4
4	6
5	9
6	4
7	7
8	5
9	4
10	1
11	5
12	5
13	5
14	2
15	5
16	8
17	3
18	3
19	4
20	4
21	8
22	6
23	1
24	5
25	2
26	8
27	2
28	4
29	5
30	7
31	2
32	5
33	3
34	7
35	6
36	9
37	1
38	1
39	3
40	7
/

psi	Vehicle Capacity
/ 19 /
;

Table kappa(i,j)                 Setup
         0        1        2        3        4        5        6        7        8        9        10       11       12       13       14       15       16       17       18       19       20       21       22       23       24       25       26       27       28       29       30       31       32       33       34       35       36       37       38       39       40       
0        0        330      418      337      455      120      641      443      543      541      263      325      162      501      393      140      467      648      373      61       417      393      265      451      601      616      662      295      182      661      303      403      89       727      427      318      474      110      415      307      220      
1        330      0        527      442      349      340      355      157      236      223      436      136      480      309      447      190      480      319      218      348      87       597      84       197      376      516      337      368      262      332      278      538      240      661      467      253      494      435      630      294      111      
2        418      527      0        753      293      297      616      685      594      614      156      406      374      409      95       424      140      744      700      478      578      157      447      722      497      342      728      161      292      743      253      39       420      383      103      285      132      392      188      237      457      
3        337      442      753      0        728      456      796      437      672      654      601      533      450      731      718      363      786      712      288      280      509      725      441      405      812      901      745      617      484      731      591      740      344      1030     751      592      795      402      743      601      390      
4        455      349      293      728      0        361      323      492      320      346      321      215      515      117      199      366      175      471      564      510      361      434      301      540      206      173      447      211      272      467      152      325      398      313      193      138      190      500      469      150      343      
5        120      340      297      456      361      0        595      481      515      520      146      285      162      429      274      165      350      640      446      182      420      291      258      501      532      511      645      179      102      649      211      285      138      614      309      236      356      139      317      210      233      
6        641      355      616      796      323      595      0        399      126      152      614      316      757      206      520      506      496      204      538      677      288      749      384      452      140      383      160      506      493      188      409      646      556      516      516      374      510      725      784      419      438      
7        443      157      685      437      492      481      399      0        275      247      589      288      604      428      604      318      635      276      150      443      135      751      239      53       468      648      313      525      414      296      435      696      360      796      624      409      648      553      783      451      247      
8        543      236      594      672      320      515      126      275      0        32       561      231      674      214      499      404      495      150      411      573      163      710      279      328      209      432      135      461      416      149      357      619      455      576      504      321      509      636      745      371      329      
9        541      223      614      654      346      520      152      247      32       0        574      238      676      243      520      400      519      129      387      567      145      725      275      299      242      463      124      476      423      132      372      637      451      608      526      337      533      637      760      386      323      
10       263      436      156      601      321      146      614      589      561      574      0        340      226      420      163      294      243      702      577      323      503      161      351      618      521      434      696      110      175      706      206      139      278      511      197      241      244      237      194      194      345      
11       325      136      406      533      215      285      316      288      231      238      340      0        444      198      319      196      346      363      349      365      172      497      91       333      287      386      362      252      185      369      152      422      243      528      336      121      359      409      531      168      143      
12       162      480      374      450      515      162      757      604      674      676      226      444      0        590      388      290      469      792      535      188      565      291      406      614      693      651      800      312      264      802      369      346      244      737      423      396      470      54       302      366      369      
13       501      309      409      731      117      429      206      428      214      243      420      198      590      0        314      387      292      361      527      549      293      546      289      480      103      224      334      309      329      355      222      440      429      371      310      193      306      567      581      229      341      
14       393      447      95       718      199      274      520      604      499      520      163      319      388      314      0        368      80       649      632      454      491      237      371      644      404      275      632      100      237      648      169      126      375      348      35       197      83       393      271      153      388      
15       140      190      424      363      366      165      506      318      404      400      294      196      290      387      368      0        429      508      283      170      277      451      125      336      482      538      521      270      132      520      228      422      51       666      399      229      439      244      479      239      79       
16       467      480      140      786      175      350      496      635      495      519      243      346      469      292      80       429      0        645      679      529      513      297      412      678      368      203      623      172      301      642      210      179      442      268      46       228      14       473      328      195      438      
17       648      319      744      712      471      640      204      276      150      129      702      363      792      361      649      508      645      0        427      668      232      855      387      318      333      571      48       606      546      21       502      767      559      711      654      466      660      750      890      516      428      
18       373      218      700      288      564      446      538      150      411      387      577      349      535      527      632      283      679      427      0        354      251      734      268      116      586      733      463      540      409      447      469      702      309      877      658      453      691      482      762      484      244      
19       61       348      478      280      510      182      677      443      573      567      323      365      188      549      454      170      529      668      354      0        435      446      294      444      647      674      685      356      239      681      359      462      122      788      489      372      535      135      465      365      243      
20       417      87       578      509      361      420      288      135      163      145      503      172      565      293      491      277      513      232      251      435      0        663      161      187      338      514      251      423      334      246      325      594      327      661      507      294      527      520      697      341      197      
21       393      597      157      725      434      291      749      751      710      725      161      497      291      546      237      451      297      855      734      446      663      0        513      779      640      499      845      248      337      857      352      118      429      533      256      388      289      328      35       339      506      
22       265      84       447      441      301      258      384      239      279      275      351      91       406      289      371      125      412      387      268      294      161      513      0        274      373      474      397      287      177      397      203      456      176      614      394      184      424      363      545      219      54       
23       451      197      722      405      540      501      452      53       328      299      618      333      614      480      644      336      678      318      116      444      187      779      274      0        522      699      358      561      443      339      475      730      373      847      665      451      692      562      810      491      273      
24       601      376      497      812      206      532      140      468      209      242      521      287      693      103      404      482      368      333      586      647      338      640      373      522      0        242      296      410      432      322      326      530      526      378      395      297      381      670      675      332      428      
25       616      516      342      901      173      511      383      648      432      463      434      386      651      224      275      538      203      571      733      674      514      499      474      699      242      0        536      339      434      561      315      381      567      147      247      309      209      646      530      309      517      
26       662      337      728      745      447      645      160      313      135      124      696      362      800      334      632      521      623      48       463      685      251      845      397      358      296      536      0        596      547      29       493      753      572      674      635      457      637      760      880      506      442      
27       295      368      161      617      211      179      506      525      461      476      110      252      312      309      100      270      172      606      540      356      423      248      287      561      410      339      596      0        137      608      104      170      275      435      133      139      178      308      284      90       297      
28       182      262      292      484      272      102      493      414      416      423      175      185      264      329      237      132      301      546      409      239      334      337      177      443      432      434      547      137      0        553      120      293      140      551      268      138      310      237      368      125      170      
29       661      332      743      731      467      649      188      296      149      132      706      369      802      355      648      520      642      21       447      681      246      857      397      339      322      561      29       608      553      0        504      768      571      700      652      469      656      761      892      518      441      
30       303      278      253      591      152      211      409      435      357      372      206      152      369      222      169      228      210      502      469      359      325      352      203      475      326      315      493      104      120      504      0        270      252      438      190      36       222      350      387      16       228      
31       403      538      39       740      325      285      646      696      619      637      139      422      346      440      126      422      179      767      702      462      594      118      456      730      530      381      753      170      293      768      270      0        413      421      139      304      171      368      149      255      462      
32       89       240      420      344      398      138      556      360      455      451      278      243      244      429      375      51       442      559      309      122      327      429      176      373      526      567      572      275      140      571      252      413      0        689      407      259      451      195      455      260      130      
33       727      661      383      1030     313      614      516      796      576      608      511      528      737      371      348      666      268      711      877      788      661      533      614      847      378      147      674      435      551      700      438      421      689      0        314      439      266      741      558      429      654      
34       427      467      103      751      193      309      516      624      504      526      197      336      423      310      35       399      46       654      658      489      507      256      394      665      395      247      635      133      268      652      190      139      407      314      0        215      47       428      288      174      415      
35       318      253      285      592      138      236      374      409      321      337      241      121      396      193      197      229      228      466      453      372      294      388      184      451      297      309      457      139      138      469      36       304      259      439      215      0        241      375      423      49       216      
36       474      494      132      795      190      356      510      648      509      533      244      359      470      306      83       439      14       660      691      535      527      289      424      692      381      209      637      178      310      656      222      171      451      266      47       241      0        476      320      207      450      
37       110      435      392      402      500      139      725      553      636      637      237      409      54       567      393      244      473      750      482      135      520      328      363      562      670      646      760      308      237      761      350      368      195      741      428      375      476      0        342      349      323      
38       415      630      188      743      469      317      784      783      745      760      194      531      302      581      271      479      328      890      762      465      697      35       545      810      675      530      880      284      368      892      387      149      455      558      288      423      320      342      0        374      537      
39       307      294      237      601      150      210      419      451      371      386      194      168      366      229      153      239      195      516      484      365      341      339      219      491      332      309      506      90       125      518      16       255      260      429      174      49       207      349      374      0        242      
40       220      111      457      390      343      233      438      247      329      323      345      143      369      341      388      79       438      428      244      243      197      506      54       273      428      517      442      297      170      441      228      462      130      654      415      216      450      323      537      242      0        
;



Table delta(i,j)                 Distance
         0        1        2        3        4        5        6        7        8        9        10       11       12       13       14       15       16       17       18       19       20       21       22       23       24       25       26       27       28       29       30       31       32       33       34       35       36       37       38       39       40       
0        0        5700     14100    6990     14430    15210    12360    2580     8850     8250     5220     4320     12120    8700     12270    13020    7980     5970     5910     12090    8730     12360    15510    9900     540      9180     3780     7140     8190     1890     6720     8280     15150    4830     11130    3330     15120    6240     11310    9390     16530    
1        5700     0        661      401      670      664      504      163      128      356      219      81       550      380      457      469      447      347      70       583      111      597      704      496      185      391      79       363      132      243      130      449      678      263      437      261      692      263      474      504      740      
2        14100    661      0        332      101      307      496      525      761      528      536      602      333      514      634      671      237      401      655      221      755      113      101      311      475      489      590      412      731      426      660      263      279      469      584      437      70       526      523      161      96       
3        6990     401      332      0        299      510      536      239      469      198      388      374      449      187      318      354      255      71       426      184      511      332      415      97       248      458      354      367      431      169      457      293      277      344      268      140      391      407      226      184      427      
4        14430    670      101      299      0        406      578      520      757      483      576      621      421      464      574      610      291      370      675      144      771      203      198      250      489      556      606      471      723      427      688      326      180      512      526      425      168      573      458      173      175      
5        15210    664      307      510      406      0        267      589      789      695      464      585      119      691      826      861      262      558      627      493      723      211      230      543      501      327      584      306      775      498      603      236      576      405      777      542      253      431      735      344      282      
6        12360    504      496      536      578      267      0        496      633      671      285      423      171      678      809      838      307      553      448      607      530      383      458      608      397      113      432      177      633      438      406      265      711      256      765      496      470      241      749      441      512      
7        2580     163      525      239      520      589      496      0        237      215      241      157      489      235      340      362      341      183      200      423      274      479      582      332      98       389      135      324      206      100      246      356      516      242      308      99       566      281      328      364      611      
8        8850     128      761      469      757      789      633      237      0        367      347      210      677      394      433      436      561      404      187      654      150      708      813      555      296      520      206      491      46       335      242      567      739      391      427      333      799      392      482      600      845      
9        8250     356      528      198      483      695      671      215      367      0        449      371      618      27       138      169      433      137      408      348      463      529      613      236      293      574      349      493      321      233      459      465      405      433      96       175      589      483      118      382      624      
10       5220     219      536      388      576      464      285      241      347      449      0        138      346      464      580      603      299      368      167      534      259      447      552      483      156      172      148      158      348      229      138      283      642      67       545      284      548      44       552      403      597      
11       4320     81       602      374      621      585      423      157      210      371      138      0        471      392      488      506      379      331      54       547      152      531      638      471      132      310      22       282      210      206      89       376      649      182      461      240      628      183      485      450      676      
12       12120    550      333      449      421      119      171      489      677      618      346      471      0        618      754      787      193      485      510      474      606      220      287      500      395      210      471      189      666      405      485      155      571      289      706      454      301      312      674      310      341      
13       8700     380      514      187      464      691      678      235      394      27       464      392      618      0        135      169      430      133      431      327      488      519      600      215      308      583      370      500      349      243      481      464      380      445      88       185      575      497      94       371      610      
14       12270    457      634      318      574      826      809      340      433      138      580      488      754      135      0        36       566      268      518      431      555      650      726      325      426      711      466      631      387      371      573      599      458      569      50       313      699      616      119      501      730      
15       13020    469      671      354      610      861      838      362      436      169      603      506      787      169      36       0        600      302      533      466      564      686      762      361      451      738      484      660      391      399      590      633      492      595      86       342      735      641      153      536      766      
16       7980     447      237      255      291      262      307      341      561      433      299      379      193      430      566      600      0        297      430      300      531      151      258      309      265      265      371      179      540      244      427      42       405      232      517      281      250      288      481      135      299      
17       5970     347      401      71       370      558      553      183      404      137      368      331      485      133      268      302      297      0        380      251      458      393      481      151      216      465      310      377      364      138      418      330      335      336      220      90       458      394      196      249      496      
18       5910     70       655      426      675      627      448      200      187      408      167      54       510      431      518      533      430      380      0        601      100      582      689      523      186      337      71       321      199      258      60       425      702      222      495      290      680      209      525      504      728      
19       12090    583      221      184      144      493      607      423      654      348      534      547      474      327      431      466      300      251      601      0        691      283      322      111      416      558      529      465      615      342      625      342      109      478      383      323      292      542      314      166      312      
20       8730     111      755      511      771      723      530      274      150      463      259      152      606      488      555      564      531      458      100      691      0        682      789      606      282      421      165      417      183      348      124      525      788      319      540      371      780      297      581      602      829      
21       12360    597      113      332      203      211      383      479      708      529      447      531      220      519      650      686      151      393      582      283      682      0        107      344      413      381      522      310      683      379      578      165      366      379      600      405      101      431      548      149      150      
22       15510    704      101      415      198      230      458      582      813      613      552      638      287      600      726      762      258      481      689      322      789      107      0        406      519      473      629      410      787      482      684      269      378      484      675      503      30       534      617      232      54       
23       9900     496      311      97       250      543      608      332      555      236      483      471      500      215      325      361      309      151      523      111      606      344      406      0        346      540      451      447      514      267      555      351      184      436      276      234      378      499      211      199      406      
24       540      185      475      248      489      501      397      98       296      293      156      132      395      308      426      451      265      216      186      416      282      413      519      346      0        291      116      226      276      79       210      272      519      145      389      128      507      190      395      320      554      
25       9180     391      489      458      556      327      113      389      520      574      172      310      210      583      711      738      265      465      337      558      421      381      473      540      291      0        319      93       520      340      297      229      666      146      670      398      478      128      661      399      525      
26       3780     79       590      354      606      584      432      135      206      349      148      22       471      370      466      484      371      310      71       529      165      522      629      451      116      319      0        285      201      187      111      371      630      185      439      219      618      193      463      437      666      
27       7140     363      412      367      471      306      177      324      491      493      158      282      189      500      631      660      179      377      321      465      417      310      410      447      226      93       285      0        483      261      297      148      574      100      588      318      411      128      574      309      459      
28       8190     132      731      431      723      775      633      206      46       321      348      210      666      349      387      391      540      364      199      615      183      683      787      514      276      520      201      483      0        305      258      549      698      384      381      297      771      393      436      570      817      
29       1890     243      426      169      427      498      438      100      335      233      229      206      405      243      371      399      244      138      258      342      348      379      482      267      79       340      187      261      305      0        288      263      443      202      329      58       466      257      326      265      511      
30       6720     130      660      457      688      603      406      246      242      459      138      89       485      481      573      590      427      418      60       625      124      578      684      555      210      297      111      297      258      288      0        416      729      203      548      327      678      174      574      515      727      
31       8280     449      263      293      326      236      265      356      567      465      283      376      155      464      599      633      42       330      425      342      525      165      269      351      272      229      371      148      549      263      416      0        446      215      551      306      266      265      519      176      315      
32       15150    678      279      277      180      576      711      516      739      405      642      649      571      380      458      492      405      335      702      109      788      366      378      184      519      666      630      574      698      443      729      446      0        587      416      417      348      651      340      270      354      
33       4830     263      469      344      512      405      256      242      391      433      67       182      289      445      569      595      232      336      222      478      319      379      484      436      145      146      185      100      384      202      203      215      587      0        530      260      480      64       528      340      529      
34       11130    437      584      268      526      777      765      308      427      96       545      461      706      88       50       86       517      220      495      383      540      600      675      276      389      670      439      588      381      329      548      551      416      530      0        271      649      580      77       450      680      
35       3330     261      437      140      425      542      496      99       333      175      284      240      454      185      313      342      281      90       290      323      371      405      503      234      128      398      219      318      297      58       327      306      417      260      271      0        484      314      268      277      527      
36       15120    692      70       391      168      253      470      566      799      589      548      628      301      575      699      735      250      458      680      292      780      101      30       378      507      478      618      411      771      466      678      266      348      480      649      484      0        532      589      210      48       
37       6240     263      526      407      573      431      241      281      392      483      44       183      312      497      616      641      288      394      209      542      297      431      534      499      190      128      193      128      393      257      174      265      651      64       580      314      532      0        583      402      581      
38       11310    474      523      226      458      735      749      328      482      118      552      485      674      94       119      153      481      196      525      314      581      548      617      211      395      661      463      574      436      326      574      519      340      528      77       268      589      583      0        399      618      
39       9390     504      161      184      173      344      441      364      600      382      403      450      310      371      501      536      135      249      504      166      602      149      232      199      320      399      437      309      570      265      515      176      270      340      450      277      210      402      399      0        251      
40       16530    740      96       427      175      282      512      611      845      624      597      676      341      610      730      766      299      496      728      312      829      150      54       406      554      525      666      459      817      511      727      315      354      529      680      527      48       581      618      251      0        
;

