
sets
i        orders          /0*40/
k        routes          /1*40/
p        positions       /0*40/
;

alias(i,j)
alias(i,h)
alias(i,hh)
alias(i,jj)
alias(k,kk)
                
                    Parameters

rho(i)	Processing time
/
0	0
1	80
2	78
3	57
4	54
5	62
6	33
7	28
8	85
9	17
10	71
11	37
12	63
13	83
14	60
15	5
16	41
17	51
18	29
19	39
20	39
21	84
22	70
23	88
24	80
25	59
26	38
27	78
28	23
29	93
30	56
31	91
32	45
33	3
34	19
35	23
36	45
37	33
38	77
39	51
40	73
/

gamma(i)	Duedate
/
0	0
1	18
2	29
3	28
4	75
5	89
6	12
7	51
8	20
9	22
10	74
11	12
12	84
13	13
14	77
15	47
16	28
17	17
18	21
19	97
20	67
21	96
22	36
23	15
24	8
25	89
26	6
27	16
28	4
29	16
30	20
31	64
32	96
33	58
34	4
35	45
36	25
37	21
38	39
39	55
40	62
/

sigma(i)	Size
/
0	0
1	5
2	2
3	8
4	9
5	8
6	9
7	4
8	4
9	2
10	6
11	3
12	8
13	2
14	8
15	4
16	3
17	2
18	3
19	2
20	5
21	1
22	2
23	4
24	7
25	5
26	9
27	5
28	4
29	5
30	7
31	2
32	6
33	4
34	9
35	1
36	1
37	5
38	9
39	3
40	4
/

epsilon(i)	Priority
/
0	0
1	5
2	4
3	9
4	5
5	4
6	6
7	9
8	1
9	2
10	1
11	9
12	7
13	7
14	4
15	6
16	6
17	7
18	5
19	9
20	8
21	5
22	1
23	8
24	9
25	6
26	8
27	2
28	7
29	2
30	2
31	6
32	5
33	8
34	5
35	1
36	7
37	6
38	6
39	1
40	1
/

psi	Vehicle Capacity
/ 15 /
;

Table kappa(i,j)                 Setup
         0        1        2        3        4        5        6        7        8        9        10       11       12       13       14       15       16       17       18       19       20       21       22       23       24       25       26       27       28       29       30       31       32       33       34       35       36       37       38       39       40       
0        0        286      424      470      423      460      287      330      394      442      321      506      418      454      569      691      424      466      683      262      355      268      114      332      400      123      572      389      465      34       591      423      644      79       392      542      166      237      523      471      324      
1        286      0        298      228      202      196      285      88       486      244      526      409      485      335      313      406      416      182      398      361      68       61       287      196      132      241      342      495      184      278      560      189      359      365      479      258      423      314      341      222      51       
2        424      298      0        487      147      435      568      216      754      105      463      111      291      633      538      514      175      368      515      269      301      357      497      108      386      304      210      758      291      395      274      462      486      483      749      344      590      575      116      203      261      
3        470      228      487      0        350      56       303      278      490      399      748      595      711      211      100      283      631      140      270      589      189      209      420      402      102      460      435      508      225      474      761      47       236      545      482      240      563      374      485      323      237      
4        423      202      147      350      0        296      487      114      687      49       555      248      423      517      393      374      316      223      374      359      178      263      464      118      254      325      150      695      144      402      419      332      343      496      680      201      583      513      142      64       152      
5        460      196      435      56       296      0        329      232      525      345      722      543      670      261      117      255      585      83       243      555      146      192      424      356      63       435      379      541      168      460      710      67       206      537      516      187      568      394      429      267      195      
6        287      285      568      303      487      329      0        373      204      528      609      675      673      183      397      583      643      386      571      519      325      223      183      459      300      359      625      217      437      312      805      264      535      335      197      494      299      79       625      502      335      
7        330      88       216      278      114      232      373      0        572      155      519      328      439      417      345      389      353      184      385      336      88       150      356      124      175      253      259      581      144      314      486      248      348      407      566      222      483      398      252      144      44       
8        394      486      754      490      687      525      204      572      0        726      693      857      811      310      574      774      804      588      761      655      529      425      282      647      502      502      828      23       642      427      970      458      726      404      8        697      308      179      822      705      537      
9        442      244      105      399      49       345      528      155      726      0        543      200      393      565      441      408      280      271      409      346      226      306      492      115      304      334      134      733      190      417      372      381      381      510      720      239      605      549      96       97       197      
10       321      526      463      748      555      722      609      519      693      543      0        477      240      772      839      909      337      699      904      196      585      540      432      437      658      288      670      682      662      299      458      704      868      289      692      738      393      555      579      619      539      
11       506      409      111      595      248      543      675      328      857      200      477      0        263      744      642      596      143      472      599      303      412      468      591      216      496      383      258      859      390      475      173      572      574      556      852      434      670      677      151      294      372      
12       418      485      291      711      423      670      673      439      811      393      240      263      0        799      784      798      121      621      797      156      524      525      529      321      610      315      498      807      559      384      218      674      765      430      809      624      552      644      394      486      475      
13       454      335      633      211      517      261      183      417      310      565      772      744      799      0        274      484      746      342      470      654      339      281      361      531      271      499      628      331      419      473      896      199      440      512      301      449      483      261      659      508      372      
14       569      313      538      100      393      117      397      345      574      441      839      642      784      274      0        211      695      170      197      672      261      304      521      467      180      551      447      593      252      572      812      147      171      645      565      235      663      471      515      352      310      
15       691      406      514      283      374      255      583      389      774      408      909      596      798      484      211      0        689      225      14       720      338      428      672      483      300      638      350      792      247      685      768      318      49       771      765      174      815      649      448      312      376      
16       424      416      175      631      316      585      643      353      804      280      337      143      121      746      695      689      0        528      690      181      441      464      525      229      529      304      378      803      458      390      167      599      659      458      800      517      578      628      273      377      394      
17       466      182      368      140      223      83       386      184      588      271      699      472      621      342      170      225      528      0        216      520      115      205      451      301      86       420      295      603      86       461      642      142      177      546      580      110      593      442      350      187      159      
18       683      398      515      270      374      243      571      385      761      409      904      599      797      470      197      14       690      216      0        717      330      419      662      481      290      632      355      779      243      677      771      306      39       762      752      172      806      638      452      312      370      
19       262      361      269      589      359      555      519      336      655      346      196      303      156      654      672      720      181      520      717      0        411      390      373      242      492      160      474      651      473      228      340      548      682      282      652      547      404      488      386      424      363      
20       355      68       301      189      178      146      325      88       529      226      585      412      524      339      261      338      441      115      330      411      0        109      352      212      87       304      302      541      119      347      574      161      292      434      522      191      490      366      320      178      49       
21       268      61       357      209      263      192      223      150      425      306      540      468      525      281      304      428      464      205      419      390      109      0        246      252      132      251      402      435      228      268      614      164      380      346      419      297      388      258      403      279      111      
22       114      287      497      420      464      424      183      356      282      492      432      591      529      361      521      672      525      451      662      373      352      246      0        394      372      220      614      279      470      146      692      374      623      152      279      543      143      123      582      501      335      
23       332      196      108      402      118      356      459      124      647      115      437      216      321      531      467      483      229      301      481      242      212      252      394      0        300      220      249      651      239      305      365      372      447      398      641      309      497      467      191      182      166      
24       400      132      386      102      254      63       300      175      502      304      658      496      610      271      180      300      529      86       290      492      87       132      372      300      0        371      357      517      149      399      660      77       251      478      494      194      516      357      394      238      135      
25       123      241      304      460      325      435      359      253      502      334      288      383      315      499      551      638      304      420      632      160      304      251      220      220      371      0        468      500      396      91       472      415      594      179      498      475      287      330      408      381      262      
26       572      342      210      435      150      379      625      259      828      134      670      258      498      628      447      350      378      295      355      474      302      402      614      249      357      468      0        837      211      549      424      431      337      643      821      213      733      657      107      123      291      
27       389      495      758      508      695      541      217      581      23       733      682      859      807      331      593      792      803      603      779      651      541      435      279      651      517      500      837      0        655      422      970      475      744      394      31       711      294      184      829      715      546      
28       465      184      291      225      144      168      437      144      642      190      662      390      559      419      252      247      458      86       243      473      119      228      470      239      149      396      211      655      0        453      562      220      208      543      634      78       607      484      264      101      141      
29       34       278      395      474      402      460      312      314      427      417      299      475      384      473      572      685      390      461      677      228      347      268      146      305      399      91       549      422      453      0        557      428      638      93       425      531      196      266      496      453      312      
30       591      560      274      761      419      710      805      486      970      372      458      173      218      896      812      768      167      642      771      340      574      614      692      365      660      472      424      970      562      557      0        735      747      622      967      607      743      794      320      467      530      
31       423      189      462      47       332      67       264      248      458      381      704      572      674      199      147      318      599      142      306      548      161      164      374      372      77       415      431      475      220      428      735      0        270      498      450      251      517      333      471      313      205      
32       644      359      486      236      343      206      535      348      726      381      868      574      765      440      171      49       659      177      39       682      292      380      623      447      251      594      337      744      208      638      747      270      0        723      718      142      767      600      429      283      332      
33       79       365      483      545      496      537      335      407      404      510      289      556      430      512      645      771      458      546      762      282      434      346      152      398      478      179      643      394      543      93       622      498      723      0        404      621      122      272      587      546      402      
34       392      479      749      482      680      516      197      566      8        720      692      852      809      301      565      765      800      580      752      652      522      419      279      641      494      498      821      31       634      425      967      450      718      404      0        689      309      174      816      698      530      
35       542      258      344      240      201      187      494      222      697      239      738      434      624      449      235      174      517      110      172      547      191      297      543      309      194      475      213      711      78       531      607      251      142      621      689      0        681      546      293      141      218      
36       166      423      590      563      583      568      299      483      308      605      393      670      552      483      663      815      578      593      806      404      490      388      143      497      516      287      733      294      607      196      743      517      767      122      309      681      0        222      688      627      468      
37       237      314      575      374      513      394      79       398      179      549      555      677      644      261      471      649      628      442      638      488      366      258      123      467      357      330      657      184      484      266      794      333      600      272      174      546      222      0        645      536      366      
38       523      341      116      485      142      429      625      252      822      96       579      151      394      659      515      448      273      350      452      386      320      403      582      191      394      408      107      829      264      496      320      471      429      587      816      293      688      645      0        163      293      
39       471      222      203      323      64       267      502      144      705      97       619      294      486      508      352      312      377      187      312      424      178      279      501      182      238      381      123      715      101      453      467      313      283      546      698      141      627      536      163      0        170      
40       324      51       261      237      152      195      335      44       537      197      539      372      475      372      310      376      394      159      370      363      49       111      335      166      135      262      291      546      141      312      530      205      332      402      530      218      468      366      293      170      0        
;



Table delta(i,j)                 Distance
         0        1        2        3        4        5        6        7        8        9        10       11       12       13       14       15       16       17       18       19       20       21       22       23       24       25       26       27       28       29       30       31       32       33       34       35       36       37       38       39       40       
0        0        25350    18600    13470    17220    21450    10290    17340    19020    17280    28620    9120     17520    4110     21780    20700    20820    16920    450      24270    15480    22800    19650    6870     21180    5910     25710    14490    8490     13980    22650    24300    12090    22950    19950    17070    8220     29520    16410    27570    13380    
1        25350    0        245      673      274      850      509      355      272      274      449      585      416      721      184      638      603      821      830      131      373      618      616      728      211      754      220      362      566      755      301      788      517      601      360      647      649      324      844      614      427      
2        18600    245      0        557      131      801      277      126      63       136      581      403      359      489      110      615      587      729      605      189      250      626      582      544      98       563      372      156      336      640      204      781      367      614      356      576      470      509      744      687      183      
3        13470    673      557      0        435      295      419      611      610      432      575      225      265      436      656      244      256      177      443      711      313      319      213      220      653      252      571      413      402      83       759      363      196      328      344      121      197      661      188      488      494      
4        17220    274      131      435      0        670      254      233      193      5        490      312      228      457      221      484      457      603      560      279      122      497      451      456      220      480      312      98       305      519      335      651      255      487      233      446      378      451      620      570      206      
5        21450    850      801      295      670      0        710      878      860      666      581      519      448      724      886      216      252      153      712      922      552      266      234      494      888      521      684      677      696      250      1005     149      474      285      490      226      490      721      178      406      774      
6        10290    509      277      419      254      710      0        246      292      257      715      200      369      212      382      583      569      594      328      465      251      627      544      312      363      319      563      155      59       489      422      743      239      624      425      494      255      701      598      747      108      
7        17340    355      126      611      233      878      246      0        83       238      706      421      454      441      179      708      683      788      563      263      331      728      672      551      153      563      498      201      302      691      177      875      415      718      466      652      486      635      799      803      138      
8        19020    272      63       610      193      860      292      83       0        197      639      442      421      499      99       677      650      783      619      184      308      689      643      580      74       596      424      199      351      692      149      844      416      677      419      635      508      558      797      749      187      
9        17280    274      136      432      5        666      257      238      197      0        485      312      223      459      225      479      452      599      561      281      119      492      446      455      224      480      308      101      307      516      339      646      252      482      228      442      377      447      617      565      211      
10       28620    449      581      575      490      581      715      706      639      485      0        651      371      875      594      384      352      634      943      574      465      316      390      752      614      786      230      575      749      629      730      459      551      297      295      476      685      165      668      204      694      
11       9120     585      403      225      312      519      200      421      442      312      651      0        279      237      512      424      419      396      292      584      223      483      386      144      501      168      561      246      177      289      587      572      99       485      361      317      67       683      398      630      290      
12       17520    416      359      265      228      448      369      454      421      223      371      279      0        506      438      256      229      405      572      475      128      274      223      390      442      423      310      265      391      343      561      422      180      266      86       232      318      415      428      378      384      
13       4110     721      489      436      457      724      212      441      499      459      875      237      506      0        593      658      655      583      122      677      417      720      620      236      573      219      753      360      154      476      618      797      331      721      580      545      239      886      573      867      312      
14       21780    184      110      656      221      886      382      179      99       225      594      512      438      593      0        690      659      824      711      85       344      690      659      654      27       673      368      265      442      740      137      853      471      677      416      664      579      494      842      727      282      
15       20700    638      615      244      484      216      583      708      677      479      384      424      256      658      690      0        36       252      683      718      377      78       39       462      696      495      468      512      586      267      816      167      346      92       280      123      423      511      285      250      624      
16       20820    603      587      256      457      252      569      683      650      452      352      419      229      655      659      36       0        282      686      685      353      65       43       468      666      502      431      490      576      288      787      194      336      72       247      137      424      476      316      233      604      
17       16920    821      729      177      603      153      594      788      783      599      634      396      405      583      824      252      282      0        562      873      481      326      245      348      823      372      687      589      572      108      932      279      373      343      469      177      355      752      34       493      671      
18       450      830      605      443      560      712      328      563      619      561      943      292      572      122      711      683      686      562      0        794      503      752      647      223      691      193      844      468      268      463      740      805      392      757      653      562      264      971      546      910      431      
19       24270    131      189      711      279      922      465      263      184      281      574      584      475      677      85       718      685      873      794      0        398      709      691      727      110      748      343      340      525      795      172      876      534      694      438      707      650      455      893      726      367      
20       15480    373      250      313      122      552      251      331      308      119      465      223      128      417      344      377      353      481      503      398      0        402      341      361      342      389      340      137      283      397      454      544      144      394      173      326      282      469      498      502      256      
21       22800    618      626      319      497      266      627      728      689      492      316      483      274      720      690      78       65       326      752      709      402      0        106      533      699      567      430      539      636      346      821      170      397      19       274      199      489      455      361      172      656      
22       19650    616      582      213      451      234      544      672      643      446      390      386      223      620      659      39       43       245      647      691      341      106      0        428      664      461      454      475      547      245      784      203      307      115      255      94       386      508      278      276      586      
23       6870     728      544      220      456      494      312      551      580      455      752      144      390      236      654      462      468      348      223      727      361      533      428      0        642      34       690      388      267      244      723      581      221      539      476      340      79       804      337      696      414      
24       21180    211      98       653      220      888      363      153      74       224      614      501      442      573      27       696      666      823      691      110      342      699      664      642      0        659      390      254      423      736      123      860      464      686      425      666      568      517      839      742      261      
25       5910     754      563      252      480      521      319      563      596      480      786      168      423      219      673      495      502      372      193      748      389      567      461      34       659      0        721      408      271      271      736      612      251      574      509      373      108      837      359      731      425      
26       25710    220      372      571      312      684      563      498      424      308      230      561      310      753      368      468      431      687      844      343      340      430      454      690      390      721      0        409      609      645      502      598      469      411      227      510      613      140      716      398      516      
27       14490    362      156      413      98       677      155      201      199      101      575      246      265      360      265      512      490      589      468      340      137      539      475      388      254      408      409      0        207      494      348      679      218      532      298      451      313      548      601      635      122      
28       8490     566      336      402      305      696      59       302      351      307      749      177      391      154      442      586      576      572      268      525      283      636      547      267      423      271      609      207      0        465      480      741      240      635      455      488      221      744      572      767      166      
29       13980    755      640      83       519      250      489      691      692      516      629      289      343      476      740      267      288      108      463      795      397      346      245      244      736      271      645      494      465      0        841      349      276      358      419      153      247      727      109      518      570      
30       22650    301      204      759      335      1005     422      177      149      339      730      587      561      618      137      816      787      932      740      172      454      821      784      723      123      736      502      348      480      841      0        981      565      809      547      781      654      623      946      864      314      
31       24300    788      781      363      651      149      743      875      844      646      459      572      422      797      853      167      194      279      805      876      544      170      203      581      860      612      598      679      741      349      981      0        504      187      438      254      558      611      310      268      789      
32       12090    517      367      196      255      474      239      415      416      252      551      99       180      331      471      346      336      373      392      534      144      397      307      221      464      251      469      218      240      276      565      504      0        397      262      254      144      587      383      536      300      
33       22950    601      614      328      487      285      624      718      677      482      297      485      266      721      677      92       72       343      757      694      394      19       115      539      686      574      411      532      635      358      809      187      397      0        261      209      493      435      377      160      650      
34       19950    360      356      344      233      490      425      466      419      228      295      361      86       580      416      280      247      469      653      438      173      274      255      476      425      509      227      298      455      419      547      438      262      261      0        291      403      328      495      338      420      
35       17070    647      576      121      446      226      494      652      635      442      476      317      232      545      664      123      137      177      562      707      326      199      94       340      666      373      510      451      488      153      781      254      254      209      291      0        307      580      206      370      551      
36       8220     649      470      197      378      490      255      486      508      377      685      67       318      239      579      423      424      355      264      650      282      489      386      79       568      108      613      313      221      247      654      558      144      493      403      307      0        730      352      645      352      
37       29520    324      509      661      451      721      701      635      558      447      165      683      415      886      494      511      476      752      971      455      469      455      508      804      517      837      140      548      744      727      623      611      587      435      328      580      730      0        783      369      656      
38       16410    844      744      188      620      178      598      799      797      617      668      398      428      573      842      285      316      34       546      893      498      361      278      337      839      359      716      601      572      109      946      310      383      377      495      206      352      783      0        528      679      
39       27570    614      687      488      570      406      747      803      749      565      204      630      378      867      727      250      233      493      910      726      502      172      276      696      742      731      398      635      767      518      864      268      536      160      338      370      645      369      528      0        757      
40       13380    427      183      494      206      774      108      138      187      211      694      290      384      312      282      624      604      671      431      367      256      656      586      414      261      425      516      122      166      570      314      789      300      650      420      551      352      656      679      757      0        
;

