
sets
i        orders          /0*40/
k        routes          /1*40/
p        positions       /0*40/
;

alias(i,j)
alias(i,h)
alias(i,hh)
alias(i,jj)
alias(k,kk)
                
                    Parameters

rho(i)	Processing time
/
0	0
1	77
2	29
3	60
4	24
5	33
6	59
7	20
8	88
9	24
10	38
11	40
12	67
13	16
14	19
15	96
16	73
17	44
18	95
19	51
20	39
21	87
22	3
23	57
24	48
25	85
26	97
27	26
28	61
29	33
30	21
31	30
32	38
33	62
34	26
35	20
36	83
37	35
38	99
39	90
40	96
/

gamma(i)	Duedate
/
0	0
1	90
2	39
3	71
4	14
5	50
6	45
7	87
8	29
9	46
10	67
11	56
12	69
13	1
14	4
15	3
16	94
17	47
18	12
19	38
20	81
21	31
22	57
23	24
24	27
25	16
26	22
27	81
28	79
29	21
30	87
31	51
32	6
33	46
34	57
35	27
36	96
37	93
38	92
39	35
40	76
/

sigma(i)	Size
/
0	0
1	1
2	5
3	1
4	2
5	1
6	1
7	7
8	2
9	3
10	3
11	8
12	7
13	9
14	5
15	6
16	6
17	3
18	7
19	3
20	9
21	6
22	6
23	8
24	4
25	2
26	2
27	3
28	7
29	3
30	5
31	6
32	3
33	5
34	4
35	6
36	8
37	3
38	4
39	7
40	6
/

epsilon(i)	Priority
/
0	0
1	7
2	1
3	5
4	5
5	7
6	1
7	1
8	7
9	6
10	1
11	2
12	4
13	1
14	2
15	6
16	4
17	2
18	9
19	5
20	6
21	3
22	8
23	2
24	2
25	3
26	3
27	2
28	4
29	5
30	1
31	5
32	1
33	4
34	6
35	6
36	5
37	8
38	4
39	5
40	6
/

psi	Vehicle Capacity
/ 18 /
;

Table kappa(i,j)                 Setup
         0        1        2        3        4        5        6        7        8        9        10       11       12       13       14       15       16       17       18       19       20       21       22       23       24       25       26       27       28       29       30       31       32       33       34       35       36       37       38       39       40       
0        0        245      635      182      638      60       610      444      588      561      181      80       708      218      309      473      504      662      529      526      648      420      199      450      194      314      193      567      217      455      188      565      20       226      505      630      393      267      294      277      171      
1        245      0        539      294      462      238      367      452      503      316      353      306      559      172      323      235      435      447      317      282      520      269      261      363      198      500      207      372      74       242      351      365      261      45       314      390      284      166      226      166      352      
2        635      539      0        484      225      676      524      261      49       540      812      713      160      425      856      625      133      367      352      592      84       275      772      186      441      603      727      290      610      693      817      804      655      505      781      691      816      391      766      705      804      
3        182      294      484      0        539      240      603      267      435      567      360      249      584      149      481      525      350      599      475      556      513      329      373      311      109      212      353      490      312      536      368      658      197      252      605      673      532      199      441      404      348      
4        638      462      225      539      0        663      317      411      238      347      796      717      119      422      784      464      268      142      173      413      145      218      722      250      454      713      669      100      537      543      797      636      659      446      627      494      702      371      677      614      791      
5        60       238      676      240      663      0        605      498      631      552      136      70       740      253      249      451      549      674      541      511      684      447      139      491      236      371      139      585      192      424      140      527      53       229      466      608      342      296      242      233      129      
6        610      367      524      603      317      605      0        614      519      61       712      674      435      453      619      210      506      193      178      135      455      327      600      448      493      813      544      234      421      292      708      348      627      384      358      179      486      405      504      450      713      
7        444      452      261      267      411      498      614      0        214      603      625      515      403      286      722      628      146      525      442      627      321      287      621      171      278      344      589      415      504      671      633      796      462      407      755      743      733      287      657      606      614      
8        588      503      49       435      238      631      519      214      0        530      767      667      195      381      816      604      85       376      343      577      113      245      730      143      395      555      687      287      572      669      772      783      608      467      756      681      783      350      729      669      758      
9        561      316      540      567      347      552      61       603      530      0        655      622      466      418      558      150      507      238      188      76       477      317      542      443      457      779      486      255      365      233      651      297      577      337      302      151      425      372      444      389      657      
10       181      353      812      360      796      136      712      625      767      655      0        112      876      389      206      535      684      799      667      603      820      582      129      627      371      441      175      715      291      490      12       572      163      355      510      687      355      432      262      286      15       
11       80       306      713      249      717      70       674      515      667      622      112      0        788      298      282      521      583      736      603      581      728      499      177      530      274      337      195      644      263      493      122      593      59       295      531      678      399      346      298      298      99       
12       708      559      160      584      119      740      435      403      195      466      876      788      0        489      883      581      258      250      290      532      82       295      814      274      516      734      763      217      633      660      878      755      729      536      744      613      812      443      780      718      869      
13       218      172      425      149      422      253      453      286      381      418      389      298      489      0        444      386      301      462      333      411      431      204      351      239      39       360      311      359      218      409      393      534      239      126      486      528      447      54       372      320      382      
14       309      323      856      481      784      249      619      722      816      558      206      282      883      444      0        415      742      749      627      492      843      592      110      674      444      617      133      689      249      348      194      398      301      351      340      549      169      467      114      173      219      
15       473      235      625      525      464      451      210      628      604      150      535      521      581      386      415      0        562      378      291      77       576      364      414      491      420      734      360      364      259      84       529      178      485      273      162      157      275      355      302      255      539      
16       504      435      133      350      268      549      506      146      85       507      684      583      258      301      742      562      0        391      328      544      178      198      652      73       313      477      611      287      501      620      689      739      524      397      707      655      719      275      659      601      675      
17       662      447      367      599      142      674      193      525      376      238      799      736      250      462      749      378      391      0        132      312      288      271      706      354      499      793      651      112      517      462      798      536      681      445      537      372      641      407      637      576      797      
18       529      317      352      475      173      541      178      442      343      188      667      603      290      333      627      291      328      132      0        244      291      161      578      272      372      676      522      72       388      370      666      465      548      312      453      339      533      279      517      454      664      
19       526      282      592      556      413      511      135      627      577      76       603      581      532      411      492      77       544      312      244      0        535      348      485      476      448      768      430      316      319      157      598      224      541      312      225      118      352      372      378      328      607      
20       648      520      84       513      145      684      455      321      113      477      820      728      82       431      843      576      178      288      291      535      0        251      767      202      454      655      719      223      594      649      824      754      668      492      736      628      787      389      746      684      813      
21       420      269      275      329      218      447      327      287      245      317      582      499      295      204      592      364      198      271      161      348      251      0        518      128      237      521      468      161      342      424      584      541      441      242      512      461      541      153      495      433      576      
22       199      261      772      373      722      139      600      621      730      542      129      177      814      351      110      414      652      706      578      485      767      518      0        587      346      507      56       634      189      363      120      443      191      277      381      562      229      381      133      160      137      
23       450      363      186      311      250      491      448      171      143      443      627      530      274      239      674      491      73       354      272      476      202      128      587      0        256      465      544      243      431      547      631      667      470      326      634      589      646      207      588      529      619      
24       194      198      441      109      454      236      493      278      395      457      371      274      516      39       444      420      313      499      372      448      454      237      346      256      0        321      311      395      234      439      376      563      214      153      513      565      463      92       381      334      362      
25       314      500      603      212      713      371      813      344      555      779      441      337      734      360      617      734      477      793      676      768      655      521      507      465      321      0        508      681      505      739      452      858      317      461      802      884      706      408      608      584      426      
26       193      207      727      353      669      139      544      589      687      486      175      195      763      311      133      360      611      651      522      430      719      468      56       544      311      508      0        579      134      314      169      403      192      226      340      512      204      336      103      111      181      
27       567      372      290      490      100      585      234      415      287      255      715      644      217      359      689      364      287      112      72       316      223      161      634      243      395      681      579      0        446      443      715      538      587      361      526      405      602      305      581      518      711      
28       217      74       610      312      537      192      421      504      572      365      291      263      633      218      249      259      501      517      388      319      594      342      189      431      234      505      134      446      0        239      287      354      228      104      296      416      229      227      157      101      292      
29       455      242      693      536      543      424      292      671      669      233      490      493      660      409      348      84       620      462      370      157      649      424      363      547      439      739      314      443      239      0        482      125      465      285      87       201      196      388      240      203      496      
30       188      351      817      368      797      140      708      633      772      651      12       122      878      393      194      529      689      798      666      598      824      584      120      631      376      452      169      715      287      482      0        563      170      354      501      681      345      435      253      279      27       
31       565      365      804      658      636      527      348      796      783      297      572      593      755      534      398      178      739      536      465      224      754      541      443      667      563      858      403      538      354      125      563      0        572      410      62       194      229      513      309      295      580      
32       20       261      655      197      659      53       627      462      608      577      163      59       729      239      301      485      524      681      548      541      668      441      191      470      214      317      192      587      228      465      170      572      0        243      512      643      394      288      294      281      152      
33       226      45       505      252      446      229      384      407      467      337      355      295      536      126      351      273      397      445      312      312      492      242      277      326      153      461      226      361      104      285      354      410      243      0        360      424      327      124      262      204      352      
34       505      314      781      605      627      466      358      755      756      302      510      531      744      486      340      162      707      537      453      225      736      512      381      634      513      802      340      526      296      87       501      62       512      360      0        227      171      470      248      233      518      
35       630      390      691      673      494      608      179      743      681      151      687      678      613      528      549      157      655      372      339      118      628      461      562      589      565      884      512      405      416      201      681      194      643      424      227      0        389      491      441      402      692      
36       393      284      816      532      702      342      486      733      783      425      355      399      812      447      169      275      719      641      533      352      787      541      229      646      463      706      204      602      229      196      345      229      394      327      171      389      0        451      101      129      366      
37       267      166      391      199      371      296      405      287      350      372      432      346      443      54       467      355      275      407      279      372      389      153      381      207      92       408      336      305      227      388      435      513      288      124      470      491      451      0        384      328      426      
38       294      226      766      441      677      242      504      657      729      444      262      298      780      372      114      302      659      637      517      378      746      495      133      588      381      608      103      581      157      240      253      309      294      262      248      441      101      384      0        62       271      
39       277      166      705      404      614      233      450      606      669      389      286      298      718      320      173      255      601      576      454      328      684      433      160      529      334      584      111      518      101      203      279      295      281      204      233      402      129      328      62       0        292      
40       171      352      804      348      791      129      713      614      758      657      15       99       869      382      219      539      675      797      664      607      813      576      137      619      362      426      181      711      292      496      27       580      152      352      518      692      366      426      271      292      0        
;



Table delta(i,j)                 Distance
         0        1        2        3        4        5        6        7        8        9        10       11       12       13       14       15       16       17       18       19       20       21       22       23       24       25       26       27       28       29       30       31       32       33       34       35       36       37       38       39       40       
0        0        5790     5820     2580     11610    15000    5520     17340    2910     3330     11640    15240    6810     5220     11070    5880     18270    16800    14580    4260     4590     14610    20310    9120     10170    10380    10290    18990    2400     12030    8340     12300    7020     15450    20640    12840    14040    4140     12840    12300    13200    
1        5790     0        59       230      339      522      13       426      134      235      270      316      340      139      279      340      478      450      381      309      344      302      541      240      163      317      221      478      258      353      387      247      334      356      508      236      278      328      268      436      282      
2        5820     59       0        250      280      576      50       476      163      205      221      320      298      86       224      307      436      402      439      325      333      337      502      181      145      258      172      447      243      412      342      297      290      326      545      264      307      317      317      488      332      
3        2580     230      250      0        471      420      225      557      98       194      461      544      303      251      447      263      681      637      446      79       178      495      748      384      390      431      413      697      144      343      353      403      313      577      686      446      483      168      418      330      429      
4        11610    339      280      471      0        851      331      715      417      304      144      428      283      226      88       337      283      208      710      526      447      539      350      99       277      47       158      356      374      693      287      544      260      288      730      460      498      434      564      762      578      
5        15000    522      576      420      851      0        527      488      438      612      791      722      723      626      801      680      989      970      325      419      572      578      1046     754      662      820      743      967      563      209      773      467      733      848      670      588      598      569      463      90       461      
6        5520     13       50       225      331      527      0        439      130      222      266      324      327      127      273      328      477      447      392      303      333      315      540      232      166      308      217      479      246      361      374      260      321      357      521      248      290      317      281      440      295      
7        17340    426      476      557      715      488      439      0        481      654      588      361      765      563      631      759      703      725      164      621      726      192      737      626      439      710      558      637      657      301      813      179      761      549      182      262      234      713      158      460      144      
8        2910     134      163      98       417      438      130      481      0        194      383      446      313      190      378      290      600      563      390      177      245      402      666      323      297      383      334      608      177      313      365      317      317      487      598      350      387      232      334      347      346      
9        3330     235      205      194      304      612      222      654      194      0        341      522      119      139      307      105      556      496      580      229      150      537      625      238      338      258      303      597      70       507      170      478      124      488      744      468      511      135      498      521      511      
10       11640    270      221      461      144      791      266      588      383      341      0        284      369      215      58       410      220      181      605      530      492      405      288      112      152      166      48       256      405      611      389      426      349      158      589      327      362      476      445      706      459      
11       15240    316      320      544      428      722      324      361      446      522      284      0        597      386      341      619      343      376      444      623      653      173      375      370      186      444      278      276      563      514      631      261      582      193      313      134      135      637      270      655      278      
12       6810     340      298      303      283      723      327      765      313      119      369      597      0        215      320      60       562      491      698      320      191      636      630      256      410      236      342      621      160      626      51       587      23       526      843      562      605      183      608      634      622      
13       5220     139      86       251      226      626      127      563      190      139      215      386      215      0        195      232      435      386      519      315      284      422      504      134      200      194      171      465      194      479      257      383      205      352      629      347      390      268      404      536      418      
14       11070    279      224      447      88       801      273      631      378      307      58       341      320      195      0        366      248      191      636      511      457      452      318      68       192      107      73       300      375      630      336      464      299      213      642      374      411      443      484      713      498      
15       5880     340      307      263      337      680      328      759      290      105      410      619      60       232      366      0        611      543      679      269      132      642      680      299      432      289      379      665      119      597      97       583      82       564      849      572      615      126      603      592      617      
16       18270    478      436      681      283      989      477      703      600      556      220      343      562      435      248      611      0        82       761      750      706      511      69       317      327      328      267      103      622      796      569      573      540      154      646      450      469      691      589      907      600      
17       16800    450      402      637      208      970      447      725      563      496      181      376      491      386      191      543      82       0        766      702      645      533      143      258      315      255      229      179      565      786      495      580      468      184      687      464      490      631      598      886      610      
18       14580    381      439      446      710      325      392      164      390      580      605      444      698      519      636      679      761      766      0        498      623      277      807      613      454      695      565      714      567      141      749      188      698      608      344      315      308      611      174      296      165      
19       4260     309      325      79       526      419      303      621      177      229      530      623      320      315      511      269      750      702      498      0        153      571      818      445      467      483      483      771      163      382      366      475      335      652      758      524      560      150      489      335      499      
20       4590     344      333      178      447      572      333      726      245      150      492      653      191      284      457      132      706      645      623      153      0        641      776      389      475      400      452      747      90       520      228      562      211      636      841      580      621      16       580      487      592      
21       14610    302      337      495      539      578      315      192      402      537      405      173      636      422      452      642      511      533      277      571      641      0        547      458      262      541      380      449      558      368      679      114      627      357      207      79       43       625      114      522      117      
22       20310    541      502      748      350      1046     540      737      666      625      288      375      630      504      318      680      69       143      807      818      776      547      0        387      385      396      335      102      692      850      637      618      608      200      664      492      507      761      633      966      643      
23       9120     240      181      384      99       754      232      626      323      238      112      370      256      134      68       299      317      258      613      445      389      458      387      0        197      83       93       366      306      594      277      452      236      270      656      378      419      374      472      665      487      
24       10170    163      145      390      277      662      166      439      297      338      152      186      410      200      192      432      327      315      454      467      475      262      385      197      0        279      119      315      384      471      445      274      396      193      459      182      222      459      293      581      307      
25       10380    317      258      431      47       820      308      710      383      258      166      444      236      194      107      289      328      255      695      483      400      541      396      83       279      0        166      396      329      669      241      536      213      319      737      461      501      387      556      730      571      
26       10290    221      172      413      158      743      217      558      334      303      48       278      342      171      73       379      267      229      565      483      452      380      335      93       119      166      0        294      364      566      368      391      324      186      572      301      339      437      411      658      425      
27       18990    478      447      697      356      967      479      637      608      597      256      276      621      465      300      665      103      179      714      771      747      449      102      366      315      396      294      0        659      765      636      526      600      122      561      398      410      731      539      890      549      
28       2400     258      243      144      374      563      246      657      177      70       405      563      160      194      375      119      622      565      567      163      90       558      692      306      384      329      364      659      0        479      209      487      173      546      762      495      536      74       505      474      518      
29       12030    353      412      343      693      209      361      301      313      507      611      514      626      479      630      597      796      786      141      382      520      368      850      594      471      669      566      765      479      0        677      257      630      650      478      379      388      511      253      160      252      
30       8340     387      342      353      287      773      374      813      365      170      389      631      51       257      336      97       569      495      749      366      228      679      637      277      445      241      368      636      209      677      0        635      52       547      886      604      647      223      655      684      669      
31       12300    247      297      403      544      467      260      179      317      478      426      261      587      383      464      583      573      580      188      475      562      114      618      452      274      536      391      526      487      257      635      0        582      420      283      128      131      548      20       408      35       
32       7020     334      290      313      260      733      321      761      317      124      349      582      23       205      299      82       540      468      698      335      211      627      608      236      396      213      324      600      173      630      52       582      0        506      834      552      595      202      602      643      616      
33       15450    356      326      577      288      848      357      549      487      488      158      193      526      352      213      564      154      184      608      652      636      357      200      270      193      319      186      122      546      650      547      420      506      0        503      295      315      620      435      770      446      
34       20640    508      545      686      730      670      521      182      598      744      589      313      843      629      642      849      646      687      344      758      841      207      664      656      459      737      572      561      762      478      886      283      834      503      0        283      240      827      269      638      259      
35       12840    236      264      446      460      588      248      262      350      468      327      134      562      347      374      572      450      464      315      524      580      79       492      378      182      461      301      398      495      379      604      128      552      295      283      0        43       564      140      522      150      
36       14040    278      307      483      498      598      290      234      387      511      362      135      605      390      411      615      469      490      308      560      621      43       507      419      222      501      339      410      536      388      647      131      595      315      240      43       0        605      137      537      144      
37       4140     328      317      168      434      569      317      713      232      135      476      637      183      268      443      126      691      631      611      150      16       625      761      374      459      387      437      731      74       511      223      548      202      620      827      564      605      0        565      483      578      
38       12840    268      317      418      564      463      281      158      334      498      445      270      608      404      484      603      589      598      174      489      580      114      633      472      293      556      411      539      505      253      655      20       602      435      269      140      137      565      0        407      14       
39       12300    436      488      330      762      90       440      460      347      521      706      655      634      536      713      592      907      886      296      335      487      522      966      665      581      730      658      890      474      160      684      408      643      770      638      522      537      483      407      0        408      
40       13200    282      332      429      578      461      295      144      346      511      459      278      622      418      498      617      600      610      165      499      592      117      643      487      307      571      425      549      518      252      669      35       616      446      259      150      144      578      14       408      0        
;

