
sets
i        orders          /0*20/
k        routes          /1*20/
p        positions       /0*20/
;

alias(i,j)
alias(i,h)
alias(i,hh)
alias(i,jj)
alias(k,kk)
                
                    Parameters

rho(i)	Processing time
/
0	0
1	98
2	25
3	21
4	59
5	81
6	41
7	37
8	22
9	45
10	18
11	80
12	41
13	88
14	73
15	62
16	68
17	75
18	5
19	73
20	78
/

gamma(i)	Duedate
/
0	0
1	61
2	14
3	17
4	15
5	24
6	43
7	15
8	98
9	3
10	84
11	74
12	74
13	67
14	66
15	2
16	85
17	50
18	52
19	51
20	99
/

sigma(i)	Size
/
0	0
1	3
2	5
3	2
4	4
5	7
6	9
7	7
8	9
9	8
10	3
11	9
12	5
13	9
14	2
15	4
16	6
17	7
18	9
19	4
20	4
/

epsilon(i)	Priority
/
0	0
1	9
2	4
3	8
4	6
5	8
6	2
7	3
8	2
9	9
10	5
11	7
12	3
13	3
14	9
15	8
16	8
17	3
18	3
19	5
20	8
/

psi	Vehicle Capacity
/ 19 /
;

Table kappa(i,j)                 Setup
         0        1        2        3        4        5        6        7        8        9        10       11       12       13       14       15       16       17       18       19       20       
0        0        206      456      546      327      414      555      594      637      376      298      529      384      301      564      284      454      578      230      127      323      
1        206      0        293      348      219      311      406      406      431      183      137      323      180      189      436      134      401      401      55       232      329      
2        456      293      0        164      152      141      116      159      333      313      161      241      261      439      165      373      260      126      324      399      319      
3        546      348      164      0        299      305      218      84       172      271      259      105      221      429      288      370      423      125      353      520      477      
4        327      219      152      299      0        94       231      311      452      328      99       345      289      403      236      340      189      277      268      251      181      
5        414      311      141      305      94       0        167      291      473      401      182      376      356      491      152      427      122      244      359      324      191      
6        555      406      116      218      231      167      0        162      386      424      271      318      371      555      71       490      249      105      439      481      358      
7        594      406      159      84       311      291      162      0        231      352      297      188      300      507      233      446      398      57       420      552      477      
8        637      431      333      172      452      473      386      231      0        283      388      112      256      437      458      397      593      286      414      641      633      
9        376      183      313      271      328      401      424      352      283      0        230      197      53       161      478      114      515      374      145      415      484      
10       298      137      161      259      99       182      271      297      388      230      0        276      193      309      299      245      288      280      178      261      261      
11       529      323      241      105      345      376      318      188      112      197      276      0        158      358      386      308      498      231      313      529      526      
12       384      180      261      221      289      356      371      300      256      53       193      158      0        207      426      151      473      320      158      406      454      
13       301      189      439      429      403      491      555      507      437      161      309      358      207      0        599      66       589      521      135      385      517      
14       564      436      165      288      236      152      71       233      458      478      299      386      426      599      0        533      199      176      476      476      328      
15       284      134      373      370      340      427      490      446      397      114      245      308      151      66       533      0        528      458      79       350      464      
16       454      401      260      423      189      122      249      398      593      515      288      498      473      589      199      528      0        345      453      340      151      
17       578      401      126      125      277      244      105      57       286      374      280      231      320      521      176      458      345      0        423      525      434      
18       230      55       324      353      268      359      439      420      414      145      178      313      158      135      476      79       453      423      0        277      385      
19       127      232      399      520      251      324      481      552      641      415      261      529      406      385      476      350      340      525      277      0        200      
20       323      329      319      477      181      191      358      477      633      484      261      526      454      517      328      464      151      434      385      200      0        
;



Table delta(i,j)                 Distance
         0        1        2        3        4        5        6        7        8        9        10       11       12       13       14       15       16       17       18       19       20       
0        0        95       20       190      91       48       99       134      137      84       52       220      195      164      137      136      49       19       169      120      145      
1        95       0        76       146      42       97       146      78       193      124      101      185      156      152      46       161      105      75       114      127      50       
2        20       76       0        181      76       43       108      122      149      90       48       214      188      161      119      140      56       3        158      119      125      
3        190      146      181      0        112      222      143      68       172      134      226      39       12       56       118      116      154      178      35       90       155      
4        91       42       76       112      0        112      111      47       157      89       117      149      121      110      54       121      80       74       84       85       80       
5        48       97       43       222      112      0        147      159      185      131      5        256      229      204      143      182      96       46       196      162      139      
6        99       146      108      143      111      147      0        124      46       21       151      159      142      94       163      41       52       105      142      53       191      
7        134      78       122      68       47       159      124      0        166      107      164      107      78       84       56       118      112      119      37       80       93       
8        137      193      149      172      157      185      46       166      0        68       189      178      168      117      209      55       94       146      178      87       237      
9        84       124      90       134      89       131      21       107      68       0        135      154      135      91       143      51       35       87       128      45       169      
10       52       101      48       226      117      5        151      164      189      135      0        261      234      209      148      187      100      51       201      167      142      
11       220      185      214      39       149      256      159      107      178      154      261      0        28       64       158      124      180      211      74       109      195      
12       195      156      188      12       121      229      142      78       168      135      234      28       0        51       129      113      157      185      47       90       167      
13       164      152      161      56       110      204      94       84       117      91       209      64       51       0        140      62       120      158      73       46       177      
14       137      46       119      118      54       143      163      56       209      143      148      158      129      140      0        167      134      118      83       129      38       
15       136      161      140      116      121      182      41       118      55       51       187      124      113      62       167      0        86       137      124      38       200      
16       49       105      56       154      80       96       52       112      94       35       100      180      157      120      134      86       0        53       140      74       154      
17       19       75       3        178      74       46       105      119      146      87       51       211      185      158      118      137      53       0        155      116      125      
18       169      114      158      35       84       196      142      37       178      128      201      74       47       73       83       124      140      155      0        90       120      
19       120      127      119      90       85       162      53       80       87       45       167      109      90       46       129      38       74       116      90       0        163      
20       145      50       125      155      80       139      191      93       237      169      142      195      167      177      38       200      154      125      120      163      0        
;

