
sets
i        orders          /0*20/
k        routes          /1*20/
p        positions       /0*20/
;

alias(i,j)
alias(i,h)
alias(i,hh)
alias(i,jj)
alias(k,kk)
                
                    Parameters

rho(i)	Processing time
/
0	0
1	19
2	30
3	25
4	15
5	22
6	23
7	30
8	17
9	65
10	50
11	89
12	61
13	69
14	63
15	27
16	76
17	33
18	82
19	46
20	53
/

gamma(i)	Duedate
/
0	0
1	45
2	8
3	73
4	43
5	84
6	52
7	44
8	66
9	59
10	81
11	52
12	99
13	58
14	13
15	77
16	75
17	31
18	84
19	58
20	98
/

sigma(i)	Size
/
0	0
1	1
2	6
3	4
4	9
5	7
6	9
7	6
8	1
9	5
10	6
11	6
12	3
13	1
14	4
15	6
16	1
17	3
18	1
19	7
20	6
/

epsilon(i)	Priority
/
0	0
1	5
2	7
3	9
4	3
5	4
6	2
7	3
8	2
9	2
10	3
11	1
12	4
13	3
14	4
15	2
16	2
17	1
18	8
19	6
20	4
/

psi	Vehicle Capacity
/ 10 /
;

Table kappa(i,j)                 Setup
         0        1        2        3        4        5        6        7        8        9        10       11       12       13       14       15       16       17       18       19       20       
0        0        442      35       275      208      467      344      158      257      283      29       66       334      430      172      421      227      286      233      292      375      
1        442      0        466      202      372      345      391      285      433      296      423      427      368      151      514      375      659      222      240      351      363      
2        35       466      0        306      201      466      336      181      291      285      65       100      328      444      141      416      196      319      247      327      370      
3        275      202      306      0        301      422      388      147      234      279      250      242      367      276      398      418      502      36       178      165      385      
4        208      372      201      301      0        267      136      163      419      100      218      255      127      292      157      215      338      332      137      411      169      
5        467      345      466      422      267      0        154      356      622      185      469      501      149      194      410      70       598      458      269      579      106      
6        344      391      336      388      136      154      0        276      544      109      354      391      23       265      259      88       447      423      211      523      48       
7        158      285      181      147      163      356      276      0        270      177      144      160      257      278      251      329      375      173      89       249      287      
8        257      433      291      234      419      622      544      270      0        448      230      191      527      504      430      600      439      210      353      94       558      
9        283      296      285      279      100      185      109      177      448      0        284      316      87       196      257      151      437      314      102      419      110      
10       29       423      65       250      218      469      354      144      230      284      0        41       342      421      199      427      253      259      224      262      382      
11       66       427      100      242      255      501      391      160      191      316      41       0        378      439      239      462      272      246      246      231      417      
12       334      368      328      367      127      149      23       257      527      87       342      378      0        244      261      88       449      402      189      504      43       
13       430      151      444      276      292      194      265      278      504      196      421      439      244      0        449      231      620      308      197      441      228      
14       172      514      141      398      157      410      259      251      430      257      199      239      261      449      0        347      188      419      274      456      304      
15       421      375      416      418      215      70       88       329      600      151      427      462      88       231      347      0        535      454      249      567      46       
16       227      659      196      502      338      598      447      375      439      437      253      272      449      620      188      535      0        512      429      500      492      
17       286      222      319      36       332      458      423      173      210      314      259      246      402      308      419      454      512      0        212      133      421      
18       233      240      247      178      137      269      211      89       353      102      224      246      189      197      274      249      429      212      0        318      211      
19       292      351      327      165      411      579      523      249      94       419      262      231      504      441      456      567      500      133      318      0        529      
20       375      363      370      385      169      106      48       287      558      110      382      417      43       228      304      46       492      421      211      529      0        
;



Table delta(i,j)                 Distance
         0        1        2        3        4        5        6        7        8        9        10       11       12       13       14       15       16       17       18       19       20       
0        0        113      99       151      100      152      115      53       39       96       71       53       90       72       159      41       141      56       46       205      61       
1        113      0        45       75       40       125      25       120      76       21       94       60       106      151      76       120      137      135      83       132      108      
2        99       45       0        53       5        84       26       126      59       52       55       61       63       156      121      121      93       102      57       110      119      
3        151      75       53       0        53       65       52       179      112      93       93       113      90       210      143      174      89       143      106      58       171      
4        100      40       5        53       0        88       21       125      60       48       59       60       68       156      116      121      97       106      59       112      118      
5        152      125      84       65       88       0        101      196      122      136      80       137      64       222      200      187      29       121      108      75       193      
6        115      25       26       52       21       101      0        133      76       41       81       68       89       164      99       130      115      126      78       110      123      
7        53       120      126      179      125      196      133      0        73       99       118      65       138      31       139      13       189      109      88       237      17       
8        39       76       59       112      60       122      76       73       0        63       47       26       67       101      134      65       116      63       17       167      72       
9        96       21       52       93       48       136      41       99       63       0        91       43       106      130      74       99       144      126      74       151      86       
10       71       94       55       93       59       80       81       118      47       91       0        69       20       143      166      108      70       50       30       139      118      
11       53       60       61       113      60       137      68       65       26       43       69       0        88       96       109      62       136      89       42       172      58       
12       90       106      63       90       68       64       89       138      67       106      20       88       0        162      180      128      50       58       50       129      139      
13       72       151      156      210      156      222      164      31       101      130      143      96       162      0        165      35       213      125      114      267      44       
14       159      76       121      143      116      200      99       139      134      74       166      109      180      165      0        146      213      198      147      193      122      
15       41       120      121      174      121      187      130      13       65       99       108      62       128      35       146      0        178      96       79       232      27       
16       141      137      93       89       97       29       115      189      116      144      70       136      50       213      213      178      0        101      100      104      189      
17       56       135      102      143      106      121      126      109      63       126      50       89       58       125      198      96       101      0        51       187      117      
18       46       83       57       106      59       108      78       88       17       74       30       42       50       114      147      79       100      51       0        159      88       
19       205      132      110      58       112      75       110      237      167      151      139      172      129      267      193      232      104      187      159      0        230      
20       61       108      119      171      118      193      123      17       72       86       118      58       139      44       122      27       189      117      88       230      0        
;

