
sets
i        orders          /0*80/
k        routes          /1*80/
p        positions       /0*80/
;

alias(i,j)
alias(i,h)
alias(i,hh)
alias(i,jj)
alias(k,kk)
                
                    Parameters

rho(i)	Processing time
/
0	0
1	9
2	13
3	75
4	6
5	85
6	85
7	5
8	34
9	96
10	9
11	17
12	35
13	95
14	58
15	77
16	62
17	38
18	28
19	21
20	23
21	51
22	87
23	38
24	3
25	40
26	87
27	64
28	26
29	78
30	11
31	99
32	5
33	23
34	21
35	75
36	10
37	96
38	37
39	92
40	53
41	89
42	78
43	67
44	23
45	81
46	3
47	87
48	44
49	83
50	7
51	4
52	53
53	11
54	31
55	72
56	13
57	71
58	15
59	36
60	79
61	64
62	92
63	23
64	57
65	62
66	72
67	61
68	31
69	80
70	97
71	28
72	57
73	88
74	64
75	72
76	96
77	82
78	7
79	98
80	6
/

gamma(i)	Duedate
/
0	0
1	33
2	96
3	69
4	69
5	1
6	39
7	62
8	6
9	41
10	91
11	90
12	28
13	12
14	43
15	49
16	54
17	63
18	99
19	53
20	18
21	68
22	96
23	93
24	65
25	6
26	5
27	75
28	53
29	83
30	99
31	18
32	90
33	80
34	71
35	60
36	27
37	77
38	35
39	38
40	62
41	59
42	79
43	10
44	60
45	16
46	13
47	77
48	36
49	82
50	33
51	62
52	29
53	74
54	62
55	4
56	68
57	48
58	38
59	10
60	59
61	24
62	48
63	19
64	2
65	38
66	17
67	38
68	22
69	51
70	5
71	57
72	71
73	75
74	29
75	48
76	69
77	82
78	72
79	22
80	64
/

sigma(i)	Size
/
0	0
1	3
2	4
3	4
4	1
5	8
6	6
7	9
8	3
9	9
10	4
11	8
12	9
13	6
14	4
15	4
16	8
17	6
18	2
19	4
20	1
21	8
22	1
23	7
24	2
25	6
26	1
27	9
28	8
29	8
30	8
31	7
32	4
33	4
34	5
35	9
36	7
37	5
38	5
39	7
40	6
41	7
42	5
43	8
44	1
45	5
46	9
47	4
48	6
49	5
50	5
51	5
52	9
53	9
54	1
55	5
56	9
57	8
58	4
59	2
60	7
61	4
62	9
63	9
64	4
65	6
66	9
67	6
68	9
69	8
70	1
71	2
72	5
73	5
74	4
75	5
76	9
77	3
78	3
79	2
80	1
/

epsilon(i)	Priority
/
0	0
1	6
2	6
3	2
4	8
5	9
6	2
7	4
8	5
9	1
10	9
11	5
12	4
13	4
14	4
15	6
16	2
17	4
18	1
19	9
20	7
21	7
22	1
23	5
24	2
25	5
26	4
27	3
28	7
29	6
30	4
31	4
32	2
33	9
34	7
35	4
36	5
37	7
38	2
39	5
40	4
41	1
42	8
43	1
44	8
45	1
46	7
47	2
48	7
49	2
50	2
51	6
52	8
53	1
54	8
55	5
56	4
57	3
58	2
59	1
60	4
61	2
62	4
63	9
64	7
65	6
66	3
67	4
68	5
69	3
70	1
71	4
72	6
73	1
74	3
75	5
76	2
77	9
78	1
79	4
80	2
/

psi	Vehicle Capacity
/ 41 /
;

Table kappa(i,j)                 Setup
         0        1        2        3        4        5        6        7        8        9        10       11       12       13       14       15       16       17       18       19       20       21       22       23       24       25       26       27       28       29       30       31       32       33       34       35       36       37       38       39       40       41       42       43       44       45       46       47       48       49       50       51       52       53       54       55       56       57       58       59       60       61       62       63       64       65       66       67       68       69       70       71       72       73       74       75       76       77       78       79       80       
0        0        497      630      522      1050     387      669      785      461      1165     976      597      443      46       875      1166     872      1034     367      549      588      810      341      1203     693      471      472      650      1290     578      1012     379      533      948      743      813      356      499      1143     417      1034     1118     468      993      295      913      890      571      669      471      1182     607      925      437      877      513      735      412      825      481      720      1028     348      921      181      407      1024     458      670      717      597      473      341      368      604      526      377      758      486      224      471      
1        497      0        422      950      778      167      559      936      777      1578     805      645      859      508      1082     1441     1216     1210     191      1026     1064     1299     387      1536     1144     707      858      1124     1571     1006     1287     838      607      1445     448      910      839      888      1427     867      1010     1543     953      1095     614      1395     563      581      1161     163      1412     987      1257     302      1226     323      1218     279      1111     924      705      1107     799      1087     319      743      739      799      1167     731      780      50       615      860      1075     413      296      1227     81       317      924      
2        630      422      0        1153     421      540      151      603      1055     1399     391      315      769      668      764      1141     992      862      554      998      1201     1281     732      1276     1054     502      1095     1264     1268     901      997      808      317      1494     134      549      972      1123     1133     819      594      1380     954      717      527      1347     274      969      1163     577      1082     831      1018     695      1006     125      1183     228      849      1110     316      718      978      743      486      609      394      651      1215     352      504      465      489      969      1027     817      666      1161     342      415      868      
3        522      950      1153     0        1573     794      1185     1198     253      1216     1491     1085     690      485      1236     1423     1090     1397     769      577      203      670      606      1385     754      897      121      232      1526     740      1290     572      1021     634      1264     1253     229      102      1393     609      1508     1150     503      1411     731      794      1410     643      552      853      1484     843      1149     739      1087     1035     663      933      1123     55       1213     1455     177      1306     682      776      1547     800      452      1202     1025     911      787      272      634      740      700      739      967      742      623      
4        1050     778      421      1573     0        927      410      764      1476     1640     204      585      1121     1089     915      1266     1223     943      945      1362     1611     1636     1135     1442     1382     824      1517     1674     1378     1233     1152     1183     628      1873     334      673      1385     1545     1269     1185     517      1638     1332     758      908      1685     223      1357     1533     941      1168     1136     1230     1077     1239     544      1534     648      1057     1530     485      730      1397     854      907      956      43       984      1600     523      766      827      859      1378     1380     1191     1059     1496     710      837      1228     
5        387      167      540      794      927      0        658      975      611      1529     931      701      799      386      1106     1448     1194     1248     25       935      922      1197     220      1522     1072     707      697      979      1578     944      1292     758      652      1319     593      965      703      727      1431     792      1104     1487     856      1154     578      1301     718      431      1056     85       1435     946      1240     154      1202     423      1123     343      1109     772      785      1173     652      1125     238      711      890      767      1047     803      801      120      594      731      990      277      132      1144     218      277      848      
6        669      559      151      1185     410      658      0        464      1119     1292     307      197      714      712      626      1002     878      715      667      954      1208     1231     831      1147     985      423      1142     1271     1128     833      863      773      225      1463     243      402      986      1168     997      776      451      1279     922      566      498      1285     343      1078     1124     705      938      747      899      811      893      238      1129     319      726      1139     167      567      1008     598      557      550      396      582      1190     204      392      597      449      975      975      936      776      1097     477      480      820      
7        785      936      603      1198     764      975      464      0        1229     878      569      297      535      831      162      538      463      274      973      758      1141     984      1075     689      704      315      1201     1196     664      579      402      644      328      1258     707      96       969      1221     533      621      373      880      771      213      493      998      788      1329     921      1046     482      456      466      1109     479      635      882      657      294      1143     306      257      1035     150      779      421      773      402      1026     264      187      960      444      934      748      1229     1057     819      861      711      636      
8        461      777      1055     253      1476     611      1119     1229     0        1404     1425     1058     782      414      1299     1538     1215     1461     586      741      450      892      399      1531     922      915      132      485      1652     870      1394     673      994      886      1149     1267     359      153      1512     715      1495     1342     655      1442     737      1016     1291     391      761      654      1580     950      1273     524      1215     931      867      827      1215     269      1180     1479     253      1356     569      820      1445     858      681      1178     1044     732      789      414      804      502      496      931      811      642      746      
9        1165     1578     1399     1216     1640     1529     1292     878      1404     0        1447     1095     729      1189     741      522      417      789      1514     664      1038     581      1503     333      486      904      1300     1053     525      587      537      789      1082     813      1525     972      1045     1300     495      748      1212     71       753      957      964      478      1635     1700     667      1615     658      592      412      1602     401      1372     556      1338     583      1170     1163     1007     1151     822      1290     836      1646     781      786      1121     900      1578     968      989      601      1689     1542     477      1527     1266     698      
10       976      805      391      1491     204      931      307      569      1425     1447     0        436      974      1019     715      1062     1032     738      945      1217     1505     1483     1121     1240     1219     675      1449     1567     1173     1073     951      1049     491      1732     369      476      1288     1475     1066     1045     319      1449     1197     554      787      1522     335      1360     1389     964      963      968      1036     1086     1048     513      1379     610      864      1443     317      526      1314     651      859      812      226      832      1467     349      596      850      733      1273     1229     1207     1057     1334     727      783      1083     
11       597      645      315      1085     585      701      197      297      1058     1095     436      0        539      643      454      829      683      568      704      782      1079     1052     832      961      797      240      1059     1140     957      647      683      613      64       1296     433      265      870      1083     820      609      438      1082     761      453      359      1099     540      1088     953      766      779      554      705      845      697      337      949      368      535      1034     129      471      909      445      536      376      579      399      1031     120      195      672      303      849      796      969      799      911      568      461      647      
12       443      859      769      690      1121     799      714      535      782      729      974      539      0        472      549      756      439      708      784      243      609      516      784      767      292      298      720      662      872      147      612      117      492      758      903      608      462      733      730      86       888      688      237      740      255      578      1039     1003     415      885      800      171      496      876      442      704      415      644      436      634      658      789      548      623      561      164      1110     144      501      630      395      853      281      417      260      969      816      392      815      542      109      
13       46       508      668      485      1089     386      712      831      414      1189     1019     643      472      0        919      1204     906      1078     364      559      563      812      314      1237     712      516      430      625      1327     603      1051     400      580      937      778      860      333      457      1181     440      1081     1140     476      1040     340      919      925      534      670      467      1223     639      960      419      911      549      743      447      865      446      766      1074     313      966      202      448      1062     497      662      764      643      481      387      352      617      499      359      771      505      256      491      
14       875      1082     764      1236     915      1106     626      162      1299     741      715      454      549      919      0        376      342      162      1103     739      1154     930      1187     530      648      410      1255     1204     503      550      240      665      477      1213     870      242      1007     1272     370      633      473      752      772      233      580      924      950      1436     889      1181     330      424      330      1233     358      789      831      803      177      1181     468      287      1085     90       896      478      926      442      1005     426      305      1102     539      965      717      1350     1179     758      1009     835      635      
15       1166     1441     1141     1423     1266     1448     1002     538      1538     522      1062     829      756      1204     376      0        333      326      1441     857      1294     941      1499     205      701      741      1469     1331     130      682      156      866      846      1221     1246     609      1205     1480     32       825      775      566      921      513      885      886      1321     1737     957      1528     137      588      275      1563     338      1161     865      1166     342      1368     842      553      1299     415      1223     760      1282     708      1087     801      663      1457     857      1154     810      1673     1506     776      1372     1171     801      
16       872      1216     992      1090     1223     1194     878      463      1215     417      1032     683      439      906      342      333      0        436      1183     523      961      636      1212     331      375      514      1140     999      438      350      222      542      675      922      1116     559      874      1149     303      500      814      416      587      572      615      606      1220     1440     632      1277     415      268      59       1292     16       978      550      957      170      1035     746      625      971      430      958      483      1229     426      761      704      488      1223     603      822      478      1393     1232     464      1156     919      471      
17       1034     1210     862      1397     943      1248     715      274      1461     789      738      568      708      1078     162      326      436      0        1246     889      1310     1059     1339     519      782      565      1417     1359     434      699      252      825      602      1345     953      313      1168     1434     335      792      448      814      926      186      738      1041     1013     1591     1031     1320     227      575      404      1380     451      905      965      931      302      1342     548      227      1247     123      1046     640      961      604      1151     510      450      1234     695      1125     861      1499     1327     886      1134     981      790      
18       367      191      554      769      945      25       667      973      586      1514     945      704      784      364      1103     1441     1183     1246     0        916      897      1176     197      1512     1054     701      672      954      1570     928      1285     740      653      1295     610      966      679      702      1423     775      1111     1471     835      1155     567      1280     738      416      1034     104      1430     933      1230     144      1191     434      1103     350      1101     746      790      1175     627      1123     225      700      908      756      1024     808      798      145      585      708      971      269      114      1125     238      270      830      
19       549      1026     998      577      1362     935      954      758      741      664      1217     782      243      559      739      857      523      889      916      0        437      284      864      807      181      542      644      477      953      190      736      194      734      515      1132     839      383      648      826      179      1122     605      89       953      471      369      1271     1042     171      1020     932      315      581      978      518      921      192      849      591      525      901      1004     488      823      709      406      1351     386      268      873      635      1011     510      327      63       1049     919      211      996      713      134      
20       588      1064     1201     203      1611     922      1208     1141     450      1038     1505     1079     609      563      1154     1294     961      1310     897      437      0        475      759      1234     601      864      319      63       1388     620      1173     497      1019     437      1322     1208     232      304      1263     523      1479     970      384      1349     720      598      1470     833      371      991      1369     738      1019     892      956      1093     482      996      1020     181      1208     1397     271      1232     766      730      1590     740      257      1190     984      1031     775      233      485      912      846      565      1067     812      519      
21       810      1299     1281     670      1636     1197     1231     984      892      581      1483     1052     516      812      930      941      636      1059     1176     284      475      0        1099     830      281      812      772      480      1008     411      857      478      1008     286      1415     1073     553      765      909      462      1357     510      346      1158     755      124      1553     1242     143      1280     1045     529      685      1222     624      1205     103      1132     759      632      1166     1211     653      1019     980      681      1627     652      218      1134     889      1281     792      504      256      1278     1165     172      1274     990      413      
22       341      387      732      606      1135     220      831      1075     399      1503     1121     832      784      314      1187     1499     1212     1339     197      864      759      1099     0        1544     1024     776      498      811      1625     917      1343     713      775      1180     801      1083     563      527      1477     754      1259     1453     777      1271     614      1213     932      255      956      255      1505     948      1265     133      1218     608      1039     513      1157     593      935      1298     488      1220     298      739      1100     793      923      945      890      339      648      602      925      185      97       1076     435      371      805      
23       1203     1536     1276     1385     1442     1522     1147     689      1531     333      1240     961      767      1237     530      205      331      519      1512     807      1234     830      1544     0        633      829      1447     1263     192      660      289      863      967      1096     1390     772      1181     1453     187      820      966      388      884      703      945      755      1478     1770     875      1605     342      598      282      1623     326      1279     771      1270     430      1332     995      747      1282     588      1288     813      1455     757      1004     953      777      1546     929      1127     752      1725     1564     682      1472     1246     784      
24       693      1144     1054     754      1382     1072     985      704      922      486      1219     797      292      712      648      701      375      782      1054     181      601      281      1024     633      0        561      825      633      788      152      596      315      760      564      1188     794      564      829      670      279      1077     431      267      876      547      303      1319     1214     257      1158     791      252      430      1130     367      995      183      937      481      703      903      930      669      738      837      445      1376     404      386      869      622      1136     571      508      120      1209     1070     116      1105     827      223      
25       471      707      502      897      824      707      423      315      915      904      675      240      298      516      410      741      514      565      701      542      864      812      776      829      561      0        891      923      871      409      585      380      198      1057     634      356      671      912      724      371      616      881      526      527      178      862      759      1026     714      786      732      329      551      826      525      468      709      443      404      843      359      565      729      450      487      139      816      159      795      334      130      719      130      642      556      941      771      673      644      430      408      
26       472      858      1095     121      1517     697      1142     1201     132      1300     1449     1059     720      430      1255     1469     1140     1417     672      644      319      772      498      1447     825      891      0        353      1578     790      1330     605      995      754      1199     1248     266      29       1441     645      1492     1236     563      1415     717      896      1344     521      646      751      1520     882      1199     629      1139     973      754      870      1156     141      1185     1456     171      1319     613      782      1489     813      557      1179     1021     816      773      320      705      623      595      824      883      679      669      
27       650      1124     1264     232      1674     979      1271     1196     485      1053     1567     1140     662      625      1204     1331     999      1359     954      477      63       480      811      1263     633      923      353      0        1421     664      1214     552      1080     403      1385     1265     294      334      1300     576      1537     984      432      1403     781      600      1533     873      390      1047     1410     784      1057     945      993      1156     500      1059     1066     223      1268     1451     327      1283     827      788      1653     795      266      1250     1041     1089     836      296      521      960      900      586      1128     874      569      
28       1290     1571     1268     1526     1378     1578     1128     664      1652     525      1173     957      872      1327     503      130      438      434      1570     953      1388     1008     1625     192      788      871      1578     1421     0        788      285      979      976      1280     1371     731      1312     1587     147      937      876      581      1023     620      1012     940      1442     1861     1039     1657     212      702      379      1691     439      1290     941      1296     469      1472     966      654      1410     534      1352     885      1396     832      1170     925      793      1587     986      1260     902      1800     1633     851      1502     1300     909      
29       578      1006     901      740      1233     944      833      579      870      587      1073     647      147      603      550      682      350      699      928      190      620      411      917      660      152      409      790      664      788      0        553      207      608      679      1035     665      524      799      653      164      949      543      239      767      399      452      1166     1125     342      1030     749      126      409      1014     348      844      308      788      402      685      756      819      623      636      706      292      1226     251      454      724      478      1000     420      472      169      1103     954      263      962      689      123      
30       1012     1287     997      1290     1152     1292     863      402      1394     537      951      683      612      1051     240      156      222      252      1285     736      1173     857      1343     289      596      585      1330     1214     285      553      0        725      696      1142     1107     482      1068     1342     140      685      686      563      793      425      729      820      1190     1583     853      1371     196      448      172      1406     232      1011     772      1012     186      1235     708      473      1160     301      1067     605      1165     554      981      666      510      1302     701      1019     695      1517     1349     686      1218     1015     666      
31       379      838      808      572      1183     758      773      644      673      789      1049     613      117      400      665      866      542      825      740      194      497      478      713      863      315      380      605      552      979      207      725      0        559      690      941      713      345      617      839      43       988      740      149      853      281      561      1082     917      355      843      915      278      600      816      543      728      386      655      552      517      738      900      434      739      525      241      1169     243      418      714      492      826      324      300      237      899      756      389      804      522      91       
32       533      607      317      1021     628      652      225      328      994      1082     491      64       492      580      477      846      675      602      653      734      1019     1008     775      967      760      198      995      1080     976      608      696      559      0        1246     444      312      808      1019     835      558      501      1065     708      501      298      1060     563      1030     905      720      806      524      703      793      689      314      906      329      537      971      191      523      846      479      478      328      619      357      978      184      189      632      243      788      752      916      745      872      533      403      599      
33       948      1445     1494     634      1873     1319     1463     1258     886      813      1732     1296     758      937      1213     1221     922      1345     1295     515      437      286      1180     1096     564      1057     754      403      1280     679      1142     690      1246     0        1625     1344     619      737      1189     688      1628     742      541      1439     969      341      1769     1270     343      1395     1329     802      970      1311     910      1405     381      1320     1044     618      1416     1492     693      1302     1129     920      1860     901      281      1388     1148     1418     1014     587      511      1342     1261     458      1433     1156     649      
34       743      448      134      1264     334      593      243      707      1149     1525     369      433      903      778      870      1246     1116     953      610      1132     1322     1415     801      1390     1188     634      1199     1385     1371     1035     1107     941      444      1625     0        642      1092     1227     1241     952      632      1509     1086     794      660      1482     147      1023     1296     611      1178     963      1139     743      1130     229      1317     330      967      1224     405      788      1091     839      586      743      299      785      1346     445      627      496      623      1092     1161     860      724      1295     376      521      1002     
35       813      910      549      1253     673      965      402      96       1267     972      476      265      608      860      242      609      559      313      966      839      1208     1073     1083     772      794      356      1248     1265     731      665      482      713      312      1344     642      0        1026     1269     608      693      284      976      846      189      531      1091     711      1338     1004     1031     536      544      560      1106     575      597      970      634      389      1199     236      215      1086     197      785      479      684      469      1106     197      228      938      477      994      833      1228     1057     910      832      713      713      
36       356      839      972      229      1385     703      986      969      359      1045     1288     870      462      333      1007     1205     874      1168     679      383      232      553      563      1181     564      671      266      294      1312     524      1068     345      808      619      1092     1026     0        275      1176     383      1286     983      298      1182     512      674      1239     689      414      777      1260     620      933      693      873      862      514      764      897      174      999      1226     106      1076     535      548      1363     570      362      985      798      808      568      55       445      733      641      574      838      580      403      
37       499      888      1123     102      1545     727      1168     1221     153      1300     1475     1083     733      457      1272     1480     1149     1434     702      648      304      765      527      1453     829      912      29       334      1587     799      1342     617      1019     737      1227     1269     275      0        1451     657      1515     1235     568      1434     739      889      1373     544      642      780      1533     894      1208     658      1148     1002     751      898      1169     132      1210     1476     186      1337     641      801      1517     830      549      1203     1042     846      795      327      708      649      624      823      912      708      678      
38       1143     1427     1133     1393     1269     1431     997      533      1512     495      1066     820      730      1181     370      32       303      335      1423     826      1263     909      1477     187      670      724      1441     1300     147      653      140      839      835      1189     1241     608      1176     1451     0        797      783      537      891      521      864      854      1319     1715     925      1511     162      561      245      1543     308      1150     834      1153     322      1339     838      563      1272     416      1204     738      1285     685      1055     797      650      1442     838      1125     779      1653     1486     744      1358     1153     772      
39       417      867      819      609      1185     792      776      621      715      748      1045     609      86       440      633      825      500      792      775      179      523      462      754      820      279      371      645      576      937      164      685      43       558      688      952      693      383      657      797      0        971      700      155      827      292      538      1091     960      348      878      876      237      558      855      500      744      366      674      514      553      731      875      474      709      558      232      1173     224      423      705      476      857      330      336      213      940      795      361      831      550      56       
40       1034     1010     594      1508     517      1104     451      373      1495     1212     319      438      888      1081     473      775      814      448      1111     1122     1479     1357     1259     966      1077     616      1492     1537     876      949      686      988      501      1628     632      284      1286     1515     783      971      0        1226     1126     262      777      1371     641      1512     1288     1155     663      828      803      1255     830      689      1254     760      646      1456     324      222      1336     390      968      749      544      746      1388     318      496      1049     721      1258     1117     1380     1215     1193     929      891      995      
41       1118     1543     1380     1150     1638     1487     1279     880      1342     71       1449     1082     688      1140     752      566      416      814      1471     605      970      510      1453     388      431      881      1236     984      581      543      563      740      1065     742      1509     976      983      1235     537      700      1226     0        694      974      929      407      1623     1645     600      1573     699      561      422      1556     400      1348     488      1309     586      1104     1157     1026     1090     836      1249     805      1642     751      717      1116     887      1540     937      928      542      1639     1496     412      1494     1228     648      
42       468      953      954      503      1332     856      922      771      655      753      1197     761      237      476      772      921      587      926      835      89       384      346      777      884      267      526      563      432      1023     239      793      149      708      541      1086     846      298      568      891      155      1126     694      0        974      428      445      1229     952      212      939      988      353      646      893      584      870      267      791      636      449      885      1024     402      851      634      386      1318     379      269      860      631      936      473      243      152      961      834      299      927      644      137      
43       993      1095     717      1411     758      1154     566      213      1442     957      554      453      740      1040     233      513      572      186      1155     953      1349     1158     1271     703      876      527      1415     1403     620      767      425      853      501      1439     794      189      1182     1434     521      827      262      974      974      0        705      1157     841      1526     1109     1219     409      641      553      1295     588      777      1059     821      411      1356     400      53       1249     142      973      634      779      613      1221     368      397      1125     653      1145     936      1417     1246     988      1016     902      837      
44       295      614      527      731      908      578      498      493      737      964      787      359      255      340      580      885      615      738      567      471      720      755      614      945      547      178      717      781      1012     399      729      281      298      969      660      531      512      739      864      292      777      929      428      705      0        828      801      859      636      662      891      373      663      680      624      452      658      389      543      679      488      742      559      626      343      132      892      189      693      473      307      614      56       490      504      788      622      645      565      304      344      
45       913      1395     1347     794      1685     1301     1285     998      1016     478      1522     1099     578      919      924      886      606      1041     1280     369      598      124      1213     755      303      862      896      600      940      452      820      561      1060     341      1482     1091     674      889      854      538      1371     407      445      1157     828      0        1616     1363     259      1384     1001     554      648      1333     592      1280     177      1213     748      756      1206     1211     775      1015     1078     739      1678     703      342      1172     925      1380     859      623      325      1393     1276     188      1365     1082     484      
46       890      563      274      1410     223      718      343      788      1291     1635     335      540      1039     925      950      1321     1220     1013     738      1271     1470     1553     932      1478     1319     759      1344     1533     1442     1166     1190     1082     563      1769     147      711      1239     1373     1319     1091     641      1623     1229     841      801      1616     0        1144     1437     726      1241     1087     1238     864      1235     377      1454     477      1065     1371     483      825      1238     907      731      876      181      914      1490     525      735      613      761      1239     1298     976      851      1428     499      668      1140     
47       571      581      969      643      1357     431      1078     1329     391      1700     1360     1088     1003     534      1436     1737     1440     1591     416      1042     833      1242     255      1770     1214     1026     521      873      1861     1125     1583     917      1030     1270     1023     1338     689      544      1715     960      1512     1645     952      1526     859      1363     1144     0        1103     420      1751     1172     1494     280      1444     848      1199     758      1397     652      1188     1553     591      1473     553      978      1319     1029     1044     1200     1143     531      897      739      1105     177      303      1249     647      627      1006     
48       669      1161     1163     552      1533     1056     1124     921      761      667      1389     953      415      670      889      957      632      1031     1034     171      371      143      956      875      257      714      646      390      1039     342      853      355      905      343      1296     1004     414      642      925      348      1288     600      212      1109     636      259      1437     1103     0        1138     1048     468      687      1079     624      1082     111      1004     729      509      1073     1161     517      976      841      577      1521     557      130      1044     805      1141     677      363      173      1135     1022     195      1138     855      306      
49       471      163      577      853      941      85       705      1046     654      1615     964      766      885      467      1181     1528     1277     1320     104      1020     991      1280     255      1605     1158     786      751      1047     1657     1030     1371     843      720      1395     611      1031     777      780      1511     878      1155     1573     939      1219     662      1384     726      420      1138     0        1511     1031     1323     145      1286     467      1207     400      1190     835      841      1235     719      1196     324      795      902      851      1126     862      876      114      676      808      1075     250      157      1229     236      359      934      
