

sets
i        orders          /0*10/
k        routes          /1*10/
p        positions       /0*10/
;

alias(i,j)
alias(i,h)
alias(i,hh)
alias(i,jj)
alias(k,kk)
                            Parameters

rho(i)	Processing time
/
0	0
1	32
2	97
3	55
4	25
5	89
6	69
7	53
8	13
9	88
10	97
/

gamma(i)	Duedate
/
0	0
1	99
2	1
3	88
4	85
5	98
6	97
7	35
8	43
9	16
10	29
/

sigma(i)	Size
/
0	0
1	2
2	6
3	5
4	7
5	3
6	8
7	2
8	3
9	8
10	6
/

epsilon(i)	Priority
/
0	0
1	9
2	7
3	4
4	2
5	4
6	2
7	9
8	9
9	4
10	9
/

psi	Vehicle Capacity
/ 32 /
;

Table kappa(i,j)                 Setup
         0        1        2        3        4        5        6        7        8        9        10       
0        0        50       77       22       97       24       77       12       73       34       71       
1        50       0        56       56       50       26       65       47       84       18       25       
2        77       56       0        95       53       63       13       82       46       66       43       
3        22       56       95       0        106      33       97       12       95       38       80       
4        97       50       53       106      0        75       66       97       98       68       26       
5        24       26       63       33       75       0        68       22       75       11       48       
6        77       65       13       97       66       68       0        84       34       72       55       
7        12       47       82       12       97       22       84       0        84       29       70       
8        73       84       46       95       98       75       34       84       0        83       83       
9        34       18       66       38       68       11       72       29       83       0        43       
10       71       25       43       80       26       48       55       70       83       43       0        
;



Table delta(i,j)                 Distance
         0        1        2        3        4        5        6        7        8        9        10       
0        0        138      222      235      125      251      183      71       178      127      78       
1        138      0        84       124      140      134      206      207      197      90       69       
2        222      84       0        114      193      82       247      292      237      156      153      
3        235      124      114      0        265      196      330      293      321      117      158      
4        125      140      193      265      0        177      68       180      61       199      140      
5        251      134      82       196      177      0        212      321      203      222      200      
6        183      206      247      330      68       212      0        224      9        267      208      
7        71       207      292      293      180      321      224      0        222      178      142      
8        178      197      237      321      61       203      9        222      0        260      201      
9        127      90       156      117      199      222      267      178      260      0        60       
10       78       69       153      158      140      200      208      142      201      60       0        
;

