

sets
i        orders          /0*10/
k        routes          /1*10/
p        positions       /0*10/
;

alias(i,j)
alias(i,h)
alias(i,hh)
alias(i,jj)
alias(k,kk)
                            Parameters

rho(i)	Processing time
/
0	0
1	46
2	78
3	18
4	86
5	38
6	55
7	70
8	33
9	27
10	81
/

gamma(i)	Duedate
/
0	0
1	55
2	65
3	74
4	53
5	63
6	15
7	22
8	72
9	58
10	83
/

sigma(i)	Size
/
0	0
1	9
2	6
3	8
4	6
5	8
6	9
7	2
8	7
9	2
10	1
/

epsilon(i)	Priority
/
0	0
1	8
2	5
3	1
4	1
5	2
6	3
7	8
8	4
9	6
10	9
/

psi	Vehicle Capacity
/ 41 /
;

Table kappa(i,j)                 Setup
         0        1        2        3        4        5        6        7        8        9        10       
0        0        63       88       126      65       93       107      62       85       63       43       
1        63       0        26       79       75       73       61       31       87       39       38       
2        88       26       0        59       85       70       43       38       91       45       55       
3        126      79       59       0        87       50       18       63       79       62       82       
4        65       75       85       87       0        38       73       47       20       39       39       
5        93       73       70       50       38       0        40       43       29       36       52       
6        107      61       43       18       73       40       0        44       69       44       64       
7        62       31       38       63       47       43       44       0        56       8        20       
8        85       87       91       79       20       29       69       56       0        48       54       
9        63       39       45       62       39       36       44       8        48       0        20       
10       43       38       55       82       39       52       64       20       54       20       0        
;



Table delta(i,j)                 Distance
         0        1        2        3        4        5        6        7        8        9        10       
0        0        339      204      309      256      120      133      189      117      327      157      
1        339      0        148      156      192      245      278      192      237      17       199      
2        204      148      0        121      192      147      192      138      91       132      114      
3        309      156      121      0        293      268      314      253      192      140      234      
4        256      192      192      293      0        137      136      72       219      194      111      
5        120      245      147      268      137      0        47       69       110      237      46       
6        133      278      192      314      136      47       0        87       155      272      83       
7        189      192      138      253      72       69       87       0        148      187      38       
8        117      237      91       192      219      110      155      148      0        222      109      
9        327      17       132      140      194      237      272      187      222      0        191      
10       157      199      114      234      111      46       83       38       109      191      0        
;

