

sets
i        orders          /0*10/
k        routes          /1*10/
p        positions       /0*10/
;

alias(i,j)
alias(i,h)
alias(i,hh)
alias(i,jj)
alias(k,kk)
                            Parameters

rho(i)	Processing time
/
0	0
1	17
2	3
3	46
4	90
5	24
6	89
7	80
8	52
9	85
10	60
/

gamma(i)	Duedate
/
0	0
1	51
2	25
3	86
4	76
5	66
6	10
7	50
8	52
9	11
10	78
/

sigma(i)	Size
/
0	0
1	2
2	3
3	3
4	7
5	5
6	7
7	6
8	4
9	5
10	8
/

epsilon(i)	Priority
/
0	0
1	2
2	9
3	1
4	4
5	3
6	8
7	1
8	4
9	6
10	1
/

psi	Vehicle Capacity
/ 20 /
;

Table kappa(i,j)                 Setup
         0        1        2        3        4        5        6        7        8        9        10       
0        0        66       74       49       24       53       75       88       74       45       74       
1        66       0        72       17       48       68       30       86       59       92       29       
2        74       72       0        62       53       22       49       15       15       56       49       
3        49       17       62       0        30       54       32       77       51       75       31       
4        24       48       53       30       0        35       52       68       50       45       51       
5        53       68       22       54       35       0        54       34       30       36       54       
6        75       30       49       32       52       54       0        60       34       86       1        
7        88       86       15       77       68       34       60       0        27       64       61       
8        74       59       15       51       50       30       34       27       0        66       34       
9        45       92       56       75       45       36       86       64       66       0        86       
10       74       29       49       31       51       54       1        61       34       86       0        
;



Table delta(i,j)                 Distance
         0        1        2        3        4        5        6        7        8        9        10       
0        0        165      127      100      131      173      307      258      229      109      343      
1        165      0        94       65       207      129      308      189      64       160      273      
2        127      94       0        67       115      52       225      136      140      69       224      
3        100      65       67       0        157      118      292      198      129      112      287      
4        131      207      115      157      0        118      181      180      256      47       248      
5        173      129      52       118      118      0        179      85       156      83       172      
6        307      308      225      292      181      179      0        143      324      198      133      
7        258      189      136      198      180      85       143      0        188      160      88       
8        229      64       140      129      256      156      324      188      0        209      262      
9        109      160      69       112      47       83       198      160      209      0        239      
10       343      273      224      287      248      172      133      88       262      239      0        
;

