

sets
i        orders          /0*20/
k        routes          /1*20/
p        positions       /0*20/
;

alias(i,j)
alias(i,h)
alias(i,hh)
alias(i,jj)
alias(k,kk)
                            Parameters

rho(i)	Processing time
/
0	0
1	7
2	13
3	54
4	82
5	47
6	88
7	87
8	99
9	2
10	75
11	63
12	74
13	32
14	13
15	49
16	13
17	45
18	55
19	59
20	65
/

gamma(i)	Duedate
/
0	0
1	35
2	77
3	44
4	45
5	93
6	21
7	68
8	66
9	43
10	29
11	17
12	26
13	33
14	56
15	24
16	66
17	31
18	7
19	16
20	7
/

sigma(i)	Size
/
0	0
1	7
2	2
3	6
4	2
5	8
6	8
7	4
8	4
9	8
10	5
11	2
12	4
13	8
14	5
15	1
16	9
17	2
18	9
19	8
20	3
/

epsilon(i)	Priority
/
0	0
1	2
2	9
3	2
4	5
5	1
6	2
7	9
8	1
9	9
10	7
11	9
12	8
13	3
14	2
15	7
16	6
17	3
18	3
19	8
20	7
/

psi	Vehicle Capacity
/ 16 /
;

Table kappa(i,j)                 Setup
         0        1        2        3        4        5        6        7        8        9        10       11       12       13       14       15       16       17       18       19       20       
0        0        700      402      804      645      278      797      770      821      570      172      597      917      770      258      734      76       361      614      340      827      
1        700      0        673      540      401      626      526      72       535      265      584      285      376      82       956      201      623      643      137      360      548      
2        402      673      0        487      837      625      485      722      509      700      261      738      708      755      515      590      380      706      540      409      510      
3        804      540      487      0        898      915      14       538      23       739      632      774      308      600      986      345      747      974      431      576      23       
4        645      401      837      898      0        422      885      451      899      159      627      124      777      397      887      591      584      386      470      428      911      
5        278      626      625      915      422      0        905      698      927      409      364      421      937      675      481      734      254      83       594      343      936      
6        797      526      485      14       885      905      0        524      24       726      625      761      297      585      982      331      740      964      417      566      31       
7        770      72       722      538      451      698      524      0        530      326      649      343      335      64       1025     192      693      713      182      430      543      
8        821      535      509      23       899      927      24       530      0        741      649      775      289      593      1006     338      764      985      430      587      12       
9        570      265      700      739      159      409      726      326      741      0        516      38       635      285      826      441      500      404      314      294      753      
10       172      584      261      632      627      364      625      649      649      516      0        550      758      661      388      584      125      445      479      233      655      
11       597      285      738      774      124      421      761      343      775      38       550      0        660      296      851      469      528      409      346      331      787      
12       917      376      708      308      777      937      297      335      289      635      758      660      0        399      1144     204      846      974      345      605      299      
13       770      82       755      600      397      675      585      64       593      285      661      296      399      0        1027     254      694      683      218      433      605      
14       258      956      515      986      887      481      982      1025     1006     826      388      851      1144     1027     0        972      334      550      862      595      1010     
15       734      201      590      345      591      734      331      192      338      441      584      469      204      254      972      0        660      770      141      409      351      
16       76       623      380      747      584      254      740      693      764      500      125      528      846      694      334      660      0        338      539      263      770      
17       361      643      706      974      386      83       964      713      985      404      445      409      974      683      550      770      338      0        629      398      994      
18       614      137      540      431      470      594      417      182      430      314      479      346      345      218      862      141      539      629      0        278      443      
19       340      360      409      576      428      343      566      430      587      294      233      331      605      433      595      409      263      398      278      0        596      
20       827      548      510      23       911      936      31       543      12       753      655      787      299      605      1010     351      770      994      443      596      0        
;



Table delta(i,j)                 Distance
         0        1        2        3        4        5        6        7        8        9        10       11       12       13       14       15       16       17       18       19       20       
0        0        1440     990      1650     1500     420      1770     1440     720      810      810      1650     1440     2130     1230     870      1320     1860     780      1590     2340     
1        1440     0        81       48       45       62       87       96       29       51       52       52       75       87       11       20       9        90       66       54       95       
2        990      81       0        81       72       20       63       15       55       49       42       80       57       83       75       62       78       65       33       76       87       
3        1650     48       81       0        86       62       50       97       57       32       78       4        41       41       38       50       39       53       50       9        49       
4        1500     45       72       86       0        61       109      83       31       72       30       89       96       117      50       35       51       111      77       89       124      
5        420      62       20       62       61       0        54       36       38       31       34       62       44       70       55       43       58       56       20       58       75       
6        1770     87       63       50       109      54       0        74       78       37       86       46       12       22       76       78       79       3        34       41       24       
7        1440     96       15       97       83       36       74       0        69       64       53       95       69       94       90       76       93       75       47       91       98       
8        720      29       55       57       31       38       78       69       0        41       24       59       66       85       27       9        29       81       48       58       93       
9        810      51       49       32       72       31       37       64       41       0        54       31       24       44       41       40       44       40       18       27       51       
10       810      52       42       78       30       34       86       53       24       54       0        79       75       98       51       34       54       89       52       77       105      
11       1650     52       80       4        89       62       46       95       59       31       79       0        38       37       41       53       43       49       48       5        45       
12       1440     75       57       41       96       44       12       69       66       24       75       38       0        26       64       65       66       15       24       32       31       
13       2130     87       83       41       117      70       22       94       85       44       98       37       26       0        76       82       78       23       50       33       8        
14       1230     11       75       38       50       55       76       90       27       41       51       41       64       76       0        18       3        79       56       43       84       
15       870      20       62       50       35       43       78       76       9        40       34       53       65       82       18       0        20       81       50       53       90       
16       1320     9        78       39       51       58       79       93       29       44       54       43       66       78       3        20       0        82       59       45       86       
17       1860     90       65       53       111      56       3        75       81       40       89       49       15       23       79       81       82       0        36       44       23       
18       780      66       33       50       77       20       34       47       48       18       52       48       24       50       56       50       59       36       0        44       55       
19       1590     54       76       9        89       58       41       91       58       27       77       5        32       33       43       53       45       44       44       0        41       
20       2340     95       87       49       124      75       24       98       93       51       105      45       31       8        84       90       86       23       55       41       0        
;

