

sets
i        orders          /0*5/
k        routes          /1*5/
p        positions       /0*5/
;

alias(i,j)
alias(i,h)
alias(i,hh)
alias(i,jj)
alias(k,kk)
                            Parameters

rho(i)	Processing time
/
0	0
1	26
2	99
3	60
4	55
5	85
/

gamma(i)	Duedate
/
0	0
1	69
2	5
3	59
4	83
5	34
/

sigma(i)	Size
/
0	0
1	6
2	9
3	4
4	8
5	6
/

epsilon(i)	Priority
/
0	0
1	9
2	1
3	3
4	8
5	1
/

psi	Vehicle Capacity
/ 40 /
;

Table kappa(i,j)                 Setup
         0        1        2        3        4        5        
0        0        48       9        18       14       6        
1        48       0        40       55       62       42       
2        9        40       0        26       21       5        
3        18       55       26       0        26       21       
4        14       62       21       26       0        20       
5        6        42       5        21       20       0        
;



Table delta(i,j)                 Distance
         0        1        2        3        4        5        
0        0        148      99       123      46       121      
1        148      0        99       42       170      66       
2        99       99       0        57       93       37       
3        123      42       57       0        136      25       
4        46       170      93       136      0        125      
5        121      66       37       25       125      0        
;

