

sets
i        orders          /0*10/
k        routes          /1*10/
p        positions       /0*10/
;

alias(i,j)
alias(i,h)
alias(i,hh)
alias(i,jj)
alias(k,kk)
                            Parameters

rho(i)	Processing time
/
0	0
1	7
2	41
3	16
4	46
5	66
6	95
7	92
8	33
9	64
10	46
/

gamma(i)	Duedate
/
0	0
1	21
2	99
3	25
4	17
5	72
6	79
7	57
8	7
9	32
10	47
/

sigma(i)	Size
/
0	0
1	3
2	3
3	3
4	1
5	2
6	3
7	9
8	2
9	2
10	7
/

epsilon(i)	Priority
/
0	0
1	4
2	7
3	7
4	1
5	2
6	7
7	3
8	5
9	2
10	4
/

psi	Vehicle Capacity
/ 40 /
;

Table kappa(i,j)                 Setup
         0        1        2        3        4        5        6        7        8        9        10       
0        0        309      326      319      460      381      435      396      581      569      620      
1        309      0        636      257      409      679      398      702      708      650      683      
2        326      636      0        594      690      131      663      97       596      666      699      
3        319      257      594      0        162      682      146      682      870      395      879      
4        460      409      690      162      0        795      27       785      1028     285      1040     
5        381      679      131      682      795      0        767      61       492      793      608      
6        435      398      663      146      27       767      0        757      1005     278      1020     
7        396      702      97       682      785      61       757      0        554      762      670      
8        581      708      596      870      1028     492      1005     554      0        1144     142      
9        569      650      666      395      285      793      278      762      1144     0        1189     
10       620      683      699      879      1040     608      1020     670      142      1189     0        
;



Table delta(i,j)                 Distance
         0        1        2        3        4        5        6        7        8        9        10       
0        0        7230     3540     1830     2970     5520     5610     7050     6090     4650     7470     
1        7230     0        302      266      188      222      276      34       156      226      65       
2        3540     302      0        173      113      301      102      282      195      106      283      
3        1830     266      173      0        156      147      248      267      257      216      287      
4        2970     188      113      156      0        234      116      169      105      68       173      
5        5520     222      301      147      234      0        349      242      299      303      273      
6        5610     276      102      248      116      349      0        248      131      51       237      
7        7050     34       282      267      169      242      248      0        124      200      32       
8        6090     156      195      257      105      299      131      124      0        91       107      
9        4650     226      106      216      68       303      51       200      91       0        192      
10       7470     65       283      287      173      273      237      32       107      192      0        
;

