

sets
i        orders          /0*20/
k        routes          /1*20/
p        positions       /0*20/
;

alias(i,j)
alias(i,h)
alias(i,hh)
alias(i,jj)
alias(k,kk)
                            Parameters

rho(i)	Processing time
/
0	0
1	38
2	80
3	77
4	1
5	42
6	8
7	42
8	1
9	80
10	98
11	44
12	47
13	30
14	69
15	52
16	46
17	67
18	29
19	53
20	52
/

gamma(i)	Duedate
/
0	0
1	83
2	22
3	46
4	78
5	78
6	6
7	35
8	28
9	39
10	10
11	45
12	49
13	44
14	62
15	90
16	38
17	7
18	43
19	40
20	59
/

sigma(i)	Size
/
0	0
1	8
2	4
3	3
4	9
5	9
6	6
7	4
8	8
9	7
10	1
11	5
12	6
13	8
14	8
15	8
16	1
17	1
18	1
19	4
20	6
/

epsilon(i)	Priority
/
0	0
1	8
2	2
3	8
4	9
5	6
6	2
7	6
8	9
9	6
10	4
11	9
12	6
13	6
14	8
15	4
16	7
17	9
18	9
19	2
20	2
/

psi	Vehicle Capacity
/ 39 /
;

Table kappa(i,j)                 Setup
         0        1        2        3        4        5        6        7        8        9        10       11       12       13       14       15       16       17       18       19       20       
0        0        1519     710      275      1251     1530     904      1214     1181     1273     1182     327      487      1127     521      1195     1509     1681     1033     883      1157     
1        1519     0        1434     1513     1070     1048     1540     332      542      911      1033     1606     1663     676      1187     695      285      971      1567     638      667      
2        710      1434     0        964      680      974      203      1104     921      1622     634      1033     369      803      1026     1452     1291     1168     1654     889      826      
3        275      1513     964      0        1436     1698     1163     1240     1265     1103     1363     98       763      1239     362      1071     1554     1828     764      908      1269     
4        1251     1070     680      1436     0        294      649      814      549      1638     74       1527     1045     427      1326     1413     829      489      1952     829      423      
5        1530     1048     974      1698     294      0        928      869      620      1756     352      1791     1339     542      1551     1522     771      212      2156     987      521      
6        904      1540     203      1163     649      928      0        1218     1006     1804     623      1229     502      878      1228     1624     1366     1135     1857     1042     895      
7        1214     332      1104     1240     814      869      1218     0        265      900      763      1337     1331     389      947      664      319      859      1430     334      391      
8        1181     542      921      1265     549      620      1006     265      0        1136     502      1364     1199     133      1030     902      370      645      1585     405      128      
9        1273     911      1622     1103     1638     1756     1804     900      1136     0        1572     1160     1656     1226     755      236      1142     1760     752      815      1241     
10       1182     1033     634      1363     74       352      623      763      502      1572     0        1455     993      374      1251     1349     804      534      1877     760      373      
11       327      1606     1033     98       1527     1791     1229     1337     1364     1160     1455     0        805      1336     440      1144     1651     1924     754      1005     1366     
12       487      1663     369      763      1045     1339     502      1331     1199     1656     993      805      0        1099     951      1528     1567     1528     1517     1051     1125     
13       1127     676      803      1239     427      542      878      389      133      1226     374      1336     1099     0        1037     996      489      609      1622     446      30       
14       521      1187     1026     362      1326     1551     1228     947      1030     755      1251     440      951      1037     0        708      1267     1646     641      634      1065     
15       1195     695      1452     1071     1413     1522     1624     664      902      236      1349     1144     1528     996      708      0        912      1524     893      603      1009     
16       1509     285      1291     1554     829      771      1366     319      370      1142     804      1651     1567     489      1267     912      0        686      1733     646      470      
17       1681     971      1168     1828     489      212      1135     859      645      1760     534      1924     1528     609      1646     1524     686      0        2226     1044     582      
18       1033     1567     1654     764      1952     2156     1857     1430     1585     752      1877     754      1517     1622     641      893      1733     2226     0        1181     1647     
19       883      638      889      908      829      987      1042     334      405      815      760      1005     1051     446      634      603      646      1044     1181     0        468      
20       1157     667      826      1269     423      521      895      391      128      1241     373      1366     1125     30       1065     1009     470      582      1647     468      0        
;



Table delta(i,j)                 Distance
         0        1        2        3        4        5        6        7        8        9        10       11       12       13       14       15       16       17       18       19       20       
0        0        75       91       107      109      102      55       172      116      51       34       166      114      53       139      86       74       158      56       72       137      
1        75       0        17       88       107      46       79       97       99       103      43       144      71       83       82       150      25       90       128      99       75       
2        91       17       0        84       120      51       96       84       95       114      57       136      78       100      68       161      26       73       142      105      73       
3        107      88       84       0        189      134      147      149      11       86       83       61       160      148      60       125      63       95       129      57       157      
4        109      107      120      189      0        77       54       158      201      160      110      249      59       58       188      192      129      187      155      176      95       
5        102      46       51       134      77       0        76       85       145      142      78       188      26       82       116      186      71       110      158      143      35       
6        55       79       96       147      54       76       0        160      158      106      63       208      76       6        160      138      94       169      102      125      108      
7        172      97       84       149      158      85       160      0        157      197      140      181      99       166      98       245      108      67       226      185      64       
8        116      99       95       11       201      145      158      157      0        92       94       50       171      159      65       128      74       100      135      61       168      
9        51       103      114      86       160      142      106      197      92       0        63       137      159      104      137      47       89       165      43       32       175      
10       34       43       57       83       110      78       63       140      94       63       0        145      97       64       106      108      40       124      85       68       112      
11       166      144      136      61       249      188      208      181      50       137      145      0        214      209      83       167      120      115      180      105      205      
12       114      71       78       160      59       26       76       99       171      159      97       214      0        82       142      201      97       134      170      165      36       
13       53       83       100      148      58       82       6        166      159      104      64       209      82       0        164      134      97       173      97       124      114      
14       139      82       68       60       188      116      160      98       65       137      106      83       142      164      0        181      67       35       176      113      126      
15       86       150      161      125      192      186      138      245      128      47       108      167      201      134      181      0        136      211      38       69       220      
16       74       25       26       63       129      71       94       108      74       89       40       120      97       97       67       136      0        84       121      78       98       
17       158      90       73       95       187      110      169      67       100      165      124      115      134      173      35       211      84       0        202      144      110      
18       56       128      142      129      155      158      102      226      135      43       85       180      170      97       176      38       121      202      0        74       193      
19       72       99       105      57       176      143      125      185      61       32       68       105      165      124      113      69       78       144      74       0        174      
20       137      75       73       157      95       35       108      64       168      175      112      205      36       114      126      220      98       110      193      174      0        
;

