

sets
i        orders          /0*10/
k        routes          /1*10/
p        positions       /0*10/
;

alias(i,j)
alias(i,h)
alias(i,hh)
alias(i,jj)
alias(k,kk)
                            Parameters

rho(i)	Processing time
/
0	0
1	19
2	28
3	9
4	60
5	81
6	72
7	74
8	67
9	12
10	86
/

gamma(i)	Duedate
/
0	0
1	14
2	87
3	27
4	40
5	18
6	26
7	99
8	84
9	23
10	88
/

sigma(i)	Size
/
0	0
1	7
2	9
3	7
4	4
5	4
6	5
7	2
8	8
9	9
10	8
/

epsilon(i)	Priority
/
0	0
1	2
2	4
3	8
4	7
5	6
6	5
7	8
8	3
9	8
10	6
/

psi	Vehicle Capacity
/ 96 /
;

Table kappa(i,j)                 Setup
         0        1        2        3        4        5        6        7        8        9        10       
0        0        728      955      634      886      789      491      357      357      917      495      
1        728      0        258      184      776      980      596      426      951      837      366      
2        955      258      0        328      752      1032     708      618      1128     813      511      
3        634      184      328      0        606      795      417      290      804      665      193      
4        886      776      752      606      0        357      395      616      783      61       515      
5        789      980      1032     795      357      0        408      663      553      327      632      
6        491      596      708      417      395      408      0        259      463      429      232      
7        357      426      618      290      616      663      259      0        525      662      140      
8        357      951      1128     804      783      553      463      525      0        790      616      
9        917      837      813      665      61       327      429      662      790      0        567      
10       495      366      511      193      515      632      232      140      616      567      0        
;



Table delta(i,j)                 Distance
         0        1        2        3        4        5        6        7        8        9        10       
0        0        80       160      140      480      140      390      260      130      170      480      
1        80       0        15       5        42       21       34       30       19       20       47       
2        160      15       0        17       35       14       25       16       12       7        32       
3        140      5        17       0        38       26       31       33       24       23       47       
4        480      42       35       38       0        49       10       43       47       40       32       
5        140      21       14       26       49       0        39       14       2        9        40       
6        390      34       25       31       10       39       0        33       36       29       25       
7        260      30       16       33       43       14       33       0        13       10       26       
8        130      19       12       24       47       2        36       13       0        7        38       
9        170      20       7        23       40       9        29       10       7        0        31       
10       480      47       32       47       32       40       25       26       38       31       0        
;

