

sets
i        orders          /0*10/
k        routes          /1*10/
p        positions       /0*10/
;

alias(i,j)
alias(i,h)
alias(i,hh)
alias(i,jj)
alias(k,kk)
                            Parameters

rho(i)	Processing time
/
0	0
1	3
2	72
3	87
4	95
5	15
6	1
7	56
8	5
9	40
10	65
/

gamma(i)	Duedate
/
0	0
1	99
2	36
3	36
4	34
5	98
6	24
7	90
8	35
9	20
10	75
/

sigma(i)	Size
/
0	0
1	1
2	3
3	8
4	1
5	6
6	8
7	9
8	3
9	4
10	1
/

epsilon(i)	Priority
/
0	0
1	6
2	9
3	1
4	1
5	2
6	2
7	8
8	4
9	6
10	6
/

psi	Vehicle Capacity
/ 110 /
;

Table kappa(i,j)                 Setup
         0        1        2        3        4        5        6        7        8        9        10       
0        0        419      547      259      335      484      169      418      755      515      458      
1        419      0        151      258      85       98       532      745      495      835      497      
2        547      151      0        409      229      63       674      894      558      985      502      
3        259      258      409      0        186      353      304      491      496      580      580      
4        335      85       229      186      0        170      447      664      520      756      471      
5        484      98       63       353      170      0        612      834      555      926      466      
6        169      532      674      304      447      612      0        248      761      346      625      
7        418      745      894      491      664      834      248      0        849      97       869      
8        755      495      558      496      520      555      761      849      0        904      989      
9        515      835      985      580      756      926      346      97       904      0        965      
10       458      497      502      580      471      466      625      869      989      965      0        
;



Table delta(i,j)                 Distance
         0        1        2        3        4        5        6        7        8        9        10       
0        0        350      250      270      50       220      370      170      170      330      370      
1        350      0        21       13       40       35       30       50       28       22       12       
2        250      21       0        8        28       13       14       33       29       8        31       
3        270      13       8        0        31       21       19       39       27       10       23       
4        50       40       28       31       0        22       39       12       22       36       42       
5        220      35       13       21       22       0        18       23       34       18       43       
6        370      30       14       19       39       18       0        41       44       8        42       
7        170      50       33       39       12       23       41       0        34       40       53       
8        170      28       29       27       22       34       44       34       0        36       24       
9        330      22       8        10       36       18       8        40       36       0        33       
10       370      12       31       23       42       43       42       53       24       33       0        
;

