

sets
i        orders          /0*40/
k        routes          /1*40/
p        positions       /0*40/
;

alias(i,j)
alias(i,h)
alias(i,hh)
alias(i,jj)
alias(k,kk)
                            Parameters

rho(i)	Processing time
/
0	0
1	35
2	99
3	17
4	3
5	86
6	65
7	72
8	24
9	92
10	22
11	8
12	82
13	23
14	12
15	17
16	92
17	1
18	73
19	11
20	97
21	5
22	43
23	33
24	78
25	74
26	89
27	6
28	10
29	49
30	81
31	74
32	52
33	61
34	9
35	9
36	81
37	39
38	30
39	76
40	1
/

gamma(i)	Duedate
/
0	0
1	66
2	65
3	28
4	71
5	81
6	68
7	39
8	68
9	66
10	42
11	56
12	87
13	75
14	20
15	47
16	43
17	53
18	53
19	39
20	30
21	23
22	56
23	83
24	46
25	37
26	17
27	62
28	73
29	44
30	4
31	64
32	78
33	4
34	58
35	12
36	63
37	3
38	88
39	44
40	33
/

sigma(i)	Size
/
0	0
1	3
2	4
3	7
4	3
5	8
6	8
7	4
8	8
9	4
10	4
11	3
12	6
13	5
14	7
15	7
16	9
17	5
18	2
19	1
20	1
21	8
22	5
23	7
24	7
25	3
26	6
27	6
28	9
29	1
30	2
31	6
32	6
33	8
34	2
35	1
36	6
37	5
38	5
39	2
40	7
/

epsilon(i)	Priority
/
0	0
1	4
2	2
3	2
4	1
5	2
6	4
7	8
8	2
9	2
10	6
11	6
12	7
13	4
14	4
15	6
16	3
17	5
18	5
19	8
20	4
21	5
22	5
23	9
24	6
25	5
26	9
27	1
28	7
29	4
30	9
31	5
32	5
33	5
34	3
35	4
36	9
37	9
38	1
39	7
40	8
/

psi	Vehicle Capacity
/ 172 /
;

Table kappa(i,j)                 Setup
         0        1        2        3        4        5        6        7        8        9        10       11       12       13       14       15       16       17       18       19       20       21       22       23       24       25       26       27       28       29       30       31       32       33       34       35       36       37       38       39       40       
0        0        2210     737      2293     2133     289      2976     3833     3418     1433     2973     2681     1384     1595     3878     2790     2622     3428     3551     3034     3468     3390     1082     601      4810     1470     3154     2293     3714     1065     2053     1463     4444     4269     2901     3197     1274     1434     3293     1155     3195     
1        2210     0        1635     2530     1169     1958     1138     1781     3283     2526     1637     3188     2720     1232     2217     3403     2783     2417     3185     1888     1959     3882     2339     1977     4050     1404     3307     1927     3597     2259     2700     2881     3286     3120     2422     1945     1021     911      2871     2559     2684     
2        737      1635     0        2536     1921     449      2579     3372     3618     1888     2746     3046     1927     1452     3582     3196     2869     3339     3682     2875     3212     3786     1548     969      4856     1414     3432     2321     3933     1498     2416     2043     4345     4168     2955     3014     619      1086     3392     1697     3259     
3        2293     2530     2536     0        1419     2342     2290     3098     1125     1007     1731     661      1238     1354     2561     883      334      1618     1296     1556     2135     1361     1276     1701     2602     1250     897      705      1422     1261     453      1332     2502     2350     867      1729     2470     1829     1093     1344     1071     
4        2133     1169     1921     1419     0        1999     1000     1893     2117     1729     843      2079     1980     541      1748     2302     1637     1440     2040     955      1335     2740     1693     1631     3032     702      2143     765      2433     1619     1682     2139     2430     2254     1268     1094     1529     846      1725     1900     1546     
5        289      1958     449      2342     1999     0        2786     3624     3457     1568     2842     2786     1562     1475     3727     2914     2676     3351     3563     2929     3330     3512     1215     656      4792     1380     3224     2253     3762     1181     2152     1661     4368     4192     2877     3084     995      1239     3289     1329     3177     
6        2976     1138     2579     2290     1000     2786     0        896      2661     2730     721      2918     2980     1482     1079     3147     2424     1490     2460     1014     859      3490     2686     2552     3070     1669     2830     1584     2938     2610     2625     3140     2213     2059     1801     982      2027     1546     2173     2897     1977     
7        3833     1781     3372     3098     1893     3624     896      0        3259     3617     1380     3691     3871     2377     972      3917     3182     1928     2993     1620     1140     4188     3582     3438     3258     2565     3509     2401     3492     3507     3468     4029     2274     2167     2470     1497     2780     2399     2751     3792     2567     
8        3418     3283     3618     1125     2117     3457     2661     3259     0        2096     1950     1016     2293     2288     2448     1129     804      1359     355      1668     2128     1037     2393     2823     1580     2245     447      1392     322      2383     1457     2350     1820     1722     877      1765     3466     2776     507      2436     695      
9        1433     2526     1888     1007     1729     1568     2730     3617     2096     0        2379     1256     266      1333     3299     1357     1295     2513     2300     2301     2857     1956     353      924      3609     1141     1769     1372     2363     391      649      414      3465     3304     1816     2483     2060     1634     2099     340      2060     
10       2973     1637     2746     1731     843      2842     721      1380     1950     2379     0        2311     2644     1378     934      2537     1802     796      1739     292      500      2823     2426     2452     2419     1518     2150     1056     2220     2361     2127     2792     1666     1496     1109     307      2297     1660     1456     2613     1260     
11       2681     3188     3046     661      2079     2786     2918     3691     1016     1256     2311     0        1389     1994     3062     228      512      2025     1327     2096     2661     743      1600     2130     2595     1870     590      1345     1203     1616     634      1409     2746     2620     1283     2253     3062     2455     1274     1576     1353     
12       1384     2720     1927     1238     1980     1562     2980     3871     2293     266      2644     1389     0        1558     3565     1453     1504     2775     2517     2567     3124     2045     404      963      3829     1363     1938     1638     2545     477      836      163      3718     3559     2068     2750     2173     1815     2331     232      2303     
13       1595     1232     1452     1354     541      1475     1482     2377     2288     1333     1378     1994     1558     0        2290     2199     1647     1892     2291     1453     1874     2715     1222     1092     3412     195      2206     911      2610     1144     1471     1721     2904     2727     1533     1608     1181     489      1987     1439     1836     
14       3878     2217     3582     2561     1748     3727     1079     972      2448     3299     934      3062     3565     2290     0        3276     2554     1091     2142     1012     441      3444     3359     3376     2286     2442     2766     1943     2640     3294     2989     3709     1307     1195     1780     834      3069     2505     1949     3543     1787     
15       2790     3403     3196     883      2302     2914     3147     3917     1129     1357     2537     228      1453     2199     3276     0        735      2227     1462     2317     2879     599      1709     2260     2690     2068     682      1572     1264     1734     784      1447     2908     2789     1495     2472     3242     2653     1447     1658     1543     
16       2622     2783     2869     334      1637     2676     2424     3182     804      1295     1802     512      1504     1647     2554     735      0        1534     1015     1583     2150     1103     1588     2032     2327     1560     568      877      1092     1579     670      1576     2327     2188     780      1741     2787     2131     865      1635     896      
17       3428     2417     3339     1618     1440     3351     1490     1928     1359     2513     796      2025     2775     1892     1091     2227     1534     0        1067     529      787      2356     2666     2852     1633     1971     1680     1172     1568     2616     2070     2898     1017     841      760      507      2969     2283     858      2811     701      
18       3551     3185     3682     1296     2040     3563     2460     2993     355      2300     1739     1327     2517     2291     2142     1462     1015     1067     0        1448     1853     1389     2570     2951     1312     2278     790      1380     500      2550     1686     2591     1465     1367     774      1518     3472     2769     314      2638     502      
19       3034     1888     2875     1556     955      2929     1014     1620     1668     2301     292      2096     2567     1453     1012     2317     1583     529      1448     0        580      2568     2390     2485     2162     1564     1890     934      1932     2330     1977     2707     1477     1302     850      182      2469     1800     1169     2562     975      
20       3468     1959     3212     2135     1335     3330     859      1140     2128     2857     500      2661     3124     1874     441      2879     2150     787      1853     580      0        3089     2920     2953     2241     2018     2407     1504     2353     2856     2556     3268     1354     1202     1389     409      2730     2126     1621     3103     1442     
21       3390     3882     3786     1361     2740     3512     3490     4188     1037     1956     2823     743      2045     2715     3444     599      1103     2356     1389     2568     3089     0        2308     2857     2422     2602     681      1978     1009     2333     1369     2028     2843     2754     1718     2698     3803     3186     1502     2254     1657     
22       1082     2339     1548     1276     1693     1215     2686     3582     2393     353      2426     1600     404      1222     3359     1709     1588     2666     2570     2390     2920     2308     0        579      3867     1027     2092     1495     2673     80       977      553      3649     3482     2017     2570     1769     1429     2345     221      2283     
23       601      1977     969      1701     1631     656      2552     3438     2823     924      2452     2130     963      1092     3376     2260     2032     2852     2951     2485     2953     2857     579      0        4209     934      2574     1702     3123     533      1495     1088     3864     3691     2303     2654     1248     1089     2691     736      2595     
24       4810     4050     4856     2602     3032     4792     3070     3258     1580     3609     2419     2595     3829     3412     2286     2690     2327     1633     1312     2162     2241     2422     3867     4209     0        3444     2013     2542     1438     3842     2998     3903     1007     1091     1914     2116     4554     3852     1524     3946     1615     
25       1470     1404     1414     1250     702      1380     1669     2565     2245     1141     1518     1870     1363     195      2442     2068     1560     1971     2278     1564     2018     2602     1027     934      3444     0        2126     908      2566     949      1319     1526     2988     2812     1541     1728     1229     585      1982     1244     1845     
26       3154     3307     3432     897      2143     3224     2830     3509     447      1769     2150     590      1938     2206     2766     682      568      1680     790      1890     2407     681      2092     2574     2013     2126     0        1380     615      2094     1120     1977     2252     2144     1041     2017     3355     2693     837      2105     979      
27       2293     1927     2321     705      765      2253     1584     2401     1392     1372     1056     1345     1638     911      1943     1572     877      1172     1380     934      1504     1978     1495     1702     2542     908      1380     0        1713     1444     1072     1775     2171     2001     633      1116     2092     1392     1078     1649     937      
28       3714     3597     3933     1422     2433     3762     2938     3492     322      2363     2220     1203     2545     2610     2640     1264     1092     1568     500      1932     2353     1009     2673     3123     1438     2566     615      1713     0        2668     1716     2589     1859     1789     1180     2012     3788     3098     764      2702     961      
29       1065     2259     1498     1261     1619     1181     2610     3507     2383     391      2361     1616     477      1144     3294     1734     1579     2616     2550     2330     2856     2333     80       533      3842     949      2094     1444     2668     0        987      629      3605     3437     1979     2510     1700     1349     2318     301      2250     
30       2053     2700     2416     453      1682     2152     2625     3468     1457     649      2127     634      836      1471     2989     784      670      2070     1686     1977     2556     1369     977      1495     2998     1319     1120     1072     1716     987      0        905      2951     2801     1321     2154     2463     1898     1519     985      1516     
31       1463     2881     2043     1332     2139     1661     3140     4029     2350     414      2792     1409     163      1721     3709     1447     1576     2898     2591     2707     3268     2028     553      1088     3903     1526     1977     1775     2589     629      905      0        3827     3670     2179     2890     2315     1974     2420     353      2403     
32       4444     3286     4345     2502     2430     4368     2213     2274     1820     3465     1666     2746     3718     2904     1307     2908     2327     1017     1465     1477     1354     2843     3649     3864     1007     2988     2252     2171     1859     3605     2951     3827     0        176      1649     1365     3946     3276     1474     3778     1437     
33       4269     3120     4168     2350     2254     4192     2059     2167     1722     3304     1496     2620     3559     2727     1195     2789     2188     841      1367     1302     1202     2754     3482     3691     1091     2812     2144     2001     1789     3437     2801     3670     176      0        1491     1192     3771     3100     1346     3615     1292     
34       2901     2422     2955     867      1268     2877     1801     2470     877      1816     1109     1283     2068     1533     1780     1495     780      760      774      850      1389     1718     2017     2303     1914     1541     1041     633      1180     1979     1321     2179     1649     1491     0        987      2709     2004     460      2134     303      
35       3197     1945     3014     1729     1094     3084     982      1497     1765     2483     307      2253     2750     1608     834      2472     1741     507      1518     182      409      2698     2570     2654     2116     1728     2017     1116     2012     2510     2154     2890     1365     1192     987      0        2586     1932     1259     2743     1071     
36       1274     1021     619      2470     1529     995      2027     2780     3466     2060     2297     3062     2173     1181     3069     3242     2787     2969     3472     2469     2730     3803     1769     1248     4554     1229     3355     2092     3788     1700     2463     2315     3946     3771     2709     2586     0        705      3165     1962     3008     
37       1434     911      1086     1829     846      1239     1546     2399     2776     1634     1660     2455     1815     489      2505     2653     2131     2283     2769     1800     2126     3186     1429     1089     3852     585      2693     1392     3098     1349     1898     1974     3276     3100     2004     1932     705      0        2461     1648     2303     
38       3293     2871     3392     1093     1725     3289     2173     2751     507      2099     1456     1274     2331     1987     1949     1447     865      858      314      1169     1621     1502     2345     2691     1524     1982     837      1078     764      2318     1519     2420     1474     1346     460      1259     3165     2461     0        2432     196      
39       1155     2559     1697     1344     1900     1329     2897     3792     2436     340      2613     1576     232      1439     3543     1658     1635     2811     2638     2562     3103     2254     221      736      3946     1244     2105     1649     2702     301      985      353      3778     3615     2134     2743     1962     1648     2432     0        2387     
40       3195     2684     3259     1071     1546     3177     1977     2567     695      2060     1260     1353     2303     1836     1787     1543     896      701      502      975      1442     1657     2283     2595     1615     1845     979      937      961      2250     1516     2403     1437     1292     303      1071     3008     2303     196      2387     0        
;



Table delta(i,j)                 Distance
         0        1        2        3        4        5        6        7        8        9        10       11       12       13       14       15       16       17       18       19       20       21       22       23       24       25       26       27       28       29       30       31       32       33       34       35       36       37       38       39       40       
0        0        7730     8810     6900     9100     8660     6070     4690     10890    9910     6070     8350     2380     6770     11090    6460     10350    5860     11490    3390     7680     14130    14420    10740    8750     11130    6650     8610     4480     4010     11320    10620    4900     3710     10460    10790    10540    7380     5180     14140    11730    
1        7730     0        275      144      238      93       238      307      627      291      736      812      558      776      613      477      377      751      1250     553      273      807      813      1221     121      539      287      777      425      707      681      683      289      459      656      481      285      923      264      961      890      
2        8810     275      0        409      73       263      487      438      352      499      629      629      643      645      338      356      153      653      1054     579      120      563      580      1040     337      273      221      580      445      680      407      416      413      514      389      220      386      791      459      687      628      
3        6900     144      409      0        380      217      101      258      757      305      769      880      500      819      747      537      520      778      1316     529      380      951      957      1279     195      679      359      854      422      700      812      804      251      430      777      622      375      961      174      1097     1005     
4        9100     238      73       380      0        206      467      453      404      434      696      702      675      715      383      421      142      718      1126     623      176      572      582      1113     279      301      268      653      487      735      458      478      429      550      450      242      314      862      457      727      691      
5        8660     93       263      217      206      0        318      399      611      242      799      854      649      834      590      531      329      816      1289     638      301      751      752      1266     73       503      343      814      508      787      664      680      380      547      653      443      196      982      356      931      892      
6        6070     238      487      101      467      318      0        220      825      385      759      895      436      815      819      553      609      764      1325     488      438      1040     1048     1281     296      760      394      875      401      665      880      863      223      390      837      705      474      952      117      1169     1055     
7        4690     307      438      258      453      399      220      0        722      559      542      694      251      601      728      365      588      545      1116     271      342      997      1018     1068     418      699      257      683      182      446      773      734      24       172      711      654      592      734      104      1069     905      
8        10890    627      352      757      404      611      825      722      0        833      629      501      858      605      46       446      316      660      842      751      390      358      405      856      683      161      464      436      647      773      55       109      698      727      92       205      688      719      774      347      307      
9        9910     291      499      305      434      242      385      559      833      0        1027     1096     805      1067     807      766      527      1042     1531     825      544      910      897      1507     175      706      576      1056     707      989      885      912      548      727      884      646      181      1214     479      1132     1125     
10       6070     736      629      769      696      799      759      542      629      1027     0        230      456      72       666      275      750      31       586      327      522      987      1032     530      854      728      456      268      360      206      652      558      536      396      553      724      981      193      646      888      601      
11       8350     812      629      880      702      854      895      694      501      1096     230      0        667      165      546      343      711      256      437      534      553      848      900      412      920      635      527      65       523      436      507      405      682      581      411      650      1013     224      792      696      389      
12       2380     558      643      500      675      649      436      251      858      805      456      667      0        528      875      422      797      446      1038     133      529      1175     1204     975      669      875      427      679      211      283      903      839      268      133      821      840      843      627      327      1190     968      
13       6770     776      645      819      715      834      815      601      605      1067     72       165      528      0        645      302      756      92       519      397      546      962      1010     467      892      716      491      211      420      276      623      525      594      462      524      719      1010     148      704      843      547      
14       11090    613      338      747      383      590      819      728      46       807      666      546      875      645      0        471      284      697      889      773      389      321      365      903      662      118      471      481      664      804      80       155      704      744      139      168      656      762      774      350      347      
15       6460     477      356      537      421      531      553      365      446      766      275      343      422      302      471      0        486      297      779      306      247      787      824      745      591      499      190      322      223      343      486      417      349      300      400      481      708      451      456      769      554      
16       10350    377      153      520      142      329      609      588      316      527      750      711      797      756      284      486      0        776      1113     730      271      430      440      1111     396      179      373      654      598      822      364      411      563      667      385      119      372      896      599      607      622      
17       5860     751      653      778      718      816      764      545      660      1042     31       256      446      92       697      297      776      0        593      319      544      1018     1063     533      870      757      474      296      364      184      683      589      541      394      584      752      1000     189      650      919      631      
18       11490    1250     1054     1316     1126     1289     1325     1116     842      1531     586      437      1038     519      889      779      1113     593      0        912      987      1132     1189     88       1356     999      965      475      937      763      824      733      1107     981      751      1030     1440     414      1218     880      583      
19       3390     553      579      529      623      638      488      271      751      825      327      534      133      397      773      306      730      319      912      0        459      1083     1115     852      672      786      357      547      136      179      793      723      278      99       707      757      834      505      371      1075     841      
20       7680     273      120      380      176      301      438      342      390      544      522      553      529      546      389      247      271      544      987      459      0        656      680      965      370      357      102      512      326      561      444      425      318      398      399      314      465      694      384      737      624      
21       14130    807      563      951      572      751      1040     997      358      910      987      848      1175     962      321      787      430      1018     1132     1083     656      0        57       1163     812      300      753      783      964      1124     342      443      973      1042     439      343      732      1071     1022     314      548      
22       14420    813      580      957      582      752      1048     1018     405      897      1032     900      1204     1010     365      824      440      1063     1189     1115     680      57       0        1219     809      329      779      834      994      1164     393      494      993      1071     489      365      717      1121     1037     368      606      
23       10740    1221     1040     1279     1113     1266     1281     1068     856      1507     530      412      975      467      903      745      1111     533      88       852      965      1163     1219     0        1331     1009     934      460      887      696      843      747      1061     926      763      1035     1425     347      1171     926      619      
24       8750     121      337      195      279      73       296      418      683      175      854      920      669      892      662      591      396      870      1356     672      370      812      809      1331     0        572      401      881      546      828      737      754      402      576      726      512      180      1040     357      1001     965      
25       11130    539      273      679      301      503      760      699      161      706      728      635      875      716      118      499      179      757      999      786      357      300      329      1009     572      0        453      572      665      842      197      268      674      742      248      60       547      844      731      428      465      
26       6650     287      221      359      268      343      394      257      464      576      456      527      427      491      471      190      373      474      965      357      102      753      779      934      401      453      0        496      224      469      516      480      234      295      456      414      526      639      318      811      663      
27       8610     777      580      854      653      814      875      683      436      1056     268      65       679      211      481      322      654      296      475      547      512      783      834      460      881      572      496      0        520      469      441      340      669      584      346      589      966      289      777      636      335      
28       4480     425      445      422      487      508      401      182      647      707      360      523      211      420      664      223      598      364      937      136      326      964      994      887      546      665      224      520      0        282      693      633      178      80       614      632      703      552      286      983      777      
29       4010     707      680      700      735      787      665      446      773      989      206      436      283      276      804      343      822      184      763      179      561      1124     1164     696      828      842      469      469      282      0        806      720      450      275      710      825      981      349      548      1065     795      
30       11320    681      407      812      458      664      880      773      55       885      652      507      903      623      80       486      364      683      824      793      444      342      393      843      737      197      516      441      693      806      0        101      750      773      99       249      736      729      828      295      269      
31       10620    683      416      804      478      680      863      734      109      912      558      405      839      525      155      417      411      589      733      723      425      443      494      747      754      268      480      340      633      720      101      0        712      713      27       307      776      628      798      352      213      
32       4900     289      413      251      429      380      223      24       698      548      536      682      268      594      704      349      563      541      1107     278      318      973      993      1061     402      674      234      669      178      450      750      712      0        179      688      629      574      729      111      1046     885      
33       3710     459      514      430      550      547      390      172      727      727      396      581      133      462      744      300      667      394      981      99       398      1042     1071     926      576      742      295      584      80       275      773      713      179      0        694      707      743      583      272      1062     853      
34       10460    656      389      777      450      653      837      711      92       884      553      411      821      524      139      400      385      584      751      707      399      439      489      763      726      248      456      346      614      710      99       27       688      694      0        284      749      631      774      368      241      
35       10790    481      220      622      242      443      705      654      205      646      724      650      840      719      168      481      119      752      1030     757      314      343      365      1035     512      60       414      589      632      825      249      307      629      707      284      0        490      851      680      489      513      
36       10540    285      386      375      314      196      474      592      688      181      981      1013     843      1010     656      708      372      1000     1440     834      465      732      717      1425     180      547      526      966      703      981      736      776      574      743      749      490      0        1159     537      966      990      
37       7380     923      791      961      862      982      952      734      719      1214     193      224      627      148      762      451      896      189      414      505      694      1071     1121     347      1040     844      639      289      552      349      729      628      729      583      631      851      1159     0        839      917      603      
38       5180     264      459      174      457      356      117      104      774      479      646      792      327      704      774      456      599      650      1218     371      384      1022     1037     1171     357      731      318      777      286      548      828      798      111      272      774      680      537      839      0        1122     981      
39       14140    961      687      1097     727      931      1169     1069     347      1132     888      696      1190     843      350      769      607      919      880      1075     737      314      368      926      1001     428      811      636      983      1065     295      352      1046     1062     368      489      966      917      1122     0        319      
40       11730    890      628      1005     691      892      1055     905      307      1125     601      389      968      547      347      554      622      631      583      841      624      548      606      619      965      465      663      335      777      795      269      213      885      853      241      513      990      603      981      319      0        
;

