
sets
i        orders          /0*10/
k        routes          /1*10/
p        positions       /0*10/
;

alias(i,j)
alias(i,h)
alias(i,hh)
alias(i,jj)
alias(k,kk)
                
                    Parameters

rho(i)	Processing time
/
0	0
1	20
2	89
3	97
4	83
5	62
6	66
7	9
8	76
9	17
10	18
/

gamma(i)	Duedate
/
0	0
1	29
2	65
3	71
4	30
5	22
6	47
7	92
8	11
9	72
10	62
/

sigma(i)	Size
/
0	0
1	4
2	4
3	4
4	6
5	7
6	2
7	5
8	4
9	1
10	8
/

epsilon(i)	Priority
/
0	0
1	4
2	5
3	4
4	8
5	5
6	6
7	4
8	8
9	4
10	1
/

psi	Vehicle Capacity
/ 32 /
;

Table kappa(i,j)                 Setup
         0        1        2        3        4        5        6        7        8        9        10       
0        0        21       31       88       20       43       19       45       57       99       77       
1        21       0        36       103      5        59       38       66       65       119      98       
2        31       36       0        71       40       73       48       63       29       97       91       
3        88       103      71       0        106      105      91       76       47       47       78       
4        20       5        40       106      0        55       35       64       69       120      97       
5        43       59       73       105      55       0        24       31       91       96       56       
6        19       38       48       91       35       24       0        30       69       92       62       
7        45       66       63       76       64       31       30       0        71       65       32       
8        57       65       29       47       69       91       69       71       0        83       91       
9        99       119      97       47       120      96       92       65       83       0        47       
10       77       98       91       78       97       56       62       32       91       47       0        
;



Table delta(i,j)                 Distance
         0        1        2        3        4        5        6        7        8        9        10       
0        0        1500     2000     960      730      820      1980     1780     1670     1450     1030     
1        1500     0        282      75       212      83       269      91       21       219      184      
2        2000     282      0        275      239      262      20       353      285      62       300      
3        960      75       275      0        144      14       267      82       97       213      108      
4        730      212      239      144      0        132      242      215      232      195      78       
5        820      83       262      14       132      0        255      97       104      201      102      
6        1980     269      20       267      242      255      0        343      271      54       299      
7        1780     91       353      82       215      97       343      0        106      290      157      
8        1670     21       285      97       232      104      271      106      0        224      206      
9        1450     219      62       213      195      201      54       290      224      0        248      
10       1030     184      300      108      78       102      299      157      206      248      0        
;

