
sets
i        orders          /0*10/
k        routes          /1*10/
p        positions       /0*10/
;

alias(i,j)
alias(i,h)
alias(i,hh)
alias(i,jj)
alias(k,kk)
                
                    Parameters

rho(i)	Processing time
/
0	0
1	55
2	18
3	72
4	43
5	19
6	36
7	67
8	5
9	34
10	36
/

gamma(i)	Duedate
/
0	0
1	79
2	7
3	36
4	37
5	71
6	48
7	53
8	83
9	21
10	88
/

sigma(i)	Size
/
0	0
1	1
2	5
3	5
4	3
5	8
6	1
7	4
8	1
9	4
10	9
/

epsilon(i)	Priority
/
0	0
1	5
2	6
3	6
4	7
5	5
6	5
7	3
8	2
9	4
10	5
/

psi	Vehicle Capacity
/ 44 /
;

Table kappa(i,j)                 Setup
         0        1        2        3        4        5        6        7        8        9        10       
0        0        57       12       52       52       38       56       37       54       19       20       
1        57       0        47       64       36       96       26       33       60       65       76       
2        12       47       0        43       49       49       51       33       57       29       28       
3        52       64       43       0        86       74       82       71       99       71       52       
4        52       36       49       86       0        85       11       16       25       47       73       
5        38       96       49       74       85       0        92       72       77       38       23       
6        56       26       51       82       11       92       0        20       36       55       77       
7        37       33       33       71       16       72       20       0        30       35       57       
8        54       60       57       99       25       77       36       30       0        40       71       
9        19       65       29       71       47       38       55       35       40       0        32       
10       20       76       28       52       73       23       77       57       71       32       0        
;



Table delta(i,j)                 Distance
         0        1        2        3        4        5        6        7        8        9        10       
0        0        710      1860     820      1570     1290     2350     1260     350      1570     1840     
1        710      0        204      150      228      177      302      139      89       199      255      
2        1860     204      0        227      258      91       220      65       151      68       225      
3        820      150      227      0        79       144      190      181      93       176      126      
4        1570     228      258      79       0        167      141      229      157      194      71       
5        1290     177      91       144      167      0        149      80       94       31       137      
6        2350     302      220      190      141      149      0        229      212      154      70       
7        1260     139      65       181      229      80       229      0        94       81       213      
8        350      89       151      93       157      94       212      94       0        122      169      
9        1570     199      68       176      194      31       154      81       122      0        156      
10       1840     255      225      126      71       137      70       213      169      156      0        
;

