
sets
i        orders          /0*10/
k        routes          /1*10/
p        positions       /0*10/
;

alias(i,j)
alias(i,h)
alias(i,hh)
alias(i,jj)
alias(k,kk)
                
                    Parameters

rho(i)	Processing time
/
0	0
1	6
2	47
3	79
4	33
5	32
6	26
7	72
8	42
9	94
10	38
/

gamma(i)	Duedate
/
0	0
1	42
2	87
3	98
4	25
5	76
6	16
7	13
8	53
9	44
10	99
/

sigma(i)	Size
/
0	0
1	9
2	2
3	2
4	1
5	2
6	2
7	7
8	9
9	9
10	8
/

epsilon(i)	Priority
/
0	0
1	5
2	4
3	2
4	9
5	7
6	1
7	2
8	5
9	8
10	5
/

psi	Vehicle Capacity
/ 16 /
;

Table kappa(i,j)                 Setup
         0        1        2        3        4        5        6        7        8        9        10       
0        0        75       62       90       100      77       108      31       21       96       37       
1        75       0        24       44       41       75       68       45       88       28       38       
2        62       24       0        31       38       51       55       40       79       35       30       
3        90       44       31       0        16       45       24       71       109      28       61       
4        100      41       38       16       0        62       32       78       118      16       68       
5        77       75       51       45       62       0        46       75       98       71       68       
6        108      68       55       24       32       46       0        94       128      48       84       
7        31       45       40       71       78       75       94       0        42       70       9        
8        21       88       79       109      118      98       128      42       0        112      50       
9        96       28       35       28       16       71       48       70       112      0        61       
10       37       38       30       61       68       68       84       9        50       61       0        
;



Table delta(i,j)                 Distance
         0        1        2        3        4        5        6        7        8        9        10       
0        0        1860     1310     1640     1530     1090     750      1980     1160     1010     2290     
1        1860     0        146      67       156      237      243      156      97       85       124      
2        1310     146      0        176      226      235      140      255      156      112      113      
3        1640     67       176      0        90       185      234      91       50       72       187      
4        1530     156      226      90       0        117      228      49       72       116      268      
5        1090     237      235      185      117      0        164      164      140      160      318      
6        750      243      140      234      228      164      0        274      188      165      252      
7        1980     156      255      91       49       164      274      0        99       143      278      
8        1160     97       156      50       72       140      188      99       0        44       198      
9        1010     85       112      72       116      160      165      143      44       0        160      
10       2290     124      113      187      268      318      252      278      198      160      0        
;

