
sets
i        orders          /0*10/
k        routes          /1*10/
p        positions       /0*10/
;

alias(i,j)
alias(i,h)
alias(i,hh)
alias(i,jj)
alias(k,kk)
                
                    Parameters

rho(i)	Processing time
/
0	0
1	34
2	89
3	11
4	23
5	81
6	53
7	98
8	9
9	62
10	90
/

gamma(i)	Duedate
/
0	0
1	2
2	47
3	88
4	56
5	47
6	71
7	22
8	42
9	77
10	87
/

sigma(i)	Size
/
0	0
1	4
2	1
3	9
4	6
5	6
6	4
7	4
8	4
9	8
10	9
/

epsilon(i)	Priority
/
0	0
1	9
2	9
3	9
4	2
5	7
6	1
7	5
8	7
9	5
10	5
/

psi	Vehicle Capacity
/ 14 /
;

Table kappa(i,j)                 Setup
         0        1        2        3        4        5        6        7        8        9        10       
0        0        79       85       89       77       39       72       109      84       102      61       
1        79       0        16       84       93       46       36       76       42       41       25       
2        85       16       0        100      108      48       53       92       59       54       25       
3        89       84       100      0        23       93       47       31       44       62       93       
4        77       93       108      23       0        90       58       55       59       80       96       
5        39       46       48       93       90       0        57       101      68       79       23       
6        72       36       53       47       58       57       0        45       12       30       49       
7        109      76       92       31       55       101      45       0        34       42       93       
8        84       42       59       44       59       68       12       34       0        22       59       
9        102      41       54       62       80       79       30       42       22       0        64       
10       61       25       25       93       96       23       49       93       59       64       0        
;



Table delta(i,j)                 Distance
         0        1        2        3        4        5        6        7        8        9        10       
0        0        1580     1740     920      1140     1390     950      1560     960      1100     2390     
1        1580     0        68       250      95       125      252      146      79       264      207      
2        1740     68       0        257      152      187      268      93       127      265      141      
3        920      250      257      0        201      219      33       212      188      27       285      
4        1140     95       152      201      0        37       192      196      30       222      274      
5        1390     125      187      219      37       0        205      234      67       242      312      
6        950      252      268      33       192      205      0        233      184      58       310      
7        1560     146      93       212      196      234      233      0        166      211      83       
8        960      79       127      188      30       67       184      166      0        207      244      
9        1100     264      265      27       222      242      58       211      207      0        279      
10       2390     207      141      285      274      312      310      83       244      279      0        
;

