
sets
i        orders          /0*80/
k        routes          /1*80/
p        positions       /0*80/
;

alias(i,j)
alias(i,h)
alias(i,hh)
alias(i,jj)
alias(k,kk)
                
                    Parameters

rho(i)	Processing time
/
0	0
1	62
2	9
3	60
4	27
5	41
6	84
7	66
8	43
9	85
10	14
11	56
12	81
13	17
14	87
15	21
16	60
17	42
18	45
19	81
20	82
21	11
22	69
23	42
24	89
25	16
26	65
27	88
28	3
29	93
30	8
31	74
32	43
33	20
34	18
35	11
36	57
37	98
38	59
39	61
40	86
41	39
42	37
43	40
44	89
45	21
46	97
47	42
48	19
49	68
50	43
51	38
52	74
53	39
54	96
55	42
56	96
57	63
58	59
59	53
60	80
61	36
62	88
63	75
64	27
65	95
66	34
67	81
68	44
69	78
70	48
71	96
72	30
73	43
74	28
75	1
76	26
77	48
78	85
79	25
80	53
/

gamma(i)	Duedate
/
0	0
1	85
2	83
3	66
4	28
5	57
6	19
7	57
8	96
9	36
10	36
11	75
12	29
13	60
14	7
15	57
16	91
17	87
18	82
19	52
20	36
21	76
22	18
23	91
24	60
25	6
26	12
27	70
28	3
29	69
30	97
31	90
32	36
33	76
34	24
35	46
36	6
37	6
38	8
39	8
40	1
41	7
42	20
43	20
44	12
45	62
46	81
47	69
48	72
49	1
50	89
51	18
52	36
53	39
54	4
55	25
56	97
57	25
58	66
59	62
60	78
61	71
62	91
63	64
64	8
65	94
66	56
67	6
68	18
69	3
70	83
71	34
72	88
73	66
74	12
75	53
76	79
77	44
78	80
79	35
80	39
/

sigma(i)	Size
/
0	0
1	4
2	6
3	2
4	2
5	5
6	1
7	6
8	2
9	3
10	9
11	3
12	8
13	1
14	3
15	1
16	7
17	6
18	9
19	3
20	7
21	1
22	9
23	9
24	6
25	3
26	5
27	9
28	7
29	8
30	8
31	9
32	8
33	3
34	8
35	9
36	9
37	4
38	7
39	7
40	1
41	1
42	4
43	2
44	2
45	1
46	5
47	8
48	4
49	3
50	2
51	5
52	8
53	3
54	4
55	4
56	6
57	1
58	6
59	5
60	5
61	4
62	5
63	1
64	5
65	4
66	3
67	5
68	5
69	5
70	8
71	6
72	3
73	3
74	9
75	7
76	1
77	2
78	2
79	7
80	5
/

epsilon(i)	Priority
/
0	0
1	7
2	1
3	4
4	2
5	1
6	6
7	9
8	5
9	8
10	9
11	3
12	9
13	6
14	3
15	6
16	3
17	9
18	7
19	1
20	3
21	5
22	9
23	2
24	8
25	3
26	4
27	7
28	6
29	9
30	1
31	4
32	5
33	9
34	4
35	7
36	5
37	2
38	2
39	2
40	7
41	4
42	2
43	6
44	3
45	7
46	2
47	5
48	1
49	2
50	9
51	7
52	2
53	7
54	9
55	1
56	7
57	9
58	4
59	4
60	6
61	3
62	3
63	5
64	3
65	2
66	2
67	2
68	6
69	5
70	3
71	9
72	7
73	8
74	1
75	4
76	4
77	7
78	7
79	3
80	7
/

psi	Vehicle Capacity
/ 31 /
;

Table kappa(i,j)                 Setup
         0        1        2        3        4        5        6        7        8        9        10       11       12       13       14       15       16       17       18       19       20       21       22       23       24       25       26       27       28       29       30       31       32       33       34       35       36       37       38       39       40       41       42       43       44       45       46       47       48       49       50       51       52       53       54       55       56       57       58       59       60       61       62       63       64       65       66       67       68       69       70       71       72       73       74       75       76       77       78       79       80       
0        0        1450     1551     1721     750      1939     1492     2327     1074     1607     941      575      717      854      2362     2093     2298     1643     2357     335      132      1305     147      1309     1132     1881     1685     2919     1076     2086     382      1008     2318     169      1535     1828     1569     217      1950     1888     431      1818     2236     884      620      956      1826     2267     1566     2272     1890     2269     2534     1321     1676     2200     2221     1404     2332     2317     2704     687      1414     392      1190     1675     2132     1772     1897     1365     2122     940      1872     2072     425      690      1951     1102     1757     2043     1098     
1        1450     0        1521     496      1340     769      44       1330     1095     672      509      1555     976      943      1007     795      1218     762      1327     1459     1333     1237     1303     517      452      1186     1121     1569     532      1086     1264     789      1200     1354     140      1037     703      1255     850      861      1377     623      914      593      839      1277     1058     829      217      944      982      1230     1328     1505     392      750      1189     573      1366     868      1356     1255     469      1637     313      825      1031     856      577      1006     719      637      421      1257     1204     834      528      770      582      628      871      
2        1551     1521     0        1279     2092     2290     1528     2849     2161     2144     1376     2071     940      1886     1742     1491     1308     915      1286     1837     1552     311      1493     1878     1124     723      569      2136     1698     2602     1746     1881     1365     1626     1659     814      2155     1548     2370     2373     1870     2144     2386     1219     1444     594      2520     2146     1738     1637     948      1245     1614     258      1913     2009     1212     964      2884     2098     1967     863      1070     1940     1570     878      1248     2343     1442     2278     1701     1057     1756     910      1732     1124     1947     1939     2102     1684     706      
3        1721     496      1279     0        1774     1135     467      1698     1576     1138     854      1948     1087     1394     644      372      724      375      831      1809     1626     1059     1582     1013     588      764      766      1198     998      1478     1625     1260     709      1664     578      607      1179     1559     1236     1274     1751     1007     1140     846      1174     1243     1516     866      648      551      520      733      863      1346     792      730      693      384      1742     823      983      1325     322      1982     774      427      536      1302     192      1502     459      785      498      791      1571     1034     699      1254     987      417      810      
4        750      1340     2092     1774     0        1518     1383     1765     426      1161     933      315      1152     402      2348     2122     2469     1855     2557     444      652      1798     695      950      1256     2204     2041     2910     814      1556     385      584      2468     586      1358     2104     1104     606      1490     1406     322      1438     1864     1008     681      1527     1246     2026     1349     2281     2120     2460     2638     1907     1385     2006     2414     1587     1757     2116     2697     1284     1546     550      1027     1906     2284     1267     1904     753      2058     1155     1715     2360     374      987      1716     649      1381     1965     1465     
5        1939     769      2290     1135     1518     0        762      567      1116     357      1100     1815     1664     1157     1310     1249     1758     1483     1880     1820     1807     2005     1799     630      1199     1896     1865     1761     865      345      1634     968      1717     1798     630      1740     415      1722     109      190      1703     147      357      1248     1340     2014     503      665      551      1309     1654     1793     1748     2268     376      737      1764     1335     608      801      1588     1946     1229     1988     821      1543     1595     313      1091     831      1024     1350     674      1922     1572     1481     499      884      199      947      1631     
6        1492     44       1528     467      1383     762      0        1326     1134     686      551      1599     1008     986      964      756      1186     749      1297     1502     1376     1249     1345     549      477      1173     1115     1526     573      1085     1308     829      1166     1397     133      1022     721      1298     847      863      1421     618      891      631      882      1301     1071     791      214      903      962      1200     1290     1519     386      709      1160     573      1363     827      1313     1286     468      1681     356      812      1000     865      538      1037     675      668      380      1237     1248     870      494      809      581      584      889      
7        2327     1330     2849     1698     1765     567      1326     0        1338     756      1595     2079     2169     1482     1789     1776     2288     2050     2411     2143     2195     2559     2198     1069     1743     2461     2432     2161     1310     256      1979     1319     2242     2170     1193     2304     776      2112     479      485      2016     708      666      1754     1777     2541     518      1076     1113     1808     2215     2329     2241     2816     939      1193     2303     1900     55       1216     2019     2444     1794     2294     1330     2110     2135     564      1639     1012     1532     1875     1220     2479     1921     1972     1027     1225     747      1467     2177     
8        1074     1095     2161     1576     426      1116     1134     1338     0        763      829      741      1245     279      2085     1890     2297     1738     2398     827      951      1851     976      617      1156     2130     1994     2634     579      1130     694      320      2285     905      1074     2008     702      880      1078     990      697      1052     1469     961      729      1651     819      1673     1045     2032     1996     2299     2424     2017     1040     1674     2256     1477     1331     1777     2427     1448     1411     963      801      1795     2108     848      1672     326      1783     1126     1413     2257     649      1043     1377     325      1000     1688     1474     
9        1607     672      2144     1138     1161     357      686      756      763      0        840      1458     1414     803      1475     1349     1833     1434     1950     1469     1475     1843     1471     314      1021     1858     1789     1982     556      501      1288     617      1803     1460     562      1708     64       1390     344      283      1350     294      706      1002     1030     1793     386      940      489      1450     1647     1856     1880     2086     375      969      1820     1234     776      1059     1791     1688     1134     1635     585      1497     1654     201      1155     500      1171     1131     785      1922     1226     1216     680      529      251      1081     1451     
10       941      509      1376     854      933      1100     551      1595     829      840      0        1093     574      586      1466     1217     1536     929      1624     966      824      1065     794      535      332      1304     1165     2031     323      1339     776      520      1537     847      598      1189     831      747      1144     1112     899      960      1344     165      334      958      1181     1329     639      1387     1192     1527     1715     1276     774      1258     1481     662      1617     1376     1815     850      613      1143     280      982      1351     1040     1005     902      1202     319      931      1442     720      381      1017     566      902      1117     671      
11       575      1555     2071     1948     315      1815     1599     2079     741      1458     1093     0        1156     666      2552     2309     2612     1974     2690     242      526      1797     583      1223     1389     2285     2105     3117     1052     1868     345      857      2619     451      1594     2202     1404     523      1793     1712     211      1726     2155     1125     783      1481     1560     2289     1596     2477     2236     2596     2806     1859     1652     2257     2548     1710     2072     2371     2902     1219     1686     260      1246     2018     2431     1575     2095     1067     2274     1248     1952     2457     385      1035     1974     934      1668     2184     1512     
12       717      976      940      1087     1152     1664     1008     2169     1245     1414     574      1156     0        966      1728     1449     1593     942      1645     938      671      647      613      1106     543      1164     970      2266     879      1913     818      997      1618     736      1101     1111     1404     642      1714     1686     948      1521     1879     417      516      409      1747     1792     1161     1630     1178     1560     1844     773      1318     1693     1513     727      2191     1808     2055     282      765      1072     844      968      1435     1613     1277     1412     1530     340      1368     1354     798      210      1503     1072     1465     1465     380      
13       854      943      1886     1394     402      1157     986      1482     279      803      586      666      966      0        1951     1732     2103     1513     2197     668      724      1577     738      557      918      1890     1744     2511     413      1250     496      191      2097     691      956      1776     753      645      1145     1070     547      1062     1491     701      450      1372     974      1629     947      1887     1776     2099     2255     1738     989      1605     2054     1247     1484     1716     2299     1171     1192     832      631      1568     1915     942      1513     515      1658     863      1313     2028     439      765      1316     273      1003     1565     1206     
14       2362     1007     1742     644      2348     1310     964      1789     2085     1475     1466     2552     1728     1951     0        281      589      871      702      2432     2263     1595     2221     1473     1229     1057     1173     565      1538     1635     2242     1791     526      2298     1010     933      1533     2194     1419     1493     2363     1236     1127     1481     1796     1843     1792     721      1045     106      798      652      453      1873     1103     595      650      1007     1842     591      350      1955     963      2607     1320     887      527      1577     465      1935     306      1429     692      945      2186     1677     816      1761     1249     400      1424     
15       2093     795      1491     372      2122     1249     756      1776     1890     1349     1217     2309     1449     1732     281      0        512      598      635      2178     1998     1326     1955     1294     960      840      928      825      1325     1591     1991     1584     468      2036     829      700      1401     1931     1357     1418     2116     1149     1142     1217     1542     1564     1698     774      880      181      569      555      538      1607     976      628      533      726      1826     676      611      1674     686      2351     1101     620      370      1480     218      1774     261      1156     579      770      1937     1405     752      1565     1148     309      1143     
16       2298     1218     1308     724      2469     1758     1186     2288     2297     1833     1536     2612     1593     2103     589      512      0        654      122      2447     2225     1250     2174     1735     1223     585      764      833      1718     2102     2275     1979     67       2276     1286     528      1880     2171     1867     1923     2407     1653     1650     1486     1828     1575     2195     1267     1349     519      423      69       305      1493     1466     1126     96       905      2338     1153     686      1755     927      2609     1495     625      188      1977     679      2224     763      1376     1085     410      2228     1616     1264     1977     1648     821      1226     
17       1643     762      915      375      1855     1483     749      2050     1738     1434     929      1974     942      1513     871      598      654      0        719      1799     1571     728      1520     1249     599      423      391      1357     1167     1820     1633     1418     676      1624     880      278      1465     1519     1578     1605     1766     1347     1512     852      1193     980      1820     1237     958      765      264      627      904      1011     1121     1097     580      268      2091     1183     1157     1124     328      1958     961      62       493      1615     526      1728     787      728      871      519      1589     963      1071     1436     1318     768      586      
18       2357     1327     1286     831      2557     1880     1297     2411     2398     1950     1624     2690     1645     2197     702      635      122      719      0        2518     2289     1257     2236     1844     1305     572      767      884      1818     2224     2351     2079     177      2342     1400     549      1996     2238     1988     2044     2483     1774     1773     1565     1907     1597     2314     1389     1464     637      467      98       356      1486     1585     1248     143      980      2461     1273     760      1791     1011     2677     1597     682      297      2096     798      2333     886      1447     1206     375      2305     1682     1387     2080     1768     944      1271     
19       335      1459     1837     1809     444      1820     1502     2143     827      1469     966      242      938      668      2432     2178     2447     1799     2518     0        286      1570     345      1200     1232     2087     1901     2997     997      1917     196      852      2458     212      1517     2014     1421     296      1813     1739     130      1715     2144     968      636      1246     1629     2235     1531     2352     2057     2425     2657     1622     1611     2188     2378     1541     2142     2304     2781     981      1529     178      1163     1839     2270     1610     1969     1144     2167     1071     1871     2266     258      841      1917     940      1655     2081     1306     
20       132      1333     1552     1626     652      1807     1376     2195     951      1475     824      526      671      724      2263     1998     2225     1571     2289     286      0        1290     59       1177     1038     1832     1641     2823     946      1954     270      875      2241     75       1414     1770     1436     85       1817     1756     349      1687     2106     782      497      960      1695     2145     1442     2176     1823     2199     2452     1335     1549     2082     2151     1324     2200     2199     2608     694      1326     401      1066     1607     2055     1640     1798     1237     2016     854      1755     2018     304      608      1829     969      1626     1935     1047     
21       1305     1237     311      1059     1798     2005     1249     2559     1851     1843     1065     1797     647      1577     1595     1326     1250     728      1257     1570     1290     0        1230     1571     822      690      490      2047     1387     2309     1464     1570     1296     1361     1377     722      1852     1275     2081     2080     1591     1858     2125     907      1139     374      2216     1915     1455     1489     842      1196     1547     286      1630     1785     1155     706      2592     1882     1859     628      807      1687     1264     708      1148     2044     1238     1966     1506     746      1509     898      1445     819      1693     1627     1814     1475     396      
22       147      1303     1493     1582     695      1799     1345     2198     976      1471     794      583      613      738      2221     1955     2174     1520     2236     345      59       1230     0        1169     994      1776     1584     2780     934      1955     310      880      2191     133      1388     1715     1435     95       1812     1753     400      1676     2092     742      474      901      1703     2120     1419     2133     1770     2147     2403     1276     1531     2053     2099     1274     2205     2170     2565     636      1280     459      1043     1554     2005     1640     1756     1253     1979     806      1725     1962     335      559      1804     974      1615     1898     991      
23       1309     517      1878     1013     950      630      549      1069     617      314      535      1223     1106     557      1473     1294     1735     1249     1844     1200     1177     1571     1169     0        758      1668     1573     2017     242      815      1011     367      1716     1168     466      1527     297      1092     646      596      1089     515      943      699      718      1493     649      1075     429      1426     1487     1747     1832     1800     434      1062     1706     1018     1088     1170     1812     1377     928      1373     310      1311     1549     508      1081     488      1169     839      796      1760     948      905      768      305      455      1075     1175     
24       1132     452      1124     588      1256     1199     477      1743     1156     1021     332      1389     543      918      1229     960      1223     599      1305     1232     1038     822      994      758      0        974      842      1786     609      1490     1054     841      1230     1078     588      857      1031     973      1267     1260     1184     1051     1367     264      605      825      1396     1251     658      1140     864      1209     1424     1072     829      1150     1162     331      1773     1264     1571     815      297      1401     448      651      1042     1221     766      1194     1003     208      826      1110     1005     449      969      874      1002     931      434      
25       1881     1186     723      764      2204     1896     1173     2461     2130     1858     1304     2285     1164     1890     1057     840      585      423      572      2087     1832     690      1776     1668     974      0        205      1414     1569     2236     1940     1813     642      1894     1302     157      1889     1794     1994     2025     2074     1763     1896     1199     1525     1045     2243     1581     1380     957      273      523      891      914      1540     1436     489      657      2504     1503     1250     1262     740      2232     1373     361      538      2038     864      2141     1085     1050     1258     207      1904     1250     1460     1838     1737     1096     785      
26       1685     1121     569      766      2041     1865     1115     2432     1994     1789     1165     2105     970      1744     1173     928      764      391      767      1901     1641     490      1584     1573     842      205      0        1578     1450     2198     1761     1682     815      1704     1249     246      1814     1607     1957     1979     1894     1726     1904     1045     1359     840      2175     1622     1329     1069     380      708      1066     730      1497     1480     669      556      2472     1559     1402     1058     654      2042     1268     338      682      1977     903      2032     1151     888      1263     412      1727     1070     1462     1716     1694     1145     595      
27       2919     1569     2136     1198     2910     1761     1526     2161     2634     1982     2031     3117     2266     2511     565      825      833      1357     884      2997     2823     2047     2780     2017     1786     1414     1578     0        2098     2054     2808     2347     773      2860     1562     1333     2043     2755     1865     1951     2929     1716     1502     2042     2361     2337     2262     1103     1588     647      1205     900      530      2307     1621     1025     927      1539     2216     963      215      2476     1509     3172     1882     1356     899      2055     1028     2462     853      1981     1222     1243     2752     2231     1303     2312     1741     947      1938     
28       1076     532      1698     998      814      865      573      1310     579      556      323      1052     879      413      1538     1325     1718     1167     1818     997      946      1387     934      242      609      1569     1450     2098     0        1056     802      261      1707     943      545      1440     534      861      887      838      895      742      1161     487      476      1275     868      1241     543      1476     1421     1720     1853     1600     614      1205     1676     912      1326     1318     1886     1144     839      1173     224      1226     1529     746      1106     586      1245     642      903      1686     739      673      924      269      680      1152     991      
29       2086     1086     2602     1478     1556     345      1085     256      1130     501      1339     1868     1913     1250     1635     1591     2102     1820     2224     1917     1954     2309     1955     815      1490     2236     2198     2054     1056     0        1746     1079     2059     1932     951      2081     524      1870     242      230      1791     473      560      1498     1526     2285     331      951      871      1642     1998     2138     2080     2563     701      1048     2109     1658     282      1092     1895     2188     1553     2072     1074     1881     1940     314      1436     808      1359     1619     1019     2266     1687     1716     838      986      504      1286     1924     
30       382      1264     1746     1625     385      1634     1308     1979     694      1288     776      345      818      496      2242     1991     2275     1633     2351     196      270      1464     310      1011     1054     1940     1761     2808     802      1746     0        671      2284     212      1321     1858     1242     221      1632     1562     134      1527     1954     789      451      1165     1469     2039     1335     2163     1894     2257     2477     1546     1416     1992     2209     1370     1981     2108     2592     912      1352     374      967      1676     2096     1437     1781     995      1974     905      1675     2112     62       690      1721     763      1466     1887     1168     
31       1008     789      1881     1260     584      968      829      1319     320      617      520      857      997      191      1791     1584     1979     1418     2079     852      875      1570     880      367      841      1813     1682     2347     261      1079     671      0        1969     852      786      1689     570      792      961      890      734      871      1301     665      505      1406     824      1441     769      1732     1676     1981     2114     1756     801      1422     1937     1159     1325     1532     2137     1233     1091     1019     486      1476     1791     767      1365     415      1493     830      1137     1937     611      788      1131     94       812      1399     1183     
32       2318     1200     1365     709      2468     1717     1166     2242     2285     1803     1537     2619     1618     2097     526      468      67       676      177      2458     2241     1296     2191     1716     1230     642      815      773      1707     2059     2284     1969     0        2291     1261     574      1852     2186     1826     1885     2415     1615     1599     1494     1835     1614     2161     1212     1321     460      460      136      251      1545     1433     1072     155      918      2292     1096     620      1788     932      2622     1484     652      187      1942     648      2203     712      1389     1045     473      2235     1633     1221     1964     1612     774      1255     
33       169      1354     1626     1664     586      1798     1397     2170     905      1460     847      451      736      691      2298     2036     2276     1624     2342     212      75       1361     133      1168     1078     1894     1704     2860     943      1932     212      852      2291     0        1428     1828     1418     105      1804     1739     276      1682     2104     818      514      1034     1665     2157     1452     2213     1878     2251     2498     1410     1552     2098     2204     1372     2173     2216     2644     769      1370     338      1077     1661     2103     1619     1833     1199     2046     901      1774     2077     256      660      1840     945      1621     1962     1109     
34       1535     140      1659     578      1358     630      133      1193     1074     562      598      1594     1101     956      1010     829      1286     880      1400     1517     1414     1377     1388     466      588      1302     1249     1562     545      951      1321     786      1261     1428     0        1150     601      1333     714      730      1426     485      781      705      916      1413     943      731      80       960      1085     1304     1367     1645     254      672      1266     707      1230     788      1353     1382     601      1695     353      942      1103     735      618      945      709      766      358      1360     1259     948      418      751      447      615      1010     
35       1828     1037     814      607      2104     1740     1022     2304     2008     1708     1189     2202     1111     1776     933      700      528      278      549      2014     1770     722      1715     1527     857      157      246      1333     1440     2081     1858     1689     574      1828     1150     0        1741     1726     1838     1870     1992     1608     1740     1096     1431     1049     2093     1429     1228     830      135      477      825      974      1385     1283     435      530      2347     1354     1155     1243     603      2165     1238     216      435      1886     710      2005     938      956      1101     255      1819     1173     1302     1710     1583     944      732      
36       1569     703      2155     1179     1104     415      721      776      702      64       831      1404     1404     753      1533     1401     1880     1465     1996     1421     1436     1852     1435     297      1031     1889     1814     2043     534      524      1242     570      1852     1418     601      1741     0        1352     391      320      1301     359      767      995      1002     1789     365      1004     532      1505     1684     1902     1934     2089     430      1032     1865     1258     792      1123     1851     1675     1160     1585     588      1528     1700     212      1204     436      1228     1130     841      1959     1181     1202     742      480      315      1137     1458     
37       217      1255     1548     1559     606      1722     1298     2112     880      1390     747      523      642      645      2194     1931     2171     1519     2238     296      85       1275     95       1092     973      1794     1607     2755     861      1870     221      792      2186     105      1333     1726     1352     0        1733     1671     326      1602     2022     713      417      959      1614     2064     1360     2108     1774     2147     2392     1339     1465     2002     2100     1267     2118     2119     2540     700      1265     439      984      1557     1998     1556     1729     1160     1943     796      1676     1976     241      556      1747     887      1541     1860     1011     
38       1950     850      2370     1236     1490     109      847      479      1078     344      1144     1793     1714     1145     1419     1357     1867     1578     1988     1813     1817     2081     1812     646      1267     1994     1957     1865     887      242      1632     961      1826     1804     714      1838     391      1733     0        98       1692     231      425      1297     1364     2075     406      766      633      1418     1756     1901     1857     2340     461      843      1871     1421     516      903      1695     1994     1315     1977     870      1639     1702     240      1197     778      1134     1408     782      2024     1571     1525     609      872      268      1056     1701     
39       1888     861      2373     1274     1406     190      863      485      990      283      1112     1712     1686     1070     1493     1418     1923     1605     2044     1739     1756     2080     1753     596      1260     2025     1979     1951     838      230      1562     890      1885     1739     730      1870     320      1671     98       0        1617     270      524      1270     1313     2055     312      856      649      1487     1794     1955     1926     2332     485      926      1924     1435     513      991      1777     1962     1330     1901     845      1667     1755     144      1249     685      1202     1389     839      2065     1501     1491     678      799      287      1122     1694     
40       431      1377     1870     1751     322      1703     1421     2016     697      1350     899      211      948      547      2363     2116     2407     1766     2483     130      349      1591     400      1089     1184     2074     1894     2929     895      1791     134      734      2415     276      1426     1992     1301     326      1692     1617     0        1602     2032     920      579      1285     1500     2137     1435     2286     2027     2389     2606     1664     1506     2096     2342     1503     2014     2211     2714     1026     1482     285      1074     1809     2227     1487     1904     1014     2091     1039     1783     2246     179      824      1819     820      1542     2003     1301     
41       1818     623      2144     1007     1438     147      618      708      1052     294      960      1726     1521     1062     1236     1149     1653     1347     1774     1715     1687     1858     1676     515      1051     1763     1726     1716     742      473      1527     871      1615     1682     485      1608     359      1602     231      270      1602     0        429      1105     1212     1868     556      649      405      1225     1527     1685     1663     2121     231      693      1653     1191     747      774      1534     1802     1085     1887     680      1408     1484     341      978      795      940      1204     570      1797     1464     1340     420      792      61       857      1483     
42       2236     914      2386     1140     1864     357      891      666      1469     706      1344     2155     1879     1491     1127     1142     1650     1512     1773     2144     2106     2125     2092     943      1367     1896     1904     1502     1161     560      1954     1301     1599     2104     781      1740     767      2022     425      524      2032     429      0        1473     1622     2192     825      410      718      1153     1634     1697     1580     2402     569      532      1675     1423     720      550      1353     2161     1319     2316     1066     1567     1510     663      1038     1189     887      1546     641      1883     1891     1715     442      1221     489      835      1779     
43       884      593      1219     846      1008     1248     631      1754     961      1002     165      1125     417      701      1481     1217     1486     852      1565     968      782      907      742      699      264      1199     1045     2042     487      1498     789      665      1494     818      705      1096     995      713      1297     1270     920      1105     1473     0        342      793      1346     1422     757      1394     1116     1470     1689     1112     907      1338     1423     585      1777     1455     1826     697      562      1137     427      900      1306     1202     1015     1059     1237     165      1008     1352     741      243      1118     720      1048     1159     517      
44       620      839      1444     1174     681      1340     882      1777     729      1030     334      783      516      450      1796     1542     1828     1193     1907     636      497      1139     474      718      605      1525     1359     2361     476      1526     451      505      1835     514      916      1431     1002     417      1364     1313     579      1212     1622     342      0        922      1308     1647     945      1715     1456     1812     2026     1288     1058     1585     1765     927      1790     1702     2145     730      903      811      569      1239     1648     1213     1333     919      1536     475      1259     1686     400      320      1331     590      1151     1451     787      
45       956      1277     594      1243     1527     2014     1301     2541     1651     1793     958      1481     409      1372     1843     1564     1575     980      1597     1246     960      374      901      1493     825      1045     840      2337     1275     2285     1165     1406     1614     1034     1413     1049     1789     959      2075     2055     1285     1868     2192     793      922      0        2140     2047     1483     1739     1154     1527     1860     381      1651     1930     1483     859      2566     2038     2138     268      938      1345     1210     980      1450     1994     1434     1820     1703     666      1623     1252     1158     618      1784     1479     1815     1655     436      
46       1826     1058     2520     1516     1246     503      1071     518      819      386      1181     1560     1747     974      1792     1698     2195     1820     2314     1629     1695     2216     1703     649      1396     2243     2175     2262     868      331      1469     824      2161     1665     943      2093     365      1614     406      312      1500     556      825      1346     1308     2140     0        1169     868      1781     2029     2222     2218     2449     729      1236     2188     1620     513      1304     2085     2010     1521     1776     951      1882     2020     218      1516     493      1496     1488     1121     2303     1413     1541     976      730      550      1412     1820     
47       2267     829      2146     866      2026     665      791      1076     1673     940      1329     2289     1792     1629     721      774      1267     1237     1389     2235     2145     1915     2120     1075     1251     1581     1622     1103     1241     951      2039     1441     1212     2157     731      1429     1004     2064     766      856      2137     649      410      1422     1647     2047     1169     0        705      757      1310     1319     1175     2201     640      146      1302     1212     1131     141      946      2066     1118     2413     1080     1284     1143     972      720      1440     512      1452     425      1539     1977     1662     318      1379     689      485      1614     
48       1566     217      1738     648      1349     551      214      1113     1045     489      639      1596     1161     947      1045     880      1349     958      1464     1531     1442     1455     1419     429      658      1380     1329     1588     543      871      1335     769      1321     1452     80       1228     532      1360     633      649      1435     405      718      757      945      1483     868      705      0        1002     1160     1369     1417     1720     174      661      1332     787      1149     775      1383     1443     682      1709     376      1021     1167     658      675      895      740      829      369      1435     1273     1000     387      726      366      645      1085     
49       2272     944      1637     551      2281     1309     903      1808     2032     1450     1387     2477     1630     1887     106      181      519      765      637      2352     2176     1489     2133     1426     1140     957      1069     647      1476     1642     2163     1732     460      2213     960      830      1505     2108     1418     1487     2286     1225     1153     1394     1715     1739     1781     757      1002     0        695      577      439      1767     1075     621      570      907      1860     636      431      1854     867      2526     1256     780      435      1563     382      1897     285      1336     665      853      2108     1586     810      1707     1232     370      1321     
