
sets
i        orders          /0*80/
k        routes          /1*80/
p        positions       /0*80/
;

alias(i,j)
alias(i,h)
alias(i,hh)
alias(i,jj)
alias(k,kk)
                
                    Parameters

rho(i)	Processing time
/
0	0
1	94
2	14
3	32
4	91
5	10
6	74
7	94
8	76
9	6
10	23
11	69
12	56
13	42
14	28
15	33
16	43
17	78
18	51
19	95
20	38
21	90
22	85
23	26
24	26
25	94
26	44
27	73
28	70
29	14
30	37
31	58
32	4
33	82
34	54
35	58
36	96
37	41
38	97
39	45
40	54
41	43
42	38
43	97
44	43
45	56
46	85
47	91
48	80
49	86
50	61
51	50
52	57
53	62
54	83
55	86
56	16
57	47
58	25
59	67
60	82
61	20
62	90
63	94
64	99
65	82
66	9
67	66
68	73
69	44
70	24
71	2
72	64
73	75
74	19
75	44
76	7
77	30
78	21
79	90
80	51
/

gamma(i)	Duedate
/
0	0
1	86
2	84
3	12
4	41
5	89
6	90
7	48
8	63
9	47
10	63
11	64
12	42
13	17
14	39
15	30
16	7
17	63
18	54
19	39
20	78
21	59
22	63
23	39
24	63
25	48
26	42
27	16
28	82
29	85
30	88
31	79
32	70
33	38
34	60
35	21
36	44
37	99
38	53
39	48
40	47
41	62
42	18
43	91
44	12
45	71
46	47
47	81
48	96
49	33
50	75
51	66
52	78
53	72
54	77
55	48
56	11
57	92
58	30
59	47
60	84
61	49
62	38
63	52
64	8
65	86
66	60
67	92
68	7
69	11
70	80
71	24
72	11
73	64
74	95
75	54
76	26
77	31
78	55
79	11
80	31
/

sigma(i)	Size
/
0	0
1	8
2	6
3	3
4	4
5	1
6	1
7	1
8	7
9	5
10	6
11	7
12	2
13	3
14	2
15	5
16	6
17	7
18	9
19	9
20	3
21	3
22	2
23	6
24	6
25	8
26	8
27	6
28	2
29	4
30	3
31	4
32	2
33	7
34	6
35	9
36	9
37	6
38	1
39	1
40	6
41	1
42	4
43	2
44	1
45	8
46	6
47	5
48	9
49	9
50	2
51	8
52	3
53	3
54	5
55	6
56	8
57	2
58	9
59	2
60	7
61	6
62	8
63	1
64	9
65	6
66	4
67	8
68	1
69	3
70	6
71	3
72	6
73	8
74	4
75	9
76	9
77	4
78	1
79	7
80	2
/

epsilon(i)	Priority
/
0	0
1	8
2	2
3	4
4	4
5	7
6	1
7	5
8	5
9	1
10	8
11	8
12	3
13	2
14	7
15	4
16	2
17	2
18	4
19	1
20	4
21	4
22	5
23	5
24	7
25	4
26	2
27	8
28	4
29	7
30	4
31	5
32	9
33	5
34	8
35	7
36	1
37	7
38	6
39	4
40	3
41	3
42	9
43	2
44	3
45	8
46	7
47	7
48	8
49	8
50	3
51	5
52	3
53	3
54	1
55	6
56	5
57	1
58	4
59	7
60	7
61	3
62	4
63	8
64	4
65	4
66	1
67	9
68	3
69	7
70	2
71	1
72	8
73	5
74	1
75	2
76	4
77	4
78	4
79	2
80	1
/

psi	Vehicle Capacity
/ 24 /
;

Table kappa(i,j)                 Setup
         0        1        2        3        4        5        6        7        8        9        10       11       12       13       14       15       16       17       18       19       20       21       22       23       24       25       26       27       28       29       30       31       32       33       34       35       36       37       38       39       40       41       42       43       44       45       46       47       48       49       50       51       52       53       54       55       56       57       58       59       60       61       62       63       64       65       66       67       68       69       70       71       72       73       74       75       76       77       78       79       80       
0        0        1356     2292     1637     1693     73       1061     1147     1547     854      934      838      2313     501      1912     836      2497     1659     1800     943      1734     2127     1031     1489     678      816      2082     974      2089     252      1927     946      773      292      541      283      1597     2329     2055     2328     418      1144     1755     1001     1331     1763     1260     1739     1026     610      581      781      1933     1578     568      1850     1404     2251     2296     906      736      1448     1511     1838     896      2321     915      303      1452     1677     2009     899      330      2056     1446     1625     2116     1592     1461     853      1053     
1        1356     0        1062     709      471      1402     402      221      1511     664      740      552      1164     1197     1126     761      1424     1563     482      911      1151     821      1471     163      1344     596      1046     710      745      1540     911      1020     731      1103     850      1345     1611     1045     827      1296     1494     748      829      1583     196      742      647      1596     678      1037     1587     1363     628      1545     793      604      917      987      1141     881      702      474      1802     545      1290     970      727      1153     985      329      1207     479      1412     1019     598      844      940      294      825      1360     1529     
2        2292     1062     0        719      1150     2351     1234     1273     2501     1723     1409     1588     1499     2237     1869     1822     1774     2532     595      1970     2010     1006     2530     1031     2400     1639     1591     1770     823      2415     1542     2079     1784     2088     1859     2188     2603     1148     1208     466      2291     1244     1585     2645     991      580      1654     2546     1310     1791     2325     1982     988      2533     1780     1124     1883     112      189      1505     1556     1395     2833     520      2352     536      1419     2025     1940     771      1909     1513     2237     421      1525     1696     198      767      998      1941     2589     
3        1637     709      719      0        1077     1703     640      837      2204     1249     715      1072     1687     1681     1808     1352     1971     2263     570      1542     1857     1219     2079     797      1875     1127     1655     1349     1054     1731     1545     1649     1286     1475     1283     1499     2302     1436     1337     696      1588     531      1503     2169     531      139      1348     2300     617      1092     1612     1264     1084     2239     1190     1150     1623     724      673      795      908      1177     2463     521      1887     1014     729      1351     1693     648      1879     1005     1542     418      1305     1544     522      517      291      1222     2135     
4        1693     471      1150     1077     0        1725     867      588      1371     869      1207     856      695      1413     748      932      953      1391     597      989      861      444      1517     315      1499     877      586      820      472      1907     468      1085     952      1412     1153     1737     1472     635      373      1512     1900     1218     447      1653     651      1060     591      1399     1149     1476     2009     1818     265      1400     1130     156      758      1047     1290     1348     1133     305      1733     682      1370     826      1192     1541     807      446      810      801      1809     1271     408      546      1105     561      1258     1821     1575     
5        73       1402     2351     1703     1725     0        1118     1189     1517     874      1003     873      2334     475      1915     847      2511     1630     1852     940      1730     2162     987      1531     636      847      2097     985      2129     275      1943     933      791      313      571      350      1562     2361     2083     2395     470      1213     1769     949      1384     1827     1273     1710     1093     684      631      851      1968     1547     609      1881     1403     2308     2359     978      798      1472     1463     1891     862      2369     983      376      1449     1725     2012     937      390      2121     1463     1634     2177     1644     1530     923      1006     
6        1061     402      1234     640      867      1118     0        328      1640     630      340      442      1562     1042     1447     731      1815     1715     754      933      1415     1218     1450     565      1234     497      1424     754      1125     1207     1280     1035     655      857      646      993      1734     1445     1229     1330     1126     399      1169     1533     288      742      842      1764     292      647      1204     961      1028     1677     557      1006     1121     1190     1254     480      337      788      1857     782      1256     1290     325      811      1193     662      1536     383      1053     1046     884      1141     1065     550      600      957      1504     
7        1147     221      1273     837      588      1189     328      0        1369     450      654      331      1274     975      1118     551      1514     1433     702      717      1092     993      1272     342      1127     374      1112     519      942      1342     963      827      512      886      631      1158     1467     1208     961      1475     1316     725      844      1378     312      898      530      1475     619      889      1421     1237     798      1405     580      740      812      1203     1340     791      545      462      1630     761      1087     1188     635      963      883      550      1208     258      1228     1191     555      812      1140     507      884      1245     1330     
8        1547     1511     2501     2204     1371     1517     1640     1369     0        1033     1857     1224     1523     1046     878      948      1528     114      1912     737      619      1712     583      1484     895      1177     1241     888      1817     1792     1158     665      1045     1320     1234     1784     101      1783     1511     2801     1951     2015     1014     704      1672     2252     864      198      1877     1838     2113     2179     1602     36       1316     1452     618      2404     2618     1951     1610     1106     410      1994     655      2189     1830     1653     564      1736     931      1265     1852     2528     977      852      2421     1783     2238     2228     600      
9        854      664      1723     1249     869      874      630      450      1033     0        824      193      1459     551      1091     103      1644     1119     1146     305      960      1312     832      741      680      144      1228     161      1309     1091     1073     405      84       563      324      968      1121     1499     1215     1914     1144     985      904      930      752      1328     415      1178     845      864      1284     1228     1126     1069     353      1022     623      1652     1789     924      586      598      1227     1209     642      1602     797      783      687      984      1189     247      1044     1628     591      788      1590     956      1229     1262     888      
10       934      740      1409     715      1207     1003     340      654      1857     824      0        636      1902     1078     1766     910      2155     1944     1025     1122     1711     1547     1570     903      1295     680      1761     976      1441     1016     1615     1209     816      818      696      784      1944     1775     1568     1396     881      213      1498     1626     596      848      1127     2001     99       381      927      637      1360     1894     595      1345     1397     1389     1386     140      265      1116     2018     1033     1378     1562     27       640      1468     967      1858     609      829      1129     1200     1455     1221     837      529      625      1619     
11       838      552      1588     1072     856      873      442      331      1224     193      636      0        1500     649      1207     290      1710     1308     1030     498      1107     1289     1009     663      816      55       1295     340      1258     1051     1139     595      213      563      304      894      1314     1492     1222     1748     1064     791      984      1097     600      1160     531      1365     652      719      1190     1085     1095     1261     273      1013     778      1524     1640     742      410      633      1418     1085     815      1519     609      699      847      881      1304     75       968      1462     665      895      1443     829      1038     1112     1064     
12       2313     1164     1499     1687     695      2334     1562     1274     1523     1459     1902     1500     0        1953     646      1492     286      1488     1127     1467     904      500      1884     1003     1979     1509     285      1358     686      2544     410      1533     1542     2023     1775     2395     1607     373      352      1945     2563     1905     592      2032     1335     1634     1072     1457     1842     2163     2682     2510     603      1539     1771     564      1056     1386     1679     2043     1819     869      1932     1196     1790     990      1887     2200     1058     1045     614      1458     2469     1766     872      761      1540     1187     1910     2514     1934     
13       501      1197     2237     1681     1413     475      1042     975      1046     551      1078     649      1953     0        1476     480      2101     1158     1678     497      1273     1857     556      1289     223      601      1697     601      1860     748      1548     468      473      307      398      747      1098     2033     1743     2373     908      1285     1368     567      1246     1783     881      1238     1143     900      1071     1189     1673     1077     495      1562     959      2174     2283     1116     816      1126     1040     1735     400      2151     1052     645      997      1524     1570     724      811      2088     1086     1216     2087     1479     1584     1250     590      
14       1912     1126     1869     1808     748      1915     1447     1118     878      1091     1766     1207     646      1476     0        1082     670      842      1344     981      263      927      1290     1012     1449     1192     371      946      1077     2160     337      1015     1161     1624     1411     2057     961      941      708      2256     2234     1842     304      1439     1322     1804     679      813      1738     1925     2375     2291     883      893      1442     744      516      1759     2022     1898     1601     662      1289     1428     1231     1448     1744     1874     486      1194     97       1195     2133     2020     565      313      1845     1299     1952     2315     1335     
15       836      761      1822     1352     932      847      731      551      948      103      910      290      1492     480      1082     0        1663     1039     1241     211      928      1377     728      829      588      237      1249     138      1383     1080     1096     305      99       545      337      978      1034     1555     1266     2017     1156     1078     921      828      855      1432     425      1101     936      917      1302     1276     1194     985      392      1082     590      1749     1891     1003     662      648      1127     1306     538      1687     883      802      649      1077     1179     349      1054     1731     619      789      1691     1054     1329     1315     784      
16       2497     1424     1774     1971     953      2511     1815     1514     1528     1644     2155     1710     286      2101     670      1663     0        1474     1413     1605     930      784      1960     1267     2100     1711     416      1525     970      2735     572      1657     1724     2205     1967     2601     1601     630      634      2225     2773     2171     741      2108     1602     1920     1237     1428     2101     2396     2900     2750     887      1538     1974     836      1160     1662     1957     2295     2053     1080     1937     1482     1892     1255     2139     2408     1144     1327     600      1675     2676     2051     1054     885      1823     1467     2189     2759     2006     
17       1659     1563     2532     2263     1391     1630     1715     1433     114      1119     1944     1308     1488     1158     842      1039     1474     0        1948     830      592      1709     696      1526     1009     1263     1211     969      1825     1905     1141     766      1137     1429     1334     1894     131      1766     1502     2846     2062     2095     1009     813      1732     2306     916      84       1959     1938     2223     2282     1610     91       1414     1460     653      2432     2655     2042     1701     1140     469      2030     769      2199     1917     1759     592      1773     883      1345     1962     2576     1008     856      2459     1828     2310     2330     711      
18       1800     482      595      570      597      1852     754      702      1912     1146     1025     1030     1127     1678     1344     1241     1413     1948     0        1379     1451     648      1939     436      1826     1076     1129     1180     484      1960     1043     1487     1213     1566     1320     1748     2014     865      782      915      1878     931      1045     2057     470      506      1060     1967     934      1387     1945     1657     529      1944     1254     622      1296     510      706      1152     1091     807      2238     84       1764     538      1025     1565     1356     176      1400     955      1807     676      939      1132     513      207      828      1635     1998     
19       943      911      1970     1542     989      940      933      717      737      305      1122     498      1467     497      981      211      1605     830      1379     0        790      1424     560      949      519      447      1204     200      1457     1196     1059     109      307      666      513      1126     822      1580     1285     2193     1302     1288     877      680      1029     1614     409      896      1147     1112     1456     1464     1254     774      586      1127     465      1889     2051     1213     873      686      924      1449     388      1786     1094     965      509      1207     1076     550      1200     1909     617      720      1850     1205     1534     1508     619      
20       1734     1151     2010     1857     861      1730     1415     1092     619      960      1711     1107     904      1273     263      928      930      592      1451     790      0        1128     1037     1068     1221     1081     622      802      1257     1986     549      804      1018     1454     1265     1905     705      1174     916      2367     2082     1814     434      1184     1342     1872     583      574      1697     1820     2231     2186     1048     636      1312     900      338      1905     2151     1834     1515     680      1028     1536     993      1633     1687     1731     282      1286     332      1111     1980     2114     553      319      1963     1370     1965     2217     1080     
21       2127     821      1006     1219     444      2162     1218     993      1712     1312     1547     1289     500      1857     927      1377     784      1709     648      1424     1128     0        1934     662      1939     1314     600      1262     186      2333     590      1516     1396     1850     1590     2152     1809     229      219      1446     2308     1509     700      2075     952      1151     1018     1701     1472     1858     2406     2179     195      1736     1560     297      1131     893      1182     1686     1522     739      2099     709      1798     527      1538     1957     1164     604      945      1229     2222     1267     817      861      1040     750      1464     2172     1990     
22       1031     1471     2530     2079     1517     987      1450     1272     583      832      1570     1009     1884     556      1290     728      1960     696      1939     560      1037     1934     0        1508     352      953      1602     760      1990     1260     1479     451      795      863      877      1296     601      2063     1769     2745     1448     1763     1302     148      1581     2160     925      780      1618     1446     1611     1746     1779     605      977      1641     830      2450     2610     1631     1305     1213     484      2010     194      2332     1543     1202     826      1767     1369     1074     1356     2459     1117     1127     2410     1765     2038     1805     58       
23       1489     163      1031     797      315      1531     565      342      1484     741      903      663      1003     1289     1012     829      1267     1526     436      949      1068     662      1508     0        1417     700      898      753      600      1683     770      1057     816      1225     968      1494     1586     884      664      1320     1647     903      708      1630     336      804      625      1550     839      1197     1744     1526     468      1517     921      442      872      944      1135     1044     860      392      1802     513      1337     861      890      1300     936      260      1086     594      1563     1054     526      751      937      304      952      1523     1567     
24       678      1344     2400     1875     1499     636      1234     1127     895      680      1295     816      1979     223      1449     588      2100     1009     1826     519      1221     1939     352      1417     0        763      1709     680      1961     910      1569     445      615      528      604      945      932      2099     1804     2561     1096     1499     1387     344      1416     1971     928      1092     1356     1123     1259     1405     1764     922      705      1641     940      2330     2457     1337     1031     1199     834      1888     244      2274     1269     861      962      1664     1538     890      1004     2275     1136     1222     2259     1634     1793     1467     377      
25       816      596      1639     1127     877      847      497      374      1177     144      680      55       1509     601      1192     237      1711     1263     1076     447      1081     1314     953      700      763      0        1295     299      1290     1037     1140     542      158      535      276      889      1265     1513     1239     1803     1062     841      980      1042     652      1214     513      1321     701      740      1193     1106     1122     1214     263      1034     748      1573     1693     782      446      639      1364     1133     760      1559     653      697      815      925      1289     126      964      1517     660      882      1495     878      1092     1136     1008     
26       2082     1046     1591     1655     586      2097     1424     1112     1241     1228     1761     1295     285      1697     371      1249     416      1211     1129     1204     622      600      1602     898      1709     1295     0        1112     771      2319     155      1264     1309     1790     1550     2185     1327     576      385      2010     2357     1794     329      1750     1234     1624     824      1184     1713     1986     2485     2344     613      1258     1558     508      778      1479     1759     1900     1645     667      1649     1208     1514     1127     1744     1992     775      1009     359      1262     2260     1800     637      487      1598     1138     1845     2355     1652     
27       974      710      1770     1349     820      985      754      519      888      161      976      340      1358     601      946      138      1525     969      1180     200      802      1262     760      753      680      299      1112     0        1281     1218     960      310      216      683      466      1111     980      1433     1141     1994     1289     1127     784      877      831      1417     288      1025     990      1025     1433     1388     1084     925      509      966      464      1690     1851     1081     745      526      1114     1250     584      1599     950      932      527      1009     1044     377      1187     1710     486      651      1650     1004     1355     1423     819      
28       2089     745      823      1054     472      2129     1125     942      1817     1309     1441     1258     686      1860     1077     1383     970      1825     484      1457     1257     186      1990     600      1961     1290     771      1281     0        2282     741      1556     1389     1822     1563     2090     1917     382      386      1259     2239     1382     822      2126     845      978      1064     1823     1360     1772     2327     2078     216      1844     1521     365      1217     710      997      1577     1445     777      2193     536      1841     375      1434     1897     1258     475      1105     1192     2157     1082     877      968      853      616      1310     2065     2047     
29       252      1540     2415     1731     1907     275      1207     1342     1792     1091     1016     1051     2544     748      2160     1080     2735     1905     1960     1196     1986     2333     1260     1683     910      1037     2319     1218     2282     0        2164     1198     1011     536      769      233      1838     2541     2274     2406     243      1211     1995     1215     1490     1864     1502     1985     1114     646      385      687      2137     1822     777      2063     1655     2385     2402     953      870      1675     1733     1989     1138     2491     1002     395      1704     1851     2258     1106     213      2145     1682     1870     2232     1753     1522     763      1276     
30       1927     911      1542     1545     468      1943     1280     963      1158     1073     1615     1139     410      1548     337      1096     572      1141     1043     1059     549      590      1479     770      1569     1140     155      960      741      2164     0        1123     1154     1635     1395     2029     1250     625      372      1943     2202     1656     182      1627     1102     1524     672      1124     1571     1833     2330     2192     553      1178     1402     424      649      1431     1701     1754     1493     513      1561     1125     1381     1111     1597     1837     656      907      367      1107     2104     1719     482      352      1530     1029     1722     2205     1530     
31       946      1020     2079     1649     1085     933      1035     827      665      405      1209     595      1533     468      1015     305      1657     766      1487     109      804      1516     451      1057     445      542      1264     310      1556     1198     1123     0        393      684      568      1150     743      1665     1369     2302     1324     1382     941      574      1138     1722     498      836      1239     1173     1481     1516     1350     701      651      1219     500      1998     2161     1294     954      781      822      1559     285      1889     1181     1001     531      1315     1107     652      1222     2018     702      777      1960     1315     1634     1564     510      
32       773      731      1784     1286     952      791      655      512      1045     84       816      213      1542     473      1161     99       1724     1137     1213     307      1018     1396     795      816      615      158      1309     216      1389     1011     1154     393      0        481      250      896      1129     1583     1299     1960     1073     988      983      884      804      1372     490      1200     846      819      1216     1179     1208     1082     295      1106     679      1716     1844     906      565      683      1212     1274     602      1678     788      715      741      1054     1259     282      972      1673     672      861      1645     1019     1248     1217     850      
33       292      1103     2088     1475     1412     313      857      886      1320     563      818      563      2023     307      1624     545      2205     1429     1566     666      1454     1850     863      1225     528      535      1790     683      1822     536      1635     684      481      0        259      467      1381     2047     1770     2172     640      1030     1463     873      1105     1590     968      1505     895      596      798      883      1657     1354     312      1568     1120     2038     2111     834      572      1159     1346     1610     697      2073     793      339      1171     1430     1721     631      538      1891     1154     1335     1923     1359     1341     942      898      
34       541      850      1859     1283     1153     571      646      631      1234     324      696      304      1775     398      1411     337      1967     1334     1320     513      1265     1590     877      968      604      276      1550     466      1563     769      1395     568      250      259      0        645      1309     1789     1514     1977     822      896      1228     930      869      1388     739      1403     752      604      966      951      1398     1269     100      1310     927      1803     1895     754      430      907      1338     1369     687      1820     669      466      986      1179     1509     373      721      1692     912      1111     1702     1115     1189     996      924      
35       283      1345     2188     1499     1737     350      993      1158     1784     968      784      894      2395     747      2057     978      2601     1894     1748     1126     1905     2152     1296     1494     945      889      2185     1111     2090     233      2029     1150     896      467      645      0        1842     2366     2108     2172     177      978      1867     1277     1280     1633     1383     1971     883      412      331      502      1957     1817     626      1893     1567     2161     2171     720      656      1527     1779     1773     1147     2283     772      196      1623     1647     2155     939      75       1912     1548     1756     2003     1543     1288     575      1322     
36       1597     1611     2603     2302     1472     1562     1734     1467     101      1121     1944     1314     1607     1098     961      1034     1601     131      2014     822      705      1809     601      1586     932      1265     1327     980      1917     1838     1250     743      1129     1381     1309     1842     0        1875     1606     2902     2006     2105     1110     707      1772     2352     965      202      1966     1913     2168     2248     1701     72       1394     1551     720      2506     2720     2035     1694     1208     339      2096     700      2288     1917     1717     665      1838     1007     1357     1908     2629     1078     949      2522     1884     2333     2299     609      
37       2329     1045     1148     1436     635      2361     1445     1208     1783     1499     1775     1492     373      2033     941      1555     630      1766     865      1580     1174     229      2063     884      2099     1513     576      1433     382      2541     625      1665     1583     2047     1789     2366     1875     0        295      1605     2525     1738     777      2208     1180     1360     1170     1747     1701     2082     2627     2406     416      1804     1765     479      1240     1037     1333     1914     1743     907      2183     919      1941     624      1765     2170     1261     832      935      1435     2437     1451     963      950      1212     978      1687     2400     2118     
38       2055     827      1208     1337     373      2083     1229     961      1511     1215     1568     1222     352      1743     708      1266     634      1502     782      1285     916      219      1769     664      1804     1239     385      1141     386      2274     372      1369     1299     1770     1514     2108     1606     295      0        1635     2272     1560     496      1913     990      1287     875      1490     1503     1848     2382     2186     253      1534     1496     223      949      1095     1378     1708     1505     618      1905     855      1645     746      1555     1912     975      692      725      1170     2181     1437     668      666      1224     834      1557     2186     1824     
39       2328     1296     466      696      1512     2395     1330     1475     2801     1914     1396     1748     1945     2373     2256     2017     2225     2846     915      2193     2367     1446     2745     1320     2561     1803     2010     1994     1259     2406     1943     2302     1960     2172     1977     2172     2902     1605     1635     0        2242     1194     1959     2843     1164     589      1937     2870     1302     1760     2244     1869     1398     2835     1885     1518     2192     572      277      1453     1604     1710     3098     831      2556     1002     1413     2036     2256     1081     2307     1677     2208     286      1843     2047     412      1018     887      1813     2802     
40       418      1494     2291     1588     1900     470      1126     1316     1951     1144     881      1064     2563     908      2234     1156     2773     2062     1878     1302     2082     2308     1448     1647     1096     1062     2357     1289     2239     243      2202     1324     1073     640      822      177      2006     2525     2272     2242     0        1058     2041     1419     1415     1724     1559     2140     981      500      163      453      2113     1983     800      2054     1745     2270     2261     794      795      1697     1929     1897     1308     2415     873      365      1800     1787     2332     1105     102      1992     1722     1932     2101     1676     1355     528      1471     
41       1144     748      1244     531      1218     1213     399      725      2015     985      213      791      1905     1285     1842     1078     2171     2095     931      1288     1814     1509     1763     903      1499     841      1794     1127     1382     1211     1656     1382     988      1030     896      978      2105     1738     1560     1194     1058     0        1558     1825     570      669      1239     2148     144      566      1081     745      1333     2051     795      1341     1517     1236     1203     264      468      1180     2200     922      1568     1455     236      846      1589     908      1929     750      1016     935      1280     1538     1050     766      317      712      1813     
42       1755     829      1585     1503     447      1769     1169     844      1014     904      1498     984      592      1368     304      921      741      1009     1045     877      434      700      1302     708      1387     980      329      784      822      1995     182      941      983      1463     1228     1867     1110     777      496      1959     2041     1558     0        1449     1025     1499     496      1002     1462     1691     2173     2054     614      1037     1241     466      471      1477     1732     1633     1355     382      1408     1129     1200     1198     1478     1677     485      890      378      959      1942     1718     319      176      1550     994      1654     2071     1354     
43       1001     1583     2645     2169     1653     949      1533     1378     704      930      1626     1097     2032     567      1439     828      2108     813      2057     680      1184     2075     148      1630     344      1042     1750     877      2126     1215     1627     574      884      873      930      1277     707      2208     1913     2843     1419     1825     1449     0        1682     2256     1061     897      1680     1468     1580     1747     1916     721      1030     1781     978      2567     2718     1675     1360     1348     521      2126     293      2463     1599     1204     975      1887     1516     1166     1331     2557     1257     1274     2518     1878     2110     1810     106      
44       1331     196      991      531      651      1384     288      312      1672     752      596      600      1335     1246     1322     855      1602     1732     470      1029     1342     952      1581     336      1416     652      1234     831      845      1490     1102     1138     804      1105     869      1280     1772     1180     990      1164     1415     570      1025     1682     0        586      817      1769     520      933      1491     1233     769      1708     794      771      1094     934      1041     734      623      667      1942     507      1393     1003     589      1095     1164     375      1403     525      1341     879      789      1038     842      263      629      1221     1638     
45       1763     742      580      139      1060     1827     742      898      2252     1328     848      1160     1634     1783     1804     1432     1920     2306     506      1614     1872     1151     2160     804      1971     1214     1624     1417     978      1864     1524     1722     1372     1590     1388     1633     2352     1360     1287     589      1724     669      1499     2256     586      0        1390     2338     749      1227     1750     1403     1034     2287     1298     1115     1658     588      538      932      1029     1195     2528     441      1970     900      861      1480     1726     617      1870     1089     1677     304      1326     1555     382      505      423      1361     2217     
46       1260     647      1654     1348     591      1273     842      530      864      415      1127     531      1072     881      679      425      1237     916      1060     409      583      1018     925      625      928      513      824      288      1064     1502     672      498      490      968      739      1383     965      1170     875      1937     1559     1239     496      1061     817      1390     0        951      1117     1250     1698     1616     855      898      763      721      281      1563     1761     1250     935      287      1178     1139     780      1409     1103     1197     353      883      777      528      1459     1663     207      372      1562     919      1415     1643     983      
47       1739     1596     2546     2300     1399     1710     1764     1475     198      1178     2001     1365     1457     1238     813      1101     1428     84       1967     896      574      1701     780      1550     1092     1321     1184     1025     1823     1985     1124     836      1200     1505     1403     1971     202      1747     1490     2870     2140     2148     1002     897      1769     2338     951      0        2014     2007     2301     2353     1611     175      1481     1461     680      2445     2673     2102     1762     1161     532      2050     851      2198     1974     1833     614      1794     846      1399     2040     2604     1028     858      2480     1854     2356     2399     795      
48       1026     678      1310     617      1149     1093     292      619      1877     845      99       652      1842     1143     1738     936      2101     1959     934      1147     1697     1472     1618     839      1356     701      1713     990      1360     1114     1571     1239     846      895      752      883      1966     1701     1503     1302     981      144      1462     1680     520      749      1117     2014     0        480      1024     723      1289     1913     651      1281     1392     1290     1287     218      326      1080     2056     939      1424     1470     112      735      1463     884      1827     614      928      1033     1173     1430     1121     750      446      705      1668     
49       610      1037     1791     1092     1476     684      647      889      1838     864      381      719      2163     900      1925     917      2396     1938     1387     1112     1820     1858     1446     1197     1123     740      1986     1025     1772     646      1833     1173     819      596      604      412      1913     2082     1848     1760     500      566      1691     1468     933      1227     1250     2007     480      0        558      366      1665     1874     526      1625     1486     1770     1765     308      343      1320     1922     1402     1266     1926     373      308      1551     1308     2022     733      450      1501     1374     1612     1601     1189     876      398      1485     
