
sets
i        orders          /0*80/
k        routes          /1*80/
p        positions       /0*80/
;

alias(i,j)
alias(i,h)
alias(i,hh)
alias(i,jj)
alias(k,kk)
                
                    Parameters

rho(i)	Processing time
/
0	0
1	32
2	49
3	66
4	57
5	67
6	43
7	35
8	56
9	72
10	30
11	93
12	97
13	91
14	59
15	35
16	38
17	9
18	86
19	68
20	85
21	15
22	27
23	44
24	39
25	71
26	60
27	48
28	69
29	54
30	51
31	28
32	28
33	28
34	27
35	46
36	31
37	63
38	17
39	15
40	47
41	9
42	74
43	99
44	61
45	29
46	91
47	36
48	61
49	51
50	96
51	72
52	64
53	69
54	30
55	32
56	75
57	6
58	74
59	20
60	29
61	4
62	24
63	71
64	55
65	36
66	27
67	10
68	6
69	83
70	48
71	68
72	55
73	70
74	35
75	28
76	72
77	34
78	15
79	51
80	5
/

gamma(i)	Duedate
/
0	0
1	41
2	20
3	9
4	58
5	73
6	21
7	4
8	69
9	40
10	24
11	5
12	57
13	73
14	9
15	95
16	92
17	63
18	26
19	24
20	4
21	48
22	93
23	59
24	68
25	84
26	72
27	56
28	62
29	11
30	37
31	68
32	87
33	54
34	6
35	29
36	25
37	8
38	21
39	87
40	13
41	42
42	24
43	13
44	51
45	73
46	44
47	73
48	9
49	77
50	47
51	19
52	39
53	98
54	41
55	25
56	17
57	38
58	57
59	52
60	20
61	71
62	77
63	7
64	33
65	42
66	73
67	91
68	5
69	2
70	7
71	26
72	69
73	39
74	56
75	5
76	77
77	43
78	11
79	32
80	48
/

sigma(i)	Size
/
0	0
1	7
2	9
3	6
4	4
5	1
6	8
7	9
8	8
9	2
10	5
11	4
12	9
13	7
14	5
15	3
16	6
17	3
18	3
19	4
20	7
21	3
22	2
23	8
24	3
25	4
26	4
27	9
28	3
29	4
30	6
31	1
32	5
33	6
34	6
35	5
36	9
37	4
38	3
39	7
40	3
41	2
42	5
43	5
44	3
45	7
46	4
47	3
48	6
49	4
50	8
51	6
52	9
53	3
54	7
55	1
56	1
57	3
58	2
59	2
60	9
61	1
62	5
63	3
64	6
65	4
66	3
67	1
68	6
69	6
70	4
71	1
72	7
73	7
74	2
75	6
76	5
77	6
78	5
79	9
80	2
/

epsilon(i)	Priority
/
0	0
1	9
2	5
3	1
4	1
5	6
6	4
7	9
8	1
9	8
10	1
11	2
12	9
13	6
14	6
15	2
16	3
17	4
18	8
19	6
20	4
21	1
22	2
23	6
24	9
25	7
26	9
27	3
28	2
29	6
30	4
31	2
32	2
33	1
34	7
35	6
36	9
37	6
38	8
39	6
40	4
41	4
42	1
43	6
44	6
45	9
46	2
47	2
48	3
49	1
50	4
51	6
52	3
53	8
54	5
55	2
56	4
57	1
58	8
59	4
60	8
61	4
62	2
63	9
64	7
65	4
66	6
67	8
68	6
69	7
70	5
71	9
72	1
73	7
74	2
75	3
76	6
77	2
78	7
79	6
80	7
/

psi	Vehicle Capacity
/ 24 /
;

Table kappa(i,j)                 Setup
         0        1        2        3        4        5        6        7        8        9        10       11       12       13       14       15       16       17       18       19       20       21       22       23       24       25       26       27       28       29       30       31       32       33       34       35       36       37       38       39       40       41       42       43       44       45       46       47       48       49       50       51       52       53       54       55       56       57       58       59       60       61       62       63       64       65       66       67       68       69       70       71       72       73       74       75       76       77       78       79       80       
0        0        2259     1748     1585     1574     454      1627     1571     1021     1582     734      2007     1842     1382     731      2254     954      780      588      1763     1711     1678     1542     1072     2185     1460     534      1577     673      1438     254      1790     1659     1832     1275     71       115      1631     1628     106      185      1796     1091     452      668      1169     1068     1704     589      818      2241     714      1657     1358     767      1811     1623     1697     1868     1798     1322     990      2137     1734     1752     964      2256     766      1705     1074     714      1090     275      1300     1942     1447     1970     1667     500      1403     972      
1        2259     0        550      683      1058     2524     1313     779      1967     1777     1891     306      1006     1864     1938     1163     2221     1575     1860     1821     1695     1003     1163     2090     633      1710     1728     1949     2042     887      2291     522      1707     908      1167     2297     2265     1264     736      2165     2405     587      1635     2508     2616     1952     2520     896      2304     1758     1638     2009     611      1900     1544     745      1864     1687     562      583      2118     1843     665      835      578      2755     21       1901     1137     1608     1831     2318     2093     1468     554      1590     1473     837      1765     1227     1476     
2        1748     550      0        318      568      1985     1184     233      1423     1299     1341     432      990      1353     1536     966      1674     1137     1419     1376     1247     549      992      1764     870      1213     1229     1464     1631     554      1759     46       1246     890      619      1792     1767     805      200      1650     1906     503      1315     1969     2069     1656     1973     445      1873     1208     1341     1606     122      1657     1088     346      1390     1236     207      500      1595     1297     865      749      424      2204     540      1350     701      1280     1418     1775     1563     942      620      1387     1111     355      1249     992      926      
3        1585     683      318      0        768      1880     872      401      1460     1462     1310     423      714      1470     1270     1274     1686     894      1179     1568     1440     786      677      1467     729      1355     1051     1613     1371     241      1638     359      1429     621      684      1619     1585     1012     417      1494     1725     292      1012     1866     1995     1350     1983     697      1627     1188     1616     1341     201      1342     861      641      1554     1427     525      291      1684     1328     705      470      212      2169     683      1327     935      980      1158     1806     1438     1052     451      1069     1365     599      1099     674      914      
4        1574     1058     568      768      0        1687     1592     371      954      732      976      1000     1481     806      1616     701      1220     1206     1442     810      681      105      1394     1932     1435     653      1144     899      1686     925      1503     571      678      1390     309      1634     1629     244      374      1468     1754     1036     1533     1668     1717     1868     1510     173      1873     842      888      1676     608      1926     1130     329      822      669      496      1034     1063     846      1425     1238     952      1791     1042     971      185      1494     1493     1294     1331     427      1174     1718     614      221      1104     1344     607      
5        454      2524     1985     1880     1687     0        2050     1778     892      1487     716      2302     2237     1265     1184     2310     715      1181     1030     1656     1637     1791     1948     1523     2538     1388     883      1432     1126     1773     255      2022     1582     2215     1425     491      554      1677     1832     473      515      2124     1532     19       221      1623     711      1842     1012     846      2196     1168     1912     1812     1147     1972     1503     1625     2067     2126     1121     922      2495     2103     2069     523      2518     730      1778     1512     1161     811      448      1326     2279     1890     1952     1828     796      1809     1093     
6        1627     1313     1184     872      1592     2050     0        1252     2000     2199     1743     1016     346      2142     975      2146     2154     875      1045     2336     2215     1633     198      918      827      2072     1191     2321     1079     669      1798     1220     2192     419      1403     1624     1567     1825     1280     1580     1686     748      566      2042     2232     749      2417     1555     1347     1668     2471     1032     1073     631      924      1513     2286     2201     1390     752      2293     1875     770      480      796      2485     1326     1775     1773     569      934      2300     1626     1756     760      311      2206     1458     1306     279      1472     
7        1571     779      233      401      371      1778     1252     0        1190     1088     1117     655      1116     1127     1443     917      1442     1031     1302     1179     1050     385      1054     1712     1072     994      1070     1248     1529     585      1560     257      1044     1022     387      1620     1600     615      58       1469     1736     665      1280     1761     1851     1622     1741     302      1754     982      1220     1510     240      1652     970      294      1180     1038     297      663      1365     1065     1059     871      581      1978     768      1124     534      1242     1321     1542     1367     713      806      1412     964      205      1071     1024     702      
8        1021     1967     1423     1460     954      892      2000     1190     0        595      317      1829     2050     375      1492     1469     267      1220     1280     766      745      1045     1833     1878     2189     499      939      558      1501     1470     821      1446     690      1989     805      1093     1125     860      1230     934      1197     1749     1656     873      840      1900     557      1127     1550     337      1306     1519     1399     2042     1142     1280     616      734      1426     1749     325      132      2161     1843     1672     848      1955     279      984      1621     1399     351      752      530      1910     1974     1073     1151     818      1722     554      
9        1582     1777     1299     1462     732      1487     2199     1088     595      0        848      1732     2153     224      1925     977      809      1576     1718     181      160      774      2008     2298     2160     137      1367     174      1959     1566     1405     1303     109      2071     801      1654     1676     513      1102     1486     1765     1746     1988     1468     1421     2283     1022     882      2061     781      719      1967     1328     2392     1491     1032     91       153      1216     1744     461      593      2147     1917     1662     1371     1760     817      644      1949     1815     798      1307     443      1893     2253     524      952      1267     1927     789      
10       734      1891     1341     1310     976      716      1743     1117     317      848      0        1711     1829     651      1176     1595     411      925      965      1028     979      1079     1589     1563     2025     726      630      851      1184     1274     573      1372     926      1779     739      805      830      962      1167     639      917      1587     1360     697      743      1590     688      1138     1238     136      1519     1203     1291     1738     851      1276     890      965      1390     1588     642      256      1991     1641     1518     865      1882     38       1061     1326     1086     557      459      611      1749     1690     1259     1134     506      1468     415      
11       2007     306      432      423      1000     2302     1016     655      1829     1732     1711     0        728      1782     1643     1287     2070     1294     1577     1804     1676     974      860      1785     459      1645     1473     1896     1748     596      2061     430      1677     627      1026     2040     2004     1233     631      1918     2144     281      1330     2287     2412     1646     2369     866      2014     1583     1719     1714     430      1595     1270     741      1822     1665     556      277      2019     1700     467      536      277      2575     315      1725     1123     1304     1539     2180     1862     1368     276      1287     1514     783      1523     921      1303     
12       1842     1006     990      714      1481     2237     346      1116     2050     2153     1829     728      0        2132     1257     1952     2237     1063     1286     2270     2144     1501     308      1253     481      2037     1355     2293     1365     591      1982     1018     2129     103      1354     1850     1798     1724     1129     1781     1927     497      858      2227     2400     1087     2517     1409     1640     1733     2325     1320     898      977      1089     1336     2244     2131     1185     501      2316     1919     424      244      567      2630     1021     1856     1650     850      1193     2374     1796     1723     454      657      2079     1311     1454     446      1498     
13       1382     1864     1353     1470     806      1265     2142     1127     375      224      651      1782     2132     0        1778     1171     585      1453     1567     391      383      871      1959     2158     2189     173      1216     204      1802     1540     1194     1364     329      2057     786      1454     1480     630      1152     1289     1561     1760     1879     1246     1196     2157     810      973      1883     606      944      1814     1361     2279     1370     1128     242      374      1302     1760     270      394      2171     1905     1678     1153     1848     617      765      1842     1673     583      1108     418      1915     2167     736      1026     1107     1865     682      
14       731      1938     1536     1270     1616     1184     975      1443     1492     1925     1176     1643     1257     1778     0        2310     1535     414      211      2100     2011     1704     949      387      1681     1789     562      1982     109      1051     958      1582     1968     1277     1315     704      641      1769     1498     724      738      1379     409      1181     1394     443      1725     1683     385      1177     2451     71       1419     628      486      1733     1993     1995     1714     1383     1818     1404     1627     1225     1366     1683     1942     1214     1790     409      123      1685     846      1525     1491     742      2164     1611     675      818      1148     
15       2254     1163     966      1274     701      2310     2146     917      1469     977      1595     1287     1952     1171     2310     0        1727     1898     2141     911      827      606      1951     2612     1741     1001     1845     1136     2384     1492     2156     934      869      1850     1010     2317     2317     633      877      2148     2438     1457     2192     2291     2300     2533     1979     633      2575     1472     501      2372     1073     2569     1824     635      1030     829      766      1453     1434     1400     1754     1714     1384     2310     1142     1580     550      2154     2187     1752     1998     984      1544     2327     469      719      1800     1935     1283     
16       954      2221     1674     1686     1220     715      2154     1442     267      809      411      2070     2237     585      1535     1727     0        1325     1329     965      968      1312     2000     1920     2411     737      1017     728      1525     1672     717      1699     914      2183     1055     1023     1067     1126     1485     887      1110     1971     1757     697      615      1965     299      1393     1526     505      1529     1551     1642     2123     1255     1545     809      959      1687     1972     406      379      2380     2043     1898     583      2210     381      1250     1725     1458     151      715      797      2133     2094     1315     1414     891      1879     772      
17       780      1575     1137     894      1206     1181     875      1031     1220     1576     925      1294     1063     1453     414      1898     1325     0        285      1743     1645     1292     767      737      1414     1439     320      1654     498      699      926      1183     1606     1051     910      792      745      1370     1086     718      879      1052     435      1172     1357     707      1566     1269     736      884      2056     479      1023     827      84       1320     1650     1629     1307     1055     1539     1112     1365     959      1022     1611     1577     961      1383     401      291      1476     751      1153     1186     769      1769     1197     441      629      786      
18       588      1860     1419     1179     1442     1030     1045     1302     1280     1718     965      1577     1286     1567     211      2141     1329     285      0        1894     1807     1535     979      597      1672     1582     351      1772     247      981      790      1465     1763     1289     1136     579      521      1582     1358     558      643      1329     503      1025     1231     637      1530     1522     454      965      2259     249      1307     806      332      1585     1784     1792     1584     1332     1606     1192     1620     1213     1303     1511     1862     1003     1611     486      134      1481     657      1325     1456     860      1972     1456     463      840      947      
19       1763     1821     1376     1568     810      1656     2336     1179     766      181      1028     1804     2270     391      2100     911      965      1743     1894     0        129      831      2143     2470     2245     313      1543     250      2136     1690     1583     1374     143      2184     932      1834     1857     571      1185     1667     1945     1844     2150     1637     1579     2451     1153     940      2241     962      578      2143     1418     2554     1659     1079     156      141      1268     1842     587      773      2236     2031     1759     1510     1803     997      686      2111     1988     936      1488     596      1984     2405     441      1021     1446     2068     957      
20       1711     1695     1247     1440     681      1637     2215     1050     745      160      979      1676     2144     383      2011     827      968      1645     1807     129      0        703      2021     2376     2116     253      1459     308      2052     1566     1545     1245     55       2058     812      1782     1801     442      1056     1613     1895     1715     2044     1618     1577     2351     1183     812      2169     898      561      2057     1289     2449     1560     953      203      15       1141     1713     620      730      2107     1904     1631     1532     1678     950      559      2005     1897     959      1436     491      1855     2291     366      892      1367     1949     863      
21       1678     1003     549      786      105      1791     1633     385      1045     774      1079     974      1501     871      1704     606      1312     1292     1535     831      703      0        1434     2013     1420     711      1243     946      1777     964      1608     544      708      1406     409      1738     1732     262      373      1572     1858     1038     1605     1772     1818     1943     1599     108      1970     945      838      1766     610      1993     1218     258      862      693      441      1036     1135     941      1414     1256     955      1887     986      1073     152      1566     1581     1380     1436     515      1168     1774     578      195      1206     1394     712      
22       1542     1163     992      677      1394     1948     198      1054     1833     2008     1589     860      308      1959     949      1951     2000     767      979      2143     2021     1434     0        973      750      1884     1071     2134     1058     470      1693     1030     1999     333      1210     1547     1494     1628     1083     1485     1621     582      555      1938     2119     816      2270     1357     1333     1505     2272     1014     878      739      803      1317     2097     2006     1199     586      2119     1706     694      332      619      2360     1174     1618     1575     545      885      2142     1512     1567     624      427      2008     1259     1178     140      1295     
23       1072     2090     1764     1467     1932     1523     918      1712     1878     2298     1563     1785     1253     2158     387      2612     1920     737      597      2470     2376     2013     973      0        1722     2161     944      2361     403      1229     1316     1810     2335     1302     1644     1031     968      2106     1762     1085     1034     1505     456      1523     1739     173      2102     1978     555      1561     2793     371      1642     355      820      2007     2368     2360     1958     1510     2204     1788     1665     1296     1513     2036     2097     1601     2113     487      484      2070     1223     1886     1584     616      2505     1897     1060     873      1513     
24       2185     633      870      729      1435     2538     827      1072     2189     2160     2025     459      481      2189     1681     1741     2411     1414     1672     2245     2116     1420     750      1722     0        2064     1663     2319     1790     766      2286     877      2113     419      1409     2204     2159     1674     1060     2109     2294     440      1302     2525     2676     1560     2706     1314     2066     1909     2179     1748     832      1458     1418     1197     2252     2104     1014     439      2411     2057     57       459      517      2873     653      2045     1571     1288     1600     2534     2090     1770     278      1137     1970     1226     1741     868      1640     
25       1460     1710     1213     1355     653      1388     2072     994      499      137      726      1645     2037     173      1789     1001     737      1439     1582     313      253      711      1884     2161     2064     0        1231     257      1823     1448     1292     1221     199      1957     683      1531     1551     462      1013     1362     1643     1642     1852     1369     1337     2147     978      815      1928     651      807      1831     1232     2256     1354     969      215      239      1148     1641     443      476      2048     1804     1559     1314     1694     697      597      1814     1678     750      1184     316      1793     2121     577      875      1132     1799     652      
26       534      1728     1229     1051     1144     883      1191     1070     939      1367     630      1473     1355     1216     562      1845     1017     320      351      1543     1459     1243     1071     944      1663     1231     0        1420     593      907      628      1272     1414     1331     834      568      539      1259     1128     448      678      1264     740      872      1047     960      1249     1247     734      616      1926     600      1132     1108     268      1332     1432     1444     1365     1267     1264     845      1618     1221     1218     1293     1725     667      1302     709      460      1169     441      982      1413     1085     1640     1194     126      935      605      
27       1577     1949     1464     1613     899      1432     2321     1248     558      174      851      1896     2293     204      1982     1136     728      1654     1772     250      308      946      2134     2361     2319     257      1420     0        2007     1703     1380     1470     269      2214     939      1649     1678     687      1265     1487     1755     1899     2076     1414     1342     2359     903      1053     2086     811      829      2019     1487     2478     1570     1204     105      307      1387     1898     338      596      2304     2060     1816     1261     1933     816      818      2039     1877     688      1305     570      2049     2357     672      1120     1311     2046     875      
28       673      2042     1631     1371     1686     1126     1079     1529     1501     1959     1184     1748     1365     1802     109      2384     1525     498      247      2136     2052     1777     1058     403      1790     1823     593      2007     0        1154     913      1677     2007     1386     1381     638      575      1829     1584     682      658      1486     514      1125     1341     497      1700     1761     276      1197     2507     48       1515     691      562      1817     2023     2036     1805     1490     1826     1421     1736     1334     1471     1635     2045     1222     1857     516      213      1674     821      1571     1599     836      2220     1691     695      927      1194     
29       1438     887      554      241      925      1773     669      585      1470     1566     1274     596      591      1540     1051     1492     1672     699      981      1690     1566     964      470      1229     766      1448     907      1703     1154     0        1523     597      1548     520      765      1464     1424     1162     617      1356     1563     358      773      1760     1909     1109     1961     888      1418     1166     1802     1122     433      1103     682      857      1656     1552     759      360      1728     1338     726      372      322      2110     891      1297     1105     741      944      1804     1326     1133     506      837      1538     791      977      443      916      
30       254      2291     1759     1638     1503     255      1798     1560     821      1405     573      2061     1982     1194     958      2156     717      926      790      1583     1545     1608     1693     1316     2286     1292     628      1380     913      1523     0        1797     1491     1960     1224     316      369      1523     1616     234      392      1876     1288     245      440      1402     813      1650     843      685      2091     950      1680     1586     892      1772     1436     1532     1853     1878     1102     815      2242     1849     1822     724      2286     597      1613     1267     923      847      199      1177     2029     1647     1832     1627     545      1555     898      
31       1790     522      46       359      571      2022     1220     257      1446     1303     1372     430      1018     1364     1582     934      1699     1183     1465     1374     1245     544      1030     1810     877      1221     1272     1470     1677     597      1797     0        1247     917      644      1835     1810     803      216      1691     1948     526      1360     2005     2103     1700     1998     437      1919     1238     1320     1652     167      1700     1134     325      1394     1234     169      523      1610     1321     875      779      451      2234     511      1380     694      1325     1464     1797     1602     957      635      1428     1096     353      1290     1033     956      
32       1659     1707     1246     1429     678      1582     2192     1044     690      109      926      1677     2129     329      1968     869      914      1606     1763     143      55       708      1999     2335     2113     199      1414     269      2007     1548     1491     1247     0        2044     788      1729     1749     445      1053     1561     1842     1707     2009     1563     1523     2313     1132     817      2121     847      616      2013     1284     2413     1521     962      167      45       1149     1705     571      675      2103     1890     1623     1479     1689     897      569      1970     1855     907      1384     454      1850     2262     414      893      1321     1924     822      
33       1832     908      890      621      1390     2215     419      1022     1989     2071     1779     627      103      2057     1277     1850     2183     1051     1289     2184     2058     1406     333      1302     419      1957     1331     2214     1386     520      1960     917      2044     0        1275     1843     1793     1634     1034     1765     1925     394      888      2204     2371     1141     2467     1313     1662     1678     2228     1343     801      1044     1070     1236     2162     2044     1084     398      2248     1857     362      154      466      2593     923      1805     1556     877      1205     2318     1770     1645     355      723      1984     1216     1425     459      1435     
34       1275     1167     619      684      309      1425     1403     387      805      801      739      1026     1354     786      1315     1010     1055     910      1136     932      812      409      1210     1644     1409     683      834      939      1381     765      1224     644      788      1275     0        1333     1325     464      432      1170     1453     976      1265     1407     1481     1591     1354     429      1564     603      1150     1373     596      1666     831      547      891      797      650      975      1002     678      1387     1121     894      1594     1155     743      475      1226     1193     1156     1043     370      1132     1486     865      403      797      1137     332      
35       71       2297     1792     1619     1634     491      1624     1620     1093     1654     805      2040     1850     1454     704      2317     1023     792      579      1834     1782     1738     1547     1031     2204     1531     568      1649     638      1464     316      1835     1729     1843     1333     0        63       1696     1677     171      120      1822     1078     492      710      1136     1129     1761     531      887      2310     681      1698     1328     786      1865     1695     1768     1917     1825     1393     1061     2156     1751     1781     1010     2294     837      1767     1064     700      1158     346      1367     1966     1432     2038     1722     548      1407     1034     
36       115      2265     1767     1585     1629     554      1567     1600     1125     1676     830      2004     1798     1480     641      2317     1067     745      521      1857     1801     1732     1494     968      2159     1551     539      1678     575      1424     369      1810     1749     1793     1325     63       0        1700     1658     190      139      1782     1019     555      772      1072     1183     1751     473      903      2323     617      1671     1265     743      1851     1720     1787     1897     1785     1430     1086     2110     1704     1743     1072     2263     863      1767     1005     640      1204     373      1376     1924     1371     2049     1709     532      1354     1034     
37       1631     1264     805      1012     244      1677     1825     615      860      513      962      1233     1724     630      1769     633      1126     1370     1582     571      442      262      1628     2106     1674     462      1259     687      1829     1162     1523     803      445      1634     464      1696     1700     0        616      1525     1816     1280     1728     1658     1676     2055     1399     371      1993     839      686      1825     852      2127     1290     518      600      431      704      1278     900      776      1667     1481     1196     1709     1247     947      135      1689     1648     1174     1370     351      1416     1935     401      450      1197     1571     667      
38       1628     736      200      417      374      1832     1280     58       1230     1102     1167     631      1129     1152     1498     877      1485     1086     1358     1185     1056     373      1083     1762     1060     1013     1128     1265     1584     617      1616     216      1053     1034     432      1677     1658     616      0        1526     1794     665      1327     1815     1903     1670     1783     279      1810     1031     1198     1565     236      1695     1026     246      1193     1044     239      663      1395     1106     1050     885      582      2025     725      1173     524      1290     1376     1581     1424     742      800      1449     950      181      1129     1058     752      
39       106      2165     1650     1494     1468     473      1580     1469     934      1486     639      1918     1781     1289     724      2148     887      718      558      1667     1613     1572     1485     1085     2109     1362     448      1487     682      1356     234      1691     1561     1765     1170     171      190      1525     1526     0        290      1713     1059     467      672      1168     1026     1599     639      716      2139     718      1561     1352     695      1707     1530     1598     1766     1715     1242     896      2063     1662     1666     958      2162     672      1599     1039     690      1028     182      1195     1862     1417     1867     1563     401      1346     866      
40       185      2405     1906     1725     1754     515      1686     1736     1197     1765     917      2144     1927     1561     738      2438     1110     879      643      1945     1895     1858     1621     1034     2294     1643     678      1755     658      1563     392      1948     1842     1925     1453     120      139      1816     1794     290      0        1921     1131     520      735      1153     1192     1881     501      1003     2426     705      1810     1349     881      1984     1803     1881     2033     1924     1489     1171     2245     1838     1882     1038     2403     947      1888     1120     753      1239     459      1485     2061     1478     2156     1841     665      1482     1155     
41       1796     587      503      292      1036     2124     748      665      1749     1746     1587     281      497      1760     1379     1457     1971     1052     1329     1844     1715     1038     582      1505     440      1642     1264     1899     1486     358      1876     526      1707     394      976      1822     1782     1280     665      1713     1921     0        1053     2111     2252     1364     2266     939      1756     1469     1844     1450     428      1314     1039     850      1837     1702     690      4        1976     1617     413      271      84       2440     596      1607     1190     1028     1280     2094     1677     1342     162      1008     1610     844      1330     640      1200     
42       1091     1635     1315     1012     1533     1532     566      1280     1656     1988     1360     1330     858      1879     409      2192     1757     435      503      2150     2044     1605     555      456      1302     1852     740      2076     514      773      1288     1360     2009     888      1265     1078     1019     1728     1327     1059     1131     1053     0        1527     1729     343      1987     1559     785      1320     2413     467      1192     404      515      1573     2066     2028     1512     1057     1974     1546     1246     858      1057     2001     1642     1396     1718     39       378      1908     1138     1554     1141     358      2129     1473     866      435      1202     
43       452      2508     1969     1866     1668     19       2042     1761     873      1468     697      2287     2227     1246     1181     2291     697      1172     1025     1637     1618     1772     1938     1523     2525     1369     872      1414     1125     1760     245      2005     1563     2204     1407     492      555      1658     1815     467      520      2111     1527     0        218      1621     698      1824     1015     828      2177     1166     1897     1809     1137     1954     1484     1606     2049     2112     1103     903      2482     2091     2055     519      2502     711      1759     1506     1156     795      435      1307     2266     1885     1933     1810     784      1800     1076     
44       668      2616     2069     1995     1717     221      2232     1851     840      1421     743      2412     2400     1196     1394     2300     615      1357     1231     1579     1577     1818     2119     1739     2676     1337     1047     1342     1341     1909     440      2103     1523     2371     1481     710      772      1676     1903     672      735      2252     1729     218      0        1835     533      1881     1233     880      2139     1381     2007     2022     1315     2020     1424     1567     2131     2253     1014     900      2635     2252     2191     302      2608     745      1787     1707     1363     677      606      1327     2410     2087     1913     1878     946      1982     1151     
45       1169     1952     1656     1350     1868     1623     749      1622     1900     2283     1590     1646     1087     2157     443      2533     1965     707      637      2451     2351     1943     816      173      1560     2147     960      2359     497      1109     1402     1700     2313     1141     1591     1136     1072     2055     1670     1168     1153     1364     343      1621     1835     0        2166     1900     699      1573     2742     455      1533     198      792      1916     2358     2335     1854     1369     2225     1802     1503     1143     1378     2126     1960     1628     2052     380      507      2116     1289     1859     1434     444      2456     1814     1083     726      1494     
46       1068     2520     1973     1983     1510     711      2417     1741     557      1022     688      2369     2517     810      1725     1979     299      1566     1530     1153     1183     1599     2270     2102     2706     978      1249     903      1700     1961     813      1998     1132     2467     1354     1129     1183     1399     1783     1026     1192     2266     1987     698      533      2166     0        1684     1657     797      1731     1731     1941     2336     1502     1837     999      1176     1983     2267     566      677      2674     2329     2194     361      2508     663      1528     1958     1663     227      879      1084     2429     2334     1544     1709     1125     2145     1069     
47       1704     896      445      697      173      1842     1555     302      1127     882      1138     866      1409     973      1683     633      1393     1269     1522     940      812      108      1357     1978     1314     815      1247     1053     1761     888      1650     437      817      1313     429      1761     1751     371      279      1599     1881     939      1559     1824     1881     1900     1684     0        1965     1002     919      1747     512      1941     1199     156      970      801      334      936      1233     1018     1310     1164     857      1962     880      1135     257      1521     1560     1468     1471     601      1065     1710     671      98       1221     1324     751      
48       589      2304     1873     1627     1873     1012     1347     1754     1550     2061     1238     2014     1640     1883     385      2575     1526     736      454      2241     2169     1970     1333     555      2066     1928     734      2086     276      1418     843      1919     2121     1662     1564     531      473      1993     1810     639      501      1756     785      1015     1233     699      1657     1965     0        1281     2656     319      1760     897      786      2034     2116     2154     2038     1760     1868     1490     2012     1610     1738     1535     2307     1275     2035     789      475      1668     812      1706     1873     1088     2372     1902     805      1203     1334     
49       818      1758     1208     1188     842      846      1668     982      337      781      136      1583     1733     606      1177     1472     505      884      965      962      898      945      1505     1561     1909     651      616      811      1197     1166     685      1238     847      1678     603      887      903      839      1031     716      1003     1469     1320     828      880      1573     797      1002     1281     0        1423     1211     1161     1709     805      1139     835      884      1254     1470     654      228      1877     1537     1398     997      1748     142      933      1284     1077     640      545      492      1632     1637     1154     998      502      1390     282      
