
sets
i        orders          /0*80/
k        routes          /1*80/
p        positions       /0*80/
;

alias(i,j)
alias(i,h)
alias(i,hh)
alias(i,jj)
alias(k,kk)
                
                    Parameters

rho(i)	Processing time
/
0	0
1	39
2	32
3	98
4	90
5	31
6	60
7	49
8	31
9	94
10	26
11	4
12	50
13	25
14	80
15	87
16	1
17	24
18	76
19	73
20	84
21	90
22	44
23	23
24	16
25	81
26	19
27	79
28	50
29	88
30	43
31	16
32	31
33	2
34	23
35	72
36	88
37	70
38	8
39	35
40	90
41	25
42	2
43	41
44	37
45	56
46	91
47	71
48	98
49	97
50	75
51	60
52	31
53	49
54	65
55	39
56	41
57	66
58	56
59	68
60	65
61	78
62	9
63	58
64	76
65	50
66	5
67	31
68	90
69	81
70	87
71	69
72	83
73	45
74	67
75	41
76	89
77	17
78	44
79	97
80	86
/

gamma(i)	Duedate
/
0	0
1	14
2	92
3	96
4	72
5	88
6	81
7	45
8	55
9	92
10	44
11	51
12	49
13	76
14	4
15	37
16	65
17	83
18	46
19	66
20	36
21	58
22	42
23	24
24	31
25	95
26	26
27	87
28	96
29	27
30	55
31	98
32	23
33	28
34	50
35	19
36	82
37	29
38	43
39	97
40	48
41	78
42	3
43	23
44	5
45	72
46	89
47	23
48	67
49	5
50	70
51	25
52	53
53	77
54	8
55	14
56	51
57	60
58	94
59	31
60	3
61	82
62	40
63	50
64	40
65	40
66	91
67	87
68	15
69	72
70	78
71	8
72	79
73	59
74	92
75	46
76	79
77	91
78	65
79	73
80	17
/

sigma(i)	Size
/
0	0
1	1
2	5
3	2
4	7
5	6
6	6
7	4
8	8
9	4
10	2
11	9
12	3
13	5
14	6
15	7
16	2
17	8
18	2
19	4
20	5
21	6
22	8
23	7
24	2
25	7
26	5
27	4
28	5
29	3
30	5
31	4
32	7
33	3
34	5
35	7
36	4
37	7
38	2
39	4
40	3
41	9
42	2
43	1
44	7
45	5
46	4
47	1
48	8
49	9
50	2
51	5
52	1
53	4
54	4
55	3
56	2
57	9
58	6
59	7
60	9
61	2
62	8
63	1
64	8
65	9
66	4
67	9
68	4
69	1
70	3
71	9
72	9
73	6
74	1
75	6
76	8
77	5
78	7
79	5
80	7
/

epsilon(i)	Priority
/
0	0
1	9
2	1
3	8
4	5
5	6
6	8
7	5
8	4
9	7
10	6
11	9
12	8
13	2
14	3
15	7
16	7
17	7
18	5
19	8
20	7
21	1
22	6
23	1
24	6
25	3
26	3
27	2
28	9
29	3
30	1
31	5
32	9
33	4
34	4
35	7
36	8
37	9
38	2
39	7
40	5
41	8
42	3
43	3
44	8
45	6
46	7
47	4
48	8
49	8
50	7
51	3
52	2
53	6
54	4
55	1
56	8
57	6
58	3
59	5
60	7
61	1
62	9
63	3
64	4
65	7
66	6
67	3
68	8
69	7
70	7
71	6
72	8
73	7
74	3
75	9
76	2
77	9
78	5
79	5
80	9
/

psi	Vehicle Capacity
/ 19 /
;

Table kappa(i,j)                 Setup
         0        1        2        3        4        5        6        7        8        9        10       11       12       13       14       15       16       17       18       19       20       21       22       23       24       25       26       27       28       29       30       31       32       33       34       35       36       37       38       39       40       41       42       43       44       45       46       47       48       49       50       51       52       53       54       55       56       57       58       59       60       61       62       63       64       65       66       67       68       69       70       71       72       73       74       75       76       77       78       79       80       
0        0        1273     2255     2141     1057     692      1381     804      294      1137     1253     642      1524     260      1241     1160     2351     1447     133      1986     841      195      1483     1733     1589     1887     1839     1004     1530     268      1134     748      1469     1284     602      2279     1663     988      2070     945      1588     1578     2029     2176     594      338      1254     923      687      1673     87       1769     1719     281      1644     1916     853      1877     823      1769     934      2316     1714     2133     1354     1404     1656     2301     963      1253     1323     894      1805     1312     683      945      417      1127     851      1316     515      
1        1273     0        2780     2427     615      1858     1293     2029     1045     333      495      740      1100     1458     178      1279     1897     232      1378     1724     1089     1314     1564     2351     1234     2599     1164     872      2310     1222     915      1914     2387     1442     1566     1930     2491     1323     2244     2191     1070     1822     1835     1921     1516     1611     1277     2194     1755     2207     1306     1080     1535     1046     1318     1183     2114     2309     1791     1760     2048     1649     2056     2454     1066     634      2249     1808     2009     1260     51       1465     1761     1778     870      2216     870      337      1161     732      779      
2        2255     2780     0        531      2165     1780     1539     1903     2473     2449     2334     2676     1862     2036     2894     1500     1826     2758     2154     1509     1730     2441     1260     524      1750     488      2122     1908     799      2020     1874     1758     1021     1341     1660     1639     782      1482     764      1985     1955     979      1395     1480     1661     2200     1515     2363     1652     599      2330     2142     1470     2454     1692     2205     2084     475      1479     1196     1590     2167     736      467      1789     2291     599      1879     1465     1533     2819     1425     1230     1024     2004     2370     2448     2444     1664     2131     2505     
3        2141     2427     531      0        1815     1815     1137     1984     2308     2094     1951     2450     1420     1964     2560     1170     1295     2371     2064     993      1461     2335     863      649      1296     823      1638     1575     967      1881     1512     1810     1239     1001     1594     1109     1051     1224     238      2104     1503     618      873      950      1577     2167     1152     2455     1651     561      2224     1668     994      2290     1227     1715     2178     327      1477     719      1683     1642     427      65       1381     1880     642      1350     1543     1168     2460     1249     743      828      1743     2467     2246     2090     1406     1730     2286     
4        1057     615      2165     1815     0        1459     693      1662     963      283      232      851      591      1142     745      664      1461     617      1113     1199     520      1184     954      1746     709      2002     819      261      1732     885      304      1509     1841     826      1113     1449     1918     728      1640     1836     610      1207     1293     1404     1057     1355     663      1940     1316     1597     1125     740      974      953      789      883      1790     1693     1305     1170     1602     1322     1441     1841     493      349      1645     1387     1533     647      654      903      1178     1172     409      1961     794      278      589      272      756      
5        692      1858     1780     1815     1459     0        1455     219      986      1640     1689     1323     1727     437      1865     1209     2411     1990     558      1997     1015     812      1424     1266     1739     1341     2089     1288     988      637      1389     57       846      1250     370      2291     1073     991      1821     394      1818     1388     1996     2152     426      466      1316     656      189      1270     725      2038     1745     972      1765     2180     400      1503     344      1684     249      2491     1428     1788     1546     1795     1216     2387     326      1325     1909     777      1732     1055     1054     672      1080     1630     974      1660     1176     
6        1381     1293     1539     1137     693      1455     0        1675     1427     963      814      1450     357      1328     1436     247      981      1234     1368     605      539      1561     280      1202     303      1478     705      487      1294     1124     391      1487     1484     262      1092     898      1479     464      950      1847     461      560      661      800      1041     1570     139      2074     1270     1030     1466     687      340      1411     311      801      1850     1065     1169     478      1491     1038     803      1170     249      752      1102     943      1374     133      1325     684      492      671      761      2093     1305     960      535      596      1310     
7        804      2029     1903     1984     1662     219      1675     0        1095     1829     1889     1446     1946     574      2023     1428     2627     2173     675      2213     1231     882      1637     1403     1958     1442     2307     1500     1104     809      1603     192      917      1466     589      2505     1158     1211     2006     176      2036     1588     2208     2364     644      506      1536     471      405      1429     815      2255     1962     1084     1984     2398     195      1665     542      1894     313      2710     1612     1953     1765     2001     1366     2605     445      1545     2080     995      1942     1253     1253     482      1214     1819     1192     1870     1313     
8        294      1045     2473     2308     963      986      1427     1095     0        972      1123     356      1502     550      987      1237     2362     1242     427      2028     904      269      1578     1958     1588     2132     1779     986      1781     455      1117     1042     1741     1383     855      2312     1924     1103     2212     1230     1549     1717     2088     2227     834      608      1316     1164     968      1879     285      1702     1766     18       1654     1847     1130     2068     1089     1859     1225     2276     1881     2308     1348     1291     1874     2302     1247     1310     1093     1064     1889     1488     670      1185     182      962      937      1235     265      
9        1137     333      2449     2094     283      1640     963      1829     972      0        203      759      796      1276     475      948      1634     358      1220     1422     780      1225     1231     2027     927      2280     928      543      2002     1024     582      1694     2095     1110     1317     1647     2185     1004     1913     1999     783      1489     1526     1623     1264     1463     944      2055     1516     1880     1190     843      1218     967      1011     969      1938     1977     1529     1433     1808     1433     1724     2121     741      380      1925     1551     1753     927      370      1162     1437     1453     599      2076     790      10       851      427      722      
10       1253     495      2334     1951     232      1689     814      1889     1123     203      0        945      606      1359     658      843      1431     424      1320     1231     745      1363     1091     1939     739      2201     725      469      1945     1102     462      1739     2063     993      1344     1449     2131     939      1760     2063     584      1361     1340     1431     1288     1564     818      2153     1548     1783     1314     641      1040     1115     824      769      2013     1859     1537     1270     1834     1232     1601     1983     576      180      1837     1348     1765     800      520      1126     1269     1366     635      2174     944      208      813      237      887      
11       642      740      2676     2450     851      1323     1450     1446     356      759      945      0        1437     886      652      1307     2310     958      772      2022     990      615      1651     2178     1546     2378     1657     967      2039     729      1085     1380     2032     1470     1140     2287     2196     1226     2324     1585     1461     1837     2101     2226     1108     965      1364     1514     1282     2077     642      1574     1775     365      1621     1710     1486     2243     1381     1916     1555     2165     2030     2459     1313     1125     2087     2238     1561     1354     783      1251     1938     1660     712      1535     250      751      1043     1113     172      
12       1524     1100     1862     1420     591      1727     357      1946     1502     796      606      1437     0        1528     1263     553      872      987      1541     626      726      1684     611      1554     135      1832     366      521      1651     1293     390      1765     1835     617      1356     859      1836     756      1207     2121     105      893      735      826      1302     1766     460      2310     1549     1380     1604     334      448      1488     219      462      2109     1394     1471     705      1795     793      1133     1461     181      482      1456     804      1688     444      1121     986      693      1028     845      2330     1349     797      755      370      1328     
13       260      1458     2036     1964     1142     437      1328     574      550      1276     1359     886      1528     0        1448     1090     2310     1610     129      1921     806      414      1383     1512     1572     1648     1868     1029     1290     256      1150     494      1214     1186     377      2218     1414     891      1916     733      1605     1435     1949     2101     387      241      1193     799      430      1468     310      1806     1656     535      1616     1953     662      1683     576      1666     675      2320     1544     1950     1349     1490     1441     2269     704      1195     1509     746      1707     1140     736      820      646      1265     795      1379     743      
14       1241     178      2894     2560     745      1865     1436     2023     987      475      658      652      1263     1448     0        1400     2072     396      1356     1889     1179     1256     1699     2449     1397     2690     1341     990      2388     1228     1049     1922     2446     1566     1598     2102     2565     1421     2385     2177     1239     1949     1997     2088     1551     1578     1408     2150     1778     2313     1263     1257     1692     991      1481     1361     2092     2427     1831     1908     2069     1827     2179     2585     1217     807      2349     1984     2042     1392     186      1543     1912     1881     935      2172     825      476      1250     894      728      
15       1160     1279     1500     1170     664      1209     247      1428     1237     948      843      1307     553      1090     1400     0        1223     1265     1138     832      333      1346     345      1097     536      1363     918      409      1133     898      380      1241     1295     169      845      1128     1321     217      1021     1601     655      552      868      1017     794      1331     107      1827     1024     939      1247     885      565      1220     555      1014     1603     1029     928      622      1252     1283     779      1190     389      834      995      1188     1139     116      1318     441      652      527      596      1846     1134     943      309      668      1154     
16       2351     1897     1826     1295     1461     2411     981      2627     2362     1634     1431     2310     872      2310     2072     1223     0        1729     2347     421      1514     2525     996      1760     774      2017     741      1376     1989     2101     1246     2436     2240     1161     2058     186      2145     1434     1064     2793     855      1138     473      349      2010     2552     1117     3045     2222     1589     2435     821      666      2348     709      750      2811     1468     2098     786      2409     405      1278     1358     1014     1266     1689     98       2278     1114     1905     1634     734      1447     1694     3064     2217     1637     1516     1214     2199     
17       1447     232      2758     2371     617      1990     1234     2173     1242     358      424      958      987      1610     396      1265     1729     0        1543     1597     1132     1508     1513     2358     1123     2618     988      876      2349     1363     885      2044     2451     1417     1673     1780     2535     1346     2174     2339     938      1784     1715     1788     1620     1782     1243     2371     1871     2204     1489     908      1435     1240     1206     995      2272     2283     1887     1678     2163     1455     2025     2404     990      505      2256     1637     2111     1225     209      1515     1673     1784     956      2393     1062     367      1202     641      977      
18       133      1378     2154     2064     1113     558      1368     675      427      1220     1320     772      1541     129      1356     1138     2347     1543     0        1969     834      288      1446     1631     1596     1773     1870     1029     1415     248      1156     615      1343     1248     494      2265     1543     950      2006     822      1612     1519     2004     2154     495      243      1237     834      560      1579     181      1803     1702     414      1645     1951     737      1790     703      1731     801      2335     1641     2053     1366     1462     1557     2302     833      1237     1429     829      1770     1237     719      856      539      1210     833      1362     638      
19       1986     1724     1509     993      1199     1997     605      2213     2028     1422     1231     2022     626      1921     1889     832      421      1597     1969     0        1145     2167     576      1371     495      1638     691      1058     1581     1727     936      2021     1826     750      1651     297      1744     1034     754      2377     659      724      130      205      1605     2163     732      2638     1808     1196     2071     744      267      2012     411      751      2398     1104     1680     373      1988     666      887      1050     711      1096     1293     425      1857     732      1743     1224     322      1025     1358     2656     1897     1423     1136     996      1894     
20       841      1089     1730     1461     520      1015     539      1231     904      780      745      990      726      806      1179     333      1514     1132     834      1145     0        1022     676      1270     766      1511     1079     287      1222     587      373      1058     1321     484      647      1438     1405     247      1334     1408     810      846      1192     1337     590      1047     416      1583     848      1139     926      1024     878      886      812      1169     1387     1275     806      955      1118     1514     1047     1473     546      808      1170     1468     1034     413      1135     383      985      707      281      1603     804      772      71       659      831      
21       195      1314     2441     2335     1184     812      1561     882      269      1225     1363     615      1684     414      1256     1346     2525     1508     288      2167     1022     0        1673     1918     1756     2062     1986     1162     1704     461      1294     865      1625     1474     782      2458     1829     1180     2265     999      1742     1772     2213     2359     780      376      1437     899      842      1863     111      1912     1900     268      1815     2059     889      2069     991      1959     1061     2472     1909     2327     1519     1524     1843     2471     1109     1435     1362     1089     1994     1506     838      920      445      1215     1037     1451     534      
22       1483     1564     1260     863      954      1424     280      1637     1578     1231     1091     1651     611      1383     1699     345      996      1513     1446     576      676      1673     0        948      518      1226     922      722      1081     1216     650      1445     1299     199      1085     867      1260     496      689      1801     711      283      574      730      1043     1620     296      2070     1234     771      1570     921      345      1561     483      1015     1824     787      1103     285      1412     1155     525      892      530      1032     852      985      1282     310      1597     657      324      474      941      2087     1479     1228     642      876      1499     
23       1733     2351     524      649      1746     1266     1202     1403     1958     2027     1939     2178     1554     1512     2449     1097     1760     2358     1631     1371     1270     1918     948      0        1466     278      1868     1485     323      1504     1477     1248     591      961      1136     1583     410      1028     776      1502     1656     681      1288     1415     1139     1677     1140     1870     1130     179      1807     1869     1243     1939     1427     1960     1590     332      956      1004     1092     2031     483      599      1442     1926     102      1788     959      1158     2394     931      1051     574      1532     1880     1943     2021     1200     1761     2006     
24       1589     1234     1750     1296     709      1739     303      1958     1588     927      739      1546     135      1572     1397     536      774      1123     1596     495      766      1756     518      1466     0        1745     408      602      1585     1347     471      1773     1783     563      1371     742      1768     751      1078     2132     206      794      600      698      1318     1813     432      2341     1557     1289     1671     402      314      1573     84       503      2129     1288     1465     578      1788     753      1028     1339     239      617      1370     715      1674     419      1256     977      562      963      922      2360     1443     928      782      503      1428     
25       1887     2599     488      823      2002     1341     1478     1442     2132     2280     2201     2378     1832     1648     2690     1363     2017     2618     1773     1638     1511     2062     1226     278      1745     0        2147     1742     358      1677     1741     1312     538      1234     1284     1838     295      1276     995      1511     1934     959      1550     1670     1298     1785     1412     1892     1236     457      1954     2147     1520     2113     1706     2238     1616     554      1073     1275     1131     2301     752      762      1717     2196     375      2051     1017     1430     2643     1152     1322     836      1762     1898     2136     2273     1440     2030     2206     
26       1839     1164     2122     1638     819      2089     705      2307     1779     928      725      1657     366      1868     1341     918      741      988      1870     691      1079     1986     922      1868     408      2147     0        841      1993     1625     718      2128     2189     967      1718     807      2176     1123     1407     2483     270      1190     821      849      1663     2102     822      2659     1913     1690     1915     85       651      1768     441      96       2466     1671     1838     926      2161     508      1417     1688     544      548      1773     648      2055     807      1169     1353     896      1371     1156     2680     1613     933      1114     547      1575     
27       1004     872      1908     1575     261      1288     487      1500     986      543      469      967      521      1029     990      409      1376     876      1029     1058     287      1162     722      1485     602      1742     841      0        1476     784      132      1334     1595     576      925      1333     1663     470      1411     1677     584      960      1134     1262     868      1261     425      1825     1128     1337     1083     776      808      971      669      923      1647     1438     1093     963      1403     1312     1189     1597     362      521      1383     1316     1321     411      912      659      980      911      323      1845     843      537      349      373      835      
28       1530     2310     799      967      1732     988      1294     1104     1781     2002     1945     2039     1651     1290     2388     1133     1989     2349     1415     1581     1222     1704     1081     323      1585     358      1993     1476     0        1328     1497     962      273      1033     929      1821     188      1005     1071     1190     1755     858      1516     1655     946      1427     1201     1564     877      429      1597     1980     1411     1762     1561     2088     1285     643      714      1207     791      2221     725      920      1512     1962     333      2005     667      1219     2356     845      1258     622      1453     1573     1794     1994     1150     1796     1867     
29       268      1222     2020     1881     885      637      1124     809      455      1024     1102     729      1293     256      1228     898      2101     1363     248      1727     587      461      1216     1504     1347     1677     1625     784      1328     0        909      693      1304     1017     411      2021     1476     720      1805     976      1365     1311     1766     1914     383      478      994      1054     560      1430     354      1560     1460     436      1398     1707     914      1626     651      1502     845      2087     1454     1876     1118     1234     1421     2054     835      994      1273     632      1538     1053     481      1076     479      1013     590      1126     565      
30       1134     915      1874     1512     304      1389     391      1603     1117     582      462      1085     390      1150     1049     380      1246     885      1156     936      373      1294     650      1477     471      1741     718      132      1497     909      0        1431     1635     532      1021     1206     1685     500      1336     1780     456      907      1018     1141     964      1385     362      1942     1222     1320     1214     657      693      1102     541      803      1756     1400     1172     870      1488     1181     1144     1539     232      467      1375     1184     1398     345      950      713      881      905      455      1962     971      578      422      304      960      
31       748      1914     1758     1810     1509     57       1487     192      1042     1694     1739     1380     1765     494      1922     1241     2436     2044     615      2021     1058     865      1445     1248     1773     1312     2128     1334     962      693      1431     0        809      1275     411      2313     1040     1023     1823     359      1857     1398     2016     2172     467      513      1348     650      216      1259     780      2078     1770     1028     1797     2220     383      1494     351      1702     201      2524     1429     1781     1584     1842     1202     2414     295      1358     1965     805      1750     1064     1105     664      1137     1683     1015     1706     1233     
32       1469     2387     1021     1239     1841     846      1484     917      1741     2095     2063     2032     1835     1214     2446     1295     2240     2451     1343     1826     1321     1625     1299     591      1783     538      2189     1595     273      1304     1635     809      0        1222     892      2076     244      1134     1345     975      1940     1101     1769     1912     924      1309     1377     1357     783      702      1524     2169     1639     1724     1769     2285     1083     916      653      1454     615      2452     991      1190     1684     2102     606      2251     523      1394     2435     937      1506     826      1517     1363     1782     2087     1251     1939     1865     
33       1284     1442     1341     1001     826      1250     262      1466     1383     1110     993      1470     617      1186     1566     169      1161     1417     1248     750      484      1474     199      961      563      1234     967      576      1033     1017     532      1275     1222     0        901      1046     1220     297      854      1634     722      384      763      918      856      1425     178      1888     1061     796      1371     949      495      1365     557      1063     1650     868      942      485      1259     1274     614      1021     484      966      860      1139     1136     197      1480     474      522      411      757      1906     1289     1105     446      802      1314     
34       602      1566     1660     1594     1113     370      1092     589      855      1317     1344     1140     1356     377      1598     845      2058     1673     494      1651     647      782      1085     1136     1371     1284     1718     925      929      411      1021     411      892      901      0        1947     1069     628      1560     764      1448     1092     1659     1815     57       574      952      987      204      1090     672      1668     1392     837      1399     1810     758      1307     241      1358     491      2124     1179     1578     1176     1438     1063     2030     444      960      1617     428      1403     779      719      1005     889      1308     604      1299     974      
35       2279     1930     1639     1109     1449     2291     898      2505     2312     1647     1449     2287     859      2218     2102     1128     186      1780     2265     297      1438     2458     867      1583     742      1838     807      1333     1821     2021     1206     2313     2076     1046     1947     0        1974     1331     878      2668     864      979      309      168      1902     2460     1028     2934     2102     1415     2364     879      563      2296     666      836      2692     1287     1970     631      2274     568      1104     1172     975      1295     1516     253      2141     1027     1944     1519     579      1299     1641     2952     2175     1650     1431     1221     2166     
36       1663     2491     782      1051     1918     1073     1479     1158     1924     2185     2131     2196     1836     1414     2565     1321     2145     2535     1543     1744     1405     1829     1260     410      1768     295      2176     1663     188      1476     1685     1040     244      1220     1069     1974     0        1192     1186     1219     1941     1026     1672     1806     1092     1529     1389     1601     989      560      1724     2165     1585     1906     1742     2271     1326     742      840      1371     851      2391     869      997      1700     2150     459      2167     747      1407     2538     1025     1421     808      1630     1607     1948     2178     1334     1985     2025     
37       988      1323     1482     1224     728      991      464      1211     1103     1004     939      1226     756      891      1421     217      1434     1346     950      1034     247      1180     496      1028     751      1276     1123     470      1005     720      500      1023     1134     297      628      1331     1192     0        1111     1383     855      616      1057     1210     578      1130     325      1612     807      892      1075     1084     770      1084     773      1218     1386     1028     716      782      1039     1500     804      1232     582      967      927      1402     931      334      1367     229      819      460      526      1631     1025     997      184      804      1062     
38       2070     2244     764      238      1640     1821     950      2006     2212     1913     1760     2324     1207     1916     2385     1021     1064     2174     2006     754      1334     2265     689      776      1078     995      1407     1411     1071     1805     1336     1823     1345     854      1560     878      1186     1111     0        2140     1284     495      635      716      1535     2133     986      2473     1645     642      2155     1441     770      2194     1006     1482     2201     447      1477     501      1719     1404     393      298      1184     1676     739      1115     1577     1000     2275     1177     518      780      1611     2487     2134     1910     1286     1533     2165     
39       945      2191     1985     2104     1836     394      1847     176      1230     1999     2063     1585     2121     733      2177     1601     2793     2339     822      2377     1408     999      1801     1502     2132     1511     2483     1677     1190     976      1780     359      975      1634     764      2668     1219     1383     2140     0        2212     1738     2368     2524     820      624      1708     383      576      1544     945      2431     2129     1220     2156     2574     132      1781     698      2052     421      2883     1747     2069     1940     2177     1474     2773     563      1717     2242     1165     2101     1401     1427     388      1361     1988     1368     2047     1460     
40       1588     1070     1955     1503     610      1818     461      2036     1549     783      584      1461     105      1605     1239     655      855      938      1612     659      810      1742     711      1656     206      1934     270      584      1755     1365     456      1857     1940     722      1448     864      1941     855      1284     2212     0        991      777      852      1392     1841     564      2392     1643     1481     1666     230      516      1536     279      363      2197     1490     1569     784      1892     730      1229     1546     274      437      1558     778      1787     548      1086     1085     767      1133     905      2413     1390     786      844      359      1362     
41       1578     1822     979      618      1207     1388     560      1588     1717     1489     1361     1837     893      1435     1949     552      1138     1784     1519     724      846      1772     283      681      794      959      1190     960      858      1311     907      1398     1101     384      1092     979      1026     616      495      1738     991      0        670      819      1061     1659     545      2044     1203     502      1664     1195     564      1698     749      1280     1782     505      1047     352      1327     1365     242      637      810      1312     591      1149     1188     562      1858     690      404      337      1127     2060     1641     1484     795      1153     1675     
42       2029     1835     1395     873      1293     1996     661      2208     2088     1526     1340     2101     735      1949     1997     868      473      1715     2004     130      1192     2213     574      1288     600      1550     821      1134     1516     1766     1018     2016     1769     763      1659     309      1672     1057     635      2368     777      670      0        156      1617     2188     776      2644     1807     1117     2115     872      326      2071     516      882      2396     1006     1669     322      1971     771      806      932      800      1212     1216     501      1836     779      1856     1231     270      990      1422     2661     1965     1527     1177     1103     1967     
43       2176     1921     1480     950      1404     2152     800      2364     2227     1623     1431     2226     826      2101     2088     1017     349      1788     2154     205      1337     2359     730      1415     698      1670     849      1262     1655     1914     1141     2172     1912     918      1815     168      1806     1210     716      2524     852      819      156      0        1772     2341     922      2800     1963     1248     2262     911      460      2211     615      895      2553     1119     1826     475      2126     700      937      1013     916      1290     1348     400      1991     924      1939     1387     425      1143     1558     2817     2099     1624     1324     1196     2097     
44       594      1516     1661     1577     1057     426      1041     644      834      1264     1288     1108     1302     387      1551     794      2010     1620     495      1605     590      780      1043     1139     1318     1298     1663     868      946      383      964      467      924      856      57       1902     1092     578      1535     820      1392     1061     1617     1772     0        598      902      1034     260      1084     668      1612     1345     816      1347     1754     811      1296     280      1318     546      2071     1158     1563     1120     1382     1063     1981     493      909      1567     386      1363     756      665      1053     858      1254     548      1242     940      
45       338      1611     2200     2167     1355     466      1570     506      608      1463     1564     965      1766     241      1578     1331     2552     1782     243      2163     1047     376      1620     1677     1813     1785     2102     1261     1427     478      1385     513      1309     1425     574      2460     1529     1130     2133     624      1841     1659     2188     2341     598      0        1435     591      550      1651     322      2037     1897     600      1858     2185     521      1875     721      1902     713      2559     1753     2149     1588     1705     1614     2511     786      1437     1661     975      1943     1353     957      613      753      1453     1036     1602     851      
46       1254     1277     1515     1152     663      1316     139      1536     1316     944      818      1364     460      1193     1408     107      1117     1243     1237     732      416      1437     296      1140     432      1412     822      425      1201     994      362      1348     1377     178      952      1028     1389     325      986      1708     564      545      776      922      902      1435     0        1934     1131     975      1340     794      465      1299     448      918      1711     1040     1033     552      1356     1175     783      1177     310      787      1038     1081     1242     18       1313     547      577      584      660      1953     1203     940      403      623      1216     
47       923      2194     2363     2455     1940     656      2074     471      1164     2055     2153     1514     2310     799      2150     1827     3045     2371     834      2638     1583     899      2070     1870     2341     1892     2659     1825     1564     1054     1942     650      1357     1888     987      2934     1601     1612     2473     383      2392     2044     2644     2800     1034     591      1934     0        842      1900     888      2599     2380     1159     2376     2746     279      2136     999      2336     779      3094     2080     2424     2129     2289     1836     3015     915      1941     2244     1414     2383     1712     1535     21       1326     2044     1558     2178     1422     
48       687      1755     1652     1651     1316     189      1270     405      968      1516     1548     1282     1549     430      1778     1024     2222     1871     560      1808     848      842      1234     1130     1557     1236     1913     1128     877      560      1222     216      783      1061     204      2102     989      807      1645     576      1643     1203     1807     1963     260      550      1131     842      0        1116     741      1865     1556     952      1580     2006     589      1345     176      1496     293      2307     1254     1627     1369     1642     1071     2199     279      1141     1806     589      1543     873      920      858      1033     1506     802      1502     1123     
49       1673     2207     599      561      1597     1270     1030     1429     1879     1880     1783     2077     1380     1468     2313     939      1589     2204     1579     1196     1139     1863     771      179      1289     457      1690     1337     429      1430     1320     1259     702      796      1090     1415     560      892      642      1544     1481     502      1117     1248     1084     1651     975      1900     1116     0        1751     1692     1064     1860     1249     1781     1621     236      940      827      1124     1854     311      524      1273     1762     101      1615     985      993      2249     826      875      432      1409     1911     1850     1874     1071     1598     1906     
