

sets
i        orders          /0*20/
k        routes          /1*20/
p        positions       /0*20/
;

alias(i,j)
alias(i,h)
alias(i,hh)
alias(i,jj)
alias(k,kk)
                            Parameters

rho(i)	Processing time
/
0	0
1	76
2	65
3	60
4	45
5	8
6	4
7	86
8	3
9	5
10	49
11	17
12	23
13	26
14	28
15	66
16	52
17	17
18	33
19	10
20	12
/

gamma(i)	Duedate
/
0	0
1	66
2	87
3	62
4	4
5	59
6	91
7	96
8	94
9	29
10	18
11	47
12	2
13	51
14	35
15	62
16	13
17	78
18	85
19	54
20	37
/

sigma(i)	Size
/
0	0
1	5
2	7
3	4
4	1
5	8
6	3
7	3
8	8
9	3
10	9
11	5
12	6
13	5
14	4
15	6
16	3
17	2
18	5
19	6
20	5
/

epsilon(i)	Priority
/
0	0
1	8
2	9
3	7
4	8
5	8
6	3
7	4
8	3
9	2
10	9
11	3
12	2
13	7
14	9
15	5
16	1
17	8
18	2
19	8
20	5
/

psi	Vehicle Capacity
/ 76 /
;

Table kappa(i,j)                 Setup
         0        1        2        3        4        5        6        7        8        9        10       11       12       13       14       15       16       17       18       19       20       
0        0        180      36       158      169      119      72       34       174      168      115      87       158      150      125      200      182      16       60       67       147      
1        180      0        157      126      161      68       116      181      48       164      88       145      27       206      77       50       67       180      130      151      198      
2        36       157      0        122      132      91       68       66       144      132      82       50       132      119      93       171      150      49       27       82       116      
3        158      126      122      0        35       82       144      183      81       38       63       74       102      89       63       99       68       170      101      180      82       
4        169      161      132      35       0        114      169      197      116      4        92       82       137      63       95       133      102      182      118      202      56       
5        119      68       91       82       114      0        73       130      55       116      23       77       42       145      19       81       67       124      63       112      138      
6        72       116      68       144      169      73       0        65       125      170      83       98       100      176      88       148      140      68       58       39       171      
7        34       181      66       183      197      130      65       0        185      197      131      116      163      184      140      210      196      18       81       42       181      
8        174      48       144      81       116      55       125      185      0        119      63       118      33       166      51       26       20       179      116      165      159      
9        168      164      132      38       4        116      170      197      119      0        94       81       140      59       97       137      106      182      118      202      52       
10       115      88       82       63       92       23       83       131      63       94       0        57       60       122      12       89       68       122      55       121      115      
11       87       145      50       74       82       77       98       116      118      81       57       0        118      78       69       144      117      100      40       125      73       
12       158      27       132      102      137      42       100      163      33       140      60       118      0        179      50       49       53       160      105      138      172      
13       150      206      119      89       63       145      176      184      166      59       122      78       179      0        130      188      157      166      118      201      7        
14       125      77       93       63       95       19       88       140      51       97       12       69       50       130      0        77       57       132      66       127      123      
15       200      50       171      99       133      81       148      210      26       137      89       144      49       188      77       0        31       205      143      187      180      
16       182      67       150      68       102      67       140      196      20       106      68       117      53       157      57       31       0        189      123      179      149      
17       16       180      49       170      182      124      68       18       179      182      122      100      160      166      132      205      189      0        69       54       163      
18       60       130      27       101      118      63       58       81       116      118      55       40       105      118      66       143      123      69       0        85       113      
19       67       151      82       180      202      112      39       42       165      202      121      125      138      201      127      187      179      54       85       0        196      
20       147      198      116      82       56       138      171      181      159      52       115      73       172      7        123      180      149      163      113      196      0        
;



Table delta(i,j)                 Distance
         0        1        2        3        4        5        6        7        8        9        10       11       12       13       14       15       16       17       18       19       20       
0        0        3590     2930     3930     1480     1080     2360     4200     2790     2020     1890     2820     2650     1870     2140     3260     1890     1470     1210     1480     1460     
1        3590     0        103      502      406      450      298      520      614      519      173      639      343      430      202      37       239      343      327      220      503      
2        2930     103      0        399      374      370      194      418      526      430      137      575      239      333      202      68       142      319      296      181      440      
3        3930     502      399      0        542      350      215      27       370      305      440      544      166      218      516      468      294      531      501      443      463      
4        1480     406      374      542      0        223      375      569      368      317      239      276      409      332      209      382      312      65       79       193      168      
5        1080     450      370      350      223      0        255      376      172      96       288      223      265      132      322      414      240      244      223      252      114      
6        2360     298      194      215      375      255      0        238      373      277      227      478      49       163      305      261      80       346      317      236      359      
7        4200     520      418      27       569      376      238      0        391      329      464      569      189      245      541      486      317      557      528      468      490      
8        2790     614      526      370      368      172      373      391      0        97       458      202      361      210      494      577      387      404      387      425      205      
9        2020     519      430      305      317      96       277      329      97       0        369      239      269      116      412      482      290      341      319      339      180      
10       1890     173      137      440      239      288      227      464      458      369      0        465      275      302      80       145      146      182      160      47       330      
11       2820     639      575      544      276      223      478      569      202      239      465      0        486      341      467      607      458      336      334      420      135      
12       2650     343      239      166      409      265      49       189      361      269      275      486      0        153      353      307      128      386      356      282      375      
13       1870     430      333      218      332      132      163      245      210      116      302      341      153      0        362      392      191      333      306      284      246      
14       2140     202      202      516      209      322      305      541      494      412      80       467      353      362      0        186      224      144      135      77       337      
15       3260     37       68       468      382      414      261      486      577      482      145      607      307      392      186      0        202      321      303      192      471      
16       1890     239      142      294      312      240      80       317      387      290      146      458      128      191      224      202      0        276      247      157      328      
17       1470     343      319      531      65       244      346      557      404      341      182      336      386      333      144      321      276      0        29       138      216      
18       1210     327      296      501      79       223      317      528      387      319      160      334      356      306      135      303      247      29       0        115      208      
19       1480     220      181      443      193      252      236      468      425      339      47       420      282      284      77       192      157      138      115      0        285      
20       1460     503      440      463      168      114      359      490      205      180      330      135      375      246      337      471      328      216      208      285      0        
;

