

sets
i        orders          /0*20/
k        routes          /1*20/
p        positions       /0*20/
;

alias(i,j)
alias(i,h)
alias(i,hh)
alias(i,jj)
alias(k,kk)
                            Parameters

rho(i)	Processing time
/
0	0
1	18
2	8
3	98
4	19
5	48
6	47
7	75
8	87
9	95
10	97
11	46
12	28
13	64
14	68
15	60
16	52
17	72
18	26
19	38
20	59
/

gamma(i)	Duedate
/
0	0
1	23
2	31
3	35
4	43
5	78
6	97
7	26
8	41
9	3
10	20
11	69
12	82
13	62
14	75
15	22
16	63
17	85
18	28
19	27
20	62
/

sigma(i)	Size
/
0	0
1	3
2	7
3	4
4	6
5	5
6	4
7	7
8	4
9	8
10	5
11	8
12	6
13	6
14	1
15	7
16	1
17	5
18	4
19	3
20	6
/

epsilon(i)	Priority
/
0	0
1	6
2	9
3	2
4	4
5	8
6	6
7	7
8	3
9	9
10	7
11	6
12	5
13	1
14	7
15	9
16	8
17	4
18	3
19	4
20	8
/

psi	Vehicle Capacity
/ 61 /
;

Table kappa(i,j)                 Setup
         0        1        2        3        4        5        6        7        8        9        10       11       12       13       14       15       16       17       18       19       20       
0        0        187      170      252      123      191      143      230      68       35       214      242      54       185      151      100      208      53       125      85       153      
1        187      0        81       108      71       163      44       86       128      211      43       114      133      139      37       132      56       194      148      183      54       
2        170      81       0        82       59       81       68       62       136      181      68       71       128      58       83       79       50       154      81       129      110      
3        252      108      82       0        133      122      128      23       211      263      65       20       206      102      134      160      53       235      155      208      159      
4        123      71       59       133      0        123      29       111      78       142      91       128      73       104      45       63       85       123      86       112      67       
5        191      163      81       122      123      0        144      115      185      186      144      102      168      24       160      93       122      152      65       116      187      
6        143      44       68       128      29       144      0        105      87       166      74       127      90       122      17       92       75       150      114      141      43       
7        230      86       62       23       111      115      105      0        188      243      46       28       184      94       112      142      31       216      139      191      137      
8        68       128      136      211      78       185      87       188      0        100      161      206      22       171      91       95       161      101      127      116      86       
9        35       211      181      263      142      186      166      243      100      0        232      251      83       184      177      103      223      33       121      70       182      
10       214      43       68       65       91       144      74       46       161      232      0        74       162      120      75       140      21       211      148      192      96       
11       242      114      71       20       128      102      127      28       206      251      74       0        199      83       136      147      57       222      139      193      162      
12       54       133      128      206      73       168      90       184      22       83       162      199      0        156      97       76       159      80       107      93       99       
13       185      139      58       102      104      24       122      94       171      184      120      83       156      0        138      84       99       152      63       118      165      
14       151      37       83       134      45       160      17       112      91       177      75       136      97       138      0        109      81       163      131      156      27       
15       100      132      79       160      63       93       92       142      95       103      140      147      76       84       109      0        127      74       31       51       128      
16       208      56       50       53       85       122      75       31       161      223      21       57       159      99       81       127      0        199      131      178      106      
17       53       194      154      235      123      152      150      216      101      33       211      222      80       152      163      74       199      0        88       36       173      
18       125      148      81       155      86       65       114      139      127      121      148      139      107      63       131      31       131      88       0        55       153      
19       85       183      129      208      112      116      141      191      116      70       192      193      93       118      156      51       178      36       55       0        172      
20       153      54       110      159      67       187      43       137      86       182      96       162      99       165      27       128      106      173      153      172      0        
;



Table delta(i,j)                 Distance
         0        1        2        3        4        5        6        7        8        9        10       11       12       13       14       15       16       17       18       19       20       
0        0        1290     1290     1270     2010     1280     2370     3950     750      5310     3030     4730     330      4100     2140     4570     4630     2750     2230     4550     350      
1        1290     0        207      229      200      122      366      497      56       540      319      433      120      324      303      534      507      312      128      406      145      
2        1290     207      0        230      122      108      214      290      158      410      188      387      105      374      95       333      334      151      230      379      94       
3        1270     229      230      0        325      256      213      430      188      640      417      599      160      535      286      520      555      381      343      582      149      
4        2010     200      122      325      0        82       335      362      179      342      119      273      168      253      180      361      310      120      149      260      176      
5        1280     122      108      256      82       0        311      393      96       425      199      346      95       287      198      416      384      190      122      327      111      
6        2370     366      214      213      335      311      0        237      310      553      367      584      247      588      185      353      432      317      433      582      221      
7        3950     497      290      430      362      393      237      0        445      405      313      514      384      593      195      134      259      267      506      530      364      
8        750      56       158      188      179      96       310      445      0        521      295      436      64       349      253      490      475      280      155      412      89       
9        5310     540      410      640      342      425      553      405      521      0        228      206      499      381      375      290      147      259      451      245      499      
10       3030     319      188      417      119      199      367      313      295      228      0        218      271      282      183      272      196      52       253      224      272      
11       4730     433      387      599      273      346      584      514      436      206      218      0        439      185      401      436      305      270      315      42       450      
12       330      120      105      160      168      95       247      384      64       499      271      439      0        379      196      437      436      245      197      422      25       
13       4100     324      374      535      253      287      588      593      349      381      282      185      379      0        429      551      444      326      196      143      398      
14       2140     303      95       286      180      198      185      195      253      375      183      401      196      429      0        243      271      132      314      403      179      
15       4570     534      333      520      361      416      353      134      490      290      272      436      437      551      243      0        143      242      510      460      423      
16       4630     507      334      555      310      384      432      259      475      147      196      305      436      444      271      143      0        195      449      335      429      
17       2750     312      151      381      120      190      317      267      280      259      52       270      245      326      132      242      195      0        268      276      242      
18       2230     128      230      343      149      122      433      506      155      451      253      315      197      196      314      510      449      268      0        284      220      
19       4550     406      379      582      260      327      582      530      412      245      224      42       422      143      403      460      335      276      284      0        434      
20       350      145      94       149      176      111      221      364      89       499      272      450      25       398      179      423      429      242      220      434      0        
;

