

sets
i        orders          /0*10/
k        routes          /1*10/
p        positions       /0*10/
;

alias(i,j)
alias(i,h)
alias(i,hh)
alias(i,jj)
alias(k,kk)
                            Parameters

rho(i)	Processing time
/
0	0
1	22
2	82
3	30
4	89
5	26
6	96
7	61
8	35
9	51
10	84
/

gamma(i)	Duedate
/
0	0
1	45
2	73
3	80
4	62
5	3
6	29
7	54
8	39
9	31
10	93
/

sigma(i)	Size
/
0	0
1	4
2	8
3	2
4	5
5	2
6	2
7	1
8	2
9	8
10	8
/

epsilon(i)	Priority
/
0	0
1	3
2	2
3	1
4	3
5	2
6	8
7	1
8	7
9	7
10	4
/

psi	Vehicle Capacity
/ 129 /
;

Table kappa(i,j)                 Setup
         0        1        2        3        4        5        6        7        8        9        10       
0        0        43       18       66       21       81       7        39       56       70       50       
1        43       0        39       59       63       93       36       78       48       84       90       
2        18       39       0        78       29       99       14       56       68       87       66       
3        66       59       78       0        83       41       66       71       10       37       83       
4        21       63       29       83       0        89       26       32       74       78       38       
5        81       93       99       41       89       0        84       64       47       11       71       
6        7        36       14       66       26       84       0        46       55       73       57       
7        39       78       56       71       32       64       46       0        66       53       12       
8        56       48       68       10       74       47       55       66       0        41       78       
9        70       84       87       37       78       11       73       53       41       0        61       
10       50       90       66       83       38       71       57       12       78       61       0        
;



Table delta(i,j)                 Distance
         0        1        2        3        4        5        6        7        8        9        10       
0        0        390      520      740      520      130      160      690      800      860      970      
1        390      0        57       56       18       42       35       37       58       46       63       
2        520      57       0        37       52       65       36       55       47       90       79       
3        740      56       37       0        41       85       59       30       10       69       45       
4        520      18       52       41       0        58       43       19       41       39       46       
5        130      42       65       85       58       0        29       76       90       87       104      
6        160      35       36       59       43       29       0        57       65       80       86       
7        690      37       55       30       19       76       57       0        25       38       28       
8        800      58       47       10       41       90       65       25       0        62       35       
9        860      46       90       69       39       87       80       38       62       0        40       
10       970      63       79       45       46       104      86       28       35       40       0        
;

