
sets
i        orders          /0*80/
k        routes          /1*80/
p        positions       /0*80/
;

alias(i,j)
alias(i,h)
alias(i,hh)
alias(i,jj)
alias(k,kk)
                
                    Parameters

rho(i)	Processing time
/
0	0
1	27
2	67
3	30
4	49
5	24
6	96
7	35
8	31
9	58
10	18
11	35
12	82
13	36
14	67
15	75
16	51
17	62
18	78
19	56
20	34
21	90
22	23
23	87
24	43
25	6
26	7
27	52
28	23
29	48
30	12
31	95
32	23
33	7
34	64
35	57
36	32
37	77
38	23
39	76
40	79
41	78
42	44
43	6
44	43
45	19
46	5
47	5
48	67
49	67
50	33
51	54
52	6
53	1
54	47
55	84
56	38
57	59
58	48
59	37
60	10
61	67
62	74
63	68
64	17
65	39
66	19
67	70
68	35
69	71
70	17
71	51
72	20
73	33
74	27
75	66
76	40
77	42
78	10
79	13
80	47
/

gamma(i)	Duedate
/
0	0
1	14
2	67
3	12
4	74
5	52
6	11
7	13
8	74
9	96
10	22
11	33
12	86
13	5
14	97
15	81
16	56
17	83
18	34
19	35
20	44
21	28
22	12
23	69
24	47
25	7
26	96
27	51
28	45
29	45
30	24
31	77
32	35
33	47
34	34
35	74
36	22
37	41
38	8
39	33
40	13
41	42
42	77
43	89
44	44
45	26
46	28
47	64
48	32
49	86
50	47
51	51
52	71
53	75
54	23
55	8
56	73
57	77
58	50
59	29
60	8
61	96
62	27
63	37
64	96
65	34
66	25
67	5
68	29
69	60
70	6
71	21
72	77
73	71
74	6
75	41
76	86
77	4
78	62
79	78
80	92
/

sigma(i)	Size
/
0	0
1	8
2	9
3	5
4	1
5	8
6	3
7	6
8	4
9	8
10	3
11	1
12	6
13	3
14	6
15	1
16	7
17	6
18	9
19	3
20	5
21	1
22	2
23	5
24	1
25	8
26	7
27	5
28	7
29	3
30	6
31	9
32	3
33	9
34	4
35	4
36	4
37	6
38	8
39	6
40	1
41	4
42	3
43	1
44	3
45	1
46	9
47	7
48	4
49	3
50	2
51	1
52	7
53	4
54	2
55	5
56	1
57	2
58	9
59	4
60	9
61	4
62	1
63	9
64	3
65	9
66	4
67	9
68	3
69	8
70	3
71	6
72	5
73	1
74	9
75	4
76	4
77	3
78	6
79	1
80	1
/

epsilon(i)	Priority
/
0	0
1	9
2	5
3	7
4	6
5	4
6	9
7	2
8	5
9	9
10	7
11	2
12	7
13	4
14	1
15	3
16	6
17	5
18	6
19	8
20	2
21	7
22	3
23	4
24	2
25	4
26	8
27	7
28	5
29	8
30	2
31	5
32	9
33	3
34	5
35	3
36	5
37	5
38	5
39	9
40	1
41	1
42	5
43	2
44	6
45	6
46	2
47	5
48	8
49	8
50	7
51	9
52	9
53	5
54	7
55	1
56	8
57	3
58	2
59	3
60	7
61	7
62	7
63	7
64	4
65	9
66	9
67	6
68	1
69	4
70	3
71	7
72	5
73	8
74	8
75	2
76	8
77	6
78	6
79	5
80	2
/

psi	Vehicle Capacity
/ 14 /
;

Table kappa(i,j)                 Setup
         0        1        2        3        4        5        6        7        8        9        10       11       12       13       14       15       16       17       18       19       20       21       22       23       24       25       26       27       28       29       30       31       32       33       34       35       36       37       38       39       40       41       42       43       44       45       46       47       48       49       50       51       52       53       54       55       56       57       58       59       60       61       62       63       64       65       66       67       68       69       70       71       72       73       74       75       76       77       78       79       80       
0        0        682      612      227      368      458      559      634      604      557      122      718      227      157      149      192      384      219      287      638      485      647      241      417      364      660      404      231      298      532      655      326      241      199      219      715      128      410      707      475      217      158      100      527      274      657      418      478      344      166      538      432      264      400      306      294      626      655      528      646      360      219      215      518      604      537      661      422      379      678      456      178      389      156      339      535      145      553      418      533      160      
1        682      0        81       671      542      273      657      71       111      561      804      657      625      552      644      515      928      809      733      67       820      533      899      660      624      492      944      452      717      823      768      357      545      723      751      634      686      654      609      515      870      528      753      489      766      37       959      259      384      554      697      288      584      403      498      521      303      694      577      510      335      462      713      187      302      756      50       562      478      9        256      513      415      531      382      169      746      315      478      286      804      
2        612      81       0        621      509      239      647      94       115      555      734      668      575      490      567      454      879      752      687      93       790      543      835      631      590      507      895      385      673      798      762      286      465      644      671      647      610      624      622      498      807      456      679      481      685      82       911      230      336      493      681      207      538      371      455      440      322      694      566      521      280      394      633      106      316      736      98       537      445      74       175      439      381      459      303      140      670      316      452      279      741      
3        227      671      621      0        190      403      344      608      570      364      279      514      46       167      361      188      258      154      77       612      264      466      275      195      150      490      275      273      77       307      430      368      414      426      446      515      353      190      512      297      249      276      318      356      501      639      290      420      287      154      315      497      93       290      180      460      516      439      330      471      341      276      440      552      495      310      636      229      233      671      510      297      277      280      434      504      372      444      261      441      196      
4        368      542      509      190      0        271      208      473      433      188      453      350      157      230      464      216      410      343      218      477      280      282      465      123      82       302      421      273      196      293      323      328      471      546      572      346      473      116      338      109      439      331      468      167      621      506      436      283      189      216      210      447      108      139      87       503      337      299      161      284      257      286      554      468      317      246      500      57       64       544      448      344      128      338      421      375      510      270      76       276      384      
5        458      273      239      403      271      0        416      206      167      332      576      469      357      308      470      270      658      548      462      210      551      348      648      392      353      325      672      236      445      559      535      187      408      559      587      451      502      385      430      264      620      326      546      259      619      238      688      20       121      305      446      240      313      132      226      411      193      474      337      331      104      251      555      217      173      499      234      298      207      274      225      321      143      332      274      104      558      135      214      97       555      
6        559      657      647      344      208      416      0        586      547      100      623      177      333      435      669      424      465      470      325      590      234      188      595      151      196      234      468      481      302      203      120      524      680      747      772      185      674      155      191      152      574      540      657      168      823      620      478      419      377      420      56       632      297      299      295      711      378      95       80       207      441      494      757      632      369      121      609      151      243      662      627      553      294      546      621      506      705      343      214      371      533      
7        634      71       94       608      473      206      586      0        40       490      756      590      562      497      610      459      864      750      668      4        750      465      843      590      555      426      879      403      652      752      697      315      519      693      721      568      650      584      543      444      815      484      710      418      740      34       894      191      322      498      626      270      520      334      433      500      237      624      506      443      279      415      684      176      235      685      28       492      409      75       239      471      346      488      357      104      709      245      408      214      749      
8        604      111      115      570      433      167      547      40       0        452      725      556      524      463      587      425      825      713      629      44       709      431      809      550      515      393      840      373      612      711      659      290      500      671      699      534      625      543      509      404      780      456      683      379      722      74       855      152      285      463      586      261      481      294      393      486      207      587      467      409      245      385      663      175      201      644      67       451      368      114      231      445      306      461      341      69       684      207      367      175      714      
9        557      561      555      364      188      332      100      490      452      0        638      164      340      415      648      396      530      507      365      494      320      107      632      196      216      145      536      438      341      297      207      464      642      732      758      158      660      196      150      88       608      509      657      74       806      524      548      333      316      402      152      561      294      231      262      667      278      142      37       120      374      453      739      549      269      217      512      136      195      566      552      519      230      515      562      416      698      245      157      277      560      
10       122      804      734      279      453      576      623      756      725      638      0        792      297      270      224      307      342      192      314      760      503      735      148      474      429      753      361      353      332      556      704      448      338      228      234      792      183      468      788      562      134      279      93       619      287      780      372      596      459      275      592      551      345      507      405      390      738      719      605      737      480      342      250      639      716      579      783      501      476      801      577      298      495      277      456      657      154      664      512      646      111      
11       718      657      668      514      350      469      177      590      556      164      792      0        496      580      813      561      639      646      501      593      398      125      771      326      363      165      641      601      477      356      181      620      806      896      922      24       824      329      49       252      749      674      817      220      970      621      650      464      474      566      226      707      454      387      427      828      354      101      189      147      527      616      903      681      355      278      606      295      359      663      694      683      389      680      718      535      860      353      321      393      707      
12       227      625      575      46       157      357      333      562      524      340      297      496      0        135      349      149      304      196      116      566      286      439      311      191      137      459      320      234      109      325      428      326      390      420      443      495      346      184      490      267      284      247      323      325      496      593      336      374      240      121      311      455      52       247      135      433      474      429      308      442      295      238      432      508      454      316      590      204      193      625      467      267      233      252      396      458      372      402      225      397      227      
13       157      552      490      167      230      308      435      497      463      415      270      580      135      0        234      37       410      265      244      501      421      498      346      310      251      507      429      112      242      458      543      214      257      316      342      574      244      302      564      330      318      113      254      378      390      523      444      327      189      15       425      340      143      242      155      298      469      528      391      496      217      111      323      408      447      441      525      287      227      549      357      132      232      118      269      394      286      395      267      377      252      
14       149      644      567      361      464      470      669      610      587      648      224      813      349      234      0        252      532      367      429      613      624      726      370      537      480      729      552      237      437      669      774      297      118      89       118      806      46       530      795      561      350      148      136      605      158      627      566      489      377      248      656      365      373      453      386      168      658      762      625      721      366      221      91       463      636      665      634      522      456      639      395      149      445      141      266      523      104      588      495      559      302      
15       192      515      454      188      216      270      424      459      425      396      307      561      149      37       252      0        439      299      264      463      431      474      384      309      249      480      457      85       259      464      536      183      257      338      365      554      268      301      543      309      356      115      287      353      410      486      473      290      152      39       419      311      144      210      134      294      434      515      374      470      180      89       343      374      412      440      487      274      204      512      326      130      200      121      247      356      314      361      243      341      289      
16       384      928      879      258      410      658      465      864      825      530      342      639      304      410      532      439      0        165      196      868      250      637      216      335      335      674      20       522      215      303      491      622      620      563      573      650      504      336      656      495      215      501      428      554      628      895      34       673      544      401      413      750      344      536      431      672      746      542      493      650      600      522      584      810      728      365      892      423      468      928      765      524      523      503      678      760      492      680      486      684      235      
17       219      809      752      154      343      548      470      750      713      507      192      646      196      265      367      299      165      0        145      754      316      612      125      320      290      640      185      377      168      371      534      479      456      402      415      651      340      317      651      448      103      343      270      508      470      778      199      566      428      259      430      603      247      443      331      508      670      561      471      620      474      374      422      673      650      404      778      377      388      808      622      366      430      344      524      645      333      599      416      593      81       
18       287      733      687      77       218      462      325      668      629      365      314      501      116      244      429      264      196      145      0        673      197      472      270      175      151      502      210      349      24       246      393      443      489      487      505      506      415      172      507      313      249      352      369      373      561      700      225      477      350      232      285      572      149      340      235      536      554      416      329      481      409      353      503      623      535      265      696      241      273      734      584      373      327      356      511      565      427      486      294      488      213      
19       638      67       93       612      477      210      590      4        44       494      760      593      566      501      613      463      868      754      673      0        754      468      847      594      560      429      883      407      656      756      701      319      522      696      724      571      653      588      546      447      819      488      714      421      743      30       898      196      326      502      630      272      524      338      437      503      240      627      510      446      283      419      687      178      238      689      23       496      413      72       241      475      351      492      359      109      713      248      412      218      753      
20       485      820      790      264      280      551      234      750      709      320      503      398      286      421      624      431      250      316      197      754      0        420      427      159      202      463      248      511      187      55       241      590      676      685      703      411      613      166      422      318      413      534      565      366      758      783      255      562      465      406      177      716      288      419      348      719      579      298      285      437      532      519      700      747      565      119      776      259      344      822      722      554      408      538      672      654      625      526      342      543      395      
21       647      533      543      466      282      348      188      465      431      107      735      125      439      498      726      474      637      612      472      468      420      0        737      303      322      49       643      502      448      391      259      509      706      812      840      105      742      303      82       172      713      581      747      120      884      497      654      342      367      486      244      587      390      281      343      724      231      173      144      23       414      518      817      557      230      309      482      236      271      539      573      588      285      588      606      410      784      228      231      268      662      
22       241      899      835      275      465      648      595      843      809      632      148      771      311      346      370      384      216      125      270      847      427      737      0        445      416      764      233      451      294      483      654      552      478      376      380      776      331      442      777      571      28       395      242      631      432      870      241      667      527      345      553      668      363      554      443      531      785      686      597      744      564      443      399      748      764      524      871      501      505      896      690      416      541      394      579      740      302      712      536      703      94       
23       417      660      631      195      123      392      151      590      550      196      474      326      191      310      537      309      335      320      175      594      159      303      445      0        59       339      342      380      151      170      237      447      566      611      634      331      537      8        332      166      423      422      512      221      687      624      355      402      312      295      120      569      166      260      201      603      427      245      158      315      380      390      622      592      411      131      616      100      186      663      571      438      250      427      536      494      563      369      182      384      382      
24       364      624      590      150      82       353      196      555      515      216      429      363      137      251      480      249      335      290      151      560      202      322      416      59       0        351      345      322      127      222      293      392      506      555      579      365      481      51       363      162      392      363      460      222      631      589      359      365      263      236      175      516      108      221      146      543      412      292      181      330      330      332      566      544      394      190      582      89       146      626      520      379      209      368      479      456      509      348      154      357      344      
25       660      492      507      490      302      325      234      426      393      145      753      165      459      507      729      480      674      640      502      429      463      49       764      339      351      0        681      499      478      437      308      496      701      817      845      142      748      338      117      193      739      582      759      134      887      457      693      317      361      496      290      566      409      277      353      716      189      222      181      27       402      516      820      529      191      355      442      263      280      499      549      587      284      589      591      378      793      197      241      238      685      
26       404      944      895      275      421      672      468      879      840      536      361      641      320      429      552      457      20       185      210      883      248      643      233      342      345      681      0        540      228      300      489      640      640      583      593      652      524      344      659      504      233      520      448      562      648      910      15       688      560      419      415      768      359      550      446      692      757      543      499      656      616      540      603      827      739      365      907      432      481      944      783      543      537      523      696      775      511      692      498      696      255      
27       231      452      385      273      273      236      481      403      373      438      353      601      234      112      237      85       522      377      349      407      511      502      451      380      322      499      540      0        344      541      597      102      205      327      356      591      267      372      576      349      423      91       312      384      393      426      556      255      140      121      483      227      223      221      186      230      420      567      421      494      133      17       326      297      398      511      430      329      243      448      245      89       216      96       162      304      322      350      280      322      357      
28       298      717      673      77       196      445      302      652      612      341      332      477      109      242      437      259      215      168      24       656      187      448      294      151      127      478      228      344      0        233      373      434      492      498      517      482      426      148      483      290      272      353      384      350      573      683      243      460      336      229      264      564      135      321      219      537      533      394      305      457      396      348      513      612      513      246      679      217      253      718      575      374      308      357      506      548      441      465      272      468      233      
29       532      823      798      307      293      559      203      752      711      297      556      356      325      458      669      464      303      371      246      756      55       391      483      170      222      437      300      541      233      0        190      614      714      732      751      371      660      177      384      311      469      571      616      352      807      786      306      568      482      443      147      738      319      428      369      756      568      255      266      410      550      550      747      762      555      81       777      261      354      826      741      590      418      576      701      660      674      520      346      540      449      
30       655      768      762      430      323      535      120      697      659      207      704      181      428      543      774      536      491      534      393      701      241      259      654      237      293      308      489      597      373      190      0        645      793      848      871      201      774      244      221      272      636      651      748      280      924      731      496      537      497      528      117      753      401      420      410      826      478      86       198      282      562      610      860      752      472      130      719      268      363      773      748      666      415      657      740      622      800      452      335      484      606      
31       326      357      286      368      328      187      524      315      290      464      448      620      326      214      297      183      622      479      443      319      590      509      552      447      392      496      640      102      434      614      645      0        222      382      411      606      335      439      588      379      525      170      396      400      438      335      655      204      148      221      537      129      305      233      246      224      381      602      455      496      94       108      376      195      361      574      341      378      281      353      143      156      234      174      97       226      394      320      311      284      459      
32       241      545      465      414      471      408      680      519      500      642      338      806      390      257      118      257      620      456      489      522      676      706      478      566      506      701      640      205      492      714      793      222      0        180      206      796      165      558      781      554      456      143      253      588      221      532      655      426      340      272      677      259      399      425      385      52       602      769      624      697      308      189      167      360      581      697      541      529      447      539      290      127      420      138      163      442      221      538      484      504      401      
33       199      723      644      426      546      559      747      693      671      732      228      896      420      316      89       338      563      402      487      696      685      812      376      611      555      817      583      327      498      732      848      382      180      0        28       891      74       604      880      646      362      237      136      692      75       708      595      578      466      330      731      439      450      542      471      219      747      842      707      808      455      310      22       539      726      735      716      603      542      717      470      238      534      231      341      609      73       678      581      649      327      
34       219      751      671      446      572      587      772      721      699      758      234      922      443      342      118      365      573      415      505      724      703      840      380      634      579      845      593      356      517      751      871      411      206      28       0        917      98       627      907      673      368      266      145      719      55       735      605      607      495      356      754      465      474      570      497      242      776      866      733      835      483      339      39       566      754      756      744      628      569      744      497      267      562      259      368      637      81       706      608      678      337      
35       715      634      647      515      346      451      185      568      534      158      792      24       495      574      806      554      650      651      506      571      411      105      776      331      365      142      652      591      482      371      201      606      796      891      917      0        819      333      25       245      754      666      815      208      964      599      661      446      462      561      237      690      451      375      420      817      331      118      187      125      513      607      897      662      333      293      584      292      351      641      677      674      377      672      704      515      857      333      312      373      709      
36       128      686      610      353      473      502      674      650      625      660      183      824      346      244      46       268      504      340      415      653      613      742      331      537      481      748      524      267      426      660      774      335      165      74       98       819      0        530      808      574      313      176      92       621      149      668      537      522      403      257      657      409      376      475      399      214      687      768      634      738      398      251      87       507      665      661      675      530      471      681      439      182      467      170      310      561      59       616      511      589      269      
37       410      654      624      190      116      385      155      584      543      196      468      329      184      302      530      301      336      317      172      588      166      303      442      8        51       338      344      372      148      177      244      439      558      604      627      333      530      0        334      163      420      414      506      219      680      617      356      396      305      287      127      561      159      253      193      595      423      250      159      315      372      382      615      585      407      139      610      95       179      656      563      431      243      420      527      488      556      365      176      379      378      
38       707      609      622      512      338      430      191      543      509      150      788      49       490      564      795      543      656      651      507      546      422      82       777      332      363      117      659      576      483      384      221      588      781      880      907      25       808      334      0        234      754      653      807      192      953      574      669      424      445      551      245      669      445      358      409      801      306      135      182      101      495      592      886      640      308      304      559      286      339      616      655      661      361      659      686      491      848      310      299      350      707      
39       475      515      498      297      109      264      152      444      404      88       562      252      267      330      561      309      495      448      313      447      318      172      571      166      162      193      504      349      290      311      272      379      554      646      673      245      574      163      234      0        546      421      576      60       719      478      517      269      231      317      183      482      218      149      175      579      261      222      76       175      292      365      652      480      246      241      468      73       107      518      476      430      146      427      477      358      614      209      69       230      492      
40       217      870      807      249      439      620      574      815      780      608      134      749      284      318      350      356      215      103      249      819      413      713      28       423      392      739      233      423      272      469      636      525      456      362      368      754      313      420      754      546      0        369      227      605      421      842      243      639      499      317      534      641      337      526      416      509      757      665      573      719      536      416      384      720      736      507      843      476      478      868      663      390      513      368      553      712      288      684      509      675      66       
41       158      528      456      276      331      326      540      484      456      509      279      674      247      113      148      115      501      343      352      488      534      581      395      422      363      582      520      91       353      571      651      170      143      237      266      666      176      414      653      421      369      0        226      461      305      505      536      346      229      128      534      273      255      305      248      185      511      630      488      575      222      74       238      359      489      553      510      389      314      523      298      22       298      6        184      390      231      441      353      413      306      
42       100      753      679      318      468      546      657      710      683      657      93       817      323      254      136      287      428      270      369      714      565      747      242      512      460      759      448      312      384      616      748      396      253      136      145      815      92       506      807      576      227      226      0        628      200      731      460      566      436      264      633      485      363      497      406      304      720      752      628      747      444      297      157      579      698      628      736      522      479      748      513      239      487      222      387      615      63       647      518      625      192      
43       527      489      481      356      167      259      168      418      379      74       619      220      325      378      605      353      554      508      373      421      366      120      631      221      222      134      562      384      350      352      280      400      588      692      719      208      621      219      192      60       605      461      628      0        764      451      575      259      254      366      213      491      274      167      222      609      215      215      89       119      307      400      696      476      203      276      440      132      150      493      481      469      169      468      497      341      664      174      110      203      551      
44       274      766      685      501      621      619      823      740      722      806      287      970      496      390      158      410      628      470      561      743      758      884      432      687      631      887      648      393      573      807      924      438      221      75       55       964      149      680      953      719      421      305      200      764      0        753      659      638      533      404      806      478      525      611      544      247      810      917      782      879      516      376      67       579      789      810      762      678      614      759      510      303      604      299      384      662      137      742      654      712      393      
45       657      37       82       639      506      238      620      34       74       524      780      621      593      523      627      486      895      778      700      30       783      497      870      624      589      457      910      426      683      786      731      335      532      708      735      599      668      617      574      478      842      505      731      451      753      0        926      224      352      525      660      277      551      367      464      510      268      657      540      474      306      438      698      179      266      719      17       525      442      42       245      491      379      509      369      135      727      278      441      248      776      
46       418      959      911      290      436      688      478      894      855      548      372      650      336      444      566      473      34       199      225      898      255      654      241      355      359      693      15       556      243      306      496      655      655      595      605      661      537      356      669      517      243      536      460      575      659      926      0        703      575      435      424      784      374      565      461      706      771      552      511      668      632      556      616      843      753      373      922      445      496      959      799      559      552      538      712      790      523      706      512      711      268      
47       478      259      230      420      283      20       419      191      152      333      596      464      374      327      489      290      673      566      477      196      562      342      667      402      365      317      688      255      460      568      537      204      426      578      607      446      522      396      424      269      639      346      566      259      638      224      703      0        140      325      451      249      330      143      242      427      177      474      339      324      123      271      574      218      158      505      219      306      218      261      232      340      155      351      288      92       578      123      222      83       574      
48       344      384      336      287      189      121      377      322      285      316      459      474      240      189      377      152      544      428      350      326      465      367      527      312      263      361      560      140      336      482      497      148      340      466      495      462      403      305      445      231      499      229      436      254      533      352      575      140      0        185      392      259      201      86       119      356      285      453      307      357      67       157      466      282      263      434      350      234      135      384      259      229      85       235      246      217      455      213      163      189      434      
49       166      554      493      154      216      305      420      498      463      402      275      566      121      15       248      39       401      259      232      502      406      486      345      295      236      496      419      121      229      443      528      221      272      330      356      561      257      287      551      317      317      128      264      366      404      525      435      325      185      0        410      348      128      234      143      313      463      514      377      484      218      122      338      413      441      425      525      273      216      551      365      147      223      133      280      394      298      389      255      371      251      
