

sets
i        orders          /0*10/
k        routes          /1*10/
p        positions       /0*10/
;

alias(i,j)
alias(i,h)
alias(i,hh)
alias(i,jj)
alias(k,kk)
                            Parameters

rho(i)	Processing time
/
0	0
1	26
2	37
3	91
4	78
5	73
6	13
7	6
8	60
9	97
10	16
/

gamma(i)	Duedate
/
0	0
1	39
2	22
3	28
4	98
5	14
6	45
7	68
8	57
9	85
10	91
/

sigma(i)	Size
/
0	0
1	4
2	9
3	4
4	2
5	3
6	7
7	8
8	3
9	4
10	4
/

epsilon(i)	Priority
/
0	0
1	8
2	3
3	4
4	5
5	5
6	2
7	3
8	6
9	4
10	9
/

psi	Vehicle Capacity
/ 27 /
;

Table kappa(i,j)                 Setup
         0        1        2        3        4        5        6        7        8        9        10       
0        0        80       98       40       59       91       27       60       67       39       45       
1        80       0        19       40       61       34       53       57       12       53       76       
2        98       19       0        59       79       30       71       74       31       72       95       
3        40       40       59       0        41       58       14       39       27       21       45       
4        59       61       79       41       0        91       47       4        52       23       22       
5        91       34       30       58       91       0        66       87       38       77       102      
6        27       53       71       14       47       66       0        46       40       24       45       
7        60       57       74       39       4        87       46       0        49       22       25       
8        67       12       31       27       52       38       40       49       0        41       65       
9        39       53       72       21       23       77       24       22       41       0        25       
10       45       76       95       45       22       102      45       25       65       25       0        
;



Table delta(i,j)                 Distance
         0        1        2        3        4        5        6        7        8        9        10       
0        0        390      240      780      1080     1830     420      570      1650     1440     1320     
1        390      0        8        21       23       47       12       5        41       36       36       
2        240      8        0        18       27       53       16       12       48       39       36       
3        780      21       18       0        20       45       32       19       47       27       19       
4        1080     23       27       20       0        26       34       18       27       12       18       
5        1830     47       53       45       26       0        55       41       15       20       34       
6        420      12       16       32       34       55       0        16       46       46       48       
7        570      5        12       19       18       41       16       0        36       31       32       
8        1650     41       48       47       27       15       46       36       0        28       41       
9        1440     36       39       27       12       20       46       31       28       0        14       
10       1320     36       36       19       18       34       48       32       41       14       0        
;

