

sets
i        orders          /0*10/
k        routes          /1*10/
p        positions       /0*10/
;

alias(i,j)
alias(i,h)
alias(i,hh)
alias(i,jj)
alias(k,kk)
                            Parameters

rho(i)	Processing time
/
0	0
1	4
2	93
3	35
4	34
5	19
6	3
7	40
8	87
9	31
10	3
/

gamma(i)	Duedate
/
0	0
1	48
2	16
3	12
4	84
5	9
6	83
7	80
8	43
9	77
10	81
/

sigma(i)	Size
/
0	0
1	8
2	8
3	3
4	7
5	2
6	1
7	3
8	1
9	5
10	5
/

epsilon(i)	Priority
/
0	0
1	9
2	6
3	5
4	3
5	9
6	2
7	7
8	3
9	8
10	6
/

psi	Vehicle Capacity
/ 44 /
;

Table kappa(i,j)                 Setup
         0        1        2        3        4        5        6        7        8        9        10       
0        0        14       29       62       61       38       76       70       15       15       58       
1        14       0        43       56       75       42       71       82       1        21       65       
2        29       43       0        90       47       58       102      62       44       25       68       
3        62       56       90       0        97       38       14       92       55       77       56       
4        61       75       47       97       0        59       104      18       76       67       48       
5        38       42       58       38       59       0        47       56       41       54       25       
6        76       71       102      14       104      47       0        97       69       91       59       
7        70       82       62       92       18       56       97       0        82       79       38       
8        15       1        44       55       76       41       69       82       0        23       65       
9        15       21       25       77       67       54       91       79       23       0        73       
10       58       65       68       56       48       25       59       38       65       73       0        
;



Table delta(i,j)                 Distance
         0        1        2        3        4        5        6        7        8        9        10       
0        0        510      1080     870      780      900      690      1110     960      780      120      
1        510      0        24       15       30       18       32       28       26       34       19       
2        1080     24       0        10       27       6        33       7        9        33       40       
3        870      15       10       0        29       5        34       16       16       34       32       
4        780      30       27       29       0        25       7        23       18       5        29       
5        900      18       6        5        25       0        31       11       11       31       34       
6        690      32       33       34       7        31       0        30       25       3        26       
7        1110     28       7        16       23       11       30       0        5        29       41       
8        960      26       9        16       18       11       25       5        0        24       36       
9        780      34       33       34       5        31       3        29       24       0        30       
10       120      19       40       32       29       34       26       41       36       30       0        
;

