

sets
i        orders          /0*10/
k        routes          /1*10/
p        positions       /0*10/
;

alias(i,j)
alias(i,h)
alias(i,hh)
alias(i,jj)
alias(k,kk)
                            Parameters

rho(i)	Processing time
/
0	0
1	61
2	3
3	94
4	30
5	8
6	1
7	15
8	14
9	57
10	87
/

gamma(i)	Duedate
/
0	0
1	41
2	30
3	9
4	58
5	38
6	90
7	86
8	89
9	64
10	97
/

sigma(i)	Size
/
0	0
1	2
2	3
3	3
4	2
5	9
6	5
7	1
8	9
9	8
10	3
/

epsilon(i)	Priority
/
0	0
1	2
2	5
3	1
4	8
5	4
6	6
7	2
8	5
9	3
10	4
/

psi	Vehicle Capacity
/ 99 /
;

Table kappa(i,j)                 Setup
         0        1        2        3        4        5        6        7        8        9        10       
0        0        365      884      233      270      857      51       137      548      825      264      
1        365      0        1152     222      634      1039     314      250      805      1093     185      
2        884      1152     0        1112     788      298      917      925      347      59       968      
3        233      222      1112     0        464      1057     194      207      770      1052     267      
4        270      634      788      464      0        854      321      404      512      733      528      
5        857      1039     298      1057     854      0        875      852      343      284      855      
6        51       314      917      194      321      875      0        93       576      858      221      
7        137      250      925      207      404      852      93       0        579      866      127      
8        548      805      347      770      512      343      576      579      0        288      622      
9        825      1093     59       1052     733      284      858      866      288      0        910      
10       264      185      968      267      528      855      221      127      622      910      0        
;



Table delta(i,j)                 Distance
         0        1        2        3        4        5        6        7        8        9        10       
0        0        2220     3270     1950     2670     2220     1410     2040     2610     2370     3360     
1        2220     0        42       54       71       8        26       8        13       40       57       
2        3270     42       0        62       63       37       64       43       37       39       24       
3        1950     54       62       0        24       47       47       46       64       23       53       
4        2670     71       63       24       0        63       70       64       78       31       45       
5        2220     8        37       47       63       0        27       6        17       32       50       
6        1410     26       64       47       70       27       0        21       39       45       73       
7        2040     8        43       46       64       6        21       0        20       34       56       
8        2610     13       37       64       78       17       39       20       0        47       57       
9        2370     40       39       23       31       32       45       34       47       0        33       
10       3360     57       24       53       45       50       73       56       57       33       0        
;

