

sets
i        orders          /0*40/
k        routes          /1*40/
p        positions       /0*40/
;

alias(i,j)
alias(i,h)
alias(i,hh)
alias(i,jj)
alias(k,kk)
                            Parameters

rho(i)	Processing time
/
0	0
1	30
2	61
3	96
4	32
5	69
6	15
7	28
8	57
9	17
10	32
11	99
12	70
13	19
14	22
15	73
16	93
17	89
18	96
19	20
20	90
21	33
22	91
23	86
24	44
25	13
26	71
27	77
28	83
29	73
30	35
31	55
32	54
33	98
34	78
35	20
36	69
37	54
38	31
39	60
40	71
/

gamma(i)	Duedate
/
0	0
1	19
2	44
3	38
4	39
5	50
6	1
7	26
8	56
9	95
10	18
11	58
12	9
13	93
14	35
15	21
16	90
17	57
18	56
19	45
20	30
21	32
22	79
23	35
24	73
25	79
26	35
27	6
28	4
29	16
30	2
31	32
32	77
33	72
34	3
35	36
36	40
37	79
38	64
39	21
40	37
/

sigma(i)	Size
/
0	0
1	3
2	6
3	5
4	3
5	3
6	3
7	5
8	8
9	6
10	6
11	5
12	4
13	2
14	8
15	9
16	6
17	9
18	6
19	5
20	5
21	9
22	1
23	8
24	9
25	3
26	6
27	7
28	7
29	4
30	7
31	6
32	4
33	7
34	1
35	3
36	7
37	5
38	4
39	7
40	7
/

epsilon(i)	Priority
/
0	0
1	1
2	4
3	7
4	9
5	1
6	4
7	4
8	1
9	4
10	6
11	2
12	9
13	9
14	2
15	7
16	8
17	1
18	8
19	8
20	3
21	6
22	9
23	1
24	6
25	2
26	7
27	4
28	2
29	1
30	2
31	9
32	5
33	7
34	6
35	6
36	9
37	1
38	6
39	1
40	1
/

psi	Vehicle Capacity
/ 166 /
;

Table kappa(i,j)                 Setup
         0        1        2        3        4        5        6        7        8        9        10       11       12       13       14       15       16       17       18       19       20       21       22       23       24       25       26       27       28       29       30       31       32       33       34       35       36       37       38       39       40       
0        0        3453     3006     1736     1544     1372     482      1210     1544     1252     3506     1595     2263     1367     3187     2603     2941     3880     2401     3228     481      2390     1976     1923     2654     1287     1269     2600     3302     2367     1319     2490     3502     2046     3816     279      3347     3573     2075     2458     425      
1        3453     0        605      1767     3754     2082     3191     3612     3021     3701     2274     2800     2340     3068     1480     1644     1499     1364     3215     923      2996     3378     2617     2651     980      2799     2354     1337     157      1384     3882     1404     979      2758     689      3411     1399     317      2561     2696     3730     
2        3006     605      0        1273     3521     1662     2803     3334     2823     3424     1800     2211     1735     2836     1746     1702     948      1850     3175     496      2532     3324     2512     2534     392      2544     1830     1368     465      1300     3602     799      1406     2668     1265     3001     1725     891      1956     2095     3244     
3        1736     1767     1273     0        2490     473      1580     2241     1905     2329     2143     1233     1227     1852     2030     1602     1354     2534     2531     1509     1260     2636     1829     1822     919      1550     598      1386     1611     1140     2494     840      2084     1988     2247     1753     2126     1942     1274     1621     1973     
4        1544     3754     3521     2490     0        2018     1183     334      744      298      4603     2967     3478     688      2853     2312     3845     3611     1199     3906     1736     1098     1270     1215     3286     978      2352     2504     3633     2382     336      3327     3379     1203     3848     1270     3040     3742     3366     3771     1902     
5        1372     2082     1662     473      2018     0        1141     1768     1454     1856     2600     1372     1586     1388     2010     1491     1828     2620     2139     1956     927      2229     1454     1437     1345     1090     596      1367     1931     1112     2022     1313     2202     1605     2463     1340     2141     2204     1566     1951     1675     
6        482      3191     2803     1580     1183     1141     0        854      1068     920      3554     1794     2362     893      2771     2182     2889     3487     1928     3088     554      1926     1496     1442     2484     806      1259     2215     3046     1999     1037     2399     3132     1564     3487     259      2939     3275     2219     2621     907      
7        1210     3612     3334     2241     334      1768     854      0        714      90       4327     2645     3178     583      2833     2266     3594     3590     1385     3694     1409     1316     1281     1221     3074     814      2054     2419     3483     2268     270      3082     3321     1255     3763     935      3018     3626     3055     3460     1576     
8        1544     3021     2823     1905     744      1454     1068     714      0        786      4048     2633     3017     181      2129     1574     3237     2887     861      3232     1516     877      567      507      2618     377      1915     1759     2905     1642     955      2717     2639     558      3104     1282     2315     3000     2953     3355     1966     
9        1252     3701     3424     2329     298      1856     920      90       786      0        4410     2713     3256     664      2911     2346     3681     3668     1416     3784     1474     1338     1350     1291     3164     902      2134     2503     3573     2355     181      3169     3404     1317     3849     981      3096     3714     3129     3533     1604     
10       3506     2274     1800     2143     4603     2600     3554     4327     4048     4410     0        2006     1259     3989     3532     3382     903      3625     4638     1355     3063     4756     3933     3934     1676     3689     2294     3061     2193     2912     4561     1376     3198     4095     2956     3642     3523     2591     1498     1235     3530     
11       1595     2800     2211     1233     2967     1372     1794     2645     2633     2713     2006     0        756      2507     3263     2811     1693     3750     3428     2191     1241     3489     2783     2755     1822     2260     778      2617     2646     2367     2828     1440     3291     2921     3382     1794     3360     3038     509      865      1541     
12       2263     2340     1735     1227     3478     1586     2362     3178     3017     3256     1259     756      0        2925     3128     2785     1010     3479     3724     1582     1841     3815     3032     3019     1386     2642     1126     2522     2200     2301     3393     941      3014     3187     2989     2420     3185     2620     275      406      2271     
13       1367     3068     2836     1852     688      1388     893      583      181      664      3989     2507     2925     0        2250     1682     3198     3006     1034     3228     1361     1037     721      661      2609     303      1810     1842     2947     1704     842      2678     2739     732      3188     1103     2435     3065     2847     3251     1787     
14       3187     1480     1746     2030     2853     2010     2771     2833     2129     2911     3532     3263     3128     2250     0        590      2643     758      1978     2234     2848     2152     1583     1638     1880     2083     2554     650      1467     905      3083     2284     621      1670     1162     3030     187      1265     3252     3533     3572     
15       2603     1644     1702     1602     2312     1491     2182     2266     1574     2346     3382     2811     2785     1682     590      0        2479     1331     1579     2195     2281     1747     1059     1107     1709     1498     2065     334      1575     487      2522     2042     1068     1173     1559     2441     765      1529     2869     3190     2995     
16       2941     1499     948      1354     3845     1828     2889     3594     3237     3681     903      1693     1010     3198     2643     2479     0        2798     3771     615      2467     3898     3070     3076     773      2895     1672     2158     1388     2010     3844     520      2353     3232     2186     3023     2644     1810     1280     1276     3061     
17       3880     1364     1850     2534     3611     2620     3487     3590     2887     3668     3625     3750     3479     3006     758      1331     2798     0        2694     2271     3509     2868     2340     2395     2115     2829     3108     1281     1432     1521     3841     2560     465      2422     749      3743     571      1055     3649     3871     4248     
18       2401     3215     3175     2531     1199     2139     1928     1385     861      1416     4638     3428     3724     1034     1978     1579     3771     2694     0        3640     2369     174      705      708      3065     1193     2675     1878     3132     1878     1526     3265     2582     543      3108     2133     2157     3108     3699     4089     2819     
19       3228     923      496      1509     3906     1956     3088     3694     3232     3784     1355     2191     1582     3228     2234     2195     615      2271     3640     0        2747     3784     2963     2981     620      2929     1983     1860     839      1778     3957     773      1850     3122     1610     3261     2202     1240     1839     1883     3414     
20       481      2996     2532     1260     1736     927      554      1409     1516     1474     3063     1241     1841     1361     2848     2281     2467     3509     2369     2747     0        2393     1830     1786     2176     1180     794      2231     2842     1987     1587     2009     3109     1933     3390     580      2997     3130     1680     2078     748      
21       2390     3378     3324     2636     1098     2229     1926     1316     877      1338     4756     3489     3815     1037     2152     1747     3898     2868     174      3784     2393     0        828      822      3202     1234     2747     2041     3293     2032     1432     3388     2755     666      3281     2117     2332     3276     3778     4173     2802     
22       1976     2617     2512     1829     1270     1454     1496     1281     567      1350     3933     2783     3032     721      1583     1059     3070     2340     705      2963     1830     828      0        59       2375     689      2014     1297     2517     1239     1515     2561     2125     162      2615     1740     1770     2553     3020     3405     2401     
23       1923     2651     2534     1822     1215     1437     1442     1221     507      1291     3934     2755     3019     661      1638     1107     3076     2395     708      2981     1786     822      59       0        2389     636      1989     1337     2550     1270     1457     2565     2175     168      2662     1686     1825     2593     3002     3389     2348     
24       2654     980      392      919      3286     1345     2484     3074     2618     3164     1676     1822     1386     2609     1880     1709     773      2115     3065     620      2176     3202     2375     2389     0        2310     1450     1385     830      1248     3337     448      1653     2536     1604     2668     1896     1240     1590     1765     2874     
25       1287     2799     2544     1550     978      1090     806      814      377      902      3689     2260     2642     303      2083     1498     2895     2829     1193     2929     1180     1234     689      636      2310     0        1538     1617     2673     1455     1084     2375     2531     765      2957     1052     2262     2812     2576     2978     1712     
26       1269     2354     1830     598      2352     596      1259     2054     1915     2134     2294     778      1126     1810     2554     2065     1672     3108     2675     1983     794      2747     2014     1989     1450     1538     0        1904     2198     1648     2276     1227     2665     2157     2845     1360     2668     2539     1038     1441     1431     
27       2600     1337     1368     1386     2504     1367     2215     2419     1759     2503     3061     2617     2522     1842     650      334      2158     1281     1878     1860     2231     2041     1297     1337     1385     1617     1904     0        1256     255      2683     1737     921      1430     1346     2469     774      1256     2628     2929     2968     
28       3302     157      465      1611     3633     1931     3046     3483     2905     3573     2193     2646     2200     2947     1467     1575     1388     1432     3132     839      2842     3293     2517     2550     830      2673     2198     1256     0        1279     3754     1261     1017     2663     802      3264     1404     426      2416     2561     3576     
29       2367     1384     1300     1140     2382     1112     1999     2268     1642     2355     2912     2367     2301     1704     905      487      2010     1521     1878     1778     1987     2032     1239     1270     1248     1455     1648     255      1279     0        2536     1559     1135     1387     1508     2249     1028     1361     2394     2707     2728     
30       1319     3882     3602     2494     336      2022     1037     270      955      181      4561     2828     3393     842      3083     2522     3844     3841     1526     3957     1587     1432     1515     1457     3337     1084     2276     2683     3754     2536     0        3334     3581     1472     4029     1060     3269     3895     3257     3659     1639     
31       2490     1404     799      840      3327     1313     2399     3082     2717     3169     1376     1440     941      2678     2284     2042     520      2560     3265     773      2009     3388     2561     2565     448      2375     1227     1737     1261     1559     3334     0        2096     2724     2047     2549     2315     1679     1157     1317     2651     
32       3502     979      1406     2084     3379     2202     3132     3321     2639     3404     3198     3291     3014     2739     621      1068     2353     465      2582     1850     3109     2755     2125     2175     1653     2531     2665     921      1017     1135     3581     2096     0        2231     541      3383     474      704      3183     3406     3854     
33       2046     2758     2668     1988     1203     1605     1564     1255     558      1317     4095     2921     3187     732      1670     1173     3232     2422     543      3122     1933     666      162      168      2536     765      2157     1430     2663     1387     1472     2724     2231     0        2732     1800     1857     2684     3170     3557     2472     
34       3816     689      1265     2247     3848     2463     3487     3763     3104     3849     2956     3382     2989     3188     1162     1559     2186     749      3108     1610     3390     3281     2615     2662     1604     2957     2845     1346     802      1508     4029     2047     541      2732     0        3729     1012     376      3193     3358     4138     
35       279      3411     3001     1753     1270     1340     259      935      1282     981      3642     1794     2420     1103     3030     2441     3023     3743     2133     3261     580      2117     1740     1686     2668     1052     1360     2469     3264     2249     1060     2549     3383     1800     3729     0        3197     3507     2252     2646     685      
36       3347     1399     1725     2126     3040     2141     2939     3018     2315     3096     3523     3360     3185     2435     187      765      2644     571      2157     2202     2997     2332     1770     1825     1896     2262     2668     774      1404     1028     3269     2315     474      1857     1012     3197     0        1156     3322     3588     3727     
37       3573     317      891      1942     3742     2204     3275     3626     3000     3714     2591     3038     2620     3065     1265     1529     1810     1055     3108     1240     3130     3276     2553     2593     1240     2812     2539     1256     426      1361     3895     1679     704      2684     376      3507     1156     0        2831     2986     3874     
38       2075     2561     1956     1274     3366     1566     2219     3055     2953     3129     1498     509      275      2847     3252     2869     1280     3649     3699     1839     1680     3778     3020     3002     1590     2576     1038     2628     2416     2394     3257     1157     3183     3170     3193     2252     3322     2831     0        405      2047     
39       2458     2696     2095     1621     3771     1951     2621     3460     3355     3533     1235     865      406      3251     3533     3190     1276     3871     4089     1883     2078     4173     3405     3389     1765     2978     1441     2929     2561     2707     3659     1317     3406     3557     3358     2646     3588     2986     405      0        2399     
40       425      3730     3244     1973     1902     1675     907      1576     1966     1604     3530     1541     2271     1787     3572     2995     3061     4248     2819     3414     748      2802     2401     2348     2874     1712     1431     2968     3576     2728     1639     2651     3854     2472     4138     685      3727     3874     2047     2399     0        
;



Table delta(i,j)                 Distance
         0        1        2        3        4        5        6        7        8        9        10       11       12       13       14       15       16       17       18       19       20       21       22       23       24       25       26       27       28       29       30       31       32       33       34       35       36       37       38       39       40       
0        0        195      85       66       121      128      192      203      92       209      179      84       167      151      81       71       90       146      102      171      98       116      88       172      68       140      189      106      110      137      228      143      188      126      104      24       138      102      160      183      127      
1        195      0        179      206      147      67       122      30       109      16       39       148      31       135      122      150      130      125      144      87       105      186      138      67       164      83       33       93       95       64       60       106      17       97       129      197      58       117      80       77       140      
2        85       179      0        148      175      118      227      199      116      189      149      140      148      197      66       36       135      188      156      196      78       31       41       187      24       161      159      90       131      116      189      178      166      154      150      108      123      139      181      135      56       
3        66       206      148      0        84       147      162      204      98       222      203      60       184      116      121      125      76       115      72       154      133      179      139      162      128      131      211      136      111      161      252      122      205      115      83       41       158      91       147      219      181      
4        121      147      175      84       0        108      78       135      66       163      157      37       134      32       118      140      40       32       19       74       120      201      146      87       151      63       162      115      64       125      202      44       151      50       26       104      117      42       72       186      182      
5        128      67       118      147      108      0        123      81       50       81       55       95       38       111      56       85       78       101      98       87       41       132      77       72       100      58       63       28       44       17       104      83       60       61       83       132      10       68       72       78       94       
6        192      122      227      162      78       123      0        97       111      135      150      109      127      46       162      191      102      47       92       37       155      248      190      56       204      67       150      145      96       137      182      50       134      73       87       179      127      92       51       188      216      
7        203      30       199      204      135      81       97       0        112      39       68       144      54       118      137      167      128      109      137      67       122      209      157      49       181      74       64       109      96       83       86       92       47       90       123      202      75       113      64       108      165      
8        92       109      116      98       66       50       111      112      0        125      105      45       86       81       54       80       29       72       52       83       53       139      82       80       93       49       113      49       18       65       154      61       106      38       39       89       60       24       69       126      116      
9        209      16       189      222      163      81       135      39       125      0        41       164      42       150      134      161      147      141      160      102      117      193      148      82       174      100      33       105      111      75       47       122      23       113      146      212      71       133      95       76       146      
10       179      39       149      203      157      55       150      68       105      41       0        149      24       153      99       123      132      142      150      113      82       151      109      93       136      97       10       73       97       42       49       123      21       107      135      186      44       120      102      39       104      
11       84       148      140      60       37       95       109      144      45       164      149      0        129      66       89       107      17       62       18       95       95       168      115      101      116      70       156      92       53       111      198      64       148      55       23       70       105      31       87       172      154      
12       167      31       148      184      134      38       127      54       86       42       24       129      0        129      91       119      111      118      128      90       74       155      107      70       133      73       28       63       75       33       69       99       21       84       113      171      29       99       78       61       111      
13       151      135      197      116      32       111      46       118      81       150      153      66       129      0        135      161      63       11       48       52       133      221      164      69       173      56       156      125      72       128      194      30       143      50       48       135      118      58       55       187      196      
14       81       122      66       121      118      56       162      137      54       134      99       89       91       135      0        30       78       126      101      130      17       86       28       121      44       96       109      28       66       58       147      113      111      89       92       93       63       78       115      102      64       
15       71       150      36       125      140      85       191      167      80       161      123      107      119      161      30       0        100      152      122      160      45       60       17       151      14       125      134      57       95       86       168      141      138      118      115      89       92       103      145      118      56       
16       90       130      135      76       40       78       102      128      29       147      132      17       111      63       78       100      0        56       23       83       81       161      106      87       111      55       138      78       35       94       180      53       130      39       15       80       88       14       73       155      142      
17       146      125      188      115      32       101      47       109      72       141      142      62       118      11       126      152      56       0        45       44       123      212      155      60       164      45       146      115      61       117      183      19       132      39       41       132      107      49       45       176      186      
18       102      144      156      72       19       98       92       137      52       160      150      18       128      48       101      122      23       45       0        82       105      183      129      91       132      62       156      101      53       114      197      50       146      47       14       87       107      30       76       176      166      
19       171      87       196      154      74       87       37       67       83       102      113      95       90       52       130      160      83       44       82       0        121      214      157      20       173      34       114      110      65       100      147      31       99       45       72       163      89       70       14       151      180      
20       98       105      78       133      120      41       155      122      53       117      82       95       74       133      17       45       81       123      105      121      0        93       36       110      59       88       92       12       61       41       129      109      94       84       93       108      47       78       106      86       63       
21       116      186      31       179      201      132      248      209      139      193      151      168      155      221      86       60       161      212      183      214      93       0        58       203      52       181      161      105      152      125      185      200      170      176      176      139      134      163      200      129      48       
22       88       138      41       139      146      77       190      157      82       148      109      115      107      164      28       17       106      155      129      157      36       58       0        146      27       123      119      48       94       74       152      142      125      118      120      105      81       106      142      101      41       
23       172      67       187      162      87       72       56       49       80       82       93       101      70       69       121      151      87       60       91       20       110      203      146      0        165      32       94       98       62       84       128      43       79       47       79       165      73       73       15       132      166      
24       68       164      24       128      151      100      204      181      93       174      136      116      133      173      44       14       111      164      132      173      59       52       27       165      0        139      147      71       108      100      180      154      151      131      126      89       106      115      159      128      60       
25       140      83       161      131      63       58       67       74       49       100      97       70       73       56       96       125      55       45       62       34       88       181      123      32       139      0        101      78       31       74       140      26       89       15       48       133      63       40       20       131      149      
26       189      33       159      211      162      63       150      64       113      33       10       156      28       156      109      134      138      146      156      114      92       161      119      94       147      101      0        82       103      52       41       126      16       112      141      195      53       127      104      44       113      
27       106      93       90       136      115      28       145      109      49       105      73       92       63       125      28       57       78       115      101      110      12       105      48       98       71       78       82       0        53       31       121      99       83       76       88       114      35       72       95       82       71       
28       110      95       131      111      64       44       96       96       18       111      97       53       75       72       66       95       35       61       53       65       61       152      94       62       108      31       103      53       0        61       144      47       95       23       39       106      54       23       52       122      124      
29       137      64       116      161      125      17       137      83       65       75       42       111      33       128      58       86       94       117      114      100      41       125      74       84       100      74       52       31       61       0        92       99       52       78       100      143      10       84       86       61       83       
30       228      60       189      252      202      104      182      86       154      47       49       198      69       194      147      168      180      183      197      147      129      185      152      128      180      140      41       121      144      92       0        164      51       152      182      235      94       168      139      56       137      
31       143      106      178      122      44       83       50       92       61       122      123      64       99       30       113      141      53       19       50       31       109      200      142      43       154      26       126      99       47       99       164      0        113      24       41       133      89       42       28       157      171      
32       188      17       166      205      151      60       134      47       106      23       21       148      21       143      111      138      130      132      146      99       94       170      125      79       151      89       16       83       95       52       51       113      0        101      132      192      50       118      89       60       124      
33       126      97       154      115      50       61       73       90       38       113      107      55       84       50       89       118      39       39       47       45       84       176      118      47       131      15       112      76       23       78       152      24       101      0        33       118      69       25       34       138      147      
34       104      129      150      83       26       83       87       123      39       146      135      23       113      48       92       115      15       41       14       72       93       176      120      79       126      48       141      88       39       100      182      41       132      33       0        92       93       16       64       162      155      
35       24       197      108      41       104      132      179      202      89       212      186      70       171      135      93       89       80       132      87       163      108      139      105      165      89       133      195      114      106      143      235      133      192      118      92       0        142      93       152      195      146      
36       138      58       123      158      117      10       127      75       60       71       44       105      29       118      63       92       88       107      107      89       47       134      81       73       106      63       53       35       54       10       94       89       50       69       93       142      0        77       75       69       94       
37       102      117      139      91       42       68       92       113      24       133      120      31       99       58       78       103      14       49       30       70       78       163      106      73       115      40       127      72       23       84       168      42       118      25       16       93       77       0        59       146      141      
38       160      80       181      147      72       72       51       64       69       95       102      87       78       55       115      145      73       45       76       14       106      200      142      15       159      20       104      95       52       86       139      28       89       34       64       152      75       59       0        138      165      
39       183      77       135      219      186      78       188      108      126      76       39       172      61       187      102      118      155      176      176      151      86       129      101      132      128      131      44       82       122      61       56       157      60       138      162      195      69       146      138      0        81       
40       127      140      56       181      182      94       216      165      116      146      104      154      111      196      64       56       142      186      166      180      63       48       41       166      60       149      113      71       124      83       137      171      124      147      155      146      94       141      165      81       0        
;

