

sets
i        orders          /0*40/
k        routes          /1*40/
p        positions       /0*40/
;

alias(i,j)
alias(i,h)
alias(i,hh)
alias(i,jj)
alias(k,kk)
                            Parameters

rho(i)	Processing time
/
0	0
1	35
2	13
3	41
4	17
5	83
6	83
7	85
8	66
9	56
10	89
11	29
12	41
13	78
14	50
15	73
16	3
17	62
18	14
19	98
20	6
21	79
22	39
23	83
24	67
25	85
26	26
27	79
28	43
29	46
30	67
31	31
32	69
33	97
34	23
35	1
36	74
37	99
38	1
39	85
40	84
/

gamma(i)	Duedate
/
0	0
1	4
2	74
3	79
4	93
5	60
6	23
7	3
8	45
9	4
10	27
11	81
12	65
13	46
14	58
15	80
16	67
17	51
18	42
19	26
20	20
21	87
22	95
23	96
24	46
25	88
26	52
27	99
28	77
29	61
30	84
31	65
32	65
33	27
34	43
35	70
36	39
37	88
38	77
39	28
40	50
/

sigma(i)	Size
/
0	0
1	7
2	5
3	2
4	8
5	4
6	8
7	6
8	2
9	3
10	1
11	7
12	6
13	8
14	3
15	6
16	5
17	1
18	4
19	4
20	6
21	9
22	5
23	7
24	3
25	8
26	4
27	6
28	3
29	1
30	4
31	5
32	7
33	5
34	8
35	9
36	4
37	4
38	8
39	7
40	1
/

epsilon(i)	Priority
/
0	0
1	9
2	6
3	6
4	2
5	1
6	8
7	9
8	8
9	1
10	6
11	1
12	9
13	8
14	6
15	3
16	3
17	7
18	2
19	2
20	7
21	7
22	9
23	9
24	5
25	9
26	5
27	5
28	8
29	6
30	2
31	6
32	3
33	3
34	9
35	6
36	2
37	2
38	7
39	5
40	8
/

psi	Vehicle Capacity
/ 52 /
;

Table kappa(i,j)                 Setup
         0        1        2        3        4        5        6        7        8        9        10       11       12       13       14       15       16       17       18       19       20       21       22       23       24       25       26       27       28       29       30       31       32       33       34       35       36       37       38       39       40       
0        0        988      138      2268     2398     1397     2692     1300     974      1593     3900     2490     1471     1541     1702     2469     1614     2408     2923     2040     2592     785      1342     1701     1262     2150     2632     1250     1141     2809     2061     1417     970      2205     2144     846      3206     2288     766      2738     1044     
1        988      0        921      1767     1785     445      3372     1308     908      2507     3876     3076     1286     1343     2653     2488     2520     1514     3166     1626     1845     487      1426     1383     535      1611     1816     1614     1531     2449     1523     2331     1656     1370     3065     1099     2723     2886     1104     3257     1573     
2        138      921      0        2309     2424     1347     2830     1385     1035     1716     4005     2628     1538     1609     1814     2572     1737     2381     3047     2090     2597     789      1210     1758     1249     2184     2624     1138     1030     2873     2094     1540     1107     2191     2262     713      3256     2426     869      2875     1174     
3        2268     1767     2309     0        291      1484     3145     1138     1306     3062     2358     2721     872      815      3307     1299     3049     1155     2152     267      710      1546     3186     606      1232     166      938      3320     3224     721      245      2932     2097     911      3533     2801     963      2611     1638     2726     1845     
4        2398     1785     2424     291      0        1444     3432     1364     1468     3301     2561     3010     1090     1042     3541     1581     3291     916      2433     530      420      1640     3211     828      1258     280      654      3379     3288     880      355      3165     2323     708      3786     2858     969      2897     1826     3017     2078     
5        1397     445      1347     1484     1444     0        3562     1343     1014     2837     3732     3228     1228     1269     3005     2408     2845     1071     3159     1399     1442     716      1803     1238     374      1319     1389     2032     1955     2198     1240     2664     1919     944      3392     1526     2408     3051     1321     3374     1785     
6        2692     3372     2830     3145     3432     3562     0        2288     2549     1426     2755     437      2513     2520     1592     2056     1384     4092     1529     2909     3839     2896     3981     2699     3212     3179     4036     3758     3661     3052     3145     1526     1748     3809     1293     3501     3553     539      2269     615      1798     
7        1300     1308     1385     1138     1364     1343     2288     0        414      1938     2650     1918     275      323      2176     1221     1928     1828     1857     873      1701     849      2498     536      970      1083     1848     2511     2404     1540     1014     1800     960      1549     2434     2031     1983     1756     554      2039     713      
8        974      908      1035     1306     1468     1014     2549     414      0        1959     3056     2216     504      575      2169     1633     1958     1710     2263     1069     1728     436      2096     727      666      1203     1824     2132     2028     1838     1118     1800     977      1453     2494     1639     2233     2037     386      2372     795      
9        1593     2507     1716     3062     3301     2837     1426     1938     1959     0        3682     1469     2213     2258     267      2493     42       3670     2442     2794     3634     2121     2712     2473     2570     3020     3762     2428     2340     3295     2952     177      991      3411     557      2273     3794     1304     1576     1787     1225     
10       3900     3876     4005     2358     2561     3732     2755     2650     3056     3682     0        2400     2596     2535     3940     1433     3646     3477     1264     2350     2909     3474     5148     2504     3395     2513     3156     5143     5035     1686     2565     3659     3145     3261     3868     4678     1878     2476     3136     2141     2941     
11       2490     3076     2628     2721     3010     3228     437      1918     2216     1469     2400     0        2127     2128     1687     1619     1427     3696     1145     2490     3420     2591     3816     2297     2868     2762     3622     3633     3530     2614     2732     1522     1521     3413     1500     3325     3115     203      1974     318      1515     
12       1471     1286     1538     872      1090     1228     2513     275      504      2213     2596     2127     0        70       2451     1203     2203     1581     1931     611      1427     884      2580     266      857      809      1579     2634     2530     1338     739      2074     1233     1299     2708     2135     1752     1976     776      2220     988      
13       1541     1343     1609     815      1042     1269     2520     323      575      2258     2535     2128     70       0        2499     1150     2248     1572     1893     551      1391     950      2648     214      900      762      1551     2704     2600     1267     695      2122     1283     1289     2747     2204     1684     1982     842      2211     1035     
14       1702     2653     1814     3307     3541     3005     1592     2176     2169     267      3940     1687     2451     2499     0        2760     297      3875     2694     3040     3864     2295     2721     2713     2757     3260     3984     2408     2327     3557     3190     376      1219     3622     479      2310     4054     1534     1783     2005     1463     
15       2469     2488     2572     1299     1581     2408     2056     1221     1633     2493     1433     1619     1203     1150     2760     0        2465     2434     852      1158     1999     2060     3718     1177     2046     1405     2235     3709     3602     1003     1416     2426     1778     2169     2818     3245     1497     1576     1704     1532     1550     
16       1614     2520     1737     3049     3291     2845     1384     1928     1958     42       3646     1427     2203     2248     297      2465     0        3669     2404     2782     3626     2129     2744     2462     2574     3010     3757     2463     2375     3274     2942     197      986      3409     546      2303     3774     1263     1577     1745     1216     
17       2408     1514     2381     1155     916      1071     4092     1828     1710     3670     3477     3696     1581     1572     3875     2434     3669     0        3282     1281     612      1638     2825     1400     1152     1030     417      3089     3017     1792     1020     3510     2686     283      4203     2591     1771     3553     2094     3758     2483     
18       2923     3166     3047     2152     2433     3159     1529     1857     2263     2442     1264     1145     1931     1893     2694     852      2404     3282     0        2002     2850     2699     4248     1970     2787     2254     3087     4167     4059     1778     2262     2435     2043     3013     2603     3755     2224     1211     2207     918      1889     
19       2040     1626     2090     267      530      1399     2909     873      1069     2794     2350     2490     611      551      3040     1158     2782     1281     2002     0        930      1350     3024     349      1100     272      1135     3133     3034     824      260      2664     1830     1011     3267     2618     1166     2372     1384     2514     1578     
20       2592     1845     2597     710      420      1442     3839     1701     1728     3634     2909     3420     1427     1391     3864     1999     3626     612      2850     930      0        1810     3245     1182     1362     660      249      3459     3376     1225     703      3489     2645     524      4136     2943     1159     3302     2106     3435     2410     
21       785      487      789      1546     1640     716      2896     849      436      2121     3474     2591     884      950      2295     2060     2129     1638     2699     1350     1810     0        1699     1046     486      1411     1847     1783     1684     2163     1320     1949     1209     1424     2675     1271     2506     2404     627      2770     1099     
22       1342     1426     1210     3186     3211     1803     3981     2498     2096     2712     5148     3816     2580     2648     2721     3718     2744     2825     4248     3024     3245     1699     0        2742     1958     3033     3182     413      436      3847     2944     2552     2306     2742     3200     496      4146     3613     2045     4074     2385     
23       1701     1383     1758     606      828      1238     2699     536      727      2473     2504     2297     266      214      2713     1177     2462     1400     1970     349      1182     1046     2742     0        891      547      1350     2825     2724     1121     482      2337     1497     1116     2960     2316     1505     2160     1035     2360     1249     
24       1262     535      1249     1232     1258     374      3212     970      666      2570     3395     2868     857      900      2757     2046     2574     1152     2787     1100     1362     486      1958     891      0        1076     1375     2123     2033     1920     988      2402     1616     943      3118     1602     2189     2694     1010     3006     1456     
25       2150     1611     2184     166      280      1319     3179     1083     1203     3020     2513     2762     809      762      3260     1405     3010     1030     2254     272      660      1411     3033     547      1076     0        863      3177     3082     887      90       2884     2043     773      3506     2657     1113     2642     1553     2786     1797     
26       2632     1816     2624     938      654      1389     4036     1848     1824     3762     3156     3622     1579     1551     3984     2235     3757     417      3087     1135     249      1847     3182     1350     1375     863      0        3422     3343     1473     890      3611     2771     446      4276     2913     1384     3497     2208     3649     2545     
27       1250     1614     1138     3320     3379     2032     3758     2511     2132     2428     5143     3633     2634     2704     2408     3709     2463     3089     4167     3133     3459     1783     413      2825     2123     3177     3422     0        108      3945     3086     2280     2159     2976     2887     521      4283     3431     2007     3908     2280     
28       1141     1531     1030     3224     3288     1955     3661     2404     2028     2340     5035     3530     2530     2600     2327     3602     2375     3017     4059     3034     3376     1684     436      2724     2033     3082     3343     108      0        3845     2991     2190     2053     2897     2807     432      4187     3328     1899     3804     2172     
29       2809     2449     2873     721      880      2198     3052     1540     1838     3295     1686     2614     1338     1267     3557     1003     3274     1792     1778     824      1225     2163     3847     1121     1920     887      1473     3945     3845     0        960      3194     2415     1587     3696     3434     511      2554     2093     2535     2158     
30       2061     1523     2094     245      355      1240     3145     1014     1118     2952     2565     2732     739      695      3190     1416     2942     1020     2262     260      703      1320     2944     482      988      90       890      3086     2991     960      0        2813     1971     752      3443     2566     1202     2607     1471     2766     1728     
31       1417     2331     1540     2932     3165     2664     1526     1800     1800     177      3659     1522     2074     2122     376      2426     197      3510     2435     2664     3489     1949     2552     2337     2402     2884     3611     2280     2190     3194     2813     0        843      3254     734      2108     3688     1344     1415     1836     1087     
32       970      1656     1107     2097     2323     1919     1748     960      977      991      3145     1521     1233     1283     1219     1778     986      2686     2043     1830     2645     1209     2306     1497     1616     2043     2771     2159     2053     2415     1971     843      0        2423     1517     1811     2894     1319     606      1769     258      
33       2205     1370     2191     911      708      944      3809     1549     1453     3411     3261     3413     1299     1289     3622     2169     3409     283      3013     1011     524      1424     2742     1116     943      773      446      2976     2897     1587     752      3254     2423     0        3940     2467     1634     3270     1839     3476     2214     
34       2144     3065     2262     3533     3786     3392     1293     2434     2494     557      3868     1500     2708     2747     479      2818     546      4203     2603     3267     4136     2675     3200     2960     3118     3506     4276     2887     2807     3696     3443     734      1517     3940     0        2785     4203     1393     2116     1805     1730     
35       846      1099     713      2801     2858     1526     3501     2031     1639     2273     4678     3325     2135     2204     2310     3245     2303     2591     3755     2618     2943     1271     496      2316     1602     2657     2913     521      432      3434     2566     2108     1811     2467     2785     0        3765     3122     1558     3580     1888     
36       3206     2723     3256     963      969      2408     3553     1983     2233     3794     1878     3115     1752     1684     4054     1497     3774     1771     2224     1166     1159     2506     4146     1505     2189     1113     1384     4283     4187     511      1202     3688     2894     1634     4203     3765     0        3061     2525     3023     2635     
37       2288     2886     2426     2611     2897     3051     539      1756     2037     1304     2476     203      1976     1982     1534     1576     1263     3553     1211     2372     3302     2404     3613     2160     2694     2642     3497     3431     3328     2554     2607     1344     1319     3270     1393     3122     3061     0        1783     495      1321     
38       766      1104     869      1638     1826     1321     2269     554      386      1576     3136     1974     776      842      1783     1704     1577     2094     2207     1384     2106     627      2045     1035     1010     1553     2208     2007     1899     2093     1471     1415     606      1839     2116     1558     2525     1783     0        2169     471      
39       2738     3257     2875     2726     3017     3374     615      2039     2372     1787     2141     318      2220     2211     2005     1532     1745     3758     918      2514     3435     2770     4074     2360     3006     2786     3649     3908     3804     2535     2766     1836     1769     3476     1805     3580     3023     495      2169     0        1729     
40       1044     1573     1174     1845     2078     1785     1798     713      795      1225     2941     1515     988      1035     1463     1550     1216     2483     1889     1578     2410     1099     2385     1249     1456     1797     2545     2280     2172     2158     1728     1087     258      2214     1730     1888     2635     1321     471      1729     0        
;



Table delta(i,j)                 Distance
         0        1        2        3        4        5        6        7        8        9        10       11       12       13       14       15       16       17       18       19       20       21       22       23       24       25       26       27       28       29       30       31       32       33       34       35       36       37       38       39       40       
0        0        173      27       154      32       66       106      156      124      142      44       132      92       33       65       132      98       62       161      167      125      72       18       166      154      81       100      124      120      115      47       15       107      135      22       160      94       45       134      101      92       
1        173      0        163      84       141      190      94       43       213      77       186      85       146      155      111      71       105      189      68       65       116      117      161      79       64       92       73       204      208      109      148      189      67       40       151      66       173      192      65       115      93       
2        27       163      0        157      30       45       85       139      101      144      70       135      65       50       52       133      76       41       161      147      134      78       36       144      154      74       90       100      96       91       21       37       96       123      26       160      68       32       115      77       93       
3        154      84       157      0        127      199      131      114      241      14       146      22       175      124      114      27       138      196      17       139      43       82       137      150      19       89       87       234      235      153      153      168      89       86       135      18       198      190      121      151      65       
4        32       141      30       127      0        75       77       124      127      114      59       105      79       29       33       103      72       71       132      137      103      47       24       137      125      49       68       125      122      91       35       48       75       103      10       131      89       62       103      78       63       
5        66       190      45       199      75       0        100      159      59       184      109      177      56       95       86       172      89       4        201      160      178      122      80       153      193      110      121      60       55       95       46       68       125      150      71       199      39       24       133      83       134      
6        106      94       85       131      77       100      0        59       119      117      137      115      52       105      47       104      11       99       125      62       133      91       101      60       118      54       44       111      114      22       65       120      42       56       86       123      79       107      33       21       82       
7        156      43       139      114      124      159      59       0        173      103      178      107      109      145      91       92       70       158      101      25       134      115      147      37       95       80       60       164      168      69       121      171      52       31       134      99       136      164      26       78       95       
8        124      213      101      241      127      59       119      173      0        226      168      220      67       152      127      213      109      63       239      166      228      172      138      155      231      151      155      10       5        104      93       127      157      176      126      237      42       83       148      97       179      
9        142      77       144      14       114      184      117      103      226      0        136      11       160      113      99       13       123      181      21       128      40       70       125      139      17       75       73       220      220      139      138      155      74       74       122      20       183      176      108      136      50       
10       44       186      70       146      59       109      137      178      168      136      0        125      134      32       90       130      131      105      157      193      108      69       36       195      151      97       118      168      164      150      87       43       126      152      52       156      138      86       160      137      94       
11       132      85       135      22       105      177      115      107      220      11       125      0        156      102      93       14       120      174      32       131      30       60       115      142      28       69       70       215      215      137      131      145      73       77       113      32       178      167      109      133      43       
12       92       146      65       175      79       56       52       109      67       160      134      156      0        108      65       147      41       57       172      106      167      114      98       98       164      87       88       60       62       41       46       102      89       108      83       170      27       72       82       31       116      
13       33       155      50       124      29       95       105      145      152      113      32       102      108      0        58       105      100      91       133      161      92       43       15       163      127      65       86       150      147      120      63       43       94       120      26       132      117      77       127      107      66       
14       65       111      52       114      33       86       47       91       127      99       90       93       65       58       0        87       43       83       114      103      101      49       57       104      107      24       38       122      122      64       40       80       44       71       43       113      85       82       70       53       51       
15       132      71       133      27       103      172      104      92       213      13       130      14       147      105      87       0        110      169      29       117      44       62       116      128      22       62       60       207      207      126      126      146      61       63       112      27       171      165      96       123      40       
16       98       105      76       138      72       89       11       70       109      123      131      120      41       100      43       110      0        88       133      72       136      91       95       68       125      55       50       101      103      20       55       112      49       66       80       131      68       96       44       13       85       
17       62       189      41       196      71       4        99       158      63       181      105      174      57       91       83       169      88       0        198      159      175      118      76       153      190      108      119      64       59       95       43       64       123      148      67       196      42       20       132      82       131      
18       161      68       161      17       132      201      125      101      239      21       157      32       172      133      114      29       133      198      0        126      59       90       145      138      7        90       84       232      233      146      154      175      83       75       141      2        197      194      111      146      69       
19       167      65       147      139      137      160      62       25       166      128      193      131      106      161      103      117      72       159      126      0        158      135      160      14       120      98       78       156      161      65       127      182      71       54       146      124      132      169      33       76       117      
20       125      116      134      43       103      178      133      134      228      40       108      30       167      92       101      44       136      175      59       158      0        56       107      167      57       81       89       223      222      155      135      136      94       103      109      59       186      165      133      149      51       
21       72       117      78       82       47       122      91       115      172      70       69       60       114      43       49       62       91       118      90       135      56       0        54       140      84       38       56       168      166      111      79       85       64       87       53       89       131      109      103      102      24       
22       18       161      36       137      24       80       101      147      138      125      36       115      98       15       57       116      95       76       145      160      107      54       0        161      138      69       89       136      133      114      51       30       97       124      15       143      104      61       127      101      76       
23       166      79       144      150      137      153      60       37       155      139      195      142      98       163      104      128      68       153      138      14       167      140      161      0        132      102      84       145      151      57       124      180      77       65       146      136      123      164      36       70       123      
24       154      64       154      19       125      193      118      95       231      17       151      28       164      127      107      22       125      190      7        120      57       84       138      132      0        82       76       224      226      139      147      169      76       69       134      5        189      186      104      138      62       
25       81       92       74       89       49       110      54       80       151      75       97       69       87       65       24       62       55       108      90       98       81       38       69       102      82       0        20       145      145      75       64       97       28       55       59       88       109      105      66       67       29       
26       100      73       90       87       68       121      44       60       155      73       118      70       88       86       38       60       50       119      84       78       89       56       89       84       76       20       0        148      149      66       76       116      7        35       78       82       113      120      47       63       40       
27       124      204      100      234      125      60       111      164      10       220      168      215      60       150      122      207      101      64       232      156      223      168      136      145      224      145      148      0        7        95       90       128      149      167      124      230      36       84       139      89       173      
28       120      208      96       235      122      55       114      168      5        220      164      215      62       147      122      207      103      59       233      161      222      166      133      151      226      145      149      7        0        99       88       123      151      170      121      231      36       79       143      92       173      
29       115      109      91       153      91       95       22       69       104      139      150      137      41       120      64       126      20       95       146      65       155      111      114      57       139      75       66       95       99       0        70       128      64       75       99       144      67       107      44       14       104      
30       47       148      21       153      35       46       65       121      93       138      87       131      46       63       40       126      55       43       154      127      135      79       51       124      147      64       76       90       88       70       0        58       81       108      37       153      54       44       96       55       88       
31       15       189      37       168      48       68       120      171      127      155      43       145      102      43       80       146      112      64       175      182      136      85       30       180      169      97       116      128      123      128      58       0        123      151      37       174      100      44       149      114      106      
32       107      67       96       89       75       125      42       52       157      74       126      73       89       94       44       61       49       123      83       71       94       64       97       77       76       28       7        149      151      64       81       123      0        27       85       81       115      125      40       62       46       
33       135      40       123      86       103      150      56       31       176      74       152      77       108      120      71       63       66       148      75       54       103      87       124      65       69       55       35       167      170      75       108      151      27       0        113      73       135      152      35       78       65       
34       22       151      26       135      10       71       86       134      126      122      52       113      83       26       43       112      80       67       141      146      109      53       15       146      134      59       78       124      121      99       37       37       85       113      0        139      90       56       113      85       71       
35       160      66       160      18       131      199      123      99       237      20       156      32       170      132      113      27       131      196      2        124      59       89       143      136      5        88       82       230      231      144      153      174      81       73       139      0        195      192      109      144      68       
36       94       173      68       198      89       39       79       136      42       183      138      178      27       117      85       171      68       42       197      132      186      131      104      123      189      109      113      36       36       67       54       100      115      135      90       195      0        61       110      58       137      
37       45       192      32       190      62       24       107      164      83       176      86       167      72       77       82       165      96       20       194      169      165      109      61       164      186      105      120      84       79       107      44       44       125      152      56       192      61       0        139      94       125      
38       134      65       115      121      103      133      33       26       148      108      160      109      82       127      70       96       44       132      111      33       133      103      127      36       104      66       47       139      143      44       96       149      40       35       113      109      110      139      0        51       87       
39       101      115      77       151      78       83       21       78       97       136      137      133      31       107      53       123      13       82       146      76       149      102      101      70       138      67       63       89       92       14       55       114      62       78       85       144      58       94       51       0        97       
40       92       93       93       65       63       134      82       95       179      50       94       43       116      66       51       40       85       131      69       117      51       24       76       123      62       29       40       173      173      104      88       106      46       65       71       68       137      125      87       97       0        
;

