

sets
i        orders          /0*5/
k        routes          /1*5/
p        positions       /0*5/
;

alias(i,j)
alias(i,h)
alias(i,hh)
alias(i,jj)
alias(k,kk)
                            Parameters

rho(i)	Processing time
/
0	0
1	80
2	38
3	94
4	72
5	86
/

gamma(i)	Duedate
/
0	0
1	90
2	15
3	56
4	98
5	6
/

sigma(i)	Size
/
0	0
1	8
2	3
3	3
4	7
5	9
/

epsilon(i)	Priority
/
0	0
1	4
2	5
3	5
4	1
5	1
/

psi	Vehicle Capacity
/ 15 /
;

Table kappa(i,j)                 Setup
         0        1        2        3        4        5        
0        0        538      263      325      484      476      
1        538      0        561      316      142      143      
2        263      561      0        493      448      566      
3        325      316      493      0        356      193      
4        484      142      448      356      0        245      
5        476      143      566      193      245      0        
;



Table delta(i,j)                 Distance
         0        1        2        3        4        5        
0        0        80       100      80       140      50       
1        80       0        8        16       21       2        
2        100      8        0        18       25       7        
3        80       16       18       0        8        13       
4        140      21       25       8        0        19       
5        50       2        7        13       19       0        
;

