

sets
i        orders          /0*20/
k        routes          /1*20/
p        positions       /0*20/
;

alias(i,j)
alias(i,h)
alias(i,hh)
alias(i,jj)
alias(k,kk)
                            Parameters

rho(i)	Processing time
/
0	0
1	45
2	62
3	25
4	37
5	67
6	44
7	47
8	19
9	28
10	84
11	84
12	6
13	48
14	81
15	34
16	76
17	35
18	48
19	94
20	74
/

gamma(i)	Duedate
/
0	0
1	43
2	97
3	78
4	57
5	99
6	72
7	42
8	86
9	39
10	7
11	89
12	18
13	62
14	89
15	6
16	57
17	9
18	31
19	46
20	8
/

sigma(i)	Size
/
0	0
1	2
2	6
3	1
4	5
5	2
6	4
7	5
8	2
9	3
10	9
11	5
12	5
13	1
14	5
15	1
16	6
17	6
18	4
19	6
20	1
/

epsilon(i)	Priority
/
0	0
1	1
2	1
3	2
4	2
5	6
6	7
7	5
8	4
9	3
10	7
11	7
12	2
13	8
14	6
15	3
16	3
17	5
18	2
19	9
20	7
/

psi	Vehicle Capacity
/ 10 /
;

Table kappa(i,j)                 Setup
         0        1        2        3        4        5        6        7        8        9        10       11       12       13       14       15       16       17       18       19       20       
0        0        112      120      89       112      129      119      129      125      123      121      66       92       90       94       95       41       144      45       34       113      
1        112      0        13       24       108      91       7        137      42       109      72       116      45       29       55       49       153      112      71       120      53       
2        120      13       0        35       103      82       9        131      31       102      63       117      58       42       51       45       161      102      81       130      44       
3        89       24       35       0        106      96       31       135      57       110      79       103      29       9        54       48       129      118      47       95       60       
4        112      108      103      106      0        34       111      28       79       12       46       53       134      116      54       60       145      37       112      143      60       
5        129      91       82       96       34       0        91       56       53       26       19       81       126      106      44       48       166      21       116      156      38       
6        119      7        9        31       111      91       0        139      41       111      72       121      51       35       58       52       160      112      79       127      53       
7        129      137      131      135      28       56       139      0        106      30       72       64       161      144      82       88       157      47       136      162      87       
8        125      42       31       57       79       53       41       106      0        76       34       105      85       66       36       32       167      72       95       143      19       
9        123      109      102      110      12       26       111      30       76       0        42       66       138      120      56       62       157      25       120      153      58       
10       121      72       63       79       46       19       72       72       34       42       0        83       108      88       29       32       161      40       103      146      19       
11       66       116      117      103      53       81       121      64       105      66       83       0        122      110      69       74       93       90       84       99       86       
12       92       45       58       29       134      126      51       161      85       138      108      122      0        19       82       77       128      147      47       88       89       
13       90       29       42       9        116      106      35       144      66       120      88       110      19       0        64       58       129      128      46       93       70       
14       94       55       51       54       54       44       58       82       36       56       29       69       82       64       0        6        135      65       73       117      19       
15       95       49       45       48       60       48       52       88       32       62       32       74       77       58       6        0        136      69       71       116      18       
16       41       153      161      129      145      166      160      157      167      157      161      93       128      129      135      136      0        180      82       44       154      
17       144      112      102      118      37       21       112      47       72       25       40       90       147      128      65       69       180      0        136      173      59       
18       45       71       81       47       112      116      79       136      95       120      103      84       47       46       73       71       82       136      0        48       89       
19       34       120      130      95       143      156      127      162      143      153      146      99       88       93       117      116      44       173      48       0        134      
20       113      53       44       60       60       38       53       87       19       58       19       86       89       70       19       18       154      59       89       134      0        
;



Table delta(i,j)                 Distance
         0        1        2        3        4        5        6        7        8        9        10       11       12       13       14       15       16       17       18       19       20       
0        0        14460    5790     14400    11640    3630     14520    10170    7440     13800    7050     10890    15150    13200    2100     15570    4710     15540    4890     15240    12000    
1        14460    0        290      453      234      539      80       147      359      147      468      375      195      295      551      171      417      210      432      115      97       
2        5790     290      0        421      226      256      292      146      196      290      242      298      327      322      261      335      182      341      199      329      214      
3        14400    453      421      0        590      599      523      436      239      309      654      124      626      158      533      611      323      643      318      364      373      
4        11640    234      226      590      0        392      173      154      403      341      272      478      125      451      444      150      408      135      425      338      241      
5        3630     539      256      599      392      0        523      391      363      545      161      480      517      547      101      538      277      527      284      586      470      
6        14520    80       292      523      173      523      0        147      402      225      431      436      114      368      550      91       445      129      461      195      152      
7        10170    147      146      436      154      391      147      0        269      199      329      329      207      297      407      206      300      224      317      214      99       
8        7440     359      196      239      403      363      402      269      0        269      416      117      477      199      308      474      97       493      101      331      261      
9        13800    147      290      309      341      545      225      199      269      0        518      248      337      151      530      316      352      353      363      63       100      
10       7050     468      242      654      272      161      431      329      416      518      0        530      396      564      252      422      357      403      370      543      425      
11       10890    375      298      124      478      480      436      329      117      248      530      0        529      120      421      519      208      546      207      310      284      
12       15150    195      327      626      125      517      114      207      477      337      396      529      0        474      564      34       501      17       518      310      252      
13       13200    295      322      158      451      547      368      297      199      151      564      120      474      0        505      457      297      490      301      208      221      
14       2100     551      261      533      444      101      550      407      308      530      252      421      564      505      0        580      213      576      215      578      470      
15       15570    171      335      611      150      538      91       206      474      316      422      519      34       457      580      0        505      42       521      285      238      
16       4710     417      182      323      408      277      445      300      97       352      357      208      501      297      213      505      0        517      17       409      322      
17       15540    210      341      643      135      527      129      224      493      353      403      546      17       490      576      42       517      0        534      325      269      
18       4890     432      199      318      425      284      461      317      101      363      370      207      518      301      215      521      17       534      0        421      336      
19       15240    115      329      364      338      586      195      214      331      63       543      310      310      208      578      285      409      325      421      0        117      
20       12000    97       214      373      241      470      152      99       261      100      425      284      252      221      470      238      322      269      336      117      0        
;

