

sets
i        orders          /0*20/
k        routes          /1*20/
p        positions       /0*20/
;

alias(i,j)
alias(i,h)
alias(i,hh)
alias(i,jj)
alias(k,kk)
                            Parameters

rho(i)	Processing time
/
0	0
1	31
2	26
3	61
4	17
5	58
6	64
7	47
8	68
9	80
10	76
11	89
12	91
13	16
14	11
15	43
16	70
17	3
18	3
19	45
20	2
/

gamma(i)	Duedate
/
0	0
1	97
2	84
3	35
4	43
5	36
6	51
7	3
8	74
9	33
10	91
11	35
12	24
13	56
14	88
15	93
16	27
17	75
18	9
19	44
20	14
/

sigma(i)	Size
/
0	0
1	3
2	9
3	9
4	8
5	1
6	9
7	7
8	1
9	9
10	2
11	8
12	6
13	9
14	1
15	4
16	7
17	3
18	6
19	3
20	5
/

epsilon(i)	Priority
/
0	0
1	8
2	3
3	7
4	7
5	1
6	9
7	3
8	9
9	3
10	9
11	8
12	5
13	8
14	8
15	2
16	6
17	7
18	6
19	4
20	6
/

psi	Vehicle Capacity
/ 42 /
;

Table kappa(i,j)                 Setup
         0        1        2        3        4        5        6        7        8        9        10       11       12       13       14       15       16       17       18       19       20       
0        0        274      867      900      1076     963      968      775      480      899      565      98       99       544      547      589      314      835      451      634      1031     
1        274      0        639      644      823      740      700      516      296      658      409      271      201      381      292      330      413      615      386      393      771      
2        867      639      0        693      259      907      309      622      391      779      872      899      768      354      356      332      762      46       956      249      261      
3        900      644      693      0        651      219      454      128      709      96       457      855      844      770      532      502      1034     714      632      573      575      
4        1076     823      259      651      0        869      197      627      622      746      956      1093     981      602      531      493      1010     305      1077     443      76       
5        963      740      907      219      869      0        673      293      872      128      427      899      927      942      703      681      1151     925      602      763      793      
6        968      700      309      454      197      673      0        432      563      549      775      970      879      571      426      382      958      348      907      369      120      
7        775      516      622      128      627      293      432      0        590      172      376      734      716      655      415      390      906      637      540      469      551      
8        480      296      391      709      622      872      563      590      0        760      654      525      381      87       178      215      395      355      673      194      592      
9        899      658      779      96       746      128      549      172      760      0        410      845      853      827      587      562      1061     797      588      640      670      
10       565      409      872      457      956      427      775      376      654      410      0        488      554      740      542      550      810      868      178      644      885      
11       98       271      899      855      1093     899      970      734      525      845      488      0        165      597      561      600      411      871      359      657      1042     
12       99       201      768      844      981      927      879      716      381      853      554      165      0        445      455      498      267      735      468      538      937      
13       544      381      354      770      602      942      571      655      87       827      740      597      445      0        240      267      408      313      760      214      582      
14       547      292      356      532      531      703      426      415      178      587      542      561      455      240      0        44       549      340      604      108      483      
15       589      330      332      502      493      681      382      390      215      562      550      600      498      267      44       0        592      321      624      94       442      
16       314      413      762      1034     1010     1151     958      906      395      1061     810      411      267      408      549      592      0        720      736      589      985      
17       835      615      46       714      305      925      348      637      355      797      868      871      735      313      340      321      720      0        944      231      307      
18       451      386      956      632      1077     602      907      540      673      588      178      359      468      760      604      624      736      944      0        712      1010     
19       634      393      249      573      443      763      369      469      194      640      644      657      538      214      108      94       589      231      712      0        404      
20       1031     771      261      575      76       793      120      551      592      670      885      1042     937      582      483      442      985      307      1010     404      0        
;



Table delta(i,j)                 Distance
         0        1        2        3        4        5        6        7        8        9        10       11       12       13       14       15       16       17       18       19       20       
0        0        72       88       36       73       104      62       56       101      91       42       37       95       90       81       81       46       49       90       66       53       
1        72       0        73       52       80       46       70       67       64       73       80       39       67       21       85       9        27       23       84       82       20       
2        88       73       0        53       24       53       28       33       26       3        56       59       14       67       21       73       77       71       13       34       64       
3        36       52       53       0        42       72       30       24       65       55       27       14       58       64       50       59       37       35       57       39       32       
4        73       80       24       42       0        73       12       18       49       27       35       54       38       80       7        82       75       71       18       10       65       
5        104      46       53       72       73       0        69       70       30       52       92       67       40       26       74       39       68       62       67       81       55       
6        62       70       28       30       12       69       0        6        50       31       28       42       39       73       19       73       63       59       28       12       54       
7        56       67       33       24       18       70       6        0        53       36       23       36       44       71       25       71       58       55       34       16       50       
8        101      64       26       65       49       30       50       53       0        24       77       66       11       51       48       61       77       71       38       59       63       
9        91       73       3        55       27       52       31       36       24       0        59       61       12       67       24       73       78       73       15       37       65       
10       42       80       56       27       35       92       28       23       77       59       0        41       67       89       42       86       63       62       54       26       60       
11       37       39       59       14       54       67       42       36       66       61       41       0        62       54       61       47       22       20       66       52       19       
12       95       67       14       58       38       40       39       44       11       12       67       62       0        57       36       65       76       70       27       48       62       
13       90       21       67       64       80       26       73       71       51       67       89       54       57       0        84       13       47       42       80       85       37       
14       81       85       21       50       7        74       19       25       48       24       42       61       36       84       0        87       82       77       12       16       71       
15       81       9        73       59       82       39       73       71       61       73       86       47       65       13       87       0        36       32       85       86       28       
16       46       27       77       37       75       68       63       58       77       78       63       22       76       47       82       36       0        6        86       74       14       
17       49       23       71       35       71       62       59       55       71       73       62       20       70       42       77       32       6        0        81       71       8        
18       90       84       13       57       18       67       28       34       38       15       54       66       27       80       12       85       86       81       0        28       74       
19       66       82       34       39       10       81       12       16       59       37       26       52       48       85       16       86       74       71       28       0        66       
20       53       20       64       32       65       55       54       50       63       65       60       19       62       37       71       28       14       8        74       66       0        
;

