
sets
i        orders          /0*5/
k        routes          /1*5/
p        positions       /0*5/
;

alias(i,j)
alias(i,h)
alias(i,hh)
alias(i,jj)
alias(k,kk)
                
                    Parameters

rho(i)	Processing time
/
0	0
1	4
2	4
3	21
4	10
5	9
/

gamma(i)	Duedate
/
0	0
1	57
2	23
3	94
4	22
5	90
/

sigma(i)	Size
/
0	0
1	5
2	3
3	9
4	1
5	6
/

epsilon(i)	Priority
/
0	0
1	8
2	4
3	3
4	1
5	9
/

psi	Vehicle Capacity
/ 40 /
;

Table kappa(i,j)                 Setup
         0        1        2        3        4        5        
0        0        19       23       14       38       26       
1        19       0        27       10       20       11       
2        23       27       0        18       33       24       
3        14       10       18       0        23       12       
4        38       20       33       23       0        11       
5        26       11       24       12       11       0        
;



Table delta(i,j)                 Distance
         0        1        2        3        4        5        
0        0        104      110      111      78       45       
1        104      0        22       14       58       100      
2        110      22       0        34       78       114      
3        111      14       34       0        55       102      
4        78       58       78       55       0        51       
5        45       100      114      102      51       0        
;

