
sets
i        orders          /0*5/
k        routes          /1*5/
p        positions       /0*5/
;

alias(i,j)
alias(i,h)
alias(i,hh)
alias(i,jj)
alias(k,kk)
                
                    Parameters

rho(i)	Processing time
/
0	0
1	9
2	95
3	42
4	90
5	39
/

gamma(i)	Duedate
/
0	0
1	92
2	55
3	14
4	51
5	46
/

sigma(i)	Size
/
0	0
1	9
2	7
3	4
4	1
5	9
/

epsilon(i)	Priority
/
0	0
1	4
2	4
3	6
4	5
5	3
/

psi	Vehicle Capacity
/ 22 /
;

Table kappa(i,j)                 Setup
         0        1        2        3        4        5        
0        0        38       43       11       13       5        
1        38       0        21       28       50       38       
2        43       21       0        35       56       40       
3        11       28       35       0        22       12       
4        13       50       56       22       0        17       
5        5        38       40       12       17       0        
;



Table delta(i,j)                 Distance
         0        1        2        3        4        5        
0        0        58       114      12       86       123      
1        58       0        87       62       28       73       
2        114      87       0        107      79       55       
3        12       62       107      0        88       122      
4        86       28       79       88       0        49       
5        123      73       55       122      49       0        
;

