
sets
i        orders          /0*5/
k        routes          /1*5/
p        positions       /0*5/
;

alias(i,j)
alias(i,h)
alias(i,hh)
alias(i,jj)
alias(k,kk)
                
                    Parameters

rho(i)	Processing time
/
0	0
1	41
2	77
3	70
4	43
5	88
/

gamma(i)	Duedate
/
0	0
1	71
2	51
3	37
4	7
5	39
/

sigma(i)	Size
/
0	0
1	2
2	4
3	9
4	1
5	5
/

epsilon(i)	Priority
/
0	0
1	4
2	1
3	6
4	1
5	6
/

psi	Vehicle Capacity
/ 24 /
;

Table kappa(i,j)                 Setup
         0        1        2        3        4        5        
0        0        21       33       30       46       44       
1        21       0        20       18       29       28       
2        33       20       0        37       42       44       
3        30       18       37       0        18       15       
4        46       29       42       18       0        4        
5        44       28       44       15       4        0        
;



Table delta(i,j)                 Distance
         0        1        2        3        4        5        
0        0        85       67       45       101      80       
1        85       0        17       57       15       6        
2        67       17       0        42       33       14       
3        45       57       42       0        72       55       
4        101      15       33       72       0        20       
5        80       6        14       55       20       0        
;

