
sets
i        orders          /0*5/
k        routes          /1*5/
p        positions       /0*5/
;

alias(i,j)
alias(i,h)
alias(i,hh)
alias(i,jj)
alias(k,kk)
                
                    Parameters

rho(i)	Processing time
/
0	0
1	32
2	55
3	48
4	99
5	90
/

gamma(i)	Duedate
/
0	0
1	98
2	44
3	13
4	80
5	94
/

sigma(i)	Size
/
0	0
1	5
2	4
3	4
4	8
5	7
/

epsilon(i)	Priority
/
0	0
1	4
2	3
3	3
4	3
5	9
/

psi	Vehicle Capacity
/ 19 /
;

Table kappa(i,j)                 Setup
         0        1        2        3        4        5        
0        0        42       3        11       46       46       
1        42       0        42       31       18       5        
2        3        42       0        10       47       46       
3        11       31       10       0        38       36       
4        46       18       47       38       0        15       
5        46       5        46       36       15       0        
;



Table delta(i,j)                 Distance
         0        1        2        3        4        5        
0        0        19       60       26       45       51       
1        19       0        70       37       27       51       
2        60       70       0        34       96       36       
3        26       37       34       0        64       32       
4        45       27       96       64       0        71       
5        51       51       36       32       71       0        
;

