
sets
i        orders          /0*10/
k        routes          /1*10/
p        positions       /0*10/
;

alias(i,j)
alias(i,h)
alias(i,hh)
alias(i,jj)
alias(k,kk)
                
                    Parameters

rho(i)	Processing time
/
0	0
1	76
2	98
3	19
4	54
5	16
6	96
7	92
8	34
9	29
10	16
/

gamma(i)	Duedate
/
0	0
1	41
2	65
3	44
4	80
5	21
6	31
7	43
8	80
9	51
10	41
/

sigma(i)	Size
/
0	0
1	2
2	2
3	9
4	5
5	7
6	4
7	9
8	5
9	3
10	4
/

epsilon(i)	Priority
/
0	0
1	3
2	8
3	7
4	5
5	6
6	5
7	6
8	4
9	6
10	4
/

psi	Vehicle Capacity
/ 23 /
;

Table kappa(i,j)                 Setup
         0        1        2        3        4        5        6        7        8        9        10       
0        0        39       52       49       74       64       122      178      85       58       111      
1        39       0        34       85       78       72       92       141      54       96       93       
2        52       34       0        80       47       104      120      132      84       96       127      
3        49       85       80       0        69       103      172      211      134      19       158      
4        74       78       47       69       0        138      167      158      130      88       171      
5        64       72       104      103      138      0        96       203      72       102      64       
6        122      92       120      172      167      96       0        140      38       179      44       
7        178      141      132      211      158      203      140      0        135      228      179      
8        85       54       84       134      130      72       38       135      0        142      49       
9        58       96       96       19       88       102      179      228      142      0        161      
10       111      93       127      158      171      64       44       179      49       161      0        
;



Table delta(i,j)                 Distance
         0        1        2        3        4        5        6        7        8        9        10       
0        0        620      420      220      1120     310      680      610      1100     980      960      
1        620      0        20       47       50       56       6        20       48       51       62       
2        420      20       0        28       69       40       26       25       68       63       69       
3        220      47       28       0        93       14       52       41       96       76       73       
4        1120     50       69       93       0        98       44       53       25       41       61       
5        310      56       40       14       98       0        60       45       104      74       69       
6        680      6        26       52       44       60       0        21       43       47       60       
7        610      20       25       41       53       45       21       0        61       38       44       
8        1100     48       68       96       25       104      43       61       0        63       83       
9        980      51       63       76       41       74       47       38       63       0        20       
10       960      62       69       73       61       69       60       44       83       20       0        
;

