
sets
i        orders          /0*10/
k        routes          /1*10/
p        positions       /0*10/
;

alias(i,j)
alias(i,h)
alias(i,hh)
alias(i,jj)
alias(k,kk)
                
                    Parameters

rho(i)	Processing time
/
0	0
1	48
2	31
3	44
4	85
5	16
6	43
7	77
8	26
9	3
10	5
/

gamma(i)	Duedate
/
0	0
1	38
2	35
3	9
4	6
5	37
6	58
7	58
8	48
9	57
10	86
/

sigma(i)	Size
/
0	0
1	7
2	2
3	1
4	3
5	2
6	4
7	3
8	8
9	4
10	2
/

epsilon(i)	Priority
/
0	0
1	2
2	7
3	4
4	1
5	3
6	1
7	5
8	7
9	1
10	8
/

psi	Vehicle Capacity
/ 17 /
;

Table kappa(i,j)                 Setup
         0        1        2        3        4        5        6        7        8        9        10       
0        0        124      95       157      108      142      84       105      141      110      60       
1        124      0        197      110      79       137      109      219      17       45       179      
2        95       197      0        252      202      236      100      142      210      197      46       
3        157      110      252      0        50       47       195      204      118      70       216      
4        108      79       202      50       0        59       146      170      92       33       168      
5        142      137      236      47       59       0        198      165      149      91       196      
6        84       109      100      195      146      198      0        186      119      127      104      
7        105      219      142      204      170      165      186      0        236      189      98       
8        141      17       210      118      92       149      119      236      0        59       195      
9        110      45       197      70       33       91       127      189      59       0        170      
10       60       179      46       216      168      196      104      98       195      170      0        
;



Table delta(i,j)                 Distance
         0        1        2        3        4        5        6        7        8        9        10       
0        0        470      380      740      960      620      130      840      670      730      980      
1        470      0        64       27       64       33       59       45       33       51       64       
2        380      64       0        85       84       91       31       108      64       58       88       
3        740      27       85       0        50       43       85       39       29       50       48       
4        960      64       84       50       0        92       101      90       31       26       5        
5        620      33       91       43       92       0        76       23       63       83       91       
6        130      59       31       85       101      76       0        97       74       77       104      
7        840      45       108      39       90       23       97       0        67       88       87       
8        670      33       64       29       31       63       74       67       0        21       32       
9        730      51       58       50       26       83       77       88       21       0        30       
10       980      64       88       48       5        91       104      87       32       30       0        
;

