

sets
i        orders          /0*80/
k        routes          /1*80/
p        positions       /0*80/
;

alias(i,j)
alias(i,h)
alias(i,hh)
alias(i,jj)
alias(k,kk)
                            Parameters

rho(i)	Processing time
/
0	0
1	63
2	10
3	23
4	99
5	97
6	83
7	11
8	76
9	79
10	54
11	36
12	29
13	98
14	4
15	31
16	91
17	95
18	1
19	24
20	57
21	1
22	45
23	77
24	10
25	28
26	19
27	52
28	50
29	96
30	97
31	75
32	81
33	39
34	33
35	76
36	5
37	50
38	51
39	77
40	24
41	28
42	56
43	91
44	53
45	82
46	46
47	48
48	20
49	79
50	90
51	52
52	20
53	32
54	80
55	11
56	41
57	38
58	51
59	32
60	74
61	8
62	99
63	54
64	83
65	46
66	57
67	78
68	71
69	93
70	4
71	45
72	94
73	31
74	96
75	28
76	17
77	14
78	52
79	98
80	76
/

gamma(i)	Duedate
/
0	0
1	68
2	75
3	61
4	36
5	60
6	27
7	14
8	75
9	33
10	48
11	43
12	24
13	32
14	84
15	8
16	64
17	78
18	25
19	97
20	22
21	4
22	97
23	85
24	48
25	28
26	23
27	58
28	9
29	44
30	72
31	51
32	68
33	1
34	14
35	21
36	64
37	49
38	40
39	97
40	8
41	10
42	37
43	11
44	84
45	32
46	50
47	5
48	68
49	61
50	32
51	47
52	48
53	46
54	79
55	50
56	47
57	12
58	35
59	62
60	97
61	59
62	71
63	3
64	5
65	74
66	84
67	76
68	24
69	63
70	33
71	45
72	62
73	13
74	60
75	17
76	66
77	93
78	64
79	76
80	27
/

sigma(i)	Size
/
0	0
1	2
2	6
3	9
4	3
5	5
6	3
7	3
8	8
9	8
10	7
11	3
12	9
13	7
14	3
15	8
16	5
17	5
18	2
19	8
20	9
21	4
22	3
23	9
24	5
25	4
26	9
27	9
28	6
29	5
30	1
31	5
32	4
33	8
34	8
35	7
36	9
37	5
38	8
39	3
40	1
41	7
42	5
43	3
44	4
45	8
46	4
47	6
48	4
49	3
50	1
51	9
52	6
53	5
54	7
55	5
56	5
57	5
58	9
59	2
60	6
61	9
62	6
63	9
64	4
65	3
66	6
67	1
68	4
69	8
70	1
71	9
72	1
73	8
74	8
75	8
76	6
77	8
78	6
79	8
80	1
/

epsilon(i)	Priority
/
0	0
1	6
2	2
3	9
4	6
5	5
6	9
7	4
8	3
9	4
10	6
11	3
12	4
13	6
14	9
15	8
16	5
17	7
18	3
19	6
20	1
21	3
22	8
23	5
24	1
25	7
26	6
27	8
28	5
29	9
30	1
31	8
32	5
33	5
34	6
35	3
36	6
37	6
38	4
39	1
40	5
41	4
42	2
43	7
44	7
45	5
46	8
47	3
48	9
49	6
50	4
51	9
52	9
53	3
54	6
55	2
56	4
57	2
58	3
59	7
60	9
61	3
62	2
63	9
64	3
65	1
66	7
67	4
68	9
69	9
70	1
71	4
72	9
73	1
74	5
75	2
76	4
77	8
78	6
79	9
80	8
/

psi	Vehicle Capacity
/ 15 /
;

Table kappa(i,j)                 Setup
         0        1        2        3        4        5        6        7        8        9        10       11       12       13       14       15       16       17       18       19       20       21       22       23       24       25       26       27       28       29       30       31       32       33       34       35       36       37       38       39       40       41       42       43       44       45       46       47       48       49       50       51       52       53       54       55       56       57       58       59       60       61       62       63       64       65       66       67       68       69       70       71       72       73       74       75       76       77       78       79       80       
0        0        377      316      260      538      143      194      478      114      49       309      403      237      359      272      424      130      254      78       420      615      225      301      188      116      248      283      235      300      238      201      430      291      96       250      385      377      194      147      188      141      269      120      156      357      421      343      449      186      421      209      503      185      523      242      266      386      430      353      429      246      459      454      568      280      101      326      378      294      285      80       198      440      329      362      424      342      116      413      348      246      
1        377      0        232      555      551      246      270      121      381      353      677      35       570      580      648      280      373      414      423      138      249      315      617      299      386      584      591      229      168      148      425      260      542      369      593      536      167      216      473      543      457      110      497      522      60       63       712      143      561      533      262      544      547      605      609      442      72       488      193      290      482      585      260      230      281      301      174      301      495      655      446      227      68       675      698      535      194      484      542      211      573      
2        316      232      0        380      709      266      344      251      249      271      619      228      552      638      545      475      233      210      316      362      460      125      615      366      253      564      419      334      325      152      246      462      348      251      445      311      368      134      336      415      448      217      421      471      173      294      649      373      462      645      108      690      426      736      486      512      296      256      56       115      524      694      470      458      63       215      347      470      289      533      397      302      251      646      679      648      47       431      313      388      560      
3        260      555      380      0        795      380      449      619      182      242      370      569      396      576      241      675      184      177      182      639      804      256      462      447      176      399      38       484      535      408      134      678      65       199      93       207      610      338      113      122      360      469      233      296      511      612      384      664      200      669      297      759      142      771      166      515      589      309      436      454      478      701      699      776      317      269      563      634      126      200      279      443      602      438      479      672      426      280      241      593      409      
4        538      551      709      795      0        465      379      660      643      570      614      583      481      304      698      279      654      770      615      436      603      699      460      367      647      491      813      376      393      556      731      306      830      623      763      911      387      591      683      698      448      498      582      539      594      525      643      457      649      153      650      46       685      104      720      285      485      926      703      810      339      164      321      516      718      576      379      249      826      743      521      412      602      546      534      151      697      534      934      340      471      
5        143      246      266      380      465      0        86       358      201      139      430      276      326      374      412      295      205      309      209      276      475      234      378      102      205      340      409      105      158      133      280      298      394      181      388      451      236      134      274      329      213      135      258      276      240      283      466      306      328      382      187      439      327      477      385      246      245      460      282      380      263      430      319      425      259      118      186      260      374      428      201      63       313      430      455      385      273      239      471      213      330      
6        194      270      344      449      379      86       0        391      277      208      433      304      310      314      443      230      285      394      270      255      467      320      350      28       281      325      475      50       128      198      361      238      470      257      444      535      201      216      339      381      203      168      290      288      282      289      469      287      364      301      272      353      376      393      429      178      245      546      352      454      212      350      263      405      343      200      149      185      456      468      225      46       338      416      434      304      344      258      557      160      311      
7        478      121      251      619      660      358      391      0        460      447      785      86       684      702      744      382      448      459      512      226      218      365      734      420      465      698      658      350      289      239      485      358      595      453      671      560      273      295      553      628      571      226      598      629      121      135      819      214      657      652      322      657      635      720      697      564      175      490      196      257      603      704      351      244      313      390      291      413      539      744      552      347      57       788      813      654      204      590      558      324      688      
8        114      381      249      182      643      201      277      460      0        73       376      399      335      473      296      496      19       139      71       457      629      132      402      281      5        344      214      306      354      232      88       498      193      20       212      271      428      166      93       169      252      288      180      239      344      436      404      483      213      533      144      611      178      635      239      379      410      317      298      352      361      573      518      597      197      87       382      460      182      287      178      265      434      415      451      536      287      203      298      412      346      
9        49       353      271      242      570      139      208      447      73       0        350      376      285      405      297      433      86       209      71       411      597      176      350      209      76       296      270      242      298      208      162      437      263      53       250      344      374      155      134      193      190      250      154      200      326      402      382      439      210      460      162      537      195      561      256      306      370      383      310      382      292      500      458      556      232      58       325      393      256      302      127      202      413      375      409      463      299      160      371      352      294      
10       309      677      619      370      614      430      433      785      376      350      0        706      138      317      138      636      394      491      305      688      899      509      157      410      373      126      356      484      562      546      426      654      434      369      283      573      634      504      314      252      230      566      197      155      664      712      36       721      176      461      510      568      233      546      207      352      671      661      661      727      287      467      681      839      572      408      582      575      482      194      233      463      743      84       121      463      650      195      607      588      146      
11       403      35       228      569      583      276      304      86       399      376      706      0        601      615      673      310      390      421      445      161      237      322      649      333      404      615      606      263      203      168      437      288      552      389      611      537      197      233      492      564      488      141      523      551      58       73       741      160      586      567      272      578      569      638      631      477      99       483      183      273      516      620      286      230      282      322      208      333      502      677      474      260      37       706      730      570      186      512      541      243      605      
12       237      570      552      396      481      326      310      684      335      285      138      601      0        197      223      501      353      469      267      564      778      459      68       284      334      14       396      361      439      453      407      519      452      322      328      579      507      424      306      275      112      459      168      102      566      598      173      597      202      330      446      436      256      421      265      213      554      647      586      666      148      343      547      713      517      337      457      438      483      276      158      346      637      105      129      332      575      132      611      458      13       
13       359      580      638      576      304      374      314      702      473      405      317      615      197      0        421      415      489      613      418      527      739      576      160      286      474      203      582      351      418      506      557      440      626      455      519      739      465      504      473      460      222      482      343      284      596      588      344      558      393      151      545      257      443      229      460      137      541      789      657      753      115      150      467      661      620      441      425      351      645      473      303      360      647      244      230      152      648      296      769      408      185      
14       272      648      545      241      698      412      443      744      296      297      138      673      223      421      0        667      312      385      233      688      887      424      271      426      292      218      222      491      564      505      322      679      307      297      150      449      640      450      213      137      261      541      154      164      623      693      145      718      87       550      440      654      122      644      75       417      657      545      594      644      358      566      705      837      491      353      588      611      362      56       217      461      709      218      257      552      583      186      483      603      236      
15       424      280      475      675      279      295      230      382      496      433      636      310      501      415      667      0        500      593      499      157      337      503      519      241      501      515      703      191      154      329      573      28       689      477      675      733      114      385      567      612      412      259      517      506      331      247      672      177      592      309      447      284      606      353      658      299      211      719      455      560      362      358      52       253      501      411      129      64       664      696      451      231      326      599      606      311      452      480      749      89       497      
16       130      373      233      184      654      205      285      448      19       86       394      390      353      489      312      500      0        123      90       455      622      114      421      290      21       362      218      311      355      225      76       500      188      34       222      258      428      157      105      183      270      285      199      258      334      430      422      480      230      547      129      623      193      648      254      393      405      299      282      334      377      587      520      592      179      88       383      466      171      301      197      269      424      434      470      550      271      222      284      415      364      
17       254      414      210      177      770      309      394      459      139      209      491      421      469      613      385      593      123      0        202      521      658      99       537      403      139      477      215      411      440      280      65       589      138      158      256      141      506      212      177      247      392      351      306      370      363      476      514      542      316      668      155      741      264      769      314      516      463      178      267      277      500      710      605      643      147      193      468      567      80       358      316      370      450      541      579      671      258      337      163      504      481      
18       78       423      316      182      615      209      270      512      71       71       305      445      267      418      233      499      90       202      0        482      668      203      335      266      69       275      205      308      368      276      140      504      215      65       178      321      445      217      69       122      195      321      109      169      393      473      333      511      147      494      208      579      124      596      186      339      442      380      362      422      311      529      526      627      267      122      395      455      226      232      116      269      481      344      381      497      351      135      351      420      279      
19       420      138      362      639      436      276      255      226      457      411      688      161      564      527      688      157      455      521      482      0        215      423      599      280      463      579      672      204      126      241      519      132      638      442      660      653      62       310      543      604      459      172      533      541      196      91       725      32       604      448      367      438      603      505      662      395      67       617      329      428      449      500      125      150      403      370      108      197      600      705      472      227      171      669      685      450      329      507      663      119      565      
20       615      249      460      804      603      475      467      218      629      597      899      237      778      739      887      337      622      658      668      215      0        560      814      493      635      793      840      417      339      397      673      309      790      618      841      771      275      465      721      790      670      347      733      748      295      195      935      182      801      647      509      616      792      687      853      609      229      707      409      476      664      696      287      87       518      548      323      394      739      898      676      435      209      883      900      648      414      712      772      332      779      
21       225      315      125      256      699      234      320      365      132      176      509      322      459      576      424      503      114      99       203      423      560      0        526      335      135      470      295      329      349      182      121      497      231      140      319      231      411      118      212      291      365      254      312      369      264      377      537      443      344      611      57       673      303      709      362      464      364      226      180      220      461      656      511      544      66       135      376      483      180      409      301      290      352      545      581      614      170      331      245      414      469      
22       301      617      615      462      460      378      350      734      402      350      157      649      68       160      271      519      421      537      335      599      814      526      0        322      402      62       459      399      475      509      475      540      519      389      390      647      539      485      374      339      168      508      236      169      617      640      184      631      264      307      510      414      320      389      322      220      595      715      646      730      156      310      568      744      582      401      491      455      551      326      225      390      685      87       87       308      636      200      679      487      56       
23       188      299      366      447      367      102      28       420      281      209      410      333      284      286      426      241      290      403      266      280      493      335      322      0        284      299      471      76       154      223      367      253      472      260      437      544      224      236      335      373      180      197      276      268      311      317      446      312      350      280      290      338      366      375      416      150      273      561      377      478      183      328      279      429      362      209      172      191      462      454      209      74       367      390      407      282      369      240      567      179      285      
24       116      386      253      176      647      205      281      465      5        76       373      404      334      474      292      501      21       139      69       463      635      135      402      284      0        343      209      311      359      237      85       502      188      24       207      269      433      171      88       164      253      294      178      238      349      441      401      489      209      536      148      614      173      637      235      382      415      316      302      355      362      575      523      602      201      92       387      465      179      282      178      269      439      413      450      539      291      202      296      417      345      
25       248      584      564      399      491      340      325      698      344      296      126      615      14       203      218      515      362      477      275      579      793      470      62       299      343      0        397      376      453      467      414      534      456      331      328      584      522      437      311      277      127      474      173      107      580      612      159      612      202      339      457      446      258      429      263      226      569      655      598      678      161      350      561      728      528      349      471      452      489      271      169      361      652      90       116      341      588      140      617      473      20       
26       283      591      419      38       813      409      475      658      214      270      356      606      396      582      222      703      218      215      205      672      840      295      459      471      209      397      0        512      566      444      173      707      93       230      73       233      641      374      136      122      371      503      239      299      549      648      367      698      195      682      335      775      140      783      148      529      624      339      475      492      489      711      728      811      356      302      594      660      160      175      292      472      639      429      469      685      465      288      267      622      410      
27       235      229      334      484      376      105      50       350      306      242      484      263      361      351      491      191      311      411      308      204      417      329      399      76       311      376      512      0        77       182      386      195      499      287      485      553      150      216      376      424      254      136      338      339      248      242      520      236      411      318      277      356      419      404      474      213      197      554      334      439      255      370      219      354      342      223      98       156      478      515      273      41       296      466      484      321      327      307      572      113      361      
28       300      168      325      535      393      158      128      289      354      298      562      203      439      418      564      154      355      440      368      126      339      349      475      154      359      453      566      77       0        175      425      148      543      336      547      579      77       231      432      487      332      108      409      415      202      169      598      159      482      364      293      382      485      439      542      281      123      565      311      418      329      416      165      277      348      267      28       146      514      584      346      102      232      544      561      366      307      381      595      65       439      
29       238      148      152      408      556      133      198      239      232      208      546      168      453      506      505      329      225      280      276      241      397      182      509      223      237      467      444      182      175      0        281      319      400      221      444      413      230      70       324      396      341      72       358      391      118      204      580      262      418      497      125      538      400      586      462      373      184      390      154      258      396      547      332      369      172      153      200      319      359      509      313      153      204      555      583      500      146      351      425      240      459      
30       201      425      246      134      731      280      361      485      88       162      426      437      407      557      322      573      76       65       140      519      673      121      475      367      85       414      173      386      425      281      0        572      119      108      201      183      496      211      112      185      335      347      242      306      379      484      449      542      251      622      164      699      200      723      253      467      465      240      302      329      447      661      591      650      184      162      453      541      95       298      256      344      469      476      515      624      291      275      212      487      419      
31       430      260      462      678      306      298      238      358      498      437      654      288      519      440      679      28       500      589      504      132      309      497      540      253      502      534      707      195      148      319      572      0        689      479      681      728      95       378      571      619      427      248      528      520      313      223      689      150      603      337      440      312      614      381      668      321      189      709      439      544      384      386      27       225      491      412      121      88       662      707      462      235      302      619      628      339      437      493      742      85       516      
32       291      542      348      65       830      394      470      595      193      263      434      552      452      626      307      689      188      138      215      638      790      231      519      472      188      456      93       499      543      400      119      689      0        213      158      142      615      330      152      183      405      466      286      351      494      602      449      661      262      710      280      795      203      812      231      554      584      246      405      410      523      744      708      769      285      277      571      653      68       265      324      457      583      500      540      712      395      330      176      603      466      
33       96       369      251      199      623      181      257      453      20       53       369      389      322      455      297      477      34       158      65       442      618      140      389      260      24       331      230      287      336      221      108      479      213      0        223      291      411      157      103      175      235      274      172      229      335      423      399      468      212      513      143      591      182      615      244      359      396      334      297      357      342      553      500      583      202      71       364      440      203      292      164      245      424      405      441      516      286      191      318      394      332      
34       250      593      445      93       763      388      444      671      212      250      283      611      328      519      150      675      222      256      178      660      841      319      390      437      207      328      73       485      547      444      201      681      158      223      0        300      624      378      119      64       315      496      181      235      556      646      294      688      126      627      350      723      77       727      75       477      618      401      498      530      431      653      704      804      384      293      574      628      217      107      241      447      646      356      396      629      488      230      334      598      342      
35       385      536      311      207      911      451      535      560      271      344      573      537      579      739      449      733      258      141      321      653      771      231      647      544      269      584      233      553      579      413      183      728      142      291      300      0        642      349      273      321      516      485      411      477      480      599      590      670      399      805      288      880      340      906      373      651      591      115      363      332      630      845      742      766      255      335      606      708      95       407      436      512      562      636      676      808      357      451      34       644      592      
36       377      167      368      610      387      236      201      273      428      374      634      197      507      465      640      114      428      506      445      62       275      411      539      224      433      522      641      150      77       230      496      95       615      411      624      642      0        293      508      564      404      158      486      489      218      139      670      93       559      389      354      384      562      449      619      333      98       618      344      448      388      440      102      205      401      340      52       140      582      661      423      180      215      611      626      390      342      457      655      57       507      
37       194      216      134      338      591      134      216      295      166      155      504      233      424      504      450      385      157      212      217      310      465      118      485      236      171      437      374      216      231      70       211      378      330      157      378      349      293      0        259      333      316      138      309      351      178      274      536      331      363      516      62       569      339      610      401      379      254      337      161      250      390      564      393      439      127      97       257      366      290      449      274      179      267      522      553      519      150      310      364      296      432      
38       147      473      336      113      683      274      339      553      93       134      314      492      306      473      213      567      105      177      69       543      721      212      374      335      88       311      136      376      432      324      112      571      152      103      119      273      508      259      0        79       252      377      138      204      437      526      337      570      139      558      235      646      91       660      150      404      498      348      387      431      370      592      593      685      279      174      460      524      177      197      171      336      527      367      406      561      376      179      305      487      319      
39       188      543      415      122      698      329      381      628      169      193      252      564      275      460      137      612      183      247      122      604      790      291      339      373      164      277      122      424      487      396      185      619      183      175      64       321      564      333      79       0        252      443      119      177      511      595      271      632      78       563      313      659      19       664      71       413      564      410      466      509      369      591      643      749      358      242      514      564      229      118      177      387      600      316      357      566      455      167      355      537      288      
40       141      457      448      360      448      213      203      571      252      190      230      488      112      222      261      412      270      392      195      459      670      365      168      180      253      127      371      254      332      341      335      427      405      235      315      516      404      316      252      252      0        347      133      97       453      487      266      491      201      311      344      408      237      412      272      162      444      569      478      563      118      341      454      609      417      235      352      353      422      300      81       236      525      217      242      314      467      85       546      358      117      
41       269      110      217      469      498      135      168      226      288      250      566      141      459      482      541      259      285      351      321      172      347      254      508      197      294      474      503      136      108      72       347      248      466      274      496      485      158      138      377      443      347      0        389      411      114      152      601      195      455      454      197      484      445      536      506      346      121      461      204      311      379      505      259      308      243      203      130      254      428      551      335      122      178      564      588      456      199      373      497      171      463      
42       120      497      421      233      582      258      290      598      180      154      197      523      168      343      154      517      199      306      109      533      733      312      236      276      178      173      239      338      409      358      242      528      286      172      181      411      486      309      138      119      133      389      0        66       477      540      228      564      74       445      312      541      104      545      143      296      504      482      464      529      250      472      554      683      375      212      434      464      315      178      66       306      560      235      273      447      452      48       443      450      180      
43       156      522      471      296      539      276      288      629      239      200      155      551      102      284      164      506      258      370      169      541      748      369      169      268      238      107      299      339      415      391      306      520      351      229      235      477      489      351      204      177      97       411      66       0        508      559      190      573      111      396      362      497      159      494      181      255      519      547      510      582      201      419      546      692      429      257      437      448      381      204      77       314      588      176      212      399      499      40       509      447      114      
44       357      60       173      511      594      240      282      121      344      326      664      58       566      596      623      331      334      363      393      196      295      264      617      311      349      580      549      248      202      118      379      313      494      335      556      480      218      178      437      511      453      114      477      508      0        122      698      203      536      563      214      584      516      641      579      460      129      429      133      232      492      615      315      286      225      270      215      345      443      626      431      236      90       669      695      566      134      469      484      255      570      
45       421      63       294      612      525      283      289      135      436      402      712      73       598      588      693      247      430      476      473      91       195      377      640      317      441      612      648      242      169      204      484      223      602      423      646      599      139      274      526      595      487      152      540      559      122      0        748      86       607      525      323      524      597      588      658      451      46       551      254      346      498      577      217      167      344      353      165      279      556      704      485      251      79       703      724      527      256      522      605      193      600      
46       343      712      649      384      643      466      469      819      404      382      36       741      173      344      145      672      422      514      333      725      935      537      184      446      401      159      367      520      598      580      449      689      449      399      294      590      670      536      337      271      266      601      228      190      698      748      0        757      198      490      540      598      252      573      219      386      707      681      692      756      320      494      717      875      601      440      618      610      500      197      267      499      778      102      131      492      681      229      624      624      179      
47       449      143      373      664      457      306      287      214      483      439      721      160      597      558      718      177      480      542      511      32       182      443      631      312      489      612      698      236      159      262      542      150      661      468      688      670      93       331      570      632      491      195      564      573      203      86       757      0        635      476      387      461      632      529      691      427      79       630      337      432      481      527      138      118      418      397      140      223      621      735      503      259      163      702      718      478      338      539      679      150      597      
48       186      561      462      200      649      328      364      657      213      210      176      586      202      393      87       592      230      316      147      604      801      344      264      350      209      202      195      411      482      418      251      603      262      212      126      399      559      363      139      78       201      455      74       111      536      607      198      635      0        507      355      607      59       606      71       363      572      484      509      564      312      531      628      754      410      266      507      539      306      103      141      379      623      237      278      510      498      117      433      524      215      
49       421      533      645      669      153      382      301      652      533      460      461      567      330      151      550      309      547      668      494      448      647      611      307      280      536      339      682      318      364      497      622      337      710      513      627      805      389      516      558      563      311      454      445      396      563      525      490      476      507      0        569      107      549      102      578      155      480      835      651      755      195      52       361      563      642      479      361      253      715      598      390      344      595      393      382      2        644      396      831      332      319      
