

sets
i        orders          /0*40/
k        routes          /1*40/
p        positions       /0*40/
;

alias(i,j)
alias(i,h)
alias(i,hh)
alias(i,jj)
alias(k,kk)
                            Parameters

rho(i)	Processing time
/
0	0
1	98
2	42
3	67
4	13
5	21
6	65
7	60
8	28
9	75
10	45
11	96
12	53
13	49
14	93
15	77
16	90
17	93
18	15
19	35
20	75
21	66
22	24
23	82
24	94
25	89
26	24
27	49
28	49
29	84
30	13
31	92
32	72
33	66
34	12
35	9
36	26
37	94
38	29
39	41
40	84
/

gamma(i)	Duedate
/
0	0
1	30
2	41
3	42
4	47
5	51
6	63
7	96
8	34
9	35
10	60
11	63
12	56
13	65
14	74
15	1
16	81
17	30
18	45
19	63
20	29
21	10
22	16
23	93
24	60
25	35
26	68
27	80
28	65
29	83
30	78
31	80
32	10
33	44
34	50
35	79
36	38
37	54
38	82
39	57
40	31
/

sigma(i)	Size
/
0	0
1	5
2	5
3	8
4	8
5	7
6	2
7	4
8	3
9	8
10	4
11	1
12	3
13	6
14	4
15	9
16	5
17	9
18	4
19	6
20	5
21	3
22	9
23	7
24	6
25	4
26	9
27	7
28	2
29	7
30	8
31	4
32	3
33	1
34	6
35	6
36	3
37	8
38	1
39	7
40	2
/

epsilon(i)	Priority
/
0	0
1	9
2	5
3	7
4	8
5	4
6	6
7	2
8	2
9	7
10	4
11	8
12	6
13	6
14	1
15	5
16	4
17	1
18	8
19	3
20	8
21	9
22	4
23	1
24	7
25	6
26	7
27	4
28	3
29	7
30	3
31	9
32	2
33	5
34	9
35	4
36	5
37	8
38	9
39	2
40	4
/

psi	Vehicle Capacity
/ 31 /
;

Table kappa(i,j)                 Setup
         0        1        2        3        4        5        6        7        8        9        10       11       12       13       14       15       16       17       18       19       20       21       22       23       24       25       26       27       28       29       30       31       32       33       34       35       36       37       38       39       40       
0        0        3539     1011     2541     904      497      2182     1314     3180     2358     440      2391     3539     2069     770      1455     2585     2240     3144     1911     2555     3120     2554     2500     2428     2993     3388     2896     2624     2763     3122     2292     1486     2915     974      2369     2388     1349     2122     1555     2920     
1        3539     0        2595     1276     3728     3838     3566     3357     3092     1404     3890     1381     356      3327     4260     3373     1031     1320     1231     1667     3372     1239     3311     3001     1255     2587     151      1897     1979     2814     1469     2431     3831     2806     4397     1389     3419     2940     3129     2319     1644     
2        1011     2595     0        1532     1195     1435     2417     1079     2443     1609     1303     1640     2645     1600     1673     1181     1727     1365     2430     931      2005     2110     2602     2432     1624     2151     2448     2381     2145     1997     2120     1442     1514     2132     1801     1360     2514     787      2171     1149     2323     
3        2541     1276     1532     0        2541     2935     3293     2111     2012     1296     2820     1303     1481     2054     3185     2115     1011     886      1821     689      2138     628      3231     2955     1152     1519     1158     2219     2133     1653     736      1184     2578     1686     3284     173      3253     1698     2904     1811     2017     
4        904      3728     1195     2541     0        1328     3072     606      2560     2801     674      2833     3813     1340     876      721      2917     2555     3622     2071     1829     3012     3411     3323     2820     2499     3585     3519     3265     2200     2946     1876     591      2358     845      2386     3261     902      2972     2199     3489     
5        497      3838     1435     2935     1328     0        1909     1798     3677     2562     695      2593     3799     2559     830      1939     2841     2519     3298     2273     3047     3535     2349     2354     2658     3483     3687     2951     2674     3258     3555     2779     1920     3410     1076     2762     2154     1846     1944     1667     3016     
6        2182     3566     2417     3293     3072     1909     0        3337     4825     2195     2562     2210     3355     3992     2739     3470     2595     2471     2515     2661     4420     3901     534      735      2361     4468     3437     1877     1669     4376     4029     3791     3628     4498     2986     3155     301      3171     439      1492     2082     
7        1314     3357     1079     2111     606      1798     3337     0        1959     2628     1229     2658     3489     766      1478     141      2663     2311     3439     1767     1257     2512     3602     3465     2611     1895     3223     3452     3221     1593     2421     1295     479      1751     1448     1974     3483     417      3162     2220     3379     
8        3180     3092     2443     2012     2560     3677     4825     1959     0        3233     3181     3248     3387     1242     3436     1839     3011     2805     3834     2322     811      1856     4924     4697     3116     506      3024     4182     4051     448      1632     1038     2145     341      3387     2028     4879     1831     4524     3395     4002     
9        2358     1404     1609     1296     2801     2562     2195     2628     3233     0        2767     32       1271     2916     3124     2699     400      428      820      962      3163     1816     2018     1720     169      2766     1264     949      836      2825     1991     2261     3094     2893     3304     1225     2085     2247     1766     938      793      
10       440      3890     1303     2820     674      695      2562     1229     3181     2767     0        2799     3914     1991     371      1361     2969     2615     3564     2233     2483     3365     2962     2925     2825     3063     3740     3334     3063     2793     3340     2391     1256     2950     540      2651     2785     1399     2536     1991     3352     
11       2391     1381     1640     1303     2833     2593     2210     2658     3248     32       2799     0        1243     2940     3156     2728     387      443      789      984      3184     1815     2026     1727     162      2779     1242     934      829      2842     1993     2279     3124     2908     3336     1235     2097     2276     1780     966      771      
12       3539     356      2645     1481     3813     3799     3355     3489     3387     1271     3914     1243     0        3529     4283     3519     958      1299     923      1743     3614     1552     3063     2752     1148     2881     367      1607     1722     3085     1784     2662     3968     3089     4436     1564     3187     3073     2916     2209     1356     
13       2069     3327     1600     2054     1340     2559     3992     766      1242     2916     1991     2940     3529     0        2215     630      2844     2531     3675     1963     492      2272     4202     4030     2856     1300     3212     3822     3624     951      2120     930      905      1101     2151     1966     4108     821      3770     2729     3705     
14       770      4260     1673     3185     876      830      2739     1478     3436     3124     371      3156     4283     2215     0        1597     3335     2983     3914     2604     2702     3723     3176     3169     3187     3356     4111     3657     3384     3069     3691     2704     1391     3227     246      3017     2984     1709     2765     2322     3688     
15       1455     3373     1181     2115     721      1939     3470     141      1839     2699     1361     2728     3519     630      1597     0        2714     2368     3504     1814     1122     2486     3728     3586     2674     1799     3243     3540     3315     1486     2382     1229     465      1644     1554     1985     3612     455      3288     2328     3459     
16       2585     1031     1727     1011     2917     2841     2595     2663     3011     400      2969     387      958      2844     3335     2714     0        361      841      901      3034     1461     2412     2111     234      2525     885      1220     1173     2627     1653     2096     3139     2677     3496     983      2484     2259     2166     1287     1008     
17       2240     1320     1365     886      2555     2519     2471     2311     2805     428      2615     443      1299     2531     2983     2368     361      0        1146     569      2754     1447     2361     2077     326      2338     1169     1377     1258     2399     1604     1839     2786     2465     3140     801      2400     1912     2061     1054     1208     
18       3144     1231     2430     1821     3622     3298     2515     3439     3834     820      3564     789      923      3675     3914     3504     841      1146     0        1715     3876     2162     2173     1864     829      3340     1154     689      846      3461     2379     2938     3908     3505     4103     1816     2317     3049     2080     1631     445      
19       1911     1667     931      689      2071     2273     2661     1767     2322     962      2233     984      1743     1963     2604     1814     901      569      1715     0        2200     1316     2659     2406     892      1888     1521     1899     1739     1896     1398     1315     2246     1980     2732     524      2652     1360     2297     1169     1755     
20       2555     3372     2005     2138     1829     3047     4420     1257     811      3163     2483     3184     3614     492      2702     1122     3034     2754     3876     2200     0        2218     4598     4408     3080     1019     3274     4097     3920     663      2031     955      1358     776      2628     2087     4518     1261     4173     3095     3956     
21       3120     1239     2110     628      3012     3535     3901     2512     1856     1816     3365     1815     1552     2272     3723     2486     1461     1447     2162     1316     2218     0        3808     3522     1654     1355     1185     2674     2633     1611     231      1342     2949     1584     3799     793      3845     2123     3502     2430     2446     
22       2554     3311     2602     3231     3411     2349     534      3602     4924     2018     2962     2026     3063     4202     3176     3728     2412     2361     2173     2659     4598     3808     0        311      2187     4529     3194     1496     1340     4479     3961     3885     3938     4588     3421     3113     233      3384     441      1528     1728     
23       2500     3001     2432     2955     3323     2354     735      3465     4697     1720     2925     1727     2752     4030     3169     3586     2111     2077     1864     2406     4408     3522     311      0        1889     4288     2884     1191     1029     4255     3681     3660     3826     4358     3409     2843     472      3219     423      1314     1420     
24       2428     1255     1624     1152     2820     2658     2361     2611     3116     169      2825     162      1148     2856     3187     2674     234      326      829      892      3080     1654     2187     1889     0        2641     1111     1071     984      2716     1834     2163     3083     2778     3359     1094     2254     2220     1934     1068     888      
25       2993     2587     2151     1519     2499     3483     4468     1895     506      2766     3063     2779     2881     1300     3356     1799     2525     2338     3340     1888     1019     1355     4529     4288     2641     0        2518     3712     3593     360      1134     712      2183     253      3343     1548     4500     1666     4143     3006     3524     
26       3388     151      2448     1158     3585     3687     3437     3223     3024     1264     3740     1242     367      3212     4111     3243     885      1169     1154     1521     3274     1185     3194     2884     1111     2518     0        1803     1869     2731     1417     2327     3699     2729     4249     1262     3296     2806     3000     2172     1550     
27       2896     1897     2381     2219     3519     2951     1877     3452     4182     949      3334     934      1607     3822     3657     3540     1220     1377     689      1899     4097     2674     1496     1191     1071     3712     1803     0        276      3775     2872     3208     3895     3843     3870     2165     1656     3102     1456     1344     253      
28       2624     1979     2145     2133     3265     2674     1669     3221     4051     836      3063     829      1722     3624     3384     3315     1173     1258     846      1739     3920     2633     1340     1029     984      3593     1869     276      0        3632     2818     3055     3657     3709     3598     2059     1473     2884     1237     1077     416      
29       2763     2814     1997     1653     2200     3258     4376     1593     448      2825     2793     2842     3085     951      3069     1486     2627     2399     3461     1896     663      1611     4479     4255     2716     360      2731     3775     3632     0        1407     594      1847     158      3040     1645     4431     1415     4076     2950     3604     
30       3122     1469     2120     736      2946     3555     4029     2421     1632     1991     3340     1993     1784     2120     3691     2382     1653     1604     2379     1398     2031     231      3961     3681     1834     1134     1417     2872     2818     1407     0        1195     2840     1369     3752     879      3988     2047     3640     2546     2650     
31       2292     2431     1442     1184     1876     2779     3791     1295     1038     2261     2391     2279     2662     930      2704     1229     2096     1839     2938     1315     955      1342     3885     3660     2163     712      2327     3208     3055     594      1195     0        1671     706      2717     1134     3840     995      3485     2356     3048     
32       1486     3831     1514     2578     591      1920     3628     479      2145     3094     1256     3124     3968     905      1391     465      3139     2786     3908     2246     1358     2949     3938     3826     3083     2183     3699     3895     3657     1847     2840     1671     0        2000     1284     2445     3801     894      3496     2627     3833     
33       2915     2806     2132     1686     2358     3410     4498     1751     341      2893     2950     2908     3089     1101     3227     1644     2677     2465     3505     1980     776      1584     4588     4358     2778     253      2729     3843     3709     158      1369     706      2000     0        3198     1694     4546     1569     4190     3059     3665     
34       974      4397     1801     3284     845      1076     2986     1448     3387     3304     540      3336     4436     2151     246      1554     3496     3140     4103     2732     2628     3799     3421     3409     3359     3343     4249     3870     3598     3040     3752     2717     1284     3198     0        3120     3230     1730     3008     2529     3892     
35       2369     1389     1360     173      2386     2762     3155     1974     2028     1225     2651     1235     1564     1966     3017     1985     983      801      1816     524      2087     793      3113     2843     1094     1548     1262     2165     2059     1645     879      1134     2445     1694     3120     0        3125     1558     2774     1668     1976     
36       2388     3419     2514     3253     3261     2154     301      3483     4879     2085     2785     2097     3187     4108     2984     3612     2484     2400     2317     2652     4518     3845     233      472      2254     4500     3296     1656     1473     4431     3988     3840     3801     4546     3230     3125     0        3287     357      1494     1876     
37       1349     2940     787      1698     902      1846     3171     417      1831     2247     1399     2276     3073     821      1709     455      2259     1912     3049     1360     1261     2123     3384     3219     2220     1666     2806     3102     2884     1415     2047     995      894      1569     1730     1558     3287     0        2950     1932     3014     
38       2122     3129     2171     2904     2972     1944     439      3162     4524     1766     2536     1780     2916     3770     2765     3288     2166     2061     2080     2297     4173     3502     441      423      1934     4143     3000     1456     1237     4076     3640     3485     3496     4190     3008     2774     357      2950     0        1137     1651     
39       1555     2319     1149     1811     2199     1667     1492     2220     3395     938      1991     966      2209     2729     2322     2328     1287     1054     1631     1169     3095     2430     1528     1314     1068     3006     2172     1344     1077     2950     2546     2356     2627     3059     2529     1668     1494     1932     1137     0        1366     
40       2920     1644     2323     2017     3489     3016     2082     3379     4002     793      3352     771      1356     3705     3688     3459     1008     1208     445      1755     3956     2446     1728     1420     888      3524     1550     253      416      3604     2650     3048     3833     3665     3892     1976     1876     3014     1651     1366     0        
;



Table delta(i,j)                 Distance
         0        1        2        3        4        5        6        7        8        9        10       11       12       13       14       15       16       17       18       19       20       21       22       23       24       25       26       27       28       29       30       31       32       33       34       35       36       37       38       39       40       
0        0        27180    12990    25710    13200    22560    19920    9720     7350     22140    12210    14730    24090    34710    9510     24240    11250    21000    10920    22710    21780    10080    9120     10560    17520    24000    24630    10140    10890    25740    7620     4830     6660     13500    9360     15180    25230    12360    18810    18990    9030     
1        27180    0        960      583      852      1108     304      1036     1128     498      1011     962      1120     388      722      173      1276     266      1016     839      866      603      949      1255     928      779      84       1196     1129     325      658      826      1060     637      813      503      652      521      841      997      641      
2        12990    960      0        631      848      319      839      755      411      569      840      62       370      1065     266      938      652      696      114      1134     356      409      132      542      176      1158     884      706      252      1055     520      299      318      781      715      456      581      644      1018     205      596      
3        25710    583      631      0        1074     620      692      1133     981      139      1167     596      613      482      543      680      1203     385      734      1223     359      546      703      1123     505      1198     551      1195     876      852      718      704      888      891      969      378      77       701      1163     551      764      
4        13200    852      848      1074     0        1160     547      259      646      936      179      900      1206     1204     642      694      627      767      799      328      1072     552      731      691      971      391      781      482      802      649      373      549      656      215      133      699      1088     382      192      1032     312      
5        22560    1108     319      620      1160     0        1064     1075     701      629      1159     262      55       1102     536      1131     938      845      407      1432     262      667      450      814      202      1446     1045     1013     506      1274     812      613      618      1072     1027     639      547      913      1323     132      888      
6        19920    304      839      692      547      1064     0        743      904      565      710      860      1090     673      574      152      1018     309      863      562      865      432      789      1017     864      519      239      920      951      215      410      627      853      334      517      427      740      253      544      936      371      
7        9720     1036     755      1133     259      1075     743      0        450      1002     111      815      1126     1353     621      896      376      895      677      573      1046     586      624      458      909      645      957      224      638      881      424      479      490      422      226      759      1130     519      437      957      406      
8        7350     1128     411      981      646      701      904      450      0        882      558      472      756      1342     451      1043     241      902      301      974      763      530      292      142      587      1026     1044     319      205      1101     494      307      95       691      532      679      947      654      838      610      546      
9        22140    498      569      139      936      629      565      1002     882      0        1032     546      634      497      433      569      1095     265      662      1086     375      416      618      1025     476      1063     451      1076     799      737      584      592      792      752      833      244      175      562      1024     536      626      
10       12210    1011     840      1167     179      1159     710      111      558      1032     0        898      1209     1348     679      860      484      897      769      470      1111     623      712      570      985      546      936      328      741      826      448      552      592      377      206      788      1171     510      336      1038     412      
11       14730    962      62       596      900      262      860      815      472      546      898      0        311      1044     295      950      713      696      172      1180     301      436      194      601      117      1200     888      768      305      1075     562      352      380      823      767      460      541      678      1066     144      638      
12       24090    1120     370      613      1206     55       1090     1126     756      634      1209     311      0        1095     576      1151     993      860      461      1473     259      703      502      869      239      1485     1060     1067     561      1298     854      661      672      1112     1073     664      537      948      1366     174      929      
13       34710    388      1065     482      1204     1102     673      1353     1342     497      1348     1044     1095     0        893      560      1531     461      1153     1225     840      822      1102     1481     970      1167     435      1480     1286     709      939      1037     1259     990      1142     663      558      838      1218     1025     946      
14       9510     722      266      543      642      536      574      621      451      433      679      295      576      893      0        680      661      470      296      897      433      143      227      593      336      910      641      653      408      790      278      161      365      536      513      233      524      382      792      403      353      
15       24240    173      938      680      694      1131     152      896      1043     569      860      950      1151     560      680      0        1167     304      976      665      910      545      904      1160     938      607      140      1072     1074     174      553      755      986      483      670      495      739      400      670      1010     520      
16       11250    1276     652      1203     627      938      1018     376      241      1095     484      713      993      1531     661      1167     0        1076     542      949      1003     709      531      132      828      1018     1192     159      432      1193     619      503      334      743      551      874      1175     766      812      851      647      
17       21000    266      696      385      767      845      309      895      902      265      897      696      860      461      470      304      1076     0        759      858      612      371      696      1036     662      824      199      1019     879      471      477      594      825      561      690      242      438      388      818      731      489      
18       10920    1016     114      734      799      407      863      677      301      662      769      172      461      1153     296      976      542      759      0        1101     470      432      76       429      289      1133     936      606      141      1078     504      264      212      760      666      517      688      646      978      309      579      
19       22710    839      1134     1223     328      1432     562      573      974      1086     470      1180     1473     1225     897      665      949      858      1101     0        1302     776      1029     1019     1233     90       791      796      1120     544      619      839      977      362      445      880      1256     543      137      1300     543      
20       21780    866      356      359      1072     262      865      1046     763      375      1111     301      259      840      433      910      1003     612      470      1302     0        528      471      897      185      1302     810      1040     606      1065     701      567      668      942      945      442      286      762      1210     206      770      
21       10080    603      409      546      552      667      432      586      530      416      623      436      703      822      143      545      709      371      432      776      528      0        359      664      465      782      520      668      530      647      180      224      457      414      433      174      547      245      682      535      243      
22       9120     949      132      703      731      450      789      624      292      618      712      194      502      1102     227      904      531      696      76       1029     471      359      0        430      302      1059     869      576      184      1003     428      190      197      685      598      455      663      570      907      338      503      
23       10560    1255     542      1123     691      814      1017     458      142      1025     570      601      869      1481     593      1160     132      1036     429      1019     897      664      430      0        718      1081     1170     268      308      1205     607      444      236      773      595      818      1089     764      882      734      649      
24       17520    928      176      505      971      202      864      909      587      476      985      117      239      970      336      938      828      662      289      1233     185      465      302      718      0        1246     860      878      421      1076     615      433      494      872      839      443      443      710      1128     72       690      
25       24000    779      1158     1198     391      1446     519      645      1026     1063     546      1200     1485     1167     910      607      1018     824      1133     90       1302     782      1059     1081     1246     0        739      869      1162     472      638      868      1023     376      494      871      1236     541      210      1314     561      
26       24630    84       884      551      781      1045     239      957      1044     451      936      888      1060     435      641      140      1192     199      936      791      810      520      869      1170     860      739      0        1113     1047     312      574      742      977      566      735      428      615      439      783      930      559      
27       10140    1196     706      1195     482      1013     920      224      319      1076     328      768      1067     1480     653      1072     159      1019     606      796      1040     668      576      268      878      869      1113     0        524      1079     544      493      395      621      423      841      1177     676      661      912      555      
28       10890    1129     252      876      802      506      951      638      205      799      741      305      561      1286     408      1074     432      879      141      1120     606      530      184      308      421      1162     1047     524      0        1161     562      324      148      801      675      639      830      717      990      429      630      
29       25740    325      1055     852      649      1274     215      881      1101     737      826      1075     1298     709      790      174      1193     471      1078     544      1065     647      1003     1205     1076     472      312      1079     1161     0        608      836      1057     460      659      634      909      449      579      1148     556      
30       7620     658      520      718      373      812      410      424      494      584      448      562      854      939      278      553      619      477      504      619      701      180      428      607      615      638      574      544      562      608      0        242      449      261      253      340      725      160      513      681      76       
31       4830     826      299      704      549      613      627      479      307      592      552      352      661      1037     161      755      503      594      264      839      567      224      190      444      433      868      742      493      324      836      242      0        234      495      415      374      684      392      720      488      315      
32       6660     1060     318      888      656      618      853      490      95       792      592      380      672      1259     365      986      334      825      212      977      668      457      197      236      494      1023     977      395      148      1057     449      234      0        670      532      597      853      608      846      521      510      
33       13500    637      781      891      215      1072     334      422      691      752      377      823      1112     990      536      483      743      561      760      362      942      414      685      773      872      376      566      621      801      460      261      495      670      0        199      530      915      191      273      940      185      
34       9360     813      715      969      133      1027     517      226      532      833      206      767      1073     1142     513      670      551      690      666      445      945      433      598      595      839      494      735      423      675      659      253      415      532      199      0        591      978      305      314      899      207      
35       15180    503      456      378      699      639      427      759      679      244      788      460      664      663      233      495      874      242      517      880      442      174      455      818      443      871      428      841      639      634      340      374      597      530      591      0        389      339      804      515      387      
36       25230    652      581      77       1088     547      740      1130     947      175      1171     541      537      558      524      739      1175     438      688      1256     286      547      663      1089     443      1236     615      1177     830      909      725      684      853      915      978      389      0        724      1189     484      776      
37       12360    521      644      701      382      913      253      519      654      562      510      678      948      838      382      400      766      388      646      543      762      245      570      764      710      541      439      676      717      449      160      392      608      191      305      339      724      0        465      781      120      
38       18810    841      1018     1163     192      1323     544      437      838      1024     336      1066     1366     1218     792      670      812      818      978      137      1210     682      907      882      1128     210      783      661      990      579      513      720      846      273      314      804      1189     465      0        1192     440      
39       18990    997      205      551      1032     132      936      957      610      536      1038     144      174      1025     403      1010     851      731      309      1300     206      535      338      734      72       1314     930      912      429      1148     681      488      521      940      899      515      484      781      1192     0        756      
40       9030     641      596      764      312      888      371      406      546      626      412      638      929      946      353      520      647      489      579      543      770      243      503      649      690      561      559      555      630      556      76       315      510      185      207      387      776      120      440      756      0        
;

