

sets
i        orders          /0*80/
k        routes          /1*80/
p        positions       /0*80/
;

alias(i,j)
alias(i,h)
alias(i,hh)
alias(i,jj)
alias(k,kk)
                            Parameters

rho(i)	Processing time
/
0	0
1	42
2	61
3	9
4	75
5	50
6	9
7	95
8	22
9	77
10	51
11	54
12	83
13	60
14	75
15	67
16	65
17	1
18	50
19	56
20	83
21	7
22	63
23	90
24	51
25	94
26	70
27	10
28	14
29	74
30	61
31	2
32	6
33	42
34	73
35	9
36	31
37	38
38	51
39	97
40	28
41	33
42	56
43	43
44	18
45	6
46	43
47	49
48	38
49	74
50	75
51	83
52	31
53	30
54	46
55	4
56	60
57	60
58	26
59	34
60	95
61	49
62	81
63	86
64	77
65	68
66	44
67	68
68	61
69	73
70	74
71	71
72	97
73	83
74	28
75	81
76	48
77	74
78	28
79	30
80	32
/

gamma(i)	Duedate
/
0	0
1	53
2	44
3	36
4	97
5	77
6	85
7	54
8	89
9	80
10	45
11	38
12	85
13	65
14	56
15	64
16	36
17	89
18	87
19	46
20	96
21	1
22	72
23	80
24	15
25	73
26	96
27	95
28	8
29	67
30	73
31	65
32	37
33	24
34	46
35	4
36	42
37	97
38	84
39	56
40	11
41	22
42	35
43	63
44	92
45	74
46	77
47	38
48	47
49	39
50	68
51	34
52	1
53	89
54	4
55	89
56	98
57	17
58	75
59	80
60	4
61	45
62	32
63	53
64	5
65	65
66	17
67	77
68	26
69	60
70	89
71	70
72	34
73	28
74	97
75	3
76	14
77	95
78	17
79	39
80	9
/

sigma(i)	Size
/
0	0
1	8
2	6
3	6
4	5
5	7
6	8
7	4
8	4
9	5
10	9
11	1
12	5
13	8
14	4
15	5
16	6
17	6
18	3
19	1
20	6
21	7
22	4
23	5
24	2
25	8
26	4
27	6
28	4
29	2
30	2
31	1
32	4
33	1
34	1
35	3
36	4
37	1
38	9
39	9
40	3
41	9
42	8
43	5
44	3
45	7
46	8
47	9
48	7
49	7
50	8
51	7
52	8
53	2
54	9
55	4
56	1
57	5
58	5
59	8
60	4
61	3
62	3
63	1
64	7
65	3
66	6
67	5
68	8
69	4
70	8
71	3
72	6
73	4
74	8
75	7
76	1
77	6
78	4
79	9
80	8
/

epsilon(i)	Priority
/
0	0
1	4
2	7
3	3
4	5
5	2
6	3
7	6
8	5
9	5
10	4
11	6
12	5
13	6
14	6
15	4
16	2
17	1
18	2
19	1
20	6
21	5
22	9
23	1
24	6
25	7
26	2
27	2
28	3
29	2
30	1
31	7
32	1
33	1
34	1
35	2
36	7
37	8
38	8
39	1
40	7
41	9
42	8
43	4
44	3
45	4
46	7
47	8
48	7
49	7
50	4
51	6
52	4
53	1
54	5
55	2
56	2
57	6
58	7
59	2
60	4
61	8
62	2
63	9
64	3
65	4
66	6
67	4
68	8
69	8
70	4
71	5
72	4
73	5
74	6
75	6
76	5
77	4
78	9
79	6
80	8
/

psi	Vehicle Capacity
/ 47 /
;

Table kappa(i,j)                 Setup
         0        1        2        3        4        5        6        7        8        9        10       11       12       13       14       15       16       17       18       19       20       21       22       23       24       25       26       27       28       29       30       31       32       33       34       35       36       37       38       39       40       41       42       43       44       45       46       47       48       49       50       51       52       53       54       55       56       57       58       59       60       61       62       63       64       65       66       67       68       69       70       71       72       73       74       75       76       77       78       79       80       
0        0        7540     7005     3441     3593     4123     8610     4357     4763     7296     1687     6858     5580     4259     5611     9065     639      2785     5718     254      4367     3753     5546     1132     2929     2748     5487     7396     3745     6055     5940     6502     4149     5720     1107     6462     2185     5167     5335     2318     7017     6176     5314     6271     1869     7805     7525     3116     6433     7541     6807     6853     1600     4785     7726     3923     1760     6378     7688     5672     6863     7348     2939     7496     3334     7517     7447     6943     3812     1105     6780     4406     7699     6812     815      3930     7554     671      6795     7850     7903     
1        7540     0        1422     6428     4926     7358     2842     6885     5104     1934     6942     1932     7362     3401     6091     3229     7177     5492     2127     7682     3177     3855     4475     6499     5203     5110     2399     1774     3812     3435     1602     4512     3569     6426     6588     2466     5503     6773     5499     5557     535      3171     6876     4876     7063     3249     2587     4496     1845     779      2986     2565     8359     2770     2198     4593     5990     1434     3088     4300     3429     2264     4701     3183     4325     1315     168      3861     6125     6544     4318     4898     3388     1606     7061     5517     2658     7202     1849     1886     1964     
2        7005     1422     0        6580     5034     7612     4233     7212     5561     627      6724     2985     7890     2748     6711     4639     6747     4617     2547     7107     2881     3260     3131     6072     4349     4928     1519     560      3310     4231     1642     3094     3511     7048     5962     1072     4847     7265     6087     5330     1377     1785     7390     3468     6213     4491     3816     3889     607      2132     4010     1144     7585     2588     1063     3569     5662     745      1793     4991     2009     944      4067     4367     3672     514      1255     4882     4986     6122     2895     3720     4600     2628     6660     4384     3890     6566     2875     957      3316     
3        3441     6428     6580     0        1545     1109     6336     1006     1750     7100     1766     4976     2227     4318     2208     6714     2804     4541     4300     3696     3787     3925     6740     2623     4436     2008     5345     7114     3715     3610     5013     7602     3079     2284     3554     6571     3609     1739     2074     1914     5914     6660     1893     7572     4793     5302     5279     3663     6191     6077     4441     6997     5036     4003     7581     5144     2192     5835     7948     2876     7415     7297     3679     5011     3873     7009     6410     4206     6019     2604     7749     5880     5140     5107     2633     5786     5279     3781     4970     7538     5919     
4        3593     4926     5034     1545     0        2600     5199     2277     1337     5558     2297     3632     3253     2880     2542     5625     3002     3619     2805     3827     2271     2558     5420     2493     3436     1019     3827     5569     2322     2516     3473     6227     1541     2795     3214     5055     2789     2623     2039     1316     4404     5192     2781     6246     4358     4284     4107     2468     4652     4635     3318     5479     5028     2461     6039     3941     1865     4289     6430     2083     5941     5761     2554     3977     2630     5464     4898     3356     5090     2506     6342     4693     4159     3707     2832     4739     4123     3660     3606     5992     4638     
5        4123     7358     7612     1109     2600     0        6936     578      2355     8150     2466     5770     1520     5422     2162     7269     3520     5589     5244     4370     4867     5034     7848     3506     5504     3114     6425     8155     4823     4285     6014     8712     4140     2067     4452     7653     4650     1339     2344     2983     6859     7761     1428     8679     5680     5842     5932     4766     7249     6940     5091     8078     5715     5057     8630     6241     3181     6867     9028     3442     8515     8359     4775     5575     4979     8024     7354     4685     7053     3476     8858     6973     5661     5946     3369     6852     5920     4576     5781     8569     6640     
6        8610     2842     4233     6336     5199     6936     0        6369     4620     4775     7495     1846     6353     5238     5044     482      8091     7314     3103     8812     4621     5516     7068     7478     7021     5870     4724     4615     5355     2732     3490     7264     4526     5324     7901     5208     6984     5915     4634     6318     2900     5876     5957     7589     8715     1131     1093     6051     4531     2100     1900     5373     9798     4222     5025     6722     6862     3986     5928     3499     6236     5106     6260     1365     5975     4152     2999     2300     8315     7509     7105     7221     1333     2047     7936     7731     1075     8476     1943     4690     952      
7        4357     6885     7212     1006     2277     578      6369     0        1822     7766     2670     5247     1235     5152     1604     6697     3730     5535     4788     4609     4540     4800     7648     3611     5420     2951     6089     7761     4575     3739     5593     8484     3794     1546     4549     7316     4607     854      1766     2906     6397     7469     980      8479     5788     5271     5376     4600     6878     6438     4536     7737     5957     4693     8245     6089     3198     6469     8685     2883     8217     7989     4634     5007     4798     7606     6889     4111     7017     3589     8610     6833     5088     5437     3566     6769     5362     4746     5264     8165     6095     
8        4763     5104     5561     1750     1337     2355     4620     1822     0        6147     3248     3425     2331     3907     1295     4982     4138     4936     3054     5009     3162     3692     6513     3723     4738     2355     4616     6119     3441     1931     3920     7248     2412     1599     4514     5815     4125     1704     717      2604     4634     6081     1830     7322     5683     3562     3590     3725     5299     4625     2747     6218     6272     3193     6617     5153     3121     4833     7150     1131     6800     6399     3837     3278     3856     5916     5120     2456     6392     3727     7316     5899     3396     3622     3961     6011     3582     4917     3444     6499     4285     
9        7296     1934     627      7100     5558     8150     4775     7766     6147     0        7137     3605     8479     3087     7315     5162     7084     4775     3158     7379     3346     3601     2923     6418     4526     5375     1855     191      3687     4856     2240     2710     4021     7651     6225     928      5114     7850     6689     5756     1978     1565     7978     3121     6359     5092     4418     4202     920      2687     4635     752      7757     3097     480      3661     6049     1314     1179     5608     1560     332      4364     4978     3972     663      1776     5508     4955     6470     2463     3684     5207     3248     7009     4371     4491     6817     3495     568      3880     
10       1687     6942     6724     1766     2297     2466     7495     2670     3248     7137     0        5882     3897     4073     3963     7922     1062     3451     4906     1940     3858     3576     6050     1129     3452     1833     5283     7198     3456     4807     5370     6986     3373     4051     2045     6430     2546     3482     3745     1399     6407     6326     3628     6855     3241     6574     6403     3070     6223     6777     5615     6852     3287     4212     7605     4359     1129     6015     7769     4269     7071     7264     2982     6268     3314     7210     6882     5594     4818     1086     7203     5015     6442     5915     903      4736     6420     2110     5843     7649     6907     
11       6858     1932     2985     4976     3632     5770     1846     5247     3425     3605     5882     0        5561     3407     4256     2328     6374     5468     1257     7048     2774     3670     5425     5735     5176     4154     3037     3492     3508     1574     1780     5760     2723     4584     6095     3772     5149     5007     3699     4614     1646     4362     5093     6032     6874     1581     944      4206     3086     1267     1058     4036     7984     2377     3979     4911     5137     2501     4779     2470     4857     3929     4416     1403     4128     3113     2017     1938     6501     5770     5659     5450     1651     357      6227     5926     1012     6681     120      3726     1044     
12       5580     7362     7890     2227     3253     1520     6353     1235     2331     8479     3897     5561     0        6107     1323     6608     4959     6704     5368     5832     5420     5810     8672     4844     6570     4071     6921     8449     5571     3987     6248     9465     4659     1029     5781     8131     5788     641      1865     4085     6916     8363     501      9497     7019     5222     5477     5688     7629     6814     4682     8539     7180     5498     8947     7176     4416     7164     9476     3090     9094     8730     5745     5004     5868     8236     7393     4056     8190     4823     9562     7926     5023     5811     4797     7911     5447     5980     5603     8824     6263     
13       4259     3401     2748     4318     2880     5422     5238     5152     3907     3087     4073     3407     6107     0        5201     5720     4005     2131     2166     4369     812      514      2609     3333     1835     2396     1239     3167     627      3585     1887     3357     1502     5505     3236     2358     2127     5469     4595     2723     2915     2345     5621     3414     3669     4856     4316     1143     2192     3599     3938     2782     4959     1071     3545     1534     2968     2127     3712     3910     3102     3194     1331     4593     939      3258     3283     4561     3104     3385     3461     2177     4850     3195     3924     2549     4373     3847     3301     3622     4340     
14       5611     6091     6711     2208     2542     2162     5044     1604     1295     7315     3963     4256     1323     5201     0        5316     4971     6160     4166     5865     4448     4985     7808     4680     5979     3521     5868     7271     4734     2682     5074     8535     3703     337      5552     7047     5307     900      630      3682     5665     7347     916      8615     6765     3915     4153     4992     6500     5517     3359     7440     7186     4452     7774     6438     4136     6003     8360     1793     8056     7583     5091     3688     5134     7027     6132     2744     7633     4673     8596     7186     3718     4519     4796     7274     4124     5877     4304     7626     4940     
15       9065     3229     4639     6714     5625     7269     482      6697     4982     5162     7922     2328     6608     5720     5316     0        8540     7796     3585     9270     5102     5998     7522     7933     7503     6321     5190     4996     5836     3132     3963     7693     4997     5581     8371     5635     7461     6201     4944     6767     3331     6311     6232     8027     9193     1426     1540     6531     4964     2516     2308     5783     10268    4704     5387     7201     7314     4429     6299     3853     6647     5490     6740     1704     6456     4525     3391     2591     8794     7963     7524     7694     1609     2527     8383     8209     1512     8942     2425     5042     1414     
16       639      7177     6747     2804     3002     3520     8091     3730     4138     7084     1062     6374     4959     4005     4971     8540     0        2839     5275     894      4003     3490     5578     680      2923     2224     5244     7171     3442     5492     5576     6533     3698     5081     1199     6291     2072     4534     4700     1773     6647     6072     4682     6343     2271     7252     7002     2883     6197     7124     6262     6696     2232     4407     7531     3904     1236     6087     7568     5072     6787     7164     2733     6943     3117     7254     7095     6358     4049     634      6788     4469     7139     6351     177      4074     7027     1080     6317     7626     7417     
17       2785     5492     4617     4541     3619     5589     7314     5535     4936     4775     3451     5468     6704     2131     6160     7796     2839     0        4211     2788     2698     1797     2762     2353     295      2655     3147     4906     1973     5317     4017     3719     3002     6399     1688     3876     940      6120     5650     2629     5028     3478     6283     3507     1596     6815     6336     1334     4012     5730     5841     4226     2981     3091     5158     1170     2434     4129     4990     5365     4122     4765     1157     6530     1349     5125     5363     6316     1487     2404     3995     1633     6779     5289     2852     1286     6387     2180     5370     5344     6441     
18       5718     2127     2547     4300     2805     5244     3103     4788     3054     3158     4906     1257     5368     2166     4166     3585     5275     4211     0        5894     1518     2413     4375     4615     3919     3100     2024     3106     2254     1762     929      4843     1576     4503     4894     3022     3914     4754     3544     3560     1617     3486     4871     5057     5628     2703     2149     2956     2399     1871     1845     3372     6769     1120     3611     3688     4047     1858     4247     2451     4099     3440     3167     2454     2872     2868     2112     2600     5270     4654     4802     4267     2714     1113     5140     4706     2207     5492     1161     3461     2255     
19       254      7682     7107     3696     3827     4370     8812     4609     5009     7379     1940     7048     5832     4369     5865     9270     894      2788     5894     0        4517     3869     5539     1348     2955     2961     5588     7485     3875     6276     6085     6491     4332     5975     1156     6532     2265     5422     5586     2541     7162     6221     5568     6246     1735     8021     7730     3226     6529     7704     7020     6916     1348     4938     7803     3944     1980     6494     7735     5909     6895     7421     3041     7712     3435     7620     7586     7172     3729     1326     6778     4391     7918     6993     1069     3885     7760     612      6983     7937     8092     
20       4367     3177     2881     3787     2271     4867     4621     4540     3162     3346     3858     2774     5420     812      4448     5102     4003     2698     1518     4517     0        905      3393     3323     2408     2047     1559     3382     735      2784     1575     4087     760      4760     3454     2786     2422     4778     3832     2459     2650     2944     4925     4181     4115     4137     3639     1442     2427     3203     3187     3211     5295     427      3825     2311     2837     2160     4162     3100     3684     3522     1654     3861     1354     3357     3092     3769     3841     3369     4155     2983     4115     2618     3892     3312     3691     4063     2680     3824     3768     
21       3753     3855     3260     3925     2558     5034     5516     4800     3692     3601     3576     3670     5810     514      4985     5998     3490     1797     2413     3869     905      0        2861     2819     1506     1954     1753     3682     252      3633     2296     3684     1377     5274     2745     2855     1648     5178     4398     2247     3354     2786     5334     3688     3263     5040     4543     645      2706     3995     4083     3276     4509     1294     4056     1499     2463     2625     4196     3839     3542     3701     846      4762     478      3769     3746     4629     2962     2870     3824     2225     5015     3496     3409     2461     4596     3358     3572     4137     4648     
22       5546     4475     3131     6740     5420     7848     7068     7648     6513     2923     6050     5425     8672     2609     7808     7522     5578     2762     4375     5539     3393     2861     0        5029     2654     4734     2388     3108     3101     6041     3645     956      4111     8109     4450     2066     3534     8038     7204     4921     4219     1364     8194     831      4085     6999     6368     3090     2629     5047     6217     2181     5487     3512     3116     1692     4939     3105     2583     6479     1638     2743     3113     6785     2869     3515     4308     6960     2243     5083     1244     1153     7044     5115     5572     1773     6436     4927     5305     3428     6116     
23       1132     6499     6072     2623     2493     3506     7478     3611     3723     6418     1129     5735     4844     3333     4680     7933     680      2353     4615     1348     3323     2819     5029     0        2388     1615     4573     6501     2764     4928     4897     5979     3040     4830     946      5637     1495     4356     4339     1194     5969     5445     4512     5816     2179     6674     6393     2223     5526     6457     5675     6047     2549     3729     6868     3340     633      5408     6930     4576     6170     6504     2085     6365     2462     6577     6416     5827     3691     54       6218     3954     6570     5700     591      3630     6422     1200     5675     6956     6780     
24       2929     5203     4349     4436     3436     5504     7021     5420     4738     4526     3452     5176     6570     1835     5979     7503     2923     295      3919     2955     2408     1506     2654     2388     0        2502     2868     4653     1688     5052     3722     3609     2738     6227     1822     3637     905      5976     5455     2524     4735     3272     6138     3429     1871     6533     6048     1075     3746     5435     5562     3999     3237     2799     4919     994      2390     3847     4787     5126     3939     4528     916      6249     1066     4860     5074     6052     1654     2440     3869     1567     6499     4995     2918     1349     6099     2356     5077     5094     6146     
25       2748     5110     4928     2008     1019     3114     5870     2951     2355     5375     1833     4154     4071     2396     3521     6321     2224     2655     3100     2961     2047     1954     4734     1615     2502     0        3539     5421     1772     3319     3537     5606     1544     3749     2224     4733     1786     3473     3049     461      4574     4734     3636     5565     3342     5059     4782     1655     4455     4968     4059     5161     4082     2384     5850     3140     992      4206     6101     3038     5491     5528     1683     4750     1865     5404     5049     4239     4140     1642     5766     3882     4957     4147     2073     3839     4809     2713     4102     5867     5196     
26       5487     2399     1519     5345     3827     6425     4724     6089     4616     1855     5283     3037     6921     1239     5868     5190     5244     3147     2024     5588     1559     1753     2388     4573     2868     3539     0        1929     1831     3757     1258     2821     2295     6193     4443     1228     3328     6281     5239     3908     2002     1498     6422     3036     4740     4610     3981     2373     952      2799     3848     1652     6090     1423     2321     2194     4194     987      2603     4322     2187     1988     2549     4399     2153     2032     2255     4624     3735     4624     2800     2540     4657     2734     5163     3128     4049     5048     2918     2384     3776     
27       7396     1774     560      7114     5569     8155     4615     7761     6119     191      7198     3492     8449     3167     7271     4996     7171     4906     3106     7485     3382     3682     3108     6501     4653     5421     1929     0        3757     4780     2201     2901     4038     7608     6332     1091     5219     7823     6647     5811     1853     1747     7949     3312     6495     4960     4286     4293     977      2536     4530     942      7888     3113     505      3804     6118     1292     1318     5548     1748     496      4459     4854     4066     480      1619     5407     5121     6552     2652     3849     5079     3135     7091     4534     4359     6928     3385     455      3729     
28       3745     3812     3310     3715     2322     4823     5355     4575     3441     3687     3456     3508     5571     627      4734     5836     3442     1973     2254     3875     735      252      3101     2764     1688     1772     1831     3757     0        3403     2228     3909     1129     5025     2776     2982     1710     4937     4146     2097     3299     2963     5093     3925     3383     4844     4364     712      2779     3904     3877     3407     4585     1152     4151     1750     2362     2645     4339     3591     3720     3808     925      4562     624      3813     3711     4401     3192     2814     4038     2478     4812     3352     3350     2702     4415     3389     3415     4211     4503     
29       6055     3435     4231     3610     2516     4285     2732     3739     1931     4856     4807     1574     3987     3585     2682     3132     5492     5317     1762     6276     2784     3633     6041     4928     5052     3319     3757     4780     3403     0        2679     6577     2314     3011     5495     4783     4750     3441     2128     3736     3047     5240     3523     6765     6482     1768     1669     3982     4150     2835     832      5127     7384     2550     5285     5095     4295     3591     5981     897      5861     5155     4166     1461     3998     4474     3491     1000     6595     4950     6552     5762     1647     1843     5327     6087     1669     6022     1622     5087     2356     
30       5940     1602     1642     5013     3473     6014     3490     5593     3920     2240     5370     1780     6248     1887     5074     3963     5576     4017     929      6085     1575     2296     3645     4897     3722     3537     1258     2201     2228     2679     0        4011     2017     5410     5003     2110     3933     5624     4448     3977     1076     2625     5749     4263     5549     3357     2723     2926     1472     1712     2638     2448     6804     1171     2702     3268     4395     932      3318     3379     3197     2514     3135     3154     2774     2012     1521     3457     4857     4942     3939     3731     3410     1477     5461     4262     2791     5615     1660     2581     2550     
31       6502     4512     3094     7602     6227     8712     7264     8484     7248     2710     6986     5760     9465     3357     8535     7693     6533     3719     4843     6491     4087     3684     956      5979     3609     5606     2821     2901     3909     6577     4011     0        4836     8847     5407     2058     4484     8826     7919     5822     4364     1400     8979     451      5007     7339     6682     3985     2732     5178     6646     1976     6396     4129     2754     2638     5869     3292     2009     7102     1167     2446     4027     7155     3755     3364     4344     7442     3080     6032     359      2100     7408     5425     6525     2679     6754     5879     5640     3113     6321     
32       4149     3569     3511     3079     1541     4140     4526     3794     2412     4021     3373     2723     4659     1502     3703     4997     3698     3002     1576     4332     760      1377     4111     3040     2738     1544     2295     4038     1129     2314     2017     4836     0        4011     3376     3522     2490     4018     3093     1999     3035     3704     4165     4913     4234     3873     3472     1668     3112     3434     2875     3944     5272     925      4502     2876     2472     2769     4893     2462     4441     4220     1854     3576     1691     3958     3514     3314     4307     3078     4911     3594     3815     2662     3564     3829     3513     3958     2653     4467     3765     
33       5720     6426     7048     2284     2795     2067     5324     1546     1599     7651     4051     4584     1029     5505     337      5581     5081     6399     4503     5975     4760     5274     8109     4830     6227     3749     6193     7608     5025     3011     5410     8847     4011     0        5721     7377     5531     735      963      3878     6001     7669     696      8920     6945     4193     4457     5258     6834     5846     3673     7772     7307     4775     8111     6715     4308     6338     8693     2127     8381     7918     5349     3976     5408     7364     6468     3028     7878     4819     8913     7465     3994     4851     4907     7534     4425     6019     4634     7963     5250     
34       1107     6588     5962     3554     3214     4452     7901     4549     4514     6225     2045     6095     5781     3236     5552     8371     1199     1688     4894     1156     3454     2745     4450     946      1822     2224     4443     6332     2776     5495     5003     5407     3376     5721     0        5375     1115     5278     5167     1909     6076     5072     5436     5190     1238     7191     6839     2100     5380     6657     6184     5760     1900     3881     6646     2816     1415     5363     6585     5263     5756     6264     1905     6886     2297     6476     6485     6444     2850     977      5679     3318     7108     6006     1256     2885     6876     613      6019     6783     7131     
35       6462     2466     1072     6571     5055     7653     5208     7316     5815     928      6430     3772     8131     2358     7047     5635     6291     3876     3022     6532     2786     2855     2066     5637     3637     4733     1228     1091     2982     4783     2110     2058     3522     7377     5375     0        4276     7493     6417     5079     2308     713      7631     2410     5449     5338     4670     3415     688      3120     4722     428      6854     2636     1282     2744     5318     1270     1376     5436     1090     891      3558     5175     3175     1456     2298     5561     4029     5690     1903     2758     5422     3425     6227     3443     4743     5957     3653     1491     4269     
36       2185     5503     4847     3609     2789     4650     6984     4607     4125     5114     2546     5149     5788     2127     5307     7461     2072     940      3914     2265     2422     1648     3534     1495     905      1786     3328     5219     1710     4750     3933     4484     2490     5531     1115     4276     0        5216     4828     1703     4999     4010     5379     4324     1743     6363     5950     1007     4265     5614     5363     4669     2876     2849     5541     1845     1497     4253     5516     4674     4717     5162     802      6065     1187     5361     5394     5736     2410     1548     4726     2470     6302     5026     2048     2219     5994     1721     5064     5672     6169     
37       5167     6773     7265     1739     2623     1339     5915     854      1704     7850     3482     5007     641      5469     900      6201     4534     6120     4754     5422     4778     5178     8038     4356     5976     3473     6281     7823     4937     3441     5624     8826     4018     735      5278     7493     5216     0        1315     3520     6317     7721     162      8862     6514     4790     4990     5072     6995     6248     4174     7902     6766     4858     8320     6557     3887     6536     8840     2544     8453     8098     5136     4552     5247     7619     6798     3617     7607     4339     8921     7307     4597     5243     4366     7311     4966     5521     5043     8203     5758     
38       5335     5499     6087     2074     2039     2344     4634     1766     717      6689     3745     3699     1865     4595     630      4944     4700     5650     3544     5586     3832     4398     7204     4339     5455     3049     5239     6647     4146     2128     4448     7919     3093     963      5167     6417     4828     1315     0        3265     5062     6721     1394     8007     6355     3521     3683     4443     5871     4949     2861     6810     6878     3826     7150     5867     3759     5376     7730     1230     7427     6955     4554     3268     4572     6409     5534     2353     7109     4338     7975     6612     3334     3946     4522     6728     3661     5539     3739     7006     4443     
39       2318     5557     5330     1914     1316     2983     6318     2906     2604     5756     1399     4614     4085     2723     3682     6767     1773     2629     3560     2541     2459     2247     4921     1194     2524     461      3908     5811     2097     3736     3977     5822     1999     3878     1909     5079     1703     3520     3265     0        5022     5031     3683     5748     3091     5488     5228     1837     4839     5428     4493     5505     3713     2815     6228     3275     560      4618     6436     3393     5786     5895     1812     5179     2070     5814     5493     4633     4111     1214     6004     3996     5380     4609     1618     3873     5254     2343     4562     6260     5654     
40       7017     535      1377     5914     4404     6859     2900     6397     4634     1978     6407     1646     6916     2915     5665     3331     6647     5028     1617     7162     2650     3354     4219     5969     4735     4574     2002     1853     3299     3047     1076     4364     3035     6001     6076     2308     4999     6317     5062     5022     0        2980     6426     4696     6585     3115     2440     3991     1633     828      2697     2493     7863     2240     2334     4178     5457     1114     3157     3884     3349     2308     4198     3000     3828     1467     496      3578     5736     6014     4207     4537     3228     1293     6530     5130     2513     6689     1544     2081     1962     
41       6176     3171     1785     6660     5192     7761     5876     7469     6081     1565     6326     4362     8363     2345     7347     6311     6072     3478     3486     6221     2944     2786     1364     5445     3272     4734     1498     1747     2963     5240     2625     1400     3704     7669     5072     713      4010     7721     6721     5031     2980     0        7867     1716     5002     5940     5282     3258     1348     3802     5263     842      6419     2895     1807     2310     5198     1895     1515     5821     757      1417     3366     5759     3013     2152     3003     6074     3430     5499     1316     2174     6012     4025     6027     2867     5354     5627     4242     2090     4929     
42       5314     6876     7390     1893     2781     1428     5957     980      1830     7978     3628     5093     501      5621     916      6232     4682     6283     4871     5568     4925     5334     8194     4512     6138     3636     6422     7949     5093     3523     5749     8979     4165     696      5436     7631     5379     162      1394     3683     6426     7867     0        9017     6673     4829     5049     5233     7128     6340     4240     8039     6914     4999     8447     6717     4047     6664     8975     2625     8597     8229     5298     4598     5406     7739     6905     3657     7770     4495     9071     7468     4633     5336     4515     7473     5022     5674     5132     8325     5824     
43       6271     4876     3468     7572     6246     8679     7589     8479     7322     3121     6855     6032     9497     3414     8615     8027     6343     3507     5057     6246     4181     3688     831      5816     3429     5565     3036     3312     3925     6765     4263     451      4913     8920     5190     2410     4324     8862     8007     5748     4696     1716     9017     0        4707     7614     6965     3919     3064     5518     6883     2376     6075     4267     3190     2498     5753     3603     2460     7245     1600     2870     3938     7417     3701     3767     4708     7657     2728     5869     802      1873     7673     5706     6346     2381     7035     5634     5912     3545     6641     
44       1869     7063     6213     4793     4358     5680     8715     5788     5683     6359     3241     6874     7019     3669     6765     9193     2271     1596     5628     1735     4115     3263     4085     2179     1871     3342     4740     6495     3383     6482     5549     5007     4234     6945     1238     5449     1743     6514     6355     3091     6585     5002     6673     4707     0        8107     7690     2673     5608     7256     7107     5783     1418     4535     6729     2708     2637     5719     6497     6350     5593     6333     2461     7809     2785     6721     6938     7460     2053     2206     5325     2941     8045     6733     2381     2329     7734     1216     6785     6927     7882     
45       7805     3249     4491     5302     4284     5842     1131     5271     3562     5092     6574     1581     5222     4856     3915     1426     7252     6815     2703     8021     4137     5040     6999     6674     6533     5059     4610     4960     4844     1768     3357     7339     3873     4193     7191     5338     6363     4790     3521     5488     3115     5940     4829     7614     8107     0        674      5500     4649     2473     1006     5581     9090     3789     5423     6386     6045     4067     6271     2431     6416     5423     5701     309      5466     4538     3377     1173     7959     6699     7232     6969     204      1915     7089     7403     601      7738     1701     5131     1372     
46       7525     2587     3816     5279     4107     5932     1093     5376     3590     4418     6403     944      5477     4316     4153     1540     7002     6336     2149     7730     3639     4543     6368     6393     6048     4782     3981     4286     4364     1669     2723     6682     3472     4457     6839     4670     5950     4990     3683     5228     2440     5282     5049     6965     7690     674      0        5044     3982     1817     842      4908     8738     3263     4752     5834     5774     3402     5597     2493     5747     4748     5250     611      4988     3868     2710     1479     7418     6422     6568     6388     800      1258     6845     6850     73       7406     1063     4464     819      
47       3116     4496     3889     3663     2468     4766     6051     4600     3725     4202     3070     4206     5688     1143     4992     6531     2883     1334     2956     3226     1442     645      3090     2223     1075     1655     2373     4293     712      3982     2926     3985     1668     5258     2100     3415     1007     5072     4443     1837     3991     3258     5233     3919     2673     5500     5044     0        3323     4613     4517     3826     3879     1863     4648     1490     1941     3267     4721     4056     4001     4282     212      5211     244      4400     4389     4982     2693     2276     4170     2238     5457     4059     2813     2285     5092     2713     4115     4748     5209     
48       6433     1845     607      6191     4652     7249     4531     6878     5299     920      6223     3086     7629     2192     6500     4964     6197     4012     2399     6529     2427     2706     2629     5526     3746     4455     952      977      2779     4150     1472     2732     3112     6834     5380     688      4265     6995     5871     4839     1633     1348     7128     3064     5608     4649     3982     3323     0        2454     4050     977      6983     2192     1398     2962     5141     585      1860     4841     1770     1111     3495     4489     3100     1114     1679     4897     4395     5577     2590     3135     4735     2738     6116     3791     4055     5980     2968     1432     3588     
49       7541     779      2132     6077     4635     6940     2100     6438     4625     2687     6777     1267     6814     3599     5517     2516     7124     5730     1871     7704     3203     3995     5047     6457     5435     4968     2799     2536     3904     2835     1712     5178     3434     5846     6657     3120     5614     6248     4949     5428     828      3802     6340     5518     7256     2473     1817     4613     2454     0        2287     3273     8490     2775     2974     4944     5905     1941     3854     3725     4136     3019     4824     2420     4474     2089     919      3146     6519     6498     5009     5340     2617     1006     6995     5916     1887     7265     1212     2665     1193     
