
sets
i        orders          /0*20/
k        routes          /1*20/
p        positions       /0*20/
;

alias(i,j)
alias(i,h)
alias(i,hh)
alias(i,jj)
alias(k,kk)
                
                    Parameters

rho(i)	Processing time
/
0	0
1	46
2	84
3	15
4	46
5	69
6	98
7	99
8	42
9	24
10	6
11	35
12	47
13	67
14	40
15	14
16	65
17	96
18	10
19	17
20	26
/

gamma(i)	Duedate
/
0	0
1	25
2	14
3	57
4	13
5	34
6	92
7	77
8	72
9	63
10	4
11	35
12	32
13	24
14	68
15	23
16	6
17	4
18	76
19	23
20	97
/

sigma(i)	Size
/
0	0
1	8
2	6
3	6
4	3
5	4
6	8
7	5
8	4
9	1
10	9
11	8
12	8
13	1
14	5
15	1
16	2
17	7
18	2
19	5
20	7
/

epsilon(i)	Priority
/
0	0
1	5
2	1
3	8
4	2
5	7
6	8
7	5
8	9
9	8
10	3
11	3
12	2
13	4
14	1
15	5
16	6
17	1
18	1
19	6
20	4
/

psi	Vehicle Capacity
/ 34 /
;

Table kappa(i,j)                 Setup
         0        1        2        3        4        5        6        7        8        9        10       11       12       13       14       15       16       17       18       19       20       
0        0        249      405      55       112      104      243      84       58       232      93       380      196      227      228      169      159      187      340      327      30       
1        249      0        355      303      169      179      54       215      232      41       316      304      370      22       331      308      205      344      230      158      239      
2        405      355      0        421      429      432      407      450      442      389      497      56       321      353      227      278      246      296      131      217      424      
3        55       303      421      0        166      157      299      131      103      287      88       403      168      281      221      159      185      166      372      369      79       
4        112      169      429      166      0        10       146      47       69       140      151      391      296      149      303      253      194      280      334      293      87       
5        104      179      432      157      10       0        156      37       59       149      141      395      291      158      301      249      194      275      338      300      78       
6        243      54       407      299      146      156      0        193      214      19       297      356      390      54       362      331      234      366      284      213      227      
7        84       215      450      131      47       37       193      0        28       187      104      416      279      195      301      245      206      267      364      331      54       
8        58       232      442      103      69       59       214      28       0        207      84       411      254      211      282      224      196      244      363      337      27       
9        232      41       389      287      140      149      19       187      207      0        290      339      373      36       343      313      216      348      267      198      217      
10       93       316      497      88       151      141      297      104      84       290      0        473      256      295      309      246      253      255      433      415      83       
11       380      304      56       403      391      395      356      416      411      339      473      0        325      303      232      273      220      297      75       161      396      
12       196      370      321      168      296      291      390      279      254      373      256      325      0        351      94       65       172      30       326      363      227      
13       227      22       353      281      149      158      54       195      211      36       295      303      351      0        315      290      188      325      231      165      217      
14       228      331      227      221      303      301      362      301      282      343      309      232      94       315      0        62       127      70       240      289      256      
15       169      308      278      159      253      249      331      245      224      313      246      273      65       290      62       0        107      36       266      298      198      
16       159      205      246      185      194      194      234      206      196      216      253      220      172      188      127      107      0        144      187      199      177      
17       187      344      296      166      280      275      366      267      244      348      255      297      30       325      70       36       144      0        297      333      217      
18       340      230      131      372      334      338      284      364      363      267      433      75       326      231      240      266      187      297      0        86       351      
19       327      158      217      369      293      300      213      331      337      198      415      161      363      165      289      298      199      333      86       0        331      
20       30       239      424      79       87       78       227      54       27       217      83       396      227      217      256      198      177      217      351      331      0        
;



Table delta(i,j)                 Distance
         0        1        2        3        4        5        6        7        8        9        10       11       12       13       14       15       16       17       18       19       20       
0        0        217      486      267      379      244      563      427      503      96       549      420      233      315      381      178      516      184      375      92       166      
1        217      0        381      470      166      233      546      485      465      169      366      213      179      365      393      168      306      39       157      170      136      
2        486      381      0        601      317      251      241      337      157      508      218      291      254      292      231      308      320      374      374      394      508      
3        267      470      601      0        613      364      564      370      543      360      736      645      396      322      401      351      739      432      623      302      432      
4        379      166      317      613      0        298      535      537      446      336      219      50       243      430      427      270      139      195      57       313      292      
5        244      233      251      364      298      0        331      252      262      289      374      314      58       135      162      77       398      203      332      155      316      
6        563      546      241      564      535      331      0        201      88       620      457      519      372      258      183      408      559      524      587      481      646      
7        427      485      337      370      537      252      201      0        211      504      541      540      310      121      114      319      608      453      578      365      550      
8        503      465      157      543      446      262      88       211      0        552      375      431      297      222      142      338      472      446      500      417      572      
9        96       169      508      360      336      289      620      504      552      0        531      383      259      387      443      213      475      149      319      140      72       
10       549      366      218      736      219      374      457      541      375      531      0        169      341      469      428      391      132      381      268      465      501      
11       420      213      291      645      50       314      519      540      431      383      169      0        262      439      427      296      95       238      99       349      342      
12       233      179      254      396      243      58       372      310      297      259      341      262      0        193      214      55       350      152      275      140      275      
13       315      365      292      322      430      135      258      121      222      387      469      439      193      0        79       198      516      332      467      246      429      
14       381      393      231      401      427      162      183      114      142      443      428      427      214      79       0        237      493      365      471      303      477      
15       178      168      308      351      270      77       408      319      338      213      391      296      55       198      237      0        388      134      292      86       239      
16       516      306      320      739      139      398      559      608      472      475      132      95       350      516      493      388      0        333      169      444      430      
17       184      39       374      432      195      203      524      453      446      149      381      238      152      332      365      134      333      0        193      131      133      
18       375      157      374      623      57       332      587      578      500      319      268      99       275      467      471      292      169      193      0        321      266      
19       92       170      394      302      313      155      481      365      417      140      465      349      140      246      303      86       444      131      321      0        185      
20       166      136      508      432      292      316      646      550      572      72       501      342      275      429      477      239      430      133      266      185      0        
;

