
sets
i        orders          /0*20/
k        routes          /1*20/
p        positions       /0*20/
;

alias(i,j)
alias(i,h)
alias(i,hh)
alias(i,jj)
alias(k,kk)
                
                    Parameters

rho(i)	Processing time
/
0	0
1	13
2	44
3	62
4	93
5	50
6	13
7	63
8	41
9	41
10	5
11	4
12	85
13	46
14	40
15	98
16	52
17	23
18	40
19	17
20	76
/

gamma(i)	Duedate
/
0	0
1	59
2	21
3	45
4	64
5	3
6	95
7	92
8	96
9	27
10	12
11	48
12	58
13	31
14	2
15	60
16	93
17	78
18	60
19	76
20	50
/

sigma(i)	Size
/
0	0
1	5
2	4
3	4
4	9
5	6
6	3
7	4
8	2
9	5
10	2
11	3
12	1
13	9
14	1
15	3
16	4
17	9
18	7
19	6
20	9
/

epsilon(i)	Priority
/
0	0
1	3
2	4
3	5
4	7
5	4
6	2
7	7
8	8
9	6
10	5
11	6
12	5
13	4
14	6
15	7
16	2
17	7
18	2
19	6
20	7
/

psi	Vehicle Capacity
/ 28 /
;

Table kappa(i,j)                 Setup
         0        1        2        3        4        5        6        7        8        9        10       11       12       13       14       15       16       17       18       19       20       
0        0        294      265      289      357      35       175      277      196      60       288      299      246      176      155      315      175      85       179      104      463      
1        294      0        406      178      420      326      213      296      150      235      293      327      81       198      407      150      228      208      128      286      272      
2        265      406      0        267      116      251      194      143      256      261      155      130      411      208      162      313      178      285      290      168      400      
3        289      178      267      0        250      308      121      131      98       234      125      159      228      114      332      46       128      227      138      219      174      
4        357      420      116      250      0        351      233      124      283      338      127      92       447      245      278      293      220      355      327      253      335      
5        35       326      251      308      351      0        189      282      220      90       293      300      281      194      125      338      187      118      208      104      483      
6        175      213      194      121      233      189      0        120      63       128      126      149      220      14       215      157      15       133      97       98       295      
7        277      296      143      131      124      282      120      0        162      242      13       31       325      130      254      176      111      252      207      177      257      
8        196      150      256      98       283      220      63       162      0        139      163      193      164      48       270      118      78       129      46       148      268      
9        60       235      261      234      338      90       128      242      139      0        251      267      195      126      188      257      133      31       119      92       407      
10       288      293      155      125      127      293      126      13       163      251      0        34       326      135      268      169      118      259      209      188      244      
11       299      327      130      159      92       300      149      31       193      267      34       0        357      160      259      204      139      279      238      196      270      
12       246      81       411      228      447      281      220      325      164      195      326      357      0        205      380      213      234      164      122      266      348      
13       176      198      208      114      245      194      14       130      48       126      135      160      205      0        227      148      30       128      83       107      289      
14       155      407      162      332      278      125      215      254      270      188      268      259      380      227      0        372      205      219      279      122      498      
15       315      150      313      46       293      338      157      176      118      257      169      204      213      148      372      0        167      245      148      255      152      
16       175      228      178      128      220      187      15       111      78       133      118      139      234      30       205      167      0        141      112      91       300      
17       85       208      285      227      355      118      133      252      129      31       259      279      164      128      219      245      141      0        99       119      396      
18       179      128      290      138      327      208      97       207      46       119      209      238      122      83       279      148      112      99       0        158      300      
19       104      286      168      219      253      104      98       177      148      92       188      196      266      107      122      255      91       119      158      0        391      
20       463      272      400      174      335      483      295      257      268      407      244      270      348      289      498      152      300      396      300      391      0        
;



Table delta(i,j)                 Distance
         0        1        2        3        4        5        6        7        8        9        10       11       12       13       14       15       16       17       18       19       20       
0        0        413      200      314      266      150      312      111      151      210      305      297      405      257      364      312      208      249      220      248      75       
1        413      0        243      725      676      415      409      371      292      246      708      496      68       669      396      173      340      623      546      290      457      
2        200      243      0        511      443      172      216      129      52       16       505      412      216      454      397      225      111      380      303      251      265      
3        314      725      511      0        129      393      551      395      460      519      56       404      720      57       552      601      485      251      332      502      270      
4        266      676      443      129      0        297      442      316      391      447      171      452      659      100      579      577      393      124      212      497      254      
5        150      415      172      393      297      0        168      59       128      169      403      445      382      336      490      375      95       213      131      354      223      
6        312      409      216      551      442      168      0        202      212      201      567      593      354      497      607      439      116      333      235      462      387      
7        111      371      129      395      316      59       202      0        79       131      397      395      345      337      432      318      98       251      182      295      186      
8        151      292      52       460      391      128      212      79       0        59       455      389      268      402      396      250      95       331      258      251      220      
9        210      246      16       519      447      169      201      131      59       0        514      428      215      461      414      238      100      380      300      267      277      
10       305      708      505      56       171      403      567      397      455      514      0        356      707      76       509      574      491      288      360      469      250      
11       297      496      412      404      452      445      593      395      389      428      356      0        528      375      162      325      478      503      507      205      238      
12       405      68       216      720      659      382      354      345      268      215      707      528      0        663      444      217      298      595      512      325      458      
13       257      669      454      57       100      336      497      337      402      461      76       375      663      0        515      549      428      212      284      454      217      
14       364      396      397      552      579      490      607      432      396      414      509      162      444      515      0        227      491      604      584      146      332      
15       312      173      225      601      577      375      439      318      250      238      574      325      217      549      227      0        335      554      499      121      332      
16       208      340      111      485      393      95       116      98       95       100      491      478      298      428      491      335      0        306      217      347      283      
17       249      623      380      251      124      213      333      251      331      380      288      503      595      212      604      554      306      0        97       497      272      
18       220      546      303      332      212      131      235      182      258      300      360      507      512      284      584      499      217      97       0        461      269      
19       248      290      251      502      497      354      462      295      251      267      469      205      325      454      146      121      347      497      461      0        242      
20       75       457      265      270      254      223      387      186      220      277      250      238      458      217      332      332      283      272      269      242      0        
;

