
sets
i        orders          /0*20/
k        routes          /1*20/
p        positions       /0*20/
;

alias(i,j)
alias(i,h)
alias(i,hh)
alias(i,jj)
alias(k,kk)
                
                    Parameters

rho(i)	Processing time
/
0	0
1	34
2	62
3	61
4	77
5	32
6	15
7	37
8	66
9	37
10	58
11	86
12	20
13	22
14	39
15	26
16	35
17	79
18	41
19	31
20	16
/

gamma(i)	Duedate
/
0	0
1	81
2	78
3	85
4	2
5	65
6	83
7	77
8	73
9	16
10	90
11	12
12	11
13	2
14	3
15	82
16	45
17	3
18	41
19	2
20	47
/

sigma(i)	Size
/
0	0
1	1
2	3
3	8
4	7
5	5
6	6
7	6
8	5
9	5
10	4
11	3
12	7
13	1
14	7
15	1
16	9
17	5
18	2
19	7
20	5
/

epsilon(i)	Priority
/
0	0
1	9
2	8
3	6
4	8
5	2
6	2
7	8
8	8
9	4
10	3
11	7
12	1
13	6
14	7
15	1
16	4
17	8
18	4
19	7
20	2
/

psi	Vehicle Capacity
/ 28 /
;

Table kappa(i,j)                 Setup
         0        1        2        3        4        5        6        7        8        9        10       11       12       13       14       15       16       17       18       19       20       
0        0        381      309      126      50       397      347      110      165      42       214      361      219      286      265      174      251      128      250      209      262      
1        381      0        73       320      427      41       61       355      215      408      216      64       162      221      341      334      245      342      246      358      194      
2        309      73       0        258      356      90       50       292      144      338      147      87       90       168      303      280      207      281      208      309      157      
3        126      320      258      0        147      347      306      36       130      123      230      282      175      308      141      53       130      23       129      93       156      
4        50       427      356      147      0        445      396      120      212      23       264      404      265      335      275      185      277      140      276      214      296      
5        397      41       90       347      445      0        52       381      233      427      214      105      180      205      379      366      282      370      283      392      230      
6        347      61       50       306      396      52       0        339      186      379      162      109      133      159      353      330      256      329      257      359      206      
7        110      355      292      36       120      381      339      0        158      97       251      318      207      330      156      65       162      20       161      98       191      
8        165      215      144      130      212      233      186      158      0        194      108      198      53       183      229      169      156      153      156      207      135      
9        42       408      338      123      23       427      379      97       194      0        253      384      247      326      253      163      254      117      253      193      273      
10       214      216      147      230      264      214      162      251      108      253      0        231      101      78       337      274      259      251      259      314      228      
11       361      64       87       282      404      105      109      318      198      384      231      0        151      256      284      288      190      304      191      308      140      
12       219      162      90       175      265      180      133      207      53       247      101      151      0        162      251      207      164      199      164      241      128      
13       286      221      168      308      335      205      159      330      183      326      78       256      162      0        410      351      326      330      326      390      288      
14       265      341      303      141      275      379      353      156      229      253      337      284      251      410      0        91       97       137      96       63       148      
15       174      334      280      53       185      366      330      65       169      163      274      288      207      351      91       0        110      46       109      41       150      
16       251      245      207      130      277      282      256      162      156      254      259      190      164      326      97       110      0        143      1        120      51       
17       128      342      281      23       140      370      329      20       153      117      251      304      199      330      137      46       143      0        142      82       174      
18       250      246      208      129      276      283      257      161      156      253      259      191      164      326      96       109      1        142      0        118      52       
19       209      358      309      93       214      392      359      98       207      193      314      308      241      390      63       41       120      82       118      0        167      
20       262      194      157      156      296      230      206      191      135      273      228      140      128      288      148      150      51       174      52       167      0        
;



Table delta(i,j)                 Distance
         0        1        2        3        4        5        6        7        8        9        10       11       12       13       14       15       16       17       18       19       20       
0        0        471      648      223      279      491      121      264      639      591      337      299      522      273      249      429      566      494      576      457      91       
1        471      0        236      251      319      265      349      280      368      144      147      368      388      288      222      233      249      165      127      19       448      
2        648      236      0        454      411      488      532      398      205      101      373      438      320      396      410      466      128      157      266      236      599      
3        223      251      454      0        216      300      104      168      499      382      114      267      429      184      50       236      400      313      353      240      223      
4        279      319      411      216      0        490      204      50       363      386      268      54       243      35       177      429      305      256      447      300      205      
5        491      265      488      300      490      0        393      440      634      387      222      545      636      455      319      64       515      428      238      276      518      
6        121      349      532      104      204      393      0        171      543      470      218      241      445      184      127      329      459      381      456      335      124      
7        264      280      398      168      50       440      171      0        376      361      218      104      274      16       127      379      304      241      407      262      201      
8        639      368      205      499      363      634      543      376      0        281      460      363      161      366      448      595      119      208      445      357      568      
9        591      144      101      382      386      387      470      361      281      0        288      423      359      363      344      367      174      141      168      148      553      
10       337      147      373      114      268      222      218      218      460      288      0        322      428      232      106      163      348      255      239      140      333      
11       299      368      438      267      54       545      241      104      363      423      322      0        226      90       231      483      323      287      495      349      214      
12       522      388      320      429      243      636      445      274      161      359      428      226      0        260      380      585      192      231      497      371      440      
13       273      288      396      184      35       455      184      16       366      363      232      90       260      0        143      393      298      239      415      269      206      
14       249      222      410      50       177      319      127      127      448      344      106      231      380      143      0        255      351      265      334      208      230      
15       429      233      466      236      429      64       329      379      595      367      163      483      585      393      255      0        477      387      237      240      454      
16       566      249      128      400      305      515      459      304      119      174      348      323      192      298      351      477      0        92       331      238      505      
17       494      165      157      313      256      428      381      241      208      141      255      287      231      239      265      387      92       0        265      151      442      
18       576      127      266      353      447      238      456      407      445      168      239      495      497      415      334      237      331      265      0        146      564      
19       457      19       236      240      300      276      335      262      357      148      140      349      371      269      208      240      238      151      146      0        432      
20       91       448      599      223      205      518      124      201      568      553      333      214      440      206      230      454      505      442      564      432      0        
;

