
sets
i        orders          /0*20/
k        routes          /1*20/
p        positions       /0*20/
;

alias(i,j)
alias(i,h)
alias(i,hh)
alias(i,jj)
alias(k,kk)
                
                    Parameters

rho(i)	Processing time
/
0	0
1	20
2	98
3	59
4	28
5	40
6	86
7	46
8	5
9	42
10	25
11	75
12	47
13	86
14	78
15	42
16	22
17	63
18	19
19	17
20	55
/

gamma(i)	Duedate
/
0	0
1	69
2	49
3	7
4	37
5	98
6	51
7	74
8	91
9	39
10	29
11	3
12	81
13	54
14	86
15	63
16	44
17	22
18	8
19	45
20	84
/

sigma(i)	Size
/
0	0
1	1
2	6
3	7
4	4
5	8
6	3
7	9
8	5
9	7
10	6
11	5
12	9
13	8
14	1
15	3
16	2
17	1
18	2
19	8
20	8
/

epsilon(i)	Priority
/
0	0
1	3
2	5
3	4
4	4
5	5
6	1
7	7
8	6
9	6
10	6
11	2
12	4
13	7
14	8
15	3
16	6
17	4
18	5
19	1
20	4
/

psi	Vehicle Capacity
/ 18 /
;

Table kappa(i,j)                 Setup
         0        1        2        3        4        5        6        7        8        9        10       11       12       13       14       15       16       17       18       19       20       
0        0        125      47       37       173      160      200      107      32       296      339      47       275      192      181      159      275      396      135      313      310      
1        125      0        117      91       216      53       222      60       130      179      234      148      293      231      243      138      159      290      108      250      212      
2        47       117      0        59       218      163      242      77       21       269      347      94       318      237      228      191      249      404      163      338      322      
3        37       91       59       0        165      123      186      86       57       266      302      60       262      184      181      132      246      359      104      281      274      
4        173      216      218      165      0        203      38       245      206      385      306      129      103      18       38       99       368      355      116      215      271      
5        160      53       163      123      203      0        199      113      173      183      183      170      264      215      235      110      166      240      86       199      159      
6        200      222      242      186      38       199      0        259      232      382      280      159      76       30       70       89       366      326      115      181      244      
7        107      60       77       86       245      113      259      0        96       192      292      145      333      262      265      185      172      348      153      309      271      
8        32       130      21       57       206      173      232      96       0        289      356      78       307      224      213      188      269      413      161      339      329      
9        296      179      269      266      385      183      382      192      289      0        238      326      444      398      417      293      20       275      269      333      243      
10       339      234      347      302      306      183      280      292      356      238      0        336      306      308      345      216      236      56       219      131      35       
11       47       148      94       60       129      170      159      145      78       326      336      0        232      148      134      136      306      392      119      292      304      
12       275      293      318      262      103      264      76       333      307      444      306      232      0        85       116      155      429      342      185      184      272      
13       192      231      237      184      18       215      30       262      224      398      308      148      85       0        41       108      381      355      129      211      272      
14       181      243      228      181      38       235      70       265      213      417      345      134      116      41       0        135      398      393      150      251      309      
15       159      138      191      132      99       110      89       185      188      293      216      136      155      108      135      0        276      268      31       156      181      
16       275      159      249      246      368      166      366      172      269      20       236      306      429      381      398      276      0        276      252      324      237      
17       396      290      404      359      355      240      326      348      413      275      56       392      342      355      393      268      276      0        274      159      87       
18       135      108      163      104      116      86       115      153      161      269      219      119      185      129      150      31       252      274      0        177      186      
19       313      250      338      281      215      199      181      309      339      333      131      292      184      211      251      156      324      159      177      0        103      
20       310      212      322      274      271      159      244      271      329      243      35       304      272      272      309      181      237      87       186      103      0        
;



Table delta(i,j)                 Distance
         0        1        2        3        4        5        6        7        8        9        10       11       12       13       14       15       16       17       18       19       20       
0        0        510      437      323      156      373      422      135      202      526      308      69       317      438      3        675      397      179      483      308      334      
1        510      0        195      509      424      166      225      533      403      16       452      442      206      339      508      176      397      483      185      461      233      
2        437      195      0        333      306      93       349      508      269      206      505      380      239      144      436      281      205      347      343      287      302      
3        323      509      333      0        188      345      562      454      159      523      578      320      418      227      325      614      152      143      593      47       476      
4        156      424      306      188      0        264      410      275      46       440      391      135      272      284      157      571      241      68       455      161      319      
5        373      166      93       345      264      0        264      427      238      181      412      310      146      210      372      307      249      319      269      297      209      
6        422      225      349      562      410      264      0        388      413      232      248      356      144      474      419      387      503      479      70       518      91       
7        135      533      508      454      275      427      388      0        318      547      204      143      326      540      133      708      511      311      457      435      316      
8        202      403      269      159      46       238      413      318      0        418      420      175      270      238      203      540      195      81       452      125      324      
9        526      16       206      523      440      181      232      547      418      0        463      458      220      350      524      163      409      499      188      476      246      
10       308      452      505      578      391      412      248      204      420      463      0        269      269      587      305      626      585      449      316      545      220      
11       69       442      380      320      135      310      356      143      175      458      269      0        247      398      67       609      368      183      415      296      267      
12       317      206      239      418      272      146      144      326      270      220      269      247      0        344      314      382      365      340      182      373      66       
13       438      339      144      227      284      210      474      540      238      350      587      398      344      0        438      403      76       297      478      191      411      
14       3        508      436      325      157      372      419      133      203      524      305      67       314      438      0        673      398      181      480      310      332      
15       675      176      281      614      571      307      387      708      540      163      626      609      382      403      673      0        476      621      332      569      409      
16       397      397      205      152      241      249      503      511      195      409      585      368      365      76       398      476      0        239      518      119      431      
17       179      483      347      143      68       319      479      311      81       499      449      183      340      297      181      621      239      0        523      133      387      
18       483      185      343      593      455      269      70       457      452      188      316      415      182      478      480      332      518      523      0        547      148      
19       308      461      287      47       161      297      518      435      125      476      545      296      373      191      310      569      119      133      547      0        433      
20       334      233      302      476      319      209      91       316      324      246      220      267      66       411      332      409      431      387      148      433      0        
;

