
sets
i        orders          /0*20/
k        routes          /1*20/
p        positions       /0*20/
;

alias(i,j)
alias(i,h)
alias(i,hh)
alias(i,jj)
alias(k,kk)
                
                    Parameters

rho(i)	Processing time
/
0	0
1	44
2	72
3	27
4	22
5	18
6	25
7	85
8	16
9	31
10	1
11	92
12	90
13	92
14	1
15	67
16	66
17	82
18	18
19	49
20	8
/

gamma(i)	Duedate
/
0	0
1	33
2	98
3	58
4	25
5	59
6	10
7	13
8	71
9	83
10	74
11	93
12	99
13	67
14	9
15	80
16	61
17	7
18	90
19	54
20	49
/

sigma(i)	Size
/
0	0
1	4
2	8
3	8
4	6
5	5
6	4
7	2
8	3
9	9
10	5
11	3
12	8
13	3
14	8
15	2
16	9
17	9
18	3
19	6
20	1
/

epsilon(i)	Priority
/
0	0
1	3
2	4
3	3
4	7
5	4
6	2
7	7
8	8
9	7
10	1
11	5
12	5
13	2
14	6
15	9
16	5
17	5
18	5
19	8
20	1
/

psi	Vehicle Capacity
/ 19 /
;

Table kappa(i,j)                 Setup
         0        1        2        3        4        5        6        7        8        9        10       11       12       13       14       15       16       17       18       19       20       
0        0        321      74       261      362      343      269      365      77       327      358      272      68       173      328      158      207      111      332      101      478      
1        321      0        251      149      91       89       94       133      399      117      106      262      254      175      328      225      230      214      299      266      162      
2        74       251      0        214      288      282      194      291      150      272      284      215      10       99       279      94       185      60       277      54       405      
3        261      149      214      0        238      104      192      274      331      73       249      338      210      200      412      248      92       155      391      255      297      
4        362      91       288      238      0        176      93       47       439      208      19       222      293      193      276      231      313      267      242      285      128      
5        343      89       282      104      176      0        174      221      418      38       193      343      282      232      412      284      196      231      384      311      201      
6        269      94       194      192      93       174      0        101      345      193      89       169      200      99       237      142      247      178      210      193      216      
7        365      133      291      274      47       221      101      0        439      251      28       189      298      191      237      221      342      280      201      279      156      
8        77       399      150      331      439      418      345      439      0        400      434      328      146      247      375      225      265      188      385      164      555      
9        327      117      272      73       208      38       193      251      400      0        224      357      270      235      428      286      164      217      403      307      239      
10       358      106      284      249      19       193      89       28       434      224      0        205      290      186      258      222      321      267      223      277      141      
11       272      262      215      338      222      343      169      189      328      357      205      0        225      146      73       120      362      246      62       171      346      
12       68       254      10       210      293      282      200      298      146      270      290      225      0        107      290      105      177      55       288      64       409      
13       173      175      99       200      193      232      99       191      247      235      186      146      107      0        218      52       216      105      205      93       315      
14       328      328      279      412      276      412      237      237      375      428      258      73       290      218      0        188      435      315      37       230      392      
15       158      225      94       248      231      284      142      221      225      286      222      120      105      52       188      0        251      128      183      60       357      
16       207      230      185      92       313      196      247      342      265      164      321      362      177      216      435      251      0        128      421      237      386      
17       111      214      60       155      267      231      178      280      188      217      267      246      55       105      315      128      128      0        307      109      374      
18       332      299      277      391      242      384      210      201      385      403      223      62       288      205      37       183      421      307      0        232      356      
19       101      266      54       255      285      311      193      279      164      307      277      171      64       93       230      60       237      109      232      0        409      
20       478      162      405      297      128      201      216      156      555      239      141      346      409      315      392      357      386      374      356      409      0        
;



Table delta(i,j)                 Distance
         0        1        2        3        4        5        6        7        8        9        10       11       12       13       14       15       16       17       18       19       20       
0        0        390      150      222      307      377      236      285      193      394      15       289      203      358      353      115      206      501      185      321      505      
1        390      0        267      366      186      74       225      118      472      143      384      327      213      182      84       490      303      138      445      359      122      
2        150      267      0        140      156      238      86       151      211      317      138      311      155      302      257      265      86       360      185      207      371      
3        222      366      140      0        194      313      141      250      131      445      207      449      296      437      378      325      64       420      103      104      444      
4        307      186      156      194      0        122      72       95       318      300      294      394      230      313      226      421      140      226      289      173      250      
5        377      74       238      313      122      0        176      92       430      213      368      371      231      244      145      485      253      123      401      292      134      
6        236      225      86       141      72       176      0        109      253      312      224      362      196      312      241      351      78       292      225      159      310      
7        285      118      151      250      95       92       109      0        354      208      277      307      151      217      135      393      186      215      326      258      221      
8        193      472      211      131      318      430      253      354      0        527      182      474      350      506      468      258      177      544      28       223      564      
9        394      143      317      445      300      213      312      208      527      0        393      223      190      56       73       470      381      266      502      466      233      
10       15       384      138      207      294      368      224      277      182      393      0        297      203      359      349      128      191      492      172      306      498      
11       289      327      311      449      394      371      362      307      474      223      297      0        166      167      245      314      397      464      459      514      442      
12       203      213      155      296      230      231      196      151      350      190      203      166      0        158      155      286      238      344      329      351      335      
13       358      182      302      437      313      244      312      217      506      56       359      167      158      0        100      426      374      314      483      470      284      
14       353      84       257      378      226      145      241      135      468      73       349      245      155      100      0        441      313      220      442      393      197      
15       115      490      265      325      421      485      351      393      258      470      128      314      286      426      441      0        318      609      261      427      609      
16       206      303      86       64       140      253      78       186      177      381      191      397      238      374      313      318      0        366      149      122      387      
17       501      138      360      420      226      123      292      215      544      266      492      464      344      314      220      609      366      0        515      378      46       
18       185      445      185      103      289      401      225      326      28       502      172      459      329      483      442      261      149      515      0        200      536      
19       321      359      207      104      173      292      159      258      223      466      306      514      351      470      393      427      122      378      200      0        411      
20       505      122      371      444      250      134      310      221      564      233      498      442      335      284      197      609      387      46       536      411      0        
;

