
sets
i        orders          /0*20/
k        routes          /1*20/
p        positions       /0*20/
;

alias(i,j)
alias(i,h)
alias(i,hh)
alias(i,jj)
alias(k,kk)
                
                    Parameters

rho(i)	Processing time
/
0	0
1	27
2	73
3	12
4	44
5	74
6	85
7	58
8	62
9	69
10	94
11	45
12	86
13	3
14	82
15	69
16	64
17	97
18	74
19	6
20	2
/

gamma(i)	Duedate
/
0	0
1	1
2	71
3	72
4	6
5	17
6	47
7	91
8	80
9	64
10	71
11	11
12	4
13	78
14	49
15	31
16	54
17	99
18	99
19	71
20	47
/

sigma(i)	Size
/
0	0
1	6
2	5
3	7
4	8
5	9
6	8
7	1
8	8
9	7
10	8
11	6
12	9
13	2
14	9
15	4
16	4
17	3
18	6
19	9
20	8
/

epsilon(i)	Priority
/
0	0
1	4
2	1
3	3
4	3
5	8
6	8
7	5
8	5
9	3
10	6
11	6
12	3
13	6
14	6
15	1
16	2
17	3
18	8
19	1
20	6
/

psi	Vehicle Capacity
/ 24 /
;

Table kappa(i,j)                 Setup
         0        1        2        3        4        5        6        7        8        9        10       11       12       13       14       15       16       17       18       19       20       
0        0        224      321      239      226      65       106      52       209      247      217      190      349      138      354      320      60       197      121      143      130      
1        224      0        149      141      199      219      285      226      123      168      120      301      198      260      190      129      253      91       113      188      165      
2        321      149      0        288      349      286      407      342      118      110      109      442      318      287      303      32       367      123      201      331      305      
3        239      141      288      0        71       272      242      209      252      302      252      212      110      336      119      264      232      218      190      118      115      
4        226      199      349      71       0        273      199      184      296      346      297      148      158      345      173      327      202      263      216      84       98       
5        65       219      286      272      273      0        171      116      168      198      177      255      376      75       378      291      126      166      106      194      175      
6        106      285      407      242      199      171      0        66       304      347      310      98       350      241      362      400      46       285      207      123      132      
7        52       226      342      209      184      116      66       0        238      281      244      138      320      190      328      336      27       220      141      100      94       
8        209      123      118      252      296      168      304      238      0        51       9        355      322      173      314      128      260      34       98       252      226      
9        247      168      110      302      346      198      347      281      51       0        50       404      365      183      356      132      302      83       146      302      276      
10       217      120      109      252      297      177      310      244      9        50       0        360      318      182      310      118      267      33       104      256      229      
11       190      301      442      212      148      255      98       138      355      404      360      0        306      328      322      429      133      330      258      113      137      
12       349      198      318      110      158      376      350      320      322      365      318      306      0        436      21       288      343      289      284      227      226      
13       138      260      287      336      345      75       241      190      173      183      182      328      436      0        435      301      197      185      152      268      248      
14       354      190      303      119      173      378      362      328      314      356      310      322      21       435      0        273      352      282      283      238      234      
15       320      129      32       264      327      291      400      336      128      132      118      429      288      301      273      0        362      125      199      316      292      
16       60       253      367      232      202      126      46       27       260      302      267      133      343      197      352      362      0        244      166      118      117      
17       197      91       123      218      263      166      285      220      34       83       33       330      289      185      282      125      244      0        78       224      197      
18       121      113      201      190      216      106      207      141      98       146      104      258      284      152      283      199      166      78       0        159      133      
19       143      188      331      118      84       194      123      100      252      302      256      113      227      268      238      316      118      224      159      0        26       
20       130      165      305      115      98       175      132      94       226      276      229      137      226      248      234      292      117      197      133      26       0        
;



Table delta(i,j)                 Distance
         0        1        2        3        4        5        6        7        8        9        10       11       12       13       14       15       16       17       18       19       20       
0        0        72       298      189      426      302      251      182      297      279      301      122      150      325      509      37       421      173      202      237      247      
1        72       0        236      170      430      317      184      110      347      331      373      132      112      325      528      49       359      144      274      217      190      
2        298      236      0        354      389      339      57       174      464      458      591      248      291      512      522      285      123      168      491      185      60       
3        189      170      354      0        600      483      297      180      484      464      405      297      65       161      694      156      469      312      324      385      328      
4        426      430      389      600      0        130      408      476      276      290      556      305      542      749      137      449      421      297      489      229      351      
5        302      317      339      483      130      0        340      381      172      181      432      186      429      627      212      329      407      203      360      155      287      
6        251      184      57       297      408      340      0        117      447      438      548      219      234      455      535      233      177      148      449      186      57       
7        182      110      174      180      476      381      117      0        445      431      480      214      118      338      591      152      290      180      383      246      155      
8        297      347      464      484      276      172      447      445      0        22       291      233      447      598      277      334      555      299      247      288      405      
9        279      331      458      464      290      181      438      431      22       0        271      221      429      576      298      315      552      290      225      285      398      
10       301      373      591      405      556      432      548      480      291      271      0        354      409      440      567      328      709      436      99       472      534      
11       122      132      248      297      305      186      219      214      233      221      354      0        244      444      397      144      359      82       258      125      188      
12       150      112      291      65       542      429      234      118      447      429      409      244      0        226      641      113      408      250      319      323      263      
13       325      325      512      161      749      627      455      338      598      576      440      444      226      0        833      300      624      469      388      542      489      
14       509      528      522      694      137      212      535      591      277      298      567      397      641      833      0        538      558      410      521      350      479      
15       37       49       285      156      449      329      233      152      334      315      328      144      113      300      538      0        408      179      230      249      238      
16       421      359      123      469      421      407      177      290      555      552      709      359      408      624      558      408      0        276      610      267      175      
17       173      144      168      312      297      203      148      180      299      290      436      82       250      469      410      179      276      0        339      73       108      
18       202      274      491      324      489      360      449      383      247      225      99       258      319      388      521      230      610      339      0        380      435      
19       237      217      185      385      229      155      186      246      288      285      472      125      323      542      350      249      267      73       380      0        132      
20       247      190      60       328      351      287      57       155      405      398      534      188      263      489      479      238      175      108      435      132      0        
;

