

sets
i        orders          /0*40/
k        routes          /1*40/
p        positions       /0*40/
;

alias(i,j)
alias(i,h)
alias(i,hh)
alias(i,jj)
alias(k,kk)
                            Parameters

rho(i)	Processing time
/
0	0
1	72
2	11
3	69
4	62
5	43
6	46
7	38
8	58
9	15
10	73
11	25
12	37
13	1
14	51
15	78
16	52
17	7
18	78
19	45
20	91
21	12
22	95
23	28
24	80
25	98
26	84
27	15
28	60
29	99
30	83
31	17
32	2
33	39
34	1
35	85
36	92
37	63
38	81
39	42
40	92
/

gamma(i)	Duedate
/
0	0
1	29
2	8
3	55
4	23
5	63
6	96
7	36
8	49
9	94
10	47
11	78
12	51
13	84
14	37
15	10
16	34
17	11
18	47
19	71
20	19
21	85
22	2
23	46
24	55
25	91
26	60
27	42
28	66
29	56
30	88
31	95
32	19
33	1
34	88
35	51
36	92
37	92
38	20
39	76
40	12
/

sigma(i)	Size
/
0	0
1	2
2	7
3	5
4	5
5	1
6	9
7	4
8	1
9	3
10	4
11	6
12	4
13	4
14	6
15	1
16	6
17	5
18	1
19	6
20	3
21	7
22	8
23	3
24	5
25	8
26	1
27	7
28	4
29	7
30	3
31	8
32	6
33	2
34	9
35	6
36	9
37	3
38	3
39	5
40	9
/

epsilon(i)	Priority
/
0	0
1	5
2	8
3	6
4	3
5	8
6	6
7	7
8	6
9	1
10	8
11	6
12	5
13	7
14	6
15	7
16	1
17	4
18	6
19	9
20	9
21	8
22	7
23	9
24	8
25	5
26	6
27	5
28	6
29	6
30	6
31	4
32	2
33	8
34	3
35	1
36	7
37	6
38	2
39	6
40	8
/

psi	Vehicle Capacity
/ 58 /
;

Table kappa(i,j)                 Setup
         0        1        2        3        4        5        6        7        8        9        10       11       12       13       14       15       16       17       18       19       20       21       22       23       24       25       26       27       28       29       30       31       32       33       34       35       36       37       38       39       40       
0        0        1808     1298     1883     322      1246     1484     657      1842     1193     517      848      883      1046     946      850      589      1403     1385     1083     1015     849      680      787      933      599      1559     1253     1122     674      1874     1801     732      658      750      1381     168      1827     570      753      117      
1        1808     0        1783     1006     1501     1590     755      1430     461      1116     1666     1679     1163     1692     1103     2102     1881     1237     612      818      934      1145     1150     2021     2134     2021     779      678      1700     1239     122      271      1427     1556     1673     979      1718     1358     1431     1242     1880     
2        1298     1783     0        1134     1303     193      2003     1673     1490     1974     781      449      1695     253      1714     706      1851     587      1793     1592     1631     1636     1078     2061     665      871      2083     1685     179      912      1901     1591     657      1762     548      2056     1134     829      1580     808      1413     
3        1883     1006     1134     0        1682     974      1609     1853     554      1823     1485     1297     1693     1189     1665     1728     2232     579      1395     1395     1500     1645     1264     2427     1720     1775     1665     1364     1152     1213     1123     737      1199     1984     1350     1780     1730     401      1800     1130     1992     
4        322      1501     1303     1682     0        1205     1166     410      1573     899      570      873      581      1054     639      1024     576      1268     1062     761      694      540      422      786      1100     803      1241     930      1124     486      1561     1513     658      468      782      1075     313      1689     311      591      379      
5        1246     1590     193      974      1205     0        1825     1553     1302     1818     734      424      1550     246      1564     786      1770     407      1613     1424     1469     1491     934      1982     763      902      1905     1508     187      776      1708     1399     547      1651     514      1888     1077     710      1463     666      1363     
6        1484     755      2003     1609     1166     1825     0        907      1148     418      1572     1730     623      1825     554      2065     1334     1597     223      442      473      643      1013     1421     2122     1900     82       317      1864     1172     717      971      1439     1002     1682     232      1463     1871     955      1242     1513     
7        657      1430     1673     1853     410      1553     907      0        1620     552      976      1263     287      1432     356      1434     452      1538     877      612      501      288      643      601      1510     1208     970      767      1497     782      1459     1515     1016     133      1177     757      709      1938     99       894      647      
8        1842     461      1490     554      1573     1302     1148     1620     0        1442     1573     1496     1396     1457     1351     1939     2051     907      957      1055     1173     1361     1163     2221     1955     1913     1190     969      1446     1189     572      191      1297     1753     1516     1350     1718     931      1593     1151     1934     
9        1193     1116     1974     1823     899      1818     418      552      1442     0        1403     1629     319      1762     273      1892     940      1677     504      435      354      369      902      1009     1960     1692     458      473      1814     1072     1103     1288     1344     620      1560     214      1212     2017     626      1168     1196     
10       517      1666     781      1485     570      734      1572     976      1573     1403     0        331      1087     528      1129     494      1078     948      1410     1131     1115     1034     565      1286     557      354      1654     1277     604      432      1758     1583     288      1037     233      1544     353      1362     877      428      633      
11       848      1679     449      1297     873      424      1730     1263     1496     1629     331      0        1327     198      1357     444      1405     723      1542     1295     1307     1270     731      1615     460      490      1813     1418     274      563      1785     1546     291      1339     98       1742     684      1105     1166     489      963      
12       883      1163     1695     1693     581      1550     623      287      1396     319      1087     1327     0        1472     69       1574     733      1459     591      348      230      59       617      858      1643     1372     690      489      1528     783      1184     1274     1050     400      1254     497      893      1832     332      887      898      
13       1046     1692     253      1189     1054     246      1825     1432     1457     1762     528      198      1472     0        1496     545      1598     610      1625     1401     1427     1413     859      1808     531      657      1908     1508     76       690      1804     1530     422      1516     296      1858     881      952      1337     595      1161     
14       946      1103     1714     1665     639      1564     554      356      1351     273      1129     1357     69       1496     0        1619     800      1454     525      296      177      99       636      921      1686     1422     622      427      1550     805      1121     1223     1076     466      1288     436      949      1818     400      905      964      
15       850      2102     706      1728     1024     786      2065     1434     1939     1892     494      444      1574     545      1619     0        1438     1149     1897     1623     1609     1522     1053     1629     83       256      2147     1766     599      905      2203     1983     676      1474     430      2037     735      1496     1335     868      939      
16       589      1881     1851     2232     576      1770     1334     452      2051     940      1078     1405     733      1598     800      1438     0        1844     1325     1064     953      740      971      211      1521     1184     1388     1219     1671     1060     1911     1957     1226     334      1309     1154     731      2263     458      1168     501      
17       1403     1237     587      579      1268     407      1597     1538     907      1677     948      723      1459     610      1454     1149     1844     0        1375     1250     1324     1402     895      2051     1140     1209     1671     1293     576      783      1359     1022     677      1655     785      1704     1239     424      1462     676      1519     
18       1385     612      1793     1395     1062     1613     223      877      957      504      1410     1542     591      1625     525      1897     1325     1375     0        301      383      590      844      1442     1950     1749     296      134      1660     994      607      792      1252     991      1500     393      1341     1649     903      1052     1429     
19       1083     818      1592     1395     761      1424     442      612      1055     435      1131     1295     348      1401     296      1623     1064     1250     301      0        119      326      571      1203     1680     1462     524      170      1444     733      848      926      1003     737      1242     464      1041     1582     621      809      1129     
20       1015     934      1631     1500     694      1469     473      501      1173     354      1115     1307     230      1427     177      1609     953      1324     383      119      0        213      575      1087     1671     1433     552      266      1475     744      958      1046     1017     624      1247     434      989      1671     520      831      1052     
21       849      1145     1636     1645     540      1491     643      288      1361     369      1034     1270     59       1413     99       1522     740      1402     590      326      213      0        558      877      1591     1324     713      479      1470     724      1171     1244     992      411      1198     534      850      1777     315      828      871      
22       680      1150     1078     1264     422      934      1013     643      1163     902      565      731      617      859      636      1053     971      895      844      571      575      558      0        1172     1109     910      1096     712      913      170      1229     1122     443      760      673      1010     570      1302     567      270      771      
23       787      2021     2061     2427     786      1982     1421     601      2221     1009     1286     1615     858      1808     921      1629     211      2051     1442     1203     1087     877      1172     0        1713     1374     1467     1348     1882     1268     2042     2117     1437     469      1518     1221     937      2468     632      1376     691      
24       933      2134     665      1720     1100     763      2122     1510     1955     1960     557      460      1643     531      1686     83       1521     1140     1950     1680     1671     1591     1109     1713     0        339      2205     1820     576      956      2238     2006     714      1553     463      2101     814      1472     1411     911      1022     
25       599      2021     871      1775     803      902      1900     1208     1913     1692     354      490      1372     657      1422     256      1184     1209     1749     1462     1433     1324     910      1374     339      0        1982     1615     726      786      2113     1932     616      1238     425      1851     499      1595     1110     780      684      
26       1559     779      2083     1665     1241     1905     82       970      1190     458      1654     1813     690      1908     622      2147     1388     1671     296      524      552      713      1096     1467     2205     1982     0        399      1945     1255     729      1009     1522     1060     1765     252      1541     1937     1023     1324     1584     
27       1253     678      1685     1364     930      1508     317      767      969      473      1277     1418     489      1508     427      1766     1219     1293     134      170      266      479      712      1348     1820     1615     399      0        1546     865      694      820      1127     888      1373     420      1207     1591     785      928      1300     
28       1122     1700     179      1152     1124     187      1864     1497     1446     1814     604      274      1528     76       1550     599      1671     576      1660     1444     1475     1470     913      1882     576      726      1945     1546     0        745      1814     1528     483      1584     372      1904     956      897      1403     646      1237     
29       674      1239     912      1213     486      776      1172     782      1189     1072     432      563      783      690      805      905      1060     783      994      733      744      724      170      1268     956      786      1255     865      745      0        1328     1175     273      888      509      1178     533      1203     696      112      780      
30       1874     122      1901     1123     1561     1708     717      1459     572      1103     1758     1785     1184     1804     1121     2203     1911     1359     607      848      958      1171     1229     2042     2238     2113     729      694      1814     1328     0        385      1527     1582     1775     948      1792     1479     1468     1339     1940     
31       1801     271      1591     737      1513     1399     971      1515     191      1288     1583     1546     1274     1530     1223     1983     1957     1022     792      926      1046     1244     1122     2117     2006     1932     1009     820      1528     1175     385      0        1320     1647     1553     1181     1690     1099     1499     1155     1885     
32       732      1427     657      1199     658      547      1439     1016     1297     1344     288      291      1050     422      1076     676      1226     677      1252     1003     1017     992      443      1437     714      616      1522     1127     483      273      1527     1320     0        1107     252      1451     565      1098     923      200      849      
33       658      1556     1762     1984     468      1651     1002     133      1753     620      1037     1339     400      1516     466      1474     334      1655     991      737      624      411      760      469      1553     1238     1060     888      1584     888      1582     1647     1107     0        1250     832      740      2060     192      1001     624      
34       750      1673     548      1350     782      514      1682     1177     1516     1560     233      98       1254     296      1288     430      1309     785      1500     1242     1247     1198     673      1518     463      425      1765     1373     372      509      1775     1553     252      1250     0        1682     586      1180     1079     451      865      
35       1381     979      2056     1780     1075     1888     232      757      1350     214      1544     1742     497      1858     436      2037     1154     1704     393      464      434      534      1010     1221     2101     1851     252      420      1904     1178     948      1181     1451     832      1682     0        1385     2012     822      1263     1393     
36       168      1718     1134     1730     313      1077     1463     709      1718     1212     353      684      893      881      949      735      731      1239     1341     1041     989      850      570      937      814      499      1541     1207     956      533      1792     1690     565      740      586      1385     0        1662     613      601      286      
37       1827     1358     829      401      1689     710      1871     1938     931      2017     1362     1105     1832     952      1818     1496     2263     424      1649     1582     1671     1777     1302     2468     1472     1595     1937     1591     897      1203     1479     1099     1098     2060     1180     2012     1662     0        1868     1098     1943     
38       570      1431     1580     1800     311      1463     955      99       1593     626      877      1166     332      1337     400      1335     458      1462     903      621      520      315      567      632      1411     1110     1023     785      1403     696      1468     1499     923      192      1079     822      613      1868     0        809      571      
39       753      1242     808      1130     591      666      1242     894      1151     1168     428      489      887      595      905      868      1168     676      1052     809      831      828      270      1376     911      780      1324     928      646      112      1339     1155     200      1001     451      1263     601      1098     809      0        863      
40       117      1880     1413     1992     379      1363     1513     647      1934     1196     633      963      898      1161     964      939      501      1519     1429     1129     1052     871      771      691      1022     684      1584     1300     1237     780      1940     1885     849      624      865      1393     286      1943     571      863      0        
;



Table delta(i,j)                 Distance
         0        1        2        3        4        5        6        7        8        9        10       11       12       13       14       15       16       17       18       19       20       21       22       23       24       25       26       27       28       29       30       31       32       33       34       35       36       37       38       39       40       
0        0        2670     1890     2100     1770     3210     3810     3360     720      1770     3030     2310     1500     2760     3660     3090     1890     210      1890     750      4470     1020     2400     1470     1560     2190     1860     1740     3000     3960     2670     3690     3840     1020     2160     1230     2190     2130     1860     4470     2400     
1        2670     0        150      130      61       18       129      25       113      74       12       153      57       11       65       103      80       81       40       64       60       76       108      78       127      149      29       79       83       44       110      59       49       121      94       89       84       126      141      60       97       
2        1890     150      0        91       118      169      171      172      41       115      163      38       111      152      184      152      117      70       126      87       210      91       122      103      66       70       125      112      136      195      133      186      191      29       98       73       105      68       29       211      128      
3        2100     130      91       0        71       146      85       156      63       59       140      125      73       138      128      73       55       72       91       80       186      56       41       52       24       31       100      53       168      163      50       134      150      80       142      110      142      135      110      184      52       
4        1770     61       118      71       0        75       80       86       76       13       70       136      10       71       66       53       19       53       21       42       115      26       47       19       73       94       34       18       120      92       51       69       80       92       110      87       105      124      121      113      37       
5        3210     18       169      146      75       0        136      14       131      88       6        171      73       20       61       111      93       100      55       82       41       92       120      94       144      166      47       93       92       26       121      54       37       140      109      107      99       142      159      41       108      
6        3810     129      171      85       80       136      0        150      134      71       133      200      90       140      85       27       66       125      96       119      165      94       49       79       106      115      110      70       200      140      38       94       118      153      189      164      185      198      184      161      47       
7        3360     25       172      156      86       14       150      0        136      99       17       171      83       19       75       125      105      104      65       88       38       101      132      104      152      175      55       105      83       32       134      68       48       143      104      106      93       140      160      39       121      
8        720      113      41       63       76       131      134      136      0        74       125      65       69       116      142      113      76       31       85       48       173      49       85       62       39       56       86       71       118      156      95       144      150      18       85       54       89       72       50       173      89       
9        1770     74       115      59       13       88       71       99       74       0        83       136      20       84       73       45       6        55       34       48       127      25       34       12       64       84       47       5        131      104      39       77       90       91       118      93       114      128      121      125      26       
10       3030     12       163      140      70       6        133      17       125      83       0        165      67       15       62       108      88       93       49       76       48       86       115      88       138      160      41       88       89       32       117      55       40       133      104      101      94       137      153      48       104      
11       2310     153      38       125      136      171      200      171      65       136      165      0        127      152      198      178      139      83       138      97       209      111      151      125      100      107      133      134      117      198      161      198      199      46       78       64       88       39       15       211      154      
12       1500     57       111      73       10       73       90       83       69       20       67       127      0        66       73       63       26       44       18       31       114      21       54       21       71       94       28       24       111      93       60       75       83       84       99       76       94       114      112      113      46       
13       2760     11       152      138      71       20       140      19       116      84       15       152      66       0        75       114      90       85       50       68       57       83       118      87       133      156      37       89       74       46       120      69       55       123      89       88       79       123      140      58       107      
14       3660     65       184      128      66       61       85       75       142      73       62       198      73       75       0        68       74       116      60       101      80       93       91       84       137      157      67       78       149      56       86       9        33       157      154      141      146      180      184      76       78       
15       3090     103      152      73       53       111      27       125      113      45       108      178      63       114      68       0        40       100      68       93       143      69       32       54       90       104      83       45       173      118      23       76       98       131      162      138      158      173      162      140      24       
16       1890     80       117      55       19       93       66       105      76       6        88       139      26       90       74       40       0        59       40       53       132      29       28       14       63       82       53       5        137      109      33       79       94       93       123      98       119      133      124      130      20       
17       210      81       70       72       53       100      125      104      31       55       93       83       44       85       116      100      59       0        56       17       141      30       79       45       57       78       55       55       95       124      88       116      120      41       70       40       69       73       68       141      77       
18       1890     40       126      91       21       55       96       65       85       34       49       138      18       50       60       68       40       56       0        41       95       39       68       39       90       112      14       39       105      74       71       60       65       98       100      82       93       121      124      94       57       
19       750      64       87       80       42       82       119      88       48       48       76       97       31       68       101      93       53       17       41       0        124      27       77       41       68       91       38       49       88       107      85       101      104      58       70       45       67       82       83       124      73       
20       4470     60       210      186      115      41       165      38       173      127      48       209      114      57       80       143      132      141      95       124      0        134      157      134      185      208      89       133      115      25       156      71       47       180      140      144      129      177      198      5        145      
21       1020     76       91       56       26       92       94       101      49       25       86       111      21       83       93       69       29       30       39       27       134      0        50       15       51       73       46       24       115      114      58       95       104      66       96       69       94       103      95       133      47       
22       2400     108      122      41       47       120      49       132      85       34       115      151      54       118      91       32       28       79       68       77       157      50       0        36       59       72       81       30       164      133      10       97       116      104      147      119      144      151      135      154      13       
23       1470     78       103      52       19       94       79       104      62       12       88       125      21       87       84       54       14       45       39       41       134      15       36       0        53       75       49       9        128      112      44       88       100      79       111      84       108      119      109      133      32       
24       1560     127      66       24       73       144      106      152      39       64       138      100      71       133      137      90       63       57       90       68       185      51       59       53       0        22       97       59       152      165      69       141      154      56       123      91       124      112      86       184      67       
25       2190     149      70       31       94       166      115      175      56       84       160      107      94       156      157      104      82       78       112      91       208      73       72       75       22       0        119      79       173      187      81       161      175      69       141      110      144      126      94       207      82       
26       1860     29       125      100      34       47       110      55       86       47       41       133      28       37       67       83       53       55       14       38       89       46       81       49       97       119      0        52       90       70       85       66       66       96       88       74       81       112      119      88       72       
27       1740     79       112      53       18       93       70       105      71       5        88       134      24       89       78       45       5        55       39       49       133      24       30       9        59       79       52       0        134      110      36       82       96       88       119      93       116      128      119      131      24       
28       3000     83       136      168      120      92       200      83       118      131      89       117      111      74       149      173      137      95       105      88       115      115      164      128      152      173      90       134      0        116      170      143      130      113      39       65       31       78       112      119      158      
29       3960     44       195      163      92       26       140      32       156      104      32       198      93       46       56       118      109      124      74       107      25       114      133      112      165      187      70       110      116      0        132      47       23       165      135      134      125      169      185      21       120      
30       2670     110      133      50       51       121      38       134      95       39       117      161      60       120      86       23       33       88       71       85       156      58       10       44       69       81       85       36       170      132      0        94       114      114      155      128      152      160      145      154      13       
31       3690     59       186      134      69       54       94       68       144      77       55       198      75       69       9        76       79       116      60       101      71       95       97       88       141      161      66       82       143      47       94       0        24       158      151      140      142      178      184      67       84       
32       3840     49       191      150      80       37       118      48       150      90       40       199      83       55       33       98       94       120      65       104      47       104      116      100      154      175      66       96       130      23       114      24       0        162      143      137      133      174      185      43       103      
33       1020     121      29       80       92       140      153      143      18       91       133      46       84       123      157      131      93       41       98       58       180      66       104      79       56       69       96       88       113      165      114      158      162      0        77       47       82       56       31       181      107      
34       2160     94       98       142      110      109      189      104      85       118      104      78       99       89       154      162      123      70       100      70       140      96       147      111      123      141      88       119      39       135      155      151      143      77       0        31       10       40       73       143      143      
35       1230     89       73       110      87       107      164      106      54       93       101      64       76       88       141      138      98       40       82       45       144      69       119      84       91       110      74       93       65       134      128      140      137      47       31       0        35       38       54       146      117      
36       2190     84       105      142      105      99       185      93       89       114      94       88       94       79       146      158      119      69       93       67       129      94       144      108      124      144      81       116      31       125      152      142      133      82       10       35       0        50       82       132      140      
37       2130     126      68       135      124      142      198      140      72       128      137      39       114      123      180      173      133      73       121      82       177      103      151      119      112      126      112      128      78       169      160      178      174      56       40       38       50       0        39       180      151      
38       1860     141      29       110      121      159      184      160      50       121      153      15       112      140      184      162      124      68       124      83       198      95       135      109      86       94       119      119      112      185      145      184      185      31       73       54       82       39       0        199      138      
39       4470     60       211      184      113      41       161      39       173      125      48       211      113      58       76       140      130      141      94       124      5        133      154      133      184      207      88       131      119      21       154      67       43       181      143      146      132      180      199      0        142      
40       2400     97       128      52       37       108      47       121      89       26       104      154      46       107      78       24       20       77       57       73       145      47       13       32       67       82       72       24       158      120      13       84       103      107      143      117      140      151      138      142      0        
;

