

sets
i        orders          /0*40/
k        routes          /1*40/
p        positions       /0*40/
;

alias(i,j)
alias(i,h)
alias(i,hh)
alias(i,jj)
alias(k,kk)
                            Parameters

rho(i)	Processing time
/
0	0
1	71
2	77
3	19
4	9
5	95
6	80
7	67
8	10
9	82
10	46
11	42
12	16
13	81
14	25
15	27
16	45
17	70
18	23
19	66
20	2
21	82
22	48
23	69
24	88
25	42
26	8
27	38
28	13
29	88
30	44
31	81
32	74
33	6
34	68
35	76
36	19
37	25
38	86
39	28
40	12
/

gamma(i)	Duedate
/
0	0
1	35
2	88
3	29
4	15
5	19
6	90
7	17
8	17
9	93
10	89
11	11
12	47
13	68
14	11
15	23
16	89
17	25
18	41
19	57
20	10
21	96
22	74
23	50
24	15
25	40
26	98
27	40
28	80
29	68
30	58
31	98
32	94
33	23
34	69
35	15
36	52
37	76
38	87
39	5
40	38
/

sigma(i)	Size
/
0	0
1	8
2	8
3	2
4	9
5	3
6	5
7	9
8	4
9	8
10	6
11	7
12	4
13	2
14	2
15	3
16	8
17	6
18	5
19	3
20	2
21	9
22	7
23	3
24	4
25	3
26	2
27	3
28	2
29	3
30	6
31	5
32	5
33	3
34	5
35	1
36	5
37	8
38	5
39	5
40	4
/

epsilon(i)	Priority
/
0	0
1	3
2	1
3	3
4	9
5	6
6	9
7	8
8	4
9	6
10	3
11	7
12	9
13	4
14	9
15	1
16	9
17	9
18	6
19	2
20	1
21	9
22	4
23	6
24	7
25	9
26	7
27	8
28	5
29	7
30	7
31	9
32	4
33	8
34	6
35	1
36	9
37	8
38	3
39	9
40	9
/

psi	Vehicle Capacity
/ 162 /
;

Table kappa(i,j)                 Setup
         0        1        2        3        4        5        6        7        8        9        10       11       12       13       14       15       16       17       18       19       20       21       22       23       24       25       26       27       28       29       30       31       32       33       34       35       36       37       38       39       40       
0        0        1413     1297     1172     735      989      730      413      469      555      404      1215     1202     788      1019     1179     1836     662      1135     1245     1040     1117     475      113      1364     1298     1293     1189     1162     208      1584     300      1333     1378     1272     600      538      1117     1694     1306     615      
1        1413     0        1675     709      761      462      816      1728     1882     1661     1817     670      506      921      1980     998      703      1659     1282     1839     1947     384      958      1420     53       293      893      1010     2022     1621     495      1256     2007     1828     654      1186     1764     613      805      535      814      
2        1297     1675     0        975      1085     1292     1611     1667     1492     1851     1424     1987     1866     842      685      693      1549     1958     2251     250      613      1672     1157     1408     1658     1796     843      2163     585      1380     1426     1027     404      153      1058     762      1814     1864     1269     1971     1190     
3        1172     709      975      0        469      434      966      1574     1601     1622     1525     1164     1010     402      1381     289      711      1674     1621     1160     1334     806      728      1235     699      881      213      1432     1389     1364     502      903      1331     1128     112      683      1669     1053     524      1098     630      
4        735      761      1085     469      0        298      558      1121     1190     1153     1118     903      791      244      1239     597      1101     1205     1225     1183     1215     612      266      782      721      766      642      1091     1304     938      849      512      1338     1224     554      436      1206     780      974      901      162      
5        989      462      1292     434      298      0        564      1344     1456     1328     1387     735      590      479      1526     680      886      1355     1196     1425     1497     388      517      1015     424      505      647      998      1579     1197     625      801      1588     1440     460      727      1407     621      827      688      374      
6        730      816      1611     966      558      564      0        948      1167     848      1116     487      479      792      1609     1149     1422     843      667      1668     1605     447      469      691      763      615      1168     555      1714     914      1165     731      1806     1739     1015     871      962      387      1391     578      423      
7        413      1728     1667     1574     1121     1344     948      0        334      268      343      1387     1421     1199     1267     1593     2216     397      1103     1579     1306     1387     855      339      1676     1562     1704     1256     1428     287      1959     713      1639     1730     1670     1010     156      1314     2092     1511     981      
8        469      1882     1492     1601     1190     1456     1167     334      0        602      77       1638     1646     1201     997      1558     2286     731      1423     1365     1047     1578     939      477      1833     1758     1694     1550     1164     261      2039     697      1397     1530     1707     954      472      1551     2124     1745     1081     
9        555      1661     1851     1622     1153     1328     848      268      602      0        609      1230     1292     1281     1509     1686     2214     130      863      1789     1544     1295     895      446      1608     1458     1777     1050     1666     513      1953     844      1864     1929     1707     1142     154      1176     2123     1369     997      
10       404      1817     1424     1525     1118     1387     1116     343      77       609      0        1592     1594     1125     948      1481     2212     739      1404     1302     995      1519     870      425      1769     1700     1617     1518     1114     202      1966     622      1341     1466     1631     877      492      1502     2048     1695     1013     
11       1215     670      1987     1164     903      735      487      1387     1638     1230     1592     0        168      1145     2074     1415     1373     1184     631      2082     2064     361      919      1168     629      378      1377     342      2166     1393     1149     1207     2232     2127     1166     1300     1368     122      1441     161      826      
12       1202     506      1866     1010     791      590      479      1421     1646     1292     1594     168      0        1027     1999     1270     1207     1260     780      1975     1984     204      850      1169     463      216      1222     503      2081     1392     981      1152     2130     2010     1006     1209     1419     122      1272     112      739      
13       788      921      842      402      244      479      792      1199     1201     1281     1125     1145     1027     0        1059     406      1108     1351     1455     952      1025     839      402      864      891      979      504      1333     1102     972      881      505      1112     983      513      290      1308     1022     924      1135     373      
14       1019     1980     685      1381     1239     1526     1609     1267     997      1509     948      2074     1999     1059     0        1168     2064     1635     2140     461      72       1841     1155     1127     1947     2004     1339     2145     169      996      1883     880      423      643      1489     803      1422     1955     1812     2111     1260     
15       1179     998      693      289      597      680      1149     1593     1558     1686     1481     1415     1270     406      1168     0        898      1758     1816     893      1113     1067     806      1263     988      1159     171      1657     1151     1349     741      884      1065     846      364      604      1708     1299     646      1365     754      
16       1836     703      1549     711      1101     886      1422     2216     2286     2214     2212     1373     1207     1108     2064     898      0        2240     1972     1774     2011     1054     1365     1880     743      996      728      1709     2049     2039     260      1592     1944     1694     598      1394     2289     1307     287      1238     1235     
17       662      1659     1958     1674     1205     1355     843      397      731      130      739      1184     1260     1351     1635     1758     2240     0        764      1904     1668     1284     956      549      1606     1439     1839     975      1790     638      1979     939      1983     2040     1754     1234     269      1141     2165     1330     1045     
18       1135     1282     2251     1621     1225     1196     667      1103     1423     863      1404     631      780      1455     2140     1816     1972     764      0        2280     2152     917      1094     1040     1235     997      1828     299      2269     1237     1731     1280     2401     2370     1657     1492     1017     668      1997     791      1082     
19       1245     1839     250      1160     1183     1425     1668     1579     1365     1789     1302     2082     1975     952      461      893      1774     1904     2280     0        389      1790     1201     1359     1816     1930     1055     2223     341      1293     1634     1011     172      182      1253     796      1732     1959     1500     2084     1261     
20       1040     1947     613      1334     1215     1497     1605     1306     1047     1544     995      2064     1984     1025     72       1113     2011     1668     2152     389      0        1821     1145     1150     1915     1981     1284     2147     122      1031     1834     882      359      570      1441     779      1462     1944     1756     2096     1244     
21       1117     384      1672     806      612      388      447      1387     1578     1295     1519     361      204      839      1841     1067     1054     1284     917      1790     1821     0        714      1103     332      181      1019     668      1914     1318     814      1023     1948     1818     805      1041     1408     263      1092     300      587      
22       475      958      1157     728      266      517      469      855      939      895      870      919      850      402      1155     806      1365     956      1094     1201     1145     714      0        516      912      891      883      1023     1250     682      1110     309      1337     1279     818      404      942      800      1239     962      144      
23       113      1420     1408     1235     782      1015     691      339      477      446      425      1168     1169     864      1127     1263     1880     549      1040     1359     1150     1103     516      0        1370     1283     1368     1114     1272     225      1625     398      1447     1491     1330     698      445      1076     1753     1269     647      
24       1364     53       1658     699      721      424      763      1676     1833     1608     1769     629      463      891      1947     988      743      1606     1235     1816     1915     332      912      1370     0        254      890      966      1993     1571     526      1212     1984     1810     653      1150     1712     567      831      499      769      
25       1298     293      1796     881      766      505      615      1562     1758     1458     1700     378      216      979      2004     1159     996      1439     997      1930     1981     181      891      1283     254      0        1087     719      2070     1498     779      1200     2091     1945     858      1201     1577     332      1081     245      759      
26       1293     893      843      213      642      647      1168     1704     1694     1777     1617     1377     1222     504      1339     171      728      1839     1828     1055     1284     1019     883      1368     890      1087     0        1644     1321     1473     582      1005     1226     995      238      744      1811     1266     476      1308     805      
27       1189     1010     2163     1432     1091     998      555      1256     1550     1050     1518     342      503      1333     2145     1657     1709     975      299      2223     2147     668      1023     1114     966      719      1644     0        2258     1331     1478     1265     2359     2293     1452     1426     1201     406      1760     498      972      
28       1162     2022     585      1389     1304     1579     1714     1428     1164     1666     1114     2166     2081     1102     169      1151     2049     1790     2269     341      122      1914     1250     1272     1993     2070     1321     2258     0        1154     1884     995      263      514      1492     873      1584     2046     1786     2193     1343     
29       208      1621     1380     1364     938      1197     914      287      261      513      202      1393     1392     972      996      1349     2039     638      1237     1293     1031     1318     682      225      1571     1498     1473     1331     1154     0        1788     467      1356     1442     1467     751      439      1300     1888     1493     823      
30       1584     495      1426     502      849      625      1165     1959     2039     1953     1966     1149     981      881      1883     741      260      1979     1731     1634     1834     814      1110     1625     526      779      582      1478     1884     1788     0        1349     1806     1577     393      1170     2030     1072     315      1025     978      
31       300      1256     1027     903      512      801      731      713      697      844      622      1207     1152     505      880      884      1592     939      1280     1011     882      1023     309      398      1212     1200     1005     1265     995      467      1349     0        1123     1123     1009     300      838      1093     1427     1264     445      
32       1333     2007     404      1331     1338     1588     1806     1639     1397     1864     1341     2232     2130     1112     423      1065     1944     1983     2401     172      359      1948     1337     1447     1984     2091     1226     2359     263      1356     1806     1123     0        287      1425     936      1794     2109     1668     2240     1407     
33       1378     1828     153      1128     1224     1440     1739     1730     1530     1929     1466     2127     2010     983      643      846      1694     2040     2370     182      570      1818     1279     1491     1810     1945     995      2293     514      1442     1577     1123     287      0        1211     878      1881     2005     1413     2116     1322     
34       1272     654      1058     112      554      460      1015     1670     1707     1707     1631     1166     1006     513      1489     364      598      1754     1657     1253     1441     805      818      1330     653      858      238      1452     1492     1467     393      1009     1425     1211     0        796      1760     1061     422      1086     710      
35       600      1186     762      683      436      727      871      1010     954      1142     877      1300     1209     290      803      604      1394     1234     1492     796      779      1041     404      698      1150     1201     744      1426     873      751      1170     300      936      878      796      0        1139     1178     1195     1320     474      
36       538      1764     1814     1669     1206     1407     962      156      472      154      492      1368     1419     1308     1422     1708     2289     269      1017     1732     1462     1408     942      445      1712     1577     1811     1201     1584     439      2030     838      1794     1881     1760     1139     0        1307     2181     1501     1058     
37       1117     613      1864     1053     780      621      387      1314     1551     1176     1502     122      122      1022     1955     1299     1307     1141     668      1959     1944     263      800      1076     567      332      1266     406      2046     1300     1072     1093     2109     2005     1061     1178     1307     0        1355     196      704      
38       1694     805      1269     524      974      827      1391     2092     2124     2123     2048     1441     1272     924      1812     646      287      2165     1997     1500     1756     1092     1239     1753     831      1081     476      1760     1786     1888     315      1427     1668     1413     422      1195     2181     1355     0        1326     1126     
39       1306     535      1971     1098     901      688      578      1511     1745     1369     1695     161      112      1135     2111     1365     1238     1330     791      2084     2096     300      962      1269     499      245      1308     498      2193     1493     1025     1264     2240     2116     1086     1320     1501     196      1326     0        851      
40       615      814      1190     630      162      374      423      981      1081     997      1013     826      739      373      1260     754      1235     1045     1082     1261     1244     587      144      647      769      759      805      972      1343     823      978      445      1407     1322     710      474      1058     704      1126     851      0        
;



Table delta(i,j)                 Distance
         0        1        2        3        4        5        6        7        8        9        10       11       12       13       14       15       16       17       18       19       20       21       22       23       24       25       26       27       28       29       30       31       32       33       34       35       36       37       38       39       40       
0        0        2850     3420     1800     1410     4500     3150     3030     2040     2520     570      2430     2520     2160     1050     900      1950     1320     1020     690      4260     3180     2430     1530     2340     4050     3870     2070     3120     2370     2610     1410     2430     900      2190     2040     4080     1770     3840     1320     3900     
1        2850     0        155      110      133      127      113      84       156      177      77       135      57       23       96       106      111      99       96       72       111      45       133      102      119      49       67       164      125      123      135      118      150      117      133      141      72       37       71       97       108      
2        3420     155      0        175      84       257      50       206      88       157      123      194      181      137      80       143      50       158      148      114      245      127      194      65       193      204      216      136      218      193      201      158      187      91       185      174      136      125      218      72       236      
3        1800     110      175      0        101      101      162      62       115      89       55       26       65       94       95       32       125      17       26       67       99       141      25       111      18       129      107      88       45       19       29       23       42       86       23       36       172      89       104      104      85       
4        1410     133      84       101      0        196      97       148      22       75       65       115      131      110      39       68       50       86       77       64       189      131      116      45       118      178      175      54       146      118      123      80       105      17       106      92       156      96       175      43       177      
5        4500     127      257      101      196      0        228      51       214      189      135      105      77       130      177      130      206      111      119      143      17       172      103      192      90       104      67       190      63       93       97       125      130      180      113      132      198      137      62       184      20       
6        3150     113      50       162      97       228      0        178      111      171      106      186      150      100      71       135      46       145      135      94       215      78       185      56       179      161      179      151      200      181      190      152      185      95       178      172      85       91       181      62       208      
7        3030     84       206      62       148      51       178      0        167      152      85       77       28       82       127      85       155      67       73       92       41       128      74       141      58       80       48       149      47       62       72       84       101      131      81       98       157      87       44       133      30       
8        2040     156      88       115      22       214      111      167      0        70       87       126      152      133      62       84       66       103      94       86       208      153      127      64       132      200      197      49       161      131      134      93       112      39       116      101      176      119      196      64       196      
9        2520     177      157      89       75       189      171      152      70       0        99       85       149      155      105      73       125      87       85       107      188      190      86       117      99       210      194      21       126      96       93       68       61       77       76       57       219      143      192      113      174      
10       570      77       123      55       65       135      106      85       87       99       0        80       66       55       43       33       73       38       30       12       126      94       79       58       73       116      110      86       95       75       84       49       85       48       74       73       125      44       109      51       115      
11       2430     135      194      26       115      105      186      77       126      85       80       0        87       120      117      51       147      42       50       92       106      167      2        133      18       151      125      90       42       14       8        35       25       104      10       28       199      115      121      126      92       
12       2520     57       181      65       131      77       150      28       152      149      66       87       0        54       105      77       131      62       65       70       64       99       85       118      69       64       45       142      69       73       84       82       107      114      88       101      128      59       44       110      57       
13       2160     23       137      94       110      130      100      82       133      155      55       120      54       0        73       85       91       81       77       49       116      48       119      80       106      70       79       141      117      110      121      99       133      94       117      122      79       14       81       75       110      
14       1050     96       80       95       39       177      71       127      62       105      43       117      105      73       0        65       30       78       68       34       167      91       116      16       113      143      145      86       138      114      122      82       114      28       108      101      117      59       145      9        157      
15       900      106      143      32       68       130      135      85       84       73       33       51       77       85       65       0        95       18       12       44       125      127      51       81       50       137      122      65       78       50       57       17       52       54       43       39       158      76       120      74       112      
16       1950     111      50       125      50       206      46       155      66       125      73       147      131      91       30       95       0        108      98       63       195      94       146      14       143      160      168      104      168      144      153      111      143      49       138      130      113      78       169      22       185      
17       1320     99       158      17       86       111      145      67       103      87       38       42       62       81       78       18       108      0        10       50       106      126      41       94       34       124      106      82       60       36       45       20       51       71       36       42       158      74       104      87       93       
18       1020     96       148      26       77       119      135      73       94       85       30       50       65       77       68       12       98       10       0        42       114      121      49       85       44       125      110      77       70       46       55       21       56       62       44       45       152      69       108      77       101      
19       690      72       114      67       64       143      94       92       86       107      12       92       70       49       34       44       63       50       42       0        132      84       91       49       84       114      112      92       106      86       96       61       97       47       86       84       114      36       112      41       122      
20       4260     111      245      99       189      17       215      41       208      188      126      106      64       116      167      125      195      106      114      132      0        156      104      181      89       87       50       187      66       93       99       122      132      172      113      131      182      123      45       174      14       
21       3180     45       127      141      131      172      78       128      153      190      94       167      99       48       91       127      94       126      121      84       156      0        166      89       154      87       112      174      165      157      169      142      178      119      163      166      31       52       115      88       153      
22       2430     133      194      25       116      103      185      74       127      86       79       2        85       119      116      51       146      41       49       91       104      166      0        133      16       149      123      91       40       12       7        36       27       104      11       30       197      114      119      125      90       
23       1530     102      65       111      45       192      56       141      64       117      58       133      118      80       16       81       14       94       85       49       181      89       133      0        129      150      156      96       154      131      139      98       130      39       125      117      112      66       157      7        172      
24       2340     119      193      18       118      90       179      58       132      99       73       18       69       106      113      50       143      34       44       84       89       154      16       129      0        133      106      100      29       4        15       38       42       104      23       42       185      103      102      122      75       
25       4050     49       204      129      178      104      161      80       200      210      116      151      64       70       143      137      160      124      125      114      87       87       149      150      133      0        37       200      127      137      148      145      172      161      152      165      104      84       42       145      90       
26       3870     67       216      107      175      67       179      48       197      194      110      125      45       79       145      122      168      106      110      112      50       112      123      156      106      37       0        188      95       110      120      126      148      158      128      143      135      91       5        149      54       
27       2070     164      136      88       54       190      151      149      49       21       86       90       142      141      86       65       104      82       77       92       187      174      91       96       100      200      188      0        130      98       98       65       69       58       80       61       202      129      186      93       173      
28       3120     125      218      45       146      63       200      47       161      126      95       42       69       117      138      78       168      60       70       106      66       165      40       154      29       127      95       130      0        31       34       68       67       132      50       69       196      117      90       146      52       
29       2370     123      193      19       118      93       181      62       131      96       75       14       73       110      114      50       144      36       46       86       93       157      12       131      4        137      110      98       31       0        11       37       38       104      20       39       189      106      107      123      79       
30       2610     135      201      29       123      97       190      72       134      93       84       8        84       121      122      57       153      45       55       96       99       169      7        139      15       148      120      98       34       11       0        42       33       111      18       37       200      117      116      131      85       
31       1410     118      158      23       80       125      152      84       93       68       49       35       82       99       82       17       111      20       21       61       122      142      36       98       38       145      126      65       68       37       42       0        35       68       26       23       174      90       123      91       108      
32       2430     150      187      42       105      130      185      101      112      61       85       25       107      133      114      52       143      51       56       97       132      178      27       130      42       172      148      69       67       38       33       35       0        96       19       13       209      125      144      124      117      
33       900      117      91       86       17       180      95       131      39       77       48       104      114      94       28       54       49       71       62       47       172      119      104      39       104      161      158      58       132      104      111      68       96       0        94       83       145      80       158      35       161      
34       2190     133      185      23       106      113      178      81       116      76       74       10       88       117      108      43       138      36       44       86       113      163      11       125      23       152      128      80       50       20       18       26       19       94       0        19       195      111      125      118      99       
35       2040     141      174      36       92       132      172      98       101      57       73       28       101      122      101      39       130      42       45       84       131      166      30       117      42       165      143      61       69       39       37       23       13       83       19       0        198      114      140      111      117      
36       4080     72       136      172      156      198      85       157      176      219      125      199      128      79       117      158      113      158      152      114      182      31       197      112      185      104      135      202      196      189      200      174      209      145      195      198      0        83       139      112      180      
37       1770     37       125      89       96       137      91       87       119      143      44       115      59       14       59       76       78       74       69       36       123      52       114      66       103      84       91       129      117      106      117      90       125      80       111      114      83       0        92       61       117      
38       3840     71       218      104      175      62       181      44       196      192      109      121      44       81       145      120      169      104      108      112      45       115      119      157      102      42       5        186      90       107      116      123      144      158      125      140      139      92       0        150      49       
39       1320     97       72       104      43       184      62       133      64       113      51       126      110      75       9        74       22       87       77       41       174      88       125      7        122      145      149      93       146      123      131      91       124      35       118      111      112      61       150      0        164      
40       3900     108      236      85       177      20       208      30       196      174      115      92       57       110      157      112      185      93       101      122      14       153      90       172      75       90       54       173      52       79       85       108      117      161      99       117      180      117      49       164      0        
;

