

sets
i        orders          /0*20/
k        routes          /1*20/
p        positions       /0*20/
;

alias(i,j)
alias(i,h)
alias(i,hh)
alias(i,jj)
alias(k,kk)
                            Parameters

rho(i)	Processing time
/
0	0
1	76
2	11
3	16
4	38
5	27
6	55
7	75
8	61
9	54
10	68
11	58
12	12
13	67
14	32
15	77
16	1
17	97
18	57
19	91
20	4
/

gamma(i)	Duedate
/
0	0
1	11
2	15
3	53
4	96
5	25
6	58
7	6
8	78
9	88
10	37
11	5
12	72
13	12
14	44
15	81
16	18
17	35
18	75
19	46
20	82
/

sigma(i)	Size
/
0	0
1	7
2	1
3	3
4	6
5	6
6	8
7	4
8	3
9	9
10	3
11	3
12	9
13	4
14	4
15	3
16	7
17	5
18	8
19	6
20	2
/

epsilon(i)	Priority
/
0	0
1	4
2	9
3	2
4	5
5	7
6	4
7	6
8	1
9	6
10	6
11	6
12	3
13	5
14	1
15	4
16	9
17	7
18	6
19	5
20	6
/

psi	Vehicle Capacity
/ 15 /
;

Table kappa(i,j)                 Setup
         0        1        2        3        4        5        6        7        8        9        10       11       12       13       14       15       16       17       18       19       20       
0        0        491      173      653      710      421      752      390      708      805      669      267      415      256      493      564      294      136      488      352      604      
1        491      0        602      759      953      514      773      589      473      1095     477      251      334      517      237      151      340      431      183      168      137      
2        173      602      0        532      549      349      650      277      700      634      652      415      421      169      649      639      312      309      637      441      692      
3        653      759      532      0        262      263      141      263      467      418      413      746      425      397      941      679      462      759      901      619      753      
4        710      953      549      262      0        440      378      370      726      157      670      880      627      484      1100     899      621      839      1068     795      973      
5        421      514      349      263      440      0        335      110      378      588      324      483      187      181      681      462      199      511      643      362      534      
6        752      773      650      141      378      335      0        373      401      527      355      805      452      499      977      669      521      846      932      655      742      
7        390      589      277      263      370      110      373      0        487      506      432      513      282      134      730      557      251      501      698      427      627      
8        708      473      700      467      726      378      401      487      0        883      57       619      292      534      709      332      414      740      656      434      391      
9        805      1095     634      418      157      588      527      506      883      0        828      1001     775      603      1228     1050     757      939      1199     933      1122     
10       669      477      652      413      670      324      355      432      57       828      0        599      255      484      707      344      375      710      656      417      409      
11       267      251      415      746      880      483      805      513      619      1001     599      0        366      397      234      368      285      181      222      185      383      
12       415      334      421      425      627      187      452      282      292      775      255      366      0        268      525      276      121      456      481      203      347      
13       256      517      169      397      484      181      499      134      534      603      484      397      268      0        624      518      183      367      598      349      581      
14       493      237      649      941      1100     681      977      730      709      1228     707      234      525      624      0        387      483      379      54       323      356      
15       564      151      639      679      899      462      669      557      332      1050     344      368      276      518      387      0        336      535      333      212      74       
16       294      340      312      462      621      199      521      251      414      757      375      285      121      183      483      336      0        343      448      175      398      
17       136      431      309      759      839      511      846      501      740      939      710      181      456      367      379      535      343      0        385      330      559      
18       488      183      637      901      1068     643      932      698      656      1199     656      222      481      598      54       333      448      385      0        281      302      
19       352      168      441      619      795      362      655      427      434      933      417      185      203      349      323      212      175      330      281      0        254      
20       604      137      692      753      973      534      742      627      391      1122     409      383      347      581      356      74       398      559      302      254      0        
;



Table delta(i,j)                 Distance
         0        1        2        3        4        5        6        7        8        9        10       11       12       13       14       15       16       17       18       19       20       
0        0        1690     2780     2800     2760     1930     3010     2000     2030     1780     2520     910      3160     1950     3360     5100     1290     4280     350      5790     5490     
1        1690     0        308      112      342      319      267      90       280      44       206      98       203      271      278      464      84       283      166      591      408      
2        2780     308      0        359      68       179      109      394      95       270      134      322      244      96       157      259      349      369      312      301      449      
3        2800     112      359      0        407      413      286      147      358      111      232      208      168      348      276      451      185      195      278      610      319      
4        2760     342      68       407      0        132      177      422      73       309      194      337      307      80       226      313      368      435      312      313      518      
5        1930     319      179      413      132      0        268      380      88       302      256      276      364      92       318      439      314      495      227      440      596      
6        3010     267      109      286      177      268      0        358      179      223      60       314      143      175      50       209      330      263      330      326      341      
7        2000     90       394      147      422      380      358      0        356      135      297      109      284      346      367      553      71       341      180      681      465      
8        2030     280      95       358      73       88       179      356      0        252      172      266      284      9        229      355      298      416      238      382      512      
9        1780     44       270      111      309      302      223      135      252      0        162      127      162      243      233      419      123      254      183      548      379      
10       2520     206      134      232      194      256      60       297      172      162      0        256      114      166      84       266      270      244      278      386      340      
11       910      98       322      208      337      276      314      109      266      127      256      0        286      257      338      522      38       379      74       621      505      
12       3160     203      244      168      307      364      143      284      284      162      114      286      0        277      116      283      285      131      332      450      238      
13       1950     271      96       348      80       92       175      346      9        243      166      257      277      0        225      355      289      408      231      387      506      
14       3360     278      157      276      226      318      50       367      229      233      84       338      116      225      0        186      349      222      362      334      292      
15       5100     464      259      451      313      439      209      553      355      419      266      522      283      355      186      0        535      333      539      207      334      
16       1290     84       349      185      368      314      330      71       298      123      270      38       285      289      349      535      0        367      109      644      492      
17       4280     283      369      195      435      495      263      341      416      254      244      379      131      408      222      333      367      0        438      529      125      
18       350      166      312      278      312      227      330      180      238      183      278      74       332      231      362      539      109      438      0        613      561      
19       5790     591      301      610      313      440      326      681      382      548      386      621      450      387      334      207      644      529      613      0        541      
20       5490     408      449      319      518      596      341      465      512      379      340      505      238      506      292      334      492      125      561      541      0        
;

