

sets
i        orders          /0*20/
k        routes          /1*20/
p        positions       /0*20/
;

alias(i,j)
alias(i,h)
alias(i,hh)
alias(i,jj)
alias(k,kk)
                            Parameters

rho(i)	Processing time
/
0	0
1	68
2	31
3	12
4	36
5	25
6	12
7	33
8	30
9	27
10	43
11	37
12	37
13	53
14	53
15	21
16	55
17	43
18	46
19	30
20	90
/

gamma(i)	Duedate
/
0	0
1	43
2	3
3	97
4	17
5	78
6	24
7	65
8	69
9	73
10	39
11	18
12	13
13	42
14	29
15	62
16	38
17	94
18	64
19	95
20	93
/

sigma(i)	Size
/
0	0
1	5
2	1
3	8
4	6
5	5
6	4
7	2
8	3
9	1
10	7
11	1
12	6
13	7
14	1
15	2
16	9
17	8
18	2
19	9
20	7
/

epsilon(i)	Priority
/
0	0
1	8
2	2
3	9
4	2
5	1
6	1
7	2
8	2
9	9
10	9
11	2
12	1
13	8
14	2
15	5
16	7
17	9
18	6
19	4
20	2
/

psi	Vehicle Capacity
/ 57 /
;

Table kappa(i,j)                 Setup
         0        1        2        3        4        5        6        7        8        9        10       11       12       13       14       15       16       17       18       19       20       
0        0        834      930      489      557      267      468      907      194      562      849      801      211      280      155      125      836      691      672      631      449      
1        834      0        209      609      821      581      371      897      862      297      320      106      792      1110     682      943      62       183      621      575      386      
2        930      209      0        793      782      663      505      773      915      462      172      315      930      1191     774      1049     152      243      823      775      492      
3        489      609      793      0        886      435      333      1158     647      333      808      524      311      739      428      530      648      574      183      143      393      
4        557      821      782      886      0        451      627      361      385      715      624      861      732      660      491      661      783      639      1046     990      557      
5        267      581      663      435      451      0        240      747      289      343      584      565      332      531      112      389      577      427      600      545      197      
6        468      371      505      333      627      240      0        847      529      103      486      334      426      747      322      572      384      264      446      388      71       
7        907      897      773      1158     361      747      847      0        745      909      602      971      1063     1021     816      1018     841      741      1294     1235     777      
8        194      862      915      647      385      289      529      745      0        632      803      853      401      300      227      279      850      695      829      781      485      
9        562      297      462      333      715      343      103      909      632      0        478      241      496      843      422      661      324      242      404      347      162      
10       849      320      172      808      624      584      486      602      803      478      0        416      887      1093     697      973      258      237      875      821      449      
11       801      106      315      524      861      565      334      971      853      241      416      0        735      1081     656      903      167      232      519      476      368      
12       211      792      930      311      732      332      426      1063     401      496      887      735      0        429      246      220      810      687      487      455      441      
13       280      1110     1191     739      660      531      747      1021     300      843      1093     1081     429      0        427      209      1108     958      917      883      723      
14       155      682      774      428      491      112      322      816      227      422      697      656      246      427      0        276      682      536      606      556      296      
15       125      943      1049     530      661      389      572      1018     279      661      973      903      220      209      276      0        949      808      707      674      562      
16       836      62       152      648      783      577      384      841      850      324      258      167      810      1108     682      949      0        156      672      624      387      
17       691      183      243      574      639      427      264      741      695      242      237      232      687      958      536      808      156      0        639      584      248      
18       672      621      823      183      1046     600      446      1294     829      404      875      519      487      917      606      707      672      639      0        58       516      
19       631      575      775      143      990      545      388      1235     781      347      821      476      455      883      556      674      624      584      58       0        457      
20       449      386      492      393      557      197      71       777      485      162      449      368      441      723      296      562      387      248      516      457      0        
;



Table delta(i,j)                 Distance
         0        1        2        3        4        5        6        7        8        9        10       11       12       13       14       15       16       17       18       19       20       
0        0        940      4190     1800     2460     1490     4080     3650     2880     3980     3890     3000     3420     410      2980     3180     4600     1840     1570     4740     5070     
1        940      0        506      192      250      173      478      452      381      458      482      318      432      86       372      364      552      277      158      565      601      
2        4190     506      0        535      427      502      161      324      210      516      228      394      272      450      410      295      91       281      430      301      185      
3        1800     192      535      0        423      35       564      356      350      292      424      480      360      141      240      496      550      255      330      484      569      
4        2460     250      427      423      0        394      324      541      417      628      519      74       499      282      516      162      505      349      93       616      584      
5        1490     173      502      35       394      0        529      337      320      293      400      449      337      112      228      462      520      223      302      463      542      
6        4080     478      161      564      324      529      0        448      312      621      368      271      394      447      505      166      251      338      359      452      346      
7        3650     452      324      356      541      337      448      0        140      201      106      554      54       366      128      497      281      194      484      128      252      
8        2880     381      210      350      417      320      312      140      0        312      105      421      89       304      201      357      202      105      374      200      224      
9        3980     458      516      292      628      293      621      201      312      0        307      662      247      378      119      631      482      300      550      304      450      
10       3890     482      228      424      519      400      368      106      105      307      0        518      68       401      223      445      176      204      479      97       151      
11       3000     318      394      480      74       449      271      554      421      662      518      0        508      339      546      105      478      370      160      615      564      
12       3420     432      272      360      499      337      394      54       89       247      68       508      0        349      155      447      236      161      449      132      220      
13       410      86       450      141      282      112      447      366      304      378      401      339      349      0        287      359      486      198      190      481      527      
14       2980     372      410      240      516      228      505      128      201      119      223      546      155      287      0        512      388      181      443      255      374      
15       3180     364      295      496      162      462      166      497      357      631      445      105      447      359      512      0        383      331      219      540      471      
16       4600     552      91       550      505      520      251      281      202      482      176      478      236      486      388      383      0        297      497      228      94       
17       1840     277      281      255      349      223      338      194      105      300      204      370      161      198      181      331      297      0        290      291      329      
18       1570     158      430      330      93       302      359      484      374      550      479      160      449      190      443      219      497      290      0        574      566      
19       4740     565      301      484      616      463      452      128      200      304      97       615      132      481      255      540      228      291      574      0        161      
20       5070     601      185      569      584      542      346      252      224      450      151      564      220      527      374      471      94       329      566      161      0        
;

