

sets
i        orders          /0*20/
k        routes          /1*20/
p        positions       /0*20/
;

alias(i,j)
alias(i,h)
alias(i,hh)
alias(i,jj)
alias(k,kk)
                            Parameters

rho(i)	Processing time
/
0	0
1	55
2	78
3	55
4	3
5	45
6	48
7	3
8	67
9	1
10	4
11	17
12	60
13	76
14	50
15	17
16	20
17	7
18	97
19	13
20	31
/

gamma(i)	Duedate
/
0	0
1	51
2	56
3	27
4	22
5	23
6	67
7	19
8	68
9	70
10	79
11	56
12	82
13	96
14	95
15	8
16	91
17	16
18	76
19	90
20	69
/

sigma(i)	Size
/
0	0
1	2
2	7
3	3
4	2
5	9
6	5
7	8
8	7
9	4
10	4
11	3
12	8
13	6
14	4
15	3
16	4
17	9
18	3
19	7
20	6
/

epsilon(i)	Priority
/
0	0
1	6
2	7
3	4
4	9
5	5
6	7
7	3
8	5
9	9
10	2
11	3
12	6
13	2
14	9
15	5
16	1
17	7
18	2
19	7
20	6
/

psi	Vehicle Capacity
/ 55 /
;

Table kappa(i,j)                 Setup
         0        1        2        3        4        5        6        7        8        9        10       11       12       13       14       15       16       17       18       19       20       
0        0        685      322      568      725      621      433      563      714      665      88       655      1042     557      658      731      302      1107     556      482      1123     
1        685      0        416      678      779      547      269      678      686      756      672      173      650      496      247      179      537      726      256      333      630      
2        322      416      0        652      804      617      252      649      751      755      352      343      938      544      338      522      376      1013     404      160      974      
3        568      678      652      0        159      169      474      5        161      104      482      784      596      186      838      575      288      640      421      753      732      
4        725      779      804      159      0        232      608      163      105      60       638      904      544      289      964      650      447      570      527      895      699      
5        621      547      617      169      232      0        394      172      144      215      545      676      450      73       738      421      318      505      296      686      574      
6        433      269      252      474      608      394      0        472      536      569      408      319      686      323      366      300      273      760      152      292      730      
7        563      678      649      5        163      172      472      0        166      107      477      783      600      187      837      576      284      644      421      751      737      
8        714      686      751      161      105      144      536      166      0        122      631      819      454      212      882      549      419      490      439      828      604      
9        665      756      755      104      60       215      569      107      122      0        578      873      577      260      929      636      392      610      500      853      726      
10       88       672      352      482      638      545      408      477      631      578      0        665      976      484      678      696      229      1039     513      511      1066     
11       655      173      343      784      904      676      319      783      819      873      665      0        823      615      74       351      587      899      379      209      801      
12       1042     650      938      596      544      450      686      600      454      577      976      823      0        496      898      472      747      76       534      938      166      
13       557      496      544      186      289      73       323      187      212      260      484      615      496      0        674      389      255      556      240      615      606      
14       658      247      338      838      964      738      366      837      882      929      678      74       898      674      0        425      624      974      444      184      874      
15       731      179      522      575      650      421      300      576      549      636      696      351      472      389      425      0        512      548      190      481      464      
16       302      537      376      288      447      318      273      284      419      392      229      587      747      255      624      512      0        809      322      501      842      
17       1107     726      1013     640      570      505      760      644      490      610      1039     899      76       556      974      548      809      0        609      1014     190      
18       556      256      404      421      527      296      152      421      439      500      513      379      534      240      444      190      322      609      0        421      581      
19       482      333      160      753      895      686      292      751      828      853      511      209      938      615      184      481      501      1014     421      0        946      
20       1123     630      974      732      699      574      730      737      604      726      1066     801      166      606      874      464      842      190      581      946      0        
;



Table delta(i,j)                 Distance
         0        1        2        3        4        5        6        7        8        9        10       11       12       13       14       15       16       17       18       19       20       
0        0        2520     5130     5360     5010     2930     2170     1880     1470     4000     6130     1650     1670     2440     2110     2000     1850     4380     5410     6370     1830     
1        2520     0        460      348      512      164      169      336      194      190      374      308      333      245      222      215      173      262      369      404      269      
2        5130     460      0        288      128      295      322      374      588      623      477      377      399      270      305      635      345      708      250      459      335      
3        5360     348      288      0        409      243      323      492      536      437      190      478      508      339      356      563      356      524      42       173      420      
4        5010     512      128      409      0        354      351      331      604      692      596      343      357      281      314      655      364      772      373      582      318      
5        2930     164      295      243      354      0        82       271      315      337      351      250      281      127      127      354      114      418      248      364      195      
6        2170     169      322      323      351      82       0        195      266      358      431      171      202      76       57       313      33       431      325      446      119      
7        1880     336      374      492      331      271      195      0        323      521      622      29       26       153      143      379      172      579      482      633      76       
8        1470     194      588      536      604      315      266      323      0        280      566      296      306      324      290      55       244      301      552      598      293      
9        4000     190      623      437      692      337      358      521      280      0        372      492      514      434      412      259      363      87       471      415      458      
10       6130     374      477      190      596      351      431      622      566      372      0        602      632      473      479      575      460      447      230      45       546      
11       1650     308      377      478      343      250      171      29       296      492      602      0        30       139      123      352      146      550      470      614      57       
12       1670     333      399      508      357      281      202      26       306      514      632      30       0        169      154      361      176      569      500      645      87       
13       2440     245      270      339      281      127      76       153      324      434      473      139      169      0        34       374      82       507      331      481      82       
14       2110     222      305      356      314      127      57       143      290      412      479      123      154      34       0        341      52       483      351      490      67       
15       2000     215      635      563      655      354      313      379      55       259      575      352      361      374      341      0        293      265      582      610      348      
16       1850     173      345      356      364      114      33       172      244      363      460      146      176      82       52       293      0        432      358      476      99       
17       4380     262      708      524      772      418      431      579      301      87       447      550      569      507      483      265      432      0        558      491      522      
18       5410     369      250      42       373      248      325      482      552      471      230      470      500      331      351      582      358      558      0        209      413      
19       6370     404      459      173      582      364      446      633      598      415      45       614      645      481      490      610      476      491      209      0        557      
20       1830     269      335      420      318      195      119      76       293      458      546      57       87       82       67       348      99       522      413      557      0        
;

