

sets
i        orders          /0*20/
k        routes          /1*20/
p        positions       /0*20/
;

alias(i,j)
alias(i,h)
alias(i,hh)
alias(i,jj)
alias(k,kk)
                            Parameters

rho(i)	Processing time
/
0	0
1	53
2	5
3	2
4	98
5	95
6	30
7	21
8	82
9	59
10	49
11	99
12	57
13	47
14	28
15	85
16	65
17	65
18	82
19	63
20	97
/

gamma(i)	Duedate
/
0	0
1	49
2	30
3	24
4	77
5	47
6	39
7	70
8	12
9	88
10	10
11	97
12	80
13	63
14	1
15	39
16	57
17	14
18	58
19	7
20	44
/

sigma(i)	Size
/
0	0
1	2
2	8
3	6
4	9
5	4
6	3
7	4
8	1
9	2
10	4
11	7
12	7
13	4
14	4
15	6
16	3
17	9
18	7
19	7
20	1
/

epsilon(i)	Priority
/
0	0
1	9
2	2
3	9
4	7
5	7
6	2
7	4
8	8
9	6
10	1
11	8
12	6
13	2
14	8
15	3
16	4
17	5
18	2
19	3
20	5
/

psi	Vehicle Capacity
/ 14 /
;

Table kappa(i,j)                 Setup
         0        1        2        3        4        5        6        7        8        9        10       11       12       13       14       15       16       17       18       19       20       
0        0        606      208      624      812      929      656      989      225      742      326      498      788      773      731      405      208      573      834      843      934      
1        606      0        398      269      498      423      189      471      548      274      370      557      431      169      216      625      677      251      458      243      346      
2        208      398      0        439      668      734      456      801      222      547      194      421      616      564      529      388      328      400      661      635      727      
3        624      269      439      0        768      310      101      710      472      131      523      353      188      312      159      465      766      505      228      346      383      
4        812      498      668      768      0        861      685      323      887      759      489      1006     926      546      693      1030     742      286      947      591      693      
5        929      423      734      310      861      0        279      680      781      187      776      624      226      315      214      754      1055     666      199      275      205      
6        656      189      456      101      685      279      0        610      532      98       502      448      242      211      77       550      775      437      270      249      300      
7        989      471      801      710      323      680      610      0        994      647      672      1028     817      407      581      1093     977      418      822      412      480      
8        225      548      222      472      887      781      532      994      0        601      415      274      608      696      609      185      430      612      654      758      830      
9        742      274      547      131      759      187      98       647      601      0        600      476      171      239      67       594      870      525      188      248      260      
10       326      370      194      523      489      776      502      672      415      600      0        602      712      535      561      582      319      253      751      609      716      
11       498      557      421      353      1006     624      448      1028     274      476      602      0        411      655      512      141      698      720      453      697      735      
12       788      431      616      188      926      226      242      817      608      171      712      411      0        410      239      548      945      679      46       410      393      
13       773      169      564      312      546      315      211      407      696      239      535      655      410      0        173      746      846      367      420      74       183      
14       731      216      529      159      693      214      77       581      609      67       561      512      239      173      0        621      845      466      255      190      226      
15       405      625      388      465      1030     754      550      1093     185      594      582      141      548      746      621      0        612      745      591      797      847      
16       208      677      328      766      742      1055     775      977      430      870      319      698      945      846      845      612      0        563      989      920      1023     
17       573      251      400      505      286      666      437      418      612      525      253      720      679      367      466      745      563      0        708      435      548      
18       834      458      661      228      947      199      270      822      654      188      751      453      46       420      255      591      989      708      0        412      382      
19       843      243      635      346      591      275      249      412      758      248      609      697      410      74       190      797      920      435      412      0        113      
20       934      346      727      383      693      205      300      480      830      260      716      735      393      183      226      847      1023     548      382      113      0        
;



Table delta(i,j)                 Distance
         0        1        2        3        4        5        6        7        8        9        10       11       12       13       14       15       16       17       18       19       20       
0        0        3720     4660     2310     1930     2970     3840     3190     4630     2290     3440     1080     1850     5590     3100     2210     1670     3290     1670     1380     2910     
1        3720     0        648      216      299      132      18       299      636      435      80       394      222      491      566      534      232      328      439      235      111      
2        4660     648      0        436      364      515      666      357      16       245      572      359      452      368      172      283      453      331      299      498      538      
3        2310     216      436      0        84       90       234      122      425      220      150      203      50       368      350      331      68       146      234      125      105      
4        1930     299      364      84       0        174      316      125      355      136      235      132      87       367      267      248      89       135      151      143      189      
5        2970     132      515      90       174      0        150      169      503      309      60       288      116      386      440      420      132      198      323      166      30       
6        3840     18       666      234      316      150      0        317      654      453      99       409      238      507      583      549      247      346      455      247      128      
7        3190     299      357      122      125      169      317      0        344      201      219      251      167      249      319      340      182      28       251      242      197      
8        4630     636      16       425      355      503      654      344      0        239      560      355      442      352      174      286      444      317      296      490      527      
9        2290     435      245      220      136      309      453      201      239      0        370      121      219      378      130      142      217      189      75       255      325      
10       3440     80       572      150      235      60       99       219      560      370      0        346      171      414      500      480      185      248      383      208      54       
11       1080     394      359      203      132      288      409      251      355      121      346      0        175      473      210      142      162      253      62       172      293      
12       1850     222      452      50       87       116      238      167      442      219      171      175      0        416      347      312      18       188      216      75       118      
13       5590     491      368      368      367      386      507      249      352      378      414      473      416      0        441      513      431      232      450      491      416      
14       3100     566      172      350      267      440      583      319      174      130      500      210      347      441      0        111      343      302      148      373      456      
15       2210     534      283      331      248      420      549      340      286      142      480      142      312      513      111      0        302      331      97       315      429      
16       1670     232      453      68       89       132      247      182      444      217      185      162      18       431      343      302      0        202      208      60       132      
17       3290     328      331      146      135      198      346      28       317      189      248      253      188      232      302      331      202      0        246      262      226      
18       1670     439      299      234      151      323      455      251      296      75       383      62       216      450      148      97       208      246      0        228      333      
19       1380     235      498      125      143      166      247      242      490      255      208      172      75       491      373      315      60       262      228      0        155      
20       2910     111      538      105      189      30       128      197      527      325      54       293      118      416      456      429      132      226      333      155      0        
;

