

sets
i        orders          /0*80/
k        routes          /1*80/
p        positions       /0*80/
;

alias(i,j)
alias(i,h)
alias(i,hh)
alias(i,jj)
alias(k,kk)
                            Parameters

rho(i)	Processing time
/
0	0
1	11
2	77
3	55
4	82
5	43
6	12
7	38
8	84
9	28
10	71
11	11
12	60
13	27
14	62
15	40
16	57
17	46
18	24
19	10
20	5
21	40
22	3
23	66
24	20
25	42
26	98
27	87
28	39
29	57
30	92
31	71
32	18
33	90
34	37
35	9
36	74
37	8
38	19
39	77
40	14
41	55
42	16
43	92
44	32
45	51
46	70
47	77
48	97
49	77
50	8
51	74
52	13
53	3
54	96
55	20
56	51
57	88
58	35
59	75
60	23
61	48
62	75
63	29
64	29
65	17
66	46
67	11
68	20
69	26
70	4
71	10
72	60
73	50
74	12
75	67
76	26
77	82
78	6
79	11
80	53
/

gamma(i)	Duedate
/
0	0
1	21
2	36
3	15
4	60
5	38
6	66
7	22
8	62
9	23
10	84
11	2
12	93
13	84
14	68
15	27
16	87
17	47
18	78
19	35
20	45
21	78
22	92
23	89
24	31
25	6
26	3
27	84
28	75
29	27
30	72
31	99
32	61
33	19
34	97
35	56
36	62
37	6
38	14
39	94
40	60
41	17
42	28
43	1
44	74
45	61
46	15
47	34
48	73
49	3
50	34
51	55
52	26
53	81
54	84
55	14
56	29
57	70
58	34
59	83
60	79
61	15
62	9
63	8
64	51
65	7
66	31
67	65
68	44
69	37
70	92
71	15
72	98
73	38
74	56
75	52
76	55
77	24
78	64
79	4
80	57
/

sigma(i)	Size
/
0	0
1	5
2	2
3	8
4	6
5	8
6	5
7	1
8	5
9	6
10	9
11	2
12	2
13	4
14	3
15	2
16	8
17	1
18	6
19	4
20	3
21	7
22	1
23	3
24	7
25	5
26	4
27	1
28	5
29	2
30	9
31	7
32	3
33	9
34	5
35	8
36	3
37	9
38	6
39	6
40	4
41	3
42	3
43	4
44	9
45	6
46	1
47	3
48	3
49	6
50	4
51	3
52	2
53	2
54	9
55	5
56	1
57	6
58	2
59	9
60	6
61	2
62	4
63	2
64	3
65	8
66	5
67	4
68	5
69	1
70	8
71	3
72	6
73	1
74	5
75	1
76	4
77	3
78	9
79	8
80	7
/

epsilon(i)	Priority
/
0	0
1	6
2	2
3	1
4	3
5	1
6	1
7	9
8	8
9	1
10	2
11	5
12	3
13	1
14	1
15	7
16	1
17	1
18	4
19	2
20	4
21	9
22	9
23	2
24	4
25	8
26	9
27	3
28	5
29	7
30	6
31	2
32	6
33	3
34	4
35	6
36	7
37	7
38	6
39	7
40	5
41	3
42	4
43	1
44	7
45	8
46	4
47	4
48	9
49	2
50	4
51	9
52	6
53	3
54	8
55	3
56	9
57	1
58	1
59	2
60	3
61	8
62	9
63	7
64	7
65	9
66	6
67	1
68	6
69	5
70	7
71	6
72	8
73	7
74	3
75	4
76	5
77	3
78	2
79	8
80	5
/

psi	Vehicle Capacity
/ 30 /
;

Table kappa(i,j)                 Setup
         0        1        2        3        4        5        6        7        8        9        10       11       12       13       14       15       16       17       18       19       20       21       22       23       24       25       26       27       28       29       30       31       32       33       34       35       36       37       38       39       40       41       42       43       44       45       46       47       48       49       50       51       52       53       54       55       56       57       58       59       60       61       62       63       64       65       66       67       68       69       70       71       72       73       74       75       76       77       78       79       80       
0        0        3865     1710     4256     2787     5669     3583     1973     3645     909      2254     5108     6199     4325     5753     1955     3646     4254     3734     1261     4275     3660     556      1539     1379     3237     5825     1987     3948     1233     2197     3694     5407     2192     1814     3103     3390     5855     6076     4461     4503     2659     2966     3808     3643     1706     4351     2913     2595     4017     2286     3776     5857     2596     1888     4276     6173     2168     3874     332      1271     2764     4150     4624     1693     2195     5728     1817     4891     4359     1720     2246     5765     3270     1201     2431     2824     5817     106      5126     3054     
1        3865     0        2235     3621     1091     2230     6242     5408     3044     4567     2634     2975     3003     6769     1910     2921     1197     3153     5635     5076     2560     3179     3893     2327     5006     6584     4754     2402     2535     4397     1842     4096     2863     5966     5288     4765     5215     2734     3329     7280     3555     6102     5667     1401     1446     3351     7253     954      6111     6778     2954     5896     3318     6280     4567     2938     3344     5422     5432     4087     3607     3953     1509     1629     2477     6060     3636     4207     2741     1530     4292     4084     3029     3152     2664     5908     3883     3129     3903     1349     6077     
2        1710     2235     0        3889     1146     3961     4813     3188     3190     2538     1094     4183     4517     5483     4146     1866     2360     3670     4587     2969     2779     2502     1661     357      3010     4787     5411     640      2494     2180     1079     3761     3807     3735     3383     3768     4175     4177     4967     5801     4024     4239     3626     2584     1968     2038     5726     1292     4206     4762     1360     4081     4276     4274     2996     2892     4545     3636     4561     1987     1988     3105     2911     3322     1172     3873     4868     2136     3938     2669     2733     2880     4143     2199     579      4021     3100     4205     1727     3559     3959     
3        4256     3621     3889     0        3534     5727     4027     6222     700      4253     4954     1639     6546     4204     4380     2315     2424     541      2970     4809     5975     6188     4704     3599     4421     5028     1575     4507     5833     5433     2838     1052     6479     6225     4367     2357     2679     6313     2720     4945     344      4820     7155     2241     4814     2572     5009     3462     4932     8250     5245     7822     6938     5341     3261     6271     6953     4170     2570     4196     3056     1849     2274     2550     2828     5890     1897     5775     1613     5126     3128     2454     6649     5974     3699     4741     1735     6750     4358     3789     7304     
4        2787     1091     1146     3534     0        3023     5440     4329     2859     3527     1732     3396     3686     6033     3000     2154     1444     3178     4984     4015     2474     2690     2802     1247     3980     5640     4913     1405     2304     3319     986      3725     3211     4875     4295     4116     4559     3368     4023     6468     3573     5129     4670     1695     1356     2517     6421     153      5123     5796     2064     4997     3693     5257     3682     2743     3857     4472     4855     3023     2678     3339     1975     2312     1565     4978     4091     3188     3146     1893     3405     3326     3481     2535     1585     4926     3294     3564     2820     2414     5048     
5        5669     2230     3961     5727     3023     0        8429     6795     5214     6490     3755     4711     828      8983     1949     5107     3350     5217     7863     6930     2214     3323     5530     4191     6957     8660     6628     3789     2479     5832     3967     6303     1421     7540     7298     6992     7442     691      4591     9464     5602     8142     6638     3495     2079     5511     9426     2950     8128     7624     3971     6525     1643     8229     6700     2604     1391     7493     7663     5948     5701     6182     3464     3311     4580     7789     5252     5383     4526     1360     6423     6282     1282     3558     4512     7934     6113     1386     5678     2153     7156     
6        3583     6242     4813     4027     5440     8429     0        4721     3942     2766     5707     5619     9125     761      7760     3323     5363     4440     1160     2884     7593     7170     4102     4478     2429     1344     5057     5336     7303     4582     4467     2975     8579     4099     1982     1697     1351     8808     6726     1039     4370     1578     6051     5354     6694     2924     1033     5491     1755     6823     5812     7024     9056     2238     1818     7686     9276     1527     1616     3265     2829     2437     5599     6052     3878     3425     5920     5316     5529     7321     2081     2159     8886     6798     4251     1705     2542     8960     3660     7087     5859     
7        1973     5408     3188     6222     4329     6795     4721     0        5618     2180     3039     7052     7142     5475     7313     3928     5457     6226     5249     1852     4916     3946     1621     3199     2338     3825     7786     3070     4571     1010     4014     5600     6143     969      2748     4806     4989     6798     7982     5330     6475     3289     1345     5649     4726     3656     5169     4478     3138     2164     2842     2351     6517     2815     3465     4745     6931     3205     5497     2040     3187     4636     5990     6441     3610     1617     7686     1465     6829     5435     3410     4056     6532     3558     2904     3092     4712     6554     1875     6744     1172     
8        3645     3044     3190     700      2859     5214     3942     5618     0        3737     4254     1730     6020     4243     4037     1690     1866     628      3003     4308     5317     5497     4067     2904     3958     4794     2243     3807     5162     4793     2138     1141     5877     5687     3965     2247     2644     5769     2840     4925     868      4514     6504     1727     4163     2010     4962     2795     4606     7608     4545     7147     6344     4978     2881     5601     6388     3831     2670     3616     2502     1556     1845     2219     2148     5406     2200     5104     1603     4517     2704     2084     6068     5277     3016     4406     1440     6166     3744     3403     6675     
9        909      4567     2538     4253     3527     6490     2766     2180     3737     0        3162     5356     7054     3523     6406     2141     4156     4365     3101     580      5178     4565     1359     2301     476      2328     5770     2882     4854     1825     2776     3503     6297     1976     906      2626     2818     6713     6396     3589     4545     1751     3415     4278     4500     1736     3469     3637     1691     4343     3192     4335     6751     1739     1286     5185     7055     1286     3324     580      1248     2524     4609     5098     2172     1684     5917     2550     5164     5207     1241     1916     6649     4172     1978     1523     2614     6704     956      5755     3351     
10       2254     2634     1094     4954     1732     3755     5707     3039     4254     3162     0        5089     4135     6412     4449     2952     3163     4699     5598     3452     2040     1470     1922     1437     3633     5489     6449     454      1704     2087     2116     4855     3220     3810     4064     4807     5196     3788     5755     6651     5067     4913     3053     3409     1691     3080     6556     1878     4848     4150     331      3277     3647     4816     3902     2023     4004     4393     5606     2583     2945     4178     3703     4043     2263     4139     5784     1655     4839     2396     3659     3905     3596     1126     1522     4685     4180     3635     2218     3968     3504     
11       5108     2975     4183     1639     3396     4711     5619     7052     1730     5356     5089     0        5537     5837     3046     3221     1958     1178     4597     5936     5532     6035     5441     4001     5625     6522     1929     4694     5483     6138     3134     2666     5734     7251     5670     3925     4284     5366     1113     6565     1327     6243     7763     1705     4392     3625     6620     3269     6333     8895     5415     8264     6147     6694     4600     5899     6054     5556     4207     5146     4108     3283     1480     1419     3442     7040     696      6290     249      4475     4409     3811     5817     5921     4221     6131     3166     5925     5196     2581     8020     
12       6199     3003     4517     6546     3686     828      9125     7142     6020     7054     4135     5537     0        9703     2703     5817     4153     6040     8608     7459     2295     3408     6000     4782     7527     9281     7456     4249     2620     6220     4659     7096     1155     7945     7894     7735     8184     346      5384     10154    6426     8746     6833     4309     2556     6201     10107    3634     8720     7749     4300     6597     1117     8787     7365     2605     694      8118     8425     6495     6353     6931     4288     4140     5251     8254     6070     5692     5354     1848     7088     6995     820      3713     5086     8532     6867     885      6196     2971     7379     
13       4325     6769     5483     4204     6033     8983     761      5475     4243     3523     6412     5837     9703     0        8188     3885     5816     4671     1243     3644     8259     7880     4851     5139     3190     1921     5022     6028     7978     5342     5049     3173     9208     4828     2742     2042     1608     9394     6925     808      4536     2274     6808     5780     7321     3525     944      6072     2448     7565     6530     7784     9689     2911     2510     8369     9887     2287     1639     4012     3495     2849     5996     6426     4489     4139     6057     6072     5778     7925     2757     2708     9504     7514     4932     2426     2940     9581     4405     7522     6606     
14       5753     1910     4146     4380     3000     1949     7760     7313     4037     6406     4449     3046     2703     8188     0        4550     2403     3839     6977     6937     3682     4625     5802     4224     6825     8284     4965     4277     3821     6302     3631     5179     3292     7874     7066     6146     6582     2638     2702     8791     4171     7843     7503     2410     2921     5013     8793     2859     7871     8591     4751     7632     3581     8085     6232     4107     3334     7144     6686     5957     5349     5344     2203     1833     4252     7948     3475     6073     2916     2495     5968     5628     3221     4722     4559     7664     5250     3327     5797     675      7942     
15       1955     2921     1866     2315     2154     5107     3323     3928     1690     2141     2952     3221     5817     3885     4550     0        2166     2300     2837     2722     4500     4364     2388     1515     2451     3733     3890     2502     4259     3117     1167     1934     5355     4036     2586     1976     2412     5508     4254     4361     2550     3310     4842     2233     3475     468      4332     2186     3354     5934     3187     5538     5837     3628     1681     4682     6011     2605     2743     1941     901      1248     2544     3034     698      3825     3806     3489     3024     4047     1418     1178     5635     4065     1493     3146     1235     5716     2054     3876     4991     
16       3646     1197     2360     2424     1444     3350     5363     5457     1866     4156     3163     1958     4153     5816     2403     2166     0        1958     4628     4718     3656     4082     3845     2266     4537     5896     3602     2796     3569     4478     1455     2959     4059     5837     4730     3777     4222     3904     2612     6397     2362     5475     5987     253      2493     2634     6393     1313     5515     7123     3493     6397     4516     5765     3842     3997     4533     4771     4377     3783     3009     2966     551      984      1990     5786     2652     4496     1709     2716     3584     3224     4225     3963     2553     5307     2878     4326     3713     1728     6309     
17       4254     3153     3670     541      3178     5217     4440     6226     628      4365     4699     1178     6040     4671     3839     2300     1958     0        3428     4937     5574     5862     4659     3411     4585     5363     1751     4263     5453     5381     2593     1497     6017     6313     4584     2747     3107     5815     2287     5390     404      5109     7078     1756     4408     2636     5443     3090     5207     8191     5004     7689     6469     5590     3492     5889     6465     4434     3050     4236     3129     2129     1754     2011     2701     6034     1580     5655     1108     4674     3324     2688     6172     5673     3557     5009     2012     6274     4351     3252     7268     
18       3734     5635     4587     2970     4984     7863     1160     5249     3003     3101     5598     4597     8608     1243     6977     2837     4628     3428     0        3411     7318     7064     4289     4231     2919     2434     3904     5180     7061     4891     3999     1931     8191     4795     2569     872      425      8310     5690     1978     3305     2502     6516     4575     6312     2553     2055     5005     2668     7408     5764     7431     8674     3161     1853     7472     8837     2146     456      3464     2662     1681     4777     5197     3497     4196     4839     5549     4535     6873     2019     1708     8465     6723     4078     2551     1756     8548     3830     6316     6419     
19       1261     5076     2969     4809     4015     6930     2884     1852     4308     580      3452     5936     7459     3644     6937     2722     4718     4937     3411     0        5491     4784     1542     2772     492      2167     6310     3229     5157     1782     3317     4021     6647     1458     902      3048     3179     7114     6977     3580     5107     1585     3168     4846     4903     2313     3436     4134     1474     3999     3430     4140     7089     1364     1709     5458     7418     1359     3687     992      1828     3043     5180     5667     2728     1104     6494     2556     5744     5621     1731     2424     7010     4383     2438     1360     3139     7059     1262     6292     3015     
20       4275     2560     2779     5975     2474     2214     7593     4916     5317     5178     2040     5532     2295     8259     3682     4500     3656     5574     7318     5491     0        1123     3962     3119     5653     7494     7258     2301     346      4052     3384     6196     1227     5771     6070     6471     6898     1970     5835     8576     5977     6926     4538     3894     1166     4769     8497     2523     6869     5463     2119     4332     1616     6853     5775     424      2014     6371     7243     4598     4767     5738     4057     4179     3821     6157     6197     3452     5296     1197     5513     5614     1618     1419     3346     6699     5708     1637     4247     3491     5087     
21       3660     3179     2502     6188     2690     3323     7170     3946     5497     4565     1470     6035     3408     7880     4625     4364     4082     5862     7064     4784     1123     0        3246     2859     5024     6889     7602     1884     847      3176     3392     6219     2296     4851     5471     6262     6658     3090     6505     8101     6252     6306     3442     4334     1762     4531     8000     2794     6227     4341     1374     3208     2609     6143     5369     825      3061     5824     7059     3993     4415     5606     4565     4789     3665     5311     6725     2490     5788     2154     5128     5364     2686     404      2985     6076     5599     2686     3609     4327     4003     
22       556      3893     1661     4704     2802     5530     4102     1621     4067     1359     1922     5441     6000     4851     5802     2388     3845     4659     4289     1542     3962     3246     0        1605     1793     3654     6279     1751     3624     728      2395     4203     5136     2074     2254     3657     3946     5653     6361     4949     4933     3069     2462     4032     3462     2200     4829     2943     2983     3545     1888     3235     5568     2906     2440     3917     5915     2645     4430     841      1798     3292     4373     4829     1998     2260     6083     1261     5214     4188     2276     2793     5507     2846     1293     2838     3346     5550     459      5204     2609     
23       1539     2327     357      3599     1247     4191     4478     3199     2904     2301     1437     4001     4782     5139     4224     1515     2266     3411     4231     2772     3119     2859     1605     0        2766     4501     5139     987      2842     2212     866      3424     4118     3660     3113     3410     3818     4446     4840     5473     3752     3964     3764     2470     2254     1680     5403     1374     3941     4899     1684     4289     4591     4040     2664     3244     4843     3341     4203     1780     1649     2749     2807     3246     827      3733     4676     2289     3761     2935     2397     2523     4444     2551     337      3751     2746     4510     1575     3610     4053     
24       1379     5006     3010     4421     3980     6957     2429     2338     3958     476      3633     5625     7527     3190     6825     2451     4537     4585     2919     492      5653     5024     1793     2766     0        1865     5894     3358     5328     2168     3194     3589     6774     1927     468      2570     2688     7187     6688     3185     4729     1283     3641     4644     4975     2009     3054     4086     1216     4490     3652     4600     7227     1277     1242     5655     7532     905      3196     1054     1551     2618     4969     5460     2575     1473     6156     2924     5445     5680     1302     1995     7126     4628     2446     1053     2720     7181     1418     6168     3504     
25       3237     6584     4787     5028     5640     8660     1344     3825     4794     2328     5489     6522     9281     1921     8284     3733     5896     5363     2434     2167     7494     6889     3654     4501     1865     0        6231     5193     7175     3947     4742     4004     8588     3044     1425     2694     2492     8947     7633     1536     5370     585      5169     5942     6751     3271     1360     5724     699      5799     5517     6176     9049     1049     2053     7512     9332     1167     2874     2906     2977     3239     6231     6712     4109     2324     6915     4723     6394     7436     2315     2748     8929     6493     4208     815      3356     8989     3281     7610     4882     
26       5825     4754     5411     1575     4913     6628     5057     7786     2243     5770     6449     1929     7456     5022     4965     3890     3602     1751     3904     6310     7258     7602     6279     5139     5894     6231     0        6011     7159     7007     4339     2316     7589     7747     5782     3556     3746     7274     2542     5823     1388     6120     8731     3368     6093     4130     5928     4817     6252     9825     6753     9390     8019     6697     4683     7592     7955     5525     3450     5752     4606     3275     3255     3318     4391     7367     1565     7345     2102     6284     4592     3899     7700     7422     5260     6076     3174     7806     5928     4510     8876     
27       1987     2402     640      4507     1405     3789     5336     3070     3807     2882     454      4694     4249     6028     4277     2502     2796     4263     5180     3229     2301     1884     1751     987      3358     5193     6011     0        1987     2072     1673     4402     3421     3756     3770     4378     4774     3902     5404     6298     4627     4626     3272     3036     1713     2647     6212     1558     4573     4394     741      3603     3870     4580     3521     2351     4189     4071     5174     2304     2542     3734     3343     3710     1811     4010     5387     1804     4446     2439     3270     3479     3781     1565     1104     4401     3733     3831     1969     3751     3674     
28       3948     2535     2494     5833     2304     2479     7303     4571     5162     4854     1704     5483     2620     7978     3821     4259     3569     5453     7061     5157     346      847      3624     2842     5328     7175     7159     1987     0        3705     3169     6001     1571     5425     5750     6222     6643     2289     5851     8278     5854     6604     4215     3814     1092     4507     8195     2370     6544     5159     1773     4046     1962     6520     5485     439      2359     6058     7001     4274     4483     5504     4003     4164     3572     5812     6159     3107     5242     1329     5225     5353     1961     1097     3052     6377     5479     1983     3918     3572     4759     
29       1233     4397     2180     5433     3319     5832     4582     1010     4793     1825     2087     6138     6220     5342     6302     3117     4478     5381     4891     1782     4052     3176     728      2212     2168     3947     7007     2072     3705     0        3049     4921     5267     1726     2635     4314     4573     5874     7032     5348     5660     3367     1738     4678     3755     2922     5211     3468     3250     2817     1936     2555     5667     3065     3040     3931     6056     3070     5067     1439     2503     3997     5017     5458     2704     2135     6789     778      5907     4472     2911     3474     5652     2773     1935     3143     4056     5682     1127     5734     1889     
30       2197     1842     1079     2838     986      3967     4467     4014     2138     2776     2116     3134     4659     5049     3631     1167     1455     2593     3999     3317     3384     3392     2395     866      3194     4742     4339     1673     3169     3049     0        2841     4192     4385     3453     3133     3574     4346     3984     5499     2954     4260     4631     1636     2319     1544     5459     1024     4272     5765     2414     5145     4674     4459     2739     3603     4844     3579     3881     2354     1765     2367     1977     2438     634      4361     3811     3156     2894     2879     2462     2341     4468     3149     1114     4068     2329     4549     2261     2978     4910     
31       3694     4096     3761     1052     3725     6303     2975     5600     1141     3503     4855     2666     7096     3173     5179     1934     2959     1497     1931     4021     6196     6219     4203     3424     3589     4004     2316     4402     6001     4921     2841     0        6870     5472     3465     1314     1627     6831     3763     3900     1395     3835     6659     2846     5075     2004     3959     3694     3958     7707     5107     7420     7345     4391     2368     6438     7426     3217     1557     3564     2426     978      2984     3357     2597     5060     2946     5382     2605     5510     2291     1597     7088     5949     3427     3775     891      7182     3801     4543     6733     
32       5407     2863     3807     6479     3211     1421     8579     6143     5877     6297     3220     5734     1155     9208     3292     5355     4059     6017     8191     6647     1227     2296     5136     4118     6774     8588     7589     3421     1571     5267     4192     6870     0        6991     7173     7326     7766     893      5802     9586     6419     8030     5738     4263     1887     5684     9521     3206     7986     6622     3331     5458     482      8001     6775     1476     789      7443     8065     5722     5755     6550     4334     4316     4720     7358     6342     4679     5520     1361     6504     6515     392      2631     4387     7808     6503     415      5389     3334     6295     
33       2192     5966     3735     6225     4875     7540     4099     969      5687     1976     3810     7251     7945     4828     7874     4036     5837     6313     4795     1458     5771     4851     2074     3660     1927     3044     7747     3756     5425     1726     4385     5472     6991     0        2225     4497     4599     7599     8249     4579     6511     2565     2209     6001     5461     3677     4405     5015     2397     2755     3660     3220     7384     1999     3164     5632     7780     2658     5104     2106     3184     4493     6343     6816     3880     725      7842     2362     7044     6183     3186     3877     7376     4455     3332     2401     4586     7405     2124     7269     1848     
34       1814     5288     3383     4367     4295     7298     1982     2748     3965     906      4064     5670     7894     2742     7066     2586     4730     4584     2569     902      6070     5471     2254     3113     468      1425     5782     3770     5750     2635     3453     3465     7173     2225     0        2335     2385     7556     6755     2716     4689     857      4070     4815     5351     2123     2585     4391     829      4878     4098     5042     7632     1042     1106     6087     7923     457      2886     1482     1722     2524     5130     5620     2821     1657     6164     3393     5505     6046     1262     1913     7518     5078     2808     638      2635     7577     1862     6400     3901     
35       3103     4765     3768     2357     4116     6992     1697     4806     2247     2626     4807     3925     7735     2042     6146     1976     3777     2747     872      3048     6471     6262     3657     3410     2570     2694     3556     4378     6222     4314     3133     1314     7326     4497     2335     0        450      7438     5035     2682     2701     2566     6004     3737     5450     1731     2715     4135     2703     6967     4993     6869     7808     3162     1346     6639     7967     2008     800      2875     1921     814      3956     4393     2650     3988     4254     4914     3832     6003     1409     908      7596     5934     3285     2535     898      7680     3206     5480     5975     
36       3390     5215     4175     2679     4559     7442     1351     4989     2644     2818     5196     4284     8184     1608     6582     2412     4222     3107     425      3179     6898     6658     3946     3818     2688     2492     3746     4774     6643     4573     3574     1627     7766     4599     2385     450      0        7886     5387     2285     3020     2461     6229     4176     5888     2138     2335     4580     2614     7153     5369     7124     8249     3096     1539     7056     8412     1999     508      3136     2272     1263     4388     4818     3076     4039     4569     5208     4206     6448     1670     1295     8040     6322     3674     2470     1344     8123     3489     5919     6162     
37       5855     2734     4177     6313     3368     691      8808     6798     5769     6713     3788     5366     346      9394     2638     5508     3904     5815     8310     7114     1970     3090     5653     4446     7187     8947     7274     3902     2289     5874     4346     6831     893      7599     7556     7438     7886     0        5279     9835     6206     8410     6504     4071     2213     5885     9786     3322     8382     7431     3956     6289     987      8445     7041     2297     702      7784     8137     6153     6027     6637     4072     3956     4931     7907     5923     5350     5174     1510     6765     6685     637      3384     4748     8194     6575     730      5852     2831     7047     
38       6076     3329     4967     2720     4023     4591     6726     7982     2840     6396     5755     1113     5384     6925     2702     4254     2612     2287     5690     6977     5835     6505     6361     4840     6688     7633     2542     5404     5851     7032     3984     3763     5802     8249     6755     5035     5387     5279     0        7663     2389     7347     8591     2382     4771     4679     7722     3879     7433     9727     6087     9008     6162     7785     5697     6235     5981     6656     5288     6144     5153     4394     2062     1727     4386     8080     990      7102     1251     4683     5498     4914     5810     6454     5097     7230     4278     5919     6158     2470     8893     
39       4461     7280     5801     4945     6468     9464     1039     5330     4925     3589     6651     6565     10154    808      8791     4361     6397     5390     1978     3580     8576     8101     4949     5473     3185     1536     5823     6298     8278     5348     5499     3900     9586     4579     2716     2682     2285     9835     7663     0        5282     2040     6676     6383     7706     3954     194      6522     2195     7334     6731     7676     10062    2586     2811     8650     10293    2303     2406     4133     3831     3455     6621     7068     4903     3861     6818     6109     6491     8343     3083     3198     9900     7719     5230     2242     3556     9972     4528     8119     6411     
40       4503     3555     4024     344      3573     5602     4370     6475     868      4545     5067     1327     6426     4536     4171     2550     2362     404      3305     5107     5977     6252     4933     3752     4729     5370     1388     4627     5854     5660     2954     1395     6419     6511     4689     2701     3020     6206     2389     5282     0        5157     7372     2156     4811     2841     5348     3488     5267     8476     5368     8010     6870     5671     3585     6290     6861     4502     2899     4460     3330     2180     2138     2359     3012     6194     1553     5969     1329     5078     3443     2777     6570     6057     3878     5074     2065     6673     4603     3605     7540     
41       2659     6102     4239     4820     5129     8142     1578     3289     4514     1751     4913     6243     8746     2274     7843     3310     5475     5109     2502     1585     6926     6306     3069     3964     1283     585      6120     4626     6604     3367     4260     3835     8030     2565     857      2566     2461     8410     7347     2040     5157     0        4635     5540     6206     2842     1881     5220     176      5317     4936     5636     8489     667      1665     6936     8781     706      2906     2330     2500     2984     5841     6328     3625     1866     6681     4141     6098     6899     1902     2432     8376     5910     3663     230      3100     8435     2701     7172     4378     
42       2966     5667     3626     7155     4670     6638     6051     1345     6504     3415     3053     7763     6833     6808     7503     4842     5987     7078     6516     3168     4538     3442     2462     3764     3641     5169     8731     3272     4215     1738     4631     6659     5738     2209     4070     6004     6229     6504     8591     6676     7372     4635     0        6209     4676     4660     6515     4823     4484     1136     2757     1013     6040     4151     4690     4266     6501     4527     6732     3139     4237     5729     6537     6942     4378     2917     8432     1491     7525     5320     4594     5192     6128     3119     3547     4437     5791     6128     2860     7012     584      
43       3808     1401     2584     2241     1695     3495     5354     5649     1727     4278     3409     1705     4309     5780     2410     2233     253      1756     4575     4846     3894     4334     4032     2470     4644     5942     3368     3036     3814     4678     1636     2846     4263     6001     4815     3737     4176     4071     2382     6383     2156     5540     6209     0        2734     2701     6387     1565     5587     7345     3739     6635     4714     5855     3891     4240     4713     4833     4304     3929     3102     2934     342      821      2131     5925     2399     4720     1456     2930     3640     3238     4416     4216     2746     5379     2840     4518     3880     1742     6521     
44       3643     1446     1968     4814     1356     2079     6694     4726     4163     4500     1691     4392     2556     7321     2921     3475     2493     4408     6312     4903     1166     1762     3462     2254     4975     6751     6093     1713     1092     3755     2319     5075     1887     5461     5351     5450     5888     2213     4771     7706     4811     6206     4676     2734     0        3797     7644     1381     6174     5726     1937     4721     2368     6231     4896     1508     2590     5595     6200     3939     3875     4686     2912     3074     2833     5722     5067     3339     4152     725      4623     4630     2194     1806     2543     5989     4645     2265     3641     2571     5162     
45       1706     3351     2038     2572     2517     5511     2924     3656     2010     1736     3080     3625     6201     3525     5013     468      2634     2636     2553     2313     4769     4531     2200     1680     2009     3271     4130     2647     4507     2922     1544     2004     5684     3677     2123     1731     2138     5885     4679     3954     2841     2842     4660     2701     3797     0        3915     2568     2886     5723     3279     5418     6165     3165     1223     4918     6364     2137     2527     1623     492      1138     3010     3500     964      3417     4182     3385     3438     4403     955      846      5979     4207     1562     2677     1170     6056     1811     4339     4759     
46       4351     7253     5726     5009     6421     9426     1033     5169     4962     3469     6556     6620     10107    944      8793     4332     6393     5443     2055     3436     8497     8000     4829     5403     3054     1360     5928     6212     8195     5211     5459     3959     9521     4405     2585     2715     2335     9786     7722     194      5348     1881     6515     6387     7644     3915     0        6480     2031     7160     6628     7517     9995     2409     2748     8562     10233    2185     2494     4021     3768     3470     6633     7085     4856     3685     6890     5976     6539     8289     3023     3180     9839     7616     5152     2089     3574     9909     4414     8119     6241     
47       2913     954      1292     3462     153      2950     5491     4478     2795     3637     1878     3269     3634     6072     2859     2186     1313     3090     5005     4134     2523     2794     2943     1374     4086     5724     4817     1558     2370     3468     1024     3694     3206     5015     4391     4135     4580     3322     3879     6522     3488     5220     4823     1565     1381     2568     6480     0        5218     5949     2210     5147     3687     5363     3749     2809     3832     4556     4862     3142     2753     3348     1837     2165     1629     5107     3964     3341     3020     1869     3472     3364     3463     2653     1712     5019     3298     3548     2950     2267     5201     
48       2595     6111     4206     4932     5123     8128     1755     3138     4606     1691     4848     6333     8720     2448     7871     3354     5515     5207     2668     1474     6869     6227     2983     3941     1216     699      6252     4573     6544     3250     4272     3958     7986     2397     829      2703     2614     8382     7433     2195     5267     176      4484     5587     6174     2886     2031     5218     0        5151     4859     5488     8441     494      1738     6870     8741     776      3067     2270     2522     3088     5893     6382     3638     1694     6783     4027     6183     6872     1960     2522     8335     5828     3633     208      3205     8392     2631     7202     4217     
49       4017     6778     4762     8250     5796     7624     6823     2164     7608     4343     4150     8895     7749     7565     8591     5934     7123     8191     7408     3999     5463     4341     3545     4899     4490     5799     9825     4394     5159     2817     5765     7707     6622     2755     4878     6967     7153     7431     9727     7334     8476     5317     1136     7345     5726     5723     7160     5949     5151     0        3841     1215     6878     4751     5629     5147     7358     5332     7661     4150     5280     6759     7673     8076     5497     3474     9562     2626     8658     6338     5565     6196     7006     4067     4676     5144     6828     6993     3912     8118     992      
