

sets
i        orders          /0*80/
k        routes          /1*80/
p        positions       /0*80/
;

alias(i,j)
alias(i,h)
alias(i,hh)
alias(i,jj)
alias(k,kk)
                            Parameters

rho(i)	Processing time
/
0	0
1	43
2	17
3	75
4	38
5	66
6	2
7	62
8	19
9	13
10	23
11	74
12	50
13	47
14	70
15	98
16	75
17	12
18	98
19	26
20	89
21	3
22	94
23	75
24	16
25	7
26	15
27	70
28	50
29	5
30	1
31	96
32	18
33	32
34	81
35	4
36	69
37	88
38	70
39	7
40	75
41	55
42	76
43	35
44	38
45	83
46	23
47	21
48	95
49	4
50	54
51	31
52	52
53	34
54	20
55	12
56	41
57	41
58	99
59	11
60	36
61	25
62	17
63	68
64	30
65	26
66	79
67	1
68	28
69	42
70	64
71	99
72	93
73	48
74	21
75	86
76	84
77	61
78	97
79	7
80	42
/

gamma(i)	Duedate
/
0	0
1	15
2	83
3	30
4	93
5	43
6	38
7	5
8	50
9	19
10	37
11	60
12	31
13	7
14	73
15	69
16	43
17	25
18	59
19	88
20	76
21	58
22	16
23	35
24	22
25	7
26	25
27	52
28	94
29	28
30	30
31	42
32	19
33	67
34	39
35	83
36	32
37	11
38	56
39	58
40	90
41	11
42	72
43	71
44	86
45	33
46	13
47	19
48	36
49	61
50	5
51	4
52	63
53	12
54	33
55	20
56	5
57	44
58	7
59	91
60	6
61	98
62	43
63	89
64	86
65	35
66	69
67	38
68	88
69	52
70	31
71	26
72	80
73	25
74	50
75	33
76	78
77	98
78	22
79	55
80	60
/

sigma(i)	Size
/
0	0
1	3
2	6
3	3
4	4
5	8
6	1
7	1
8	3
9	4
10	7
11	3
12	6
13	8
14	3
15	6
16	4
17	3
18	4
19	3
20	6
21	9
22	8
23	1
24	5
25	5
26	7
27	2
28	8
29	6
30	1
31	3
32	3
33	9
34	9
35	5
36	8
37	9
38	1
39	3
40	8
41	6
42	7
43	6
44	7
45	3
46	9
47	4
48	9
49	4
50	2
51	3
52	2
53	5
54	8
55	7
56	1
57	8
58	9
59	4
60	9
61	1
62	4
63	4
64	1
65	1
66	5
67	7
68	1
69	2
70	6
71	5
72	2
73	4
74	3
75	4
76	4
77	6
78	8
79	4
80	6
/

epsilon(i)	Priority
/
0	0
1	3
2	6
3	9
4	6
5	7
6	6
7	7
8	3
9	6
10	1
11	5
12	8
13	4
14	7
15	4
16	4
17	5
18	9
19	1
20	7
21	6
22	4
23	8
24	7
25	1
26	2
27	2
28	1
29	3
30	3
31	4
32	5
33	6
34	7
35	9
36	7
37	9
38	7
39	3
40	1
41	7
42	6
43	8
44	3
45	8
46	2
47	1
48	8
49	5
50	6
51	7
52	2
53	6
54	5
55	2
56	7
57	8
58	4
59	3
60	5
61	2
62	1
63	2
64	8
65	9
66	7
67	6
68	5
69	1
70	5
71	9
72	8
73	6
74	9
75	9
76	9
77	6
78	7
79	5
80	8
/

psi	Vehicle Capacity
/ 44 /
;

Table kappa(i,j)                 Setup
         0        1        2        3        4        5        6        7        8        9        10       11       12       13       14       15       16       17       18       19       20       21       22       23       24       25       26       27       28       29       30       31       32       33       34       35       36       37       38       39       40       41       42       43       44       45       46       47       48       49       50       51       52       53       54       55       56       57       58       59       60       61       62       63       64       65       66       67       68       69       70       71       72       73       74       75       76       77       78       79       80       
0        0        7186     7073     1624     8151     6353     506      8760     1753     5120     2355     3498     6032     3170     3339     3734     3463     3538     5144     1837     7404     4533     4170     3855     3241     4082     2156     4651     5980     7329     3389     6773     4266     5865     4499     3289     1329     6041     4036     2441     8092     6039     7477     4783     6040     5662     4412     8282     4843     8943     6936     1833     6380     7288     5719     3985     8616     7501     6156     6849     4158     8503     6821     6007     7590     5500     6965     5314     6870     5302     2832     4631     7441     5802     3930     3073     9111     8633     2696     2341     1758     
1        7186     0        7674     5992     1008     1022     6950     2480     7048     2904     5021     4529     4075     4106     5236     4926     4811     7008     2753     5888     7270     3744     3016     3544     4067     5061     6063     5437     3204     4886     4854     425      5848     2495     5862     5666     6158     5338     3889     5524     1337     1263     818      4988     4450     1816     3321     2065     3631     3523     2305     5371     1167     5750     1523     7169     2919     799      3855     2662     4045     3481     6079     5116     406      1686     5560     1941     6683     4041     4422     2720     963      1387     6209     4783     3083     4132     5396     5160     5429     
2        7073     7674     0        7611     8001     6750     7380     7013     5382     8325     5692     4646     3599     6987     4191     4034     4404     3597     8192     7747     754      4503     6506     7340     7080     3616     5010     2898     9365     3223     8396     7371     2986     8694     2776     3989     5948     2341     4795     4984     7374     7543     7188     3143     3223     7747     5146     6828     8733     6141     5524     6294     7953     2295     6637     3187     6354     7229     3825     5154     4490     5657     1682     2562     7865     6917     2304     6408     1040     9466     5932     5889     7025     7099     3182     4883     6841     5157     4778     5492     6464     
3        1624     5992     7611     0        6992     5287     1171     7865     2874     3620     2013     3273     5760     1891     3468     3744     3387     4388     3669     218      7795     4116     3068     2478     1925     4162     2678     4853     4404     7154     1767     5603     4632     4366     4853     3621     1793     6110     3591     2626     7050     4770     6411     4830     5870     4318     3776     7372     3263     8254     6198     1346     5057     7326     4637     4829     7844     6429     5821     6194     3814     7870     6998     6019     6398     4334     6995     4270     7192     3684     2123     3729     6406     4613     4451     2896     8293     8125     2840     2165     1173     
4        8151     1008     8001     6992     0        1833     7931     1827     7922     3876     5939     5332     4445     5102     6008     5664     5595     7734     3731     6890     7519     4449     3985     4551     5066     5743     6923     6029     4050     4993     5857     1389     6488     3397     6473     6426     7084     5711     4674     6383     742      2269     850      5569     4815     2812     4116     1560     4593     3039     2477     6326     2123     5917     2438     7854     2440     811      4201     2849     4788     3142     6347     5491     614      2666     5777     2853     6977     4949     5357     3601     993      2378     6888     5624     2438     3844     6235     6062     6393     
5        6353     1022     6750     5287     1833     0        6161     2667     6090     2709     4110     3527     3168     3402     4225     3907     3802     5989     2538     5208     6391     2722     2224     2951     3383     4038     5095     4425     3337     4140     4383     637      4828     2564     4846     4652     5257     4409     2879     4554     1764     1087     1129     3980     3539     1609     2313     2177     3431     3410     1681     4521     1351     4941     649      6147     2860     1151     2969     1975     3025     3218     5200     4189     1360     1012     4722     1039     5783     3988     3539     1768     1121     840      5187     3801     3189     3772     4413     4230     4598     
6        506      6950     7380     1171     7931     6161     0        8637     2161     4750     2319     3542     6097     2872     3489     3856     3552     3903     4786     1376     7672     4538     3947     3531     2931     4231     2388     4845     5569     7432     2936     6544     4503     5497     4736     3499     1474     6209     4024     2578     7916     5770     7289     4932     6137     5362     4345     8152     4428     8890     6859     1707     6091     7455     5517     4354     8535     7312     6203     6798     4179     8467     7026     6158     7356     5266     7127     5122     7116     4854     2705     4481     7265     5562     4208     3120     9016     8639     2830     2357     1591     
7        8760     2480     7013     7865     1827     2667     8637     0        8163     5286     6418     5497     3773     6011     6045     5636     5688     7566     5122     7807     6422     4457     4807     5610     6004     5578     7159     5644     5683     3809     7050     2647     6178     4961     6098     6406     7544     4919     4849     6642     1162     3586     1699     5193     4088     4162     4379     494      6020     1261     1937     6942     3620     4762     3290     7581     732      1705     3519     2183     4848     1513     5332     4720     2249     3680     4709     3612     5974     6492     5937     4160     1612     3483     6645     5873     615      2209     6442     6479     7047     
8        1753     7048     5382     2874     7922     6090     2161     8163     0        5634     2098     2667     4922     3591     2179     2611     2484     1802     5605     3080     5772     3711     4180     4283     3692     2834     1009     3238     6644     6071     4407     6623     2758     6330     2982     1936     1186     4645     3324     1543     7705     6083     7148     3487     4840     5850     3841     7720     5579     8108     6241     2091     6487     5869     5525     2243     7883     7180     5098     6068     3317     7625     5321     4657     7430     5436     5561     5107     5281     6180     2733     4330     7074     5745     2340     2314     8413     7626     1722     1914     2168     
9        5120     2904     8325     3620     3876     2709     4750     5286     5634     0        3592     3914     5120     2050     4611     4527     4224     6333     172      3454     8170     3822     1841     1351     1955     4868     4841     5516     1082     6399     2095     2646     5679     747      5805     5020     4498     6127     3563     4387     4209     1699     3596     5194     5427     1124     3179     4817     734      6118     4290     3575     1752     7015     2245     6653     5560     3596     5014     4500     3859     5917     7050     5937     3265     1804     6730     2191     7518     1309     2989     2460     3673     1874     5832     3903     5851     6434     4395     3818     3545     
10       2355     5021     5692     2013     5939     4110     2319     6418     2098     3592     0        1272     3811     1613     1501     1735     1374     2859     3546     2107     5820     2220     2086     2254     1720     2158     1249     2863     4639     5181     2801     4597     2708     4261     2915     1750     1148     4096     1704     849      5806     3998     5211     2817     3887     3751     2056     5945     3643     6591     4580     679      4395     5314     3506     3243     6260     5239     3901     4496     1871     6157     4987     4007     5414     3371     4983     3088     5203     4310     634      2346     5159     3681     2628     882      6758     6319     961      240      846      
11       3498     4529     4646     3273     5332     3527     3542     5497     2667     3914     1272     0        2555     2341     739      630      316      2544     3816     3349     4681     1065     2095     2753     2436     1031     1661     1749     4996     3911     3756     4110     1784     4450     1938     1176     2178     2854     664      1153     5061     3755     4529     1600     2616     3693     1216     5052     4188     5506     3582     1951     4190     4055     3034     2795     5241     4562     2664     3432     673      5044     3769     2751     4886     3063     3724     2636     4044     4912     1302     1859     4442     3352     1922     424      5763     5139     945      1186     2117     
12       6032     4075     3599     5760     4445     3168     6097     3773     4922     5120     3811     2555     0        4396     2764     2336     2570     3922     4965     5805     3224     1657     3491     4470     4458     2092     4010     1930     6071     1411     5833     3779     2490     5338     2372     2995     4703     1270     2175     3605     3872     4043     3613     1519     375      4339     2155     3466     5673     3325     2000     4483     4428     1894     3140     3868     3265     3654     255      1652     1949     2811     2036     1048     4271     3483     1618     2994     2615     6383     3653     2701     3456     3613     2984     2976     3810     2711     3356     3742     4641     
13       3170     4106     6987     1891     5102     3402     2872     6011     3591     2050     1613     2341     4396     0        2901     2962     2601     4459     2037     1806     6992     2771     1205     707      107      3372     2852     4088     3056     5804     1454     3713     4090     2768     4264     3250     2447     5065     2308     2454     5164     2902     4523     3892     4597     2494     2248     5516     2030     6488     4439     1525     3219     6173     2753     4826     6040     4541     4393     4488     2603     6142     6006     4921     4513     2442     5851     2400     6346     2700     1105     1960     4523     2724     4120     2162     6466     6474     2520     1851     1503     
14       3339     5236     4191     3468     6008     4225     3489     6045     2179     4611     1501     739      2764     2901     0        432      430      1805     4521     3585     4329     1600     2815     3395     3004     743      1247     1388     5693     3998     4244     4821     1214     5170     1415     438      2025     2720     1347     910      5695     4493     5190     1446     2723     4430     1914     5620     4838     5933     4109     2126     4928     3966     3756     2061     5725     5225     2927     3912     1228     5446     3558     2672     5584     3799     3638     3365     3723     5551     1800     2594     5092     4086     1230     740      6261     5454     660      1310     2299     
15       3734     4926     4034     3744     5664     3907     3856     5636     2611     4527     1735     630      2336     2962     432      0        373      2081     4423     3843     4102     1221     2695     3382     3059     427      1674     1147     5606     3594     4362     4517     1157     5041     1308     775      2409     2377     1070     1292     5322     4257     4835     1091     2309     4244     1626     5219     4816     5503     3699     2398     4695     3613     3477     2269     5303     4871     2496     3491     881      5015     3253     2308     5262     3561     3283     3102     3476     5541     1898     2356     4731     3836     1344     867      5840     5022     1038     1583     2571     
16       3463     4811     4404     3387     5595     3802     3552     5688     2484     4224     1374     316      2570     2601     430      373      0        2235     4128     3481     4475     1231     2410     3045     2699     799      1497     1520     5306     3879     3992     4395     1494     4766     1662     868      2133     2724     923      1040     5298     4063     4782     1442     2585     4008     1490     5254     4484     5636     3760     2045     4499     3949     3327     2479     5399     4816     2705     3584     841      5161     3613     2641     5163     3369     3619     2935     3848     5205     1528     2164     4689     3656     1608     497      5929     5214     798      1237     2216     
17       3538     7008     3597     4388     7734     5989     3903     7566     1802     6333     2859     2544     3922     4459     1805     2081     2235     0        6257     4566     4037     3285     4587     5049     4566     2008     1733     1999     7408     4791     5621     6599     1435     6931     1588     1367     2600     3263     3133     2010     7359     6298     6898     2407     3723     6228     3699     7182     6475     7247     5644     3243     6733     4390     5549     450      7146     6935     4150     5384     2963     6733     3757     3341     7343     5604     4115     5165     3605     7160     3378     4398     6787     5890     938      2443     7692     6584     1948     2619     3386     
18       5144     2753     8192     3669     3731     2538     4786     5122     5605     172      3546     3816     4965     2037     4521     4423     4128     6257     0        3511     8028     3689     1730     1330     1946     4757     4792     5396     1186     6237     2197     2485     5572     731      5693     4934     4480     5983     3445     4328     4051     1536     3435     5067     5274     960      3046     4651     898      5948     4118     3561     1609     6859     2073     6569     5391     3435     4855     4329     3738     5745     6903     5791     3119     1632     6576     2025     7377     1479     2934     2317     3509     1702     5737     3820     5684     6262     4326     3767     3539     
19       1837     5888     7747     218      6890     5208     1376     7807     3080     3454     2107     3349     5805     1806     3585     3843     3481     4566     3511     0        7914     4154     3001     2355     1829     4265     2847     4964     4215     7206     1560     5505     4763     4199     4981     3758     1980     6198     3631     2764     6970     4655     6329     4922     5928     4189     3784     7314     3074     8228     6172     1458     4929     7405     4559     5005     7806     6346     5857     6180     3866     7854     7095     6100     6293     4242     7074     4202     7305     3479     2154     3693     6329     4515     4599     2986     8248     8127     2969     2275     1286     
20       7404     7270     754      7795     7519     6391     7672     6422     5772     8170     5820     4681     3224     6992     4329     4102     4475     4037     8028     7914     0        4365     6391     7279     7079     3675     5284     2958     9182     2612     8430     6994     3181     8481     2952     4199     6212     2049     4724     5183     6864     7252     6729     3099     2858     7506     5003     6271     8630     5489     5049     6456     7646     1659     6344     3663     5741     6770     3424     4676     4419     5020     1192     2252     7431     6659     1745     6156     653      9361     5983     5710     6562     6815     3474     4970     6210     4485     4957     5639     6628     
21       4533     3744     4503     4116     4449     2722     4538     4457     3711     3822     2220     1065     1657     2771     1600     1221     1231     3285     3689     4154     4365     0        2025     2939     2841     1317     2714     1786     4863     3066     4222     3347     2121     4208     2167     1994     3228     2350     525      2217     4101     3206     3616     1399     1826     3302     642      4024     4265     4441     2529     2872     3641     3404     2358     3425     4178     3653     1704     2367     395      3982     3292     2183     4066     2525     3085     2028     3711     4995     1999     1396     3510     2766     2464     1476     4704     4103     2000     2194     3023     
22       4170     3016     6506     3068     3985     2224     3947     4807     4180     1841     2086     2095     3491     1205     2815     2695     2410     4587     1730     3001     6391     2025     0        994      1207     3027     3262     3676     2916     4861     2449     2603     3842     2356     3964     3239     3185     4370     1724     2751     3988     1917     3353     3366     3752     1682     1392     4313     2239     5296     3257     2360     2309     5356     1576     4874     4838     3373     3438     3334     2023     4965     5308     4193     3419     1330     5052     1202     5737     2970     1456     830      3341     1635     4017     2146     5260     5333     2702     2267     2413     
23       3855     3544     7340     2478     4551     2951     3531     5610     4283     1351     2254     2753     4470     707      3395     3382     3045     5049     1330     2355     7279     2939     994      0        621      3765     3504     4459     2384     5850     1482     3174     4536     2061     4689     3779     3150     5288     2555     3069     4685     2301     4040     4202     4717     1841     2335     5117     1442     6203     4192     2231     2578     6318     2320     5393     5715     4053     4426     4298     2862     5900     6231     5122     3947     1946     6008     2033     6626     2160     1674     1823     4062     2193     4626     2662     6103     6299     3101     2485     2211     
24       3241     4067     7080     1925     5066     3383     2931     6004     3692     1955     1720     2436     4458     107      3004     3059     2699     4566     1946     1829     7079     2841     1207     621      0        3467     2958     4182     2953     5864     1380     3678     4190     2677     4362     3355     2543     5145     2386     2561     5142     2852     4500     3980     4664     2431     2306     5510     1923     6501     4456     1620     3160     6245     2735     4932     6046     4517     4450     4514     2683     6161     6087     4998     4473     2412     5924     2392     6432     2593     1210     1984     4504     2688     4223     2264     6466     6504     2626     1958     1593     
25       4082     5061     3616     4162     5743     4038     4231     5578     2834     4868     2158     1031     2092     3372     743      427      799      2008     4757     4265     3675     1317     3027     3765     3467     0        1966     722      5943     3269     4781     4664     831      5351     936      902      2769     1980     1329     1653     5352     4482     4902     702      2010     4516     1840     5183     5190     5351     3647     2816     4920     3224     3662     2113     5195     4939     2282     3404     1071     4851     2838     1928     5378     3791     2896     3311     3050     5918     2320     2602     4786     4050     1149     1294     5739     4803     1401     1998     2988     
26       2156     6063     5010     2678     6923     5095     2388     7159     1009     4841     1249     1661     4010     2852     1247     1674     1497     1733     4792     2847     5284     2714     3262     3504     2958     1966     0        2496     5888     5235     3908     5639     2117     5503     2350     1133     938      3894     2316     540      6697     5138     6144     2657     3967     4944     2833     6713     4881     7134     5241     1516     5552     5140     4542     2162     6892     6176     4169     5078     2319     6658     4665     3872     6441     4476     4819     4125     4729     5533     1861     3343     6067     4783     1828     1306     7418     6692     716      1024     1654     
27       4651     5437     2898     4853     6029     4425     4845     5644     3238     5516     2863     1749     1930     4088     1388     1147     1520     1999     5396     4964     2958     1786     3676     4459     4182     722      2496     0        6582     2858     5503     5061     563      5961     455      1363     3371     1410     1952     2281     5565     4990     5179     462      1725     5082     2393     5291     5871     5255     3760     3508     5424     2648     4128     1943     5181     5218     2166     3465     1659     4740     2181     1422     5722     4312     2332     3813     2340     6602     3042     3165     5046     4548     1063     2012     5728     4588     2039     2689     3681     
28       5980     3204     9365     4404     4050     3337     5569     5683     6644     1082     4639     4996     6071     3056     5693     5606     5306     7408     1186     4215     9182     4863     2916     2384     2953     5943     5888     6582     0        7290     2697     3076     6758     774      6880     6101     5485     7133     4631     5449     4540     2250     3995     6248     6395     1778     4222     5253     1141     6660     5007     4562     2080     7961     3025     7732     6072     3984     5943     5266     4922     6531     8043     6936     3485     2618     7689     3082     8533     1001     4050     3478     4109     2579     6914     4983     6282     7108     5466     4869     4512     
29       7329     4886     3223     7154     4993     4140     7432     3809     6071     6399     5181     3911     1411     5804     3998     3594     3879     4791     6237     7206     2612     3066     4861     5850     5864     3269     5235     2858     7290     0        7235     4678     3398     6533     3212     4142     6002     1540     3580     4887     4305     5142     4251     2586     1295     5520     3558     3671     6993     2929     2586     5857     5479     953      4277     4620     3134     4289     1423     2224     3340     2436     1565     1451     4984     4671     934      4219     2194     7688     5057     4049     4078     4743     3890     4322     3618     1994     4633     5092     6020     
30       3389     4854     8396     1767     5857     4383     2936     7050     4407     2095     2801     3756     5833     1454     4244     4362     3992     5621     2197     1560     8430     4222     2449     1482     1380     4781     3908     5503     2697     7235     0        4523     5455     2802     5643     4543     3226     6518     3763     3634     6075     3591     5434     5332     6045     3048     3678     6560     1572     7682     5675     2395     3768     7626     3772     6026     7186     5443     5817     5776     4056     7383     7458     6375     5243     3370     7305     3510     7787     1918     2464     3275     5473     3582     5423     3521     7561     7777     3762     3034     2274     
31       6773     425      7371     5603     1389     637      6544     2647     6623     2646     4597     4110     3779     3713     4821     4517     4395     6599     2485     5505     6994     3347     2603     3174     3678     4664     5639     5061     3076     4678     4523     0        5459     2329     5481     5252     5736     5029     3474     5099     1568     952      951      4617     4152     1527     2906     2193     3380     3585     2132     4954     995      5512     1097     6768     2995     950      3570     2467     3637     3480     5802     4808     819      1278     5305     1516     6394     3847     4000     2295     1042     990      5810     4360     3228     4097     4972     4735     5015     
32       4266     5848     2986     4632     6488     4828     4503     6178     2758     5679     2708     1784     2490     4090     1214     1157     1494     1435     5572     4763     3181     2121     3842     4536     4190     831      2117     563      6758     3398     5455     5459     0        6177     233      1018     3035     1906     2159     2008     6054     5309     5640     987      2288     5347     2669     5814     5972     5815     4278     3308     5747     3113     4478     1402     5731     5679     2722     3996     1902     5301     2572     1949     6152     4619     2810     4135     2612     6696     3000     3433     5515     4874     500      1936     6278     5151     1794     2505     3478     
33       5865     2495     8694     4366     3397     2564     5497     4961     6330     747      4261     4450     5338     2768     5170     5041     4766     6931     731      4199     8481     4208     2356     2061     2677     5351     5503     5961     774      6533     2802     2329     6177     0        6283     5592     5210     6432     4024     5029     3832     1477     3264     5604     5671     1012     3574     4518     1288     5906     4232     4292     1341     7223     2260     7229     5322     3256     5201     4493     4304     5764     7330     6230     2807     1864     6957     2343     7836     1552     3642     2812     3369     1807     6371     4489     5552     6336     5015     4479     4270     
34       4499     5862     2776     4853     6473     4846     4736     6098     2982     5805     2915     1938     2372     4264     1415     1308     1662     1588     5693     4981     2952     2167     3964     4689     4362     936      2350     455      6880     3212     5643     5481     233      6283     0        1246     3267     1702     2259     2233     6017     5371     5623     915      2144     5433     2744     5747     6119     5693     4216     3524     5807     2894     4524     1496     5630     5662     2612     3921     1985     5176     2342     1760     6156     4685     2595     4194     2380     6846     3182     3514     5493     4932     681      2121     6176     5001     2013     2717     3695     
35       3289     5666     3989     3621     6426     4652     3499     6406     1936     5020     1750     1176     2995     3250     438      775      868      1367     4934     3758     4199     1994     3239     3779     3355     902      1133     1363     6101     4142     4543     5252     1018     5592     1246     0        2026     2765     1778     995      6096     4931     5602     1556     2904     4864     2346     5992     5220     6236     4469     2310     5366     4009     4191     1636     6058     5638     3181     4252     1638     5741     3534     2752     6011     4237     3689     3802     3623     5926     2144     3032     5500     4524     879      1120     6598     5705     798      1530     2478     
36       1329     6158     5948     1793     7084     5257     1474     7544     1186     4498     1148     2178     4703     2447     2025     2409     2133     2600     4480     1980     6212     3228     3185     3150     2543     2769     938      3371     5485     6002     3226     5736     3035     5210     3267     2026     0        4741     2746     1118     6953     5102     6359     3471     4712     4811     3167     7076     4405     7659     5680     924      5484     5988     4649     3045     7357     6387     4830     5570     2845     7208     5551     4697     6554     4495     5662     4232     5647     4996     1738     3494     6307     4805     2766     1756     7864     7317     1372     1065     984      
37       6041     5338     2341     6110     5711     4409     6209     4919     4645     6127     4096     2854     1270     5065     2720     2377     2724     3263     5983     6198     2049     2350     4370     5288     5145     1980     3894     1410     7133     1540     6518     5029     1906     6432     1702     2765     4741     0        2759     3631     5121     5222     4883     1285     896      5460     2977     4660     6607     4273     3250     4769     5624     1247     4314     3080     4338     4923     1509     2890     2462     3755     944      222      5541     4616     924      4110     1405     7335     4133     3667     4724     4781     2383     3214     4867     3452     3380     3958     4940     
38       4036     3889     4795     3591     4674     2879     4024     4849     3324     3563     1704     664      2175     2308     1347     1070     923      3133     3445     3631     4724     525      1724     2555     2386     1329     2316     1952     4631     3580     3763     3474     2159     4024     2259     1778     2746     2759     0        1793     4396     3186     3866     1652     2321     3189     567      4398     3937     4913     2948     2349     3624     3872     2415     3339     4618     3900     2230     2823     306      4466     3702     2612     4239     2491     3548     2034     4073     4670     1478     1287     3778     2766     2410     1024     5134     4614     1602     1695     2499     
39       2441     5524     4984     2626     6383     4554     2578     6642     1543     4387     849      1153     3605     2454     910      1292     1040     2010     4328     2764     5183     2217     2751     3069     2561     1653     540      2281     5449     4887     3634     5099     2008     5029     2233     995      1118     3631     1793     0        6162     4610     5605     2355     3600     4433     2299     6192     4479     6655     4734     1324     5027     4876     4002     2396     6394     5637     3745     4585     1823     6187     4460     3581     5900     3944     4549     3587     4595     5154     1398     2804     5530     4250     1842     773      6916     6254     254      609      1489     
40       8092     1337     7374     7050     742      1764     7916     1162     7705     4209     5806     5061     3872     5164     5695     5322     5298     7359     4051     6970     6864     4101     3988     4685     5142     5352     6697     5565     4540     4305     6075     1568     6054     3832     6017     6096     6953     5121     4396     6162     0        2520     644      5103     4232     3095     3863     826      4942     2318     1872     6259     2498     5241     2413     7443     1713     632      3621     2232     4467     2400     5705     4905     1086     2741     5119     2794     6342     5376     5264     3467     651      2498     6481     5390     1776     3101     5991     5904     6343     
41       6039     1263     7543     4770     2269     1087     5770     3586     6083     1699     3998     3755     4043     2902     4493     4257     4063     6298     1536     4655     7252     3206     1917     2301     2852     4482     5138     4990     2250     5142     3591     952      5309     1477     5371     4931     5102     5222     3186     4610     2520     0        1898     4581     4398     576      2644     3119     2433     4454     2762     4261     438      5890     908      6524     3882     1900     3875     3037     3412     4293     6074     5008     1657     695      5645     1177     6623     2934     3372     1902     1973     446      5595     3926     4154     4859     4523     4169     4298     
42       7477     818      7188     6411     850      1129     7289     1699     7148     3596     5211     4529     3613     4523     5190     4835     4782     6898     3435     6329     6729     3616     3353     4040     4500     4902     6144     5179     3995     4251     5434     951      5640     3264     5623     5602     6359     4883     3866     5605     644      1898     0        4718     3986     2475     3317     1258     4330     2705     1682     5644     1923     5153     1776     7010     2101     40       3373     2055     3964     2673     5548     4662     748      2096     4993     2167     6172     4793     4655     2866     173      1854     6045     4839     2288     3337     5446     5319     5723     
43       4783     4988     3143     4830     5569     3980     4932     5193     3487     5194     2817     1600     1519     3892     1446     1091     1442     2407     5067     4922     3099     1399     3366     4202     3980     702      2657     462      6248     2586     5332     4617     987      5604     915      1556     3471     1285     1652     2355     5103     4581     4718     0        1365     4700     2030     4835     5589     4840     3301     3486     5011     2524     3706     2388     4745     4758     1742     3012     1347     4328     2173     1226     5268     3911     2196     3407     2454     6322     2899     2794     4585     4136     1470     1936     5291     4214     2102     2673     3658     
44       6040     4450     3223     5870     4815     3539     6137     4088     4840     5427     3887     2616     375      4597     2723     2309     2585     3723     5274     5928     2858     1826     3752     4717     4664     2010     3967     1725     6395     1295     6045     4152     2288     5671     2144     2904     4712     896      2321     3600     4232     4398     3986     1365     0        4678     2384     3801     5958     3560     2360     4565     4788     1603     3492     3633     3549     4026     613      2005     2064     3041     1675     676      4647     3824     1304     3329     2244     6676     3788     2985     3828     3964     2788     3026     4090     2863     3346     3796     4729     
45       5662     1816     7747     4318     2812     1609     5362     4162     5850     1124     3751     3693     4339     2494     4430     4244     4008     6228     960      4189     7506     3302     1682     1841     2431     4516     4944     5082     1778     5520     3048     1527     5347     1012     5433     4864     4811     5460     3189     4433     3095     576      2475     4700     4678     0        2690     3693     1857     5009     3247     3933     740      6218     1247     6487     4444     2476     4196     3493     3448     4828     6345     5254     2197     856      5956     1351     6866     2379     3117     1918     2549     805      5589     3804     4727     5372     4377     3943     3952     
46       4412     3321     5146     3776     4116     2313     4345     4379     3841     3179     2056     1216     2155     2248     1914     1626     1490     3699     3046     3784     5003     642      1392     2335     2306     1840     2833     2393     4222     3558     3678     2906     2669     3574     2744     2346     3167     2977     567      2299     3863     2644     3317     2030     2384     2690     0        3915     3630     4544     2524     2640     3082     3983     1851     3894     4204     3350     2144     2453     768      4126     3915     2801     3673     1951     3673     1478     4349     4359     1669     771      3236     2215     2954     1527     4702     4350     2129     2101     2770     
47       8282     2065     6828     7372     1560     2177     8152     494      7720     4817     5945     5052     3466     5516     5620     5219     5254     7182     4651     7314     6271     4024     4313     5117     5510     5183     6713     5291     5253     3671     6560     2193     5814     4518     5747     5992     7076     4660     4398     6192     826      3119     1258     4835     3801     3693     3915     0        5550     1494     1539     6460     3178     4622     2796     7217     888      1270     3210     1830     4412     1589     5146     4453     1883     3189     4536     3117     5789     6039     5455     3672     1151     2999     6271     5420     1035     2296     5997     6011     6562     
48       4843     3631     8733     3263     4593     3431     4428     6020     5579     734      3643     4188     5673     2030     4838     4816     4484     6475     898      3074     8630     4265     2239     1442     1923     5190     4881     5871     1141     6993     1572     3380     5972     1288     6119     5220     4405     6607     3937     4479     4942     2433     4330     5589     5958     1857     3630     5550     0        6841     4980     3488     2472     7559     2937     6828     6287     4330     5587     5173     4242     6627     7543     6427     3985     2494     7263     2835     7976     732      3098     2974     4407     2592     6068     4104     6583     7128     4528     3880     3423     
49       8943     3523     6141     8254     3039     3410     8890     1261     8108     6118     6591     5506     3325     6488     5933     5503     5636     7247     5948     8228     5489     4441     5296     6203     6501     5351     7134     5255     6660     2929     7682     3585     5815     5906     5693     6236     7659     4273     4913     6655     2318     4454     2705     4840     3560     5009     4544     1494     6841     0        2056     7185     4581     3847     3943     7188     608      2724     3097     2094     4833     520      4495     4103     3373     4376     3864     4172     5121     7386     6201     4539     2568     4249     6308     5916     781      1041     6428     6606     7311     
