

sets
i        orders          /0*20/
k        routes          /1*20/
p        positions       /0*20/
;

alias(i,j)
alias(i,h)
alias(i,hh)
alias(i,jj)
alias(k,kk)
                            Parameters

rho(i)	Processing time
/
0	0
1	76
2	80
3	38
4	83
5	70
6	68
7	95
8	39
9	14
10	69
11	23
12	4
13	20
14	55
15	60
16	75
17	26
18	84
19	66
20	57
/

gamma(i)	Duedate
/
0	0
1	25
2	8
3	35
4	10
5	81
6	32
7	93
8	75
9	50
10	53
11	2
12	57
13	12
14	28
15	3
16	5
17	31
18	5
19	7
20	36
/

sigma(i)	Size
/
0	0
1	5
2	4
3	3
4	3
5	4
6	9
7	8
8	2
9	4
10	5
11	7
12	1
13	9
14	3
15	8
16	8
17	9
18	6
19	2
20	6
/

epsilon(i)	Priority
/
0	0
1	2
2	1
3	1
4	4
5	8
6	6
7	7
8	2
9	3
10	9
11	1
12	2
13	9
14	6
15	8
16	9
17	5
18	4
19	6
20	9
/

psi	Vehicle Capacity
/ 62 /
;

Table kappa(i,j)                 Setup
         0        1        2        3        4        5        6        7        8        9        10       11       12       13       14       15       16       17       18       19       20       
0        0        1933     1065     1286     916      2100     1155     1823     994      1583     1038     1319     2024     823      2033     268      1076     91       2100     1382     1883     
1        1933     0        1175     661      1282     1888     1098     2012     939      799      1252     1629     225      1658     1755     1672     1626     1844     840      978      1728     
2        1065     1175     0        590      1089     1202     1148     1090     555      550      77       560      1165     491      1099     893      467      980      1057     324      977      
3        1286     661      590      0        816      1623     746      1616     302      549      665      1129     738      1034     1500     1033     1056     1195     971      553      1418     
4        916      1282     1089     816      0        2288     249      2162     581      1341     1127     1612     1449     1259     2180     674      1430     854      1787     1261     2065     
5        2100     1888     1202     1623     2288     0        2320     415      1726     1128     1175     781      1732     1278     132      2015     1025     2036     1159     1071     225      
6        1155     1098     1148     746      249      2320     0        2238     596      1295     1200     1698     1285     1401     2204     902      1541     1087     1694     1259     2102     
7        1823     2012     1090     1616     2162     415      2238     0        1645     1214     1039     552      1894     1008     461      1782     769      1770     1402     1077     356      
8        994      939      555      302      581      1726     596      1645     0        767      612      1112     1037     886      1613     735      978      904      1242     680      1507     
9        1583     799      550      549      1341     1128     1295     1214     767      0        610      855      706      1020     998      1374     908      1493     517      237      946      
10       1038     1252     77       665      1127     1175     1200     1039     612      610      0        499      1239     418      1078     882      391      956      1109     377      949      
11       1319     1629     560      1129     1612     781      1698     552      1112     855      499      0        1560     496      723      1247     243      1256     1221     650      568      
12       2024     225      1165     738      1449     1732     1285     1894     1037     706      1239     1560     0        1656     1600     1771     1590     1933     635      918      1589     
13       823      1658     491      1034     1259     1278     1401     1008     886      1020     418      496      1656     0        1217     777      252      764      1499     783      1064     
14       2033     1755     1099     1500     2180     132      2204     461      1613     998      1078     723      1600     1217     0        1934     965      1965     1032     950      157      
15       268      1672     893      1033     674      2015     902      1782     735      1374     882      1247     1771     777      1934     0        1014     188      1889     1192     1792     
16       1076     1626     467      1056     1430     1025     1541     769      978      908      391      243      1590     252      965      1014     0        1014     1344     676      812      
17       91       1844     980      1195     854      2036     1087     1770     904      1493     956      1256     1933     764      1965     188      1014     0        2011     1295     1817     
18       2100     840      1057     971      1787     1159     1694     1402     1242     517      1109     1221     635      1499     1032     1889     1344     2011     0        733      1059     
19       1382     978      324      553      1261     1071     1259     1077     680      237      377      650      918      783      950      1192     676      1295     733      0        864      
20       1883     1728     977      1418     2065     225      2102     356      1507     946      949      568      1589     1064     157      1792     812      1817     1059     864      0        
;



Table delta(i,j)                 Distance
         0        1        2        3        4        5        6        7        8        9        10       11       12       13       14       15       16       17       18       19       20       
0        0        18       100      140      128      108      113      16       78       145      140      126      49       89       68       45       114      97       138      64       69       
1        18       0        82       124      118      89       124      10       84       127      135      107      32       76       84       40       123      83       123      82       87       
2        100      82       0        66       107      7        186      87       136      56       139      28       57       65       162      87       179      58       73       161      167      
3        140      124      66       0        67       63       189      124      139      103      102      74       92       58       186      106      177      46       13       188      196      
4        128      118      107      67       0        109      134      113      90       159      35       128      92       47       148      82       119      49       55       154      162      
5        108      89       7        63       109      0        193      94       142      52       142      22       64       69       169      94       185      61       71       169      175      
6        113      124      186      189      134      193      0        114      51       241      116      215      132      133      59       99       17       146      179      69       75       
7        16       10       87       124      113      94       114      0        74       134      127      113      33       73       77       32       113      81       122      75       80       
8        78       84       136      139      90       142      51       74       0        192      81       164      84       82       62       50       43       95       130      69       78       
9        145      127      56       103      159      52       241      134      192      0        193      31       109      121      211      142      235      112      114      209      214      
10       140      135      139      102      35       142      116      127      81       193      0        161      114      75       144      95       99       81       89       151      160      
11       126      107      28       74       128      22       215      113      164      31       161      0        85       91       189      116      207      81       84       188      194      
12       49       32       57       92       92       64       132      33       84       109      114      85       0        46       105      33       127      51       90       105      111      
13       89       76       65       58       47       69       133      73       82       121      75       91       46       0        127      49       122      12       52       131      139      
14       68       84       162      186      148      169      59       77       62       211      144      189      105      127      0        80       70       139      179      9        16       
15       45       40       87       106      82       94       99       32       50       142      95       116      33       49       80       0        94       60       101      82       90       
16       114      123      179      177      119      185      17       113      43       235      99       207      127      122      70       94       0        135      166      80       86       
17       97       83       58       46       49       61       146      81       95       112      81       81       51       12       139      60       135      0        41       142      150      
18       138      123      73       13       55       71       179      122      130      114      89       84       90       52       179      101      166      41       0        183      191      
19       64       82       161      188      154      169      69       75       69       209      151      188      105      131      9        82       80       142      183      0        8        
20       69       87       167      196      162      175      75       80       78       214      160      194      111      139      16       90       86       150      191      8        0        
;

