

sets
i        orders          /0*10/
k        routes          /1*10/
p        positions       /0*10/
;

alias(i,j)
alias(i,h)
alias(i,hh)
alias(i,jj)
alias(k,kk)
                            Parameters

rho(i)	Processing time
/
0	0
1	59
2	12
3	25
4	84
5	61
6	6
7	50
8	83
9	1
10	97
/

gamma(i)	Duedate
/
0	0
1	79
2	85
3	27
4	89
5	94
6	41
7	56
8	41
9	6
10	38
/

sigma(i)	Size
/
0	0
1	9
2	2
3	9
4	1
5	7
6	4
7	3
8	5
9	2
10	7
/

epsilon(i)	Priority
/
0	0
1	8
2	8
3	3
4	4
5	2
6	8
7	1
8	1
9	4
10	9
/

psi	Vehicle Capacity
/ 146 /
;

Table kappa(i,j)                 Setup
         0        1        2        3        4        5        6        7        8        9        10       
0        0        38       47       49       39       74       56       99       29       83       4        
1        38       0        18       20       46       40       59       61       62       49       38       
2        47       18       0        36       64       27       46       61       75       58       46       
3        49       20       36       0        38       48       79       55       66       34       50       
4        39       46       64       38       0        85       92       92       37       66       43       
5        74       40       27       48       85       0        64       42       101      52       73       
6        56       59       46       79       92       64       0        105      82       104      52       
7        99       61       61       55       92       42       105      0        121      30       100      
8        29       62       75       66       37       101      82       121      0        99       32       
9        83       49       58       34       66       52       104      30       99       0        84       
10       4        38       46       50       43       73       52       100      32       84       0        
;



Table delta(i,j)                 Distance
         0        1        2        3        4        5        6        7        8        9        10       
0        0        1440     1840     1190     2120     1380     2160     1190     1360     1710     1920     
1        1440     0        127      170      274      53       107      54       263      252      96       
2        1840     127      0        268      186      75       70       86       239      184      48       
3        1190     170      268      0        332      200      274      184      242      290      257      
4        2120     274      186      332      0        226      256      220      139      47       233      
5        1380     53       75       200      226      0        79       19       235      209      57       
6        2160     107      70       274      256      79       0        98       298      252      26       
7        1190     54       86       184      220      19       98       0        219      199      76       
8        1360     263      239      242      139      235      298      219      0        93       272      
9        1710     252      184      290      47       209      252      199      93       0        227      
10       1920     96       48       257      233      57       26       76       272      227      0        
;

