

sets
i        orders          /0*10/
k        routes          /1*10/
p        positions       /0*10/
;

alias(i,j)
alias(i,h)
alias(i,hh)
alias(i,jj)
alias(k,kk)
                            Parameters

rho(i)	Processing time
/
0	0
1	80
2	56
3	68
4	3
5	66
6	60
7	36
8	44
9	64
10	85
/

gamma(i)	Duedate
/
0	0
1	63
2	29
3	29
4	27
5	13
6	12
7	52
8	47
9	38
10	70
/

sigma(i)	Size
/
0	0
1	8
2	5
3	8
4	7
5	4
6	3
7	2
8	2
9	6
10	9
/

epsilon(i)	Priority
/
0	0
1	3
2	7
3	7
4	6
5	2
6	9
7	4
8	6
9	4
10	2
/

psi	Vehicle Capacity
/ 121 /
;

Table kappa(i,j)                 Setup
         0        1        2        3        4        5        6        7        8        9        10       
0        0        30       68       66       59       42       37       63       18       78       28       
1        30       0        72       71       87       24       61       61       45       66       28       
2        68       72       0        4        72       52       102      13       58       34       92       
3        66       71       4        0        68       52       99       15       55       38       91       
4        59       87       72       68       0        87       64       78       41       102      85       
5        42       24       52       52       87       0        79       40       49       42       51       
6        37       61       102      99       64       79       0        99       44       116      39       
7        63       61       13       15       78       40       99       0        57       24       84       
8        18       45       58       55       41       49       44       57       0        76       47       
9        78       66       34       38       102      42       116      24       76       0        93       
10       28       28       92       91       85       51       39       84       47       93       0        
;



Table delta(i,j)                 Distance
         0        1        2        3        4        5        6        7        8        9        10       
0        0        2230     490      480      1170     2430     1180     1830     990      1380     1760     
1        2230     0        197      186      221      66       139      61       133      122      93       
2        490      197      0        67       151      229      74       148      95       139      136      
3        480      186      67       0        84       198      110      155      55       90       157      
4        1170     221      151      84       0        207      188      211      101      99       223      
5        2430     66       229      198      207      0        186      121      144      113      153      
6        1180     139      74       110      188      186      0        81       95       132      62       
7        1830     61       148      155      211      121      81       0        111      122      32       
8        990      133      95       55       101      144      95       111      0        43       122      
9        1380     122      139      90       99       113      132      122      43       0        142      
10       1760     93       136      157      223      153      62       32       122      142      0        
;

