

sets
i        orders          /0*80/
k        routes          /1*80/
p        positions       /0*80/
;

alias(i,j)
alias(i,h)
alias(i,hh)
alias(i,jj)
alias(k,kk)
                            Parameters

rho(i)	Processing time
/
0	0
1	4
2	96
3	36
4	53
5	28
6	37
7	2
8	62
9	91
10	32
11	19
12	63
13	77
14	68
15	50
16	59
17	56
18	95
19	61
20	61
21	76
22	71
23	79
24	53
25	65
26	46
27	6
28	68
29	51
30	33
31	15
32	77
33	1
34	9
35	48
36	12
37	27
38	6
39	14
40	47
41	83
42	52
43	75
44	2
45	84
46	80
47	65
48	47
49	28
50	97
51	72
52	4
53	11
54	12
55	49
56	71
57	70
58	94
59	90
60	13
61	83
62	67
63	15
64	82
65	36
66	14
67	38
68	20
69	4
70	85
71	49
72	49
73	89
74	73
75	66
76	4
77	14
78	97
79	79
80	86
/

gamma(i)	Duedate
/
0	0
1	63
2	35
3	41
4	83
5	60
6	28
7	83
8	99
9	18
10	86
11	52
12	25
13	70
14	77
15	69
16	15
17	46
18	15
19	47
20	41
21	89
22	53
23	33
24	4
25	63
26	79
27	71
28	71
29	52
30	33
31	14
32	58
33	29
34	43
35	19
36	3
37	95
38	1
39	63
40	6
41	6
42	33
43	14
44	78
45	91
46	36
47	32
48	26
49	23
50	6
51	39
52	91
53	97
54	64
55	31
56	42
57	26
58	89
59	75
60	3
61	81
62	79
63	60
64	96
65	74
66	65
67	32
68	64
69	31
70	96
71	77
72	55
73	39
74	55
75	87
76	91
77	61
78	15
79	48
80	75
/

sigma(i)	Size
/
0	0
1	8
2	7
3	4
4	5
5	5
6	4
7	9
8	3
9	6
10	5
11	5
12	8
13	6
14	4
15	2
16	4
17	7
18	9
19	1
20	4
21	9
22	5
23	7
24	4
25	1
26	8
27	9
28	6
29	2
30	6
31	8
32	6
33	5
34	9
35	8
36	6
37	9
38	7
39	7
40	4
41	2
42	8
43	2
44	8
45	7
46	3
47	2
48	8
49	6
50	4
51	6
52	7
53	7
54	2
55	3
56	1
57	3
58	8
59	9
60	3
61	4
62	8
63	7
64	3
65	3
66	3
67	7
68	9
69	5
70	3
71	9
72	7
73	7
74	9
75	1
76	9
77	5
78	4
79	3
80	5
/

epsilon(i)	Priority
/
0	0
1	8
2	5
3	2
4	1
5	8
6	1
7	9
8	6
9	3
10	5
11	9
12	2
13	4
14	1
15	8
16	6
17	4
18	3
19	3
20	6
21	6
22	1
23	4
24	9
25	5
26	1
27	4
28	9
29	1
30	6
31	9
32	3
33	5
34	1
35	1
36	3
37	7
38	4
39	1
40	5
41	4
42	4
43	9
44	4
45	2
46	2
47	5
48	3
49	9
50	4
51	7
52	2
53	5
54	7
55	5
56	8
57	6
58	8
59	3
60	3
61	4
62	8
63	3
64	4
65	5
66	2
67	9
68	5
69	5
70	6
71	1
72	8
73	9
74	5
75	1
76	5
77	8
78	2
79	6
80	5
/

psi	Vehicle Capacity
/ 43 /
;

Table kappa(i,j)                 Setup
         0        1        2        3        4        5        6        7        8        9        10       11       12       13       14       15       16       17       18       19       20       21       22       23       24       25       26       27       28       29       30       31       32       33       34       35       36       37       38       39       40       41       42       43       44       45       46       47       48       49       50       51       52       53       54       55       56       57       58       59       60       61       62       63       64       65       66       67       68       69       70       71       72       73       74       75       76       77       78       79       80       
0        0        2805     2187     2445     777      735      1976     1207     2605     2061     3015     1392     2273     945      1120     772      1356     1833     3314     702      2067     1063     3650     1760     829      1405     2063     1326     1585     1949     2667     2159     1797     1876     2123     2151     760      1356     1730     1738     1434     2231     3334     883      1712     504      1971     1470     976      2447     2248     2885     2919     2740     2827     955      1745     2874     3012     1788     1024     1997     973      1353     2213     3003     1129     893      2128     1384     2804     2172     2271     728      1059     437      1566     2030     1219     2492     3253     
1        2805     0        1774     2204     3383     2076     1015     2760     1823     2732     1632     3957     550      3388     3440     3147     3226     1315     740      2747     4327     3794     3013     2209     3083     2111     1042     2925     3435     1133     2908     1138     3105     4107     2953     3515     2804     3409     4046     2135     1854     736      621      1991     1141     2481     1239     1946     2394     1114     845      3170     1793     581      171      2214     2676     659      860      1507     3130     865      2025     4009     1784     2864     1996     3056     2432     2329     465      3184     534      2209     2035     2419     1677     3494     2322     1500     1992     
2        2187     1774     0        472      2959     1617     1886     2906     417      1000     884      2776     1382     2252     2209     2875     3284     680      2515     1698     2885     2816     1627     2836     2880     2519     811      3087     1956     2002     1146     653      1487     2680     1221     3909     2664     2037     2676     569      2296     1861     1921     1881     1641     2204     642      718      2471     694      949      1418     742      2187     1920     2276     3167     1320     1305     538      3028     1669     1235     2903     2791     1198     2181     1881     673      2691     1412     1461     1506     2053     2161     1765     2225     1849     1061     417      1068     
3        2445     2204     472      0        3222     1966     2357     3283     463      773      975      2802     1844     2329     2247     3176     3634     1147     2942     1861     2779     2920     1229     3274     3195     2944     1279     3460     1876     2472     706      1114     1343     2591     966      4298     3001     2016     2618     707      2732     2333     2273     2269     2106     2540     1114     1011     2854     1093     1404     966      754      2645     2357     2667     3583     1685     1624     986      3357     2141     1554     2955     3256     728      2593     1971     450      3104     1808     1199     1971     2422     2567     2050     2673     1651     1236     724      988      
4        777      3383     2959     3222     0        1419     2445     1026     3377     2807     3772     1577     2884     1381     1580     316      879      2561     3792     1426     2360     1108     4423     1809     434      1558     2766     1034     2152     2381     3418     2882     2477     2217     2847     1676     660      1890     2045     2515     1708     2727     3954     1393     2244     903      2698     2245     1105     3174     2934     3623     3686     3210     3375     1223     1588     3547     3703     2538     579      2529     1732     1439     2389     3767     1451     1511     2896     1428     3454     2865     2856     1173     1394     1195     1883     2645     1993     3250     4021     
5        735      2076     1617     1966     1419     0        1315     1323     2024     1805     2374     1962     1539     1416     1527     1278     1670     1144     2618     840      2498     1732     3196     1512     1270     1134     1348     1497     1778     1319     2355     1462     1759     2285     1938     2344     1046     1630     2175     1299     1025     1543     2599     387      1020     588      1279     956      909      1754     1523     2610     2310     2056     2106     745      1697     2145     2291     1141     1411     1296     421      1977     1783     2620     763      1168     1754     1231     2070     2065     1542     466      708      353      1083     2092     910      1856     2648     
6        1976     1015     1886     2357     2445     1315     0        1748     2138     2613     2195     3277     711      2729     2829     2184     2214     1213     1351     2125     3787     3027     3442     1222     2109     1095     1111     1910     2987     138      2986     1299     2808     3569     2810     2516     1829     2888     3472     1975     839      289      1635     1098     321      1570     1247     1657     1401     1493     1087     3263     2266     770      961      1235     1677     1449     1661     1394     2136     237      1455     3288     941      3085     1009     2455     2400     1313     1278     3007     599      1293     1057     1666     661      3188     1913     1828     2557     
7        1207     2760     2906     3283     1026     1323     1748     0        3295     3100     3573     2487     2354     2131     2317     712      466      2330     3016     1862     3228     2055     4511     810      592      671      2442     183      2790     1643     3670     2605     2947     3052     3208     1022     460      2563     2895     2623     910      2036     3374     1027     1660     805      2449     2278     437      2887     2552     3918     3550     2452     2708     639      574      3092     3283     2390     486      1906     1744     2387     1424     3943     801      2097     3075     473      2954     3299     2284     860      789      1361     1093     3216     2200     3081     3885     
8        2605     1823     417      463      3377     2024     2138     3295     0        1214     530      3147     1539     2639     2582     3289     3684     997      2551     2104     3193     3212     1305     3173     3291     2874     1026     3478     2274     2264     1140     838      1764     2997     1418     4289     3070     2384     3009     948      2639     2063     1830     2268     1931     2612     913      1135     2859     717      1091     1379     340      2310     1986     2660     3527     1257     1174     905      3435     1907     1650     3284     3069     1040     2550     2270     875      3056     1398     1655     1672     2450     2536     2182     2551     2094     1465     329      653      
9        2061     2732     1000     773      2807     1805     2613     3100     1214     0        1741     2107     2274     1698     1578     2832     3375     1466     3467     1381     2012     2297     1697     3284     2878     2916     1703     3263     1129     2700     611      1594     579      1829     222      4118     2739     1305     1869     639      2755     2671     2921     2176     2312     2301     1506     968      2708     1692     1887     825      1526     3075     2864     2550     3503     2320     2303     1264     3063     2437     1395     2278     3410     993      2544     1379     341      3034     2403     461      2381     2267     2499     1752     2748     880      901      1395     1754     
10       3015     1632     884      975      3772     2374     2195     3573     530      1741     0        3657     1510     3137     3091     3653     3990     1248     2307     2574     3723     3698     1387     3336     3642     3079     1149     3756     2802     2331     1593     972      2294     3526     1940     4531     3401     2906     3535     1449     2827     2052     1474     2559     2056     2956     1124     1576     3137     712      1110     1797     234      2184     1803     2934     3732     985      829      1235     3769     1957     2043     3787     3134     1387     2792     2765     1404     3278     1168     2174     1643     2761     2789     2581     2710     2621     1942     523      368      
11       1392     3957     2776     2802     1577     1962     3277     2487     3147     2107     3657     0        3407     569      566      1828     2451     2745     4561     1211     790      478      3786     3139     1941     2794     3026     2552     1018     3276     2656     3047     1559     683      2020     3254     2031     802      507      2208     2823     3500     4396     2235     2979     1896     2869     2156     2351     3292     3239     2761     3487     4011     4017     2347     3058     3850     3932     2612     2128     3247     1932     208      3605     3073     2518     924      2362     2755     3837     1909     3442     2112     2447     1612     2946     1495     1751     3177     3776     
12       2273     550      1382     1844     2884     1539     711      2354     1539     2274     1510     3407     0        2838     2891     2667     2814     814      1220     2196     3786     3248     2818     1922     2613     1745     578      2529     2904     850      2527     730      2601     3566     2491     3198     2337     2868     3501     1652     1480     542      1070     1493     693      1981     770      1425     1956     838      448      2800     1609     807      627      1764     2364     749      956      1015     2680     484      1475     3459     1634     2550     1560     2506     1999     1962     599      2714     134      1716     1587     1877     1323     2991     1787     1212     1878     
13       945      3388     2252     2329     1381     1416     2729     2131     2639     1698     3137     569      2838     0        199      1557     2191     2180     3998     642      1125     599      3396     2701     1653     2337     2459     2228     788      2735     2289     2487     1220     931      1659     3006     1672     520      789      1691     2334     2943     3828     1718     2425     1441     2306     1604     1920     2737     2672     2438     2979     3453     3449     1883     2684     3286     3373     2053     1853     2688     1362     656      3119     2690     2030     372      1908     2329     3269     1606     2874     1623     1961     1075     2441     1297     1205     2644     3281     
14       1120     3440     2209     2247     1580     1527     2829     2317     2582     1578     3091     566      2891     199      0        1754     2388     2198     4071     707      976      737      3274     2864     1849     2496     2482     2418     600      2843     2154     2494     1069     770      1519     3203     1859     333      648      1641     2479     3030     3856     1851     2519     1607     2319     1597     2091     2732     2697     2290     2923     3536     3510     2042     2865     3300     3376     2057     2049     2773     1421     708      3263     2563     2178     384      1813     2498     3295     1447     2937     1772     2109     1201     2578     1111     1190     2611     3214     
15       772      3147     2875     3176     316      1278     2184     712      3289     2832     3653     1828     2667     1557     1754     0        635      2418     3522     1472     2597     1374     4395     1493     120      1252     2601     734      2294     2110     3436     2731     2560     2439     2896     1450     361      2042     2273     2474     1417     2470     3732     1176     2005     707      2552     2175     810      3024     2755     3657     3585     2942     3128     949      1279     3355     3521     2419     300      2285     1640     1708     2078     3763     1178     1620     2885     1114     3249     2940     2628     953      1126     1125     1597     2767     1974     3134     3922     
16       1356     3226     3284     3634     879      1670     2214     466      3684     3375     3990     2451     2814     2191     2388     635      0        2742     3474     2056     3227     1986     4863     1210     540      1132     2874     317      2918     2109     3965     3030     3153     3073     3460     815      639      2671     2905     2951     1376     2502     3839     1431     2121     1095     2866     2622     866      3316     2994     4201     3954     2913     3174     1069     835      3547     3735     2785     339      2370     2079     2318     1833     4266     1254     2236     3388     924      3413     3524     2746     1235     1234     1625     1559     3381     2488     3488     4291     
17       1833     1315     680      1147     2561     1144     1213     2330     997      1466     1248     2745     814      2180     2198     2418     2742     0        2028     1547     3036     2668     2288     2176     2401     1878     286      2514     2129     1325     1778     326      1792     2818     1680     3306     2155     2124     2770     838      1641     1220     1660     1311     960      1715     138      635      1893     614      502      2055     1222     1609     1427     1691     2531     1106     1205     201      2523     1005     878      2829     2110     1876     1563     1822     1210     2063     1099     1900     915      1513     1554     1397     1557     2182     1028     751      1555     
18       3314     740      2515     2942     3792     2618     1351     3016     2551     3467     2307     4561     1220     3998     4071     3522     3474     2028     0        3366     4990     4350     3694     2322     3440     2345     1767     3158     4120     1412     3647     1875     3820     4769     3687     3598     3163     4072     4695     2860     2123     1083     936      2445     1603     2921     1965     2646     2722     1850     1580     3907     2490     582      602      2573     2791     1325     1485     2225     3446     1322     2650     4592     1760     3591     2344     3687     3170     2549     1157     3916     1146     2644     2398     2971     1938     4210     3003     2232     2650     
19       702      2747     1698     1861     1426     840      2125     1862     2104     1381     2574     1211     2196     642      707      1472     2056     1547     3366     0        1663     1133     3023     2277     1532     1897     1823     2000     964      2144     1992     1860     1097     1448     1426     2842     1442     792      1347     1169     1838     2323     3188     1195     1813     1071     1677     1005     1548     2121     2034     2197     2439     2829     2811     1453     2358     2653     2748     1433     1727     2065     721      1282     2613     2350     1550     330      1492     1939     2630     1469     2236     1163     1485     555      1917     1354     639      2065     2757     
20       2067     4327     2885     2779     2360     2498     3787     3228     3193     2012     3723     790      3786     1125     976      2597     3227     3036     4990     1663     0        1268     3556     3826     2706     3463     3322     3308     930      3808     2439     3299     1436     220      1853     4035     2767     918      336      2333     3454     3974     4688     2828     3472     2566     3141     2404     3043     3500     3537     2467     3522     4473     4413     3008     3791     4106     4149     2868     2898     3715     2349     966      4239     2858     3152     1333     2331     3451     4130     1665     3845     2745     3083     2177     3554     1181     2009     3303     3765     
21       1063     3794     2816     2920     1108     1732     3027     2055     3212     2297     3698     478      3248     599      737      1374     1986     2668     4350     1133     1268     0        3994     2751     1491     2424     2935     2106     1321     3008     2884     2986     1805     1151     2252     2783     1609     1061     975      2265     2485     3271     4280     1944     2748     1544     2800     2137     1967     3252     3141     3026     3551     3783     3835     1991     2629     3766     3872     2563     1670     3028     1803     333      3253     3288     2183     948      2504     2361     3729     2184     3266     1789     2113     1381     2625     1829     1755     3194     3860     
22       3650     3013     1627     1229     4423     3196     3442     4511     1305     1697     1387     3786     2818     3396     3274     4395     4863     2288     3694     3023     3556     3994     0        4461     4418     4147     2331     4689     2778     3569     1134     2142     2227     3411     1767     5524     4230     2985     3488     1921     3922     3353     2837     3493     3235     3769     2215     2241     4080     1980     2378     1098     1223     3550     3184     3890     4793     2372     2211     2164     4584     3209     2784     3966     4374     714      3806     3070     1531     4317     2553     1905     2953     3651     3783     3270     3845     2380     2430     1615     1053     
23       1760     2209     2836     3274     1809     1512     1222     810      3173     3284     3336     3139     1922     2701     2864     1493     1210     2176     2322     2277     3826     2751     4461     0        1379     381      2192     897      3241     1089     3787     2378     3271     3631     3435     1307     1167     3052     3489     2708     542      1477     2829     1125     1282     1259     2263     2348     788      2624     2236     4056     3367     1794     2120     826      473      2668     2878     2298     1296     1438     1894     3072     623      3987     749      2571     3174     390      2500     3574     1819     1114     805      1722     627      3596     2410     2902     3683     
24       829      3083     2880     3195     434      1270     2109     592      3291     2878     3642     1941     2613     1653     1849     120      540      2401     3440     1532     2706     1491     4418     1379     0        1150     2572     616      2378     2030     3477     2709     2626     2545     2949     1354     279      2131     2380     2497     1326     2396     3675     1132     1943     686      2533     2188     719      3001     2720     3704     3581     2861     3059     873      1158     3312     3483     2412     201      2219     1648     1824     1969     3796     1100     1698     2917     1003     3201     3002     2569     910      1053     1149     1508     2844     2007     3126     3919     
25       1405     2111     2519     2944     1558     1134     1095     671      2874     2916     3079     2794     1745     2337     2496     1252     1132     1878     2345     1897     3463     2424     4147     381      1150     0        1930     821      2861     982      3432     2109     2891     3265     3063     1463     898      2676     3127     2354     264      1378     2730     747      1061     900      1977     1993     465      2372     2003     3698     3090     1781     2049     454      654      2493     2694     1982     1117     1275     1522     2738     839      3647     373      2195     2820     218      2341     3198     1660     735      425      1342     434      3215     2036     2620     3415     
26       2063     1042     811      1279     2766     1348     1111     2442     1026     1703     1149     3026     578      2459     2482     2601     2874     286      1767     1823     3322     2935     2331     2192     2572     1930     0        2625     2413     1238     1953     189      2063     3104     1922     3385     2315     2411     3057     1093     1678     1054     1374     1452     919      1893     197      919      2011     445      215      2227     1177     1386     1164     1807     2583     831      950      466      2679     881      1134     3106     2044     1997     1651     2104     1421     2130     813      2149     697      1667     1654     1631     1565     2452     1315     722      1491     
27       1326     2925     3087     3460     1034     1497     1910     183      3478     3263     3756     2552     2529     2228     2418     734      317      2514     3158     2000     3308     2106     4689     897      616      821      2625     0        2911     1802     3838     2788     3092     3139     3365     855      565      2678     2978     2796     1071     2197     3542     1209     1835     961      2632     2453     620      3070     2733     4083     3734     2599     2869     822      564      3269     3461     2573     458      2076     1917     2440     1520     4116     981      2219     3246     609      3128     3449     2456     1037     972      1516     1252     3350     2363     3264     4068     
28       1585     3435     1956     1876     2152     1778     2987     2790     2274     1129     2802     1018     2904     788      600      2294     2918     2129     4120     964      930      1321     2778     3241     2378     2861     2413     2911     0        3028     1644     2379     556      724      1013     3727     2346     268      741      1403     2795     3144     3769     2150     2666     2021     2228     1494     2504     2572     2627     1743     2607     3628     3531     2417     3308     3183     3221     1953     2579     2885     1532     1211     3561     2064     2511     692      1426     2900     3214     890      2974     2127     2447     1519     2862     511      1116     2373     2865     
29       1949     1133     2002     2472     2381     1319     138      1643     2264     2700     2331     3276     850      2735     2843     2110     2109     1325     1412     2144     3808     3008     3569     1089     2030     982      1238     1802     3028     0        3090     1428     2872     3592     2894     2388     1752     2918     3489     2065     733      397      1754     1066     389      1521     1367     1738     1315     1627     1222     3368     2399     831      1067     1161     1548     1585     1798     1500     2047     374      1497     3277     807      3200     932      2475     2498     1199     1412     3084     736      1247     986      1664     550      3249     1973     1958     2693     
30       2667     2908     1146     706      3418     2355     2986     3670     1140     611      1593     2656     2527     2289     2154     3436     3965     1778     3647     1992     2439     2884     1134     3787     3477     3432     1953     3838     1644     3090     0        1800     1096     2284     636      4692     3327     1857     2356     1078     3248     2992     2970     2709     2709     2881     1773     1439     3265     1798     2095     277      1359     3333     3059     3096     4042     2388     2315     1591     3659     2783     1935     2838     3846     422      3065     1984     613      3567     2513     776      2650     2822     3026     2339     3218     1258     1478     1428     1479     
31       2159     1138     653      1114     2882     1462     1299     2605     838      1594     972      3047     730      2487     2494     2731     3030     326      1875     1860     3299     2986     2142     2378     2709     2109     189      2788     2379     1428     1800     0        1995     3084     1816     3558     2457     2398     3047     1014     1859     1231     1389     1601     1108     2025     188      902      2171     292      297      2071     990      1533     1275     1967     2762     809      887      437      2823     1068     1204     3139     2234     1824     1819     2123     1295     2305     837      2049     857      1810     1819     1723     1751     2379     1309     532      1307     
32       1797     3105     1487     1343     2477     1759     2808     2947     1764     579      2294     1559     2601     1220     1069     2560     3153     1792     3820     1097     1436     1805     2227     3271     2626     2891     2063     3092     556      2872     1096     1995     0        1250     460      3937     2537     761      1291     981      2776     2920     3372     2146     2490     2144     1868     1181     2602     2148     2268     1220     2088     3372     3219     2476     3415     2774     2786     1598     2822     2668     1412     1742     3500     1513     2522     970      895      2970     2830     391      2690     2181     2466     1594     2807     390      902      1902     2330     
33       1876     4107     2680     2591     2217     2285     3569     3052     2997     1829     3526     683      3566     931      770      2439     3073     2818     4769     1448     220      1151     3411     3631     2545     3265     3104     3139     724      3592     2284     3084     1250     0        1682     3885     2592     698      176      2124     3249     3755     4471     2619     3253     2372     2924     2186     2852     3288     3319     2331     3328     4253     4192     2810     3611     3891     3937     2651     2740     3495     2129     880      4033     2705     2948     1117     2140     3260     3913     1508     3625     2543     2879     1967     3346     1031     1790     3097     3579     
34       2123     2953     1221     966      2847     1938     2810     3208     1418     222      1940     2020     2491     1659     1519     2896     3460     1680     3687     1426     1853     2252     1767     3435     2949     3063     1922     3365     1013     2894     636      1816     460      1682     0        4219     2828     1220     1738     846      2913     2878     3143     2317     2505     2404     1724     1156     2829     1914     2107     785      1720     3289     3084     2681     3633     2542     2522     1478     3139     2640     1541     2201     3587     1053     2689     1372     555      3169     2626     240      2595     2392     2641     1848     2916     690      1028     1612     1930     
35       2151     3515     3909     4298     1676     2344     2516     1022     4289     4118     4531     3254     3198     3006     3203     1450     815      3306     3598     2842     4035     2783     5524     1307     1354     1463     3385     855      3727     2388     4692     3558     3937     3885     4219     0        1400     3483     3716     3644     1725     2781     4136     2030     2523     1817     3416     3297     1443     3829     3465     4938     4528     3092     3427     1633     839      3948     4153     3384     1153     2720     2766     3112     1840     4964     1743     3041     4097     1255     3788     4300     3105     1879     1753     2371     1875     4182     3219     4056     4858     
36       760      2804     2664     3001     660      1046     1829     460      3070     2739     3401     2031     2337     1672     1859     361      639      2155     3163     1442     2767     1609     4230     1167     279      898      2315     565      2346     1752     3327     2457     2537     2592     2828     1400     0        2113     2434     2314     1056     2117     3397     865      1664     460      2285     1989     449      2748     2456     3563     3351     2583     2779     594      1027     3042     3216     2179     367      1939     1446     1938     1731     3627     821      1654     2749     778      2927     2901     2291     648      773      987      1235     2787     1849     2890     3688     
37       1356     3409     2037     2016     1890     1630     2888     2563     2384     1305     2906     802      2868     520      333      2042     2671     2124     4072     792      918      1061     2985     3052     2131     2676     2411     2678     268      2918     1857     2398     761      698      1220     3483     2113     0        649      1470     2629     3065     3781     1987     2569     1813     2234     1497     2299     2613     2626     1976     2723     3560     3494     2226     3094     3207     3262     1962     2332     2805     1439     981      3405     2272     2337     481      1571     2701     3222     1127     2927     1942     2271     1341     2709     778      1095     2450     2998     
38       1730     4046     2676     2618     2045     2175     3472     2895     3009     1869     3535     507      3501     789      648      2273     2905     2770     4695     1347     336      975      3488     3489     2380     3127     3057     2978     741      3489     2356     3047     1291     176      1738     3716     2434     649      0        2112     3121     3667     4429     2498     3159     2230     2882     2145     2707     3262     3272     2421     3344     4170     4125     2673     3457     3857     3912     2611     2573     3408     2047     706      3906     2778     2818     1017     2167     3115     3869     1582     3554     2411     2749     1848     3223     1119     1742     3091     3606     
39       1738     2135     569      707      2515     1299     1975     2623     948      639      1449     2208     1652     1691     1641     2474     2951     838      2860     1169     2333     2265     1921     2708     2497     2354     1093     2796     1403     2065     1078     1014     981      2124     846      3644     2314     1470     2112     0        2170     2033     2392     1637     1677     1856     896      360      2205     1175     1292     1348     1287     2446     2257     2029     2970     1796     1820     637      2664     1797     878      2339     2790     1320     1988     1322     466      2493     1849     1062     1753     1765     1951     1349     2145     1365     534      980      1595     
40       1434     1854     2296     2732     1708     1025     839      910      2639     2755     2827     2823     1480     2334     2479     1417     1376     1641     2123     1838     3454     2485     3922     542      1326     264      1678     1071     2795     733      3248     1859     2776     3249     2913     1725     1056     2629     3121     2170     0        1126     2471     644      798      940      1734     1810     607      2117     1743     3518     2845     1550     1798     502      906      2229     2430     1758     1323     1012     1376     2786     785      3444     305      2152     2635     482      2076     3062     1396     712      375      1288     185      3116     1896     2376     3166     
41       2231     736      1861     2333     2727     1543     289      2036     2063     2671     2052     3500     542      2943     3030     2470     2502     1220     1083     2323     3974     3271     3353     1477     2396     1378     1054     2197     3144     397      2992     1231     2920     3755     2878     2781     2117     3065     3667     2033     1126     0        1357     1363     523      1843     1221     1745     1690     1376     975      3269     2150     512      672      1523     1942     1228     1444     1416     2426     259      1626     3521     1109     3052     1297     2651     2429     1596     1044     3087     409      1566     1344     1897     945      3307     2045     1740     2420     
42       3334     621      1921     2273     3954     2599     1635     3374     1830     2921     1474     4396     1070     3828     3856     3732     3839     1660     936      3188     4688     4280     2837     2829     3675     2730     1374     3542     3769     1754     2970     1389     3372     4471     3143     4136     3397     3781     4429     2392     2471     1357     0        2563     1734     3051     1547     2285     2999     1230     1159     3208     1686     1118     720      2813     3297     601      659      1820     3731     1470     2479     4468     2384     2838     2600     3476     2593     2948     560      3383     1105     2784     2635     2927     2296     3750     2687     1552     1784     
43       883      1991     1881     2269     1393     387      1098     1027     2268     2176     2559     2235     1493     1718     1851     1176     1431     1311     2445     1195     2828     1944     3493     1125     1132     747      1452     1209     2150     1066     2709     1601     2146     2619     2317     2030     865      1987     2498     1637     644      1363     2563     0        858      490      1435     1281     590      1890     1590     2970     2527     1867     1990     397      1333     2180     2351     1364     1227     1145     781      2222     1418     2950     375      1514     2101     858      2072     2450     1463     223      323      652      726      2478     1290     2059     2863     
44       1712     1141     1641     2106     2244     1020     321      1660     1931     2312     2056     2979     693      2425     2519     2005     2121     960      1603     1813     3472     2748     3235     1282     1943     1061     919      1835     2666     389      2709     1108     2490     3253     2505     2523     1664     2569     3159     1677     798      523      1734     858      0        1346     1019     1349     1267     1343     954      2987     2097     1036     1132     1079     1698     1436     1634     1125     1997     287      1135     2998     1150     2834     869      2142     2114     1276     1293     2696     630      1071     901      1374     658      2869     1593     1639     2407     
45       504      2481     2204     2540     903      588      1570     805      2612     2301     2956     1896     1981     1441     1607     707      1095     1715     2921     1071     2566     1544     3769     1259     686      900      1893     961      2021     1521     2881     2025     2144     2372     2404     1817     460      1813     2230     1856     940      1843     3051     490      1346     0        1847     1529     486      2317     2049     3123     2897     2340     2479     451      1288     2653     2816     1727     823      1633     986      1848     1712     3172     639      1334     2296     891      2554     2493     1953     277      570      556      1085     2425     1404     2440     3235     
46       1971     1239     642      1114     2698     1279     1247     2449     913      1506     1124     2869     770      2306     2319     2552     2866     138      1965     1677     3141     2800     2215     2263     2533     1977     197      2632     2228     1367     1773     188      1868     2924     1724     3416     2285     2234     2882     896      1734     1221     1547     1435     1019     1847     0        738      2012     476      401      2048     1113     1576     1362     1810     2632     981      1072     275      2652     1027     1015     2957     2164     1840     1673     1945     1229     2168     988      1951     884      1640     1667     1535     1639     2256     1140     642      1442     
47       1470     1946     718      1011     2245     956      1657     2278     1135     968      1576     2156     1425     1604     1597     2175     2622     635      2646     1005     2404     2137     2241     2348     2188     1993     919      2453     1494     1738     1439     902      1181     2186     1156     3297     1989     1497     2145     360      1810     1745     2285     1281     1349     1529     738      0        1855     1135     1134     1708     1457     2190     2049     1675     2611     1712     1778     465      2347     1498     543      2260     2442     1669     1628     1235     826      2134     1726     1349     1509     1418     1592     1054     1788     1571     408      1060     1786     
48       976      2394     2471     2854     1105     909      1401     437      2859     2708     3137     2351     1956     1920     2091     810      866      1893     2722     1548     3043     1967     4080     788      719      465      2011     620      2504     1315     3265     2171     2602     2852     2829     1443     449      2299     2707     2205     607      1690     2999     590      1267     486      2012     1855     0        2454     2127     3518     3113     2144     2359     203      814      2683     2869     1953     736      1530     1330     2285     1304     3524     399      1820     2663     408      2554     2937     1897     442      369      1009     788      2897     1807     2643     3448     
49       2447     1114     694      1093     3174     1754     1493     2887     717      1692     712      3292     838      2737     2732     3024     3316     614      1850     2121     3500     3252     1980     2624     3001     2372     445      3070     2572     1627     1798     292      2148     3288     1914     3829     2748     2613     3262     1175     2117     1376     1230     1890     1343     2317     476      1135     2454     0        406      2057     775      1593     1272     2251     3023     629      649      688      3114     1255     1485     3392     2434     1754     2096     2369     1367     2573     721      2153     973      2101     2098     2010     1998     2523     1542     389      1067     
