

sets
i        orders          /0*80/
k        routes          /1*80/
p        positions       /0*80/
;

alias(i,j)
alias(i,h)
alias(i,hh)
alias(i,jj)
alias(k,kk)
                            Parameters

rho(i)	Processing time
/
0	0
1	83
2	79
3	57
4	79
5	64
6	88
7	90
8	59
9	84
10	12
11	42
12	29
13	86
14	35
15	79
16	23
17	19
18	25
19	68
20	15
21	64
22	25
23	89
24	45
25	23
26	71
27	51
28	10
29	75
30	57
31	53
32	5
33	82
34	73
35	49
36	95
37	95
38	62
39	57
40	43
41	51
42	73
43	13
44	6
45	58
46	4
47	63
48	48
49	69
50	28
51	37
52	11
53	41
54	8
55	55
56	92
57	78
58	71
59	18
60	79
61	4
62	51
63	59
64	56
65	10
66	74
67	70
68	6
69	55
70	90
71	21
72	73
73	95
74	39
75	55
76	37
77	52
78	86
79	6
80	16
/

gamma(i)	Duedate
/
0	0
1	74
2	21
3	34
4	90
5	67
6	75
7	38
8	38
9	98
10	11
11	17
12	16
13	56
14	98
15	1
16	52
17	23
18	78
19	45
20	33
21	77
22	27
23	15
24	31
25	84
26	9
27	35
28	71
29	22
30	22
31	97
32	78
33	25
34	84
35	85
36	4
37	73
38	79
39	27
40	48
41	17
42	3
43	24
44	49
45	98
46	87
47	71
48	46
49	29
50	20
51	12
52	73
53	22
54	76
55	16
56	51
57	53
58	17
59	70
60	11
61	65
62	30
63	10
64	66
65	97
66	18
67	20
68	68
69	10
70	48
71	54
72	49
73	44
74	7
75	62
76	27
77	78
78	92
79	40
80	36
/

sigma(i)	Size
/
0	0
1	2
2	3
3	1
4	8
5	7
6	7
7	1
8	8
9	3
10	9
11	9
12	4
13	2
14	2
15	4
16	3
17	7
18	9
19	6
20	5
21	7
22	8
23	3
24	5
25	9
26	3
27	4
28	9
29	1
30	7
31	8
32	1
33	4
34	1
35	2
36	3
37	6
38	4
39	5
40	2
41	1
42	7
43	1
44	7
45	2
46	2
47	4
48	2
49	6
50	5
51	7
52	8
53	6
54	6
55	1
56	2
57	4
58	7
59	5
60	8
61	5
62	7
63	8
64	7
65	6
66	2
67	8
68	6
69	6
70	8
71	1
72	9
73	2
74	3
75	9
76	9
77	8
78	6
79	3
80	2
/

epsilon(i)	Priority
/
0	0
1	5
2	5
3	6
4	1
5	3
6	8
7	1
8	7
9	9
10	4
11	9
12	2
13	4
14	9
15	5
16	5
17	1
18	9
19	7
20	5
21	2
22	5
23	3
24	8
25	1
26	3
27	1
28	1
29	8
30	4
31	4
32	7
33	9
34	8
35	1
36	6
37	2
38	2
39	8
40	4
41	3
42	7
43	9
44	8
45	7
46	6
47	1
48	7
49	5
50	4
51	9
52	9
53	8
54	3
55	5
56	2
57	2
58	8
59	6
60	3
61	6
62	5
63	4
64	6
65	3
66	7
67	5
68	6
69	2
70	1
71	2
72	8
73	9
74	8
75	2
76	4
77	4
78	6
79	8
80	9
/

psi	Vehicle Capacity
/ 165 /
;

Table kappa(i,j)                 Setup
         0        1        2        3        4        5        6        7        8        9        10       11       12       13       14       15       16       17       18       19       20       21       22       23       24       25       26       27       28       29       30       31       32       33       34       35       36       37       38       39       40       41       42       43       44       45       46       47       48       49       50       51       52       53       54       55       56       57       58       59       60       61       62       63       64       65       66       67       68       69       70       71       72       73       74       75       76       77       78       79       80       
0        0        519      2908     3697     3679     1005     2454     845      1672     3793     1852     997      3271     3783     2121     3919     1733     1340     2347     1970     2588     2028     2447     3369     4144     1810     1298     2470     3911     3659     3117     1997     2311     3099     4127     3770     1400     1268     2019     3995     3387     1080     3282     2489     1522     1770     3176     2023     4218     1793     1433     1827     2068     3855     2594     2924     194      2141     2817     4075     2080     2147     3865     4285     3183     2368     1448     575      4000     2999     2903     4065     3407     1064     2521     2181     3461     1608     2123     3366     683      
1        519      0        2994     3670     3615     1366     2246     1361     2122     3949     2365     809      2932     3579     2048     3764     2176     1855     2489     1497     2420     2505     2687     3162     4271     1326     1138     2784     3922     3582     2851     2107     2320     2750     3889     3966     923      1783     2501     3934     3103     583      3456     2358     1017     1828     3216     2537     4357     1387     914      1372     2565     3615     2976     2880     328      1878     2909     4142     2161     2325     3968     4016     3263     2650     1937     900      3773     2782     2903     4156     3149     1395     2552     2653     3163     1872     2120     3309     973      
2        2908     2994     0        1028     1176     2095     1619     2863     2279     1035     3023     2246     2576     1991     1155     1798     2234     2940     613      3018     1407     2569     948      1796     1292     3048     1966     1375     1085     1224     2044     910      747      2565     2421     1182     2905     2900     2622     1405     2271     2964     694      1239     3124     1165     368      3107     1389     2587     3359     2852     2828     2250     1870     737      2959     1911     95       1168     834      859      974      2718     275      1189     2590     2361     2264     1720     487      1162     2117     1996     507      2563     2399     1472     936      948      2246     
3        3697     3670     1028     0        262      3015     1702     3794     3294     1358     4041     2866     2264     1284     1624     947      3253     3924     1605     3275     1449     3596     1974     1307     1291     3360     2543     2391     365      354      1738     1792     1388     2331     1653     1654     3339     3879     3649     378      1850     3493     1416     1402     3533     1941     659      4130     1413     2889     3817     3147     3855     1574     2876     791      3708     2115     1112     822      1675     1852     979      1963     850      2215     3590     3199     1515     1462     801      984      1658     2913     1201     3592     1964     2439     1574     401      3086     
4        3679     3615     1176     262      0        3057     1550     3834     3397     1615     4143     2806     2025     1022     1570     694      3360     3996     1710     3120     1304     3720     2123     1062     1552     3216     2478     2551     610      93       1509     1845     1398     2102     1395     1907     3224     3946     3771     318      1603     3400     1640     1289     3409     1953     818      4241     1674     2750     3702     3003     3975     1312     3045     757      3677     1973     1249     1076     1719     1950     1241     1705     1043     2363     3675     3204     1255     1251     847      1244     1410     2955     1246     3725     1714     2512     1567     313      3094     
5        1005     1366     2095     3015     3057     0        2199     778      827      2872     1353     1152     3225     3410     1652     3445     864      1008     1489     2409     2236     1260     1477     3029     3246     2304     1237     1465     3164     3059     2915     1223     1665     3090     3810     2816     1931     943      1275     3357     3206     1729     2353     2078     2128     1124     2415     1510     3309     2074     2172     2226     1403     3552     1611     2313     1146     2044     2000     3249     1341     1256     3001     4027     2366     1374     818      466      3664     2705     2219     3209     3168     102      1817     1386     3308     653      1523     2748     404      
6        2454     2246     1619     1702     1550     2199     0        2884     2854     2611     3524     1468     1102     1335     655      1533     2850     3205     1615     1573     254      3276     2137     918      2762     1665     1155     2535     2043     1489     716      1384     996      1025     1674     2796     1698     3138     3312     1850     1008     1917     2311     380      1870     1204     1575     3667     2879     1201     2173     1452     3489     1403     3007     1014     2393     426      1595     2422     1277     1711     2408     1852     1773     2306     2991     2130     1545     545      1206     2523     977      2111     1158     3347     1113     1942     933      1301     2045     
7        845      1361     2863     3794     3834     778      2884     0        997      3582     1010     1590     3843     4146     2392     4204     1069     495      2252     2746     2954     1259     2162     3753     3969     2601     1798     2038     3938     3835     3592     2001     2439     3690     4533     3491     2193     423      1238     4135     3879     1898     3062     2811     2340     1891     3190     1180     4023     2500     2275     2585     1252     4269     2013     3087     1039     2662     2768     4006     2119     2011     3743     4733     3130     2010     674      771      4392     3412     2998     3955     3862     881      2595     1417     3971     1396     2289     3525     841      
8        1672     2122     2279     3294     3397     827      2854     997      0        2789     746      1977     3931     3938     2235     3897     73       765      1690     3235     2837     441      1402     3592     3194     3131     2030     1144     3356     3421     3561     1606     2106     3813     4360     2646     2757     760      466      3664     3852     2542     2287     2655     2950     1664     2642     850      3228     2889     2976     3051     635      4119     1023     2714     1849     2774     2189     3325     1740     1446     3024     4606     2515     1192     381      1248     4206     3311     2555     3238     3785     859      2176     559      3964     935      2026     3111     1216     
9        3793     3949     1035     1358     1615     2872     2611     3582     2789     0        3476     3241     3462     2626     2190     2306     2727     3536     1459     4052     2378     2944     1421     2568     409      4083     2979     1660     1103     1702     2918     1844     1781     3484     3010     313      3932     3514     3002     1651     3096     3973     519      2233     4153     2141     1050     3514     441      3622     4380     3887     3199     2914     2015     1625     3872     2934     1096     744      1806     1645     419      3320     838      1601     3156     3222     2869     2602     1407     570      2918     2783     1542     2884     3220     2219     1966     1577     3110     
10       1852     2365     3023     4041     4143     1353     3524     1010     746      3476     0        2456     4573     4660     2931     4634     788      518      2436     3682     3532     555      2127     4304     3885     3552     2585     1816     4097     4166     4239     2339     2837     4442     5078     3304     3152     586      500      4411     4531     2880     2990     3357     3316     2366     3387     172      3908     3388     3274     3510     358      4831     1544     3455     2046     3395     2934     4047     2473     2193     3738     5315     3255     1905     536      1633     4926     4006     3300     3951     4477     1426     2918     672      4638     1660     2743     3855     1652     
11       997      809      2246     2866     2806     1152     1468     1590     1977     3241     2456     0        2288     2803     1242     2967     2009     2018     1803     1258     1624     2413     2104     2387     3537     1162     330      2303     3128     2773     2119     1407     1539     2123     3136     3294     823      1943     2428     3125     2389     744      2772     1551     1041     1100     2438     2623     3630     932      1182     1074     2550     2862     2609     2075     925      1143     2167     3370     1434     1685     3219     3288     2508     2126     1940     834      3011     2012     2111     3398     2411     1119     1779     2536     2465     1388     1337     2501     804      
12       3271     2932     2576     2264     2025     3225     1102     3843     3931     3462     4573     2288     0        1189     1757     1589     3932     4214     2690     1696     1216     4360     3218     965      3515     1869     2045     3628     2628     1934     543      2484     2067     192      1225     3697     2122     4143     4394     2224     445      2444     3262     1412     2194     2302     2420     4723     3638     1571     2510     1697     4564     1010     4106     1857     3162     1185     2576     3081     2374     2806     3171     1208     2659     3399     4037     3072     1194     862      2100     3228     636      3147     2186     4437     382      3035     2030     1920     3006     
13       3783     3579     1991     1284     1022     3410     1335     4146     3938     2626     4660     2803     1189     0        1758     414      3917     4412     2362     2678     1201     4319     2861     417      2573     2819     2486     3302     1617     930      827      2334     1834     1328     435      2909     2955     4351     4364     1120     746      3215     2583     1335     3091     2303     1701     4784     2694     2408     3408     2615     4559     289      3807     1294     3727     1712     2033     2087     2201     2562     2262     727      1953     3087     4147     3420     276      797      1524     2262     571      3314     1813     4357     816      3003     1917     1079     3325     
14       2121     2048     1155     1624     1570     1652     655      2392     2235     2190     2931     1242     1757     1758     0        1821     2225     2656     993      1862     602      2646     1500     1379     2419     1894     918      1886     1897     1543     1333     729      419      1677     2159     2323     1779     2594     2685     1888     1622     1888     1808     427      1991     570      1250     3065     2525     1432     2248     1697     2868     1905     2353     833      2109     793      1102     2178     627      1062     2077     2385     1376     1658     2406     1688     2012     1077     893      2233     1550     1556     648      2709     1738     1307     289      1262     1586     
15       3919     3764     1798     947      694      3445     1533     4204     3897     2306     4634     2967     1589     414      1821     0        3869     4429     2253     2989     1344     4254     2719     696      2213     3119     2640     3158     1250     613      1171     2295     1801     1715     710      2601     3214     4372     4302     723      1143     3449     2324     1429     3368     2320     1468     4747     2332     2684     3680     2909     4503     683      3660     1185     3883     1944     1857     1716     2162     2474     1921     1018     1710     2954     4138     3509     582      1046     1376     1898     956      3345     1725     4277     1223     2975     1922     850      3407     
16       1733     2176     2234     3253     3360     864      2850     1069     73       2727     788      2009     3932     3917     2225     3869     0        835      1651     3267     2827     428      1347     3576     3132     3167     2051     1078     3309     3386     3555     1583     2083     3817     4341     2580     2796     832      461      3624     3845     2587     2227     2643     2992     1655     2599     881      3165     2916     3024     3082     644      4103     949      2685     1908     2781     2145     3270     1716     1409     2967     4590     2467     1133     453      1296     4187     3301     2521     3181     3775     890      2145     529      3958     920      2010     3076     1259     
17       1340     1855     2940     3924     3996     1008     3205     495      765      3536     518      2018     4214     4412     2656     4429     835      0        2330     3213     3244     868      2127     4035     3938     3075     2186     1906     4026     4008     3921     2153     2631     4071     4816     3405     2670     75       833      4283     4212     2385     3027     3083     2825     2113     3290     687      3977     2944     2768     3047     798      4559     1764     3272     1534     3029     2846     4036     2282     2082     3749     5035     3193     1935     384      1184     4668     3714     3148     3963     4176     1100     2751     1023     4312     1486     2508     3695     1224     
18       2347     2489     613      1605     1710     1489     1615     2252     1690     1459     2436     1803     2690     2362     993      2253     1651     2330     0        2762     1475     2012     529      2082     1797     2757     1572     956      1697     1739     2204     396      623      2636     2797     1491     2546     2289     2063     1974     2471     2545     971      1278     2771     711      960      2531     1875     2329     2969     2582     2266     2587     1456     1075     2416     1781     518      1760     404      248      1523     3074     878      732      1986     1785     2639     1897     881      1728     2351     1391     551      2026     2597     859      704      1433     1671     
19       1970     1497     3018     3275     3120     2409     1573     2746     3235     4052     3682     1258     1696     2678     1862     2989     3267     3213     2762     0        1825     3670     3181     2297     4264     187      1280     3459     3611     3054     1852     2391     2277     1503     2861     4182     573      3138     3683     3412     2014     917      3662     1894     537      2079     3074     3852     4374     434      830      190      3800     2606     3818     2552     1804     1163     2964     3969     2358     2727     3915     2896     3230     3258     3181     2050     2788     1949     2701     4052     2134     2377     2511     3794     2025     2586     2107     2874     2044     
20       2588     2420     1407     1449     1304     2236     254      2954     2837     2378     3532     1624     1216     1201     602      1344     2827     3244     1475     1825     0        3247     2003     799      2517     1914     1299     2418     1789     1245     743      1296     852      1174     1579     2574     1928     3180     3286     1607     1026     2129     2101     198      2107     1172     1335     3667     2634     1447     2405     1701     3470     1317     2903     766      2543     669      1391     2169     1176     1601     2162     1790     1542     2190     3005     2220     1437     474      971      2272     948      2143     976      3306     1146     1908     839      1048     2126     
21       2028     2505     2569     3596     3720     1260     3276     1259     441      2944     555      2413     4360     4319     2646     4254     428      868      2012     3670     3247     0        1640     3987     3354     3562     2472     1290     3623     3751     3978     1985     2485     4246     4747     2761     3183     902      57       3972     4267     2954     2470     3060     3371     2077     2937     569      3372     3329     3381     3487     260      4512     988      3069     2214     3210     2484     3542     2118     1781     3224     5001     2784     1407     588      1659     4591     3719     2892     3436     4194     1299     2529     158      4382     1338     2423     3446     1639     
22       2447     2687     948      1974     2123     1477     2137     2162     1402     1421     2127     2104     3218     2861     1500     2719     1347     2127     529      3181     2003     1640     0        2599     1815     3154     1931     441      1982     2166     2734     805      1150     3160     3297     1339     2898     2101     1696     2352     2999     2844     904      1806     3124     1103     1315     2194     1862     2753     3287     2995     1901     3097     945      1567     2553     2272     873      1922     877      457      1624     3580     1145     240      1752     1872     3138     2425     1346     1838     2877     1397     1069     1623     3125     838      1211     1876     1766     
23       3369     3162     1796     1307     1062     3029     918      3753     3592     2568     4304     2387     965      417      1379     696      3576     4035     2082     2297     799      3987     2599     0        2580     2431     2071     3036     1669     970      483      2004     1510     1058     781      2827     2548     3972     4030     1262     543      2802     2443     951      2691     1938     1563     4433     2703     2007     3007     2223     4220     527      3538     1062     3312     1296     1822     2128     1873     2260     2244     1013     1815     2814     3783     3018     638      380      1310     2283     353      2934     1531     4034     659      2657     1566     993      2925     
24       4144     4271     1292     1291     1552     3246     2762     3969     3194     409      3885     3537     3515     2573     2419     2213     3132     3938     1797     4264     2517     3354     1815     2580     0        4310     3258     2068     963      1645     2976     2165     2029     3559     2923     652      4189     3914     3411     1509     3121     4256     911      2395     4406     2446     1192     3923     123      3841     4649     4107     3608     2862     2422     1750     4213     3118     1369     507      2111     2002     354      3230     1044     2003     3558     3579     2793     2673     1567     316      2934     3155     1784     3293     3240     2593     2224     1595     3465     
25       1810     1326     3048     3360     3216     2304     1665     2601     3131     4083     3552     1162     1869     2819     1894     3119     3167     3075     2757     187      1914     3562     3154     2431     4310     0        1230     3413     3689     3154     1997     2377     2302     1676     3018     4199     410      3000     3573     3514     2173     744      3677     1966     350      2061     3126     3723     4418     473      647      213      3683     2759     3754     2620     1640     1245     2989     4033     2354     2705     3964     3062     3270     3218     3059     1925     2940     2073     2755     4108     2285     2278     2541     3690     2189     2523     2123     2960     1927     
26       1298     1138     1966     2543     2478     1237     1155     1798     2030     2979     2585     330      2045     2486     918      2640     2051     2186     1572     1280     1299     2472     1931     2071     3258     1230     0        2183     2812     2444     1829     1178     1239     1892     2829     3054     975      2113     2494     2797     2107     998      2528     1222     1201     860      2135     2746     3355     882      1402     1090     2636     2557     2539     1751     1244     868      1891     3069     1182     1489     2932     2993     2220     1987     2053     1027     2701     1701     1798     3105     2115     1179     1483     2581     2190     1308     1039     2175     965      
27       2470     2784     1375     2391     2551     1465     2535     2038     1144     1660     1816     2303     3628     3302     1886     3158     1078     1906     956      3459     2418     1290     441      3036     2068     3413     2183     0        2369     2598     3155     1162     1567     3560     3738     1501     3121     1894     1348     2769     3425     3022     1179     2220     3344     1422     1737     1858     2094     3043     3472     3270     1549     3536     504      2008     2602     2633     1305     2255     1259     823      1934     4020     1548     228      1522     1911     3579     2852     1787     2145     3308     1408     1505     1246     3550     925      1602     2313     1819     
28       3911     3922     1085     365      610      3164     2043     3938     3356     1103     4097     3128     2628     1617     1897     1250     3309     4026     1697     3611     1789     3623     1982     1669     963      3689     2812     2369     0        703      2103     1948     1607     2696     1959     1413     3647     3986     3678     553      2212     3783     1282     1723     3847     2141     748      4173     1082     3217     4124     3477     3883     1906     2830     1079     3937     2448     1179     470      1845     1945     692      2266     841      2218     3675     3390     1830     1827     1018     648      2019     3063     1389     3603     2323     2554     1803     750      3275     
29       3659     3582     1224     354      93       3059     1489     3835     3421     1702     4166     2773     1934     930      1543     613      3386     4008     1739     3054     1245     3751     2166     970      1645     3154     2444     2598     703      0        1421     1854     1395     2014     1308     1992     3171     3957     3802     362      1511     3354     1713     1243     3353     1948     874      4267     1767     2690     3649     2940     4006     1220     3095     748      3652     1913     1293     1170     1727     1976     1332     1618     1106     2405     3692     3193     1166     1170     865      1337     1318     2957     1257     3760     1621     2527     1557     312      3084     
30       3117     2851     2044     1738     1509     2915     716      3592     3561     2918     4239     2119     543      827      1333     1171     3555     3921     2204     1852     743      3978     2734     483      2976     1997     1829     3155     2103     1421     0        2040     1588     593      1046     3155     2157     3854     4016     1734     291      2438     2726     940      2280     1900     1878     4380     3098     1602     2599     1796     4196     776      3644     1319     3036     978      2050     2550     1920     2342     2630     1169     2118     2927     3707     2832     949      324      1564     2692     300      2828     1680     4042     404      2640     1582     1383     2751     
31       1997     2107     910      1792     1845     1223     1384     2001     1606     1844     2339     1407     2484     2334     729      2295     1583     2153     396      2391     1296     1985     805      2004     2165     2377     1178     1162     1948     1854     2040     0        500      2406     2761     1887     2153     2102     2030     2138     2322     2148     1365     1101     2379     318      1201     2455     2249     1960     2574     2207     2224     2527     1623     1121     2052     1474     819      2078     134      348      1872     3016     1186     936      1845     1452     2605     1757     1000     2068     2229     1121     599      2030     2443     680      458      1542     1337     
32       2311     2320     747      1388     1398     1665     996      2439     2106     1781     2837     1539     2067     1834     419      1801     2083     2631     623      2277     852      2485     1150     1510     2029     2302     1239     1567     1607     1395     1588     500      0        2013     2261     1905     2160     2576     2530     1706     1861     2235     1390     655      2378     556      899      2955     2131     1844     2619     2108     2725     2031     2057     647      2330     1205     687      1831     366      758      1696     2520     986      1339     2336     1812     2106     1288     592      1866     1753     1563     245      2526     1985     1176     201      1086     1700     
33       3099     2750     2565     2331     2102     3090     1025     3690     3813     3484     4442     2123     192      1328     1677     1715     3817     4071     2636     1503     1174     4246     3160     1058     3559     1676     1892     3560     2696     2014     593      2406     2013     0        1401     3707     1932     4000     4278     2320     584      2256     3257     1365     2002     2205     2435     4595     3681     1383     2317     1504     4444     1173     4030     1864     2987     1046     2558     3141     2302     2736     3211     1398     2667     3332     3905     2919     1359     886      2101     3280     760      3015     2151     4328     549      2931     1958     1971     2856     
34       4127     3889     2421     1653     1395     3810     1674     4533     4360     3010     5078     3136     1225     435      2159     710      4341     4816     2797     2861     1579     4747     3297     781      2923     3018     2829     3738     1959     1308     1046     2761     2261     1401     0        3301     3200     4753     4791     1424     846      3485     2998     1732     3315     2714     2121     5205     3041     2643     3634     2824     4984     273      4242     1730     4059     2010     2466     2424     2628     2995     2630     309      2372     3522     4560     3794     158      1131     1958     2608     746      3716     2247     4787     851      3425     2335     1496     3703     
35       3770     3966     1182     1654     1907     2816     2796     3491     2646     313      3304     3294     3697     2909     2323     2601     2580     3405     1491     4182     2574     2761     1339     2827     652      4199     3054     1501     1413     1992     3155     1887     1905     3707     3301     0        4021     3389     2818     1959     3347     4035     525      2416     4245     2198     1277     3329     633      3748     4455     4010     3010     3194     1802     1843     3863     3092     1222     1053     1871     1640     732      3611     1040     1483     3021     3196     3157     2834     1609     872      3173     2733     1678     2687     3472     2170     2076     1845     3087     
36       1400     923      2905     3339     3224     1931     1698     2193     2757     3932     3152     823      2122     2955     1779     3214     2796     2670     2546     573      1928     3183     2898     2548     4189     410      975      3121     3647     3171     2157     2153     2160     1932     3200     4021     0        2594     3191     3533     2369     348      3495     1939     226      1835     3029     3324     4292     559      478      458      3293     2933     3432     2567     1231     1274     2837     3955     2151     2462     3853     3280     3145     2938     2666     1532     3106     2173     2668     4012     2455     1914     2405     3315     2405     2210     1968     2946     1544     
37       1268     1783     2900     3879     3946     943      3138     423      760      3514     586      1943     4143     4351     2594     4372     832      75       2289     3138     3180     902      2101     3972     3914     3000     2113     1894     3986     3957     3854     2102     2576     4000     4753     3389     2594     0        871      4235     4144     2310     3003     3021     2750     2054     3248     756      3956     2869     2695     2971     850      4496     1772     3219     1462     2958     2806     4004     2230     2041     3720     4970     3156     1914     380      1109     4606     3648     3099     3934     4110     1037     2701     1059     4243     1439     2450     3644     1150     
38       2019     2501     2622     3649     3771     1275     3312     1238     466      3002     500      2428     4394     4364     2685     4302     461      833      2063     3683     3286     57       1696     4030     3411     3573     2494     1348     3678     3802     4016     2030     2530     4278     4791     2818     3191     871      0        4025     4306     2958     2527     3101     3377     2115     2990     512      3430     3347     3382     3501     205      4555     1044     3117     2207     3240     2537     3598     2163     1830     3281     5043     2838     1462     573      1664     4635     3759     2942     3493     4234     1318     2577     190      4419     1378     2465     3496     1647     
39       3995     3934     1405     378      318      3357     1850     4135     3664     1651     4411     3125     2224     1120     1888     723      3624     4283     1974     3412     1607     3972     2352     1262     1509     3514     2797     2769     553      362      1734     2138     1706     2320     1424     1959     3533     4235     4025     0        1787     3715     1772     1603     3715     2262     1037     4503     1625     3051     4011     3300     4230     1402     3253     1071     3995     2275     1488     1005     2016     2219     1245     1727     1226     2593     3953     3516     1305     1506     1138     1193     1592     3254     1540     3969     1886     2797     1879     629      3405     
40       3387     3103     2271     1850     1603     3206     1008     3879     3852     3096     4531     2389     445      746      1622     1143     3845     4212     2471     2014     1026     4267     2999     543      3121     2173     2107     3425     2212     1511     291      2322     1861     584      846      3347     2369     4144     4306     1787     0        2666     2940     1220     2475     2190     2073     4672     3244     1810     2794     1981     4487     598      3918     1535     3300     1246     2284     2672     2200     2618     2783     915      2320     3198     3999     3116     783      573      1785     2826     194      3119     1936     4331     128      2929     1865     1529     3037     
41       1080     583      2964     3493     3400     1729     1917     1898     2542     3973     2880     744      2444     3215     1888     3449     2587     2385     2545     917      2129     2954     2844     2802     4256     744      998      3022     3783     3354     2438     2148     2235     2256     3485     4035     348      2310     2958     3715     2666     0        3512     2111     443      1837     3126     3052     4353     872      451      807      3046     3214     3290     2708     901      1508     2889     4060     2168     2429     3930     3581     3218     2855     2415     1295     3382     2423     2780     4101     2738     1728     2480     3093     2710     2097     2036     3109     1328     
42       3282     3456     694      1416     1640     2353     2311     3062     2287     519      2990     2772     3262     2583     1808     2324     2227     3027     971      3662     2101     2470     904      2443     911      3677     2528     1179     1282     1713     2726     1365     1390     3257     2998     525      3495     3003     2527     1772     2940     3512     0        1932     3719     1674     885      3038     960      3228     3930     3489     2729     2858     1586     1407     3366     2586     718      1085     1346     1137     756      3304     631      1095     2648     2710     2846     2402     1161     966      2777     2265     1171     2422     3068     1700     1555     1504     2598     
43       2489     2358     1239     1402     1289     2078     380      2811     2655     2233     3357     1551     1412     1335     427      1429     2643     3083     1278     1894     198      3060     1806     951      2395     1966     1222     2220     1723     1243     940      1101     655      1365     1732     2416     1939     3021     3101     1603     1220     2111     1932     0        2130     992      1204     3490     2511     1493     2417     1755     3287     1477     2705     658      2457     731      1217     2076     980      1403     2042     1958     1395     1991     2833     2091     1585     659      831      2166     1133     1983     789      3117     1342     1723     644      1007     1993     
44       1522     1017     3124     3533     3409     2128     1870     2340     2950     4153     3316     1041     2194     3091     1991     3368     2992     2825     2771     537      2107     3371     3124     2691     4406     350      1201     3344     3847     3353     2280     2379     2378     2002     3315     4245     226      2750     3377     3715     2475     443      3719     2130     0        2061     3240     3489     4510     684      319      498      3472     3051     3648     2768     1341     1443     3057     4164     2376     2688     4068     3376     3362     3162     2842     1714     3229     2323     2877     4225     2574     2116     2623     3506     2500     2430     2187     3137     1734     
45       1770     1828     1165     1941     1953     1124     1204     1891     1664     2141     2366     1100     2302     2303     570      2320     1655     2113     711      2079     1172     2077     1103     1938     2446     2061     860      1422     2141     1948     1900     318      556      2205     2714     2198     1835     2054     2115     2262     2190     1837     1674     992      2061     0        1407     2497     2536     1650     2258     1894     2298     2465     1852     1199     1804     1220     1080     2320     335      647      2139     2949     1435     1204     1845     1257     2564     1647     1140     2327     2120     1024     751      2143     2304     739      398      1641     1145     
46       3176     3216     368      659      818      2415     1575     3190     2642     1050     3387     2438     2420     1701     1250     1468     2599     3290     960      3074     1335     2937     1315     1563     1192     3126     2135     1737     748      874      1878     1201     899      2435     2121     1277     3029     3248     2990     1037     2073     3126     885      1204     3240     1407     0        3474     1307     2655     3497     2921     3196     1973     2228     575      3211     1926     453      933      1100     1209     841      2425     253      1556     2947     2647     1967     1557     374      984      1903     2314     663      2932     2199     1811     1100     626      2532     
47       2023     2537     3107     4130     4241     1510     3667     1180     850      3514     172      2623     4723     4784     3065     4747     881      687      2531     3852     3667     569      2194     4433     3923     3723     2746     1858     4173     4267     4380     2455     2955     4595     5205     3329     3324     756      512      4503     4672     3052     3038     3490     3489     2497     3474     0        3942     3555     3446     3679     322      4961     1545     3564     2217     3548     3020     4106     2589     2291     3791     5446     3332     1965     692      1803     5051     4142     3402     4003     4614     1580     3025     652      4780     1781     2869     3958     1819     
48       4218     4357     1389     1413     1674     3309     2879     4023     3228     441      3908     3630     3638     2694     2525     2332     3165     3977     1875     4374     2634     3372     1862     2703     123      4418     3355     2094     1082     1767     3098     2249     2131     3681     3041     633      4292     3956     3430     1625     3244     4353     960      2511     4510     2536     1307     3942     0        3951     4749     4217     3625     2983     2427     1868     4292     3232     1464     620      2200     2072     473      3348     1149     2041     3596     3651     2912     2795     1681     433      3057     3219     1887     3306     3363     2655     2325     1718     3538     
49       1793     1387     2587     2889     2750     2074     1201     2500     2889     3622     3388     932      1571     2408     1432     2684     2916     2944     2329     434      1447     3329     2753     2007     3841     473      882      3043     3217     2690     1602     1960     1844     1383     2643     3748     559      2869     3347     3051     1810     872      3228     1493     684      1650     2655     3555     3951     0        1000     265      3477     2376     3417     2147     1653     777      2532     3561     1924     2298     3494     2721     2804     2837     2871     1761     2552     1639     2283     3637     1898     2030     2080     3446     1846     2188     1672     2490     1736     
