

sets
i        orders          /0*40/
k        routes          /1*40/
p        positions       /0*40/
;

alias(i,j)
alias(i,h)
alias(i,hh)
alias(i,jj)
alias(k,kk)
                            Parameters

rho(i)	Processing time
/
0	0
1	88
2	62
3	80
4	3
5	32
6	85
7	80
8	71
9	62
10	80
11	18
12	37
13	31
14	82
15	24
16	57
17	73
18	46
19	72
20	91
21	21
22	64
23	21
24	37
25	36
26	45
27	91
28	15
29	53
30	88
31	49
32	53
33	78
34	47
35	15
36	21
37	76
38	1
39	55
40	80
/

gamma(i)	Duedate
/
0	0
1	87
2	22
3	19
4	70
5	27
6	26
7	8
8	71
9	15
10	48
11	14
12	27
13	82
14	60
15	44
16	65
17	30
18	70
19	2
20	63
21	79
22	33
23	9
24	22
25	31
26	98
27	25
28	90
29	15
30	29
31	37
32	12
33	49
34	21
35	86
36	46
37	77
38	1
39	1
40	68
/

sigma(i)	Size
/
0	0
1	7
2	5
3	6
4	9
5	3
6	3
7	8
8	1
9	4
10	9
11	3
12	4
13	8
14	9
15	1
16	8
17	5
18	3
19	4
20	6
21	6
22	8
23	5
24	9
25	4
26	2
27	7
28	3
29	9
30	3
31	7
32	3
33	7
34	5
35	4
36	1
37	1
38	6
39	4
40	9
/

epsilon(i)	Priority
/
0	0
1	6
2	4
3	7
4	1
5	3
6	7
7	6
8	3
9	1
10	1
11	3
12	6
13	4
14	3
15	8
16	6
17	2
18	6
19	5
20	6
21	7
22	1
23	8
24	5
25	4
26	9
27	2
28	6
29	3
30	6
31	7
32	5
33	1
34	1
35	1
36	8
37	2
38	9
39	7
40	9
/

psi	Vehicle Capacity
/ 88 /
;

Table kappa(i,j)                 Setup
         0        1        2        3        4        5        6        7        8        9        10       11       12       13       14       15       16       17       18       19       20       21       22       23       24       25       26       27       28       29       30       31       32       33       34       35       36       37       38       39       40       
0        0        123      257      50       105      115      219      330      305      195      123      76       192      127      231      258      144      101      240      292      371      49       262      222      192      238      108      269      85       160      221      170      306      277      295      262      248      432      205      115      214      
1        123      0        285      166      26       10       96       278      194      225      103      157      87       183      245      137      103      96       157      171      299      152      252      255      72       115      78       152      204      189      118      202      187      209      352      229      274      360      139      179      242      
2        257      285      0        288      261      287      345      192      327      62       182      182      370      130      44       345      186      191      229      356      261      214      83       35       298      360      207      414      301      100      267      87       360      206      91       132      11       302      195      143      43       
3        50       166      288      0        152      158      261      378      354      230      173      106      225      158      268      304      194      151      290      338      421      74       304      253      238      280      158      304      37       198      270      206      353      327      314      309      281      482      255      146      248      
4        105      26       261      152      0        26       118      266      202      200      79       132      113      157      222      154      84       70       153      186      293      129      232      231      87       138      54       177      189      164      121      177      201      200      327      213      250      355      128      153      218      
5        115      10       287      158      26       0        104      286      204      226      105      153      88       182      248      146      108      97       166      181      308      146      257      257      82       123      80       157      195      190      127      203      196      217      353      235      276      369      147      177      244      
6        219      96       345      261      118      104      0        279      130      291      172      249      67       266      301      53       160      175      150      89       278      247      292      321      46       19       155      69       298      259      95       272      106      205      423      254      333      333      159      264      306      
7        330      278      192      378      266      286      279      0        192      194      207      283      334      246      162      250      189      228      130      241      69       311      110      200      242      285      227      340      406      202      184      202      237      74       279      74       185      114      138      257      189      
8        305      194      327      354      202      204      130      192      0        291      207      304      198      298      283      80       185      222      99       54       165      316      252      315      123      125      206      168      390      272      85       281      45       130      416      203      316      213      139      302      300      
9        195      225      62       230      200      226      291      194      291      0        122      123      310      71       40       297      130      129      192      312      258      155      88       30       245      307      146      360      247      37       221      25       319      185      132      122      53       308      153      84       19       
10       123      103      182      173      79       105      172      207      207      122      0        98       187      96       142      188      23       21       123      211      248      115      155      153      128      190      26       239      204      88       123      101      222      154      253      143      171      309      83       97       140      
11       76       157      182      106      132      153      249      283      304      123      98       0        241      52       161      277      121      82       221      304      335      32       199      147      211      268      100      310      126      92       220      100      316      244      219      211      174      394      179      40       141      
12       192      87       370      225      113      88       67       334      198      310      187      241      0        270      328      119      183      183      204      155      340      231      329      341      92       77       164      80       261      275      152      288      171      260      439      298      358      397      203      265      328      
13       127      183      130      158      157      182      266      246      298      71       96       52       270      0        110      285      115      90       206      307      303      84       153      95       223      284      111      331      175      45       217      49       317      217      173      172      122      359      163      13       89       
14       231      245      44       268      222      248      301      162      283      40       142      161      328      110      0        300      144      154      185      311      229      193      52       38       255      316      168      371      286      70       222      61       316      166      133      95       33       276      150      123      28       
15       258      137      345      304      154      146      53       250      80       297      188      277      119      285      300      0        171      197      127      36       238      280      282      325      67       44       177      92       341      270      78       281      53       178      429      238      334      290      150      285      310      
16       144      103      186      194      84       108      160      189      185      130      23       121      183      115      144      171      0        43       100      192      227      138      148      161      114      177      38       229      226      100      102      112      202      132      263      130      175      288      61       118      146      
17       101      96       191      151      70       97       175      228      222      129      21       82       183      90       154      197      43       0        143      223      270      95       172      160      133      194      20       241      183      93       138      106      235      175      256      163      180      330      104      89       148      
18       240      157      229      290      153      166      150      130      99       192      123      221      204      206      185      127      100      143      0        129      141      239      157      216      112      157      132      213      324      175      54       184      132      56       318      111      218      202      43       211      201      
19       292      171      356      338      186      181      89       241      54       312      211      304      155      307      311      36       192      223      129      0        219      311      287      339      99       78       204      115      375      288      91       299      16       173      442      240      345      267      161      309      324      
20       371      299      261      421      293      308      278      69       165      258      248      335      340      303      229      238      227      270      141      219      0        360      178      267      248      279      264      330      452      261      188      263      211      94       348      136      254      61       168      313      256      
21       49       152      214      74       129      146      247      311      316      155      115      32       231      84       193      280      138      95       239      311      360      0        230      179      214      267      110      304      95       124      230      132      324      267      247      239      206      419      199      71       173      
22       262      252      83       304      232      257      292      110      252      88       155      199      329      153      52       282      148      172      157      287      178      230      0        90       246      304      181      360      326      108      203      104      289      126      173      50       76       223      132      165      81       
23       222      255      35       253      231      257      321      200      315      30       153      147      341      95       38       325      161      160      216      339      267      179      90       0        275      337      177      390      267      67       248      54       345      202      103      133      28       314      178      107      15       
24       192      72       298      238      87       82       46       242      123      245      128      211      92       223      255      67       114      133      112      99       248      214      246      275      0        62       113      115      275      214      59       227      114      168      377      210      287      307      115      222      260      
25       238      115      360      280      138      123      19       285      125      307      190      268      77       284      316      44       177      194      157      78       279      267      304      337      62       0        173      56       317      276      104      289      94       212      440      265      349      333      171      283      322      
26       108      78       207      158      54       80       155      227      206      146      26       100      164      111      168      177      38       20       132      204      264      110      181      177      113      173      0        220      192      111      120      124      216      169      275      167      196      325      96       109      164      
27       269      152      414      304      177      157      69       340      168      360      239      310      80       331      371      92       229      241      213      115      330      304      360      390      115      56       220      0        341      328      160      340      129      267      492      321      403      381      228      328      375      
28       85       204      301      37       189      195      298      406      390      247      204      126      261      175      286      341      226      183      324      375      452      95       326      267      275      317      192      341      0        218      306      224      390      358      317      335      295      512      287      162      263      
29       160      189      100      198      164      190      259      202      272      37       88       92       275      45       70       270      100      93       175      288      261      124      108      67       214      276      111      328      218      0        197      13       296      178      164      127      89       315      133      57       56       
30       221      118      267      270      121      127      95       184      85       221      123      220      152      217      222      78       102      138      54       91       188      230      203      248      59       104      120      160      306      197      0        208      100      110      352      161      255      247      72       220      233      
31       170      202      87       206      177      203      272      202      281      25       101      100      288      49       61       281      112      106      184      299      263      132      104      54       227      289      124      340      224      13       208      0        307      184      151      128      78       317      142      62       44       
32       306      187      360      353      201      196      106      237      45       319      222      316      171      317      316      53       202      235      132      16       211      324      289      345      114      94       216      129      390      296      100      307      0        171      448      241      350      257      166      320      330      
33       277      209      206      327      200      217      205      74       130      185      154      244      260      217      166      178      132      175      56       173      94       267      126      202      168      212      169      267      358      178      110      184      171      0        297      75       197      155      73       226      188      
34       295      352      91       314      327      353      423      279      416      132      253      219      439      173      133      429      263      256      318      442      348      247      173      103      377      440      275      492      317      164      352      151      448      297      0        223      100      385      281      182      118      
35       262      229      132      309      213      235      254      74       203      122      143      211      298      172      95       238      130      163      111      240      136      239      50       133      210      265      167      321      335      127      161      128      241      75       223      0        123      188      95       183      120      
36       248      274      11       281      250      276      333      185      316      53       171      174      358      122      33       334      175      180      218      345      254      206      76       28       287      349      196      403      295      89       255      78       350      197      100      123      0        297      184      135      34       
37       432      360      302      482      355      369      333      114      213      308      309      394      397      359      276      290      288      330      202      267      61       419      223      314      307      333      325      381      512      315      247      317      257      155      385      188      297      0        229      369      304      
38       205      139      195      255      128      147      159      138      139      153      83       179      203      163      150      150      61       104      43       161      168      199      132      178      115      171      96       228      287      133      72       142      166      73       281      95       184      229      0        168      163      
39       115      179      143      146      153      177      264      257      302      84       97       40       265      13       123      285      118      89       211      309      313      71       165      107      222      283      109      328      162      57       220      62       320      226      182      183      135      369      168      0        102      
40       214      242      43       248      218      244      306      189      300      19       140      141      328      89       28       310      146      148      201      324      256      173      81       15       260      322      164      375      263      56       233      44       330      188      118      120      34       304      163      102      0        
;



Table delta(i,j)                 Distance
         0        1        2        3        4        5        6        7        8        9        10       11       12       13       14       15       16       17       18       19       20       21       22       23       24       25       26       27       28       29       30       31       32       33       34       35       36       37       38       39       40       
0        0        634      609      222      574      273      184      366      336      706      270      484      276      399      648      1027     921      152      465      991      508      212      567      65       841      29       837      397      523      384      403      487      1015     306      706      514      689      400      476      754      854      
1        634      0        894      828      77       630      465      979      845      835      897      861      358      805      729      393      919      579      714      376      1091     738      463      697      820      617      795      554      1138     251      235      163      380      909      177      167      248      673      761      858      290      
2        609      894      0        750      884      878      698      551      339      198      581      144      675      219      250      1207     425      749      1071     1099     506      808      471      588      398      632      416      977      625      721      768      840      1197     506      1051     728      755      242      1085     1355     1183     
3        222      828      750      0        761      285      363      314      422      882      215      609      477      531      839      1219     1109     256      430      1196     476      131      787      190      1036     226      1036     442      437      584      593      671      1207     295      871      725      907      582      416      711      1015     
4        574      77       884      761      0        555      400      927      806      842      841      838      300      777      737      458      944      509      637      452      1045     666      478      638      845      555      822      477      1086     197      171      90       445      858      167      165      302      654      684      787      305      
5        273      630      878      285      555      0        231      576      605      959      471      757      342      672      888      1003     1158     130      193      1007     736      154      747      313      1071     247      1062     157      716      424      411      466      991      536      629      575      775      657      210      481      764      
6        184      465      698      363      400      231      0        550      488      750      454      597      121      515      671      857      937      125      404      834      688      284      516      249      847      160      836      282      707      223      230      310      845      487      523      369      563      461      433      669      671      
7        366      979      551      314      927      576      550      0        228      727      105      409      627      358      722      1368     964      496      741      1311     162      435      775      300      914      392      923      728      159      730      757      844      1356     73       1068     838      980      481      729      1025     1217     
8        336      845      339      422      806      605      488      228      0        503      242      194      523      130      494      1218     739      489      793      1144     260      502      567      291      686      365      695      733      347      611      648      735      1207     170      963      688      801      259      796      1084     1109     
9        706      835      198      882      842      959      750      727      503      0        740      322      695      372      107      1100     236      828      1148     977      700      917      375      702      199      725      218      1032     816      712      759      818      1091     673      1005     677      652      306      1169     1419     1124     
10       270      897      581      215      841      471      454      105      242      740      0        436      540      369      719      1288     976      393      637      1240     265      331      735      204      916      295      921      623      255      646      670      756      1276     83       976      763      918      466      628      923      1125     
11       484      861      144      609      838      757      597      409      194      322      436      0        595      84       337      1204     557      631      950      1109     381      675      490      455      516      509      529      868      495      658      702      782      1193     361      1004     695      760      189      959      1237     1144     
12       276      358      675      477      300      342      121      627      523      695      540      595      0        521      606      751      862      246      497      719      750      405      418      338      768      259      754      354      786      108      130      217      739      559      444      249      442      432      532      738      592      
13       399      805      219      531      777      672      515      358      130      372      369      84       521      0        365      1160     609      546      865      1074     363      592      469      372      556      425      565      784      465      591      633      716      1149     301      940      640      725      153      875      1153     1083     
14       648      729      250      839      737      888      671      722      494      107      719      337      606      365      0        996      272      758      1073     875      718      860      268      653      197      663      201      950      828      614      661      716      987      661      900      572      547      258      1097     1338     1017     
15       1027     393      1207     1219     458      1003     857      1368     1218     1100     1288     1204     751      1160     996      0        1109     967      1050     150      1471     1123     737      1089     1020     1010     990      900      1525     643      627      548      12       1296     386      532      452      1015     1100     1122     303      
16       921      919      425      1109     944      1158     937      964      739      236      976      557      862      609      272      1109     0        1029     1342     969      932      1133     470      924      99       936      124      1213     1050     854      900      941      1102     910      1096     782      695      527      1367     1600     1194     
17       152      579      749      256      509      130      125      496      489      828      393      631      246      546      758      967      1029     0        322      952      648      160      629      206      943      124      935      244      647      345      346      418      955      444      615      494      688      526      340      606      759      
18       465      714      1071     430      637      193      404      741      793      1148     637      950      497      865      1073     1050     1342     322      0        1081     903      306      914      502      1252     440      1241     160      867      555      529      559      1039     709      664      699      898      848      50       290      777      
19       991      376      1099     1196     452      1007     834      1311     1144     977      1240     1109     719      1074     875      150      969      952      1081     0        1402     1112     628      1049     883      976      853      924      1466     611      606      540      148      1239     436      477      349      924      1130     1188     400      
20       508      1091     506      476      1045     736      688      162      260      700      265      381      750      363      718      1471     932      648      903      1402     0        597      825      445      897      536      910      885      122      848      880      968      1459     203      1194     939      1060     512      892      1187     1343     
21       212      738      808      131      666      154      284      435      502      917      331      675      405      592      860      1123     1133     160      306      1112     597      0        766      220      1053     199      1049     311      566      505      506      576      1111     404      762      653      846      611      299      593      902      
22       567      463      471      787      478      747      516      775      567      375      735      490      418      469      268      737      470      629      914      628      825      766      0        599      371      571      351      771      913      389      433      471      728      703      637      314      285      315      947      1152     750      
23       65       697      588      190      638      313      249      300      291      702      204      455      338      372      653      1089     924      206      502      1049     445      220      599      0        849      91       847      449      458      446      467      552      1077     242      771      571      740      398      506      792      920      
24       841      820      398      1036     845      1071     847      914      686      199      916      516      768      556      197      1020     99       943      1252     883      897      1053     371      849      0        855      31       1120     1011     757      802      842      1013     855      997      682      599      456      1279     1507     1097     
25       29       617      632      226      555      247      160      392      365      725      295      509      259      425      663      1010     936      124      440      976      536      199      571      91       855      0        850      368      549      367      383      467      997      333      683      501      681      419      452      728      831      
26       837      795      416      1036     822      1062     836      923      695      218      921      529      754      565      201      990      124      935      1241     853      910      1049     351      847      31       850      0        1107     1023     739      783      822      983      862      973      660      571      458      1269     1493     1070     
27       397      554      977      442      477      157      282      728      733      1032     623      868      354      784      950      900      1213     244      160      924      885      311      771      449      1120     368      1107     0        871      400      371      398      888      683      515      540      739      743      207      387      639      
28       523      1138     625      437      1086     716      707      159      347      816      255      495      786      465      828      1525     1050     647      867      1466     122      566      913      458      1011     549      1023     871      0        889      916      1004     1513     229      1227     994      1131     607      849      1142     1376     
29       384      251      721      584      197      424      223      730      611      712      646      658      108      591      614      643      854      345      555      611      848      505      389      446      757      367      739      400      889      0        47       124      631      661      351      151      351      482      595      768      498      
30       403      235      768      593      171      411      230      757      648      759      670      702      130      633      661      627      900      346      529      606      880      506      433      467      802      383      783      371      916      47       0        87       615      689      315      170      370      528      571      731      463      
31       487      163      840      671      90       466      310      844      735      818      756      782      217      716      716      548      941      418      559      540      968      576      471      552      842      467      822      398      1004     124      87       0        536      777      228      168      350      604      605      731      375      
32       1015     380      1197     1207     445      991      845      1356     1207     1091     1276     1193     739      1149     987      12       1102     955      1039     148      1459     1111     728      1077     1013     997      983      888      1513     631      615      536      0        1284     375      520      442      1004     1089     1112     295      
33       306      909      506      295      858      536      487      73       170      673      83       361      559      301      661      1296     910      444      709      1239     203      404      703      242      855      333      862      683      229      661      689      777      1284     0        1001     765      907      415      703      998      1150     
34       706      177      1051     871      167      629      523      1068     963      1005     976      1004     444      940      900      386      1096     615      664      436      1194     762      637      771      997      683      973      515      1227     351      315      228      375      1001     0        328      420      820      714      751      148      
35       514      167      728      725      165      575      369      838      688      677      763      695      249      640      572      532      782      494      699      477      939      653      314      571      682      501      660      540      994      151      170      168      520      765      328      0        200      506      741      893      455      
36       689      248      755      907      302      775      563      980      801      652      918      760      442      725      547      452      695      688      898      349      1060     846      285      740      599      681      571      739      1131     351      370      350      442      907      420      200      0        575      942      1081     500      
37       400      673      242      582      654      657      461      481      259      306      466      189      432      153      258      1015     527      526      848      924      512      611      315      398      456      419      458      743      607      482      528      604      1004     415      820      506      575      0        867      1126     958      
38       476      761      1085     416      684      210      433      729      796      1169     628      959      532      875      1097     1100     1367     340      50       1130     892      299      947      506      1279     452      1269     207      849      595      571      605      1089     703      714      741      942      867      0        295      828      
39       754      858      1355     711      787      481      669      1025     1084     1419     923      1237     738      1153     1338     1122     1600     606      290      1188     1187     593      1152     792      1507     728      1493     387      1142     768      731      731      1112     998      751      893      1081     1126     295      0        821      
40       854      290      1183     1015     305      764      671      1217     1109     1124     1125     1144     592      1083     1017     303      1194     759      777      400      1343     902      750      920      1097     831      1070     639      1376     498      463      375      295      1150     148      455      500      958      828      821      0        
;

