

sets
i        orders          /0*5/
k        routes          /1*5/
p        positions       /0*5/
;

alias(i,j)
alias(i,h)
alias(i,hh)
alias(i,jj)
alias(k,kk)
                            Parameters

rho(i)	Processing time
/
0	0
1	37
2	9
3	63
4	10
5	98
/

gamma(i)	Duedate
/
0	0
1	54
2	14
3	87
4	93
5	70
/

sigma(i)	Size
/
0	0
1	8
2	8
3	2
4	2
5	2
/

epsilon(i)	Priority
/
0	0
1	5
2	1
3	9
4	6
5	9
/

psi	Vehicle Capacity
/ 159 /
;

Table kappa(i,j)                 Setup
         0        1        2        3        4        5        
0        0        526      521      249      324      167      
1        526      0        619      371      384      462      
2        521      619      0        339      269      361      
3        249      371      339      0        82       106      
4        324      384      269      82       0        164      
5        167      462      361      106      164      0        
;



Table delta(i,j)                 Distance
         0        1        2        3        4        5        
0        0        138      140      194      49       67       
1        138      0        8        97       90       81       
2        140      8        0        104      93       85       
3        194      97       104      0        146      127      
4        49       90       93       146      0        20       
5        67       81       85       127      20       0        
;

