

sets
i        orders          /0*10/
k        routes          /1*10/
p        positions       /0*10/
;

alias(i,j)
alias(i,h)
alias(i,hh)
alias(i,jj)
alias(k,kk)
                            Parameters

rho(i)	Processing time
/
0	0
1	23
2	4
3	72
4	94
5	21
6	9
7	85
8	38
9	68
10	90
/

gamma(i)	Duedate
/
0	0
1	21
2	9
3	80
4	30
5	96
6	93
7	23
8	75
9	76
10	29
/

sigma(i)	Size
/
0	0
1	8
2	6
3	4
4	1
5	9
6	8
7	2
8	5
9	4
10	7
/

epsilon(i)	Priority
/
0	0
1	4
2	5
3	5
4	3
5	3
6	2
7	1
8	3
9	2
10	1
/

psi	Vehicle Capacity
/ 31 /
;

Table kappa(i,j)                 Setup
         0        1        2        3        4        5        6        7        8        9        10       
0        0        92       752      736      246      684      436      481      424      9        794      
1        92       0        705      652      330      632      343      500      456      98       708      
2        752      705      0        421      804      84       658      492      559      748      486      
3        736      652      421      0        903      356      404      750      783      738      76       
4        246      330      804      903      0        756      666      387      309      238      970      
5        684      632      84       356      756      0        573      475      534      681      426      
6        436      343      658      404      666      573      0        705      695      442      433      
7        481      500      492      750      387      475      705      0        80       473      827      
8        424      456      559      783      309      534      695      80       0        416      859      
9        9        98       748      738      238      681      442      473      416      0        796      
10       794      708      486      76       970      426      433      827      859      796      0        
;



Table delta(i,j)                 Distance
         0        1        2        3        4        5        6        7        8        9        10       
0        0        1380     1920     2370     720      480      3300     2790     2160     1860     1230     
1        1380     0        68       60       58       44       64       54       59       41       5        
2        1920     68       0        33       46       79       104      70       24       106      65       
3        2370     60       33       0        70       89       74       39       10       101      59       
4        720      58       46       70       0        40       117      93       61       84       53       
5        480      44       79       89       40       0        108      96       83       49       40       
6        3300     64       104      74       117      108      0        36       82       82       68       
7        2790     54       70       39       93       96       36       0        47       87       57       
8        2160     59       24       10       61       83       82       47       0        100      58       
9        1860     41       106      101      84       49       82       87       100      0        42       
10       1230     5        65       59       53       40       68       57       58       42       0        
;

