

sets
i        orders          /0*10/
k        routes          /1*10/
p        positions       /0*10/
;

alias(i,j)
alias(i,h)
alias(i,hh)
alias(i,jj)
alias(k,kk)
                            Parameters

rho(i)	Processing time
/
0	0
1	65
2	79
3	57
4	52
5	12
6	49
7	3
8	35
9	10
10	92
/

gamma(i)	Duedate
/
0	0
1	25
2	56
3	2
4	15
5	27
6	69
7	11
8	41
9	77
10	9
/

sigma(i)	Size
/
0	0
1	1
2	4
3	9
4	1
5	2
6	5
7	5
8	9
9	7
10	8
/

epsilon(i)	Priority
/
0	0
1	1
2	2
3	5
4	2
5	9
6	2
7	1
8	6
9	5
10	1
/

psi	Vehicle Capacity
/ 39 /
;

Table kappa(i,j)                 Setup
         0        1        2        3        4        5        6        7        8        9        10       
0        0        223      907      494      618      736      510      708      862      1033     643      
1        223      0        935      665      799      950      439      918      984      1131     734      
2        907      935      0        633      677      970      539      900      413      365      330      
3        494      665      633      0        137      390      599      328      406      602      303      
4        618      799      677      137      0        295      726      227      365      566      363      
5        736      950      970      390      295      0        983      69       618      808      658      
6        510      439      539      599      726      983      0        926      733      819      467      
7        708      918      900      328      227      69       926      0        551      743      590      
8        862      984      413      406      365      618      733      551      0        201      267      
9        1033     1131     365      602      566      808      819      743      201      0        397      
10       643      734      330      303      363      658      467      590      267      397      0        
;



Table delta(i,j)                 Distance
         0        1        2        3        4        5        6        7        8        9        10       
0        0        1200     450      1290     750      1050     840      1290     1200     360      1320     
1        1200     0        45       83       65       20       16       60       30       49       81       
2        450      45       0        45       31       33       38       58       54       25       53       
3        1290     83       45       0        18       76       70       57       76       36       22       
4        750      65       31       18       0        60       51       43       58       17       22       
5        1050     20       33       76       60       0        26       68       45       46       79       
6        840      16       38       70       51       26       0        44       19       34       65       
7        1290     60       58       57       43       68       44       0        34       33       39       
8        1200     30       54       76       58       45       19       34       0        41       66       
9        360      49       25       36       17       46       34       33       41       0        33       
10       1320     81       53       22       22       79       65       39       66       33       0        
;

