

sets
i        orders          /0*10/
k        routes          /1*10/
p        positions       /0*10/
;

alias(i,j)
alias(i,h)
alias(i,hh)
alias(i,jj)
alias(k,kk)
                            Parameters

rho(i)	Processing time
/
0	0
1	40
2	47
3	76
4	22
5	98
6	77
7	52
8	3
9	46
10	61
/

gamma(i)	Duedate
/
0	0
1	52
2	84
3	14
4	91
5	7
6	96
7	51
8	70
9	42
10	92
/

sigma(i)	Size
/
0	0
1	1
2	4
3	8
4	4
5	1
6	9
7	8
8	8
9	8
10	5
/

epsilon(i)	Priority
/
0	0
1	4
2	5
3	1
4	9
5	4
6	2
7	5
8	5
9	8
10	5
/

psi	Vehicle Capacity
/ 41 /
;

Table kappa(i,j)                 Setup
         0        1        2        3        4        5        6        7        8        9        10       
0        0        257      268      518      663      111      151      1098     971      839      833      
1        257      0        114      268      442      210      112      934      739      735      583      
2        268      114      0        337      395      268      171      851      703      631      638      
3        518      268      337      0        381      442      366      913      606      809      315      
4        663      442      395      381      0        648      547      532      309      465      492      
5        111      210      268      442      648      0        100      1119     949      885      752      
6        151      112      171      366      547      100      0        1022     849      798      681      
7        1098     934      851      913      532      1119     1022     0        427      336      950      
8        971      739      703      606      309      949      849      427      0        568      546      
9        839      735      631      809      465      885      798      336      568      0        957      
10       833      583      638      315      492      752      681      950      546      957      0        
;



Table delta(i,j)                 Distance
         0        1        2        3        4        5        6        7        8        9        10       
0        0        3390     3060     3750     780      1830     1620     2250     2730     2040     1800     
1        3390     0        16       40       97       71       59       97       45       44       74       
2        3060     16       0        32       90       56       50       80       28       36       72       
3        3750     40       32       0        117      68       77       82       34       64       103      
4        780      97       90       117      0        63       40       86       86       54       35       
5        1830     71       56       68       63       0        37       31       33       39       70       
6        1620     59       50       77       40       37       0        67       48       14       33       
7        2250     97       80       82       86       31       67       0        52       70       100      
8        2730     45       28       34       86       33       48       52       0        39       79       
9        2040     44       36       64       54       39       14       70       39       0        40       
10       1800     74       72       103      35       70       33       100      79       40       0        
;

