

sets
i        orders          /0*80/
k        routes          /1*80/
p        positions       /0*80/
;

alias(i,j)
alias(i,h)
alias(i,hh)
alias(i,jj)
alias(k,kk)
                            Parameters

rho(i)	Processing time
/
0	0
1	45
2	22
3	30
4	15
5	90
6	66
7	1
8	94
9	82
10	84
11	4
12	98
13	22
14	16
15	8
16	30
17	84
18	38
19	77
20	71
21	25
22	45
23	18
24	44
25	36
26	12
27	87
28	84
29	45
30	79
31	39
32	32
33	9
34	51
35	50
36	64
37	92
38	52
39	16
40	33
41	15
42	9
43	18
44	42
45	37
46	56
47	18
48	17
49	20
50	80
51	41
52	29
53	70
54	47
55	60
56	36
57	59
58	49
59	67
60	74
61	42
62	19
63	73
64	37
65	48
66	50
67	48
68	29
69	4
70	93
71	33
72	39
73	64
74	78
75	48
76	34
77	63
78	38
79	82
80	76
/

gamma(i)	Duedate
/
0	0
1	80
2	41
3	90
4	93
5	64
6	60
7	14
8	86
9	97
10	41
11	58
12	41
13	69
14	39
15	64
16	72
17	94
18	58
19	6
20	42
21	74
22	17
23	61
24	1
25	2
26	40
27	96
28	93
29	82
30	37
31	61
32	82
33	29
34	2
35	64
36	73
37	1
38	53
39	97
40	18
41	41
42	78
43	37
44	90
45	95
46	13
47	62
48	75
49	18
50	48
51	26
52	59
53	38
54	34
55	38
56	41
57	9
58	59
59	29
60	2
61	6
62	87
63	40
64	2
65	72
66	45
67	16
68	93
69	67
70	20
71	78
72	58
73	13
74	30
75	41
76	41
77	11
78	20
79	81
80	11
/

sigma(i)	Size
/
0	0
1	9
2	7
3	1
4	8
5	4
6	5
7	6
8	4
9	6
10	5
11	1
12	1
13	1
14	9
15	5
16	6
17	7
18	5
19	4
20	3
21	8
22	2
23	7
24	7
25	5
26	6
27	7
28	2
29	6
30	3
31	7
32	5
33	2
34	5
35	1
36	7
37	3
38	1
39	6
40	5
41	1
42	5
43	2
44	5
45	7
46	5
47	5
48	4
49	8
50	7
51	6
52	8
53	9
54	5
55	5
56	5
57	9
58	3
59	1
60	9
61	1
62	7
63	3
64	2
65	8
66	1
67	6
68	6
69	4
70	1
71	5
72	8
73	7
74	3
75	4
76	7
77	8
78	6
79	6
80	7
/

epsilon(i)	Priority
/
0	0
1	6
2	8
3	5
4	7
5	9
6	2
7	8
8	6
9	6
10	6
11	9
12	5
13	4
14	4
15	1
16	9
17	4
18	7
19	4
20	9
21	7
22	8
23	2
24	3
25	7
26	2
27	9
28	3
29	7
30	1
31	9
32	4
33	3
34	8
35	7
36	3
37	4
38	1
39	9
40	2
41	2
42	1
43	8
44	1
45	9
46	3
47	7
48	8
49	3
50	8
51	9
52	2
53	1
54	4
55	5
56	8
57	5
58	2
59	6
60	7
61	2
62	5
63	4
64	3
65	3
66	6
67	8
68	7
69	4
70	9
71	5
72	2
73	9
74	2
75	9
76	7
77	4
78	4
79	1
80	1
/

psi	Vehicle Capacity
/ 45 /
;

Table kappa(i,j)                 Setup
         0        1        2        3        4        5        6        7        8        9        10       11       12       13       14       15       16       17       18       19       20       21       22       23       24       25       26       27       28       29       30       31       32       33       34       35       36       37       38       39       40       41       42       43       44       45       46       47       48       49       50       51       52       53       54       55       56       57       58       59       60       61       62       63       64       65       66       67       68       69       70       71       72       73       74       75       76       77       78       79       80       
0        0        1810     1995     839      2495     721      1255     1269     921      2247     2526     1974     1887     1882     2236     1364     2400     1227     2417     2832     2381     2210     1111     1630     2292     2708     1735     383      1515     1464     531      912      1340     2130     2233     1486     1720     1820     1809     1501     1121     3028     984      1485     634      838      2160     1781     1087     1360     2301     1681     722      2434     934      1874     1825     2434     1792     1061     2394     1482     1642     1795     2880     762      2526     1597     1732     502      1028     1982     2222     914      1691     1457     2137     2020     834      1065     1321     
1        1810     0        3678     2521     4290     2531     1867     3060     1576     2758     3530     2622     3687     3371     4034     2194     2503     2977     2870     3793     3009     751      2106     3441     3411     3976     3546     1431     3314     346      1689     2713     2803     3922     768      3280     716      3591     3619     538      2102     3886     1508     458      2434     2602     3111     3589     905      2840     993      3445     1700     3721     2735     2411     1902     2814     778      2247     4205     1645     1189     2720     3746     2450     3949     3334     1351     1628     2742     3770     1986     1067     3389     355      3919     3829     1937     2703     747      
2        1995     3678     0        1173     1584     1443     2119     860      2827     2299     1708     2064     1278     630      1430     1859     2808     788      2430     1922     2197     3842     2737     991      1433     1338     1014     2311     776      3348     2433     1423     2299     1445     3862     743      3327     460      985      3470     2751     2188     2283     3436     1581     1633     1678     841      3076     927      3828     472      2591     1167     1416     2181     3661     2522     3365     2563     1164     3368     2992     1680     2092     1249     934      1662     3696     2050     1746     593      3045     2621     1832     3351     590      924      2557     975      3010     
3        839      2521     1173     0        2034     565      1234     625      1729     1917     1885     1627     1452     1064     1784     1122     2256     471      2086     2186     1960     2760     1769     1103     1615     1936     1209     1138     880      2185     1327     727      1624     1710     2781     830      2242     1085     1262     2297     1782     2415     1237     2264     658      859      1593     1179     1907     589      2785     936      1505     1667     740      1622     2612     2139     2293     1641     1805     2287     1987     1319     2276     77       1709     1421     2568     902      1080     1281     2285     1483     1577     2186     1419     1421     1534     230      1890     
4        2495     4290     1584     2034     0        1780     3264     1413     2938     3758     3287     3490     608      2182     259      3108     4201     1610     3908     3507     3705     4692     2576     930      3006     2900     824      2878     1174     3945     2656     1582     1822     369      4714     1234     4186     1189     777      3907     2589     3773     3249     3918     1861     1691     3209     889      3465     2235     4757     1291     2723     2749     1560     3552     3502     3988     4250     2367     454      3335     3999     3116     3676     2072     2477     1026     3776     2835     1584     999      4305     3382     1064     3935     1004     689      2555     2004     3799     
5        721      2531     1443     565      1780     0        1653     610      1400     2456     2444     2166     1171     1538     1521     1617     2749     663      2627     2742     2516     2912     1303     911      2169     2442     1015     1103     826      2184     1023     216      1059     1419     2935     810      2410     1169     1089     2197     1318     2976     1528     2191     137      294      2159     1071     1765     1135     2985     1046     1162     2181     237      2137     2217     2673     2476     1144     1675     1928     2261     1877     2838     534      2165     958      2280     1075     519      1302     2703     1603     1090     2177     1462     1305     1113     747      2019     
6        1255     1867     2119     1234     3264     1653     0        1851     2001     1056     1669     829      2686     1645     3017     331      1145     1664     1215     1942     1252     1793     2335     2335     1544     2120     2440     1145     2096     1621     1701     1864     2565     2944     1810     2041     1310     2221     2488     1921     2343     2065     412      1837     1663     1909     1249     2393     1729     1193     1735     2076     1878     1875     1883     666      2860     1211     1323     2311     3006     2497     893      853      1919     1206     2144     2604     2563     768      2139     2435     1055     911      2743     1640     2547     2629     2054     1275     1120     
7        1269     3060     860      625      1413     610      1851     0        2010     2421     2166     2139     849      1114     1167     1705     2819     225      2582     2442     2414     3359     1881     486      1876     2017     589      1632     261      2715     1631     563      1462     1103     3380     220      2843     560      637      2770     1895     2696     1857     2753     746      773      1970     556      2348     909      3397     436      1773     1780     556      2173     2815     2650     2898     1703     1186     2535     2609     1787     2571     671      1682     963      2890     1486     896      713      2894     2060     1138     2712     868      801      1714     603      2475     
8        921      1576     2827     1729     2938     1400     2001     2010     0        3051     3434     2800     2378     2790     2697     2194     3093     2038     3214     3738     3220     2224     531      2234     3208     3629     2323     857      2214     1286     401      1495     1258     2573     2245     2205     1861     2567     2403     1073     528      3924     1625     1126     1264     1312     3055     2424     674      2278     2403     2446     237      3355     1511     2664     905      3212     1949     676      2967     561      2024     2674     3776     1654     3435     1919     882      1260     1359     2688     2782     1258     1930     1261     2849     2634     393      1959     1495     
9        2247     2758     2299     1917     3758     2456     1056     2421     3051     0        987      290      3257     1677     3540     883      567      2198     172      1149     270      2448     3354     2888     1062     1636     2976     2194     2610     2576     2733     2640     3474     3501     2458     2548     2083     2585     3000     2917     3363     1165     1460     2824     2510     2744     690      2873     2772     1527     2291     2469     2916     1492     2654     389      3917     230      2056     3307     3405     3553     1589     642      1042     1928     1867     3330     3609     1798     2975     2795     1042     1940     3491     2601     2856     3072     3074     1830     2045     
10       2526     3530     1708     1885     3287     2444     1669     2166     3434     987      0        960      2899     1111     3113     1354     1545     1951     1018     305      744      3344     3604     2548     290      670      2611     2621     2270     3289     3057     2570     3502     3107     3356     2211     2919     2109     2610     3577     3617     534      2061     3498     2543     2734     419      2466     3333     1312     3217     2037     3248     610      2578     1180     4339     1128     2911     3503     2872     3984     2441     818      405      1933     992      3130     4142     2212     2940     2288     2022     2562     3304     3309     2298     2608     3343     1700     2785     
11       1974     2622     2064     1627     3490     2166     829      2139     2800     290      960      0        2979     1454     3268     611      746      1917     461      1185     423      2387     3084     2610     952      1553     2700     1943     2334     2413     2470     2350     3186     3225     2399     2272     1979     2326     2727     2735     3094     1264     1241     2647     2221     2455     577      2602     2558     1254     2256     2205     2655     1370     2364     220      3676     513      1964     3031     3147     3313     1492     384      1125     1638     1724     3042     3392     1540     2685     2538     1099     1736     3202     2435     2607     2806     2805     1544     1889     
12       1887     3687     1278     1452     608      1171     2686     849      2378     3257     2899     2979     0        1791     349      2554     3668     1065     3416     3148     3233     4083     2062     369      2610     2612     288      2270     649      3342     2073     975      1367     258      4105     711      3578     820      294      3316     2076     3412     2650     3323     1254     1096     2761     440      2874     1732     4149     864      2154     2419     953      3021     3011     3487     3642     1854     613      2811     3398     2618     3300     1484     2213     549      3236     2229     1018     716      3736     2773     668      3332     817      420      2005     1452     3190     
13       1882     3371     630      1064     2182     1538     1645     1114     2790     1677     1111     1454     1791     0        2002     1345     2200     926      1803     1358     1567     3428     2819     1448     825      911      1505     2121     1175     3062     2388     1605     2547     1996     3446     1120     2927     999      1500     3248     2833     1621     1891     3196     1663     1798     1048     1356     2900     542      3381     927      2568     665      1607     1591     3677     1898     2952     2676     1782     3350     2538     1074     1510     1136     645      2062     3613     1780     1973     1184     2481     2306     2238     3071     1212     1499     2594     834      2656     
14       2236     4034     1430     1784     259      1521     3017     1167     2697     3540     3113     3268     349      2002     0        2869     3971     1371     3694     3345     3499     4433     2352     681      2828     2764     578      2619     938      3688     2406     1323     1616     128      4455     999      3927     1003     541      3655     2365     3610     2993     3664     1602     1437     3011     667      3213     2014     4498     1088     2479     2596     1302     3322     3289     3771     3991     2143     433      3108     3743     2898     3507     1819     2348     802      3544     2577     1339     836      4062     3122     866      3678     878      507      2317     1764     3539     
15       1364     2194     1859     1122     3108     1617     331      1705     2194     883      1354     611      2554     1345     2869     0        1136     1499     1055     1637     1026     2117     2473     2191     1216     1789     2291     1341     1934     1938     1859     1816     2604     2809     2133     1874     1639     2011     2331     2222     2483     1778     707      2143     1655     1897     937      2223     1997     939      2047     1872     2045     1544     1833     525      3078     1080     1650     2423     2817     2716     1209     536      1630     1114     1818     2538     2822     933      2128     2227     1208     1207     2689     1957     2326     2450     2194     1105     1447     
16       2400     2503     2808     2256     4201     2749     1145     2819     3093     567      1545     746      3668     2200     3971     1136     0        2604     537      1673     803      2068     3466     3301     1629     2202     3396     2256     3033     2385     2827     2951     3705     3919     2074     2972     1791     3054     3429     2759     3474     1639     1471     2656     2779     3023     1255     3311     2699     1970     1876     2928     2996     2059     2968     649      3903     432      1745     3453     3874     3544     1316     1129     1537     2250     2432     3674     3526     1907     3255     3268     569      1875     3825     2414     3344     3525     3186     2216     1860     
17       1227     2977     788      471      1610     663      1664     225      2038     2198     1951     1917     1065     926      1371     1499     2604     0        2359     2231     2189     3232     1966     696      1662     1836     793      1567     435      2637     1646     687      1623     1315     3253     377      2714     616      832      2722     1981     2483     1704     2697     800      889      1746     729      2314     684      3256     468      1803     1590     686      1956     2877     2427     2765     1802     1346     2580     2452     1562     2356     534      1524     1182     2909     1370     1049     809      2697     1950     1355     2636     948      965      1774     394      2360     
18       2417     2870     2430     2086     3908     2627     1215     2582     3214     172      1018     461      3416     1803     3694     1055     537      2359     0        1136     276      2523     3523     3046     1136     1684     3133     2357     2767     2702     2900     2810     3646     3657     2532     2705     2182     2731     3155     3050     3532     1113     1613     2955     2682     2916     782      3026     2920     1684     2353     2618     3082     1564     2824     550      4074     110      2150     3477     3548     3711     1689     797      1005     2099     1946     3497     3757     1964     3146     2939     1070     2085     3659     2728     2995     3221     3243     1995     2169     
19       2832     3793     1922     2186     3507     2742     1942     2442     3738     1149     305      1185     3148     1358     3345     1637     1673     2231     1136     0        882      3569     3910     2806     574      709      2863     2921     2531     3562     3362     2863     3799     3347     3580     2474     3163     2345     2856     3859     3922     265      2342     3778     2844     3030     701      2711     3626     1608     3428     2284     3553     765      2870     1405     4642     1242     3149     3808     3081     4287     2677     1103     199      2235     1108     3404     4439     2511     3234     2512     2190     2844     3579     3583     2508     2838     3649     1996     3051     
20       2381     3009     2197     1960     3705     2516     1252     2414     3220     270      744      423      3233     1567     3499     1026     803      2189     276      882      0        2716     3492     2865     864      1408     2947     2364     2583     2816     2884     2687     3556     3468     2726     2521     2343     2520     2964     3147     3502     896      1663     3057     2583     2809     525      2831     2980     1506     2561     2414     3071     1291     2700     605      4099     385      2319     3431     3332     3736     1850     640      772      1982     1674     3350     3815     1959     3035     2724     1308     2155     3516     2840     2771     3016     3215     1843     2287     
21       2210     751      3842     2760     4692     2912     1793     3359     2224     2448     3344     2387     4083     3428     4433     2117     2068     3232     2523     3569     2716     0        2752     3792     3284     3881     3900     1835     3620     944      2243     3117     3381     4332     22       3576     518      3843     3967     1271     2750     3613     1559     1175     2842     3046     2939     3912     1556     2937     258      3694     2300     3651     3139     2166     2647     2446     477      2865     4541     2373     914      2585     3486     2699     3935     3803     2101     1873     3221     4041     1504     1310     3884     973      4178     4157     2546     2898     893      
22       1111     2106     2737     1769     2576     1303     2335     1881     531      3354     3604     3084     2062     2819     2352     2473     3466     1966     3523     3910     3492     2752     0        1993     3354     3705     2066     1216     2037     1817     640      1320     790      2224     2774     2043     2374     2408     2145     1594     14       4118     2000     1653     1168     1112     3256     2195     1205     2355     2925     2308     490      3436     1331     2976     957      3535     2461     208      2672     760      2494     2901     3972     1705     3457     1551     1214     1567     1069     2491     3211     1710     1525     1792     2650     2377     281      1992     1995     
23       1630     3441     991      1103     930      911      2335     486      2234     2888     2548     2610     369      1448     681      2191     3301     696      3046     2806     2865     3792     1993     0        2258     2300     108      2011     282      3094     1893     751      1398     618      3814     344      3281     537      178      3104     2007     3067     2323     3101     1019     922      2397     205      2668     1362     3845     536      2001     2092     732      2653     2950     3118     3341     1793     764      2713     3074     2248     2952     1142     1916     675      3112     1923     924      525      3380     2484     842      3087     673      401      1887     1087     2902     
24       2292     3411     1433     1615     3006     2169     1544     1876     3208     1062     290      952      2610     825      2828     1216     1629     1662     1136     574      864      3284     3354     2258     0        603      2322     2415     1979     3151     2824     2289     3225     2820     3298     1921     2834     1824     2321     3418     3366     820      1915     3345     2272     2456     378      2178     3149     1034     3177     1749     3014     430      2296     1159     4114     1243     2835     3245     2597     3763     2371     701      695      1667     810      2840     3943     2012     2660     2007     2050     2407     3014     3168     2023     2325     3098     1422     2664     
25       2708     3976     1338     1936     2900     2442     2120     2017     3629     1636     670      1553     2612     911      2764     1789     2202     1836     1684     709      1408     3881     3705     2300     603      0        2338     2887     2045     3703     3232     2516     3458     2783     3896     1995     3423     1791     2317     3946     3719     951      2470     3880     2563     2708     976      2171     3647     1356     3779     1763     3418     274      2518     1762     4529     1794     3426     3572     2458     4190     2967     1296     908      2002     427      2945     4413     2502     2884     1929     2648     2947     3120     3717     1896     2260     3468     1714     3232     
26       1735     3546     1014     1209     824      1015     2440     589      2323     2976     2611     2700     288      1505     578      2291     3396     793      3133     2863     2947     3900     2066     108      2322     2338     0        2116     365      3199     1987     848      1444     524      3922     427      3390     553      80       3205     2080     3126     2430     3203     1120     1012     2473     178      2768     1449     3953     580      2091     2139     829      2748     3023     3206     3449     1864     661      2793     3182     2336     3013     1249     1946     684      3198     2031     996      497      3483     2592     841      3192     632      312      1970     1186     3010     
27       383      1431     2311     1138     2878     1103     1145     1632     857      2194     2621     1943     2270     2121     2619     1341     2256     1567     2357     2921     2364     1835     1216     2011     2415     2887     2116     0        1884     1085     576      1295     1625     2512     1857     1852     1355     2174     2189     1159     1223     3093     785      1129     1017     1211     2227     2157     779      1581     1937     2031     740      2614     1317     1806     1737     2357     1430     1232     2774     1376     1333     1837     2944     1062     2752     1968     1530     412      1388     2345     1999     563      2052     1080     2497     2397     940      1347     952      
28       1515     3314     776      880      1174     826      2096     261      2214     2610     2270     2334     649      1175     938      1934     3033     435      2767     2531     2583     3620     2037     282      1979     2045     365      1884     0        2969     1847     725      1531     890      3641     62       3104     372      397      3012     2052     2791     2116     2999     955      927      2115     298      2586     1083     3657     303      1977     1828     712      2384     2986     2840     3159     1849     926      2723     2867     1970     2674     930      1675     901      3096     1747     997      476      3132     2320     1075     2965     636      541      1896     829      2736     
29       1464     346      3348     2185     3945     2184     1621     2715     1286     2576     3289     2413     3342     3062     3688     1938     2385     2637     2702     3562     2816     944      1817     3094     3151     3703     3199     1085     2969     0        1359     2367     2486     3577     965      2936     695      3250     3273     392      1815     3673     1236     284      2088     2258     2870     3243     614      2526     1147     3104     1386     3442     2389     2211     1742     2657     778      1944     3858     1444     1080     2472     3531     2113     3654     2993     1236     1300     2402     3426     1911     760      3052     33       3577     3483     1628     2372     532      
30       531      1689     2433     1327     2656     1023     1701     1631     401      2733     3057     2470     2073     2388     2406     1859     2827     1646     2900     3362     2884     2243     640      1893     2824     3232     1987     576      1847     1359     0        1143     1138     2287     2266     1833     1815     2191     2066     1255     647      3556     1360     1277     892      980      2687     2073     813      1879     2388     2065     191      2959     1161     2350     1297     2907     1899     666      2643     961      1878     2315     3408     1253     3034     1662     1263     936      1076     2323     2574     1092     1704     1341     2483     2294     364      1558     1419     
31       912      2713     1423     727      1582     216      1864     563      1495     2640     2570     2350     975      1605     1323     1816     2951     687      2810     2863     2687     3117     1320     751      2289     2516     848      1295     725      2367     1143     0        943      1217     3139     725      2618     1091     926      2357     1335     3104     1745     2358     279      209      2308     931      1919     1258     3194     987      1259     2263     22       2331     2263     2860     2685     1140     1508     1997     2476     2046     2970     711      2211     742      2376     1290     371      1195     2916     1809     878      2358     1355     1152     1170     873      2224     
32       1340     2803     2299     1624     1822     1059     2565     1462     1258     3474     3502     3186     1367     2547     1616     2604     3705     1623     3646     3799     3556     3381     790      1398     3225     3458     1444     1625     1531     2486     1138     943      0        1489     3404     1557     2946     1896     1518     2324     801      4035     2324     2367     974      768      3217     1603     1901     2190     3522     1832     1103     3207     940      3130     1682     3682     3028     594      1979     1543     2957     2922     3897     1587     3141     823      2003     1841     574      1923     3562     2185     758      2465     2071     1737     871      1802     2545     
33       2130     3922     1445     1710     369      1419     2944     1103     2573     3501     3107     3225     258      1996     128      2809     3919     1315     3657     3347     3468     4332     2224     618      2820     2783     524      2512     890      3577     2287     1217     1489     0        4354     952      3829     1002     504      3538     2238     3612     2907     3548     1495     1321     2988     643      3095     1973     4402     1071     2356     2606     1195     3271     3161     3731     3894     2015     537      2981     3655     2860     3505     1742     2373     674      3417     2483     1216     856      3994     3022     740      3566     920      526      2192     1705     3438     
34       2233     768      3862     2781     4714     2935     1810     3380     2245     2458     3356     2399     4105     3446     4455     2133     2074     3253     2532     3580     2726     22       2774     3814     3298     3896     3922     1857     3641     965      2266     3139     3404     4354     0        3598     539      3864     3989     1290     2772     3623     1579     1194     2864     3069     2952     3933     1578     2955     249      3715     2323     3666     3161     2178     2665     2454     497      2888     4563     2393     929      2600     3497     2720     3952     3826     2119     1895     3244     4062     1509     1332     3907     994      4199     4178     2568     2918     915      
35       1486     3280     743      830      1234     810      2041     220      2205     2548     2211     2272     711      1120     999      1874     2972     377      2705     2474     2521     3576     2043     344      1921     1995     427      1852     62       2936     1833     725      1557     952      3598     0        3060     366      458      2986     2058     2734     2066     2971     942      930      2053     352      2563     1021     3611     274      1967     1775     713      2323     2988     2778     3114     1857     975      2720     2817     1908     2616     882      1630     949      3087     1704     1014     496      3074     2279     1125     2932     653      592      1893     771      2694     
36       1720     716      3327     2242     4186     2410     1310     2843     1861     2083     2919     1979     3578     2927     3927     1639     1791     2714     2182     3163     2343     518      2374     3281     2834     3423     3390     1355     3104     695      1815     2618     2946     3829     539      3060     0        3325     3455     1085     2374     3233     1045     977      2346     2558     2506     3397     1235     2427     582      3176     1899     3183     2640     1760     2427     2120     88       2464     4027     2113     494      2133     3099     2182     3452     3318     1931     1359     2743     3524     1269     808      3407     728      3660     3642     2143     2380     403      
37       1820     3591     460      1085     1189     1169     2221     560      2567     2585     2109     2326     820      999      1003     2011     3054     616      2731     2345     2520     3843     2408     537      1824     1791     553      2174     372      3250     2191     1091     1896     1002     3864     366      3325     0        525      3321     2423     2610     2304     3301     1303     1296     2020     381      2904     1087     3860     149      2330     1604     1079     2408     3354     2814     3374     2221     821      3085     3046     1945     2504     1150     1394     1212     3449     1986     1369     216      3219     2566     1380     3248     334      501      2259     958      2975     
38       1809     3619     985      1262     777      1089     2488     637      2403     3000     2610     2727     294      1500     541      2331     3429     832      3155     2856     2964     3967     2145     178      2321     2317     80       2189     397      3273     2066     926      1518     504      3989     458      3455     525      0        3282     2160     3120     2489     3279     1197     1091     2484     145      2845     1473     4017     573      2171     2125     907      2780     3102     3231     3514     1943     586      2873     3241     2359     3010     1304     1919     744      3278     2096     1076     442      3528     2659     896      3266     567      232      2050     1226     3077     
39       1501     538      3470     2297     3907     2197     1921     2770     1073     2917     3577     2735     3316     3248     3655     2222     2759     2722     3050     3859     3147     1271     1594     3104     3418     3946     3205     1159     3012     392      1255     2357     2324     3538     1290     2986     1085     3321     3282     0        1589     3986     1516     108      2085     2219     3160     3269     442      2706     1497     3181     1228     3680     2378     2542     1377     3012     1168     1750     3866     1107     1464     2759     3841     2221     3862     2918     850      1468     2331     3482     2298     1015     2955     359      3638     3502     1453     2503     898      
40       1121     2102     2751     1782     2589     1318     2343     1895     528      3363     3617     3094     2076     2833     2365     2483     3474     1981     3532     3922     3502     2750     14       2007     3366     3719     2080     1223     2052     1815     647      1335     801      2238     2772     2058     2374     2423     2160     1589     0        4130     2007     1649     1183     1127     3268     2209     1202     2368     2925     2322     494      3450     1345     2985     942      3544     2462     222      2686     747      2497     2912     3984     1718     3471     1564     1202     1575     1084     2506     3216     1714     1537     1789     2665     2391     289      2006     1996     
41       3028     3886     2188     2415     3773     2976     2065     2696     3924     1165     534      1264     3412     1621     3610     1778     1639     2483     1113     265      896      3613     4118     3067     820      951      3126     3093     2791     3673     3556     3104     4035     3612     3623     2734     3233     2610     3120     3986     4130     0        2473     3900     3074     3267     868      2975     3776     1846     3456     2547     3746     1029     3112     1476     4824     1209     3213     4023     3346     4466     2742     1257     148      2461     1362     3659     4598     2681     3474     2778     2184     2975     3834     3695     2773     3104     3853     2234     3152     
42       984      1508     2283     1237     3249     1528     412      1857     1625     1460     2061     1241     2650     1891     2993     707      1471     1704     1613     2342     1663     1559     2000     2323     1915     2470     2430     785      2116     1236     1360     1745     2324     2907     1579     2066     1045     2304     2489     1516     2007     2473     0        1436     1505     1746     1644     2414     1317     1382     1557     2155     1525     2213     1766     1070     2463     1600     1082     2001     3042     2101     752      1243     2327     1186     2446     2484     2152     485      1964     2509     1239     502      2605     1253     2638     2657     1722     1348     770      
43       1485     458      3436     2264     3918     2191     1837     2753     1126     2824     3498     2647     3323     3196     3664     2143     2656     2697     2955     3778     3057     1175     1653     3101     3345     3880     3203     1129     2999     284      1277     2358     2367     3548     1194     2971     977      3301     3279     108      1649     3900     1436     0        2082     2227     3080     3261     467      2655     1397     3159     1265     3615     2378     2451     1478     2915     1059     1800     3864     1199     1358     2680     3756     2188     3805     2938     957      1416     2348     3467     2191     938      2981     251      3621     3496     1497     2465     796      
44       634      2434     1581     658      1861     137      1663     746      1264     2510     2543     2221     1254     1663     1602     1655     2779     800      2682     2844     2583     2842     1168     1019     2272     2563     1120     1017     955      2088     892      279      974      1495     2864     942      2346     1303     1197     2085     1183     3074     1505     2082     0        246      2245     1189     1649     1241     2925     1182     1027     2299     300      2179     2079     2723     2415     1014     1781     1791     2223     1948     2934     614      2294     984      2145     1036     476      1431     2704     1538     1099     2079     1591     1418     976      857      1950     
45       838      2602     1633     859      1691     294      1909     773      1312     2744     2734     2455     1096     1798     1437     1897     3023     889      2916     3030     2809     3046     1112     922      2456     2708     1012     1211     927      2258     980      209      768      1321     3069     930      2558     1296     1091     2219     1127     3267     1746     2227     246      0        2453     1113     1777     1422     3139     1195     1079     2451     218      2419     2058     2960     2630     931      1663     1800     2456     2171     3129     828      2412     759      2190     1272     231      1390     2949     1751     862      2246     1551     1322     972      1034     2158     
46       2160     3111     1678     1593     3209     2159     1249     1970     3055     690      419      577      2761     1048     3011     937      1255     1746     782      701      525      2939     3256     2397     378      976      2473     2227     2115     2870     2687     2308     3217     2988     2952     2053     2506     2020     2484     3160     3268     868      1644     3080     2245     2453     0        2347     2925     1067     2821     1923     2878     805      2318     790      3956     886      2500     3168     2823     3598     2031     401      720      1631     1176     2925     3740     1816     2671     2218     1673     2145     3096     2889     2258     2519     2989     1438     2365     
47       1781     3589     841      1179     889      1071     2393     556      2424     2873     2466     2602     440      1356     667      2223     3311     729      3026     2711     2831     3912     2195     205      2178     2171     178      2157     298      3243     2073     931      1603     643      3933     352      3397     381      145      3269     2209     2975     2414     3261     1189     1113     2347     0        2837     1348     3953     429      2189     1979     913      2662     3151     3103     3453     1996     630      2910     3166     2231     2866     1228     1775     859      3303     2038     1127     323      3425     2608     1019     3237     468      245      2083     1122     3025     
48       1087     905      3076     1907     3465     1765     1729     2348     674      2772     3333     2558     2874     2900     3213     1997     2699     2314     2920     3626     2980     1556     1205     2668     3149     3647     2768     779      2586     614      813      1919     1901     3095     1578     2563     1235     2904     2845     442      1202     3776     1317     467      1649     1777     2925     2837     0        2359     1748     2766     798      3376     1939     2385     1226     2896     1324     1341     3428     888      1490     2525     3628     1830     3528     2475     837      1145     1888     3059     2304     835      2515     587      3216     3067     1032     2123     916      
49       1360     2840     927      589      2235     1135     1193     909      2278     1527     1312     1254     1732     542      2014     939      1970     684      1684     1608     1506     2937     2355     1362     1034     1356     1449     1581     1083     2526     1879     1258     2190     1973     2955     1021     2427     1087     1473     2706     2368     1846     1382     2655     1241     1422     1067     1348     2359     0        2910     957      2064     1084     1266     1322     3175     1757     2459     2231     1905     2839     2070     886      1711     650      1172     1858     3084     1239     1627     1303     2141     1773     2029     2534     1392     1555     2113     387      2135     
