

sets
i        orders          /0*80/
k        routes          /1*80/
p        positions       /0*80/
;

alias(i,j)
alias(i,h)
alias(i,hh)
alias(i,jj)
alias(k,kk)
                            Parameters

rho(i)	Processing time
/
0	0
1	76
2	54
3	27
4	28
5	2
6	2
7	64
8	92
9	39
10	26
11	7
12	37
13	82
14	27
15	49
16	75
17	35
18	75
19	89
20	56
21	44
22	23
23	80
24	17
25	91
26	35
27	39
28	45
29	6
30	19
31	73
32	90
33	83
34	47
35	5
36	41
37	22
38	81
39	62
40	20
41	19
42	76
43	31
44	15
45	21
46	37
47	67
48	40
49	5
50	35
51	47
52	72
53	51
54	24
55	24
56	38
57	69
58	18
59	88
60	87
61	6
62	34
63	71
64	58
65	54
66	70
67	35
68	79
69	96
70	86
71	1
72	38
73	46
74	76
75	81
76	61
77	71
78	84
79	99
80	6
/

gamma(i)	Duedate
/
0	0
1	79
2	11
3	74
4	83
5	29
6	72
7	13
8	8
9	47
10	5
11	78
12	40
13	52
14	74
15	20
16	71
17	24
18	5
19	36
20	26
21	88
22	97
23	77
24	71
25	28
26	35
27	90
28	94
29	99
30	31
31	18
32	92
33	97
34	90
35	15
36	87
37	87
38	67
39	29
40	4
41	65
42	88
43	72
44	84
45	37
46	70
47	13
48	24
49	90
50	65
51	51
52	49
53	58
54	42
55	70
56	91
57	82
58	83
59	55
60	97
61	9
62	64
63	21
64	83
65	77
66	72
67	86
68	77
69	57
70	52
71	73
72	64
73	44
74	67
75	33
76	87
77	61
78	99
79	71
80	58
/

sigma(i)	Size
/
0	0
1	7
2	9
3	9
4	3
5	2
6	1
7	6
8	8
9	6
10	7
11	9
12	7
13	3
14	2
15	5
16	1
17	8
18	3
19	8
20	3
21	8
22	6
23	6
24	4
25	1
26	7
27	5
28	9
29	3
30	2
31	9
32	6
33	9
34	5
35	4
36	3
37	2
38	3
39	8
40	4
41	4
42	3
43	7
44	5
45	8
46	8
47	6
48	9
49	5
50	2
51	5
52	4
53	2
54	6
55	8
56	6
57	9
58	8
59	1
60	2
61	1
62	5
63	9
64	5
65	2
66	5
67	5
68	3
69	3
70	6
71	9
72	8
73	2
74	4
75	2
76	7
77	7
78	2
79	2
80	9
/

epsilon(i)	Priority
/
0	0
1	3
2	9
3	8
4	9
5	5
6	8
7	4
8	7
9	2
10	3
11	2
12	9
13	8
14	8
15	3
16	9
17	3
18	6
19	3
20	5
21	5
22	6
23	4
24	7
25	1
26	2
27	5
28	4
29	5
30	3
31	1
32	6
33	8
34	9
35	7
36	1
37	6
38	1
39	1
40	3
41	1
42	6
43	1
44	3
45	5
46	9
47	8
48	7
49	2
50	6
51	6
52	5
53	1
54	9
55	9
56	3
57	5
58	5
59	9
60	6
61	3
62	3
63	2
64	7
65	9
66	9
67	4
68	8
69	1
70	3
71	3
72	2
73	6
74	4
75	1
76	9
77	5
78	9
79	3
80	9
/

psi	Vehicle Capacity
/ 23 /
;

Table kappa(i,j)                 Setup
         0        1        2        3        4        5        6        7        8        9        10       11       12       13       14       15       16       17       18       19       20       21       22       23       24       25       26       27       28       29       30       31       32       33       34       35       36       37       38       39       40       41       42       43       44       45       46       47       48       49       50       51       52       53       54       55       56       57       58       59       60       61       62       63       64       65       66       67       68       69       70       71       72       73       74       75       76       77       78       79       80       
0        0        2116     2732     632      3320     800      1863     2719     603      1768     1864     764      1631     1875     1434     2911     2885     3142     1229     1613     928      1813     1885     3391     1918     1204     2398     1361     3110     2103     2723     1246     966      1038     1276     664      2732     1550     3794     1299     774      381      2868     1229     1001     921      2142     2180     3063     1355     1286     2758     1399     2510     3135     2972     983      2653     588      562      2211     176      2501     1273     773      1160     3077     1239     2429     2801     2982     3129     1465     2034     2110     1513     1316     1669     512      3218     2385     
1        2116     0        2663     1742     2271     2722     1450     1660     2712     3851     3651     2544     738      3428     1152     1894     2513     3854     3310     805      3039     3416     3669     2659     2253     1387     3272     1250     1572     468      2728     1031     2577     1834     3392     2175     1097     2442     2410     1376     2811     1757     2291     2621     1310     1285     1114     1045     2057     3080     907      3682     3510     3737     2382     2955     1755     2795     2171     2454     99       2289     1731     897      2128     1581     3877     909      1237     3129     3790     3841     3556     1305     2887     805      3188     1116     2629     3850     1480     
2        2732     2663     0        2142     1318     2533     1251     1298     2942     3496     2663     2323     2038     2195     3218     1217     387      1426     3137     3044     3323     2263     2665     974      819      3231     1262     3244     1923     3080     99       2899     2119     1700     3438     3330     2021     1326     1960     1667     2764     2488     651      1856     2036     2802     1564     1646     1207     2327     2766     1516     3438     1901     899      295      3341     271      2199     2460     2726     2776     1030     2243     3398     3353     1520     2664     1561     603      1467     1418     3334     1357     1072     2942     2595     3366     2993     1361     1258     
3        632      1742     2142     0        2689     985      1233     2096     1087     2143     1931     801      1122     1781     1436     2283     2268     2738     1611     1475     1475     1749     1950     2761     1348     1307     2013     1405     2521     1861     2143     1147     860      448      1761     1188     2173     1098     3175     677      1104     348      2239     990      454      880      1545     1592     2432     1361     1105     2408     1850     2271     2504     2398     1274     2092     429      725      1841     740      1870     844      1259     1359     2697     1018     1829     2283     2602     2724     1860     1415     1672     1357     1447     1658     1058     2793     1762     
4        3320     2271     1318     2689     0        3414     1457     655      3716     4520     3819     3185     1974     3384     3222     424      932      2713     4077     2938     4115     3435     3826     533      1779     3346     2561     3287     872      2739     1416     2953     3038     2350     4326     3772     1237     2339     644      2025     3621     2978     684      2848     2368     3002     1308     1326     259      3383     2796     2835     4366     3200     425      1459     3591     1589     2933     3254     2289     3425     819      2336     3797     3517     2823     2718     1070     1908     2776     2707     4305     1314     2307     2873     3626     3285     3721     2628     964      
5        800      2722     2533     985      3414     0        2032     2898     485      1173     1063     229      2101     1117     2213     3045     2782     2585     670      2350     806      1043     1084     3358     1736     1998     1855     2148     3407     2798     2496     1989     416      1103     918      1383     3107     1210     3971     1567     233      1019     2845     704      1436     1671     2440     2502     3172     578      1996     2155     952      1817     3141     2716     1780     2381     566      273      2820     664      2619     1826     1509     1961     2492     1928     2710     2431     2402     2572     912      2261     1662     2241     518      2449     602      2683     2578     
6        1863     1450     1251     1233     1457     2032     0        873      2282     3188     2655     1804     787      2303     1993     1049     1203     2412     2703     1797     2680     2324     2667     1583     837      2042     1882     2031     1390     1841     1303     1682     1703     932      2920     2334     1179     1199     1955     570      2220     1523     1082     1591     930      1641     497      585      1199     2134     1539     2280     2979     2422     1308     1547     2218     1352     1509     1839     1525     1972     638      1020     2370     2187     2446     1442     709      1679     2362     2400     2943     254      1506     1698     2338     2125     2276     2403     546      
7        2719     1660     1298     2096     655      2898     873      0        3155     4043     3437     2669     1318     3040     2569     239      1000     2711     3569     2291     3553     3077     3447     1000     1429     2690     2382     2633     648      2126     1391     2298     2552     1803     3792     3137     751      1941     1082     1420     3091     2363     720      2404     1742     2350     653      673      409      2950     2141     2722     3848     2997     729      1541     2939     1531     2382     2712     1691     2836     328      1683     3156     2862     2790     2063     427      1890     2725     2701     3806     686      2060     2222     3172     2638     3146     2656     333      
8        603      2712     2942     1087     3716     485      2282     3155     0        1167     1426     636      2184     1572     2010     3325     3159     3069     635      2211     399      1490     1448     3713     2128     1760     2338     1929     3607     2707     2914     1844     869      1365     685      1001     3259     1641     4237     1753     295      956      3192     1168     1525     1520     2630     2679     3465     1033     1889     2640     797      2292     3479     3144     1473     2811     783      481      2808     426      2902     1849     1131     1682     2977     1843     2912     2887     2887     3056     864      2486     2129     2114     887      2242     144      3166     2824     
9        1768     3851     3496     2143     4520     1173     3188     4043     1167     0        1004     1393     3265     1448     3172     4173     3800     3116     541      3378     978      1353     1015     4401     2768     2914     2508     3087     4573     3871     3439     3012     1491     2268     602      2080     4280     2204     5103     2740     1042     2098     3909     1676     2597     2687     3611     3674     4288     1169     3053     2652     437      2158     4212     3620     2597     3295     1737     1417     3948     1591     3749     2966     2205     2818     2983     3003     3877     3242     2913     3106     304      3424     2475     3281     904      3402     1284     3245     3730     
10       1864     3651     2663     1931     3819     1063     2655     3437     1426     1004     0        1156     2962     481      3266     3523     3005     2118     1000     3379     1526     401      21       3616     2041     3060     1551     3206     4032     3792     2592     3025     1076     1848     1324     2416     3824     1497     4439     2345     1142     2054     3162     1073     2342     2715     3133     3211     3612     572      3015     1654     1211     1154     3464     2740     2841     2431     1511     1319     3750     1722     3118     2761     2545     3024     1982     2937     3364     2320     1913     2108     1020     2908     1595     3265     550      3502     1570     2249     3158     
11       764      2544     2323     801      3185     229      1804     2669     636      1393     1156     0        1902     1112     2115     2816     2562     2461     899      2223     1000     1053     1175     3134     1519     1921     1721     2059     3182     2648     2290     1869     237      877      1144     1403     2888     1009     3742     1348     445      899      2620     537      1244     1560     2217     2281     2942     606      1861     2048     1182     1757     2915     2515     1743     2182     372      210      2643     670      2389     1646     1522     1905     2379     1786     2485     2251     2286     2448     1139     2035     1495     2110     647      2350     722      2552     2349     
12       1631     738      2038     1122     1974     2101     787      1318     2184     3265     2962     1902     0        2710     1263     1553     1961     3141     2734     1025     2551     2704     2979     2243     1535     1372     2539     1320     1532     1068     2090     980      1899     1120     2868     1898     1113     1704     2303     642      2226     1249     1792     1910     668      1050     665      655      1724     2395     825      2951     2965     2999     1957     2333     1634     2133     1535     1847     830      1787     1253     392      1895     1544     3156     744      923      2448     3068     3128     2983     732      2153     936      2531     1364     2128     3146     1031     
13       1875     3428     2195     1781     3384     1117     2303     3040     1572     1448     481      1112     2710     0        3193     3108     2545     1674     1316     3256     1774     98       479      3156     1620     3018     1073     3146     3653     3621     2121     2922     943      1593     1659     2496     3483     1109     4012     2072     1278     1979     2717     809      2140     2631     2795     2878     3186     540      2887     1210     1576     754      3016     2262     2855     1957     1402     1314     3525     1766     2715     2563     2620     3013     1547     2799     3007     1839     1472     1663     1404     2558     1123     3138     726      3423     1705     1800     2778     
14       1434     1152     3218     1436     3222     2213     1993     2569     2010     3172     3266     2115     1263     3193     0        2807     3196     4105     2645     349      2237     3149     3287     3507     2562     283      3408     106      2656     865      3254     323      2250     1785     2623     1188     2185     2488     3480     1570     2208     1218     3047     2422     1244     561      1921     1896     2978     2721     454      3815     2769     3707     3221     3508     675      3261     1790     1948     1208     1602     2517     976      1101     459      4084     553      2153     3530     3989     4091     2868     1991     3044     362      2730     236      1888     4141     2294     
15       2911     1894     1217     2283     424      3045     1049     239      3325     4173     3523     2816     1553     3108     2807     0        876      2644     3713     2530     3724     3152     3532     774      1488     2925     2379     2870     714      2361     1315     2533     2684     1963     3949     3351     936      2028     929      1612     3246     2563     585      2515     1949     2578     887      911      171      3058     2377     2696     3998     3008     518      1430     3167     1470     2546     2872     1922     3021     426      1912     3374     3095     2734     2298     666      1820     2676     2635     3946     892      2082     2461     3291     2877     3324     2577     540      
16       2885     2513     387      2268     932      2782     1203     1000     3159     3800     3005     2562     1961     2545     3196     876      0        1791     3411     2986     3550     2609     3009     610      1046     3243     1646     3235     1590     2954     484      2886     2375     1848     3697     3445     1748     1600     1572     1709     3007     2604     290      2134     2086     2832     1398     1469     839      2633     2742     1903     3710     2286     512      555      3397     659      2391     2678     2566     2950     794      2223     3500     3382     1894     2646     1330     977      1845     1783     3619     1236     1432     2892     2895     3321     3196     1715     1044     
17       3142     3854     1426     2738     2713     2585     2412     2711     3069     3116     2118     2461     3141     1674     4105     2644     1791     0        2967     4029     3359     1771     2109     2274     1606     4028     744      4098     3346     4207     1328     3786     2225     2328     3310     3807     3402     1639     3338     2581     2800     3060     2073     1931     2863     3587     2847     2937     2628     2107     3689     464      3242     979      2288     1256     4007     1179     2556     2664     3934     3103     2416     3208     3910     4095     157      3585     2916     823      204      13       3076     2604     1066     3913     2358     4300     3176     143      2613     
18       1229     3310     3137     1611     4077     670      2703     3569     635      541      1000     899      2734     1316     2645     3713     3411     2967     0        2842     550      1220     1020     4000     2366     2394     2289     2564     4076     3331     3091     2475     1043     1773     343      1595     3766     1815     4640     2229     507      1556     3493     1281     2065     2150     3106     3166     3837     872      2513     2508     301      2070     3792     3294     2094     2961     1219     891      3407     1053     3287     2428     1724     2309     2850     2462     3378     2959     2769     2955     248      2931     2179     2743     609      2877     761      3083     3248     
19       1613     805      3044     1475     2938     2350     1797     2291     2211     3378     3379     2223     1025     3256     349      2530     2986     4029     2842     0        2476     3222     3398     3253     2448     608      3360     451      2333     537      3089     367      2327     1755     2855     1480     1858     2451     3163     1452     2378     1331     2816     2461     1183     692      1657     1620     2700     2818     369      3772     2992     3713     2968     3338     997      3113     1872     2078     859      1788     2270     825      1408     797      4021     463      1868     3405     3928     4016     3075     1757     2984     119      2860     346      2100     4054     2036     
20       928      3039     3323     1475     4115     806      2680     3553     399      978      1526     1000     2551     1774     2237     3724     3550     3359     550      2476     0        1683     1546     4109     2513     1968     2644     2146     3996     2992     3291     2115     1219     1764     389      1106     3639     2009     4635     2146     574      1305     3589     1510     1901     1798     3020     3067     3864     1263     2181     2915     546      2522     3877     3516     1631     3182     1182     873      3132     764      3302     2201     1229     1856     3256     2147     3304     3237     3169     3346     691      2881     2467     2389     1049     2460     422      3465     3222     
21       1813     3416     2263     1749     3435     1043     2324     3077     1490     1353     401      1053     2704     98       3149     3152     2609     1771     1220     3222     1683     0        402      3220     1664     2968     1162     3100     3685     3598     2191     2883     899      1584     1562     2425     3502     1138     4061     2070     1195     1932     2773     794      2120     2588     2812     2894     3234     465      2853     1307     1479     850      3074     2339     2795     2030     1359     1251     3514     1698     2754     2544     2550     2958     1645     2767     3031     1923     1569     1760     1306     2579     1194     3105     633      3381     1625     1897     2809     
22       1885     3669     2665     1950     3826     1084     2667     3447     1448     1015     21       1175     2979     479      3287     3532     3009     2109     1020     3398     1546     402      0        3620     2049     3080     1548     3227     4043     3811     2594     3045     1094     1864     1342     2437     3837     1506     4447     2360     1164     2074     3168     1087     2360     2735     3146     3225     3619     589      3034     1645     1228     1143     3470     2740     2862     2433     1530     1339     3768     1743     3127     2779     2567     3045     1972     2956     3377     2319     1904     2099     1037     2920     1597     3284     572      3522     1591     2241     3168     
23       3391     2659     974      2761     533      3358     1583     1000     3713     4401     3616     3134     2243     3156     3507     774      610      2274     4000     3253     4109     3220     3620     0        1635     3595     2233     3560     1389     3123     1062     3215     2958     2368     4276     3909     1701     2197     1081     2142     3579     3081     523      2729     2512     3214     1597     1641     631      3237     3063     2453     4297     2869     285      1028     3797     1238     2935     3236     2691     3473     990      2566     3951     3753     2396     2975     1422     1506     2361     2269     4213     1521     2039     3175     3497     3599     3739     2175     1217     
24       1918     2253     819      1348     1779     1736     837      1429     2128     2768     2041     1519     1535     1620     2562     1488     1046     1606     2366     2448     2513     1664     2049     1635     0        2529     1045     2570     2060     2601     805      2238     1328     899      2651     2532     1962     565      2397     997      1963     1697     1142     1094     1324     2088     1317     1408     1570     1612     2125     1443     2665     1606     1445     1054     2590     744      1380     1646     2335     1957     1101     1622     2607     2630     1624     2020     1465     970      1537     1593     2577     1065     673      2334     1865     2739     2175     1615     1198     
25       1204     1387     3231     1307     3346     1998     2042     2690     1760     2914     3060     1921     1372     3018     283      2925     3243     4028     2394     608      1968     2968     3080     3595     2529     0        3314     181      2835     1140     3258     397      2075     1699     2356     905      2371     2394     3646     1564     1974     1041     3117     2271     1206     443      2038     2023     3095     2527     554      3714     2505     3570     3311     3515     392      3250     1619     1741     1452     1365     2606     1029     817      194      3996     627      2288     3499     3901     4014     2611     2074     2962     582      2516     493      1633     4074     2398     
26       2398     3272     1262     2013     2561     1855     1882     2382     2338     2508     1551     1721     2539     1073     3408     2379     1646     744      2289     3360     2644     1162     1548     2233     1045     3314     0        3395     3030     3586     1171     3095     1484     1623     2627     3063     2988     921      3205     1936     2077     2327     1878     1188     2180     2876     2361     2452     2412     1416     3008     413      2576     640      2153     1251     3275     994      1813     1922     3359     2359     2059     2552     3167     3372     685      2906     2490     790      590      730      2425     2109     385      3242     1681     3612     2440     830      2205     
27       1361     1250     3244     1405     3287     2148     2031     2633     1929     3087     3206     2059     1320     3146     106      2870     3235     4098     2564     451      2146     3100     3227     3560     2570     181      3395     0        2739     972      3277     348      2202     1772     2533     1087     2269     2473     3559     1586     2135     1167     3094     2385     1247     524      1983     1961     3041     2666     497      3799     2681     3676     3275     3533     569      3279     1744     1887     1309     1527     2569     1011     998      352      4073     589      2221     3541     3978     4085     2784     2041     3035     450      2667     315      1804     4138     2352     
28       3110     1572     1923     2521     872      3407     1390     648      3607     4573     4032     3182     1532     3653     2656     714      1590     3346     4076     2333     3996     3685     4043     1389     2060     2835     3030     2739     0        2026     2019     2439     3093     2305     4270     3431     475      2546     838      1856     3581     2735     1299     2977     2108     2572     976      930      785      3522     2284     3370     4342     3642     1189     2144     3143     2167     2862     3195     1564     3249     971      1925     3427     3022     3430     2229     697      2523     3368     3337     4319     1148     2703     2294     3729     2668     3578     3285     875      
29       2103     468      3080     1861     2739     2798     1841     2126     2707     3871     3792     2648     1068     3621     865      2361     2954     4207     3331     537      2992     3598     3811     3123     2601     1140     3586     972      2026     0        3139     879      2721     2052     3365     2017     1555     2714     2864     1652     2851     1786     2743     2813     1484     1194     1559     1497     2525     3222     817      4000     3498     4005     2845     3374     1532     3193     2283     2525     462      2280     2183     1065     1946     1325     4218     872      1701     3515     4128     4194     3569     1728     3202     605      3294     751      2604     4214     1933     
30       2723     2728     99       2143     1416     2496     1303     1391     2914     3439     2592     2290     2090     2121     3254     1315     484      1328     3091     3089     3291     2191     2594     1062     805      3258     1171     3277     2019     3139     0        2933     2081     1698     3396     3331     2109     1286     2057     1694     2728     2491     750      1812     2058     2826     1636     1720     1306     2270     2803     1418     3392     1809     996      257      3358     177      2181     2434     2793     2761     1117     2282     3402     3377     1422     2701     1644     505      1368     1320     3283     1423     997      2985     2540     3406     2969     1265     1340     
31       1246     1031     2899     1147     2953     1989     1682     2298     1844     3012     3025     1869     980      2922     323      2533     2886     3786     2475     367      2115     2883     3045     3215     2238     397      3095     348      2439     879      2933     0        1985     1473     2491     1155     1977     2176     3248     1247     2012     972      2746     2137     923      325      1646     1629     2704     2469     157      3503     2628     3410     2931     3188     728      2939     1526     1718     1107     1421     2225     662      1099     583      3767     241      1893     3207     3673     3772     2708     1695     2727     274      2501     519      1735     3821     2011     
32       966      2577     2119     860      3038     416      1703     2552     869      1491     1076     237      1899     943      2250     2684     2375     2225     1043     2327     1219     899      1094     2958     1328     2075     1484     2202     3093     2721     2081     1985     0        808      1323     1620     2828     795      3613     1303     648      1035     2450     300      1267     1689     2145     2215     2802     504      1959     1815     1339     1544     2749     2300     1928     1965     459      440      2676     892      2259     1685     1735     2076     2144     1876     2402     2021     2051     2211     1266     1945     1260     2210     644      2481     959      2314     2241     
33       1038     1834     1700     448      2350     1103     932      1803     1365     2268     1848     877      1120     1593     1785     1963     1848     2328     1773     1755     1764     1584     1864     2368     899      1699     1623     1772     2305     2052     1698     1473     808      0        1989     1633     2022     702      2882     498      1288     797      1845     790      576      1258     1343     1410     2100     1287     1394     2030     2047     1962     2123     1951     1710     1644     583      909      1931     1105     1538     987      1707     1774     2300     1294     1608     1838     2205     2315     2015     1158     1263     1635     1452     1991     1376     2374     1478     
34       1276     3392     3438     1761     4326     918      2920     3792     685      602      1324     1144     2868     1659     2623     3949     3697     3310     343      2855     389      1562     1342     4276     2651     2356     2627     2533     4270     3365     3396     2491     1323     1989     0        1495     3935     2112     4871     2414     704      1640     3764     1584     2206     2171     3294     3347     4080     1210     2550     2852     165      2413     4059     3606     2021     3272     1411     1080     3487     1102     3523     2534     1617     2246     3193     2511     3573     3285     3112     3298     347      3136     2505     2765     952      2848     764      3425     3466     
35       664      2175     3330     1188     3772     1383     2334     3137     1001     2080     2416     1403     1898     2496     1188     3351     3445     3807     1595     1480     1106     2425     2437     3909     2532     905      3063     1087     3431     2017     3331     1155     1620     1633     1495     0        3004     2204     4182     1767     1274     843      3393     1891     1405     896      2510     2527     3513     1960     1268     3422     1653     3160     3640     3584     534      3275     1250     1192     2257     733      2966     1506     130      765      3741     1275     2792     3445     3647     3793     1785     2458     2770     1418     1868     1393     857      3881     2811     
36       2732     1097     2021     2173     1237     3107     1179     751      3259     4280     3824     2888     1113     3483     2185     936      1748     3402     3766     1858     3639     3502     3837     1701     1962     2371     2988     2269     475      1555     2109     1977     2828     2022     3935     3004     0        2378     1313     1540     3263     2351     1471     2753     1737     2129     691      614      1070     3288     1824     3360     4019     3568     1454     2279     2690     2232     2547     2876     1093     2880     992      1501     2992     2560     3467     1775     498      2592     3395     3391     4014     925      2633     1822     3472     2192     3217     3359     791      
37       1550     2442     1326     1098     2339     1210     1199     1941     1641     2204     1497     1009     1704     1109     2488     2028     1600     1639     1815     2451     2009     1138     1506     2197     565      2394     921      2473     2546     2714     1286     2176     795      702      2112     2204     2378     0        2948     1069     1443     1424     1707     534      1268     1955     1694     1780     2122     1046     2094     1327     2115     1295     2011     1506     2369     1172     966      1168     2535     1547     1621     1658     2298     2456     1603     1993     1898     1261     1507     1625     2019     1453     575      2332     1300     2694     1709     1696     1670     
38       3794     2410     1960     3175     644      3971     1955     1082     4237     5103     4439     3742     2303     4012     3480     929      1572     3338     4640     3163     4635     4061     4447     1081     2397     3646     3205     3559     838      2864     2057     3248     3613     2882     4871     4182     1313     2948     0        2498     4168     3433     1327     3443     2806     3353     1672     1656     827      3984     3092     3475     4923     3844     1060     2082     3935     2231     3463     3792     2402     3915     1354     2691     4191     3829     3453     3029     1389     2543     3410     3332     4875     1761     2947     3119     4219     3502     4228     3246     1413     
39       1299     1376     1667     677      2025     1567     570      1420     1753     2740     2345     1348     642      2072     1570     1612     1709     2581     2229     1452     2146     2070     2360     2142     997      1564     1936     1586     1856     1652     1694     1247     1303     498      2414     1767     1540     1069     2498     0        1729     953      1629     1280     377      1135     880      937      1767     1786     1128     2350     2488     2365     1872     1951     1688     1692     1010     1342     1470     1416     1209     627      1808     1687     2580     1024     1160     1962     2488     2568     2475     738      1553     1337     1946     1742     1733     2603     1087     
40       774      2811     2764     1104     3621     233      2220     3091     295      1042     1142     445      2226     1278     2208     3246     3007     2800     507      2378     574      1195     1164     3579     1963     1974     2077     2135     3581     2851     2728     2012     648      1288     704      1274     3263     1443     4168     1729     0        1066     3064     936      1558     1688     2608     2666     3376     740      2037     2364     760      2003     3358     2948     1717     2614     719      387      2908     609      2819     1924     1403     1915     2703     1979     2884     2663     2615     2787     756      2441     1893     2274     597      2444     433      2902     2766     
41       381      1757     2488     348      2978     1019     1523     2363     956      2098     2054     899      1249     1979     1218     2563     2604     3060     1556     1331     1305     1932     2074     3081     1697     1041     2327     1167     2735     1786     2491     972      1035     797      1640     843      2351     1424     3433     953      1066     0        2561     1233     628      661      1772     1806     2719     1503     977      2713     1753     2536     2817     2746     947      2441     578      747      1854     541      2162     896      910      1060     3013     914      2059     2629     2917     3046     1800     1677     2000     1221     1529     1451     884      3121     2030     
42       2868     2291     651      2239     684      2845     1082     720      3192     3909     3162     2620     1792     2717     3047     585      290      2073     3493     2816     3589     2773     3168     523      1142     3117     1878     3094     1299     2743     750      2746     2450     1845     3764     3393     1471     1707     1327     1629     3064     2561     0        2233     2003     2722     1185     1246     556      2754     2597     2160     3789     2517     303      845      3300     917      2412     2716     2338     2949     560      2088     3438     3267     2171     2505     1079     1253     2118     2065     3711     1059     1626     2729     3007     3156     3216     2000     811      
43       1229     2621     1856     990      2848     704      1591     2404     1168     1676     1073     537      1910     809      2422     2515     2134     1931     1281     2461     1510     794      1087     2729     1094     2271     1188     2385     2977     2813     1812     2137     300      790      1584     1891     2753     534      3443     1280     936      1233     2233     0        1331     1862     2062     2139     2622     546      2091     1531     1582     1303     2535     2022     2161     1688     666      733      2719     1174     2096     1754     2002     2292     1856     2000     2300     1727     1762     1918     1485     1842     961      2342     778      2647     1259     2018     2109     
44       1001     1310     2036     454      2368     1436     930      1742     1525     2597     2342     1244     668      2140     1244     1949     2086     2863     2065     1183     1901     2120     2360     2512     1324     1206     2180     1247     2108     1484     2058     923      1267     576      2206     1405     1737     1268     2806     377      1558     628      2003     1331     0        768      1143     1178     2109     1770     828      2591     2300     2538     2239     2316     1312     2044     873      1180     1409     1143     1561     423      1439     1318     2847     725      1430     2295     2753     2850     2314     1057     1808     1063     1883     1436     1479     2897     1412     
45       921      1285     2802     880      3002     1671     1641     2350     1520     2687     2715     1560     1050     2631     561      2578     2832     3587     2150     692      1798     2588     2735     3214     2088     443      2876     524      2572     1194     2826     325      1689     1258     2171     896      2129     1955     3353     1135     1688     661      2722     1862     768      0        1701     1702     2747     2164     387      3278     2305     3152     2933     3084     588      2813     1229     1401     1371     1096     2233     667      867      552      3557     379      1970     3057     3462     3573     2384     1702     2521     594      2185     792      1412     3631     2041     
46       2142     1114     1564     1545     1308     2440     497      653      2630     3611     3133     2217     665      2795     1921     887      1398     2847     3106     1657     3020     2812     3146     1597     1317     2038     2361     1983     976      1559     1636     1646     2145     1343     3294     2510     691      1694     1672     880      2608     1772     1185     2062     1143     1701     0        91       1058     2598     1489     2750     3368     2914     1312     1852     2290     1723     1889     2221     1169     2276     625      1034     2522     2209     2893     1410     287      2073     2814     2835     3351     252      1991     1581     2787     2002     2602     2824     381      
47       2180     1045     1646     1592     1326     2502     585      673      2679     3674     3211     2281     655      2878     1896     911      1469     2937     3166     1620     3067     2894     3225     1641     1408     2023     2452     1961     930      1497     1720     1629     2215     1410     3347     2527     614      1780     1656     937      2666     1806     1246     2139     1178     1702     91       0        1082     2674     1472     2841     3425     3005     1358     1933     2288     1810     1947     2279     1096     2318     686      1036     2534     2199     2984     1397     268      2161     2905     2926     3412     343      2082     1549     2858     1967     2648     2913     435      
48       3063     2057     1207     2432     259      3172     1199     409      3465     4288     3612     2942     1724     3186     2978     171      839      2628     3837     2700     3864     3234     3619     631      1570     3095     2412     3041     785      2525     1306     2704     2802     2100     4080     3513     1070     2122     827      1767     3376     2719     556      2622     2109     2747     1058     1082     0        3161     2548     2710     4124     3047     404      1391     3336     1470     2683     3006     2082     3169     563      2081     3538     3265     2727     2468     834      1809     2674     2621     4068     1056     2134     2632     3399     3047     3467     2554     706      
49       1355     3080     2327     1361     3383     578      2134     2950     1033     1169     572      606      2395     540      2721     3058     2633     2107     872      2818     1263     465      589      3237     1612     2527     1416     2666     3522     3222     2270     2469     504      1287     1210     1960     3288     1046     3984     1786     740      1503     2754     546      1770     2164     2598     2674     3161     0        2452     1655     1163     1265     3057     2456     2339     2128     945      794      3179     1235     2641     2189     2086     2508     1998     2371     2842     2098     1913     2094     1027     2384     1321     2703     273      2955     1165     2219     2655     
