
sets
i        orders          /0*20/
k        routes          /1*20/
p        positions       /0*20/
;

alias(i,j)
alias(i,h)
alias(i,hh)
alias(i,jj)
alias(k,kk)
                
                    Parameters

rho(i)	Processing time
/
0	0
1	76
2	87
3	25
4	29
5	43
6	28
7	91
8	46
9	15
10	18
11	97
12	45
13	79
14	41
15	74
16	5
17	49
18	35
19	74
20	47
/

gamma(i)	Duedate
/
0	0
1	5
2	1
3	74
4	78
5	64
6	98
7	9
8	34
9	21
10	31
11	64
12	53
13	80
14	85
15	87
16	28
17	26
18	99
19	79
20	76
/

sigma(i)	Size
/
0	0
1	2
2	1
3	2
4	2
5	9
6	7
7	9
8	3
9	4
10	2
11	2
12	2
13	8
14	4
15	6
16	7
17	8
18	8
19	7
20	9
/

epsilon(i)	Priority
/
0	0
1	6
2	6
3	6
4	5
5	9
6	5
7	4
8	1
9	4
10	7
11	6
12	7
13	1
14	7
15	4
16	4
17	9
18	9
19	2
20	1
/

psi	Vehicle Capacity
/ 27 /
;

Table kappa(i,j)                 Setup
         0        1        2        3        4        5        6        7        8        9        10       11       12       13       14       15       16       17       18       19       20       
0        0        277      624      585      508      572      241      179      591      15       277      530      541      195      293      549      89       186      479      95       534      
1        277      0        431      479      521      312      120      314      370      276      8        406      516      84       444      519      297      213      224      316      495      
2        624      431      0        194      410      225      388      520      90       613      439      159      347      468      572      339      581      445      244      596      316      
3        585      479      194      0        229      390      390      438      265      572      487      75       158      483      445      149      519      400      368      530      130      
4        508      521      410      229      0        560      404      330      461      493      529      252      74       487      272      85       423      352      507      426      98       
5        572      312      225      390      560      0        338      535      135      567      317      326      514      382      631      510      562      433      93       580      484      
6        241      120      388      390      404      338      0        212      349      234      127      322      404      92       334      408      224      105      245      243      386      
7        179      314      520      438      330      535      212      0        511      164      318      396      369      239      135      378      93       106      446      96       366      
8        591      370      90       265      461      135      349      511      0        582      376      211      405      419      583      399      560      424      162      576      374      
9        15       276      613      572      493      567      234      164      582      0        276      517      526      193      279      534      74       173      474      81       519      
10       277      8        439      487      529      317      127      318      376      276      0        414      524      85       449      527      299      218      229      317      503      
11       530      406      159      75       252      326      322      396      211      517      414      0        194      414      425      188      471      344      296      483      162      
12       541      516      347      158      74       514      404      369      405      526      524      194      0        493      332      11       461      371      470      466      31       
13       195      84       468      483      487      382      92       239      419      193      85       414      493      0        373      497      213      148      290      232      475      
14       293      444      572      445      272      631      334      135      583      279      449      425      332      373      0        343      205      232      548      198      341      
15       549      519      339      149      85       510      408      378      399      534      527      188      11       497      343      0        469      378      468      475      26       
16       89       297      581      519      423      562      224      93       560      74       299      471      461      213      205      469      0        136      469      18       457      
17       186      213      445      400      352      433      105      106      424      173      218      344      371      148      232      378      136      0        343      152      360      
18       479      224      244      368      507      93       245      446      162      474      229      296      470      290      548      468      469      343      0        488      441      
19       95       316      596      530      426      580      243      96       576      81       317      483      466      232      198      475      18       152      488      0        463      
20       534      495      316      130      98       484      386      366      374      519      503      162      31       475      341      26       457      360      441      463      0        
;



Table delta(i,j)                 Distance
         0        1        2        3        4        5        6        7        8        9        10       11       12       13       14       15       16       17       18       19       20       
0        0        1050     760      410      1070     2300     1160     1380     2920     1900     2360     1060     950      420      1160     2640     2600     2970     1190     2590     730      
1        1050     0        181      101      14       266      203      170      352      243      251      205      56       71       57       342      156      333      197      155      120      
2        760      181      0        96       183      229      87       157      264      179      252      50       166      116      187      219      337      290      98       336      114      
3        410      101      96       0        98       193      154      98       263      157      196      106      114      65       132      244      247      261      97       254      112      
4        1070     14       183      98       0        254      211      160      342      234      238      204      71       78       72       335      153      321      191      156      130      
5        2300     266      229      193      254      0        315      97       104      52       52       188      301      258      315      143      355      68       131      384      303      
6        1160     203      87       154      211      315      0        237      349      266      335      135      164      133      182      298      356      377      185      344      90       
7        1380     170      157      98       160      97       237      0        183      75       99       132      204      162      218      188      278      165      78       300      210      
8        2920     352      264      263      342      104      349      183      0        108      152      214      377      328      394      74       456      82       174      482      362      
9        1900     243      179      157      234      52       266      75       108      0        93       136      270      223      286      117      353      110      81       376      263      
10       2360     251      252      196      238      52       335      99       152      93       0        217      294      257      305      195      320      92       159      352      309      
11       1060     205      50       106      204      188      135      132      214      136      217      0        202      149      222      169      354      245      58       360      160      
12       950      56       166      114      71       301      164      204      377      270      294      202      0        53       21       356      194      369      210      180      74       
13       420      71       116      65       78       258      133      162      328      223      257      149      53       0        73       304      227      326      158      221      58       
14       1160     57       187      132      72       315      182      218      394      286      305      222      21       73       0        375      179      383      228      162      92       
15       2640     342      219      244      335      143      298      188      74       117      195      169      356      304      375      0        466      150      146      485      328      
16       2600     156      337      247      153      355      356      278      456      353      320      354      194      227      179      466      0        412      332      47       268      
17       2970     333      290      261      321      68       377      165      82       110      92       245      369      326      383      150      412      0        192      444      370      
18       1190     197      98       97       191      131      185      78       174      81       159      58       210      158      228      146      332      192      0        345      188      
19       2590     155      336      254      156      384      344      300      482      376      352      360      180      221      162      485      47       444      345      0        254      
20       730      120      114      112      130      303      90       210      362      263      309      160      74       58       92       328      268      370      188      254      0        
;

