
sets
i        orders          /0*20/
k        routes          /1*20/
p        positions       /0*20/
;

alias(i,j)
alias(i,h)
alias(i,hh)
alias(i,jj)
alias(k,kk)
                
                    Parameters

rho(i)	Processing time
/
0	0
1	48
2	60
3	91
4	9
5	27
6	5
7	29
8	21
9	88
10	7
11	93
12	21
13	53
14	24
15	33
16	11
17	88
18	37
19	5
20	53
/

gamma(i)	Duedate
/
0	0
1	83
2	30
3	56
4	88
5	32
6	77
7	73
8	53
9	2
10	65
11	51
12	43
13	96
14	98
15	43
16	96
17	62
18	32
19	11
20	8
/

sigma(i)	Size
/
0	0
1	8
2	3
3	7
4	5
5	4
6	7
7	5
8	2
9	1
10	9
11	6
12	3
13	3
14	1
15	3
16	3
17	2
18	8
19	8
20	1
/

epsilon(i)	Priority
/
0	0
1	8
2	1
3	3
4	3
5	7
6	2
7	2
8	2
9	1
10	7
11	1
12	4
13	6
14	7
15	4
16	2
17	6
18	1
19	3
20	5
/

psi	Vehicle Capacity
/ 37 /
;

Table kappa(i,j)                 Setup
         0        1        2        3        4        5        6        7        8        9        10       11       12       13       14       15       16       17       18       19       20       
0        0        57       179      118      495      586      110      83       601      430      538      294      81       377      315      402      90       434      643      187      131      
1        57       0        227      174      471      549      53       137      559      420      488      282      128      324      332      352      44       449      601      222      82       
2        179      227      0        95       662      763      275      101      781      580      715      452      187      496      423      579      268      536      822      272      309      
3        118      174      95       0        572      681      227      43       704      486      652      361      96       484      328      516      206      443      745      178      247      
4        495      471      662      572      0        165      456      561      234      130      326      212      476      588      325      296      429      317      255      429      401      
5        586      549      763      681      165      0        519      662      78       293      217      342      587      572      479      261      505      482      90       562      469      
6        110      53       275      227      456      519      0        189      523      419      443      282      177      277      356      307      45       470      566      262      54       
7        83       137      101      43       561      662      189      0        681      483      622      353      92       441      340      485      173      457      722      193      215      
8        601      559      781      704      234      78       523      681      0        359      155      386      613      536      533      235      516      548      42       601      477      
9        430      420      580      486      130      293      419      483      359      0        424      138      393      608      201      357      383      189      382      325      366      
10       538      488      715      652      326      217      443      622      155      424      0        398      569      395      557      136      448      603      188      586      407      
11       294      282      452      361      212      342      282      353      386      138      398      0        265      493      159      294      245      228      420      221      230      
12       81       128      187      96       476      587      177      92       613      393      569      265      0        452      250      435      141      368      653      110      178      
13       377      324      496      484      588      572      277      441      536      608      395      493      452      0        611      311      319      713      575      538      298      
14       315      332      423      328      325      479      356      340      533      201      557      159      250      611      0        451      311      118      564      150      318      
15       402      352      579      516      296      261      307      485      235      357      136      294      435      311      451      0        312      516      277      460      271      
16       90       44       268      206      429      505      45       173      516      383      448      245      141      319      311      312      0        425      558      219      41       
17       434      449      536      443      317      482      470      457      548      189      603      228      368      713      118      516      425      0        571      265      427      
18       643      601      822      745      255      90       566      722      42       382      188      420      653      575      564      277      558      571      0        638      519      
19       187      222      272      178      429      562      262      193      601      325      586      221      110      538      150      460      219      265      638      0        243      
20       131      82       309      247      401      469      54       215      477      366      407      230      178      298      318      271      41       427      519      243      0        
;



Table delta(i,j)                 Distance
         0        1        2        3        4        5        6        7        8        9        10       11       12       13       14       15       16       17       18       19       20       
0        0        3160     3560     2040     2840     2500     2200     480      3500     380      1050     1100     3360     2350     2550     3940     4810     2520     3410     1220     1780     
1        3160     0        98       261      41       141      233      268      159      278      234      206      110      255      257      79       171      313      117      306      192      
2        3560     98       0        239      91       118      322      313      72       317      257      248      206      221      215      95       139      275      32       311      193      
3        2040     261      239      0        220      125      332      188      196      178      113      157      343      33       53       318      379      62       211      96       79       
4        2840     41       91       220      0        101      231      238      137      246      197      174      139      214      217      111      196      272      100      266      151      
5        2500     141      118      125      101      0        282      212      100      213      146      152      237      114      116      193      257      172      95       192      77       
6        2200     233      322      332      231      282      0        185      361      202      228      177      176      350      364      301      395      395      329      303      259      
7        480      268      313      188      238      212      185      0        312      17       77       64       288      216      236      347      434      243      300      126      145      
8        3500     159      72       196      137      100      361      312      0        313      245      251      269      171      160      167      195      220      42       281      174      
9        380      278      317      178      246      213      202      17       313      0        71       71       303      208      228      356      442      232      303      111      142      
10       1050     234      257      113      197      146      228      77       245      71       0        52       284      140      159      309      389      172      240      81       72       
11       1100     206      248      157      174      152      177      64       251      71       52       0        240      180      197      284      370      219      236      132      95       
12       3360     110      206      343      139      237      176      288      269      303      284      240      0        345      351      145      230      401      228      364      266      
13       2350     255      221      33       214      114      350      216      171      208      140      180      345      0        20       306      359      57       191      129      91       
14       2550     257      215      53       217      116      364      236      160      228      159      197      351      20       0        303      352      60       184      149      105      
15       3940     79       95       318      111      193      301      347      167      356      309      284      145      306      303      0        94       362      127      375      258      
16       4810     171      139      379      196      257      395      434      195      442      389      370      230      359      352      94       0        412      168      448      330      
17       2520     313      275      62       272      172      395      243      220      232      172      219      401      57       60       362      412      0        244      132      141      
18       3410     117      32       211      100      95       329      300      42       303      240      236      228      191      184      127      168      244      0        287      172      
19       1220     306      311      96       266      192      303      126      281      111      81       132      364      129      149      375      448      132      287      0        118      
20       1780     192      193      79       151      77       259      145      174      142      72       95       266      91       105      258      330      141      172      118      0        
;

