
sets
i        orders          /0*20/
k        routes          /1*20/
p        positions       /0*20/
;

alias(i,j)
alias(i,h)
alias(i,hh)
alias(i,jj)
alias(k,kk)
                
                    Parameters

rho(i)	Processing time
/
0	0
1	8
2	86
3	51
4	7
5	1
6	42
7	75
8	96
9	65
10	60
11	51
12	99
13	24
14	60
15	89
16	46
17	62
18	97
19	18
20	41
/

gamma(i)	Duedate
/
0	0
1	51
2	3
3	47
4	71
5	29
6	9
7	42
8	31
9	75
10	69
11	34
12	38
13	96
14	54
15	25
16	52
17	75
18	44
19	52
20	53
/

sigma(i)	Size
/
0	0
1	6
2	9
3	9
4	2
5	2
6	6
7	6
8	5
9	7
10	4
11	9
12	4
13	3
14	7
15	8
16	1
17	4
18	3
19	5
20	7
/

epsilon(i)	Priority
/
0	0
1	3
2	8
3	5
4	4
5	2
6	3
7	6
8	1
9	4
10	2
11	2
12	5
13	8
14	7
15	3
16	9
17	9
18	3
19	8
20	3
/

psi	Vehicle Capacity
/ 21 /
;

Table kappa(i,j)                 Setup
         0        1        2        3        4        5        6        7        8        9        10       11       12       13       14       15       16       17       18       19       20       
0        0        598      296      166      64       419      591      314      654      204      427      635      377      649      618      501      383      367      550      455      479      
1        598      0        316      435      541      293      488      664      235      398      734      364      558      281      700      97       340      311      791      173      188      
2        296      316      0        158      250      149      390      370      363      92       461      374      305      365      521      221      140      101      548      159      183      
3        166      435      158      0        106      304      525      375      520      76       485      529      373      523      614      339      283      253      595      306      337      
4        64       541      250      106      0        385      578      345      613      157      460      606      385      611      629      445      353      332      579      406      433      
5        419      293      149      304      385      0        254      382      241      231      443      225      265      229      426      222      51       52       499      127      105      
6        591      488      390      525      578      254      0        400      302      449      392      158      255      252      230      450      249      290      379      361      321      
7        314      664      370      375      345      382      400      0        603      335      114      513      147      573      332      577      331      353      236      490      484      
8        654      235      363      520      613      241      302      603      0        455      640      149      466      53       532      253      288      290      662      221      183      
9        204      398      92       76       157      231      449      335      455      0        439      455      310      454      546      301      207      178      541      251      275      
10       427      734      461      485      460      443      392      114      640      439      0        529      178      602      259      654      394      425      125      562      548      
11       635      364      374      529      606      225      158      513      149      455      529      0        368      97       388      351      252      276      532      282      236      
12       377      558      305      373      385      265      255      147      466      310      178      368      0        432      244      481      218      253      243      387      371      
13       649      281      365      523      611      229      252      573      53       454      602      97       432      0        482      286      271      281      618      238      195      
14       618      700      521      614      629      426      230      332      532      546      259      388      244      482      0        646      397      440      183      551      518      
15       501      97       221      339      445      222      450      577      253      301      654      351      481      286      646      0        263      228      720      95       129      
16       383      340      140      283      353      51       249      331      288      207      394      252      218      271      397      263      0        43       456      169      154      
17       367      311      101      253      332      52       290      353      290      178      425      276      253      281      440      228      43       0        493      137      133      
18       550      791      548      595      579      499      379      236      662      541      125      532      243      618      183      720      456      493      0        625      603      
19       455      173      159      306      406      127      361      490      221      251      562      282      387      238      551      95       169      137      625      0        45       
20       479      188      183      337      433      105      321      484      183      275      548      236      371      195      518      129      154      133      603      45       0        
;



Table delta(i,j)                 Distance
         0        1        2        3        4        5        6        7        8        9        10       11       12       13       14       15       16       17       18       19       20       
0        0        1890     1860     1180     540      700      1810     2630     680      1750     1880     2260     2620     3240     580      2570     2650     1450     500      1550     1390     
1        1890     0        308      191      203      169      301      298      214      220      1        146      340      291      179      74       83       45       239      242      66       
2        1860     308      0        116      236      147      6        136      246      112      308      240      92       241      244      350      391      267      170      70       290      
3        1180     191      116      0        172      50       110      146      186      57       191      143      160      209      169      235      274      151      137      52       180      
4        540      203      236      172      0        122      231      317      14       229      202      269      315      376      25       276      269      164      73       209      141      
5        700      169      147      50       122      0        141      197      137      107      169      165      207      254      118      226      252      125      99       97       143      
6        1810     301      6        110      231      141      0        135      241      107      301      235      94       238      239      344      384      260      165      64       284      
7        2630     298      136      146      317      197      135      0        331      91       299      174      71       110      316      312      371      270      270      111      311      
8        680      214      246      186      14       137      241      331      0        243      213      283      327      390      35       287      278      176      80       222      151      
9        1750     220      112      57       229      107      107      91       243      0        220      128      119      156      226      248      299      186      191      47       223      
10       1880     1        308      191      202      169      301      299      213      220      0        147      340      292      178      75       83       44       238      242      65       
11       2260     146      240      143      269      165      235      174      283      128      147      0        234      145      253      139      205      139      264      171      187      
12       2620     340      92       160      315      207      94       71       327      119      340      234      0        180      319      365      418      305      255      110      339      
13       3240     291      241      209      376      254      238      110      390      156      292      145      180      0        367      278      347      279      346      197      326      
14       580      179      244      169      25       118      239      316      35       226      178      253      319      367      0        252      244      141      91       211      116      
15       2570     74       350      235      276      226      344      312      287      248      75       139      365      278      252      0        72       113      307      281      140      
16       2650     83       391      274      269      252      384      371      278      299      83       205      418      347      244      72       0        127      316      324      128      
17       1450     45       267      151      164      125      260      270      176      186      44       139      305      279      141      113      127      0        195      203      47       
18       500      239      170      137      73       99       165      270      80       191      238      264      255      346      91       307      316      195      0        159      189      
19       1550     242      70       52       209      97       64       111      222      47       242      171      110      197      211      281      324      203      159      0        233      
20       1390     66       290      180      141      143      284      311      151      223      65       187      339      326      116      140      128      47       189      233      0        
;

