
sets
i        orders          /0*20/
k        routes          /1*20/
p        positions       /0*20/
;

alias(i,j)
alias(i,h)
alias(i,hh)
alias(i,jj)
alias(k,kk)
                
                    Parameters

rho(i)	Processing time
/
0	0
1	4
2	65
3	9
4	97
5	17
6	93
7	68
8	83
9	12
10	91
11	82
12	71
13	6
14	23
15	64
16	89
17	64
18	15
19	36
20	39
/

gamma(i)	Duedate
/
0	0
1	9
2	56
3	37
4	60
5	64
6	84
7	45
8	27
9	12
10	54
11	98
12	88
13	44
14	78
15	49
16	83
17	1
18	47
19	30
20	81
/

sigma(i)	Size
/
0	0
1	6
2	8
3	6
4	5
5	6
6	6
7	2
8	3
9	2
10	4
11	7
12	7
13	1
14	1
15	1
16	4
17	8
18	7
19	3
20	5
/

epsilon(i)	Priority
/
0	0
1	3
2	7
3	8
4	4
5	9
6	4
7	9
8	2
9	9
10	9
11	2
12	3
13	8
14	6
15	2
16	3
17	3
18	7
19	4
20	5
/

psi	Vehicle Capacity
/ 39 /
;

Table kappa(i,j)                 Setup
         0        1        2        3        4        5        6        7        8        9        10       11       12       13       14       15       16       17       18       19       20       
0        0        567      407      293      370      370      243      517      103      142      557      335      471      498      432      128      461      183      343      373      519      
1        567      0        416      484      448      282      324      226      663      684      80       563      606      278      429      440      486      615      297      203      48       
2        407      416      0        562      50       461      315      217      453      442      351      175      190      165      27       349      82       318      448      266      378      
3        293      484      562      0        547      203      251      558      382      429      516      571      695      569      590      234      639      466      186      369      448      
4        370      448      50       547      0        463      307      261      408      395      388      127      169      212      67       325      94       269      448      282      407      
5        370      282      461      203      463      0        170      391      473      509      322      531      630      415      486      250      543      492      26       210      249      
6        243      324      315      251      307      170      0        320      342      369      322      362      468      323      342      115      395      329      148      142      277      
7        517      226      217      558      261      391      320      0        593      597      149      387      398      55       221      412      273      494      391      189      203      
8        103      663      453      382      408      473      342      593      0        50       647      342      476      567      475      230      493      161      446      465      615      
9        142      684      442      429      395      509      369      597      50       0        663      315      446      567      462      261      474      131      482      483      635      
10       557      80       351      516      388      322      322      149      647      663      0        508      539      203      361      434      416      580      332      183      78       
11       335      563      175      571      127      531      362      387      342      315      508      0        136      339      183      337      170      183      511      380      520      
12       471      606      190      695      169      630      468      398      476      446      539      136      0        343      177      463      125      315      613      451      568      
13       498      278      165      569      212      415      323      55       567      567      203      339      343      0        168      403      218      458      412      206      251      
14       432      429      27       590      67       486      342      221      475      462      361      183      177      168      0        377      59       337      473      288      393      
15       128      440      349      234      325      250      115      412      230      261      434      337      463      403      377      0        419      248      224      251      392      
16       461      486      82       639      94       543      395      273      493      474      416      170      125      218      59       419      0        344      530      348      451      
17       183      615      318      466      269      492      329      494      161      131      580      183      315      458      337      248      344      0        467      412      566      
18       343      297      448      186      448      26       148      391      446      482      332      511      613      412      473      224      530      467      0        205      261      
19       373      203      266      369      282      210      142      189      465      483      183      380      451      206      288      251      348      412      205      0        154      
20       519      48       378      448      407      249      277      203      615      635      78       520      568      251      393      392      451      566      261      154      0        
;



Table delta(i,j)                 Distance
         0        1        2        3        4        5        6        7        8        9        10       11       12       13       14       15       16       17       18       19       20       
0        0        2560     2250     2680     3660     460      3430     1560     600      2800     2770     1380     1570     1760     3110     2950     1410     2660     1060     2460     2300     
1        2560     0        260      167      354      239      350      298      280      452      432      339      130      249      220      119      117      453      332      14       95       
2        2250     260      0        125      141      257      120      104      186      218      191      364      147      49       127      195      189      231      200      246      167      
3        2680     167      125      0        187      280      186      211      254      343      317      396      119      146      55       71       159      355      289      155      76       
4        3660     354      141      187      0        398      30       230      323      274      244      505      270      189      141      250      315      300      328      341      259      
5        460      239      257      280      398      0        377      198      106      327      323      115      163      210      328      297      135      312      151      231      231      
6        3430     350      120      186      30       377      0        203      298      244      214      481      258      166      147      254      302      270      301      337      255      
7        1560     298      104      211      230      198      203      0        101      155      139      288      167      65       228      271      193      155      98       284      222      
8        600      280      186      254      323      106      298      101      0        221      217      186      161      136      289      295      162      208      53       268      233      
9        2800     452      218      343      274      327      244      155      221      0        30       385      322      205      341      410      348      31       179      438      371      
10       2770     432      191      317      244      323      214      139      217      30       0        389      303      184      313      385      332      57       180      418      349      
11       1380     339      364      396      505      115      481      288      186      385      389      0        278      315      443      410      247      363      209      333      344      
12       1570     130      147      119      270      163      258      167      161      322      303      278      0        123      171      138      44       323      209      116      73       
13       1760     249      49       146      189      210      166      65       136      205      184      315      123      0        164      208      160      213      154      235      165      
14       3110     220      127      55       141      328      147      228      289      341      313      443      171      164      0        109      213      357      317      208      132      
15       2950     119      195      71       250      297      254      271      295      410      385      410      138      208      109      0        163      420      337      111      66       
16       1410     117      189      159      315      135      302      193      162      348      332      247      44       160      213      163      0        345      215      106      97       
17       2660     453      231      355      300      312      270      155      208      31       57       363      323      213      357      420      345      0        161      439      377      
18       1060     332      200      289      328      151      301      98       53       179      180      209      209      154      317      337      215      161      0        320      278      
19       2460     14       246      155      341      231      337      284      268      438      418      333      116      235      208      111      106      439      320      0        82       
20       2300     95       167      76       259      231      255      222      233      371      349      344      73       165      132      66       97       377      278      82       0        
;

