

sets
i        orders          /0*20/
k        routes          /1*20/
p        positions       /0*20/
;

alias(i,j)
alias(i,h)
alias(i,hh)
alias(i,jj)
alias(k,kk)
                            Parameters

rho(i)	Processing time
/
0	0
1	51
2	83
3	15
4	20
5	63
6	72
7	54
8	63
9	36
10	47
11	68
12	89
13	4
14	51
15	96
16	15
17	61
18	44
19	67
20	19
/

gamma(i)	Duedate
/
0	0
1	39
2	74
3	80
4	46
5	96
6	25
7	20
8	70
9	19
10	9
11	47
12	63
13	97
14	1
15	38
16	51
17	36
18	36
19	72
20	53
/

sigma(i)	Size
/
0	0
1	3
2	3
3	7
4	8
5	3
6	5
7	5
8	7
9	1
10	2
11	5
12	9
13	9
14	4
15	8
16	6
17	5
18	1
19	4
20	1
/

epsilon(i)	Priority
/
0	0
1	4
2	2
3	8
4	2
5	9
6	5
7	5
8	8
9	7
10	3
11	7
12	4
13	5
14	2
15	3
16	5
17	6
18	8
19	3
20	5
/

psi	Vehicle Capacity
/ 67 /
;

Table kappa(i,j)                 Setup
         0        1        2        3        4        5        6        7        8        9        10       11       12       13       14       15       16       17       18       19       20       
0        0        497      694      409      402      315      734      864      246      268      133      338      100      887      276      273      579      636      222      817      300      
1        497      0        350      225      555      467      239      587      719      698      575      390      569      635      258      684      140      808      711      378      630      
2        694      350      0        285      883      784      311      900      845      948      709      404      724      953      422      943      456      1145     915      181      671      
3        409      225      285      0        630      527      390      802      579      663      437      175      446      847      137      658      364      897      631      416      440      
4        402      555      883      630      0        105      767      578      604      324      532      664      494      580      512      296      537      267      441      934      702      
5        315      467      784      527      105      0        690      592      537      307      448      559      412      604      407      282      468      371      399      846      612      
6        734      239      311      390      767      690      0        619      946      936      801      565      800      674      476      922      236      1002     950      215      830      
7        864      587      900      802      578      592      619      0        1107     894      990      942      964      56       772      867      453      657      991      834      1117     
8        246      719      845      579      604      537      946      1107     0        340      145      442      152      1128     470      363      816      792      204      994      223      
9        268      698      948      663      324      307      936      894      340      0        341      607      301      901      526      29       740      458      139      1053     515      
10       133      575      709      437      532      448      801      990      145      341      0        314      41       1016     325      355      675      755      240      853      178      
11       338      390      404      175      664      559      565      942      442      607      314      0        337      982      174      611      525      926      541      564      272      
12       100      569      724      446      494      412      800      964      152      301      41       337      0        988      327      315      664      714      207      862      219      
13       887      635      953      847      580      604      674      56       1128     901      1016     982      988      0        810      874      503      636      1004     889      1148     
14       276      258      422      137      512      407      476      772      470      526      325      174      327      810      0        521      378      778      499      540      374      
15       273      684      943      658      296      282      922      867      363      29       355      611      315      874      521      0        722      431      165      1043     531      
16       579      140      456      364      537      468      236      453      816      740      675      525      664      503      378      722      0        766      777      432      752      
17       636      808      1145     897      267      371      1002     657      792      458      755      926      714      636      778      431      766      0        597      1184     932      
18       222      711      915      631      441      399      950      991      204      139      240      541      207      1004     499      165      777      597      0        1039     399      
19       817      378      181      416      934      846      215      834      994      1053     853      564      862      889      540      1043     432      1184     1039     0        836      
20       300      630      671      440      702      612      830      1117     223      515      178      272      219      1148     374      531      752      932      399      836      0        
;



Table delta(i,j)                 Distance
         0        1        2        3        4        5        6        7        8        9        10       11       12       13       14       15       16       17       18       19       20       
0        0        53       69       70       64       47       64       79       99       61       53       25       84       28       43       98       121      29       106      22       103      
1        53       0        30       35       19       20       22       26       51       30       36       32       34       24       12       51       68       38       54       37       50       
2        69       30       0        6        12       22       50       33       66       10       23       57       49       45       41       29       72       65       62       62       53       
3        70       35       6        0        17       24       56       40       73       9        20       59       55       47       45       31       77       68       68       64       59       
4        64       19       12       17       0        18       38       25       57       16       27       48       39       37       30       34       66       56       54       53       47       
5        47       20       22       24       18       0        43       40       70       15       16       35       52       23       24       50       83       45       70       40       64       
6        64       22       50       56       38       43       0        28       35       52       59       39       23       39       23       62       60       39       45       42       45       
7        79       26       33       40       25       40       28       0        32       41       52       57       15       50       36       35       43       61       30       62       24       
8        99       51       66       73       57       70       35       32       0        73       84       74       18       73       56       62       29       74       17       78       25       
9        61       30       10       9        16       15       52       41       73       0        13       51       55       38       38       39       81       60       70       55       62       
10       53       36       23       20       27       16       59       52       84       13       0        48       66       35       40       52       93       58       82       52       74       
11       25       32       57       59       48       35       39       57       74       51       48       0        60       13       20       82       97       10       82       5        80       
12       84       34       49       55       39       52       23       15       18       55       66       60       0        57       41       49       36       62       21       65       21       
13       28       24       45       47       37       23       39       50       73       38       35       13       57       0        16       71       93       22       78       17       75       
14       43       12       41       45       30       24       23       36       56       38       40       20       41       16       0        63       77       26       63       25       60       
15       98       51       29       31       34       50       62       35       62       39       52       82       49       71       63       0        55       89       50       87       40       
16       121      68       72       77       66       83       60       43       29       81       93       97       36       93       77       55       0        99       15       101      19       
17       29       38       65       68       56       45       39       61       74       60       58       10       62       22       26       89       99       0        84       7        83       
18       106      54       62       68       54       70       45       30       17       70       82       82       21       78       63       50       15       84       0        87       10       
19       22       37       62       64       53       40       42       62       78       55       52       5        65       17       25       87       101      7        87       0        85       
20       103      50       53       59       47       64       45       24       25       62       74       80       21       75       60       40       19       83       10       85       0        
;

