

sets
i        orders          /0*20/
k        routes          /1*20/
p        positions       /0*20/
;

alias(i,j)
alias(i,h)
alias(i,hh)
alias(i,jj)
alias(k,kk)
                            Parameters

rho(i)	Processing time
/
0	0
1	2
2	27
3	17
4	54
5	27
6	43
7	71
8	39
9	77
10	15
11	42
12	41
13	54
14	91
15	95
16	32
17	8
18	82
19	44
20	54
/

gamma(i)	Duedate
/
0	0
1	89
2	98
3	74
4	51
5	81
6	62
7	7
8	12
9	51
10	13
11	14
12	2
13	83
14	38
15	74
16	47
17	83
18	87
19	18
20	10
/

sigma(i)	Size
/
0	0
1	7
2	7
3	9
4	7
5	1
6	7
7	5
8	4
9	1
10	2
11	3
12	4
13	8
14	9
15	4
16	4
17	4
18	3
19	4
20	7
/

epsilon(i)	Priority
/
0	0
1	6
2	3
3	5
4	3
5	3
6	3
7	3
8	7
9	7
10	9
11	4
12	7
13	5
14	4
15	5
16	2
17	9
18	1
19	1
20	5
/

psi	Vehicle Capacity
/ 170 /
;

Table kappa(i,j)                 Setup
         0        1        2        3        4        5        6        7        8        9        10       11       12       13       14       15       16       17       18       19       20       
0        0        795      104      559      466      125      290      688      530      137      266      318      485      375      490      638      416      113      660      99       366      
1        795      0        735      563      438      799      1076     786      578      877      927      601      694      421      310      891      960      872      248      851      1119     
2        104      735      0        581      374      216      342      586      555      143      367      216      382      315      425      544      511      218      578      203      389      
3        559      563      581      0        613      473      827      1016     32       695      515      633      831      422      451      1044     469      561      631      545      921      
4        466      438      374      613      0        532      703      413      603      499      690      179      267      194      187      480      793      573      221      554      719      
5        125      799      216      473      532      0        353      800      442      254      160      410      595      398      511      760      295      88       701      71       452      
6        290      1076     342      827      703      353      0        790      796      204      377      528      618      655      767      687      535      267      917      282      119      
7        688      786      586      1016     413      800      790      0        1003     629      954      406      205      594      599      153      1094     799      538      787      740      
8        530      578      555      32       603      442      796      1003     0        666      482      615      815      411      447      1027     438      529      633      513      891      
9        137      877      143      695      499      254      204      629      666      0        363      325      440      459      568      554      525      202      712      201      246      
10       266      927      367      515      690      160      377      954      482      363      0        570      750      546      655      903      164      162      851      169      494      
11       318      601      216      633      179      410      528      406      615      325      570      0        204      237      306      411      697      431      400      415      540      
12       485      694      382      831      267      595      618      205      815      440      750      204      0        417      449      217      888      598      455      584      590      
13       375      421      315      422      194      398      655      594      411      459      546      237      417      0        115      634      625      462      305      441      703      
14       490      310      425      451      187      511      767      599      447      568      655      306      449      115      0        665      723      576      203      555      809      
15       638      891      544      1044     480      760      687      153      1027     554      903      411      217      634      665      0        1054     742      645      733      621      
16       416      960      511      469      793      295      535      1094     438      525      164      697      888      625      723      1054     0        322      926      326      653      
17       113      872      218      561      573      88       267      799      529      202      162      431      598      462      576      742      322      0        758      21       371      
18       660      248      578      631      221      701      917      538      633      712      851      400      455      305      203      645      926      758      0        737      939      
19       99       851      203      545      554      71       282      787      513      201      169      415      584      441      555      733      326      21       737      0        382      
20       366      1119     389      921      719      452      119      740      891      246      494      540      590      703      809      621      653      371      939      382      0        
;



Table delta(i,j)                 Distance
         0        1        2        3        4        5        6        7        8        9        10       11       12       13       14       15       16       17       18       19       20       
0        0        107      94       40       62       66       20       55       52       98       81       59       53       56       38       38       35       86       30       36       82       
1        107      0        76       106      84       41       111      97       55       91       26       58       58       108      69       69       86       60       97       72       94       
2        94       76       0        65       34       58       84       123      58       15       64       90       54       55       72       69       101      17       67       81       25       
3        40       106      65       0        32       66       21       90       53       64       81       78       49       16       50       46       67       63       13       55       46       
4        62       84       34       32       0        50       50       100      42       35       62       74       36       25       49       45       76       32       33       58       21       
5        66       41       58       66       50       0        69       70       14       70       15       33       16       70       29       28       53       41       56       35       66       
6        20       111      84       21       50       69       0        74       55       84       84       71       53       38       45       43       53       78       17       46       67       
7        55       97       123      90       100      70       74       0        65       132      77       39       69       105      50       55       23       108      77       42       121      
8        52       55       58       53       42       14       55       65       0        69       29       33       5        59       17       15       44       43       42       24       61       
9        98       91       15       64       35       70       84       132      69       0        78       101      63       51       81       77       109      31       68       89       18       
10       81       26       64       81       62       15       84       77       29       78       0        37       32       85       42       43       63       46       72       47       77       
11       59       58       90       78       74       33       71       39       33       101      37       0        38       88       28       32       29       74       65       24       94       
12       53       58       54       49       36       16       53       69       5        63       32       38       0        54       19       17       48       39       39       28       55       
13       56       108      55       16       25       70       38       105      59       51       85       88       54       0        60       56       81       57       27       66       33       
14       38       69       72       50       49       29       45       50       17       81       42       28       19       60       0        4        28       59       37       8        70       
15       38       69       69       46       45       28       43       55       15       77       43       32       17       56       4        0        32       55       33       12       66       
16       35       86       101      67       76       53       53       23       44       109      63       29       48       81       28       32       0        87       54       20       97       
17       86       60       17       63       32       41       78       108      43       31       46       74       39       57       59       55       87       0        61       67       35       
18       30       97       67       13       33       56       17       77       42       68       72       65       39       27       37       33       54       61       0        42       52       
19       36       72       81       55       58       35       46       42       24       89       47       24       28       66       8        12       20       67       42       0        79       
20       82       94       25       46       21       66       67       121      61       18       77       94       55       33       70       66       97       35       52       79       0        
;

