
sets
i        orders          /0*10/
k        routes          /1*10/
p        positions       /0*10/
;

alias(i,j)
alias(i,h)
alias(i,hh)
alias(i,jj)
alias(k,kk)
                
                    Parameters

rho(i)	Processing time
/
0	0
1	49
2	71
3	87
4	88
5	59
6	81
7	46
8	41
9	32
10	53
/

gamma(i)	Duedate
/
0	0
1	64
2	22
3	26
4	70
5	69
6	45
7	55
8	87
9	29
10	97
/

sigma(i)	Size
/
0	0
1	5
2	4
3	8
4	2
5	8
6	3
7	8
8	7
9	5
10	2
/

epsilon(i)	Priority
/
0	0
1	4
2	7
3	5
4	5
5	6
6	8
7	3
8	3
9	6
10	5
/

psi	Vehicle Capacity
/ 10 /
;

Table kappa(i,j)                 Setup
         0        1        2        3        4        5        6        7        8        9        10       
0        0        227      24       76       59       142      124      183      27       216      104      
1        227      0        213      168      193      115      105      152      208      37       212      
2        24       213      0        54       35       121      108      186      38       199      81       
3        76       168      54       0        26       67       64       179      75       149      61       
4        59       193      35       26       0        91       89       194      67       174      51       
5        142      115      121      67       91       0        45       182      134      87       98       
6        124      105      108      64       89       45       0        138      108      92       118      
7        183      152      186      179      194      182      138      0        155      175      240      
8        27       208      38       75       67       134      108      155      0        200      117      
9        216      37       199      149      174      87       92       175      200      0        185      
10       104      212      81       61       51       98       118      240      117      185      0        
;



Table delta(i,j)                 Distance
         0        1        2        3        4        5        6        7        8        9        10       
0        0        2220     2040     2100     2970     2550     2520     1860     1380     3330     3030     
1        2220     0        115      144      39       154      155      33       66       90       48       
2        2040     115      0        79       119      119      111      121      49       90       113      
3        2100     144      79       0        166      44       34       130      100      161      166      
4        2970     39       119      166      0        184      183      72       72       62       11       
5        2550     154      119      44       184      0        12       131      127      192      186      
6        2520     155      111      34       183      12       0        134      123      187      185      
7        1860     33       121      130      72       131      134      0        77       118      80       
8        1380     66       49       100      72       127      123      77       0        65       68       
9        3330     90       90       161      62       192      187      118      65       0        51       
10       3030     48       113      166      11       186      185      80       68       51       0        
;

