
sets
i        orders          /0*10/
k        routes          /1*10/
p        positions       /0*10/
;

alias(i,j)
alias(i,h)
alias(i,hh)
alias(i,jj)
alias(k,kk)
                
                    Parameters

rho(i)	Processing time
/
0	0
1	30
2	6
3	49
4	40
5	1
6	16
7	28
8	40
9	76
10	50
/

gamma(i)	Duedate
/
0	0
1	98
2	91
3	37
4	98
5	44
6	8
7	10
8	7
9	63
10	39
/

sigma(i)	Size
/
0	0
1	6
2	2
3	6
4	8
5	5
6	4
7	7
8	3
9	6
10	8
/

epsilon(i)	Priority
/
0	0
1	1
2	6
3	3
4	2
5	6
6	6
7	7
8	7
9	7
10	5
/

psi	Vehicle Capacity
/ 16 /
;

Table kappa(i,j)                 Setup
         0        1        2        3        4        5        6        7        8        9        10       
0        0        206      21       102      196      92       26       103      47       161      128      
1        206      0        184      203      115      245      190      105      166      46       120      
2        21       184      0        101      180      102      17       81       31       140      112      
3        102      203      101      0        136      51       118      134      77       158      84       
4        196      115      180      136      0        187      195      137      150      96       68       
5        92       245      102      51       187      0        116      162      92       199      131      
6        26       190      17       118      195      116      0        85       48       147      127      
7        103      105      81       134      137      162      85       0        71       65       85       
8        47       166      31       77       150      92       48       71       0        120      82       
9        161      46       140      158      96       199      147      65       120      0        79       
10       128      120      112      84       68       131      127      85       82       79       0        
;



Table delta(i,j)                 Distance
         0        1        2        3        4        5        6        7        8        9        10       
0        0        3840     2040     2220     5940     840      5310     2940     4440     3210     5610     
1        3840     0        180      71       161      154      263      193      176      212      272      
2        2040     180      0        111      194      43       111      36       118      38       121      
3        2220     71       111      0        136      93       192      122      117      141      202      
4        5940     161      194      136      0        205      199      175      89       198      205      
5        840      154      43       93       205      0        155      78       143      82       165      
6        5310     263      111      192      199      155      0        78       112      74       10       
7        2940     193      36       122      175      78       78       0        92       23       88       
8        4440     176      118      117      89       143      112      92       0        113      119      
9        3210     212      38       141      198      82       74       23       113      0        83       
10       5610     272      121      202      205      165      10       88       119      83       0        
;

