
sets
i        orders          /0*10/
k        routes          /1*10/
p        positions       /0*10/
;

alias(i,j)
alias(i,h)
alias(i,hh)
alias(i,jj)
alias(k,kk)
                
                    Parameters

rho(i)	Processing time
/
0	0
1	94
2	32
3	53
4	35
5	42
6	25
7	97
8	19
9	85
10	92
/

gamma(i)	Duedate
/
0	0
1	36
2	66
3	57
4	78
5	89
6	58
7	45
8	98
9	69
10	89
/

sigma(i)	Size
/
0	0
1	1
2	3
3	1
4	9
5	6
6	3
7	2
8	7
9	7
10	4
/

epsilon(i)	Priority
/
0	0
1	4
2	2
3	8
4	4
5	2
6	7
7	9
8	1
9	7
10	8
/

psi	Vehicle Capacity
/ 14 /
;

Table kappa(i,j)                 Setup
         0        1        2        3        4        5        6        7        8        9        10       
0        0        79       89       172      176      148      26       70       2        89       187      
1        79       0        113      95       150      92       57       9        77       153      108      
2        89       113      0        172      105      116      79       108      89       69       204      
3        172      95       172      0        142      68       147      104      170      231      44       
4        176      150      105      142      0        76       155      152      176      172      185      
5        148      92       116      68       76       0        123      97       147      183      110      
6        26       57       79       147      155      123      0        48       24       99       165      
7        70       9        108      104      152      97       48       0        67       145      117      
8        2        77       89       170      176      147      24       67       0        92       185      
9        89       153      69       231      172      183      99       145      92       0        257      
10       187      108      204      44       185      110      165      117      185      257      0        
;



Table delta(i,j)                 Distance
         0        1        2        3        4        5        6        7        8        9        10       
0        0        6570     3000     4920     3690     4860     6210     3330     1230     3870     1080     
1        6570     0        135      196      103      65       50       117      194      100      224      
2        3000     135      0        98       77       98       142      76       64       84       122      
3        4920     196      98       0        173      184      222      175      124      180      198      
4        3690     103      77       173      0        40       83       14       110      7        122      
5        4860     65       98       184      40       0        46       54       145      35       162      
6        6210     50       142      222      83       46       0        96       191      77       204      
7        3330     117      76       175      14       54       96       0        101      18       108      
8        1230     194      64       124      110      145      191      101      0        117      74       
9        3870     100      84       180      7        35       77       18       117      0        127      
10       1080     224      122      198      122      162      204      108      74       127      0        
;

