
sets
i        orders          /0*10/
k        routes          /1*10/
p        positions       /0*10/
;

alias(i,j)
alias(i,h)
alias(i,hh)
alias(i,jj)
alias(k,kk)
                
                    Parameters

rho(i)	Processing time
/
0	0
1	58
2	79
3	36
4	6
5	87
6	64
7	95
8	73
9	94
10	76
/

gamma(i)	Duedate
/
0	0
1	70
2	34
3	84
4	17
5	60
6	69
7	1
8	5
9	21
10	80
/

sigma(i)	Size
/
0	0
1	3
2	9
3	7
4	4
5	3
6	3
7	2
8	8
9	9
10	9
/

epsilon(i)	Priority
/
0	0
1	8
2	6
3	3
4	6
5	8
6	1
7	8
8	9
9	1
10	4
/

psi	Vehicle Capacity
/ 39 /
;

Table kappa(i,j)                 Setup
         0        1        2        3        4        5        6        7        8        9        10       
0        0        51       134      148      129      102      94       154      60       69       137      
1        51       0        154      142      88       145      59       186      10       111      187      
2        134      154      0        76       157      79       134      49       164      182      139      
3        148      142      76       0        103      144      95       124      148      213      206      
4        129      88       157      103      0        190      36       203      87       197      246      
5        102      145      79       144      190      0        157      65       156      121      62       
6        94       59       134      95       36       157      0        176      61       163      211      
7        154      186      49       124      203      65       176      0        196      185      109      
8        60       10       164      148      87       156      61       196      0        117      197      
9        69       111      182      213      197      121      163      185      117      0        120      
10       137      187      139      206      246      62       211      109      197      120      0        
;



Table delta(i,j)                 Distance
         0        1        2        3        4        5        6        7        8        9        10       
0        0        3570     2130     2370     1770     2190     1110     1830     570      3000     630      
1        3570     0        104      63       91       192      124      178      129      176      119      
2        2130     104      0        40       106      127      105      126      90       72       52       
3        2370     63       40       0        89       149      102      141      96       112      69       
4        1770     91       106      89       0        119      38       97       55       156      75       
5        2190     192      127      149      119      0        81       26       65       111      80       
6        1110     124      105      102      38       81       0        59       22       137      58       
7        1830     178      126      141      97       26       59       0        48       125      74       
8        570      129      90       96       55       65       22       48       0        115      40       
9        3000     176      72       112      156      111      137      125      115      0        81       
10       630      119      52       69       75       80       58       74       40       81       0        
;

