
sets
i        orders          /0*10/
k        routes          /1*10/
p        positions       /0*10/
;

alias(i,j)
alias(i,h)
alias(i,hh)
alias(i,jj)
alias(k,kk)
                
                    Parameters

rho(i)	Processing time
/
0	0
1	53
2	85
3	40
4	78
5	47
6	52
7	43
8	82
9	26
10	78
/

gamma(i)	Duedate
/
0	0
1	72
2	81
3	43
4	40
5	61
6	61
7	96
8	18
9	84
10	28
/

sigma(i)	Size
/
0	0
1	4
2	3
3	5
4	5
5	7
6	6
7	5
8	2
9	7
10	8
/

epsilon(i)	Priority
/
0	0
1	2
2	4
3	3
4	9
5	2
6	5
7	1
8	6
9	2
10	7
/

psi	Vehicle Capacity
/ 16 /
;

Table kappa(i,j)                 Setup
         0        1        2        3        4        5        6        7        8        9        10       
0        0        205      220      42       94       113      152      64       81       92       174      
1        205      0        35       240      117      101      58       158      138      159      69       
2        220      35       0        257      126      108      85       165      145      159      57       
3        42       240      257      0        134      153      184      106      123      133      214      
4        94       117      126      134      0        19       75       41       22       50       79       
5        113      101      108      153      19       0        66       57       37       59       60       
6        152      58       85       184      75       66       0        115      97       125      77       
7        64       158      165      106      41       57       115      0        20       31       114      
8        81       138      145      123      22       37       97       20       0        31       94       
9        92       159      159      133      50       59       125      31       31       0        104      
10       174      69       57       214      79       60       77       114      94       104      0        
;



Table delta(i,j)                 Distance
         0        1        2        3        4        5        6        7        8        9        10       
0        0        930      2250     4410     5040     2670     2040     1830     3210     3270     2130     
1        930      0        44       122      152      103      97       38       130      88       65       
2        2250     44       0        84       125      123      135      28       159      59       67       
3        4410     122      84       0        56       147      187      86       190      40       93       
4        5040     152      125      56       0        135      188      114      177      65       99       
5        2670     103      123      147      135      0        60       95       43       108      59       
6        2040     97       135      187      188      60       0        111      48       146      94       
7        1830     38       28       86       114      95       111      0        132      50       40       
8        3210     130      159      190      177      43       48       132      0        151      100      
9        3270     88       59       40       65       108      146      50       151      0        52       
10       2130     65       67       93       99       59       94       40       100      52       0        
;

