
sets
i        orders          /0*5/
k        routes          /1*5/
p        positions       /0*5/
;

alias(i,j)
alias(i,h)
alias(i,hh)
alias(i,jj)
alias(k,kk)
                
                    Parameters

rho(i)	Processing time
/
0	0
1	93
2	81
3	53
4	95
5	7
/

gamma(i)	Duedate
/
0	0
1	69
2	5
3	98
4	13
5	73
/

sigma(i)	Size
/
0	0
1	2
2	2
3	1
4	2
5	5
/

epsilon(i)	Priority
/
0	0
1	7
2	9
3	8
4	9
5	5
/

psi	Vehicle Capacity
/ 24 /
;

Table kappa(i,j)                 Setup
         0        1        2        3        4        5        
0        0        81       50       31       61       31       
1        81       0        122      94       131      50       
2        50       122      0        28       11       74       
3        31       94       28       0        37       47       
4        61       131      11       37       0        84       
5        31       50       74       47       84       0        
;



Table delta(i,j)                 Distance
         0        1        2        3        4        5        
0        0        1470     1500     450      1740     1830     
1        1470     0        57       50       37       14       
2        1500     57       0        64       30       58       
3        450      50       64       0        68       64       
4        1740     37       30       68       0        31       
5        1830     14       58       64       31       0        
;

