
sets
i        orders          /0*5/
k        routes          /1*5/
p        positions       /0*5/
;

alias(i,j)
alias(i,h)
alias(i,hh)
alias(i,jj)
alias(k,kk)
                
                    Parameters

rho(i)	Processing time
/
0	0
1	80
2	55
3	31
4	34
5	72
/

gamma(i)	Duedate
/
0	0
1	66
2	24
3	72
4	97
5	6
/

sigma(i)	Size
/
0	0
1	9
2	1
3	5
4	8
5	3
/

epsilon(i)	Priority
/
0	0
1	5
2	2
3	2
4	2
5	9
/

psi	Vehicle Capacity
/ 24 /
;

Table kappa(i,j)                 Setup
         0        1        2        3        4        5        
0        0        93       32       28       96       73       
1        93       0        74       67       81       20       
2        32       74       0        32       64       54       
3        28       67       32       0        91       48       
4        96       81       64       91       0        73       
5        73       20       54       48       73       0        
;



Table delta(i,j)                 Distance
         0        1        2        3        4        5        
0        0        1620     4350     960      2250     2550     
1        1620     0        94       26       33       77       
2        4350     94       0        113      99       106      
3        960      26       113      0        56       66       
4        2250     33       99       56       0        110      
5        2550     77       106      66       110      0        
;

