

sets
i        orders          /0*40/
k        routes          /1*40/
p        positions       /0*40/
;

alias(i,j)
alias(i,h)
alias(i,hh)
alias(i,jj)
alias(k,kk)
                            Parameters

rho(i)	Processing time
/
0	0
1	65
2	50
3	91
4	42
5	6
6	21
7	40
8	54
9	27
10	63
11	17
12	64
13	55
14	18
15	5
16	31
17	50
18	88
19	10
20	35
21	6
22	39
23	32
24	62
25	83
26	50
27	91
28	52
29	88
30	38
31	13
32	91
33	45
34	35
35	18
36	70
37	7
38	8
39	5
40	2
/

gamma(i)	Duedate
/
0	0
1	47
2	46
3	65
4	91
5	40
6	66
7	17
8	92
9	50
10	81
11	9
12	48
13	46
14	80
15	74
16	68
17	98
18	72
19	52
20	63
21	6
22	38
23	98
24	38
25	52
26	92
27	56
28	79
29	82
30	7
31	13
32	17
33	38
34	89
35	45
36	27
37	23
38	40
39	29
40	63
/

sigma(i)	Size
/
0	0
1	9
2	9
3	3
4	8
5	1
6	1
7	7
8	8
9	6
10	3
11	8
12	2
13	5
14	2
15	7
16	9
17	3
18	9
19	6
20	2
21	2
22	5
23	2
24	4
25	8
26	9
27	2
28	4
29	6
30	4
31	8
32	8
33	8
34	3
35	2
36	2
37	9
38	3
39	9
40	5
/

epsilon(i)	Priority
/
0	0
1	4
2	1
3	8
4	5
5	4
6	9
7	8
8	9
9	1
10	5
11	4
12	1
13	8
14	2
15	3
16	9
17	4
18	8
19	7
20	7
21	4
22	8
23	4
24	8
25	3
26	7
27	2
28	7
29	1
30	4
31	4
32	8
33	9
34	2
35	5
36	3
37	4
38	4
39	9
40	6
/

psi	Vehicle Capacity
/ 78 /
;

Table kappa(i,j)                 Setup
         0        1        2        3        4        5        6        7        8        9        10       11       12       13       14       15       16       17       18       19       20       21       22       23       24       25       26       27       28       29       30       31       32       33       34       35       36       37       38       39       40       
0        0        1572     1127     1223     958      1114     495      995      379      1413     1562     1799     595      718      1810     1110     723      1328     683      1231     1318     976      1338     1822     1022     263      716      1668     1707     422      1876     1046     1084     1026     1408     1094     1474     980      340      1074     1098     
1        1572     0        706      363      2251     774      1242     1620     1374     159      425      431      2093     987      556      663      850      1740     1398     393      374      1018     1221     1379     572      1316     1844     1628     1036     1154     304      633      491      1115     441      1120     99       702      1797     1110     993      
2        1127     706      0        413      2003     68       1020     916      814      592      994      1113     1716     412      1210     62       576      1843     734      338      333      1102     1470     1804     326      926      1642     1914     1510     793      973      172      503      408      898      417      641      187      1433     406      1156     
3        1223     363      413      0        1962     481      941      1292     1011     211      581      718      1764     626      803      355      511      1594     1046     86       179      837      1145     1424     209      972      1566     1584     1114     811      665      290      190      807      489      826      271      353      1468     813      855      
4        958      2251     2003     1962     0        2007     1021     1928     1336     2103     2072     2324     466      1622     2278     1970     1469     1033     1639     2001     2105     1305     1430     1850     1802     1083     411      1508     1916     1209     2527     1881     1782     1974     1932     2043     2155     1828     618      2022     1392     
5        1114     774      68       481      2007     0        1038     852      787      661      1063     1182     1707     396      1279     126      605      1882     684      407      399      1147     1521     1864     382      925      1654     1965     1574     800      1036     226      564      341      965      349      709      222      1428     338      1206     
6        495      1242     1020     941      1021     1038     0        1288     641      1089     1135     1384     868      702      1372     978      455      946      934      980      1085     482      851      1331     785      293      632      1211     1214     278      1530     878      762      1107     983      1172     1144     835      579      1150     603      
7        995      1620     916      1292     1928     852      1288     0        659      1494     1854     2010     1498     736      2091     957      1090     2233     354      1235     1249     1648     2060     2494     1117     1014     1710     2472     2264     1021     1888     1002     1295     515      1728     533      1548     942      1318     534      1749     
8        379      1374     814      1011     1336     787      641      659      0        1218     1463     1673     962      409      1715     812      592      1579     318      995      1063     1055     1460     1922     801      356      1068     1847     1741     397      1676     775      919      651      1315     719      1280     703      719      699      1168     
9        1413     159      592      211      2103     661      1089     1494     1218     0        431      521      1936     837      622      541      691      1637     1256     259      275      897      1140     1351     418      1156     1699     1563     1019     994      463      494      333      998      389      1010     61       561      1640     999      886      
10       1562     425      994      581      2072     1063     1135     1854     1463     431      0        253      2001     1141     252      937      873      1407     1574     658      702      769      856      956      736      1299     1661     1231     611      1146     538      862      563      1385     154      1407     412      914      1714     1393     702      
11       1799     431      1113     718      2324     1182     1384     2010     1673     521      253      0        2251     1325     145      1062     1094     1630     1755     778      789      1020     1070     1080     905      1535     1914     1407     735      1379     380      1008     755      1519     401      1531     474      1069     1963     1520     948      
12       595      2093     1716     1764     466      1707     868      1498     962      1936     2001     2251     0        1310     2234     1695     1253     1287     1238     1785     1881     1286     1533     2003     1577     801      519      1730     1987     956      2389     1622     1603     1614     1850     1682     1994     1560     296      1662     1396     
13       718      987      412      626      1622     396      702      736      409      837      1141     1325     1310     0        1387     404      365      1616     432      597      658      945      1353     1766     422      539      1286     1782     1527     435      1284     368      577      409      1006     472      898      295      1034     450      1035     
14       1810     556      1210     803      2278     1279     1372     2091     1715     622      252      145      2234     1387     0        1156     1126     1534     1819     872      897      973      971      943      975      1548     1870     1285     602      1396     525      1091     810      1610     404      1627     584      1148     1951     1615     888      
15       1110     663      62       355      1970     126      978      957      812      541      937      1062     1695     404      1156     0        529      1788     756      284      293      1044     1409     1742     265      900      1604     1853     1448     761      937      113      441      456      838      471      592      143      1409     458      1096     
16       723      850      576      511      1469     605      455      1090     592      691      873      1094     1253     365      1126     529      0        1285     759      536      637      582      988      1404     333      465      1087     1420     1179     303      1153     425      361      757      724      812      752      389      956      791      669      
17       1328     1740     1843     1594     1033     1882     946      2233     1579     1637     1407     1630     1287     1616     1534     1788     1285     0        1880     1668     1773     758      562      855      1535     1223     767      476      1018     1221     1941     1675     1411     2026     1315     2086     1667     1660     1158     2064     750      
18       683      1398     734      1046     1639     684      934      354      318      1256     1574     1755     1238     432      1819     756      759      1880     0        1004     1044     1300     1712     2154     849      665      1385     2119     1939     666      1687     765      1010     429      1438     486      1314     696      1021     472      1404     
19       1231     393      338      86       2001     407      980      1235     995      259      658      778      1785     597      872      284      536      1668     1004     0        108      910      1227     1510     208      987      1610     1667     1199     829      687      239      257      740      572      755      313      309      1490     743      934      
20       1318     374      333      179      2105     399      1085     1249     1063     275      702      789      1881     658      897      293      637      1773     1044     108      0        1015     1323     1589     305      1080     1716     1761     1269     924      644      289      363      741      636      746      315      362      1586     736      1035     
21       976      1018     1102     837      1305     1147     482      1648     1055     897      769      1020     1286     945      973      1044     582      758      1300     910      1015     0        412      867      784      751      896      837      732      657      1259     930      653      1339     637      1392     935      924      1022     1371     121      
22       1338     1221     1470     1145     1430     1521     851      2060     1460     1140     856      1070     1533     1353     971      1409     988      562      1712     1227     1323     412      0        485      1144     1138     1058     444      489      1062     1394     1297     982      1740     783      1790     1161     1303     1310     1770     320      
23       1822     1379     1804     1424     1850     1864     1331     2494     1922     1351     956      1080     2003     1766     943      1742     1404     855      2154     1510     1589     867      485      0        1483     1614     1508     424      347      1525     1456     1638     1301     2125     961      2168     1350     1660     1791     2149     753      
24       1022     572      326      209      1802     382      785      1117     801      418      736      905      1577     422      975      265      333      1535     849      208      305      784      1144     1483     0        778      1417     1588     1200     621      875      155      187      662      615      695      479      184      1282     678      832      
25       263      1316     926      972      1083     925      293      1014     356      1156     1299     1535     801      539      1548     900      465      1223     665      987      1080     751      1138     1614     778      0        757      1505     1471     162      1618     822      825      910      1145     978      1217     761      510      956      870      
26       716      1844     1642     1566     411      1654     632      1710     1068     1699     1661     1914     519      1286     1870     1604     1087     767      1385     1610     1716     896      1058     1508     1417     757      0        1214     1535     855      2118     1508     1382     1667     1521     1735     1750     1461     437      1713     988      
27       1668     1628     1914     1584     1508     1965     1211     2472     1847     1563     1231     1407     1730     1782     1285     1853     1420     476      2119     1667     1761     837      444      424      1588     1505     1214     0        693      1456     1764     1741     1425     2176     1188     2228     1577     1746     1563     2207     760      
28       1707     1036     1510     1114     1916     1574     1214     2264     1741     1019     611      735      1987     1527     602      1448     1179     1018     1939     1199     1269     732      489      347      1200     1471     1535     693      0        1356     1109     1351     1012     1858     633      1895     1013     1382     1741     1877     611      
29       422      1154     793      811      1209     800      278      1021     397      994      1146     1379     956      435      1396     761      303      1221     666      829      924      657      1062     1525     621      162      855      1456     1356     0        1456     675      663      833      993      899      1055     619      661      877      772      
30       1876     304      973      665      2527     1036     1530     1888     1676     463      538      380      2389     1284     525      937      1153     1941     1687     687      644      1259     1394     1456     875      1618     2118     1764     1109     1456     0        923      792      1375     629      1371     402      995      2093     1364     1214     
31       1046     633      172      290      1881     226      878      1002     775      494      862      1008     1622     368      1091     113      425      1675     765      239      289      930      1297     1638     155      822      1508     1741     1351     675      923      0        338      523      753      549      551      73       1332     534      983      
32       1084     491      503      190      1782     564      762      1295     919      333      563      755      1603     577      810      441      361      1411     1010     257      363      653      982      1301     187      825      1382     1425     1012     663      792      338      0        850      433      883      392      371      1306     866      681      
33       1026     1115     408      807      1974     341      1107     515      651      998      1385     1519     1614     409      1610     456      757      2026     429      740      741      1339     1740     2125     662      910      1667     2176     1858     833      1375     523      850      0        1275     68       1048     478      1363     48       1419     
34       1408     441      898      489      1932     965      983      1728     1315     389      154      401      1850     1006     404      838      724      1315     1438     572      636      637      783      961      615      1145     1521     1188     633      993      629      753      433      1275     0        1302     393      798      1562     1287     584      
35       1094     1120     417      826      2043     349      1172     533      719      1010     1407     1531     1682     472      1627     471      812      2086     486      755      746      1392     1790     2168     695      978      1735     2228     1895     899      1371     549      883      68       1302     0        1058     512      1432     22       1469     
36       1474     99       641      271      2155     709      1144     1548     1280     61       412      474      1994     898      584      592      752      1667     1314     313      315      935      1161     1350     479      1217     1750     1577     1013     1055     402      551      392      1048     393      1058     0        619      1698     1047     918      
37       980      702      187      353      1828     222      835      942      703      561      914      1069     1560     295      1148     143      389      1660     696      309      362      924      1303     1660     184      761      1461     1746     1382     619      995      73       371      478      798      512      619      0        1271     495      985      
38       340      1797     1433     1468     618      1428     579      1318     719      1640     1714     1963     296      1034     1951     1409     956      1158     1021     1490     1586     1022     1310     1791     1282     510      437      1563     1741     661      2093     1332     1306     1363     1562     1432     1698     1271     0        1411     1137     
39       1074     1110     406      813      2022     338      1150     534      699      999      1393     1520     1662     450      1615     458      791      2064     472      743      736      1371     1770     2149     678      956      1713     2207     1877     877      1364     534      866      48       1287     22       1047     495      1411     0        1449     
40       1098     993      1156     855      1392     1206     603      1749     1168     886      702      948      1396     1035     888      1096     669      750      1404     934      1035     121      320      753      832      870      988      760      611      772      1214     983      681      1419     584      1469     918      985      1137     1449     0        
;



Table delta(i,j)                 Distance
         0        1        2        3        4        5        6        7        8        9        10       11       12       13       14       15       16       17       18       19       20       21       22       23       24       25       26       27       28       29       30       31       32       33       34       35       36       37       38       39       40       
0        0        1810     4610     3520     6250     7080     7820     5440     7750     2030     3660     2940     7920     3470     3250     5980     5350     5540     5460     4190     4360     1460     3330     4140     6260     6640     3310     5500     5130     4840     3060     2200     5750     4580     4820     3140     4030     5410     2470     5850     4680     
1        1810     0        296      382      805      878      649      585      929      380      413      476      922      170      198      416      666      717      387      238      607      46       426      344      806      558      460      391      344      398      256      383      492      595      645      487      431      715      67       656      482      
2        4610     296      0        648      1053     1091     663      610      1105     634      492      744      1217     229      161      254      962      1011     380      166      833      342      716      270      1052     645      756      97       55       551      490      615      631      763      854      726      690      947      252      928      728      
3        3520     382      648      0        788      928      601      897      1039     471      718      478      604      431      581      647      378      513      490      518      681      344      137      722      791      442      234      746      683      273      168      521      327      769      744      569      50       754      401      279      116      
4        6250     805      1053     788      0        186      1364     731      354      425      663      337      699      973      894      1222     577      402      1162     1042     232      772      660      887      6        1218     565      1126     1108     1036     862      437      1108     393      249      327      816      127      872      813      876      
5        7080     878      1091     928      186      0        1479     666      171      506      645      453      885      1049     929      1287     757      586      1255     1108     271      852      810      888      180      1343     719      1153     1147     1158     979      494      1238     348      237      393      962      175      944      984      1025     
6        7820     649      663      601      1364     1479     0        1216     1558     976      1055     1031     1147     506      741      442      963      1114     287      511      1211     656      739      905      1366     167      834      717      647      331      502      1002     282      1236     1262     1089     595      1305     596      771      564      
7        5440     585      610      897      731      666      1216     0        600      504      179      600      1237     709      481      861      1001     933      932      717      513      598      862      340      727      1141     828      625      655      983      825      441      1077     337      481      493      947      603      625      1115     1012     
8        7750     929      1105     1039     354      171      1558     600      0        584      625      562      1051     1098     945      1322     909      747      1315     1147     358      910      932      874      347      1433     846      1154     1159     1249     1067     555      1333     342      298      475      1078     303      993      1126     1144     
9        2030     380      634      471      425      506      976      504      584      0        353      119      736      549      480      796      497      446      749      617      235      349      391      511      426      848      335      713      689      664      483      62       749      299      286      112      515      337      447      631      583      
10       3660     413      492      718      663      645      1055     179      625      353      0        462      1089     550      341      730      845      797      777      571      431      422      689      248      660      971      662      531      543      808      648      294      902      297      422      373      769      538      459      942      833      
11       2940     476      744      478      337      453      1031     600      562      119      462      0        638      640      594      891      414      335      825      713      206      439      370      630      339      891      291      827      798      706      529      168      784      339      272      118      515      277      541      585      581      
12       7920     922      1217     604      699      885      1147     1237     1051     736      1089     638      0        1021     1109     1250     257      318      1092     1110     783      877      503      1205     705      979      464      1313     1260     853      770      797      869      959      846      750      583      766      965      375      591      
13       3470     170      229      431      973      1049     506      709      1098     549      550      640      1021     0        241      253      773      852      227      88       778      201      518      409      974      447      575      323      255      327      266      554      412      761      816      658      469      886      104      709      502      
14       3250     198      161      581      894      929      741      481      945      480      341      594      1109     241      0        388      851      879      455      236      672      240      620      168      893      688      644      233      217      556      445      457      646      603      692      567      628      786      191      854      678      
15       5980     416      254      647      1222     1287     442      861      1322     796      730      891      1250     253      388      0        1010     1102     202      179      1019     452      753      523      1222     473      820      282      221      450      480      795      501      980      1051     902      675      1129     350      913      690      
16       5350     666      962      378      577      757      963      1001     909      497      845      414      257      773      851      1010     0        188      866      862      591      620      257      949      583      797      207      1058     1006     645      534      560      681      751      659      532      370      606      712      249      400      
17       5540     717      1011     513      402      586      1114     933      747      446      797      335      318      852      879      1102     188      0        982      938      465      672      377      946      408      952      288      1103     1061     786      647      502      835      643      528      440      520      453      773      436      563      
18       5460     387      380      490      1162     1255     287      932      1315     749      777      825      1092     227      455      202      866      982      0        223      983      405      613      618      1164     276      693      444      372      256      335      764      299      982      1027     861      508      1087     326      737      511      
19       4190     238      166      518      1042     1108     511      717      1147     617      571      713      1110     88       236      179      862      938      223      0        839      275      606      395      1043     480      663      250      178      388      352      615      465      806      873      722      555      950      172      795      584      
20       4360     607      833      681      232      271      1211     513      358      235      431      206      783      778      672      1019     591      465      983      839      0        580      577      655      230      1080     495      901      889      895      714      224      978      186      68       122      720      114      674      785      786      
21       1460     46       342      344      772      852      656      598      910      349      422      439      877      201      240      452      620      672      405      275      580      0        381      378      772      554      414      437      389      386      231      358      480      581      622      459      393      686      104      614      447      
22       3330     426      716      137      660      810      739      862      932      391      689      370      503      518      620      753      257      377      613      606      577      381      0        740      664      579      98       813      757      409      278      449      464      688      642      475      155      638      464      253      215      
23       4140     344      270      722      887      888      905      340      874      511      248      630      1205     409      168      523      949      946      618      395      655      378      740      0        885      856      745      288      314      723      600      469      814      543      659      572      771      768      354      985      826      
24       6260     806      1052     791      6        180      1366     727      347      426      660      339      705      974      893      1222     583      408      1164     1043     230      772      664      885      0        1221     568      1125     1108     1038     864      437      1111     389      245      326      819      124      872      817      879      
25       6640     558      645      442      1218     1343     167      1141     1433     848      971      891      979      447      688      473      797      952      276      480      1080     554      579      856      1221     0        676      717      644      184      365      880      116      1123     1134     959      431      1168     517      604      397      
26       3310     460      756      234      565      719      834      828      846      335      662      291      464      575      644      820      207      288      693      663      495      414      98       745      568      676      0        852      801      503      358      396      561      622      563      403      253      548      507      298      311      
27       5500     391      97       746      1126     1153     717      625      1154     713      531      827      1313     323      233      282      1058     1103     444      250      901      437      813      288      1125     717      852      0        73       638      586      690      713      816      917      800      787      1016     349      1025     824      
28       5130     344      55       683      1108     1147     647      655      1159     689      543      798      1260     255      217      221      1006     1061     372      178      889      389      757      314      1108     644      801      73       0        565      521      671      640      818      909      781      723      1003     294      962      757      
29       4840     398      551      273      1036     1158     331      983      1249     664      808      706      853      327      556      450      645      786      256      388      895      386      409      723      1038     184      503      638      565      0        181      698      94       942      950      774      275      983      370      487      262      
30       3060     256      490      168      862      979      502      825      1067     483      648      529      770      266      445      480      534      647      335      352      714      231      278      600      864      365      358      586      521      181      0        517      269      763      769      593      203      805      255      443      238      
31       2200     383      615      521      437      494      1002     441      555      62       294      168      797      554      457      795      560      502      764      615      224      358      449      469      437      880      396      690      671      698      517      0        786      249      263      110      567      335      450      692      635      
32       5750     492      631      327      1108     1238     282      1077     1333     749      902      784      869      412      646      501      681      835      299      465      978      480      464      814      1111     116      561      713      640      94       269      786      0        1032     1035     858      315      1062     462      494      282      
33       4580     595      763      769      393      348      1236     337      342      299      297      339      959      761      603      980      751      643      982      806      186      581      688      543      389      1123     622      816      818      942      763      249      1032     0        144      221      814      265      657      920      882      
34       4820     645      854      744      249      237      1262     481      298      286      422      272      846      816      692      1051     659      528      1027     873      68       622      642      659      245      1134     563      917      909      950      769      263      1035     144      0        176      783      121      711      853      850      
35       3140     487      726      569      327      393      1089     493      475      112      373      118      750      658      567      902      532      440      861      722      122      459      475      572      326      959      403      800      781      774      593      110      858      221      176      0        611      228      554      700      678      
36       4030     431      690      50       816      962      595      947      1078     515      769      515      583      469      628      675      370      520      508      555      720      393      155      771      819      431      253      787      723      275      203      567      315      814      783      611      0        788      446      240      68       
37       5410     715      947      754      127      175      1305     603      303      337      538      277      766      886      786      1129     606      453      1087     950      114      686      638      768      124      1168     548      1016     1003     983      805      335      1062     265      121      228      788      0        782      823      852      
38       2470     67       252      401      872      944      596      625      993      447      459      541      965      104      191      350      712      773      326      172      674      104      464      354      872      517      507      349      294      370      255      450      462      657      711      554      446      782      0        680      491      
39       5850     656      928      279      813      984      771      1115     1126     631      942      585      375      709      854      913      249      436      737      795      785      614      253      985      817      604      298      1025     962      487      443      692      494      920      853      700      240      823      680      0        226      
40       4680     482      728      116      876      1025     564      1012     1144     583      833      581      591      502      678      690      400      563      511      584      786      447      215      826      879      397      311      824      757      262      238      635      282      882      850      678      68       852      491      226      0        
;

