

sets
i        orders          /0*20/
k        routes          /1*20/
p        positions       /0*20/
;

alias(i,j)
alias(i,h)
alias(i,hh)
alias(i,jj)
alias(k,kk)
                            Parameters

rho(i)	Processing time
/
0	0
1	40
2	84
3	42
4	55
5	77
6	45
7	59
8	91
9	66
10	75
11	29
12	11
13	59
14	23
15	31
16	10
17	14
18	40
19	62
20	3
/

gamma(i)	Duedate
/
0	0
1	17
2	60
3	40
4	27
5	42
6	65
7	71
8	45
9	70
10	7
11	40
12	31
13	30
14	12
15	60
16	42
17	75
18	36
19	68
20	67
/

sigma(i)	Size
/
0	0
1	5
2	4
3	9
4	9
5	6
6	3
7	9
8	5
9	8
10	5
11	6
12	5
13	4
14	8
15	7
16	5
17	5
18	9
19	9
20	5
/

epsilon(i)	Priority
/
0	0
1	1
2	6
3	8
4	7
5	3
6	2
7	9
8	9
9	6
10	3
11	5
12	4
13	3
14	8
15	1
16	1
17	1
18	6
19	2
20	2
/

psi	Vehicle Capacity
/ 16 /
;

Table kappa(i,j)                 Setup
         0        1        2        3        4        5        6        7        8        9        10       11       12       13       14       15       16       17       18       19       20       
0        0        30       60       538      596      415      467      346      141      565      601      489      745      320      265      458      338      592      383      353      506      
1        30       0        36       527      604      434      442      319      161      579      572      520      749      326      285      441      310      563      361      362      530      
2        60       36       0        545      586      470      407      285      197      567      542      543      728      308      321      453      300      532      365      346      535      
3        538      527      545      0        1131     478      788      658      481      1102     755      873      1272     853      477      132      396      777      249      889      1010     
4        596      604      586      1131     0        922      603      620      695      127      833      650      163      278      784      1037     833      797      939      243      372      
5        415      434      470      478      922      0        871      739      274      845      961      441      1084     678      151      507      603      963      531      693      666      
6        467      442      407      788      603      871      0        137      603      667      229      900      667      435      726      659      393      195      540      477      778      
7        346      319      285      658      620      739      137      0        476      660      269      808      714      399      598      531      269      252      413      445      726      
8        141      161      197      481      695      274      603      476      0        643      718      429      852      429      124      435      402      713      394      454      528      
9        565      579      567      1102     127      845      667      660      643      0        895      536      272      272      717      1020     842      863      932      227      250      
10       601      572      542      755      833      961      229      269      718      895      0        1076     891      652      833      623      380      40       514      696      990      
11       489      520      543      873      650      441      900      808      429      536      1076     0        807      518      396      854      820      1060     823      502      294      
12       745      749      728      1272     163      1084     667      714      852      272      891      807      0        425      945      1172     951      853      1068     398      521      
13       320      326      308      853      278      678      435      399      429      272      652      518      425      0        531      760      570      625      665      46       344      
14       265      285      321      477      784      151      726      598      124      717      833      396      945      531      0        465      495      831      454      549      564      
15       458      441      453      132      1037     507      659      531      435      1020     623      854      1172     760      465      0        266      644      118      800      954      
16       338      310      300      396      833      603      393      269      402      842      380      820      951      570      495      266      0        394      147      614      835      
17       592      563      532      777      797      963      195      252      713      863      40       1060     853      625      831      644      394      0        532      668      964      
18       383      361      365      249      939      531      540      413      394      932      514      823      1068     665      454      118      147      532      0        707      888      
19       353      362      346      889      243      693      477      445      454      227      696      502      398      46       549      800      614      668      707      0        306      
20       506      530      535      1010     372      666      778      726      528      250      990      294      521      344      564      954      835      964      888      306      0        
;



Table delta(i,j)                 Distance
         0        1        2        3        4        5        6        7        8        9        10       11       12       13       14       15       16       17       18       19       20       
0        0        690      460      770      930      650      420      660      590      560      780      590      440      580      790      970      550      320      990      180      430      
1        690      0        30       72       61       13       64       3        50       20       57       12       26       29       33       28       36       62       79       73       95       
2        460      30       0        81       81       20       60       28       26       10       71       26       8        40       56       52       13       32       95       56       82       
3        770      72       81       0        30       81       35       69       107      81       19       62       72       43       45       93       94       97       25       62       63       
4        930      61       81       30       0        74       57       60       107      77       15       56       73       41       28       75       93       105      19       83       89       
5        650      13       20       81       74       0        68       14       37       9        68       19       21       37       46       32       23       51       91       72       96       
6        420      64       60       35       57       68       0        61       83       64       42       52       52       38       54       92       73       66       59       27       34       
7        660      3        28       69       60       14       61       0        50       19       54       8        24       26       32       31       36       60       77       70       92       
8        590      50       26       107      107      37       83       50       0        30       98       51       35       66       81       64       14       30       122      74       100      
9        560      20       10       81       77       9        64       19       30       0        69       21       13       38       50       42       16       42       93       65       89       
10       780      57       71       19       15       68       42       54       98       69       0        48       63       31       27       76       84       93       24       68       75       
11       590      12       26       62       56       19       52       8        51       21       48       0        20       18       29       40       37       56       72       61       83       
12       440      26       8        72       73       21       52       24       35       13       63       20       0        31       48       53       22       36       87       51       76       
13       580      29       40       43       41       37       38       26       66       38       31       18       31       0        21       54       53       64       55       54       72       
14       790      33       56       45       28       46       54       32       81       50       27       29       48       21       0        49       66       84       46       74       89       
15       970      28       52       93       75       32       92       31       64       42       76       40       53       54       49       0        53       84       94       101      124      
16       550      36       13       94       93       23       73       36       14       16       84       37       22       53       66       53       0        32       108      67       93       
17       320      62       32       97       105      51       66       60       30       42       93       56       36       64       84       84       32       0        117      49       75       
18       990      79       95       25       19       91       59       77       122      93       24       72       87       55       46       94       108      117      0        86       88       
19       180      73       56       62       83       72       27       70       74       65       68       61       51       54       74       101      67       49       86       0        26       
20       430      95       82       63       89       96       34       92       100      89       75       83       76       72       89       124      93       75       88       26       0        
;

