

sets
i        orders          /0*20/
k        routes          /1*20/
p        positions       /0*20/
;

alias(i,j)
alias(i,h)
alias(i,hh)
alias(i,jj)
alias(k,kk)
                            Parameters

rho(i)	Processing time
/
0	0
1	87
2	25
3	73
4	66
5	93
6	6
7	70
8	1
9	38
10	67
11	84
12	57
13	15
14	58
15	9
16	97
17	75
18	37
19	99
20	53
/

gamma(i)	Duedate
/
0	0
1	29
2	5
3	69
4	44
5	61
6	26
7	91
8	90
9	30
10	47
11	2
12	25
13	94
14	41
15	52
16	53
17	87
18	32
19	18
20	6
/

sigma(i)	Size
/
0	0
1	3
2	3
3	5
4	9
5	4
6	8
7	1
8	1
9	9
10	2
11	8
12	7
13	4
14	2
15	2
16	6
17	8
18	3
19	5
20	2
/

epsilon(i)	Priority
/
0	0
1	8
2	2
3	5
4	1
5	9
6	8
7	4
8	6
9	3
10	5
11	5
12	1
13	2
14	2
15	5
16	6
17	6
18	6
19	3
20	5
/

psi	Vehicle Capacity
/ 108 /
;

Table kappa(i,j)                 Setup
         0        1        2        3        4        5        6        7        8        9        10       11       12       13       14       15       16       17       18       19       20       
0        0        1432     148      1099     1892     2072     1791     705      1319     745      1461     1042     325      1917     352      713      1949     789      1525     1318     1240     
1        1432     0        1285     434      551      738      480      998      878      701      683      495      1207     618      1149     1333     663      715      344      1246     476      
2        148      1285     0        960      1743     1932     1651     614      1217     596      1341     894      253      1779     256      689      1811     656      1377     1252     1095     
3        1099     434      960      0        984      973      692      570      550      479      483      505      828      818      775      900      850      317      715      869      651      
4        1892     551      1743     984      0        805      711      1542     1397     1148     1162     854      1711     790      1650     1879     831      1246     373      1776     687      
5        2072     738      1932     973      805      0        282      1483     1033     1396     761      1232     1795     159      1744     1765     143      1286     948      1391     1196     
6        1791     480      1651     692      711      282      0        1217     826      1115     554      965      1518     140      1466     1512     183      1008     746      1204     953      
7        705      998      614      570      1542     1483     1217     0        616      587      787      850      380      1324     359      338      1347     308      1233     655      1061     
8        1319     878      1217     550      1397     1033     826      616      0        949      273      1052     995      884      968      792      890      637      1213     384      1199     
9        745      701      596      479      1148     1396     1115     587      949      0        953      313      586      1251     525      891      1289     331      785      1164     528      
10       1461     683      1341     483      1162     761      554      787      273      953      0        972      1148     611      1110     1025     618      699      1027     650      1077     
11       1042     495      894      505      854      1232     965      850      1052     313      972      0        900      1106     839      1176     1149     550      483      1340     217      
12       325      1207     253      828      1711     1795     1518     380      995      586      1148     900      0        1637     61       444      1666     511      1361     1002     1115     
13       1917     618      1779     818      790      159      140      1324     884      1251     611      1106     1637     0        1587     1607     46       1130     869      1250     1090     
14       352      1149     256      775      1650     1744     1466     359      968      525      1110     839      61       1587     0        472      1616     458      1299     998      1054     
15       713      1333     689      900      1879     1765     1512     338      792      891      1025     1176     444      1607     472      0        1624     645      1571     647      1390     
16       1949     663      1811     850      831      143      183      1347     890      1289     618      1149     1666     46       1616     1624     0        1160     915      1250     1135     
17       789      715      656      317      1246     1286     1008     308      637      331      699      550      511      1130     458      645      1160     0        927      832      756      
18       1525     344      1377     715      373      948      746      1233     1213     785      1027     483      1361     869      1299     1571     915      927      0        1570     318      
19       1318     1246     1252     869      1776     1391     1204     655      384      1164     650      1340     1002     1250     998      647      1250     832      1570     0        1514     
20       1240     476      1095     651      687      1196     953      1061     1199     528      1077     217      1115     1090     1054     1390     1135     756      318      1514     0        
;



Table delta(i,j)                 Distance
         0        1        2        3        4        5        6        7        8        9        10       11       12       13       14       15       16       17       18       19       20       
0        0        418      161      249      358      90       28       82       238      26       284      16       389      389      194      214      128      375      297      72       119      
1        418      0        278      667      113      328      389      401      635      427      134      433      289      508      385      622      533      702      526      429      298      
2        161      278      0        402      253      78       136      189      399      161      146      177      356      451      132      375      258      520      398      152      78       
3        249      667      402      0        602      339      277      283      125      242      534      234      598      502      373      89       152      308      375      255      368      
4        358      113      253      602      0        276      330      323      554      373      120      371      180      394      380      547      483      602      419      388      242      
5        90       328      78       339      276      0        63       111      324      99       194      106      337      393      167      303      207      441      326      113      35       
6        28       389      136      277      330      63       0        76       262      46       256      43       367      382      187      240      154      391      298      82       90       
7        82       401      189      283      323      111      76       0        233      108      276      81       322      308      262      224      195      331      222      154      118      
8        238      635      399      125      554      324      262      233      0        245      508      222      515      388      412      44       206      189      258      278      344      
9        26       427      161      242      373      99       46       108      245      0        293      32       413      416      176      216      109      392      322      47       132      
10       284      134      146      534      120      194      256      276      508      293      0        300      274      444      264      492      398      593      433      295      166      
11       16       433      177      234      371      106      43       81       222      32       300      0        396      386      207      197      118      362      290      79       134      
12       389      289      356      598      180      337      367      322      515      413      274      396      0        241      488      523      515      506      309      445      305      
13       389      508      451      502      394      393      382      308      388      416      444      386      241      0        560      414      484      303      129      462      375      
14       194      385      132      373      380      167      187      262      412      176      264      207      488      560      0        377      221      568      485      134      191      
15       214      622      375      89       547      303      240      224      44       216      492      197      523      414      377      0        165      233      286      245      326      
16       128      533      258      152      483      207      154      195      206      109      398      118      515      484      221      165      0        385      372      106      241      
17       375      702      520      308      602      441      391      331      189      392      593      362      506      303      568      233      385      0        196      435      449      
18       297      526      398      375      419      326      298      222      258      322      433      290      309      129      485      286      372      196      0        369      319      
19       72       429      152      255      388      113      82       154      278      47       295      79       445      462      134      245      106      435      369      0        148      
20       119      298      78       368      242      35       90       118      344      132      166      134      305      375      191      326      241      449      319      148      0        
;

