

sets
i        orders          /0*20/
k        routes          /1*20/
p        positions       /0*20/
;

alias(i,j)
alias(i,h)
alias(i,hh)
alias(i,jj)
alias(k,kk)
                            Parameters

rho(i)	Processing time
/
0	0
1	63
2	46
3	47
4	16
5	94
6	6
7	46
8	40
9	53
10	56
11	75
12	13
13	14
14	57
15	59
16	66
17	53
18	90
19	55
20	32
/

gamma(i)	Duedate
/
0	0
1	5
2	22
3	70
4	93
5	16
6	19
7	57
8	21
9	21
10	88
11	91
12	99
13	6
14	60
15	83
16	16
17	62
18	90
19	95
20	72
/

sigma(i)	Size
/
0	0
1	5
2	5
3	5
4	1
5	9
6	4
7	6
8	2
9	5
10	6
11	6
12	8
13	3
14	3
15	8
16	4
17	6
18	5
19	5
20	1
/

epsilon(i)	Priority
/
0	0
1	2
2	1
3	1
4	8
5	8
6	9
7	9
8	5
9	9
10	5
11	1
12	4
13	3
14	7
15	6
16	5
17	5
18	4
19	6
20	4
/

psi	Vehicle Capacity
/ 43 /
;

Table kappa(i,j)                 Setup
         0        1        2        3        4        5        6        7        8        9        10       11       12       13       14       15       16       17       18       19       20       
0        0        1216     1595     1338     517      1598     1646     1182     1523     324      956      563      513      168      682      608      1162     1045     692      233      1044     
1        1216     0        448      161      717      512      455      80       1012     1265     743      1551     728      1080     1684     1643     172      1843     858      1174     1647     
2        1595     448      0        449      1131     117      449      521      1351     1580     1182     1839     1144     1478     1962     1935     435      2290     1089     1588     1805     
3        1338     161      449      0        828      542      310      157      920      1409     747      1700     836      1194     1833     1790     326      1890     1017     1276     1808     
4        517      717      1131     828      0        1155     1133     675      1104     669      540      972      18       366      1107     1047     698      1222     583      458      1280     
5        1598     512      117      542      1155     0        566      590      1456     1559     1255     1806     1170     1491     1927     1904     459      2338     1052     1608     1739     
6        1646     455      449      310      1133     566      0        467      973      1718     972      2007     1140     1499     2139     2097     589      2139     1308     1575     2088     
7        1182     80       521      157      675      590      467      0        938      1252     664      1544     684      1041     1677     1633     234      1775     872      1127     1668     
8        1523     1012     1351     920      1104     1456     973      938      0        1759     573      2056     1095     1357     2187     2120     1170     1480     1618     1333     2377     
9        324      1265     1580     1409     669      1559     1718     1252     1759     0        1187     303      674      442      438      384      1170     1354     532      552      720      
10       956      743      1182     747      540      1255     972      664      573      1187     0        1483     528      788      1614     1547     843      1168     1091     781      1820     
11       563      1551     1839     1700     972      1806     2007     1544     2056     303      1483     0        977      714      135      98       1444     1495     754      793      571      
12       513      728      1144     836      18       1170     1140     684      1095     674      528      977      0        359      1111     1051     712      1204     600      446      1292     
13       168      1080     1478     1194     366      1491     1499     1041     1357     442      788      714      359      0        839      767      1042     1015     675      151      1153     
14       682      1684     1962     1833     1107     1927     2139     1677     2187     438      1614     135      1111     839      0        79       1573     1565     874      908      558      
15       608      1643     1935     1790     1047     1904     2097     1633     2120     384      1547     98       1051     767      79       0        1538     1487     852      831      617      
16       1162     172      435      326      698      459      589      234      1170     1170     843      1444     712      1042     1573     1538     0        1882     722      1154     1498     
17       1045     1843     2290     1890     1222     2338     2139     1775     1480     1354     1168     1495     1204     1015     1565     1487     1882     0        1690     864      2050     
18       692      858      1089     1017     583      1052     1308     872      1618     532      1091     754      600      675      874      852      722      1690     0        827      797      
19       233      1174     1588     1276     458      1608     1575     1127     1333     552      781      793      446      151      908      831      1154     864      827      0        1272     
20       1044     1647     1805     1808     1280     1739     2088     1668     2377     720      1820     571      1292     1153     558      617      1498     2050     797      1272     0        
;



Table delta(i,j)                 Distance
         0        1        2        3        4        5        6        7        8        9        10       11       12       13       14       15       16       17       18       19       20       
0        0        417      332      236      461      321      332      180      390      145      176      276      407      217      145      73       253      121      397      348      137      
1        417      0        95       634      264      265      486      326      430      326      272      367      280      341      288      386      414      515      120      153      285      
2        332      95       0        559      306      258      457      231      423      231      177      276      300      298      196      294      321      424      89       83       197      
3        236      634      559      0        605      464      341      410      445      379      413      493      540      339      381      301      455      223      630      583      371      
4        461      264      306      605      0        143      328      474      229      452      408      556      67       268      402      473      585      582      376      389      386      
5        321      265      258      464      143      0        227      362      167      335      299      457      85       125      285      342      475      443      345      337      265      
6        332      486      457      341      328      227      0        466      113      429      420      572      264      164      392      392      568      433      547      525      370      
7        180      326      231      410      474      362      466      0        489      38       65       106      439      312      79       109      112      219      261      206      100      
8        390      430      423      445      229      167      113      489      0        455      432      591      170      179      410      436      598      503      512      501      388      
9        145      326      231      379      452      335      429      38       455      0        54       143      414      277      50       78       143      200      274      220      69       
10       176      272      177      413      408      299      420      65       432      54       0        159      374      260      33       122      177      249      225      174      51       
11       276      367      276      493      556      457      572      106      591      143      159      0        529      417      182      202      58       281      271      220      204      
12       407      280      300      540      67       85       264      439      170      414      374      529      0        204      363      426      552      528      381      384      345      
13       217      341      298      339      268      125      164      312      179      277      260      417      204      0        234      257      420      336      387      362      212      
14       145      288      196      381      402      285      392      79       410      50       33       182      363      234      0        98       191      228      252      203      21       
15       73       386      294      301      473      342      392      109      436      78       122      202      426      257      98       0        181      129      347      295      101      
16       253      414      321      455      585      475      568      112      598      143      177      58       552      420      191      181      0        235      325      272      212      
17       121      515      424      223      582      443      433      219      503      200      249      281      528      336      228      129      235      0        474      421      230      
18       397      120      89       630      376      345      547      261      512      274      225      271      381      387      252      347      325      474      0        54       259      
19       348      153      83       583      389      337      525      206      501      220      174      220      384      362      203      295      272      421      54       0        212      
20       137      285      197      371      386      265      370      100      388      69       51       204      345      212      21       101      212      230      259      212      0        
;

