
sets
i        orders          /0*40/
k        routes          /1*40/
p        positions       /0*40/
;

alias(i,j)
alias(i,h)
alias(i,hh)
alias(i,jj)
alias(k,kk)
                
                    Parameters

rho(i)	Processing time
/
0	0
1	83
2	26
3	42
4	97
5	81
6	59
7	43
8	49
9	69
10	75
11	21
12	85
13	63
14	52
15	16
16	73
17	94
18	5
19	60
20	75
21	59
22	27
23	90
24	20
25	90
26	66
27	94
28	74
29	83
30	73
31	2
32	90
33	59
34	77
35	53
36	97
37	76
38	30
39	50
40	66
/

gamma(i)	Duedate
/
0	0
1	11
2	57
3	36
4	79
5	13
6	68
7	45
8	51
9	34
10	41
11	64
12	7
13	22
14	60
15	28
16	76
17	68
18	41
19	72
20	11
21	73
22	37
23	52
24	37
25	10
26	71
27	73
28	8
29	28
30	74
31	53
32	12
33	28
34	52
35	40
36	26
37	99
38	2
39	64
40	78
/

sigma(i)	Size
/
0	0
1	4
2	4
3	6
4	4
5	5
6	6
7	6
8	3
9	3
10	4
11	7
12	1
13	3
14	5
15	2
16	6
17	3
18	7
19	5
20	3
21	5
22	6
23	4
24	3
25	2
26	4
27	9
28	3
29	1
30	8
31	7
32	3
33	9
34	8
35	5
36	1
37	1
38	3
39	6
40	5
/

epsilon(i)	Priority
/
0	0
1	7
2	5
3	4
4	2
5	5
6	9
7	1
8	7
9	3
10	8
11	9
12	5
13	4
14	5
15	4
16	7
17	6
18	2
19	5
20	3
21	5
22	8
23	4
24	8
25	2
26	7
27	6
28	8
29	3
30	7
31	1
32	2
33	7
34	8
35	1
36	5
37	2
38	5
39	8
40	2
/

psi	Vehicle Capacity
/ 33 /
;

Table kappa(i,j)                 Setup
         0        1        2        3        4        5        6        7        8        9        10       11       12       13       14       15       16       17       18       19       20       21       22       23       24       25       26       27       28       29       30       31       32       33       34       35       36       37       38       39       40       
0        0        233      989      499      863      1133     860      529      302      724      383      1030     1135     235      512      1139     382      251      710      319      951      958      425      1210     1261     1037     834      598      454      339      304      532      217      481      816      887      307      274      577      731      1120     
1        233      0        794      448      660      908      671      370      70       495      329      840      901      259      393      908      399      262      488      107      721      767      526      981      1115     898      624      418      289      206      107      497      188      587      624      683      137      216      543      593      921      
2        989      794      0        1133     140      800      131      917      749      622      680      54       556      816      1003     430      1154     799      689      786      351      38       954      762      437      334      805      392      879      653      811      668      787      988      901      865      682      737      666      358      132      
3        499      448      1133     0        993      894      1030     239      442      594      776      1185     1019     677      146      1087     151      686      537      384      931      1116     918      1004     1513     1309     567      816      254      653      364      944      618      977      491      586      580      658      991      1017     1244     
4        863      660      140      993      0        725      80       778      613      496      581      192      514      705      864      416      1015     689      562      648      281      126      870      707      556      409      688      277      739      534      673      598      669      910      779      750      555      622      605      313      261      
5        1133     908      800      894      725      0        805      677      838      415      1084     845      282      1122     756      428      1013     1115     422      813      450      817      1376     123      1225     1128     327      838      719      956      829      1191     1053     1432     407      311      914      1041     1218     1000     821      
6        860      671      131      1030     80       805      0        824      630      561      550      170      592      685      906      489      1041     668      625      671      361      98       828      787      496      334      758      262      779      523      695      547      657      865      845      822      555      606      549      247      263      
7        529      370      917      239      778      677      824      0        328      354      684      971      781      630      93       848      337      633      298      268      694      904      895      780      1317     1125     350      641      81       543      263      846      558      957      300      385      470      581      890      851      1022     
8        302      70       749      442      613      838      630      328      0        425      356      797      832      313      365      842      417      312      419      61       657      725      581      910      1090     877      558      388      248      219      77       521      239      642      563      618      144      255      566      578      875      
9        724      495      622      594      496      415      561      354      425      0        682      677      437      708      447      493      675      702      68       406      345      619      966      486      1052     892      204      481      360      547      425      806      638      1024     284      273      501      628      839      679      706      
10       383      329      680      776      581      1084     550      684      356      682      0        711      990      154      719      947      708      136      704      417      764      645      302      1126     889      663      861      308      604      144      428      168      172      353      891      928      214      120      214      366      811      
11       1030     840      54       1185     192      845      170      971      797      677      711      0        594      850      1056     462      1205     833      744      835      399      72       976      802      385      301      859      432      932      692      860      686      825      1007     956      918      725      773      681      372      105      
12       1135     901      556      1019     514      282      592      781      832      437      990      594      0        1066     872      147      1111     1054     484      828      240      579      1293     210      962      890      481      701      796      886      849      1063     1005     1344     586      503      865      978      1082     820      553      
13       235      259      816      677      705      1122     685      630      313      708      154      850      1066     0        646      1040     589      18       716      365      853      782      268      1179     1043     818      864      428      548      181      366      297      73       329      876      927      207      87       342      518      948      
14       512      393      1003     146      864      756      906      93       365      447      719      1056     872      646      0        941      259      652      390      303      787      988      905      863      1396     1199     428      710      130      584      291      886      579      966      362      454      510      609      931      917      1110     
15       1139     908      430      1087     416      428      489      848      842      493      947      462      147      1040     941      0        1163     1027     552      849      188      458      1248     355      820      763      585      644      849      859      872      998      987      1295     693      619      850      953      1011     729      412      
16       382      399      1154     151      1015     1013     1041     337      417      675      708      1205     1111     589      259      1163     0        601      627      370      995      1133     807      1118     1507     1294     686      805      315      604      346      874      539      864      622      714      536      588      921      992      1274     
17       251      262      799      686      689      1115     668      633      312      702      136      833      1054     18       652      1027     601      0        712      366      840      765      270      1170     1025     800      861      412      551      169      369      281      74       330      875      924      200      76       327      500      931      
18       710      488      689      537      562      422      625      298      419      68       704      744      484      716      390      552      627      712      0        391      412      686      979      507      1118     955      158      529      314      565      406      838      645      1039     222      227      512      641      873      732      775      
19       319      107      786      384      648      813      671      268      61       406      417      835      828      365      303      849      370      366      391      0        667      763      633      892      1139     929      521      438      188      280      25       582      292      694      517      578      206      313      627      633      908      
20       951      721      351      931      281      450      361      694      657      345      764      399      240      853      787      188      995      840      412      667      0        367      1066     426      784      678      487      466      685      671      691      826      798      1115     592      538      661      765      843      580      393      
21       958      767      38       1116     126      817      98       904      725      619      645      72       579      782      988      458      1133     765      686      763      367      0        916      784      433      312      807      361      863      621      788      630      755      950      901      868      653      704      628      319      166      
22       425      526      954      918      870      1376     828      895      581      966      302      976      1293     268      905      1248     807      270      979      633      1066     916      0        1424     1076     859      1130     606      814      419      633      294      342      61       1145     1194     467      338      314      606      1081     
23       1210     981      762      1004     707      123      787      780      910      486      1126     802      210      1179     863      355      1118     1170     507      892      426      784      1424     0        1172     1096     436      859      816      1006     910      1219     1113     1478     524      429      972      1095     1242     1001     764      
24       1261     1115     437      1513     556      1225     496      1317     1090     1052     889      385      962      1043     1396     820      1507     1025     1118     1139     784      433      1076     1172     0        225      1241     701      1267     929      1162     791      1043     1087     1334     1301     983      987      763      530      408      
25       1037     898      334      1309     409      1128     334      1125     877      892      663      301      890      818      1199     763      1294     800      955      929      678      312      859      1096     225      0        1091     492      1069     707      952      569      819      874      1176     1156     764      762      544      307      378      
26       834      624      805      567      688      327      758      350      558      204      861      859      481      864      428      585      686      861      158      521      487      807      1130     436      1241     1091     0        684      398      720      531      996      792      1190     107      69       663      792      1032     884      875      
27       598      418      392      816      277      838      262      641      388      481      308      432      701      428      710      644      805      412      529      438      466      361      606      859      701      492      684      0        580      261      461      362      395      651      747      753      295      346      383      211      524      
28       454      289      879      254      739      719      779      81       248      360      604      932      796      548      130      849      315      551      314      188      685      863      814      816      1267     1069     398      580      0        465      182      768      477      875      364      442      391      500      812      787      990      
29       339      206      653      653      534      956      523      543      219      547      144      692      886      181      584      859      604      169      565      280      671      621      419      1006     929      707      720      261      465      0        294      303      135      477      748      786      74       94       347      399      785      
30       304      107      811      364      673      829      695      263      77       425      428      860      849      366      291      872      346      369      406      25       691      788      633      910      1162     952      531      461      182      294      0        594      295      694      523      587      220      320      639      654      934      
31       532      497      668      944      598      1191     547      846      521      806      168      686      1063     297      886      998      874      281      838      582      826      630      294      1219     791      569      996      362      768      303      594      0        335      321      1037     1065     376      287      46       314      791      
32       217      188      787      618      669      1053     657      558      239      638      172      825      1005     73       579      987      539      74       645      292      798      755      342      1113     1043     819      792      395      477      135      295      335      0        403      803      854      141      56       381      513      919      
33       481      587      988      977      910      1432     865      957      642      1024     353      1007     1344     329      966      1295     864      330      1039     694      1115     950      61       1478     1087     874      1190     651      875      477      694      321      403      0        1205     1254     526      398      333      635      1113     
34       816      624      901      491      779      407      845      300      563      284      891      956      586      876      362      693      622      875      222      517      592      901      1145     524      1334     1176     107      747      364      748      523      1037     803      1205     0        96       684      811      1075     953      977      
35       887      683      865      586      750      311      822      385      618      273      928      918      503      927      454      619      714      924      227      578      538      868      1194     429      1301     1156     69       753      442      786      587      1065     854      1254     96       0        728      856      1101     952      929      
36       307      137      682      580      555      914      555      470      144      501      214      725      865      207      510      850      536      200      512      206      661      653      467      972      983      764      663      295      391      74       220      376      141      526      684      728      0        128      421      458      813      
37       274      216      737      658      622      1041     606      581      255      628      120      773      978      87       609      953      588      76       641      313      765      704      338      1095     987      762      792      346      500      94       320      287      56       398      811      856      128      0        334      457      869      
38       577      543      666      991      605      1218     549      890      566      839      214      681      1082     342      931      1011     921      327      873      627      843      628      314      1242     763      544      1032     383      812      347      639      46       381      333      1075     1101     421      334      0        308      786      
39       731      593      358      1017     313      1000     247      851      578      679      366      372      820      518      917      729      992      500      732      633      580      319      606      1001     530      307      884      211      787      399      654      314      513      635      953      952      458      457      308      0        478      
40       1120     921      132      1244     261      821      263      1022     875      706      811      105      553      948      1110     412      1274     931      775      908      393      166      1081     764      408      378      875      524      990      785      934      791      919      1113     977      929      813      869      786      478      0        
;



Table delta(i,j)                 Distance
         0        1        2        3        4        5        6        7        8        9        10       11       12       13       14       15       16       17       18       19       20       21       22       23       24       25       26       27       28       29       30       31       32       33       34       35       36       37       38       39       40       
0        0        3300     1560     2160     2040     2340     3460     5680     5240     4160     2340     3500     3080     5880     1040     1160     3200     2860     6120     6620     3100     5400     760      5860     4140     2760     2920     840      5480     3560     940      3300     3380     4700     3500     4360     3260     4000     3000     4160     2060     
1        3300     0        227      244      267      49       330      382      304      336      65       332      30       404      113      144      268      305      406      423      318      379      135      402      140      49       116      166      285      119      176      317      269      237      88       106      273      354      41       347      110      
2        1560     227      0        144      82       178      102      213      217      131      167      166      209      220      117      135      95       125      233      260      133      196      93       219      224      189      167      114      242      256      51       167      106      213      210      252      95       127      202      130      134      
3        2160     244      144      0        86       204      191      353      358      261      214      97       244      354      149      99       239      91       371      399      103      332      145      354      314      233      253      81       377      199      147      77       250      340      277      319      239      217      242      249      210      
4        2040     267      82       86       0        220      104      273      296      178      219      84       257      271      155      137      169      44       289      319      55       250      138      271      297      241      237      111      324      259      114      85       181      295      273      316      167      131      252      164      197      
5        2340     49       178      204      220      0        280      341      273      289      27       288      39       361      65       105      223      259      365      383      272      336      86       359      135      32       91       123      262      126      127      274      226      215      85       119      228      305      38       299      69       
6        3460     330      102      191      104      280      0        187      248      91       269      152      311      176      219      225      122      117      198      229      115      159      195      178      314      291      262      200      288      349      154      168      133      274      307      349      117      27       304      66       233      
7        5680     382      213      353      273      341      187      0        124      97       317      338      354      35       303      342      124      300      25       46       300      31       279      31       292      333      271      325      176      451      240      351      117      196      317      345      121      175      343      122      272      
8        5240     304      217      358      296      273      248      124      0        169      246      377      273      159      258      312      130      335      145      145      340      145      240      156      187      255      187      304      52       397      215      382      118      78       224      242      133      248      263      199      205      
9        4160     336      131      261      178      289      91       97       169      0        270      241      311      92       238      266      72       203      110      141      203      71       213      92       281      290      242      245      216      384      170      254      76       214      290      326      66       82       302      30       227      
10       2340     65       167      214      219      27       269      317      246      270      0        292      42       338      66       119      202      260      342      359      272      314      81       336      111      22       64       132      234      154      116      280      204      187      65       104      207      292      34       282      45       
11       3500     332      166      97       84       288      152      338      377      241      292      0        327      329      225      190      247      41       350      381      38       311      213      330      378      313      317      166      407      296      196      24       259      379      350      393      244      172      323      219      276      
12       3080     30       209      244      257      39       311      354      273      311      42       327      0        376      102      144      242      297      378      394      310      352      120      374      112      21       86       163      255      143      158      314      243      207      60       85       247      335      10       324      84       
13       5880     404      220      354      271      361      176      35       159      92       338      329      376      0        318      352      138      293      25       55       291      24       293      3        322      355      297      334      211      466      252      344      135      229      344      373      134      159      366      110      293      
14       1040     113      117      149      155      65       219      303      258      238      66       225      102      318      0        61       179      195      326      348      208      293      25       317      166      87       108      68       259      148      68       214      185      216      128      170      183      244      98       244      66       
15       1160     144      135      99       137      105      225      342      312      266      119      190      144      352      61       0        218      168      364      388      181      328      72       351      226      136      168      26       318      124      102      173      225      275      184      223      220      252      144      264      127      
16       3200     268      95       239      169      223      122      124      130      72       202      247      242      138      179      218      0        205      146      170      210      114      155      137      209      221      170      202      166      328      115      254      12       152      218      254      6        130      232      93       158      
17       2860     305      125      91       44       259      117      300      335      203      260      41       297      293      195      168      205      0        313      344      13       274      180      294      341      282      281      143      365      284      158      51       217      338      316      359      203      140      293      183      241      
18       6120     406      233      371      289      365      198      25       145      110      342      350      378      25       326      364      146      313      0        31       312      39       302      22       317      357      296      346      197      474      262      364      141      219      342      370      143      182      368      131      296      
19       6620     423      260      399      319      383      229      46       145      141      359      381      394      55       348      388      170      344      31       0        343      70       324      53       325      373      310      372      194      496      286      395      163      222      354      379      168      213      383      162      314      
20       3100     318      133      103      55       272      115      300      340      203      272      38       310      291      208      181      210      13       312      343      0        273      192      292      352      294      292      156      372      297      169      53       222      346      328      371      207      136      306      181      252      
21       5400     379      196      332      250      336      159      31       145      71       314      311      352      24       293      328      114      274      39       70       273      0        269      23       301      331      274      310      198      441      228      325      110      211      321      351      110      145      342      92       269      
22       760      135      93       145      138      86       195      279      240      213      81       213      120      293      25       72       155      180      302      324      192      269      0        292      169      103      108      70       246      172      43       204      161      204      137      180      159      220      114      219      65       
23       5860     402      219      354      271      359      178      31       156      92       336      330      374      3        317      351      137      294      22       53       292      23       292      0        319      353      294      333      208      465      251      345      133      226      341      371      133      161      364      111      291      
24       4140     140      224      314      297      135      314      292      187      281      111      378      112      322      166      226      209      341      317      325      352      301      169      319      0        103      61       235      155      256      182      371      204      110      52       55       215      330      104      302      103      
25       2760     49       189      233      241      32       291      333      255      290      22       313      21       355      87       136      221      282      357      373      294      331      103      353      103      0        68       151      239      153      138      301      221      191      53       87       226      314      12       303      62       
26       2920     116      167      253      237      91       262      271      187      242      64       317      86       297      108      168      170      281      296      310      292      274      108      294      61       68       0        175      171      218      123      310      168      123      48       86       176      281      75       259      43       
27       840      166      114      81       111      123      200      325      304      245      132      166      163      334      68       26       202      143      346      372      156      310      70       333      235      151      175      0        314      149      89       151      211      274      196      237      204      228      161      243      132      
28       5480     285      242      377      324      262      288      176      52       216      234      407      255      211      259      318      166      365      197      194      372      198      246      208      155      239      171      314      0        389      230      409      155      47       200      209      171      292      245      245      199      
29       3560     119      256      199      259      126      349      451      397      384      154      296      143      466      148      124      328      284      474      496      297      441      172      465      256      153      218      149      389      0        214      276      333      341      203      225      331      376      151      386      192      
30       940      176      51       147      114      127      154      240      215      170      116      196      158      252      68       102      115      158      262      286      169      228      43       251      182      138      123      89       230      214      0        191      123      193      161      205      118      178      150      175      85       
31       3300     317      167      77       85       274      168      351      382      254      280      24       314      344      214      173      254      51       364      395      53       325      204      345      371      301      310      151      409      276      191      0        266      379      341      383      252      190      311      234      268      
32       3380     269      106      250      181      226      133      117      118      76       204      259      243      135      185      225      12       217      141      163      222      110      161      133      204      221      168      211      155      333      123      266      0        142      216      250      16       140      233      100      159      
33       4700     237      213      340      295      215      274      196      78       214      187      379      207      229      216      275      152      338      219      222      346      211      204      226      110      191      123      274      47       341      193      379      142      0        152      165      158      282      197      241      153      
34       3500     88       210      277      273      85       307      317      224      290      65       350      60       344      128      184      218      316      342      354      328      321      137      341      52       53       48       196      200      203      161      341      216      152      0        43       224      327      51       307      76       
35       4360     106      252      319      316      119      349      345      242      326      104      393      85       373      170      223      254      359      370      379      371      351      180      371      55       87       86       237      209      225      205      383      250      165      43       0        260      368      81       345      119      
36       3260     273      95       239      167      228      117      121      133      66       207      244      247      134      183      220      6        203      143      168      207      110      159      133      215      226      176      204      171      331      118      252      16       158      224      260      0        124      237      87       163      
37       4000     354      127      217      131      305      27       175      248      82       292      172      335      159      244      252      130      140      182      213      136      145      220      161      330      314      281      228      292      376      178      190      140      282      327      368      124      0        326      53       255      
38       3000     41       202      242      252      38       304      343      263      302      34       323      10       366      98       144      232      293      368      383      306      342      114      364      104      12       75       161      245      151      150      311      233      197      51       81       237      326      0        315      74       
39       4160     347      130      249      164      299      66       122      199      30       282      219      324      110      244      264      93       183      131      162      181      92       219      111      302      303      259      243      245      386      175      234      100      241      307      345      87       53       315      0        241      
40       2060     110      134      210      197      69       233      272      205      227      45       276      84       293      66       127      158      241      296      314      252      269      65       291      103      62       43       132      199      192      85       268      159      153      76       119      163      255      74       241      0        
;

