
sets
i        orders          /0*5/
k        routes          /1*5/
p        positions       /0*5/
;

alias(i,j)
alias(i,h)
alias(i,hh)
alias(i,jj)
alias(k,kk)
                
                    Parameters

rho(i)	Processing time
/
0	0
1	12
2	92
3	11
4	49
5	38
/

gamma(i)	Duedate
/
0	0
1	44
2	40
3	59
4	48
5	66
/

sigma(i)	Size
/
0	0
1	4
2	9
3	1
4	1
5	1
/

epsilon(i)	Priority
/
0	0
1	8
2	6
3	1
4	3
5	1
/

psi	Vehicle Capacity
/ 35 /
;

Table kappa(i,j)                 Setup
         0        1        2        3        4        5        
0        0        29       72       109      59       40       
1        29       0        54       95       40       11       
2        72       54       0        42       84       48       
3        109      95       42       0        127      91       
4        59       40       84       127      0        38       
5        40       11       48       91       38       0        
;



Table delta(i,j)                 Distance
         0        1        2        3        4        5        
0        0        640      560      580      1180     1360     
1        640      0        12       4        31       48       
2        560      12       0        13       43       42       
3        580      4        13       0        32       51       
4        1180     31       43       32       0        66       
5        1360     48       42       51       66       0        
;

