
sets
i        orders          /0*5/
k        routes          /1*5/
p        positions       /0*5/
;

alias(i,j)
alias(i,h)
alias(i,hh)
alias(i,jj)
alias(k,kk)
                
                    Parameters

rho(i)	Processing time
/
0	0
1	98
2	39
3	3
4	18
5	75
/

gamma(i)	Duedate
/
0	0
1	70
2	16
3	19
4	75
5	76
/

sigma(i)	Size
/
0	0
1	1
2	9
3	2
4	5
5	2
/

epsilon(i)	Priority
/
0	0
1	9
2	4
3	4
4	3
5	1
/

psi	Vehicle Capacity
/ 20 /
;

Table kappa(i,j)                 Setup
         0        1        2        3        4        5        
0        0        64       49       86       43       82       
1        64       0        41       26       62       52       
2        49       41       0        67       23       88       
3        86       26       67       0        88       42       
4        43       62       23       88       0        104      
5        82       52       88       42       104      0        
;



Table delta(i,j)                 Distance
         0        1        2        3        4        5        
0        0        460      2340     220      2240     2020     
1        460      0        137      34       130      121      
2        2340     137      0        105      26       17       
3        220      34       105      0        101      90       
4        2240     130      26       101      0        18       
5        2020     121      17       90       18       0        
;

