
sets
i        orders          /0*5/
k        routes          /1*5/
p        positions       /0*5/
;

alias(i,j)
alias(i,h)
alias(i,hh)
alias(i,jj)
alias(k,kk)
                
                    Parameters

rho(i)	Processing time
/
0	0
1	55
2	72
3	57
4	30
5	21
/

gamma(i)	Duedate
/
0	0
1	96
2	31
3	42
4	79
5	13
/

sigma(i)	Size
/
0	0
1	5
2	6
3	7
4	6
5	2
/

epsilon(i)	Priority
/
0	0
1	1
2	6
3	3
4	1
5	4
/

psi	Vehicle Capacity
/ 34 /
;

Table kappa(i,j)                 Setup
         0        1        2        3        4        5        
0        0        6        113      40       9        45       
1        6        0        108      34       12       40       
2        113      108      0        81       108      116      
3        40       34       81       0        41       37       
4        9        12       108      41       0        53       
5        45       40       116      37       53       0        
;



Table delta(i,j)                 Distance
         0        1        2        3        4        5        
0        0        2640     1480     1800     1460     2500     
1        2640     0        98       65       65       14       
2        1480     98       0        99       78       85       
3        1800     65       99       0        21       69       
4        1460     65       78       21       0        63       
5        2500     14       85       69       63       0        
;

