
sets
i        orders          /0*20/
k        routes          /1*20/
p        positions       /0*20/
;

alias(i,j)
alias(i,h)
alias(i,hh)
alias(i,jj)
alias(k,kk)
                
                    Parameters

rho(i)	Processing time
/
0	0
1	84
2	67
3	13
4	71
5	56
6	50
7	6
8	81
9	5
10	1
11	84
12	88
13	60
14	18
15	97
16	63
17	40
18	4
19	45
20	39
/

gamma(i)	Duedate
/
0	0
1	18
2	5
3	59
4	91
5	14
6	22
7	60
8	98
9	12
10	92
11	30
12	25
13	24
14	97
15	45
16	7
17	64
18	31
19	20
20	49
/

sigma(i)	Size
/
0	0
1	6
2	6
3	2
4	3
5	9
6	8
7	8
8	6
9	4
10	1
11	2
12	7
13	1
14	3
15	8
16	2
17	1
18	8
19	2
20	5
/

epsilon(i)	Priority
/
0	0
1	9
2	9
3	9
4	7
5	5
6	2
7	3
8	2
9	6
10	1
11	2
12	6
13	4
14	9
15	3
16	5
17	4
18	9
19	2
20	6
/

psi	Vehicle Capacity
/ 29 /
;

Table kappa(i,j)                 Setup
         0        1        2        3        4        5        6        7        8        9        10       11       12       13       14       15       16       17       18       19       20       
0        0        134      101      178      148      79       50       186      40       152      92       103      134      45       77       97       158      66       145      161      105      
1        134      0        36       54       96       63       183      61       130      63       73       145      45       162      162      167      137      118      133      37       135      
2        101      36       0        78       82       26       148      85       104      63       65       111      63       126      126      131      116      82       110      60       103      
3        178      54       78       0        84       99       224      7        181      45       128      158      95       198      188      186      125      144      128      18       148      
4        148      96       82       84       0        80       180      87       169      39       146      84       140      148      123      114      42       89       44       79       74       
5        79       63       26       99       80       0        124      106      91       74       71       89       85       100      100      106      106      56       97       82       81       
6        50       183      148      224      180      124      0        231      80       193      142      114      185      33       73       95       179      90       165      207      120      
7        186      61       85       7        87       106      231      0        189      49       135      163      101      205      194      191      128      151      131      25       153      
8        40       130      104      181      169      91       80       189      0        164      69       139      116      84       117      137      186      99       174      163      139      
9        152      63       63       45       39       74       193      49       164      0        126      115      109      164      148      143      81       107      83       40       104      
10       92       73       65       128      146      71       142      135      69       126      0        155      47       133      152      165      177      115      169      110      150      
11       103      145      111      158      84       89       114      163      139      115      155      0        174      80       44       30       68       41       54       147      10       
12       134      45       63       95       140      85       185      101      116      109      47       174      0        171      181      191      178      139      173      80       166      
13       45       162      126      198      148      100      33       205      84       164      133      80       171      0        41       63       145      58       131      182      86       
14       77       162      126      188      123      100      73       194      117      148      152      44       181      41       0        22       112      44       98       174      52       
15       97       167      131      186      114      106      95       191      137      143      165      30       191      63       22       0        96       51       83       173      40       
16       158      137      116      125      42       106      179      128      186      81       177      68       178      145      112      96       0        92       13       122      60       
17       66       118      82       144      89       56       90       151      99       107      115      41       139      58       44       51       92       0        79       130      39       
18       145      133      110      128      44       97       165      131      174      83       169      54       173      131      98       83       13       79       0        122      46       
19       161      37       60       18       79       82       207      25       163      40       110      147      80       182      174      173      122      130      122      0        137      
20       105      135      103      148      74       81       120      153      139      104      150      10       166      86       52       40       60       39       46       137      0        
;



Table delta(i,j)                 Distance
         0        1        2        3        4        5        6        7        8        9        10       11       12       13       14       15       16       17       18       19       20       
0        0        201      284      81       146      161      162      112      73       94       320      166      314      166      395      115      302      197      219      81       269      
1        201      0        144      119      108      98       174      149      246      190      216      73       113      164      194      190      180      97       18       136      190      
2        284      144      0        216      246      123      158      180      295      221      350      122      166      305      218      207      311      241      146      251      332      
3        81       119      216      0        88       97       134      82       134      100      265      94       232      133      314      112      240      131      137      41       219      
4        146      108      246      88       0        154      213      165      214      188      178      138      197      59       274      200      156      51       117      65       131      
5        161      98       123      97       154      0        75       64       178      108      307      24       196      212      273      101      273      173      114      137      272      
6        162      174      158      134      213      75       0        53       146      73       378      100      268      266      343      54       346      242      190      175      339      
7        112      149      180      82       165      64       53       0        115      44       337      82       256      215      335      40       308      200      167      122      295      
8        73       246      295      134      214      178      146      115      0        74       391      193      359      239      441      92       370      262      265      149      340      
9        94       190      221      100      188      108      73       44       74       0        365      126      299      230      379      21       338      229      208      133      319      
10       320      216      350      265      178      307      378      337      391      365      0        284      210      159      243      374      40       137      208      241      54       
11       166      73       122      94       138      24       100      82       193      126      284      0        174      196      253      121      249      152      89       129      250      
12       314      113      166      232      197      196      268      256      359      299      210      174      0        240      81       296      171      159      95       243      213      
13       166      164      305      133      59       212      266      215      239      230      159      196      240      0        310      245      150      81       171      96       105      
14       395      194      218      314      274      273      343      335      441      379      243      253      81       310      0        374      209      230      177      323      261      
15       115      190      207      112      200      101      54       40       92       21       374      121      296      245      374      0        346      238      207      149      331      
16       302      180      311      240      156      273      346      308      370      338      40       249      171      150      209      346      0        109      170      221      58       
17       197      97       241      131      51       173      242      200      262      229      137      152      159      81       230      238      109      0        97       115      98       
18       219      18       146      137      117      114      190      167      265      208      208      89       95       171      177      207      170      97       0        151      186      
19       81       136      251      41       65       137      175      122      149      133      241      129      243      96       323      149      221      115      151      0        191      
20       269      190      332      219      131      272      339      295      340      319      54       250      213      105      261      331      58       98       186      191      0        
;

