
sets
i        orders          /0*20/
k        routes          /1*20/
p        positions       /0*20/
;

alias(i,j)
alias(i,h)
alias(i,hh)
alias(i,jj)
alias(k,kk)
                
                    Parameters

rho(i)	Processing time
/
0	0
1	39
2	31
3	72
4	99
5	86
6	90
7	6
8	22
9	97
10	98
11	19
12	80
13	9
14	66
15	4
16	51
17	91
18	48
19	24
20	21
/

gamma(i)	Duedate
/
0	0
1	27
2	42
3	96
4	10
5	84
6	5
7	26
8	47
9	60
10	72
11	82
12	15
13	30
14	66
15	77
16	21
17	10
18	13
19	9
20	39
/

sigma(i)	Size
/
0	0
1	6
2	9
3	8
4	3
5	1
6	2
7	3
8	5
9	5
10	6
11	3
12	7
13	5
14	5
15	7
16	3
17	6
18	4
19	2
20	5
/

epsilon(i)	Priority
/
0	0
1	7
2	6
3	1
4	6
5	9
6	1
7	6
8	3
9	3
10	2
11	4
12	8
13	6
14	4
15	6
16	3
17	9
18	7
19	6
20	4
/

psi	Vehicle Capacity
/ 29 /
;

Table kappa(i,j)                 Setup
         0        1        2        3        4        5        6        7        8        9        10       11       12       13       14       15       16       17       18       19       20       
0        0        92       76       86       49       57       28       47       96       75       127      90       35       95       92       36       119      151      90       84       60       
1        92       0        142      159      124      77       102      58       71       163      55       112      57       180      146      119      91       85       172      154      111      
2        76       142      0        19       113      66       100      119      170      50       191      57       92       50       159      42       193      218      41       140      133      
3        86       159      19       0        116      85       107      132      182      40       206      76       107      34       162      50       205      233      25       141      139      
4        49       124      113      116      0        107      24       66       95       88       141      139      76       110      46       71       112      158      109      34       28       
5        57       77       66       85       107      0        84       75       121      100      130      40       43       111      148      58       146      159      102      141      112      
6        28       102      100      107      24       84       0        46       84       86       125      118      52       108      64       57       104      145      104      58       33       
7        47       58       119      132      66       75       46       0        50       123      80       115      32       143      89       83       74       103      137      96       53       
8        96       71       170      182      95       121      84       50       0        169      52       162      80       191      94       132      24       63       185      114      70       
9        75       163      50       40       88       100      86       123      169      0        203      106      106      22       130      44       190      226      22       106      114      
10       127      55       191      206      141      130      125      80       52       203      0        166      99       222      146      160      56       29       215      164      119      
11       90       112      57       76       139      40       118      115      162      106      166      0        83       108      183      75       186      196      99       172      149      
12       35       57       92       107      76       43       52       32       80       106      99       83       0        124      111      62       104      125      117      110      74       
13       95       180      50       34       110      111      108      143      191      22       222      108      124      0        152      61       212      247      9        127      137      
14       92       146      159      162      46       148      64       89       94       130      146      183      111      152      0        117      101      155      152      29       36       
15       36       119      42       50       71       58       57       83       132      44       160      75       62       61       117      0        155      186      54       100      90       
16       119      91       193      205      112      146      104      74       24       190      56       186      104      212      101      155      0        55       208      124      84       
17       151      85       218      233      158      159      145      103      63       226      29       196      125      247      155      186      55       0        241      176      133      
18       90       172      41       25       109      102      104      137      185      22       215      99       117      9        152      54       208      241      0        128      134      
19       84       154      140      141      34       141      58       96       114      106      164      172      110      127      29       100      124      176      128      0        45       
20       60       111      133      139      28       112      33       53       70       114      119      149      74       137      36       90       84       133      134      45       0        
;



Table delta(i,j)                 Distance
         0        1        2        3        4        5        6        7        8        9        10       11       12       13       14       15       16       17       18       19       20       
0        0        308      338      397      392      361      199      424      220      103      410      159      233      178      362      477      252      472      236      249      196      
1        308      0        223      120      281      179      292      116      158      229      110      177      92       145      68       233      56       242      273      145      166      
2        338      223      0        181      63       67       182      287      128      235      226      307      174      190      283      178      226      161      136      108      324      
3        397      120      181      0        219      115      321      113      195      302      47       290      164      220      139      116      167      128      286      168      284      
4        392      281      63       219      0        107      218      331      190      291      266      370      236      252      336      181      288      159      170      171      387      
5        361      179      67       115      107      0        234      224      140      257      161      299      157      192      229      123      196      112      191      112      308      
6        199      292      182      321      218      234      0        397      135      124      354      258      201      161      361      356      257      342      47       156      292      
7        424      116      287      113      331      224      397      0        263      345      67       284      204      261      70       213      171      232      371      242      263      
8        220      158      128      195      190      140      135      263      0        117      223      182      71       62       227      258      130      251      115      29       203      
9        103      229      235      302      291      257      124      345      117      0        321      137      143      85       292      375      178      369      148      146      174      
10       410      110      226      47       266      161      354      67       223      321      0        288      178      236      106      150      165      166      323      199      275      
11       159      177      307      290      370      299      258      284      182      137      288      0        142      120      216      393      123      394      269      199      38       
12       233      92       174      164      236      157      201      204      71       143      178      142      0        57       160      255      59       254      187      70       152      
13       178      145      190      220      252      192      161      261      62       85       236      120      57       0        211      302      99       298      159      83       144      
14       362      68       283      139      336      229      361      70       227      292      106      216      160      211      0        253      113      267      342      213      193      
15       477      233      178      116      181      123      356      213      258      375      150      393      255      302      253      0        274      24       312      229      392      
16       252      56       226      167      288      196      257      171      130      178      165      123      59       99       113      274      0        279      245      128      118      
17       472      242      161      128      159      112      342      232      251      369      166      394      254      298      267      24       279      0        297      222      396      
18       236      273      136      286      170      191      47       371      115      148      323      269      187      159      342      312      245      297      0        129      299      
19       249      145      108      168      171      112      156      242      29       146      199      199      70       83       213      229      128      222      129      0        216      
20       196      166      324      284      387      308      292      263      203      174      275      38       152      144      193      392      118      396      299      216      0        
;

