
sets
i        orders          /0*5/
k        routes          /1*5/
p        positions       /0*5/
;

alias(i,j)
alias(i,h)
alias(i,hh)
alias(i,jj)
alias(k,kk)
                
                    Parameters

rho(i)	Processing time
/
0	0
1	30
2	64
3	10
4	99
5	66
/

gamma(i)	Duedate
/
0	0
1	29
2	42
3	59
4	17
5	71
/

sigma(i)	Size
/
0	0
1	3
2	7
3	2
4	6
5	2
/

epsilon(i)	Priority
/
0	0
1	1
2	9
3	4
4	2
5	1
/

psi	Vehicle Capacity
/ 19 /
;

Table kappa(i,j)                 Setup
         0        1        2        3        4        5        
0        0        157      140      103      91       117      
1        157      0        82       147      112      136      
2        140      82       0        78       55       61       
3        103      147      78       0        35       20       
4        91       112      55       35       0        34       
5        117      136      61       20       34       0        
;



Table delta(i,j)                 Distance
         0        1        2        3        4        5        
0        0        940      520      420      820      1380     
1        940      0        60       33       55       115      
2        520      60       0        26       22       59       
3        420      33       26       0        28       83       
4        820      55       22       28       0        77       
5        1380     115      59       83       77       0        
;

