

sets
i        orders          /0*40/
k        routes          /1*40/
p        positions       /0*40/
;

alias(i,j)
alias(i,h)
alias(i,hh)
alias(i,jj)
alias(k,kk)
                            Parameters

rho(i)	Processing time
/
0	0
1	90
2	31
3	14
4	30
5	91
6	93
7	42
8	23
9	89
10	42
11	97
12	78
13	4
14	49
15	50
16	31
17	21
18	25
19	21
20	45
21	43
22	53
23	90
24	61
25	3
26	48
27	59
28	31
29	31
30	54
31	45
32	83
33	29
34	81
35	51
36	20
37	32
38	29
39	82
40	64
/

gamma(i)	Duedate
/
0	0
1	75
2	90
3	5
4	16
5	55
6	86
7	95
8	12
9	62
10	50
11	67
12	25
13	9
14	31
15	45
16	37
17	3
18	8
19	24
20	77
21	40
22	97
23	49
24	72
25	15
26	37
27	21
28	16
29	16
30	82
31	89
32	21
33	44
34	43
35	48
36	2
37	95
38	99
39	61
40	50
/

sigma(i)	Size
/
0	0
1	8
2	1
3	3
4	2
5	1
6	4
7	7
8	8
9	4
10	6
11	9
12	9
13	9
14	7
15	6
16	9
17	9
18	3
19	2
20	4
21	5
22	5
23	6
24	6
25	9
26	7
27	2
28	7
29	1
30	4
31	1
32	1
33	6
34	3
35	6
36	7
37	3
38	7
39	9
40	6
/

epsilon(i)	Priority
/
0	0
1	5
2	3
3	8
4	7
5	1
6	7
7	8
8	7
9	4
10	7
11	8
12	8
13	9
14	2
15	9
16	8
17	7
18	6
19	7
20	7
21	8
22	1
23	7
24	8
25	2
26	7
27	3
28	8
29	9
30	7
31	3
32	7
33	8
34	8
35	2
36	5
37	9
38	9
39	8
40	2
/

psi	Vehicle Capacity
/ 23 /
;

Table kappa(i,j)                 Setup
         0        1        2        3        4        5        6        7        8        9        10       11       12       13       14       15       16       17       18       19       20       21       22       23       24       25       26       27       28       29       30       31       32       33       34       35       36       37       38       39       40       
0        0        952      428      2056     1171     1732     982      519      1067     903      1567     1257     1462     1670     1624     1233     1573     1323     1033     1505     1321     1583     1789     957      1112     1688     524      818      1996     1151     1663     922      1212     1798     1227     1047     1884     979      1685     580      1201     
1        952      0        875      1106     222      782      495      872      219      1456     622      426      1107     721      700      430      1298     370      1043     573      1102     1105     1148     56       1188     1299     1018     134      1533     375      1316     598      1368     949      364      1004     966      1489     1001     765      1405     
2        428      875      0        1906     1090     1628     689      91       1058     616      1484     1272     1061     1574     1441     1007     1155     1220     606      1339     905      1201     1442     905      685      1284     157      753      1596     929      1252     1105     796      1543     1222     623      1681     670      1359     190      792      
3        2056     1106     1906     0        894      366      1260     1873     1048     2393     539      950      1489     431      474      916      1668     739      1788     566      1629     1337     1097     1109     1917     1534     2021     1239     1559     986      1596     1474     2090     596      933      1731     324      2398     986      1747     2150     
4        1171     222      1090     894      0        561      614      1081     198      1658     400      301      1166     499      523      407      1366     155      1193     395      1198     1127     1107     216      1338     1334     1229     356      1533     392      1363     676      1521     818      230      1148     786      1685     953      968      1564     
5        1732     782      1628     366      561      0        1039     1607     693      2160     175      584      1410     66       348      706      1606     413      1609     351      1512     1296     1130     775      1748     1507     1757     916      1606     758      1559     1108     1929     654      569      1555     441      2176     988      1486     1982     
6        982      495      689      1260     614      1039     0        635      710      1133     933      898      629      998      786      344      812      681      584      706      606      671      817      552      728      839      777      477      1108     282      845      1049     911      854      829      536      1006     1141     704      508      958      
7        519      872      91       1873     1081     1607     635      0        1066     590      1470     1281     974      1555     1404     964      1064     1204     514      1307     815      1117     1365     907      596      1195     149      757      1507     889      1162     1151     713      1488     1228     531      1637     634      1288     127      713      
8        1067     219      1058     1048     198      693      710      1066     0        1655     519      215      1307     627      715      578      1502     332      1262     587      1314     1288     1293     168      1407     1489     1207     309      1705     545      1512     478      1587     1016     165      1223     972      1692     1140     966      1623     
9        903      1456     616      2393     1658     2160     1133     590      1655     0        2035     1871     1187     2113     1918     1477     1176     1770     675      1838     985      1375     1681     1494     616      1360     459      1346     1657     1412     1302     1719     563      1934     1816     731      2126     86       1650     691      508      
10       1567     622      1484     539      400      175      933      1470     519      2035     0        413      1369     109      376      622      1569     265      1514     316      1451     1277     1152     610      1656     1491     1618     756      1622     658      1536     936      1839     717      394      1463     555      2056     1002     1351     1889     
11       1257     426      1272     950      301      584      898      1281     215      1871     413      0        1467     519      710      706      1666     348      1465     597      1494     1427     1389     380      1610     1635     1422     524      1827     693      1664     524      1791     1043     70       1424     942      1907     1234     1182     1830     
12       1462     1107     1061     1489     1166     1410     629      974      1307     1187     1369     1467     0        1394     1072     771      201      1174     524      1065     202      195      515      1163     574      226      1058     1106     534      774      217      1679     694      912      1397     477      1169     1149     538      884      762      
13       1670     721      1574     431      499      66       998      1555     627      2113     109      519      1394     0        351      672      1592     355      1573     329      1489     1288     1137     713      1713     1500     1705     855      1611     718      1549     1043     1895     675      502      1520     481      2131     992      1435     1947     
14       1624     700      1441     474      523      348      786      1404     715      1918     376      710      1072     351      0        442      1264     384      1321     129      1188     950      786      719      1453     1160     1551     823      1260     514      1213     1189     1630     342      662      1265     266      1924     641      1277     1687     
15       1233     430      1007     916      407      706      344      964      578      1477     622      706      771      672      442      0        973      403      902      364      832      720      720      478      1041     929      1111     506      1128     81       960      1025     1223     567      636      849      674      1485     571      837      1276     
16       1573     1298     1155     1668     1366     1606     812      1064     1502     1176     1569     1666     201      1592     1264     973      0        1375     566      1263     251      333      635      1355     565      196      1126     1289     482      973      128      1861     634      1081     1596     536      1346     1125     694      993      702      
17       1323     370      1220     739      155      413      681      1204     332      1770     265      348      1174     355      384      403      1375     0        1265     259      1231     1109     1045     370      1409     1321     1353     504      1493     419      1358     804      1593     701      289      1216     640      1792     890      1086     1640     
18       1033     1043     606      1788     1193     1609     584      514      1262     675      1514     1465     524      1573     1321     902      566      1265     0        1264     332      704      1005     1095     145      723      560      979      1034     856      677      1504     328      1282     1399     58       1497     651      977      471      375      
19       1505     573      1339     566      395      351      706      1307     587      1838     316      597      1065     329      129      364      1263     259      1264     0        1162     963      840      591      1401     1176     1455     698      1307     426      1223     1063     1581     446      544      1209     394      1848     688      1181     1635     
20       1321     1102     905      1629     1198     1512     606      815      1314     985      1451     1494     202      1489     1188     832      251      1231     332      1162     0        395      712      1158     372      391      883      1076     704      814      349      1642     499      1071     1424     292      1317     947      717      741      566      
21       1583     1105     1201     1337     1127     1296     671      1117     1288     1375     1277     1427     195      1288     950      720      333      1109     704      963      395      0        320      1161     767      213      1215     1128     437      743      263      1696     889      748      1357     653      1014     1340     361      1016     958      
22       1789     1148     1442     1097     1107     1130     817      1365     1293     1681     1152     1389     515      1137     786      720      635      1045     1005     840      712      320      0        1198     1080     461      1479     1206     475      774      531      1745     1209     504      1324     950      776      1651     155      1252     1277     
23       957      56       905      1109     216      775      552      907      168      1494     610      380      1163     713      719      478      1355     370      1095     591      1158     1161     1198     0        1239     1355     1051     152      1587     427      1373     547      1419     982      322      1057     985      1529     1050     803      1454     
24       1112     1188     685      1917     1338     1748     728      596      1407     616      1656     1610     574      1713     1453     1041     565      1409     145      1401     372      767      1080     1239     0        745      608      1121     1047     998      688      1638     183      1395     1544     193      1620     574      1070     578      234      
25       1688     1299     1284     1534     1334     1507     839      1195     1489     1360     1491     1635     226      1500     1160     929      196      1321     723      1176     391      213      461      1355     745      0        1272     1310     313      946      72       1882     828      939      1565     683      1209     1313     547      1109     896      
26       524      1018     157      2021     1229     1757     777      149      1207     459      1618     1422     1058     1705     1551     1111     1126     1353     560      1455     883      1215     1479     1051     608      1272     0        900      1586     1036     1233     1261     690      1627     1370     591      1782     514      1410     274      676      
27       818      134      753      1239     356      916      477      757      309      1346     756      524      1106     855      823      506      1289     504      979      698      1076     1128     1206     152      1121     1310     900      0        1563     437      1320     573      1297     1053     470      945      1088     1383     1065     657      1329     
28       1996     1533     1596     1559     1533     1606     1108     1507     1705     1657     1622     1827     534      1611     1260     1128     482      1493     1034     1307     704      437      475      1587     1047     313      1586     1563     0        1163     359      2128     1110     974      1759     996      1243     1606     620      1419     1175     
29       1151     375      929      986      392      758      282      889      545      1412     658      693      774      718      514      81       973      419      856      426      814      743      774      427      998      946      1036     437      1163     0        972      973      1180     648      623      804      752      1423     629      762      1231     
30       1663     1316     1252     1596     1363     1559     845      1162     1512     1302     1536     1664     217      1549     1213     960      128      1358     677      1223     349      263      531      1373     688      72       1233     1320     359      972      0        1893     763      1002     1594     641      1271     1253     611      1082     830      
31       922      598      1105     1474     676      1108     1049     1151     478      1719     936      524      1679     1043     1189     1025     1861     804      1504     1063     1642     1696     1745     547      1638     1882     1261     573      2128     973      1893     0        1802     1494     545      1480     1441     1775     1596     1095     1823     
32       1212     1368     796      2090     1521     1929     911      713      1587     563      1839     1791     694      1895     1630     1223     634      1593     328      1581     499      889      1209     1419     183      828      690      1297     1110     1180     763      1802     0        1556     1725     376      1789     501      1215     721      68       
33       1798     949      1543     596      818      654      854      1488     1016     1934     717      1043     912      675      342      567      1081     701      1282     446      1071     748      504      982      1395     939      1627     1053     974      648      1002     1494     1556     0        989      1224     272      1924     391      1361     1620     
34       1227     364      1222     933      230      569      829      1228     165      1816     394      70       1397     502      662      636      1596     289      1399     544      1424     1357     1324     322      1544     1565     1370     470      1759     623      1594     545      1725     989      0        1357     902      1851     1169     1125     1765     
35       1047     1004     623      1731     1148     1555     536      531      1223     731      1463     1424     477      1520     1265     849      536      1216     58       1209     292      653      950      1057     193      683      591      945      996      804      641      1480     376      1224     1357     0        1439     708      920      475      427      
36       1884     966      1681     324      786      441      1006     1637     972      2126     555      942      1169     481      266      674      1346     640      1497     394      1317     1014     776      985      1620     1209     1782     1088     1243     752      1271     1441     1789     272      902      1439     0        2124     661      1509     1850     
37       979      1489     670      2398     1685     2176     1141     634      1692     86       2056     1907     1149     2131     1924     1485     1125     1792     651      1848     947      1340     1651     1529     574      1313     514      1383     1606     1423     1253     1775     501      1924     1851     708      2124     0        1628     725      442      
38       1685     1001     1359     986      953      988      704      1288     1140     1650     1002     1234     538      992      641      571      694      890      977      688      717      361      155      1050     1070     547      1410     1065     620      629      611      1596     1215     391      1169     920      661      1628     0        1169     1282     
39       580      765      190      1747     968      1486     508      127      966      691      1351     1182     884      1435     1277     837      993      1086     471      1181     741      1016     1252     803      578      1109     274      657      1419     762      1082     1095     721      1361     1125     475      1509     725      1169     0        733      
40       1201     1405     792      2150     1564     1982     958      713      1623     508      1889     1830     762      1947     1687     1276     702      1640     375      1635     566      958      1277     1454     234      896      676      1329     1175     1231     830      1823     68       1620     1765     427      1850     442      1282     733      0        
;



Table delta(i,j)                 Distance
         0        1        2        3        4        5        6        7        8        9        10       11       12       13       14       15       16       17       18       19       20       21       22       23       24       25       26       27       28       29       30       31       32       33       34       35       36       37       38       39       40       
0        0        424      193      843      54       148      48       407      1013     377      245      945      515      230      874      254      640      295      488      510      1003     930      465      653      889      184      432      352      780      800      1029     232      789      485      586      531      308      500      414      752      364      
1        424      0        493      1097     475      474      398      176      1030     677      519      1252     937      601      1173     534      1055     674      131      869      1359     1154     608      254      887      575      149      774      1108     1207     1390     525      1115     256      943      659      218      924      48       1115     732      
2        193      493      0        1007     173      44       237      539      1207     198      52       1085     495      122      1020     441      688      430      593      376      1112     1101     658      746      1082     330      553      397      915      858      1134     40       924      629      710      724      455      520      503      863      240      
3        843      1097     1007     0        839      966      821      945      592      1119     1056     215      839      956      151      601      640      582      1054     1108     431      112      495      1184     592      677      986      712      228      615      468      1035     224      928      368      460      878      735      1056     365      1015     
4        54       475      173      839      0        129      98       461      1042     340      225      929      462      184      861      268      596      273      542      461      976      930      490      707      920      165      487      305      762      760      1001     207      771      538      563      556      362      451      467      725      315      
5        148      474      44       966      129      0        193      507      1162     236      97       1049     489      127      982      396      669      392      568      400      1082     1059     613      724      1037     290      524      375      880      838      1104     83       889      596      676      679      420      505      480      831      258      
6        48       398      237      821      98       193      0        366      970      425      289      932      549      278      859      224      658      294      452      558      1001     904      425      619      844      186      393      377      771      814      1029     277      779      441      582      491      265      527      384      751      411      
7        407      176      539      945      461      507      366      0        853      737      578      1114     913      624      1034     426      988      593      111      906      1241     995      451      270      711      512      40       730      981      1127     1273     577      987      97       834      496      104      881      128      1005     761      
8        1013     1030     1207     592      1042     1162     970      853      0        1381     1259     798      1268     1216     743      780      1146     896      926      1454     1022     527      552      981      142      931      881      1085     804      1172     1058     1245     802      780      853      488      851      1175     981      928      1324     
9        377      677      198      1119     340      236      425      737      1381     0        160      1163     443      168      1106     602      684      539      785      211      1152     1221     828      932      1261     463      749      431      992      854      1168     160      1001     828      785      893      654      505      692      915      136      
10       245      519      52       1056     225      97       289      578      1259     160      0        1129     507      137      1065     493      714      476      625      354      1149     1151     711      773      1133     379      589      428      959      885      1170     22       968      670      753      777      498      542      532      901      229      
11       945      1252     1085     215      929      1049     932      1114     798      1163     1129     0        815      1012     80       728      575      657      1225     1113     227      275      674      1365     807      764      1154     734      171      495      262      1107     162      1108     378      651      1035     713      1215     275      1044     
12       515      937      495      839      462      489      549      913      1268     443      507      815      0        373      777      562      260      391      1002     313      749      951      760      1168     1180     418      942      198      654      421      759      487      662      978      471      809      809      104      930      542      307      
13       230      601      122      956      184      127      278      624      1216     168      137      1012     373      0        952      435      577      373      691      282      1020     1056     663      849      1098     294      644      295      841      749      1039     115      850      709      634      727      531      404      605      775      136      
14       874      1173     1020     151      861      982      859      1034     743      1106     1065     80       777      952      0        652      550      590      1145     1067     280      234      594      1285     742      695      1075     681      123      493      317      1043     115      1028     322      572      957      673      1136     253      991      
15       254      534      441      601      268      396      224      426      780      602      493      728      562      435      652      0        575      182      536      682      825      681      228      697      666      157      465      363      576      703      856      476      584      460      410      292      330      500      503      583      545      
16       640      1055     688      640      596      669      658      988      1146     684      714      575      260      577      550      575      0        396      1091     573      489      752      712      1257     1083     481      1024     294      428      172      499      691      436      1033     293      744      885      178      1037     300      549      
17       295      674      430      582      273      392      294      593      896      539      476      657      391      373      590      182      396      0        698      564      708      682      370      863      798      110      629      194      489      535      735      454      498      637      291      421      491      320      651      457      447      
18       488      131      593      1054     542      568      452      111      926      785      625      1225     1002     691      1145     536      1091     698      0        968      1352     1100     559      167      784      611      71       825      1092     1233     1385     628      1099     147      945      600      207      976      97       1116     826      
19       510      869      376      1108     461      400      558      906      1454     211      354      1113     313      282      1067     682      573      564      968      0        1061     1217     908      1122     1347     526      924      397      946      732      1072     345      955      991      748      969      813      405      879      845      146      
20       1003     1359     1112     431      976      1082     1001     1241     1022     1152     1149     227      749      1020     280      825      489      708      1352     1061     0        502      828      1503     1022     819      1281     725      267      354      37       1126     263      1250     420      819      1152     658      1328     251      1022     
21       930      1154     1101     112      930      1059     904      995      527      1221     1151     275      951      1056     234      681      752      682      1100     1217     502      0        545      1220     552      771      1034     820      333      720      537      1130     328      967      480      499      936      847      1111     471      1120     
22       465      608      658      495      490      613      425      451      552      828      711      674      760      663      594      228      712      370      559      908      828      545      0        692      438      382      491      564      560      804      863      696      565      434      467      66       391      682      565      619      774      
23       653      254      746      1184     707      724      619      270      981      932      773      1365     1168     849      1285     697      1257     863      167      1122     1503     1220     692      0        841      778      233      992      1240     1397     1537     779      1246     257      1102     724      372      1143     244      1272     982      
24       889      887      1082     592      920      1037     844      711      142      1261     1133     807      1180     1098     742      666      1083     798      784      1347     1022     552      438      841      0        821      739      991      782      1129     1059     1121     782      637      797      378      711      1093     839      895      1212     
25       184      575      330      677      165      290      186      512      931      463      379      764      418      294      695      157      481      110      611      526      819      771      382      778      821      0        545      223      598      631      845      359      606      567      401      443      407      371      556      567      393      
26       432      149      553      986      487      524      393      40       881      749      589      1154     942      644      1075     465      1024     629      71       924      1281     1034     491      233      739      545      0        762      1021     1164     1313     590      1028     108      874      534      138      913      102      1045     780      
27       352      774      397      712      305      375      377      730      1085     431      428      734      198      295      681      363      294      194      825      397      725      820      564      992      991      223      762      0        563      463      744      405      572      789      358      616      625      151      761      484      310      
28       780      1108     915      228      762      880      771      981      804      992      959      171      654      841      123      576      428      489      1092     946      267      333      560      1240     782      598      1021     563      0        386      303      936      9        985      207      551      895      550      1073     137      874      
29       800      1207     858      615      760      838      814      1127     1172     854      885      495      421      749      493      703      172      535      1233     732      354      720      804      1397     1129     631      1164     463      386      0        354      863      391      1163     340      823      1026     349      1185     250      719      
30       1029     1390     1134     468      1001     1104     1029     1273     1058     1168     1170     262      759      1039     317      856      499      735      1385     1072     37       537      863      1537     1059     845      1313     744      303      354      0        1147     299      1284     449      855      1183     671      1359     278      1037     
31       232      525      40       1035     207      83       277      577      1245     160      22       1107     487      115      1043     476      691      454      628      345      1126     1130     696      779      1121     359      590      405      936      863      1147     0        945      668      730      762      494      520      536      879      215      
32       789      1115     924      224      771      889      779      987      802      1001     968      162      662      850      115      584      436      498      1099     955      263      328      565      1246     782      606      1028     572      9        391      299      945      0        991      216      556      902      559      1080     143      883      
33       485      256      629      928      538      596      441      97       780      828      670      1108     978      709      1028     460      1033     637      147      991      1250     967      434      257      637      567      108      789      985      1163     1284     668      991      0        855      468      177      938      209      1023     845      
34       586      943      710      368      563      676      582      834      853      785      753      378      471      634      322      410      293      291      945      748      420      480      467      1102     797      401      874      358      207      340      449      730      216      855      0        483      740      367      913      172      669      
35       531      659      724      460      556      679      491      496      488      893      777      651      809      727      572      292      744      421      600      969      819      499      66       724      378      443      534      616      551      823      855      762      556      468      483      0        445      727      615      624      836      
36       308      218      455      878      362      420      265      104      851      654      498      1035     809      531      957      330      885      491      207      813      1152     936      391      372      711      407      138      625      895      1026     1183     494      902      177      740      445      0        776      179      912      667      
37       500      924      520      735      451      505      527      881      1175     505      542      713      104      404      673      500      178      320      976      405      658      847      682      1143     1093     371      913      151      550      349      671      520      559      938      367      727      776      0        911      441      371      
38       414      48       503      1056     467      480      384      128      981      692      532      1215     930      605      1136     503      1037     651      97       879      1328     1111     565      244      839      556      102      761      1073     1185     1359     536      1080     209      913      615      179      911      0        1085     738      
39       752      1115     863      365      725      831      751      1005     928      915      901      275      542      775      253      583      300      457      1116     845      251      471      619      1272     895      567      1045     484      137      250      278      879      143      1023     172      624      912      441      1085     0        789      
40       364      732      240      1015     315      258      411      761      1324     136      229      1044     307      136      991      545      549      447      826      146      1022     1120     774      982      1212     393      780      310      874      719      1037     215      883      845      669      836      667      371      738      789      0        
;

