

sets
i        orders          /0*40/
k        routes          /1*40/
p        positions       /0*40/
;

alias(i,j)
alias(i,h)
alias(i,hh)
alias(i,jj)
alias(k,kk)
                            Parameters

rho(i)	Processing time
/
0	0
1	81
2	65
3	98
4	85
5	16
6	54
7	40
8	50
9	15
10	89
11	96
12	9
13	53
14	35
15	31
16	87
17	54
18	51
19	93
20	27
21	61
22	17
23	58
24	84
25	84
26	34
27	26
28	72
29	35
30	8
31	27
32	75
33	52
34	54
35	26
36	54
37	52
38	35
39	55
40	42
/

gamma(i)	Duedate
/
0	0
1	23
2	31
3	80
4	52
5	33
6	61
7	71
8	11
9	12
10	45
11	8
12	90
13	99
14	92
15	83
16	7
17	38
18	38
19	65
20	33
21	42
22	6
23	86
24	71
25	31
26	74
27	46
28	64
29	9
30	14
31	62
32	2
33	2
34	20
35	14
36	85
37	20
38	32
39	54
40	59
/

sigma(i)	Size
/
0	0
1	3
2	3
3	6
4	1
5	1
6	7
7	1
8	2
9	3
10	1
11	8
12	4
13	8
14	9
15	9
16	6
17	8
18	2
19	6
20	4
21	3
22	3
23	1
24	2
25	9
26	1
27	7
28	7
29	7
30	7
31	8
32	8
33	8
34	4
35	5
36	3
37	3
38	7
39	9
40	7
/

epsilon(i)	Priority
/
0	0
1	1
2	7
3	2
4	6
5	4
6	4
7	4
8	1
9	6
10	2
11	5
12	9
13	9
14	6
15	8
16	4
17	1
18	1
19	9
20	2
21	5
22	8
23	3
24	7
25	7
26	9
27	5
28	3
29	4
30	7
31	9
32	8
33	3
34	5
35	1
36	5
37	6
38	6
39	3
40	4
/

psi	Vehicle Capacity
/ 17 /
;

Table kappa(i,j)                 Setup
         0        1        2        3        4        5        6        7        8        9        10       11       12       13       14       15       16       17       18       19       20       21       22       23       24       25       26       27       28       29       30       31       32       33       34       35       36       37       38       39       40       
0        0        1843     842      1856     1668     579      1199     1828     1759     772      212      507      1243     2008     1201     441      647      1130     1371     297      1536     1371     987      1345     950      283      1888     1455     1640     1233     1419     1261     1531     1368     748      527      1827     1773     928      227      865      
1        1843     0        1470     1482     1275     1380     644      1575     1515     1490     2031     1845     617      168      1192     1650     1201     770      1190     2087     1044     1575     1071     1570     990      2035     975      1246     848      1514     589      610      316      777      1164     1607     192      193      1833     1738     1015     
2        842      1470     0        1017     846      957      926      985      917      1262     902      485      1051     1605     1476     1070     602      721      567      899      768      537      1167     512      513      833      1142     635      933      395      897      882      1223     1388     922      1117     1371     1491     370      618      568      
3        1856     1482     1017     0        242      1830     1345     118      123      2116     1916     1470     1481     1523     2152     2015     1435     1146     522      1905     492      547      1860     569      1118     1839     553      424      638      653      1013     1210     1433     1882     1703     2040     1298     1620     1118     1634     1248     
4        1668     1275     846      242      0        1602     1102     307      241      1883     1747     1321     1240     1332     1910     1798     1209     903      301      1745     252      477      1619     491      883      1679     430      213      427      535      777      968      1202     1640     1467     1818     1097     1401     1017     1452     1014     
5        579      1380     957      1830     1602     0        772      1839     1763     304      791      909      763      1549     633      270      395      807      1307     876      1401     1466     410      1443     727      852      1690     1405     1427     1324     1096     881      1065     800      216      241      1410     1275     1221     624      597      
6        1199     644      926      1345     1102     772      0        1399     1324     951      1387     1230     142      808      828      1040     557      227      880      1444     853      1206     576      1192     412      1394     1028     970      779      1101     379      143      336      542      560      1011     641      598      1296     1097     391      
7        1828     1575     985      118      307      1839     1399     0        77       2131     1876     1420     1538     1624     2193     2012     1444     1191     542      1859     558      482      1895     506      1142     1794     666      443      727      603      1083     1268     1509     1940     1724     2042     1394     1707     1049     1603     1270     
8        1759     1515     917      123      241      1763     1324     77       0        2054     1812     1360     1464     1569     2116     1938     1368     1115     465      1798     488      429      1818     451      1064     1732     628      366      666      542      1013     1194     1441     1865     1647     1967     1336     1642     999      1536     1193     
9        772      1490     1262     2116     1883     304      951      2131     2054     0        972      1181     899      1656     474      337      690      1040     1594     1064     1670     1768     420      1745     1000     1055     1935     1693     1673     1627     1311     1080     1189     789      421      249      1555     1353     1518     878      869      
10       212      2031     902      1916     1747     791      1387     1876     1812     972      0        471      1439     2194     1411     636      829      1297     1459     93       1640     1402     1199     1377     1104     114      2004     1534     1765     1272     1578     1437     1721     1578     958      723      2004     1970     900      314      1033     
11       507      1845     485      1470     1321     909      1230     1420     1360     1181     471      0        1324     1995     1530     891      722      1074     1051     441      1252     941      1254     916      856      377      1626     1114     1410     818      1313     1234     1561     1574     985      966      1777     1827     430      310      839      
12       1243     617      1051     1481     1240     763      142      1538     1464     899      1439     1324     0        785      715      1033     621      369      1022     1503     989      1348     496      1334     540      1457     1141     1111     901      1241     493      271      302      401      546      992      657      530      1419     1164     496      
13       2008     168      1605     1523     1332     1549     808      1624     1569     1656     2194     1995     785      0        1344     1818     1364     921      1283     2248     1117     1668     1235     1666     1139     2196     991      1328     907      1619     710      765      484      927      1332     1775     245      322      1962     1898     1172     
14       1201     1192     1476     2152     1910     633      828      2193     2116     474      1411     1530     715      1344     0        794      877      1006     1654     1499     1668     1913     310      1894     1068     1480     1854     1751     1608     1783     1205     972      938      417      561      711      1304     1022     1794     1256     952      
15       441      1650     1070     2015     1798     270      1040     2012     1938     337      636      891      1033     1818     794      0        599      1057     1497     728      1614     1602     644      1578     949      723      1924     1592     1662     1459     1351     1144     1335     1040     486      87       1679     1541     1268     580      826      
16       647      1201     602      1435     1209     395      557      1444     1368     690      829      722      621      1364     877      599      0        489      913      887      1016     1081     572      1059     349      838      1326     1011     1065     942      784      613      893      853      320      610      1180     1146     920      543      233      
17       1130     770      721      1146     903      807      227      1191     1115     1040     1297     1074     369      921      1006     1057     489      0        661      1343     662      979      722      965      219      1287     895      754      633      873      296      162      503      762      621      1047     711      771      1091     991      265      
18       1371     1190     567      522      301      1307     880      542      465      1594     1459     1051     1022     1283     1654     1497     913      661      0        1463     219      385      1354     383      599      1397     587      99       429      355      622      761      1048     1422     1183     1520     1037     1282     803      1159     729      
19       297      2087     899      1905     1745     876      1444     1859     1798     1064     93       441      1503     2248     1499     728      887      1343     1463     0        1651     1382     1281     1357     1143     66       2019     1534     1786     1256     1618     1488     1780     1657     1035     815      2053     2032     859      352      1080     
20       1536     1044     768      492      252      1401     853      558      488      1670     1640     1252     989      1117     1668     1614     1016     662      219      1651     0        575      1384     578      673      1586     374      220      222      569      525      717      952      1389     1250     1626     875      1160     1022     1333     804      
21       1371     1575     537      547      477      1466     1206     482      429      1768     1402     941      1348     1668     1913     1602     1081     979      385      1382     575      0        1603     25       850      1317     893      354      797      143      998      1105     1415     1737     1391     1644     1423     1659     570      1144     961      
22       987      1071     1167     1860     1619     410      576      1895     1818     420      1199     1254     496      1235     310      644      572      722      1354     1281     1384     1603     0        1584     761      1253     1599     1452     1345     1473     954      717      774      395      269      578      1143     932      1493     1001     643      
23       1345     1570     512      569      491      1443     1192     506      451      1745     1377     916      1334     1666     1894     1578     1059     965      383      1357     578      25       1584     0        832      1292     903      358      800      119      991      1093     1406     1721     1369     1620     1420     1651     548      1118     941      
24       950      990      513      1118     883      727      412      1142     1064     1000     1104     856      540      1139     1068     949      349      219      599      1143     673      850      761      832      0        1084     976      699      715      727      475      382      719      900      585      955      923      988      884      792      131      
25       283      2035     833      1839     1679     852      1394     1794     1732     1055     114      377      1457     2196     1480     723      838      1287     1397     66       1586     1317     1253     1292     1084     0        1954     1468     1722     1191     1560     1433     1731     1623     1001     810      1998     1985     799      297      1026     
26       1888     975      1142     553      430      1690     1028     666      628      1935     2004     1626     1141     991      1854     1924     1326     895      587      2019     374      893      1599     903      976      1954     0        557      263      920      649      884      1002     1516     1515     1925     784      1137     1388     1693     1098     
27       1455     1246     635      424      213      1405     970      443      366      1693     1534     1114     1111     1328     1751     1592     1011     754      99       1534     220      354      1452     358      699      1468     557      0        443      363      693      847      1122     1512     1283     1616     1084     1348     835      1239     828      
28       1640     848      933      638      427      1427     779      727      666      1673     1765     1410     901      907      1608     1662     1065     633      429      1786     222      797      1345     800      715      1722     263      443      0        785      408      636      803      1289     1252     1662     670      982      1220     1452     836      
29       1233     1514     395      653      535      1324     1101     603      542      1627     1272     818      1241     1619     1783     1459     942      873      355      1256     569      143      1473     119      727      1191     920      363      785      0        927      1010     1332     1623     1254     1501     1373     1583     481      1006     832      
30       1419     589      897      1013     777      1096     379      1083     1013     1311     1578     1313     493      710      1205     1351     784      296      622      1618     525      998      954      991      475      1560     649      693      408      927      0        236      430      881      900      1337     473      661      1252     1267     555      
31       1261     610      882      1210     968      881      143      1268     1194     1080     1437     1234     271      765      972      1144     613      162      761      1488     717      1105     717      1093     382      1433     884      847      636      1010     236      0        341      672      677      1122     566      609      1252     1136     408      
32       1531     316      1223     1433     1202     1065     336      1509     1441     1189     1721     1561     302      484      938      1335     893      503      1048     1780     952      1415     774      1406     719      1731     1002     1122     803      1332     430      341      0        543      848      1294     371      269      1593     1434     722      
33       1368     777      1388     1882     1640     800      542      1940     1865     789      1578     1574     401      927      417      1040     853      762      1422     1657     1389     1737     395      1721     900      1623     1516     1512     1289     1623     881      672      543      0        621      972      899      605      1745     1353     820      
34       748      1164     922      1703     1467     216      560      1724     1647     421      958      985      546      1332     561      486      320      621      1183     1035     1250     1391     269      1369     585      1001     1515     1283     1252     1254     900      677      848      621      0        450      1194     1060     1233     737      454      
35       527      1607     1117     2040     1818     241      1011     2042     1967     249      723      966      992      1775     711      87       610      1047     1520     815      1626     1644     578      1620     955      810      1925     1616     1662     1501     1337     1122     1294     972      450      0        1645     1491     1332     656      828      
36       1827     192      1371     1298     1097     1410     641      1394     1336     1555     2004     1777     657      245      1304     1679     1180     711      1037     2053     875      1423     1143     1420     923      1998     784      1084     670      1373     473      566      371      899      1194     1645     0        371      1724     1701     972      
37       1773     193      1491     1620     1401     1275     598      1707     1642     1353     1970     1827     530      322      1022     1541     1146     771      1282     2032     1160     1659     932      1651     988      1985     1137     1348     982      1583     661      609      269      605      1060     1491     371      0        1861     1690     988      
38       928      1833     370      1118     1017     1221     1296     1049     999      1518     900      430      1419     1962     1794     1268     920      1091     803      859      1022     570      1493     548      884      799      1388     835      1220     481      1252     1252     1593     1745     1233     1332     1724     1861     0        711      930      
39       227      1738     618      1634     1452     624      1097     1603     1536     878      314      310      1164     1898     1256     580      543      991      1159     352      1333     1144     1001     1118     792      297      1693     1239     1452     1006     1267     1136     1434     1353     737      656      1701     1690     711      0        728      
40       865      1015     568      1248     1014     597      391      1270     1193     869      1033     839      496      1172     952      826      233      265      729      1080     804      961      643      941      131      1026     1098     828      836      832      555      408      722      820      454      828      972      988      930      728      0        
;



Table delta(i,j)                 Distance
         0        1        2        3        4        5        6        7        8        9        10       11       12       13       14       15       16       17       18       19       20       21       22       23       24       25       26       27       28       29       30       31       32       33       34       35       36       37       38       39       40       
0        0        589      459      920      767      327      592      708      546      360      135      918      139      540      395      880      644      808      862      674      192      360      1033     211      310      513      649      364      315      597      448      525      587      719      425      687      917      485      771      579      328      
1        589      0        1048     1125     764      895      619      989      918      618      500      1073     679      91       877      1112     644      1122     1166     433      704      376      978      613      280      152      1036     796      426      790      713      282      449      1075     951      243      1042     305      660      945      444      
2        459      1048     0        1027     1057     201      915      808      621      659      560      1067     404      994      425      974      964      841      892      1080     413      784      1300     529      769      961      657      494      727      816      684      961      981      736      285      1135     1089     900      1112     646      709      
3        920      1125     1027     0        418      1088     508      223      412      584      1024     94       803      1156     614      55       495      212      186      760      751      777      451      711      977      1181     377      582      753      349      480      846      693      305      1225     981      148      1262     563      384      1196     
4        767      764      1057     418      0        1039     181      410      504      418      825      340      704      815      648      431      133      524      541      355      668      485      265      572      693      852      569      565      491      257      372      482      314      548      1165     583      296      964      145      502      955      
5        327      895      201      1088     1039     0        876      865      677      622      395      1113     336      832      476      1039     928      926      980      996      370      685      1296     470      624      792      742      512      635      823      676      853      905      823      136      1014     1125     716      1068     707      521      
6        592      619      915      508      181      876      0        413      434      257      644      453      540      659      531      502      52       546      579      273      511      308      445      406      517      691      528      439      310      208      247      338      188      534      998      478      424      794      197      444      775      
7        708      989      808      223      410      865      413      0        188      397      820      261      586      1007     390      176      424      134      176      687      532      620      561      504      804      1023     180      360      584      208      290      726      599      138      1001     886      291      1086     543      162      1000     
8        546      918      621      412      504      677      434      188      0        300      668      446      414      919      201      362      465      262      317      695      359      542      707      358      696      925      118      183      493      248      213      683      593      175      814      861      469      966      609      33       856      
9        360      618      659      584      418      622      257      397      300      0        445      569      286      622      306      553      308      521      570      447      254      242      679      155      408      631      417      211      194      243      106      393      342      461      747      576      562      689      453      327      611      
10       135      500      560      1024     825      395      644      820      668      445      0        1014     274      437      529      988      694      927      981      671      324      366      1090     315      237      401      776      490      338      688      544      501      600      843      457      639      1007     353      805      702      193      
11       918      1073     1067     94       340      1113     453      261      446      569      1014     0        811      1111     645      137      432      289      274      691      761      740      357      707      945      1139     434      600      723      326      471      791      632      370      1249     916      54       1230     483      422      1177     
12       139      679      404      803      704      336      540      586      414      286      274      811      0        643      256      761      592      677      732      677      55       380      964      134      402      625      513      231      322      502      351      558      580      586      461      736      816      615      732      448      466      
13       540      91       994      1156     815      832      659      1007     919      622      437      1111     643      0        858      1139     689      1137     1183     501      674      386      1041     593      241      60       1038     783      427      814      723      333      502      1083     879      329      1083     214      721      948      360      
14       395      877      425      614      648      476      531      390      201      306      529      645      256      858      0        563      574      451      506      752      204      520      879      264      618      850      272      95       461      397      284      689      647      351      613      874      665      861      725      231      722      
15       880      1112     974      55       431      1039     502      176      362      553      988      137      761      1139     563      0        494      156      137      762      707      757      492      673      952      1161     322      536      729      326      447      836      689      249      1176     979      188      1237     576      332      1163     
16       644      644      964      495      133      928      52       424      465      308      694      432      592      689      574      494      0        553      582      269      562      351      395      458      559      724      552      484      359      226      290      362      199      551      1051     486      398      833      151      472      821      
17       808      1122     841      212      524      926      546      134      262      521      927      289      677      1137     451      156      553      0        55       819      622      751      634      613      929      1151     185      446      712      342      416      860      732      105      1062     1020     336      1208     663      229      1112     
18       862      1166     892      186      541      980      579      176      317      570      981      274      732      1183     506      137      582      55       0        850      677      796      627      666      978      1199     238      501      760      379      464      900      767      157      1116     1056     325      1259     683      284      1165     
19       674      433      1080     760      355      996      273      687      695      447      671      691      677      501      752      762      269      819      850      0        668      313      545      551      464      550      797      657      361      481      488      185      105      807      1099     228      650      687      231      709      737      
20       192      704      413      751      668      370      511      532      359      254      324      761      55       674      204      707      562      622      677      668      0        383      926      117      433      660      458      176      324      457      307      562      568      531      500      744      768      659      706      393      517      
21       360      376      784      777      485      685      308      620      542      242      366      740      380      386      520      757      351      751      796      313      383      0        743      271      209      404      659      431      60       430      338      178      234      700      785      361      719      490      443      568      471      
22       1033     978      1300     451      265      1296     445      561      707      679      1090     357      964      1041     879      492      395      634      627      545      926      743      0        835      946      1085     740      806      754      483      621      709      543      694      1425     765      303      1208     319      695      1214     
23       211      613      529      711      572      470      406      504      358      155      315      707      134      593      264      673      458      613      666      551      117      271      835      0        355      588      471      193      211      387      236      449      451      533      593      632      706      611      597      391      499      
24       310      280      769      977      693      624      517      804      696      408      237      945      402      241      618      952      559      929      978      464      433      209      946      355      0        232      813      547      223      628      514      282      415      865      694      403      926      284      638      726      274      
25       513      152      961      1181     852      792      691      1023     925      631      401      1139     625      60       850      1161     724      1151     1199     550      660      404      1085     588      232      0        1043     780      439      835      735      376      543      1092     833      388      1114     153      766      955      306      
26       649      1036     657      377      569      742      528      180      118      417      776      434      513      1038     272      322      552      185      238      797      458      659      740      471      813      1043     0        286      611      327      327      797      698      80       878      972      469      1082     689      91       966      
27       364      796      494      582      565      512      439      360      183      211      490      600      231      783      95       536      484      446      501      657      176      431      806      193      547      780      286      0        374      322      195      597      551      355      648      782      613      804      635      217      681      
28       315      426      727      753      491      635      310      584      493      194      338      723      322      427      461      729      359      712      760      361      324      60       754      211      223      439      611      374      0        404      296      238      272      655      739      421      706      508      467      521      465      
29       597      790      816      349      257      823      208      208      248      243      688      326      502      814      397      326      226      342      379      481      457      430      483      387      628      835      327      322      404      0        151      520      391      326      956      678      319      913      363      250      852      
30       448      713      684      480      372      676      247      290      213      106      544      471      351      723      284      447      290      416      464      488      307      338      621      236      514      735      327      195      296      151      0        470      384      362      807      647      469      795      441      235      716      
31       525      282      961      846      482      853      338      726      683      393      501      791      558      333      689      836      362      860      900      185      562      178      709      449      282      376      797      597      238      520      470      0        169      825      944      185      759      505      390      705      553      
32       587      449      981      693      314      905      188      599      593      342      600      632      580      502      647      689      199      732      767      105      568      234      543      451      415      543      698      551      272      391      384      169      0        713      1012     290      597      666      226      609      689      
33       719      1075     736      305      548      823      534      138      175      461      843      370      586      1083     351      249      551      105      157      807      531      700      694      533      865      1092     80       355      655      326      362      825      713      0        959      995      410      1139     677      142      1032     
34       425      951      285      1225     1165     136      998      1001     814      747      457      1249     461      879      613      1176     1051     1062     1116     1099     500      785      1425     593      694      833      878      648      739      956      807      944      1012     959      0        1095     1261     735      1186     844      539      
35       687      243      1135     981      583      1014     478      886      861      576      639      916      736      329      874      979      486      1020     1056     228      744      361      765      632      403      388      972      782      421      678      647      185      290      995      1095     0        876      539      458      881      644      
36       917      1042     1089     148      296      1125     424      291      469      562      1007     54       816      1083     665      188      398      336      325      650      768      719      303      706      926      1114     469      613      706      319      469      759      597      410      1261     876      0        1209     437      448      1165     
37       485      305      900      1262     964      716      794      1086     966      689      353      1230     615      214      861      1237     833      1208     1259     687      659      490      1208     611      284      153      1082     804      508      913      795      505      666      1139     735      539      1209     0        891      998      197      
38       771      660      1112     563      145      1068     197      543      609      453      805      483      732      721      725      576      151      663      683      231      706      443      319      597      638      766      689      635      467      363      441      390      226      677      1186     458      437      891      0        613      910      
39       579      945      646      384      502      707      444      162      33       327      702      422      448      948      231      332      472      229      284      709      393      568      695      391      726      955      91       217      521      250      235      705      609      142      844      881      448      998      613      0        890      
40       328      444      709      1196     955      521      775      1000     856      611      193      1177     466      360      722      1163     821      1112     1165     737      517      471      1214     499      274      306      966      681      465      852      716      553      689      1032     539      644      1165     197      910      890      0        
;

