

sets
i        orders          /0*10/
k        routes          /1*10/
p        positions       /0*10/
;

alias(i,j)
alias(i,h)
alias(i,hh)
alias(i,jj)
alias(k,kk)
                            Parameters

rho(i)	Processing time
/
0	0
1	93
2	17
3	81
4	53
5	39
6	30
7	17
8	47
9	64
10	28
/

gamma(i)	Duedate
/
0	0
1	23
2	7
3	87
4	34
5	50
6	49
7	57
8	92
9	10
10	63
/

sigma(i)	Size
/
0	0
1	5
2	1
3	3
4	8
5	6
6	4
7	9
8	5
9	1
10	2
/

epsilon(i)	Priority
/
0	0
1	6
2	1
3	8
4	6
5	6
6	3
7	8
8	5
9	6
10	5
/

psi	Vehicle Capacity
/ 136 /
;

Table kappa(i,j)                 Setup
         0        1        2        3        4        5        6        7        8        9        10       
0        0        1237     350      1023     620      1261     940      326      394      149      1089     
1        1237     0        959      339      617      78       418      1029     848      1341     164      
2        350      959      0        700      382      969      612      75       260      495      830      
3        1023     339      700      0        453      309      91       761      672      1148     317      
4        620      617      382      453      0        645      393      457      232      725      469      
5        1261     78       969      309      645      0        396      1036     878      1371     222      
6        940      418      612      91       393      396      0        671      600      1068     368      
7        326      1029     75       761      457      1036     671      0        325      475      902      
8        394      848      260      672      232      878      600      325      0        492      696      
9        149      1341     495      1148     725      1371     1068     475      492      0        1187     
10       1089     164      830      317      469      222      368      902      696      1187     0        
;



Table delta(i,j)                 Distance
         0        1        2        3        4        5        6        7        8        9        10       
0        0        109      51       9        31       58       33       34       79       50       76       
1        109      0        102      118      112      50       110      88       101      74       58       
2        51       102      0        57       81       60       21       72       29       28       98       
3        9        118      57       0        30       67       37       39       86       59       83       
4        31       112      81       30       0        67       64       24       108      73       65       
5        58       50       60       67       67       0        62       43       71       33       42       
6        33       110      21       37       64       62       0        60       50       37       94       
7        34       88       72       39       24       43       60       0        95       57       44       
8        79       101      29       86       108      71       50       95       0        40       113      
9        50       74       28       59       73       33       37       57       40       0        73       
10       76       58       98       83       65       42       94       44       113      73       0        
;

