

sets
i        orders          /0*10/
k        routes          /1*10/
p        positions       /0*10/
;

alias(i,j)
alias(i,h)
alias(i,hh)
alias(i,jj)
alias(k,kk)
                            Parameters

rho(i)	Processing time
/
0	0
1	5
2	60
3	55
4	40
5	47
6	77
7	39
8	24
9	50
10	89
/

gamma(i)	Duedate
/
0	0
1	58
2	53
3	27
4	8
5	86
6	57
7	2
8	58
9	73
10	40
/

sigma(i)	Size
/
0	0
1	3
2	1
3	6
4	5
5	6
6	1
7	4
8	9
9	3
10	9
/

epsilon(i)	Priority
/
0	0
1	5
2	6
3	6
4	2
5	6
6	7
7	2
8	7
9	1
10	9
/

psi	Vehicle Capacity
/ 58 /
;

Table kappa(i,j)                 Setup
         0        1        2        3        4        5        6        7        8        9        10       
0        0        351      945      1066     825      225      180      763      793      1194     438      
1        351      0        593      787      690      332      207      427      619      904      92       
2        945      593      0        531      812      873      786      246      708      570      511      
3        1066     787      531      0        462      891      886      420      387      133      756      
4        825      690      812      462      0        605      673      583      104      581      716      
5        225      332      873      891      605      0        143      655      582      1023     421      
6        180      207      786      886      673      143      0        590      629      1014     299      
7        763      427      246      420      583      655      590      0        479      512      368      
8        793      619      708      387      104      582      629      479      0        515      635      
9        1194     904      570      133      581      1023     1014     512      515      0        866      
10       438      92       511      756      716      421      299      368      635      866      0        
;



Table delta(i,j)                 Distance
         0        1        2        3        4        5        6        7        8        9        10       
0        0        82       89       58       80       47       54       9        42       23       37       
1        82       0        25       43       55       49       79       76       51       91       47       
2        89       25       0        64       36       68       70       85       50       92       52       
3        58       43       64       0        81       11       84       49       53       76       41       
4        80       55       36       81       0        80       41       79       39       74       49       
5        47       49       68       11       80       0        78       38       48       66       35       
6        54       79       70       84       41       78       0        58       31       39       43       
7        9        76       85       49       79       38       58       0        40       31       32       
8        42       51       50       53       39       48       31       40       0        42       13       
9        23       91       92       76       74       66       39       31       42       0        44       
10       37       47       52       41       49       35       43       32       13       44       0        
;

