

sets
i        orders          /0*10/
k        routes          /1*10/
p        positions       /0*10/
;

alias(i,j)
alias(i,h)
alias(i,hh)
alias(i,jj)
alias(k,kk)
                            Parameters

rho(i)	Processing time
/
0	0
1	99
2	67
3	47
4	74
5	40
6	31
7	69
8	18
9	69
10	85
/

gamma(i)	Duedate
/
0	0
1	63
2	84
3	48
4	5
5	5
6	48
7	94
8	18
9	97
10	61
/

sigma(i)	Size
/
0	0
1	6
2	9
3	4
4	6
5	7
6	6
7	5
8	8
9	5
10	7
/

epsilon(i)	Priority
/
0	0
1	9
2	9
3	5
4	7
5	7
6	9
7	6
8	6
9	7
10	4
/

psi	Vehicle Capacity
/ 149 /
;

Table kappa(i,j)                 Setup
         0        1        2        3        4        5        6        7        8        9        10       
0        0        490      928      748      811      642      268      833      1021     172      262      
1        490      0        960      821      604      489      744      991      960      379      271      
2        928      960      0        180      475      487      910      242      192      796      807      
3        748      821      180      0        436      385      733      200      322      622      642      
4        811      604      475      436      0        169      932      635      391      639      582      
5        642      489      487      385      169      0        766      583      470      471      420      
6        268      744      910      733      932      766      0        752      1046     375      485      
7        833      991      242      200      635      583      752      0        434      738      782      
8        1021     960      192      322      391      470      1046     434      0        871      857      
9        172      379      796      622      639      471      375      738      871      0        111      
10       262      271      807      642      582      420      485      782      857      111      0        
;



Table delta(i,j)                 Distance
         0        1        2        3        4        5        6        7        8        9        10       
0        0        84       86       71       117      40       81       147      56       81       45       
1        84       0        57       15       82       45       105      90       62       53       51       
2        86       57       0        61       32       55       57       62       31       5        41       
3        71       15       61       0        90       33       102      102      59       57       44       
4        117      82       32       90       0        87       68       39       61       37       73       
5        40       45       55       33       87       0        76       112      35       49       17       
6        81       105      57       102      68       76       0        107      43       57       60       
7        147      90       62       102      39       112      107      0        94       67       102      
8        56       62       31       59       61       35       43       94       0        27       18       
9        81       53       5        57       37       49       57       67       27       0        36       
10       45       51       41       44       73       17       60       102      18       36       0        
;

