
sets
i        orders          /0*40/
k        routes          /1*40/
p        positions       /0*40/
;

alias(i,j)
alias(i,h)
alias(i,hh)
alias(i,jj)
alias(k,kk)
                
                    Parameters

rho(i)	Processing time
/
0	0
1	31
2	25
3	5
4	54
5	8
6	5
7	30
8	99
9	77
10	5
11	55
12	68
13	27
14	77
15	39
16	73
17	66
18	27
19	79
20	89
21	56
22	2
23	38
24	60
25	49
26	66
27	83
28	87
29	40
30	97
31	13
32	69
33	40
34	28
35	77
36	26
37	79
38	52
39	40
40	26
/

gamma(i)	Duedate
/
0	0
1	14
2	16
3	11
4	52
5	60
6	97
7	37
8	57
9	80
10	44
11	2
12	61
13	88
14	95
15	41
16	10
17	73
18	25
19	28
20	17
21	11
22	90
23	97
24	54
25	68
26	22
27	75
28	79
29	20
30	28
31	26
32	66
33	70
34	94
35	44
36	27
37	47
38	99
39	82
40	73
/

sigma(i)	Size
/
0	0
1	9
2	9
3	6
4	5
5	8
6	5
7	5
8	8
9	6
10	3
11	8
12	5
13	5
14	6
15	9
16	5
17	8
18	6
19	6
20	3
21	2
22	7
23	7
24	7
25	7
26	7
27	2
28	5
29	4
30	6
31	7
32	7
33	4
34	1
35	9
36	3
37	1
38	3
39	6
40	4
/

epsilon(i)	Priority
/
0	0
1	7
2	9
3	3
4	5
5	9
6	2
7	1
8	5
9	1
10	5
11	3
12	7
13	9
14	7
15	5
16	4
17	3
18	6
19	6
20	9
21	4
22	5
23	9
24	7
25	8
26	6
27	5
28	7
29	6
30	7
31	2
32	4
33	7
34	9
35	9
36	7
37	6
38	8
39	5
40	5
/

psi	Vehicle Capacity
/ 33 /
;

Table kappa(i,j)                 Setup
         0        1        2        3        4        5        6        7        8        9        10       11       12       13       14       15       16       17       18       19       20       21       22       23       24       25       26       27       28       29       30       31       32       33       34       35       36       37       38       39       40       
0        0        268      260      147      189      271      273      98       289      236      175      37       67       167      285      319      277      298      172      134      160      362      349      293      347      156      24       286      125      83       182      266      146      312      129      64       288      113      287      301      311      
1        268      0        147      322      168      28       164      314      232      37       95       240      278      422      379      97       170      186      114      169      227      147      149      177      109      303      269      116      312      352      88       208      173      199      394      274      72       226      26       83       148      
2        260      147      0        239      266      121      19       256      85       121      165      223      303      427      250      100      25       323      196      235      134      118      100      39       128      212      248      258      355      335      127      332      247      63       386      231      89       281      171      91       54       
3        147      322      239      0        313      312      242      55       221      284      255      131      214      259      142      331      242      416      268      255      105      357      339      256      360      29       123      384      270      162      237      394      270      266      211      84       307      253      347      316      292      
4        189      168      266      313      0        190      286      277      339      161      101      185      159      298      423      260      292      108      70       57       261      312      309      305      277      308      206      113      167      259      139      82       43       329      284      234      230      89       170      243      294      
5        271      28       121      312      190      0        137      309      207      35       106      241      288      430      360      71       144      214      130      184      213      122      122      150      88       291      270      144      326      355      89       235      190      171      399      271      44       240      49       56       120      
6        273      164      19       242      286      137      0        264      70       140      184      236      318      440      242      108      6        341      215      254      139      117      98       20       134      215      260      276      371      346      146      351      266      44       398      241      102      299      187      102      50       
7        98       314      256      55       277      309      264      0        255      277      235      92       162      206      198      339      265      384      243      220      125      372      355      280      369      75       74       360      217      108      226      357      234      294      158      43       312      209      338      322      310      
8        289      232      85       221      339      207      70       255      0        206      239      253      344      450      185      175      64       405      269      300      133      173      152      64       198      191      272      342      401      352      201      410      314      57       404      243      172      338      256      171      109      
9        236      37       121      284      161      35       140      277      206      0        72       206      252      394      344      100      146      202      97       150      190      151      147      156      121      266      236      136      291      320      54       215      157      179      363      238      68       206      63       82       135      
10       175      95       165      255      101      106      184      235      239      72       0        152      183      327      343      171      190      174      31       79       179      221      216      204      193      242      180      129      219      259      38       171      87       228      299      193      139      134      112      153      195      
11       37       240      223      131      185      241      236      92       253      206      152      0        96       203      261      285      239      292      154      127      125      327      313      256      314      134      29       271      155      115      152      265      142      275      164      49       255      122      261      267      274      
12       67       278      303      214      159      288      318      162      344      252      183      96       0        145      352      346      323      264      168      116      221      393      383      339      371      224      92       268      59       104      202      225      122      360      125      131      314      70       293      327      349      
13       167      422      427      259      298      430      440      206      450      394      327      203      145      0        399      484      443      396      313      261      317      528      516      459      511      282      179      410      136      99       342      351      265      478      48       206      452      210      438      465      478      
14       285      379      250      142      423      360      242      198      185      344      343      261      352      399      0        350      238      516      365      369      164      356      336      245      376      128      260      469      410      304      313      504      385      242      350      220      338      381      406      341      290      
15       319      97       100      331      260      71       108      339      175      100      171      285      346      484      350      0        113      282      198      250      226      51       52       111      29       306      314      209      389      401      144      305      258      126      449      306      32       305      109      19       68       
16       277      170      25       242      292      144      6        265      64       146      190      239      323      443      238      113      0        348      221      259      140      120      100      16       138      214      263      283      376      349      152      357      272      38       401      243      108      304      193      107      53       
17       298      186      323      416      108      214      341      384      405      202      174      292      264      396      516      282      348      0        151      164      352      330      334      358      288      409      314      73       260      367      208      50       151      381      388      341      259      194      173      269      334      
18       172      114      196      268      70       130      215      243      269      97       31       154      168      313      365      198      221      151      0        55       201      249      244      235      218      259      181      117      198      253      69       143      59       259      289      199      166      111      125      180      225      
19       134      169      235      255      57       184      254      220      300      150      79       127      116      261      369      250      259      164      55       0        209      301      294      274      272      251      149      154      143      210      111      139      15       298      241      177      218      56       180      232      271      
20       160      227      134      105      261      213      139      125      133      190      179      125      221      317      164      226      140      352      201      209      0        252      234      155      255      80       140      307      280      218      151      342      225      168      271      110      204      231      253      211      188      
21       362      147      118      357      312      122      117      372      173      151      221      327      393      528      356      51       120      330      249      301      252      0        20       111      44       330      354      257      437      442      192      355      308      117      491      343      82       355      157      68       67       
22       349      149      100      339      309      122      98       355      152      147      216      313      383      516      336      52       100      334      244      294      234      20       0        91       56       312      340      262      429      428      184      357      303      97       478      327      79       348      161      66       47       
23       293      177      39       256      305      150      20       280      64       156      204      256      339      459      245      111      16       358      235      274      155      111      91       0        134      228      280      291      392      365      166      369      286      24       417      259      111      319      199      108      45       
24       347      109      128      360      277      88       134      369      198      121      193      314      371      511      376      29       138      288      218      272      255      44       56       134      0        336      342      215      412      429      169      315      278      146      476      336      59       328      115      46       89       
25       156      303      212      29       308      291      215      75       191      266      242      134      224      282      128      306      214      409      259      251      80       330      312      228      336      0        132      372      282      183      221      390      267      237      234      92       284      256      329      292      265      
26       24       269      248      123      206      270      260      74       272      236      180      29       92       179      260      314      263      314      181      149      140      354      340      280      342      132      0        297      149      87       181      285      163      298      137      39       283      134      290      296      300      
27       286      116      258      384      113      144      276      360      342      136      129      271      268      410      469      209      283      73       117      154      307      257      262      291      215      372      297      0        280      364      156      107      146      314      394      317      188      200      100      198      264      
28       125      312      355      270      167      326      371      217      401      291      219      155      59       136      410      389      376      260      198      143      280      437      429      392      412      282      149      280      0        138      245      215      142      414      136      189      356      86       323      370      399      
29       83       352      335      162      259      355      346      108      352      320      259      115      104      99       304      401      349      367      253      210      218      442      428      365      429      183      87       364      138      0        265      329      219      382      52       108      370      172      371      383      387      
30       182      88       127      237      139      89       146      226      201      54       38       152      202      342      313      144      152      208      69       111      151      192      184      166      169      221      181      156      245      265      0        209      122      190      310      185      111      163      112      125      159      
31       266      208      332      394      82       235      351      357      410      215      171      265      225      351      504      305      357      50       143      139      342      355      357      369      315      390      285      107      215      329      209      0        124      393      346      315      279      156      200      291      350      
32       146      173      247      270      43       190      266      234      314      157      87       142      122      265      385      258      272      151      59       15       225      308      303      286      278      267      163      146      142      219      122      124      0        310      247      191      225      56       181      239      281      
33       312      199      63       266      329      171      44       294      57       179      228      275      360      478      242      126      38       381      259      298      168      117      97       24       146      237      298      314      414      382      190      393      310      0        435      275      131      343      220      126      58       
34       129      394      386      211      284      399      398      158      404      363      299      164      125      48       350      449      401      388      289      241      271      491      478      417      476      234      137      394      136      52       310      346      247      435      0        161      417      195      411      430      438      
35       64       274      231      84       234      271      241      43       243      238      193      49       131      206      220      306      243      341      199      177      110      343      327      259      336      92       39       317      189      108      185      315      191      275      161      0        278      170      297      289      284      
36       288      72       89       307      230      44       102      312      172      68       139      255      314      452      338      32       108      259      166      218      204      82       79       111      59       284      283      188      356      370      111      279      225      131      417      278      0        272      90       13       76       
37       113      226      281      253      89       240      299      209      338      206      134      122      70       210      381      305      304      194      111      56       231      355      348      319      328      256      134      200      86       172      163      156      56       343      195      170      272      0        236      286      321      
38       287      26       171      347      170      49       187      338      256      63       112      261      293      438      406      109      193      173      125      180      253      157      161      199      115      329      290      100      323      371      112      200      181      220      411      297      90       236      0        98       167      
39       301      83       91       316      243      56       102      322      171      82       153      267      327      465      341      19       107      269      180      232      211      68       66       108      46       292      296      198      370      383      125      291      239      126      430      289      13       286      98       0        69       
40       311      148      54       292      294      120      50       310      109      135      195      274      349      478      290      68       53       334      225      271      188      67       47       45       89       265      300      264      399      387      159      350      281      58       438      284      76       321      167      69       0        
;



Table delta(i,j)                 Distance
         0        1        2        3        4        5        6        7        8        9        10       11       12       13       14       15       16       17       18       19       20       21       22       23       24       25       26       27       28       29       30       31       32       33       34       35       36       37       38       39       40       
0        0        33       163      136      73       145      222      59       259      105      188      226      84       198      177      158      159      141      256      129      160      174      118      153      90       72       213      181      161      196      269      153      164      170      222      208      192      112      149      126      144      
1        33       0        134      104      69       177      220      27       282      136      212      249      62       230      152      146      186      113      282      121      128      186      91       159      65       48       186      199      193      222      295      163      184      203      251      188      175      114      181      156      149      
2        163      134      0        43       184      288      312      122      414      247      346      382      148      339      36       99       274      23       354      216      92       308      46       180      140      91       55       249      321      303      429      284      314      318      385      229      229      146      312      259      265      
3        136      104      43       0        144      273      268      86       377      231      311      346      106      325      78       124      267      39       354      172      56       267      43       191      97       71       98       254      297      299      394      243      277      301      354      187      186      151      285      246      223      
4        73       69       184      144      0        198      151      64       233      164      172      203      42       249      210      214      224      167      323      55       141      124      149      224      52       112      240      254      187      262      254      99       133      217      221      141      123      181      167      187      82       
5        145      177      288      273      198      0        312      204      240      42       173      208      225      53       289      236      57       265      138      246      305      227      242      168      233      202      327      131      74       84       224      219      188      30       164      339      320      162      93       32       226      
6        222      220      312      268      151      312      0        208      201      289      187      192      170      353      345      362      353      301      449      100      236      96       288      375      175      260      367      398      267      390      242      94       143      319      245      120      102      332      240      313      86       
7        59       27       122      86       64       204      208      0        292      163      225      260      41       257      146      153      213      104      309      108      102      188      85       179      41       51       177      224      216      250      308      163      192      229      268      164      153      134      202      184      147      
8        259      282      414      377      233      240      201      292      0        246      73       34       275      251      434      416      296      394      366      228      372      123      373      382      285      329      468      367      166      322      44       145      100      226      84       306      284      355      147      261      168      
9        105      136      247      231      164      42       289      163      246      0        174      212      187      94       249      200      64       223      161      215      264      212      200      141      195      160      287      122      92       100      237      200      178      71       179      305      287      127      100      24       203      
10       188      212      346      311      172      173      187      225      73       174      0        39       214      194      365      343      229      326      306      180      313      92       304      309      224      259      399      296      103      257      83       104      47       164      58       270      247      281      80       191      125      
11       226      249      382      346      203      208      192      260      34       212      39       0        246      223      402      382      264      362      337      204      344      104      340      348      256      296      436      334      135      291      53       122      71       196      63       288      265      320      115      228      145      
12       84       62       148      106      42       225      170      41       275      187      214      246      0        278      177      193      243      133      340      70       99       162      118      220      10       91       203      261      224      280      296      137      175      247      263      126      113      175      206      209      117      
13       198      230      339      325      249      53       353      257      251      94       194      223      278      0        337      280      78       315      115      294      358      263      293      203      286      254      375      150      91       81       227      259      219      33       169      389      369      206      117      79       268      
14       177      152      36       78       210      289      345      146      434      249      365      402      177      337      0        74       268      43       340      246      128      334      61       162      170      105      37       233      330      294      446      310      336      320      400      265      264      136      324      259      292      
15       158      146      99       124      214      236      362      153      416      200      343      382      193      280      74       0        205      87       269      261      181      331      84       89       190      102      105      161      289      227      420      308      323      267      368      303      298      74       288      204      295      
16       159      186      274      267      224      57       353      213      296      64       229      264      243      78       268      205      0        251      98       277      308      275      230      125      249      197      305      75       132      37       281      264      239      79       221      365      347      133      149      40       267      
17       141      113      23       39       167      265      301      104      394      223      326      362      133      315      43       87       251      0        332      203      94       291      23       161      127      68       73       229      298      281      408      267      295      294      363      225      224      125      290      236      249      
18       256      282      354      354      323      138      449      309      366      161      306      337      340      115      340      269      98       332      0        375      400      365      314      180      346      286      375      108      203      60       342      357      325      141      284      463      446      207      226      136      362      
19       129      121      216      172      55       246      100      108      228      215      180      204      70       294      246      261      277      203      375      0        150      106      188      279      75       159      271      310      223      314      258      83       134      261      237      96       75       235      199      239      60       
20       160      128      92       56       141      305      236      102      372      264      313      344      99       358      128      181      308      94       400      150      0        255      99       244      88       113      138      304      317      343      396      230      273      331      362      139      143      202      301      283      208      
21       174      186      308      267      124      227      96       188      123      212      92       104      162      263      334      331      275      291      365      106      255      0        273      322      171      233      364      330      174      309      157      24       47       229      150      184      161      284      147      234      46       
22       118      91       46       43       149      242      288      85       373      200      304      340      118      293      61       84       230      23       314      188      99       273      0        147      113      45       95       212      275      261      386      248      274      271      340      220      216      108      266      214      232      
23       153      159      180      191      224      168      375      179      382      141      309      348      220      203      162      89       125      161      180      279      244      322      147      0        221      137      195      72       233      140      378      303      301      197      321      344      333      45       240      136      296      
24       90       65       140      97       52       233      175      41       285      195      224      256      10       286      170      190      249      127      346      75       88       171      113      221      0        89       196      265      234      286      307      146      185      256      273      123      112      176      216      217      126      
25       72       48       91       71       112      202      260      51       329      160      259      296      91       254      105      102      197      68       286      159      113      233      45       137      89       0        140      191      230      230      341      210      232      230      295      209      200      92       221      175      195      
26       213      186      55       98       240      327      367      177      468      287      399      436      203      375      37       105      305      73       375      271      138      364      95       195      196      140      0        267      367      330      481      339      369      357      435      278      281      172      360      296      321      
27       181      199      249      254      254      131      398      224      367      122      296      334      261      150      233      161      75       229      108      310      304      330      212      72       265      191      267      0        205      75       354      315      300      155      295      387      373      103      219      105      313      
28       161      193      321      297      187      74       267      216      166      92       103      135      224      91       330      289      132      298      203      223      317      174      275      233      234      230      367      205      0        156      149      173      129      61       90       319      297      217      26       100      186      
29       196      222      303      299      262      84       390      250      322      100      257      291      280      81       294      227      37       281      60       314      343      309      261      140      286      230      330      75       156      0        302      299      271      97       243      402      385      158      176      76       303      
30       269      295      429      394      254      224      242      308      44       237      83       53       296      227      446      420      281      408      342      258      396      157      386      378      307      341      481      354      149      302      0        176      123      205      59       341      319      355      137      249      199      
31       153      163      284      243      99       219      94       163      145      200      104      122      137      259      310      308      264      267      357      83       230      24       248      303      146      210      339      315      173      299      176      0        56       225      162      167      144      264      146      223      23       
32       164      184      314      277      133      188      143      192      100      178      47       71       175      219      336      323      239      295      325      134      273      47       274      301      185      232      369      300      129      271      123      56       0        186      106      223      200      268      102      199      78       
33       170      203      318      301      217      30       319      229      226      71       164      196      247      33       320      267      79       294      141      261      331      229      271      197      256      230      357      155      61       97       205      225      186      0        146      356      336      193      85       63       234      
34       222      251      385      354      221      164      245      268      84       179      58       63       263      169      400      368      221      363      284      237      362      150      340      321      273      295      435      295      90       243      59       162      106      146      0        328      305      300      80       190      183      
35       208      188      229      187      141      339      120      164      306      305      270      288      126      389      265      303      365      225      463      96       139      184      220      344      123      209      278      387      319      402      341      167      223      356      328      0        23       299      295      328      145      
36       192      175      229      186      123      320      102      153      284      287      247      265      113      369      264      298      347      224      446      75       143      161      216      333      112      200      281      373      297      385      319      144      200      336      305      23       0        288      273      310      122      
37       112      114      146      151      181      162      332      134      355      127      281      320      175      206      136      74       133      125      207      235      202      284      108      45       176      92       172      103      217      158      355      264      268      193      300      299      288      0        219      130      256      
38       149      181      312      285      167      93       240      202      147      100      80       115      206      117      324      288      149      290      226      199      301      147      266      240      216      221      360      219      26       176      137      146      102      85       80       295      273      219      0        113      160      
39       126      156      259      246      187      32       313      184      261      24       191      228      209      79       259      204      40       236      136      239      283      234      214      136      217      175      296      105      100      76       249      223      199      63       190      328      310      130      113      0        226      
40       144      149      265      223      82       226      86       147      168      203      125      145      117      268      292      295      267      249      362      60       208      46       232      296      126      195      321      313      186      303      199      23       78       234      183      145      122      256      160      226      0        
;

