

sets
i        orders          /0*80/
k        routes          /1*80/
p        positions       /0*80/
;

alias(i,j)
alias(i,h)
alias(i,hh)
alias(i,jj)
alias(k,kk)
                            Parameters

rho(i)	Processing time
/
0	0
1	23
2	76
3	49
4	17
5	80
6	18
7	54
8	24
9	93
10	99
11	55
12	81
13	98
14	38
15	29
16	97
17	46
18	18
19	32
20	71
21	42
22	77
23	99
24	91
25	99
26	40
27	49
28	10
29	62
30	28
31	23
32	40
33	56
34	10
35	82
36	87
37	54
38	31
39	65
40	33
41	28
42	81
43	29
44	78
45	10
46	19
47	61
48	7
49	95
50	38
51	89
52	15
53	44
54	88
55	76
56	11
57	98
58	82
59	3
60	77
61	3
62	51
63	12
64	42
65	78
66	89
67	65
68	11
69	22
70	7
71	62
72	58
73	89
74	55
75	95
76	29
77	9
78	44
79	4
80	47
/

gamma(i)	Duedate
/
0	0
1	13
2	81
3	66
4	33
5	88
6	45
7	97
8	94
9	59
10	74
11	92
12	38
13	77
14	10
15	85
16	22
17	83
18	56
19	95
20	88
21	67
22	59
23	77
24	22
25	30
26	11
27	29
28	92
29	64
30	78
31	39
32	89
33	23
34	74
35	16
36	22
37	53
38	95
39	19
40	79
41	14
42	75
43	25
44	51
45	66
46	73
47	45
48	88
49	40
50	2
51	2
52	16
53	3
54	18
55	68
56	26
57	59
58	26
59	97
60	23
61	78
62	95
63	2
64	84
65	41
66	26
67	3
68	74
69	83
70	72
71	40
72	3
73	1
74	21
75	74
76	3
77	88
78	7
79	70
80	9
/

sigma(i)	Size
/
0	0
1	2
2	3
3	8
4	7
5	1
6	1
7	8
8	8
9	3
10	5
11	8
12	3
13	4
14	7
15	6
16	7
17	1
18	9
19	9
20	1
21	4
22	5
23	3
24	8
25	8
26	3
27	9
28	7
29	1
30	8
31	3
32	2
33	3
34	4
35	8
36	3
37	5
38	7
39	3
40	1
41	2
42	5
43	6
44	5
45	9
46	1
47	3
48	5
49	4
50	6
51	1
52	6
53	1
54	6
55	7
56	2
57	2
58	8
59	9
60	6
61	1
62	5
63	8
64	2
65	4
66	2
67	5
68	5
69	9
70	4
71	4
72	9
73	4
74	9
75	7
76	5
77	5
78	8
79	4
80	1
/

epsilon(i)	Priority
/
0	0
1	6
2	9
3	1
4	7
5	2
6	4
7	9
8	2
9	4
10	5
11	9
12	1
13	2
14	5
15	6
16	9
17	9
18	8
19	7
20	6
21	8
22	7
23	9
24	3
25	5
26	2
27	9
28	6
29	8
30	2
31	3
32	6
33	4
34	8
35	3
36	6
37	2
38	6
39	7
40	8
41	2
42	4
43	8
44	6
45	2
46	3
47	3
48	4
49	4
50	3
51	3
52	9
53	6
54	4
55	7
56	8
57	4
58	4
59	9
60	7
61	1
62	6
63	9
64	5
65	1
66	8
67	9
68	9
69	3
70	7
71	7
72	6
73	7
74	5
75	4
76	7
77	1
78	2
79	8
80	9
/

psi	Vehicle Capacity
/ 30 /
;

Table kappa(i,j)                 Setup
         0        1        2        3        4        5        6        7        8        9        10       11       12       13       14       15       16       17       18       19       20       21       22       23       24       25       26       27       28       29       30       31       32       33       34       35       36       37       38       39       40       41       42       43       44       45       46       47       48       49       50       51       52       53       54       55       56       57       58       59       60       61       62       63       64       65       66       67       68       69       70       71       72       73       74       75       76       77       78       79       80       
0        0        4800     1438     2953     2451     4886     3717     830      4880     3029     2729     3737     4841     5125     3441     2204     2516     1011     3458     2664     5101     1820     2632     3511     4633     5838     3130     4910     2358     3097     1655     2177     4587     6279     4208     3854     5761     1144     4196     1203     517      2510     3570     4528     994      4885     2416     4762     3985     2709     1795     3208     1965     3712     3747     3158     911      5490     2540     3534     5151     2743     2422     1656     2309     548      2035     1537     5031     3920     2357     3130     2383     1571     2356     520      3853     1929     3327     2570     4907     
1        4800     0        3869     7598     7101     2731     4111     4278     2758     1873     6539     5006     3383     645      6387     3895     3124     4033     8116     6182     475      3316     5371     2980     2612     1132     6448     1011     4219     4052     3332     3820     5477     1546     2071     1890     967      5585     3670     5954     4531     4255     6413     6575     5383     5159     3213     383      3595     3829     4581     7297     6213     3508     4032     4169     5702     1935     6531     1322     6795     6588     5364     3659     4759     4373     3002     3643     3417     4325     6366     2952     2556     3901     6915     5295     5882     4487     5238     5591     3442     
2        1438     3869     0        3766     3283     3478     2340     1659     4738     1995     2740     2554     3403     4323     4671     2750     2636     1597     4281     2451     4074     553      1901     3578     3230     4784     4432     3748     1097     1739     1680     2684     3394     5221     3911     2560     4830     2576     2765     2278     1601     3198     3017     5599     1576     3587     996      3738     4235     1317     2732     3459     2344     2278     2358     3726     2256     5004     2691     2785     6156     4135     3555     2027     3240     895      866      231      3593     2565     2517     3194     1315     173      3778     1746     2949     2801     4245     3747     3469     
3        2953     7598     3766     0        503      6967     5144     3729     7808     5737     1879     4588     6659     7993     5027     4993     5439     3945     518      2295     7832     4315     3169     6413     6750     8549     4550     7510     3930     4614     4608     4990     5232     8987     7160     6284     8565     2881     5855     1758     3401     5159     3177     6337     2214     5793     4644     7495     6795     4448     4356     1410     1527     5469     5219     5824     2245     8439     1638     6404     7026     3834     4519     4573     4751     3258     4617     3980     6849     5221     1674     6044     5052     3776     2526     2434     4038     4522     5592     4528     6704     
4        2451     7101     3283     503      0        6539     4770     3235     7314     5245     1678     4276     6258     7492     4697     4515     4945     3447     1018     2042     7341     3829     2839     5923     6316     8060     4231     7030     3510     4218     4106     4509     4966     8499     6660     5816     8068     2447     5464     1262     2906     4699     3007     5996     1720     5499     4181     7003     6320     4026     3897     1430     1132     5062     4841     5365     1772     7936     1403     5902     6684     3536     4113     4078     4310     2755     4128     3493     6450     4864     1386     5552     4559     3300     2278     1933     3808     4062     5182     4139     6306     
5        4886     2731     3478     6967     6539     0        2078     4809     5307     2431     5393     2998     708      3364     7659     5209     4601     4626     7451     4952     2465     3073     3992     4999     258      2740     7549     1772     3038     2420     4172     5123     3144     3022     4466     1317     3221     5981     1357     5718     4902     5682     4748     8249     4960     2662     2481     2350     5740     2519     5622     6186     5440     1557     1984     5896     5734     4663     5503     3026     8640     7419     6513     4635     6008     4339     2916     3350     694      2171     5390     4783     2734     3385     7242     5224     3952     5606     6814     6739     749      
6        3717     4111     2340     5144     4770     2078     0        3988     6087     2753     3423     944      1573     4738     7006     4900     4550     3895     5593     2972     4044     2264     2012     5296     1947     4543     6772     3422     1388     621      3757     4822     1404     4903     5187     2222     4881     4859     752      4203     3940     5379     2671     7880     3421     1323     1637     3797     6038     1022     5028     4200     3638     612      94       5805     4393     5855     3576     3698     8399     6455     5878     4193     5516     3204     2341     2352     1751     259      3491     4966     2510     2179     5945     3883     1893     5076     6484     6077     1604     
7        830      4278     1659     3729     3235     4809     3988     0        4079     2659     3538     4188     4886     4527     3018     1380     1710     247      4222     3437     4628     1803     3269     2694     4551     5367     2806     4538     2738     3396     964      1349     5036     5802     3450     3640     5217     1309     4343     1972     329      1721     4284     3956     1815     5246     2471     4297     3154     2967     1100     4038     2793     3855     4000     2351     1535     4763     3361     2967     4535     2610     1896     843      1623     945      1897     1639     5066     4219     3176     2318     2113     1828     2644     1313     4452     1199     2648     2089     4957     
8        4880     2758     4738     7808     7314     5307     6087     4079     0        3334     7386     6811     5862     2318     4758     2906     2369     3870     8297     7160     3203     4322     6618     1417     5129     3606     5009     3745     5587     5782     3265     2884     7485     3851     899      4135     3041     5115     5897     6051     4407     2950     7739     4462     5791     7339     4645     3115     1404     5410     3664     8007     6771     5574     6034     2460     5586     1306     7271     2407     4479     5431     4080     3235     3518     4719     4058     4528     5945     6340     7085     1765     3701     4862     6255     5386     7504     3505     3443     4257     5932     
9        3029     1873     1995     5737     5245     2431     2753     2659     3334     0        4683     3506     2776     2353     5289     2794     2170     2433     6255     4343     2099     1443     3586     2665     2187     2826     5227     1889     2449     2481     1841     2708     4152     3267     2434     1119     2835     3951     2618     4133     2851     3259     4672     5820     3524     4017     1432     1760     3419     2153     3280     5432     4339     2253     2700     3468     3941     3218     4664     966      6210     5197     4159     2280     3620     2556     1129     1770     2910     3006     4497     2397     686      2030     5282     3496     4273     3241     4386     4389     2852     
10       2729     6539     2740     1879     1678     5393     3423     3538     7386     4683     0        2757     4987     7036     5834     4918     5107     3668     2245     452      6681     3265     1412     6107     5203     7348     5419     6241     2427     2973     4143     4883     3359     7770     6604     4949     7481     3355     4166     2035     3244     5239     1329     7062     1737     3934     3352     6359     6659     2926     4507     796      871      3842     3507     5885     2588     7741     287      5523     7725     4807     5004     4301     5006     2699     3580     2970     5170     3458     409      5715     4029     2667     3723     2374     2159     4649     5999     5098     5023     
11       3737     5006     2554     4588     4276     2998     944      4188     6811     3506     2757     0        2429     5622     7156     5285     5056     4149     4994     2311     4965     2679     1438     5893     2883     5482     6866     4357     1457     1029     4169     5215     851      5846     5917     3127     5805     4834     1643     3947     4067     5745     1799     8143     3201     1237     2185     4707     6612     1420     5279     3488     3161     1550     1036     6242     4253     6686     2959     4471     8709     6458     6073     4562     5792     3295     2851     2649     2587     829      2915     5537     3129     2381     5766     3776     954      5354     6800     6251     2445     
12       4841     3383     3403     6659     6258     708      1573     4886     5862     2776     4987     2429     0        4024     7830     5461     4920     4729     7123     4537     3149     3090     3574     5426     770      3448     7677     2458     2756     2045     4366     5376     2473     3728     4996     1743     3921     5970     822      5550     4932     5943     4218     8516     4772     1962     2437     3008     6177     2256     5789     5769     5136     1199     1485     6224     5637     5301     5127     3509     8949     7481     6679     4832     6214     4294     3001     3317     194      1604     5031     5173     2923     3282     7176     5120     3371     5794     7081     6898     76       
13       5125     645      4323     7993     7492     3364     4738     4527     2318     2353     7036     5622     4024     0        6362     3948     3177     4280     8510     6696     954      3779     5918     2826     3253     1296     6472     1612     4769     4651     3564     3882     6112     1597     1790     2521     805      5813     4313     6307     4805     4252     6980     6421     5785     5802     3752     1015     3347     4406     4681     7778     6656     4139     4661     4067     6007     1329     7010     1593     6578     6682     5403     3828     4791     4740     3462     4093     4054     4956     6839     2884     3012     4374     7126     5634     6483     4569     5149     5624     4082     
14       3441     6387     4671     5027     4697     7659     7006     3018     4758     5289     5834     7156     7830     6362     0        2531     3277     3128     5336     5918     6833     4796     6060     3586     7403     7515     489      6979     5728     6411     3487     2614     8007     7904     4685     6390     7161     2491     7342     3802     3092     2132     6913     1313     4237     8254     5466     6553     3354     5984     2042     6014     4964     6856     7018     2344     3249     5952     5576     5144     2003     1225     1150     3025     1673     3861     4835     4656     8001     7236     5425     3478     4930     4838     2554     3558     7287     2053     1317     934      7904     
15       2204     3895     2750     4993     4515     5209     4900     1380     2906     2794     4918     5285     5461     3948     2531     0        774      1266     5461     4805     4327     2643     4554     1491     4958     5028     2554     4448     3838     4372     1143     85       6108     5432     2472     3911     4726     2214     5085     3267     1687     484      5612     3055     3194     6215     3268     4036     1805     3932     777      5411     4169     4621     4890     992      2747     3826     4741     2621     3515     2737     1468     724      868      2269     2572     2636     5618     5152     4556     1191     2541     2920     3369     2652     5684     636      1620     1696     5536     
16       2516     3124     2636     5439     4945     4601     4550     1710     2369     2170     5107     5056     4920     3177     3277     774      0        1504     5930     4929     3561     2379     4529     1003     4358     4256     3324     3712     3658     4080     979      704      5843     4659     1788     3286     3952     2814     4633     3682     2038     1151     5631     3660     3452     5873     2921     3276     1599     3650     1512     5683     4438     4194     4526     1304     3224     3136     4967     1867     4040     3504     2241     866      1635     2408     2222     2469     5065     4809     4780     615      2068     2792     4052     3019     5572     1392     2236     2467     4996     
17       1011     4033     1597     3945     3447     4626     3895     247      3870     2433     3668     4149     4729     4280     3128     1266     1504     0        4443     3540     4385     1668     3306     2500     4367     5124     2948     4306     2693     3317     717      1223     4992     5559     3221     3435     4970     1552     4214     2187     551      1656     4350     4002     1968     5173     2338     4055     2996     2882     1137     4200     2953     3728     3902     2255     1771     4528     3504     2720     4559     2799     1987     647      1643     1003     1729     1544     4906     4133     3318     2118     1910     1770     2886     1516     4465     1204     2653     2193     4801     
18       3458     8116     4281     518      1018     7451     5593     4222     8297     6255     2245     4994     7123     8510     5336     5461     5930     4443     0        2684     8349     4831     3597     6896     7237     9065     4852     8023     4412     5079     5113     5462     5599     9502     7662     6791     9083     3312     6314     2257     3896     5607     3485     6649     2732     6179     5150     8012     7259     4931     4803     1637     2014     5940     5671     6268     2717     8947     2036     6921     7340     4122     4909     5064     5178     3774     5134     4496     7313     5658     2102     6532     5569     4288     2791     2937     4384     4971     5982     4901     7167     
19       2664     6182     2451     2295     2042     4952     2972     3437     7160     4343     452      2311     4537     6696     5918     4805     4929     3540     2684     0        6305     2951     963      5920     4766     6960     5524     5846     2018     2531     3953     4764     2938     7378     6353     4548     7114     3426     3716     2169     3166     5157     1038     7110     1709     3500     2976     5987     6505     2505     4459     1235     1055     3398     3056     5787     2677     7452     657      5211     7760     4949     5024     4155     4972     2545     3262     2677     4720     3006     660      5528     3705     2358     3944     2383     1765     4592     5983     5137     4573     
20       5101     475      4074     7832     7341     2465     4044     4628     3203     2099     6681     4965     3149     954      6833     4327     3561     4385     8349     6305     0        3521     5455     3452     2384     740      6881     692      4308     4057     3699     4250     5370     1179     2542     1846     840      5937     3532     6229     4865     4700     6461     7044     5621     5004     3330     339      4070     3881     4994     7453     6411     3432     3959     4634     6009     2283     6693     1718     7269     6997     5794     4051     5194     4648     3215     3854     3160     4239     6534     3415     2782     4088     7272     5583     5871     4907     5699     6023     3202     
21       1820     3316     553      4315     3829     3073     2264     1803     4322     1443     3265     2679     3090     3779     4796     2643     2379     1668     4831     2951     3521     0        2302     3254     2818     4233     4607     3208     1293     1729     1506     2568     3480     4671     3467     2056     4277     2908     2546     2784     1844     3118     3421     5620     2114     3572     670      3185     3951     1290     2783     3998     2897     2059     2260     3574     2698     4504     3230     2260     6135     4390     3653     1931     3258     1280     317      335      3273     2512     3059     2883     767      597      4174     2205     3224     2820     4220     3862     3160     
22       2632     5371     1901     3169     2839     3992     2012     3269     6618     3586     1412     1438     3574     5918     6060     4554     4529     3306     3597     963      5455     2302     0        5480     3811     6085     5718     4959     1152     1572     3558     4498     2183     6494     5769     3657     6279     3622     2753     2578     3064     4963     1121     7159     1889     2671     2165     5148     6128     1591     4360     2198     1722     2437     2095     5546     2959     6773     1567     4506     7773     5232     5054     3851     4885     2324     2587     2096     3758     2061     1497     5094     3001     1762     4413     2534     1228     4468     5912     5203     3611     
23       3511     2980     3578     6413     5923     4999     5296     2694     1417     2665     6107     5893     5426     2826     3586     1491     1003     2500     6896     5920     3452     3254     5480     0        4777     4060     3761     3783     4547     4886     1967     1467     6644     4411     1098     3701     3632     3698     5269     4661     3022     1589     6592     3604     4455     6607     3714     3234     754      4473     2257     6686     5441     4870     5260     1251     4180     2405     5969     1996     3820     4102     2756     1854     2164     3410     3045     3393     5547     5556     5782     392      2789     3724     4852     4007     6477     2101     2331     2953     5501     
24       4633     2612     3230     6750     6316     258      1947     4551     5129     2187     5203     2883     770      3253     7403     4958     4358     4367     7237     4766     2384     2818     3811     4777     0        2725     7291     1696     2826     2239     3916     4872     3097     3037     4276     1080     3170     5725     1265     5478     4645     5432     4605     8000     4723     2655     2233     2238     5521     2307     5365     5998     5224     1391     1853     5655     5485     4533     5305     2816     8397     7161     6256     4379     5753     4087     2658     3098     819      2067     5187     4552     2477     3140     6989     4976     3838     5350     6565     6482     830      
25       5838     1132     4784     8549     8060     2740     4543     5367     3606     2826     7348     5482     3448     1296     7515     5028     4256     5124     9065     6960     740      4233     6085     4060     2725     0        7581     1134     4948     4629     4436     4953     5806     440      3070     2431     626      6677     3958     6960     5605     5383     7055     7664     6342     5381     3998     1076     4625     4497     5711     8128     7112     3933     4454     5274     6747     2494     7372     2441     7851     7717     6496     4779     5892     5380     3932     4568     3418     4715     7217     4063     3506     4789     8011     6318     6412     5619     6350     6724     3489     
26       3130     6448     4432     4550     4231     7549     6772     2806     5009     5227     5419     6866     7677     6472     489      2554     3324     2948     4852     5524     6881     4607     5718     3761     7291     7581     0        6979     5461     6166     3393     2631     7717     7982     4854     6307     7262     2108     7149     3383     2832     2220     6532     1800     3865     7993     5277     6588     3618     5749     1946     5567     4547     6661     6790     2555     2846     6157     5155     5172     2489     735      1088     2946     1689     3587     4676     4439     7853     6994     5009     3604     4814     4594     2067     3193     6947     1997     1626     858      7750     
27       4910     1011     3748     7510     7030     1772     3422     4538     3745     1889     6241     4357     2458     1612     6979     4448     3712     4306     8023     5846     692      3208     4959     3783     1696     1134     6979     0        3829     3495     3666     4366     4717     1535     2998     1301     1483     5837     2871     5980     4739     4863     5920     7311     5322     4330     2904     634      4459     3368     5050     7027     6046     2810     3335     4889     5820     2935     6277     1854     7591     7023     5893     4066     5312     4418     2923     3543     2467     3604     6127     3678     2529     3735     7170     5363     5282     4983     5923     6125     2510     
28       2358     4219     1097     3930     3510     3038     1388     2738     5587     2449     2427     1457     2756     4769     5728     3838     3658     2693     4412     2018     4308     1293     1152     4547     2826     4948     5461     3829     0        770      2737     3769     2299     5363     4715     2530     5128     3490     1990     2829     2637     4292     2222     6690     2045     2533     1019     3998     5240     519      3824     3221     2402     1557     1434     4804     3005     5656     2497     3387     7252     5101     4630     3114     4336     1874     1530     1205     2950     1571     2368     4175     1904     924      4556     2496     1931     3897     5343     4814     2809     
29       3097     4052     1739     4614     4218     2420     621      3396     5782     2481     2973     1029     2045     4651     6411     4372     4080     3317     5079     2531     4057     1729     1572     4886     2239     4629     6166     3495     770      0        3236     4297     1763     5019     4887     2212     4895     4238     1246     3595     3334     4844     2430     7315     2812     1856     1171     3776     5613     440      4453     3766     3093     869      664      5302     3773     5676     3094     3447     7850     5838     5291     3655     4950     2590     1859     1773     2235     827      2991     4537     2108     1573     5325     3262     1832     4509     5934     5485     2090     
30       1655     3332     1680     4608     4106     4172     3757     964      3265     1841     4143     4169     4366     3564     3487     1143     979      717      5113     3953     3699     1506     3558     1967     3916     4436     3393     3666     2737     3236     0        1065     4982     4867     2556     2914     4261     2256     3953     2857     1256     1624     4655     4170     2527     5073     2124     3375     2573     2796     1452     4742     3505     3484     3747     2072     2476     3836     4013     2014     4654     3363     2342     466      1848     1455     1430     1533     4531     4010     3826     1575     1447     1842     3583     2176     4628     1435     2747     2569     4441     
31       2177     3820     2684     4990     4509     5123     4822     1349     2884     2708     4883     5215     5376     3882     2614     85       704      1223     5462     4764     4250     2568     4498     1467     4872     4953     2631     4366     3769     4297     1065     0        6036     5359     2427     3825     4657     2231     5003     3257     1662     568      5561     3139     3165     6138     3189     3958     1817     3857     823      5386     4142     4539     4811     1047     2745     3781     4710     2542     3597     2800     1544     657      947      2223     2492     2566     5533     5075     4525     1153     2457     2854     3406     2634     5622     692      1705     1772     5451     
32       4587     5477     3394     5232     4966     3144     1404     5036     7485     4152     3359     851      2473     6112     8007     6108     5843     4992     5599     2938     5370     3480     2183     6644     3097     5806     7717     4717     2299     1763     4982     6036     0        6133     6585     3591     6197     5677     1849     4747     4918     6573     2182     8990     4019     649      2933     5147     7375     2194     6124     4017     3882     1977     1468     7054     5080     7253     3595     5102     9550     7302     6923     5386     6635     4147     3623     3477     2585     1164     3582     6299     3857     3221     6577     4612     1234     6196     7639     7102     2463     
33       6279     1546     5221     8987     8499     3022     4903     5802     3851     3267     7770     5846     3728     1597     7904     5432     4659     5559     9502     7378     1179     4671     6494     4411     3037     440      7982     1535     5363     5019     4867     5359     6133     0        3388     2836     811      7112     4289     7401     6043     5776     7448     8013     6781     5681     4424     1516     4944     4903     6126     8552     7546     4297     4812     5640     7188     2662     7799     2865     8175     8134     6900     5203     6293     5821     4371     5006     3680     5064     7646     4438     3946     5224     8445     6759     6784     6030     6720     7126     3763     
34       4208     2071     3911     7160     6660     4466     5187     3450     899      2434     6604     5917     4996     1790     4685     2472     1788     3221     7662     6353     2542     3467     5769     1098     4276     3070     4854     2998     4715     4887     2556     2427     6585     3388     0        3259     2588     4602     5004     5405     3772     2658     6889     4642     5069     6441     3758     2389     1556     4521     3249     7255     6034     4676     5134     2346     4983     1354     6506     1513     4787     5167     3832     2623     3229     3983     3192     3694     5087     5440     6322     1286     2819     4025     5829     4726     6624     3107     3421     4036     5067     
35       3854     1890     2560     6284     5816     1317     2222     3640     4135     1119     4949     3127     1743     2521     6390     3911     3286     3435     6791     4548     1846     2056     3657     3701     1080     2431     6307     1301     2530     2212     2914     3825     3591     2836     3259     0        2686     4882     1817     4834     3779     4378     4628     6939     4132     3305     1641     1579     4448     2067     4365     5738     4794     1618     2142     4579     4748     3694     4995     1765     7324     6231     5252     3368     4727     3326     1818     2378     1851     2435     4850     3471     1526     2519     6188     4260     4025     4338     5506     5481     1816     
36       5761     967      4830     8565     8068     3221     4881     5217     3041     2835     7481     5805     3921     805      7161     4726     3952     4970     9083     7114     840      4277     6279     3632     3170     626      7262     1483     5128     4895     4261     4657     6197     811      2588     2686     0        6518     4353     6920     5479     5045     7294     7225     6350     5813     4137     1130     4142     4712     5445     8245     7174     4269     4796     4872     6659     1881     7481     2249     7373     7451     6188     4560     5577     5340     3964     4605     3912     5073     7318     3684     3519     4857     7842     6259     6711     5339     5954     6410     3969     
37       1144     5585     2576     2881     2447     5981     4859     1309     5115     3951     3355     4834     5970     5813     2491     2214     2814     1552     3312     3426     5937     2908     3622     3698     5725     6677     2108     5837     3490     4238     2256     2231     5677     7112     4602     4882     6518     0        5338     1346     1104     2302     4425     3708     1757     6006     3536     5607     3975     3853     1501     3611     2489     4853     4891     2958     770      5947     3105     4269     4375     1624     1691     2008     1869     1680     3080     2653     6158     5058     2947     3368     3365     2713     1335     1088     4850     1669     2746     1755     6038     
38       4196     3670     2765     5855     5464     1357     752      4343     5897     2618     4166     1643     822      4313     7342     5085     4633     4214     6314     3716     3532     2546     2753     5269     1265     3958     7149     2871     1990     1246     3953     5003     1849     4289     5004     1817     4353     5338     0        4813     4347     5570     3413     8123     4030     1490     1875     3325     6022     1518     5320     4947     4337     489      662      5926     4945     5512     4309     3490     8600     6895     6197     4412     5778     3659     2529     2719     1004     814      4217     4973     2568     2624     6495     4428     2596     5345     6700     6407     857      
39       1203     5954     2278     1758     1262     5718     4203     1972     6051     4133     2035     3947     5550     6307     3802     3267     3682     2187     2257     2169     6229     2784     2578     4661     5478     6960     3383     5980     2829     3595     2857     3257     4747     7401     5405     4834     6920     1346     4813     0        1644     3480     3201     5047     783      5176     3256     5889     5073     3299     2688     2268     1164     4360     4257     4147     582      6693     1773     4714     5718     2782     3032     2816     3137     1582     3056     2456     5744     4355     1626     4290     3459     2343     1835     682      3762     2849     4072     3102     5608     
40       517      4531     1601     3401     2906     4902     3940     329      4407     2851     3244     4067     4932     4805     3092     1687     2038     551      3896     3166     4865     1844     3064     3022     4645     5605     2832     4739     2637     3334     1256     1662     4918     6043     3772     3779     5479     1104     4347     1644     0        1996     4045     4107     1511     5166     2497     4531     3474     2918     1306     3723     2481     3857     3960     2641     1221     5079     3057     3231     4710     2551     2012     1172     1828     772      1989     1628     5116     4161     2874     2647     2261     1761     2431     984      4267     1429     2853     2184     5001     
41       2510     4255     3198     5159     4699     5682     5379     1721     2950     3259     5239     5745     5943     4252     2132     484      1151     1656     5607     5157     4700     3118     4963     1589     5432     5383     2220     4863     4292     4844     1624     568      6573     5776     2658     4378     5045     2302     5570     3480     1996     0        6001     2573     3502     6691     3748     4422     1690     4403     804      5685     4456     5105     5370     667      2928     3991     5046     3017     3031     2513     1173     1188     574      2651     3054     3096     6099     5630     4864     1388     3025     3370     3321     2912     6114     637      1137     1382     6018     
42       3570     6413     3017     3177     3007     4748     2671     4284     7739     4672     1329     1799     4218     6980     6913     5612     5631     4350     3485     1038     6461     3421     1121     6592     4605     7055     6532     5920     2222     2430     4655     5561     2182     7448     6889     4628     7294     4425     3413     3201     4045     6001     0        8077     2677     2809     3241     6166     7229     2584     5351     1862     2092     3218     2765     6604     3692     7876     1610     5607     8714     5974     5977     4924     5872     3349     3703     3216     4382     2615     1671     6205     4110     2881     4982     3357     949      5472     6895     6104     4238     
43       4528     6575     5599     6337     5996     8249     7880     3956     4462     5820     7062     8143     8516     6421     1313     3055     3660     4002     6649     7110     7044     5620     7159     3604     8000     7664     1800     7311     6690     7315     4170     3139     8990     8013     4642     6939     7225     3708     8123     5047     4107     2573     8077     0        5406     9172     6273     6806     3119     6877     2866     7288     6198     7650     7879     2422     4477     5751     6813     5461     690      2534     2105     3711     2365     4873     5594     5542     8673     8124     6655     3638     5595     5771     3867     4728     8372     2805     1436     1973     8591     
44       994      5383     1576     2214     1720     4960     3421     1815     5791     3524     1737     3201     4772     5785     4237     3194     3452     1968     2732     1709     5621     2114     1889     4455     4723     6342     3865     5322     2045     2812     2527     3165     4019     6781     5069     4132     6350     1757     4030     783      1511     3502     2677     5406     0        4420     2520     5283     4962     2519     2771     2232     986      3580     3474     4152     1070     6298     1547     4201     6052     3348     3315     2613     3275     1087     2409     1779     4966     3577     1363     4067     2839     1615     2566     680      3108     2912     4278     3432     4829     
45       4885     5159     3587     5793     5499     2662     1323     5246     7339     4017     3934     1237     1962     5802     8254     6215     5873     5173     6179     3500     5004     3572     2671     6607     2655     5381     7993     4330     2533     1856     5073     6138     649      5681     6441     3305     5813     6006     1490     5176     5166     6691     2809     9172     4420     0        2959     4809     7352     2295     6310     4621     4392     1765     1349     7126     5460     7000     4156     4933     9704     7625     7142     5503     6807     4406     3662     3630     2046     1065     4126     6283     3827     3418     6986     4971     1860     6366     7788     7333     1939     
46       2416     3213     996      4644     4181     2481     1637     2471     4645     1432     3352     2185     2437     3752     5466     3268     2921     2338     5150     2976     3330     670      2165     3714     2233     3998     5277     2904     1019     1171     2124     3189     2933     4424     3758     1641     4137     3536     1875     3256     2497     3748     3241     6273     2520     2959     0        3010     4442     767      3448     4129     3152     1390     1623     4167     3252     4646     3375     2380     6776     5048     4322     2569     3916     1868     703      882      2624     1893     3223     3366     946      912      4768     2742     2869     3480     4864     4531     2506     
47       4762     383      3738     7495     7003     2350     3797     4297     3115     1760     6359     4707     3008     1015     6553     4036     3276     4055     8012     5987     339      3185     5148     3234     2238     1076     6588     634      3998     3776     3375     3958     5147     1516     2389     1579     1130     5607     3325     5889     4531     4422     6166     6806     5283     4809     3010     0        3883     3583     4688     7128     6077     3189     3716     4387     5671     2318     6366     1416     7054     6687     5500     3735     4904     4308     2878     3518     3039     4002     6205     3168     2444     3755     6942     5243     5600     4606     5443     5730     3066     
48       3985     3595     4235     6795     6320     5740     6038     3154     1404     3419     6659     6612     6177     3347     3354     1805     1599     2996     7259     6505     4070     3951     6128     754      5521     4625     3618     4459     5240     5613     2573     1817     7375     4944     1556     4448     4142     3975     6022     5073     3474     1690     7229     3119     4962     7352     4442     3883     0        5194     2476     7192     5946     5620     6004     1101     4550     2646     6501     2722     3231     4078     2738     2358     2221     3965     3761     4063     6297     6298     6314     1075     3528     4388     5002     4451     7163     2308     2039     2897     6252     
49       2709     3829     1317     4448     4026     2519     1022     2967     5410     2153     2926     1420     2256     4406     5984     3932     3650     2882     4931     2505     3881     1290     1591     4473     2307     4497     5749     3368     519      440      2796     3857     2194     4903     4521     2067     4712     3853     1518     3299     2918     4403     2584     6877     2519     2295     767      3583     5194     0        4017     3722     2921     1061     1043     4864     3429     5370     3008     3116     7410     5439     4860     3215     4512     2187     1433     1337     2451     1252     2883     4119     1714     1157     4980     2913     2120     4071     5494     5057     2312     
