

sets
i        orders          /0*80/
k        routes          /1*80/
p        positions       /0*80/
;

alias(i,j)
alias(i,h)
alias(i,hh)
alias(i,jj)
alias(k,kk)
                            Parameters

rho(i)	Processing time
/
0	0
1	36
2	10
3	73
4	35
5	94
6	11
7	6
8	74
9	73
10	35
11	2
12	93
13	9
14	49
15	27
16	99
17	92
18	48
19	13
20	44
21	69
22	22
23	18
24	10
25	76
26	78
27	75
28	80
29	30
30	10
31	1
32	39
33	47
34	33
35	84
36	30
37	49
38	41
39	76
40	28
41	31
42	65
43	37
44	25
45	79
46	59
47	32
48	87
49	85
50	97
51	62
52	78
53	65
54	16
55	20
56	17
57	63
58	39
59	88
60	81
61	49
62	18
63	61
64	88
65	19
66	93
67	47
68	48
69	60
70	73
71	16
72	25
73	94
74	48
75	65
76	9
77	89
78	19
79	96
80	77
/

gamma(i)	Duedate
/
0	0
1	35
2	8
3	65
4	8
5	45
6	35
7	14
8	8
9	97
10	57
11	75
12	13
13	70
14	32
15	82
16	45
17	91
18	15
19	42
20	18
21	69
22	28
23	18
24	71
25	81
26	91
27	52
28	38
29	50
30	78
31	4
32	66
33	64
34	56
35	6
36	96
37	76
38	83
39	2
40	73
41	31
42	34
43	88
44	14
45	1
46	14
47	58
48	28
49	39
50	63
51	88
52	4
53	35
54	26
55	26
56	29
57	26
58	44
59	63
60	51
61	50
62	46
63	88
64	60
65	27
66	85
67	82
68	2
69	80
70	3
71	72
72	71
73	39
74	14
75	69
76	61
77	62
78	74
79	58
80	90
/

sigma(i)	Size
/
0	0
1	1
2	2
3	4
4	3
5	1
6	6
7	3
8	7
9	6
10	4
11	5
12	7
13	5
14	5
15	2
16	3
17	6
18	7
19	6
20	9
21	4
22	9
23	9
24	3
25	1
26	7
27	5
28	4
29	6
30	5
31	1
32	3
33	4
34	8
35	9
36	8
37	8
38	5
39	9
40	6
41	7
42	1
43	5
44	4
45	5
46	1
47	6
48	6
49	5
50	2
51	1
52	6
53	2
54	3
55	7
56	3
57	7
58	6
59	4
60	5
61	6
62	6
63	4
64	1
65	5
66	5
67	3
68	6
69	9
70	4
71	5
72	8
73	4
74	4
75	9
76	6
77	3
78	5
79	6
80	7
/

epsilon(i)	Priority
/
0	0
1	9
2	7
3	1
4	6
5	7
6	3
7	3
8	7
9	9
10	9
11	9
12	1
13	2
14	1
15	4
16	9
17	8
18	3
19	7
20	7
21	5
22	1
23	6
24	2
25	1
26	8
27	5
28	3
29	3
30	1
31	4
32	1
33	6
34	6
35	1
36	3
37	2
38	8
39	2
40	4
41	9
42	4
43	6
44	7
45	6
46	9
47	7
48	2
49	7
50	6
51	6
52	8
53	9
54	4
55	4
56	8
57	3
58	1
59	2
60	2
61	6
62	3
63	8
64	8
65	5
66	9
67	4
68	3
69	5
70	2
71	5
72	2
73	9
74	8
75	9
76	4
77	7
78	5
79	3
80	4
/

psi	Vehicle Capacity
/ 39 /
;

Table kappa(i,j)                 Setup
         0        1        2        3        4        5        6        7        8        9        10       11       12       13       14       15       16       17       18       19       20       21       22       23       24       25       26       27       28       29       30       31       32       33       34       35       36       37       38       39       40       41       42       43       44       45       46       47       48       49       50       51       52       53       54       55       56       57       58       59       60       61       62       63       64       65       66       67       68       69       70       71       72       73       74       75       76       77       78       79       80       
0        0        3979     718      3425     5150     7041     4745     7228     2184     5837     8212     7272     2489     6157     6539     5834     4873     6367     6137     6024     1007     6385     7354     2996     1597     4140     3203     3195     5629     6830     4145     5907     5962     5193     6358     3369     4420     917      4532     1049     3174     6503     2684     5104     6658     3182     3303     1106     6464     6315     1160     7334     3815     6702     7950     6644     3078     4049     4182     422      4516     2835     7020     5490     6564     7582     6437     5180     1782     1753     4191     6657     1944     722      4820     6887     7515     5942     3023     6185     5618     
1        3979     0        3761     889      3631     3643     1206     3650     2876     2033     5064     3294     1755     6271     2559     1876     5940     5273     4887     2630     4803     4588     3721     3224     3767     230      1766     4679     4105     2878     560      5267     4262     5421     6750     783      1202     4624     3363     4134     3685     3788     2226     1431     6018     937      2927     3150     2487     3448     5135     5406     3863     5241     4756     6028     1189     1729     3059     4291     1354     2052     3370     4488     2774     4225     5336     2680     2913     5488     1926     3808     4222     3257     893      5222     5030     4101     2669     5738     2816     
2        718      3761     0        3352     4496     6561     4373     6783     1545     5721     7668     7015     2521     5442     6300     5638     4188     5665     5444     6026     1058     5724     6920     2307     2186     3891     2708     2501     4963     6535     4019     5194     5301     4476     5653     3069     4018     868      3871     486      2462     5929     2891     5012     5941     2884     2645     619      6207     6438     1529     6669     3105     6014     7418     5927     2725     3552     3534     1119     4501     3005     6596     4794     6191     7084     5735     5327     1173     2399     4307     6097     1269     789      4543     6210     6896     5293     2392     5468     5082     
3        3425     889      3352     0        4271     4533     2087     4532     2837     2413     5952     3982     986      6710     3234     2477     6170     5905     5534     2687     4338     5320     4597     3404     2966     1120     2086     4741     4771     3638     752      5815     4967     5803     7149     1093     2022     4177     3908     3782     3865     4634     1345     1679     6592     1103     3216     2785     3198     3254     4582     6179     4175     5936     5645     6598     1370     2365     3562     3682     1167     1165     4246     5072     3629     5115     5972     2275     2746     4789     1319     4669     4059     2721     1743     5950     5868     4824     2895     6266     3650     
4        5150     3631     4496     4271     0        3065     2779     3505     2966     5064     3583     5016     4528     2929     4639     4511     3357     1642     1263     5974     5354     1238     3698     2226     6011     3481     2361     3178     520      4410     4186     1721     817      2366     3484     3184     2520     5160     629      4492     2279     1839     5235     4806     2413     3218     1851     4061     4453     6957     5953     2190     1754     1700     3423     2428     3012     1915     969      5573     4971     5149     3525     913      3617     3363     1706     6305     3371     6891     5528     2082     3832     4655     3477     1794     2465     799      2134     2209     1620     
5        7041     3643     6561     4533     3065     0        2475     491      5108     3667     1465     2555     5321     5777     2606     3015     6421     3991     3645     4670     7585     2874     680      4743     7281     3413     3853     6056     3096     2073     3966     4475     2908     5395     6349     3855     2688     7385     3469     6746     5005     1376     5864     3899     4881     4017     4271     5976     2432     5768     8087     3088     4659     3558     1151     4912     4026     3008     3554     7432     4484     5695     696      3786     1295     582      4014     5623     5409     8746     5303     1141     6359     6370     2844     3306     2163     2697     4343     4914     1593     
6        4745     1206     4373     2087     2779     2475     0        2546     3131     2299     3869     2779     2846     5632     2167     1803     5607     4372     3974     3195     5430     3553     2647     3140     4820     980      1789     4637     3188     2228     1644     4494     3277     4890     6156     1414     404      5236     2694     4655     3552     2605     3398     2044     5188     1590     2724     3757     2019     4195     5858     4304     3521     4248     3565     5204     1667     1183     2492     5108     2344     3235     2301     3687     1821     3056     4429     3654     3318     6385     3060     2610     4505     4040     700      4182     3849     3092     2599     4980     1659     
7        7228     3650     6783     4532     3505     491      2546     0        5373     3406     1696     2123     5375     6257     2267     2770     6861     4480     4131     4391     7822     3364     194      5071     7364     3423     4078     6426     3565     1693     3911     4955     3389     5852     6828     3957     2819     7623     3874     6997     5359     1864     5876     3721     5371     4129     4599     6186     2107     5483     8302     3568     5049     4049     1398     5401     4171     3247     3929     7608     4356     5697     327      4254     1027     774      4503     5425     5650     8907     5191     1631     6660     6541     2799     3796     2617     3176     4641     5398     1967     
8        2184     2876     1545     2837     2966     5108     3131     5373     0        4908     6151     5892     2411     4353     5229     4670     3455     4242     3985     5443     2499     4202     5524     887      3214     2928     1345     1913     3447     5357     3301     3854     3778     3375     4680     2094     2738     2298     2348     1643     1231     4397     3054     4287     4636     1943     1121     1104     5105     6091     3051     5151     1788     4540     5910     4628     1688     2130     1998     2606     3975     3071     5217     3349     4892     5610     4314     5089     412      3927     4080     4572     1381     1737     3474     4712     5352     3759     847      4195     3582     
9        5837     2033     5721     2413     5064     3667     2299     3406     4908     0        5094     1891     3381     7930     1251     656      7827     6618     6218     1012     6734     5706     3367     5193     5249     1991     3728     6676     5442     1853     1703     6785     5487     7173     8452     2813     2628     6566     4989     6123     5644     4475     3506     746      7459     2970     4845     5126     1350     2108     6996     6328     5729     6429     4787     7477     3220     3407     4766     6094     1463     3304     3079     5976     2388     4165     6671     2088     4941     7160     2217     4377     6254     5129     1631     6312     5646     5284     4632     7271     3723     
10       8212     5064     7668     5952     3583     1465     3869     1696     6151     5094     0        3745     6691     5790     3962     4450     6769     3903     3660     6085     8650     2856     1773     5629     8605     4834     5014     6757     3394     3377     5416     4537     3090     5651     6344     5191     4023     8450     4138     7790     5797     1787     7267     5361     4709     5339     5175     7117     3803     7178     9194     2589     5329     3347     313      4745     5308     4176     4340     8618     5949     7105     2019     4034     2706     929      3900     7081     6496     9950     6766     1584     7279     7577     4295     3020     1541     2935     5328     4889     2594     
11       7272     3294     7015     3982     5016     2555     2779     2123     5892     1891     3745     0        4964     7933     748      1523     8217     6313     5930     2664     8068     5244     1995     5908     6940     3134     4561     7395     5241     607      3232     6667     5161     7353     8495     3945     3183     7883     5176     7348     6302     3781     5236     2531     7206     4130     5474     6396     808      3672     8425     5612     6190     5968     3474     7232     4304     3926     5083     7585     3281     5035     1859     5890     1430     2872     6349     3945     6043     8758     4086     3595     7272     6550     2471     5761     4718     4941     5374     7142     3413     
12       2489     1755     2521     986      4528     5321     2846     5375     2411     3381     6691     4964     0        6634     4216     3463     5864     6104     5763     3539     3442     5684     5458     3163     2012     1970     2172     4300     5048     4602     1738     5900     5295     5680     7016     1516     2670     3297     4057     2984     3593     5227     712      2638     6694     1397     3113     2022     4174     3920     3635     6595     4032     6228     6392     6694     1535     2750     3681     2717     2027     672      5107     5225     4528     5901     6174     2823     2192     3803     1796     5301     3421     1814     2648     6294     6425     5186     2755     6315     4239     
13       6157     6271     5442     6710     2929     5777     5632     6257     4353     7930     5790     7933     6634     0        7568     7410     1642     1886     2158     8789     5853     2968     6451     3498     7503     6171     4623     3020     2710     7330     6828     1301     2869     980      571      5645     5315     5712     2946     5170     3125     4408     7328     7588     1199     5607     3530     5316     7383     9707     6479     3317     2604     2459     5752     1160     5340     4578     3214     6531     7620     7306     6339     2044     6518     5918     1894     8924     4715     7640     8028     4656     4259     5974     6309     2799     4279     3080     3882     901      4521     
14       6539     2559     6300     3234     4639     2606     2167     2267     5229     1251     3962     748      4216     7568     0        783      7725     6050     5657     2160     7350     5033     2196     5307     6192     2409     3916     6804     4924     612      2484     6336     4892     6923     8119     3235     2570     7167     4720     6645     5719     3647     4492     1816     6931     3418     4891     5683     192      3235     7694     5517     5662     5765     3666     6954     3606     3345     4584     6846     2562     4291     1951     5539     1320     3041     6093     3339     5357     8012     3382     3498     6610     5817     1767     5594     4714     4676     4761     6819     3098     
15       5834     1876     5638     2477     4511     3015     1803     2770     4670     656      4450     1523     3463     7410     783      0        7404     6031     5632     1668     6677     5090     2743     4853     5423     1763     3410     6351     4864     1314     1725     6232     4889     6690     7943     2609     2174     6500     4488     6007     5289     3828     3713     1047     6886     2784     4471     5026     808      2765     6993     5688     5311     5818     4142     6905     3001     2968     4296     6125     1785     3512     2443     5425     1746     3522     6081     2668     4757     7266     2614     3725     6043     5114     1221     5689     4991     4682     4295     6720     3107     
16       4873     5940     4188     6170     3357     6421     5607     6861     3455     7827     6769     8217     5864     1642     7725     7404     0        3077     3180     8563     4410     3937     7053     2766     6351     5898     4176     1690     3395     7613     6463     2367     3680     1146     1589     5208     5230     4293     3051     3835     2305     5145     6507     7352     2700     5119     3012     4210     7555     9361     5015     4556     2098     3663     6665     2666     4837     4436     3141     5207     7222     6526     6868     2735     6882     6692     3116     8445     3731     6202     7469     5396     2929     4836     6209     3998     5369     3847     3290     2245     4937     
17       6367     5273     5665     5905     1642     3991     4372     4480     4242     6618     3903     6313     6104     1886     6050     6031     3077     0        400      7560     6362     1120     4671     3378     7428     5119     3934     3721     1184     5725     5826     710      1158     1936     2441     4815     4144     6184     2047     5545     3217     2615     6816     6415     896      4838     3155     5340     5859     8567     6991     1485     2571     592      3872     924      4617     3557     2426     6782     6609     6743     4602     899      4882     4072     71       7943     4654     8045     7170     2851     4732     5980     5073     935      2395     1375     3501     985      2954     
18       6137     4887     5444     5534     1263     3645     3974     4131     3985     6218     3660     5930     5763     2158     5657     5632     3180     400      0        7160     6187     811      4324     3141     7142     4730     3590     3635     788      5340     5439     877      769      2036     2726     4446     3750     6004     1718     5354     3027     2269     6473     6017     1276     4476     2878     5088     5466     8169     6811     1416     2389     583      3603     1302     4262     3178     2101     6555     6219     6395     4241     656      4500     3760     455      7554     4397     7837     6790     2511     4573     5718     4674     861      2198     989      3213     1273     2559     
19       6024     2630     6026     2687     5974     4670     3195     4391     5443     1012     6085     2664     3539     8789     2160     1668     8563     7560     7160     0        6980     6680     4339     5853     5176     2666     4396     7295     6377     2772     2145     7685     6443     7989     9295     3393     3477     6831     5843     6466     6315     5480     3456     1213     8383     3518     5553     5471     2295     1098     7158     7326     6476     7397     5780     8399     3792     4217     5587     6221     1526     3267     4066     6880     3383     5156     7614     1374     5406     7153     1951     5387     6727     5352     2497     7293     6657     6246     5299     8169     4702     
20       1007     4803     1058     4338     5354     7585     5430     7822     2499     6734     8650     8068     3442     5853     7350     6677     4410     6362     6187     6980     0        6554     7963     3128     2512     4940     3744     2833     5788     7592     5031     5819     6137     4936     5969     4124     5072     200      4724     866      3160     6890     3685     6013     6518     3938     3529     1677     7260     7310     634      7483     3799     6768     8409     6499     3783     4580     4417     1047     5461     3832     7642     5530     7246     8099     6429     6178     2176     1794     5180     7070     1640     1628     5597     6993     7798     6153     3328     6027     6080     
21       6385     4588     5724     5320     1238     2874     3553     3364     4202     5706     2856     5244     5684     2968     5033     5090     3937     1120     811      6680     6554     0        3555     3433     7237     4406     3546     4190     766      4668     5119     1687     423      2804     3534     4264     3399     6363     1854     5699     3424     1502     6381     5586     2006     4327     3083     5298     4841     7724     7163     951      2829     732      2792     2037     4150     2968     2208     6808     5874     6279     3497     1230     3817     2957     1139     7200     4608     8122     6514     1733     4992     5894     4242     634      1441     499      3373     2076     1983     
22       7354     3721     6920     4597     3698     680      2647     194      5524     3367     1773     1995     5458     6451     2196     2743     7053     4671     4324     4339     7963     3555     0        5239     7455     3497     4220     6604     3760     1604     3958     5150     3583     6046     7023     4060     2936     7764     4060     7143     5533     2056     5942     3719     5561     4235     4768     6319     2045     5426     8435     3742     5232     4236     1487     5592     4288     3395     4109     7730     4372     5761     351      4449     1022     876      4694     5408     5794     9022     5211     1821     6821     6662     2856     3981     2777     3370     4801     5592     2150     
23       2996     3224     2307     3404     2226     4743     3140     5071     887      5193     5629     5908     3163     3498     5307     4853     2766     3378     3141     5853     3128     3433     5239     0        4101     3213     1467     1500     2668     5334     3725     2968     3014     2528     3856     2466     2737     2934     1596     2267     465      3844     3843     4654     3749     2363     472      1964     5160     6608     3730     4371     906      3708     5415     3741     2081     1983     1305     3414     4468     3834     4964     2494     4752     5193     3449     5678     1288     4705     4705     4047     1650     2613     3632     3903     4677     3025     561      3308     3157     
24       1597     3767     2186     2966     6011     7281     4820     7364     3214     5249     8605     6940     2012     7503     6192     5423     6351     7428     7142     5176     2512     7237     7455     4101     0        3980     3736     4661     6524     6604     3710     7067     6822     6524     7766     3426     4596     2477     5441     2615     4399     7037     1746     4507     7850     3269     4272     2187     6163     5226     2342     8183     4997     7672     8316     7842     3303     4495     5062     1468     3800     1947     7105     6529     6538     7855     7499     4090     2817     1990     3228     7143     3453     1531     4661     7803     8174     6756     3929     7406     6070     
25       4140     230      3891     1120     3481     3413     980      3423     2928     1991     4834     3134     1970     6171     2409     1763     5898     5119     4730     2666     4940     4406     3497     3213     3980     0        1746     4687     3945     2696     713      5139     4089     5340     6660     846      1008     4758     3245     4248     3669     3572     2455     1454     5880     1021     2890     3276     2326     3536     5291     5211     3809     5069     4526     5892     1244     1602     2957     4462     1489     2282     3146     4352     2558     3995     5181     2824     2995     5676     2117     3587     4290     3418     691      5040     4815     3923     2653     5613     2605     
26       3203     1766     2708     2086     2361     3853     1789     4078     1345     3728     5014     4561     2172     4623     3916     3410     4176     3934     3590     4396     3744     3546     4220     1467     3736     1746     0        2950     2882     4017     2287     3765     3145     3723     5067     1041     1393     3545     1889     2925     1923     3341     2883     3191     4553     984      1166     2123     3784     5189     4234     4477     2116     4061     4749     4556     718      847      1519     3605     3056     2810     3902     3061     3550     4384     4003     4321     1575     4936     3404     3476     2716     2565     2192     4143     4442     3053     906      4202     2421     
27       3195     4679     2501     4741     3178     6056     4637     6426     1913     6676     6757     7395     4300     3020     6804     6351     1690     3721     3635     7295     2833     4190     6604     1500     4661     4687     2950     0        3465     6815     5152     3098     3815     2109     3170     3903     4234     2691     2628     2172     1096     4987     4904     6110     3734     3778     1921     2532     6656     7990     3462     5031     1428     4212     6582     3712     3503     3469     2501     3545     5861     4944     6353     3006     6200     6450     3782     7001     2115     4620     5994     5218     1257     3148     5130     4492     5588     3904     2056     3238     4466     
28       5629     4105     4963     4771     520      3096     3188     3565     3447     5442     3394     5241     5048     2710     4924     4864     3395     1184     788      6377     5788     766      3760     2668     6524     3945     2882     3465     0        4641     4655     1427     355      2314     3280     3689     2962     5597     1100     4933     2662     1763     5754     5230     2021     3730     2327     4548     4735     7382     6397     1705     2078     1180     3274     2041     3529     2407     1467     6051     5433     5666     3632     690      3817     3310     1242     6768     3856     7362     6015     2015     4229     5153     3888     1279     2123     459      2628     1902     1833     
29       6830     2878     6535     3638     4410     2073     2228     1693     5357     1853     3377     607      4602     7330     612      1314     7613     5725     5340     2772     7592     4668     1604     5334     6604     2696     4017     6815     4641     0        2904     6067     4570     6746     7890     3472     2627     7403     4570     6849     5720     3224     4941     2361     6616     3659     4894     5915     509      3843     7974     5076     5593     5395     3087     6642     3811     3350     4482     7159     3091     4743     1391     5286     853      2466     5763     3941     5528     8367     3925     3051     6733     6109     2010     5199     4219     4351     4808     6543     2811     
30       4145     560      4019     752      4186     3966     1644     3911     3301     1703     5416     3232     1738     6828     2484     1725     6463     5826     5439     2145     5031     5119     3958     3725     3710     713      2287     5152     4655     2904     0        5828     4803     5971     7303     1258     1720     4863     3924     4426     4189     4249     2039     1003     6577     1373     3453     3427     2454     2904     5306     5919     4398     5782     5104     6588     1650     2289     3618     4418     794      1844     3611     5047     2963     4543     5889     2121     3285     5540     1416     4248     4606     3433     1122     5753     5493     4637     3178     6298     3296     
31       5907     5267     5194     5815     1721     4475     4494     4955     3854     6785     4537     6667     5900     1301     6336     6232     2367     710      877      7685     5819     1687     5150     2968     7067     5139     3765     3098     1427     6067     5828     0        1567     1226     1873     4724     4215     5649     1911     5029     2732     3107     6611     6506     795      4720     2832     4926     6148     8651     6452     2192     2094     1297     4479     794      4476     3539     2254     6313     6620     6558     5043     808      5244     4622     751      7948     4257     7541     7113     3354     4179     5580     5188     1636     3061     1779     3192     487      3256     
32       5962     4262     5301     4967     817      2908     3277     3389     3778     5487     3090     5161     5295     2869     4892     4889     3680     1158     769      6443     6137     423      3583     3014     6822     4089     3145     3815     355      4570     4803     1567     0        2573     3440     3898     3090     5945     1431     5280     3016     1542     5996     5321     2046     3952     2660     4876     4701     7469     6744     1373     2433     979      2988     2071     3766     2603     1786     6384     5570     5900     3484     944      3730     3071     1201     6901     4185     7699     6184     1791     4583     5473     3975     999      1776     219      2950     2012     1798     
33       5193     5421     4476     5803     2366     5395     4890     5852     3375     7173     5651     7353     5680     980      6923     6690     1146     1936     2036     7989     4936     2804     6046     2528     6524     5340     3723     2109     2314     6746     5971     1226     2573     0        1346     4758     4544     4786     2207     4222     2145     4077     6368     6779     1675     4706     2595     4336     6744     8869     5567     3411     1649     2518     5561     1647     4433     3775     2407     5574     6758     6352     5888     1633     5973     5624     1977     8043     3735     6712     7122     4330     3319     4995     5542     2852     4230     2754     2938     1184     3984     
34       6358     6750     5653     7149     3484     6349     6156     6828     4680     8452     6344     8495     7016     571      8119     7943     1589     2441     2726     9295     5969     3534     7023     3856     7766     6660     5067     3170     3280     7890     7303     1873     3440     1346     0        6100     5829     5842     3462     5342     3450     4980     7699     8089     1687     6051     3942     5584     7935     10195    6583     3843     2992     3002     6313     1648     5779     5078     3708     6715     8092     7689     6910     2608     7083     6487     2444     9384     5020     7763     8468     5227     4427     6235     6825     3340     4825     3652     4283     1460     5084     
35       3369     783      3069     1093     3184     3855     1414     3957     2094     2813     5191     3945     1516     5645     3235     2609     5208     4815     4446     3393     4124     4264     4060     2466     3426     846      1041     3903     3689     3472     1258     4724     3898     4758     6100     0        1170     3938     2815     3411     2930     3713     2160     2208     5499     187      2205     2450     3138     4152     4504     5146     3157     4860     4897     5505     406      1296     2474     3716     2016     2035     3715     3979     3209     4428     4881     3284     2149     4977     2392     3785     3448     2653     1474     4889     4919     3765     1920     5178     2724     
36       4420     1202     4018     2022     2520     2688     404      2819     2738     2628     4023     3183     2670     5315     2570     2174     5230     4144     3750     3477     5072     3399     2936     2737     4596     1008     1393     4234     2962     2627     1720     4215     3090     4544     5829     1170     0        4876     2368     4284     3150     2612     3273     2291     4932     1328     2323     3406     2424     4438     5517     4204     3137     4068     3727     4946     1352     794      2138     4793     2479     3125     2600     3414     2176     3260     4204     3811     2940     6088     3125     2656     4109     3725     997      4033     3846     2919     2194     4697     1627     
37       917      4624     868      4177     5160     7385     5236     7623     2298     6566     8450     7883     3297     5712     7167     6500     4293     6184     6004     6831     200      6363     7764     2934     2477     4758     3545     2691     5597     7403     4863     5649     5945     4786     5842     3938     4876     0        4530     669      2977     6690     3569     5849     6355     3752     3332     1488     7075     7182     807      7294     3618     6585     8209     6337     3593     4380     4221     1038     5309     3709     7444     5348     7051     7898     6252     6054     1976     1928     5050     6870     1475     1484     5412     6807     7601     5959     3128     5866     5879     
38       4532     3363     3871     3908     629      3469     2694     3874     2348     4989     4138     5176     4057     2946     4720     4488     3051     2047     1718     5843     4724     1854     4060     1596     5441     3245     1889     2628     1100     4570     3924     1911     1431     2207     3462     2815     2368     4530     0        3863     1672     2360     4769     4645     2683     2819     1228     3448     4543     6775     5324     2802     1204     2231     3955     2690     2584     1643     382      4954     4718     4700     3847     1172     3831     3831     2117     6041     2756     6268     5202     2589     3210     4054     3364     2373     3087     1429     1529     2375     1913     
39       1049     4134     486      3782     4492     6746     4655     6997     1643     6123     7790     7348     2984     5170     6645     6007     3835     5545     5354     6466     866      5699     7143     2267     2615     4248     2925     2172     4933     6849     4426     5029     5280     4222     5342     3411     4284     669      3863     0        2329     6027     3374     5426     5752     3229     2663     999      6544     6905     1464     6631     2974     5933     7552     5735     3044     3750     3552     1373     4941     3486     6828     4698     6459     7252     5614     5800     1349     2512     4777     6209     915      1275     4880     6149     6932     5291     2464     5268     5226     
40       3174     3685     2462     3865     2279     5005     3552     5359     1231     5644     5797     6302     3593     3125     5719     5289     2305     3217     3027     6315     3160     3424     5533     465      4399     3669     1923     1096     2662     5720     4189     2732     3016     2145     3450     2930     3150     2977     1672     2329     0        4011     4261     5113     3488     2828     828      2221     5568     7073     3784     4336     646      3608     5601     3476     2547     2377     1467     3581     4933     4262     5274     2371     5105     5424     3286     6141     1592     4827     5164     4230     1567     2881     4069     3836     4744     3061     1016     3025     3412     
41       6503     3788     5929     4634     1839     1376     2605     1864     4397     4475     1787     3781     5227     4408     3647     3828     5145     2615     2269     5480     6890     1502     2056     3844     7037     3572     3341     4987     1763     3224     4249     3107     1542     4077     4980     3713     2612     6690     2360     6027     4011     0        5867     4496     3507     3833     3393     5400     3456     6562     7448     1872     3560     2203     1594     3537     3745     2541     2552     6916     4923     5728     1998     2449     2372     1548     2639     6196     4757     8253     5664     252      5494     5898     3212     1980     1244     1337     3562     3539     990      
42       2684     2226     2891     1345     5235     5864     3398     5876     3054     3506     7267     5236     712      7328     4492     3713     6507     6816     6473     3456     3685     6381     5942     3843     1746     2455     2883     4904     5754     4941     2039     6611     5996     6368     7699     2160     3273     3569     4769     3374     4261     5867     0        2767     7405     2066     3815     2491     4479     3637     3761     7284     4723     6934     6963     7405     2230     3431     4394     2812     2053     202      5591     5937     4973     6446     6886     2498     2789     3700     1536     5926     3934     2115     3089     6995     7080     5882     3456     7024     4876     
43       5104     1431     5012     1679     4806     3899     2044     3721     4287     746      5361     2531     2638     7588     1816     1047     7352     6415     6017     1213     6013     5586     3719     4654     4507     1454     3191     6110     5230     2361     1003     6506     5321     6779     8089     2208     2291     5849     4645     5426     5113     4496     2767     0        7219     2346     4343     4426     1856     2152     6260     6293     5263     6289     5048     7234     2612     3011     4381     5353     751      2565     3397     5705     2699     4442     6472     1728     4286     6414     1567     4438     5606     4400     1346     6211     5716     5133     4097     6988     3639     
44       6658     6018     5941     6592     2413     4881     5188     5371     4636     7459     4709     7206     6694     1199     6931     6886     2700     896      1276     8383     6518     2006     5561     3749     7850     5880     4553     3734     2021     6616     6577     795      2046     1675     1687     5499     4932     6355     2683     5752     3488     3507     7405     7219     0        5501     3626     5697     6741     9370     7152     2165     2861     1368     4704     38       5261     4289     3037     7059     7368     7350     5497     1529     5775     4941     867      8699     5035     8263     7883     3740     4879     6354     5888     1688     3173     2265     3987     497      3832     
45       3182     937      2884     1103     3218     4017     1590     4129     1943     2970     5339     4130     1397     5607     3418     2784     5119     4838     4476     3518     3938     4327     4235     2363     3269     1021     984      3778     3730     3659     1373     4720     3952     4706     6051     187      1328     3752     2819     3229     2828     3833     2066     2346     5501     0        2131     2265     3323     4245     4317     5221     3089     4906     5048     5506     281      1365     2466     3531     2105     1954     3891     3989     3392     4588     4905     3343     1978     4796     2420     3913     3284     2467     1659     4947     5028     3828     1828     5167     2847     
46       3303     2927     2645     3216     1851     4271     2724     4599     1121     4845     5175     5474     3113     3530     4891     4471     3012     3155     2878     5553     3529     3083     4768     472      4272     2890     1166     1921     2327     4894     3453     2832     2660     2595     3942     2205     2323     3332     1228     2663     828      3393     3815     4343     3626     2131     0        2224     4739     6356     4115     4031     958      3425     4956     3622     1852     1549     891      3725     4221     3782     4494     2256     4294     4724     3226     5474     1531     5040     4533     3591     2108     2842     3254     3591     4270     2648     361      3220     2687     
47       1106     3150     619      2785     4061     5976     3757     6186     1104     5126     7117     6396     2022     5316     5683     5026     4210     5340     5088     5471     1677     5298     6319     1964     2187     3276     2123     2532     4548     5915     3427     4926     4876     4336     5584     2450     3406     1488     3448     999      2221     5400     2491     4426     5697     2265     2224     0        5588     5936     2116     6249     2836     5644     6860     5687     2106     2971     3091     1524     3946     2576     5992     4450     5576     6508     5411     4846     693      2859     3818     5557     1448     660      3925     5816     6410     4848     1927     5242     4525     
48       6464     2487     6207     3198     4453     2432     2019     2107     5105     1350     3803     808      4174     7383     192      808      7555     5859     5466     2295     7260     4841     2045     5160     6163     2326     3784     6656     4735     509      2454     6148     4701     6744     7935     3138     2424     7075     4543     6544     5568     3456     4479     1856     6741     3323     4739     5588     0        3380     7617     5327     5498     5573     3504     6764     3500     3191     4414     6779     2592     4280     1787     5352     1140     2879     5902     3434     5245     7961     3422     3309     6486     5742     1664     5402     4529     4485     4618     6631     2908     
49       6315     3448     6438     3254     6957     5768     4195     5483     6091     2108     7178     3672     3920     9707     3235     2765     9361     8567     8169     1098     7310     7724     5426     6608     5226     3536     5189     7990     7382     3843     2904     8651     7469     8869     10195    4152     4438     7182     6775     6905     7073     6562     3637     2152     9370     4245     6356     5936     3380     0        7396     8397     7303     8433     6875     9384     4526     5132     6493     6446     2139     3480     5159     7852     4479     6250     8624     1142     5990     7212     2133     6475     7289     5702     3495     8343     7748     7278     6070     9131     5758     
