

sets
i        orders          /0*80/
k        routes          /1*80/
p        positions       /0*80/
;

alias(i,j)
alias(i,h)
alias(i,hh)
alias(i,jj)
alias(k,kk)
                            Parameters

rho(i)	Processing time
/
0	0
1	80
2	7
3	54
4	85
5	81
6	7
7	10
8	31
9	90
10	33
11	74
12	93
13	40
14	23
15	72
16	96
17	7
18	89
19	80
20	39
21	34
22	66
23	18
24	97
25	97
26	43
27	74
28	97
29	57
30	89
31	37
32	38
33	1
34	49
35	75
36	88
37	39
38	88
39	12
40	36
41	48
42	21
43	11
44	36
45	24
46	97
47	37
48	88
49	82
50	45
51	6
52	46
53	58
54	78
55	15
56	2
57	25
58	5
59	81
60	80
61	32
62	87
63	55
64	28
65	41
66	49
67	24
68	32
69	70
70	38
71	88
72	35
73	66
74	72
75	7
76	47
77	28
78	82
79	26
80	69
/

gamma(i)	Duedate
/
0	0
1	97
2	98
3	96
4	40
5	26
6	22
7	90
8	89
9	61
10	14
11	39
12	31
13	23
14	31
15	86
16	53
17	56
18	97
19	42
20	26
21	42
22	91
23	95
24	1
25	94
26	91
27	44
28	50
29	39
30	50
31	41
32	21
33	63
34	41
35	30
36	99
37	68
38	49
39	95
40	43
41	88
42	33
43	86
44	90
45	88
46	46
47	1
48	69
49	23
50	48
51	25
52	50
53	93
54	50
55	2
56	84
57	67
58	57
59	62
60	35
61	32
62	7
63	38
64	16
65	94
66	2
67	99
68	44
69	8
70	77
71	63
72	59
73	10
74	72
75	18
76	43
77	78
78	84
79	37
80	72
/

sigma(i)	Size
/
0	0
1	8
2	7
3	4
4	3
5	6
6	7
7	9
8	1
9	7
10	8
11	2
12	1
13	8
14	8
15	9
16	9
17	4
18	1
19	8
20	8
21	2
22	1
23	5
24	6
25	8
26	4
27	8
28	3
29	9
30	8
31	8
32	4
33	3
34	6
35	1
36	5
37	9
38	5
39	7
40	6
41	4
42	5
43	6
44	5
45	2
46	3
47	6
48	7
49	2
50	3
51	9
52	9
53	1
54	4
55	2
56	2
57	6
58	4
59	3
60	3
61	1
62	2
63	6
64	2
65	9
66	3
67	8
68	8
69	5
70	5
71	4
72	6
73	5
74	2
75	1
76	2
77	8
78	6
79	3
80	4
/

epsilon(i)	Priority
/
0	0
1	7
2	2
3	6
4	9
5	5
6	2
7	3
8	6
9	5
10	6
11	6
12	7
13	2
14	3
15	2
16	6
17	4
18	4
19	3
20	7
21	8
22	3
23	1
24	9
25	5
26	4
27	3
28	7
29	4
30	7
31	7
32	6
33	5
34	9
35	1
36	1
37	8
38	4
39	2
40	2
41	6
42	3
43	8
44	3
45	4
46	4
47	3
48	9
49	6
50	9
51	5
52	9
53	7
54	7
55	1
56	3
57	3
58	2
59	9
60	6
61	7
62	2
63	5
64	9
65	8
66	5
67	7
68	4
69	4
70	8
71	9
72	2
73	5
74	7
75	6
76	5
77	3
78	3
79	5
80	8
/

psi	Vehicle Capacity
/ 79 /
;

Table kappa(i,j)                 Setup
         0        1        2        3        4        5        6        7        8        9        10       11       12       13       14       15       16       17       18       19       20       21       22       23       24       25       26       27       28       29       30       31       32       33       34       35       36       37       38       39       40       41       42       43       44       45       46       47       48       49       50       51       52       53       54       55       56       57       58       59       60       61       62       63       64       65       66       67       68       69       70       71       72       73       74       75       76       77       78       79       80       
0        0        2386     2225     2547     2052     1502     840      2230     3215     2385     1160     3457     521      1351     2089     2857     539      3929     2021     2753     3839     1412     2818     1638     3523     3637     748      2344     2868     2891     1786     1951     2042     129      1084     2323     992      1244     1833     1889     1116     3581     1764     2185     2353     3573     3237     784      2647     570      3389     134      2642     3724     1539     494      715      1837     3094     3874     2533     3604     2598     3160     2880     1152     1433     2427     3403     478      3550     1176     1514     3195     2334     1298     920      3429     1427     2322     50       
1        2386     0        796      329      1340     1981     2372     1065     988      139      2035     1351     2052     1200     2532     889      2377     2144     1249     378      1995     1176     1361     1494     2102     1264     2702     1104     2777     1627     973      665      1349     2330     2502     786      2897     1242     732      681      1351     1222     2799     1030     32       1866     1069     2026     3090     2852     1838     2343     282      1967     1980     1978     1716     1031     2380     1562     260      1389     267      1328     495      3147     1707     2297     1885     2353     1966     2585     1962     1547     1887     2396     1474     1139     1327     787      2432     
2        2225     796      0        620      1935     1351     1938     1737     1724     926      2284     1239     2057     1451     1796     644      2039     1760     1840     1061     1648     1465     719      854      1514     1811     2738     1806     1981     2388     1461     351      582      2213     2682     1508     2970     1418     1202     416      1112     1531     2147     1690     781      1419     1825     1640     2320     2770     2632     2143     1021     1558     1339     1949     1511     420      1610     1734     672      1414     1038     946      1056     3205     1119     1508     2679     2035     2762     2781     1329     2342     1094     2657     1345     1821     1662     1509     2276     
3        2547     329      620      0        1669     1934     2426     1394     1110     460      2312     1041     2263     1462     2415     559      2471     1816     1577     449      1667     1447     1063     1434     1782     1217     2930     1429     2572     1929     1285     650      1202     2505     2767     1111     3136     1484     1032     695      1458     1037     2744     1359     341      1537     1216     2095     2938     3045     2096     2489     434      1638     1926     2177     1848     964      2118     1332     75       1109     471      998      439      3385     1678     2117     2146     2455     2213     2855     1913     1804     1698     2680     1626     1200     1614     1112     2595     
4        2052     1340     1935     1669     0        2542     2503     338      1550     1220     1103     2675     1544     818      3233     2225     2344     3485     95       1492     3335     752      2625     2202     3404     2143     1968     400      3729     839      499      1616     2304     1939     1573     629      2070     946      737      1570     1593     2373     3266     342      1327     3201     1505     2172     3856     2284     1343     2089     1392     3306     2561     1558     1701     1900     3515     2757     1601     2673     1327     2663     1671     2310     2271     3208     1354     2291     1502     1617     2533     1179     2863     1359     1477     1792     644      628      2078     
5        1502     1981     1351     1934     2542     0        799      2516     2970     2068     2244     2485     1682     1749     705      1943     1048     2691     2464     2331     2642     1807     1630     500      2178     3150     2228     2622     1391     3261     2065     1318     847      1569     2428     2419     2479     1631     1910     1300     957      2879     817      2460     1954     2342     3048     718      1332     2055     3642     1372     2257     2497     37       1556     1042     970      1611     3052     1967     2702     2249     2073     2370     2653     284      925      3677     1084     3793     2533     23       3373     879      2545     1143     3109     1973     2419     1546     
6        840      2372     1938     2426     2503     799      0        2583     3324     2420     1867     3157     1212     1693     1271     2577     304      3459     2446     2749     3398     1760     2368     1141     2969     3624     1586     2698     2073     3313     2106     1776     1559     945      1902     2579     1826     1563     2044     1732     1043     3444     929      2529     2341     3106     3377     355      1809     1329     3765     707      2653     3261     835      1111     803      1518     2399     3672     2438     3349     2627     2783     2832     1961     871      1677     3790     361      3924     1999     819      3527     1679     2085     1044     3503     1863     2578     871      
7        2230     1065     1737     1394     338      2516     2583     0        1216     935      1390     2372     1745     903      3185     1954     2459     3201     283      1173     3048     836      2398     2127     3161     1805     2235     116      3616     746      476      1449     2168     2128     1872     302      2357     1028     612      1413     1600     2041     3279     55       1058     2931     1177     2237     3799     2521     1183     2249     1079     3029     2530     1737     1783     1770     3343     2427     1322     2357     1015     2393     1351     2602     2235     3102     1207     2412     1344     1924     2504     966      2733     1674     1539     1459     806      301      2261     
8        3215     988      1724     1110     1550     2970     3324     1216     0        911      2574     1609     2799     1889     3506     1495     3294     2493     1498     662      2327     1838     2094     2481     2682     619      3377     1154     3678     1265     1492     1653     2303     3138     3062     971      3527     1980     1385     1669     2283     1019     3787     1227     1015     2328     129      2971     4045     3608     1177     3198     715      2372     2968     2755     2609     2014     3183     1395     1052     1478     720      1853     707      3777     2695     3227     1233     3263     1247     3123     2950     921      2808     2883     2354     242      1906     972      3256     
9        2385     139      926      460      1220     2068     2420     935      911      0        1967     1458     2027     1151     2638     1020     2408     2268     1131     373      2116     1119     1500     1589     2239     1252     2664     969      2904     1488     882      764      1468     2323     2441     651      2851     1206     658      770      1385     1269     2884     902      145      1996     981      2069     3204     2833     1706     2350     258      2094     2069     1960     1734     1133     2517     1625     387      1478     213      1458     527      3102     1790     2419     1753     2380     1837     2521     2050     1416     2012     2322     1486     1083     1256     652      2430     
10       1160     2035     2284     2312     1103     2244     1867     1390     2574     1967     0        3348     663      855      2937     2792     1615     4030     1117     2324     3903     865      2996     2114     3784     3119     871      1484     3612     1893     1108     1935     2398     1031     488      1603     968      867      1308     1869     1382     3233     2771     1364     2009     3699     2553     1629     3552     1224     2413     1248     2208     3831     2275     755      1204     2040     3623     3591     2266     3418     2148     3193     2491     1212     2043     3107     2416     1552     2568     557      2245     2277     2871     373      1133     2814     710      1602     1166     
11       3457     1351     1239     1041     2675     2485     3157     2372     1609     1458     3348     0        3242     2494     2726     599      3275     885      2588     1213     720      2483     926      2027     1155     1245     3921     2383     2556     2768     2323     1511     1637     3436     3794     2072     4139     2504     2073     1576     2340     715      3205     2347     1370     747      1738     2874     3090     3990     2781     3379     1295     767      2464     3144     2741     1653     1889     636      1096     257      1358     463      1044     4383     2302     2254     2837     3273     2857     3885     2462     2511     1874     3718     2555     1528     2654     2074     3507     
12       521      2052     2057     2263     1544     1682     1212     1745     2799     2027     663      3242     0        910      2348     2651     952      3812     1520     2401     3705     963      2721     1661     3477     3267     681      1856     3072     2382     1326     1738     2015     399      746      1869     914      827      1418     1671     981      3272     2129     1703     2021     3464     2808     1008     2948     810      2885     591      2285     3609     1716     128      663      1723     3179     3594     2236     3360     2235     3003     2544     1148     1527     2588     2898     889      3046     852      1687     2702     2412     883      723      3024     938      1868     539      
13       1351     1200     1451     1462     818      1749     1693     903      1889     1151     855      2494     910      0        2450     1937     1556     3180     754      1521     3051     67       2170     1465     2963     2368     1517     1019     3008     1621     438      1100     1657     1261     1306     971      1700     129      512      1036     791      2417     2450     852      1172     2854     1899     1356     3077     1719     2085     1357     1404     2983     1770     872      889      1267     2898     2762     1419     2571     1349     2342     1677     1951     1489     2488     2107     1508     2246     1393     1742     1866     2185     1227     659      2114     236      971      1387     
14       2089     2532     1796     2415     3233     705      1271     3185     3506     2638     2937     2726     2348     2450     0        2274     1571     2701     3152     2847     2696     2507     1803     1068     2106     3594     2835     3287     814      3925     2748     1873     1214     2177     3088     3062     3082     2334     2573     1874     1659     3244     591      3129     2508     2387     3598     1344     627      2601     4279     1954     2792     2532     680      2225     1733     1504     1313     3344     2463     2970     2796     2272     2852     3229     962      565      4317     1623     4425     3191     710      4002     857      3224     1848     3616     2677     3062     2126     
15       2857     889      644      559      2225     1943     2577     1954     1495     1020     2792     599      2651     1937     2274     0        2683     1266     2132     910      1124     1934     605      1464     1237     1369     3331     1988     2257     2468     1820     915      1105     2837     3225     1670     3554     1935     1559     981      1741     970      2702     1919     898      977      1618     2284     2715     3392     2588     2779     945      1082     1925     2550     2142     1063     1697     1109     632      772      996      439      797      3796     1737     1869     2641     2680     2692     3319     1920     2300     1457     3165     1958     1507     2115     1671     2908     
16       539      2377     2039     2471     2344     1048     304      2459     3294     2408     1615     3275     952      1556     1571     2683     0        3641     2295     2755     3570     1623     2537     1308     3180     3641     1282     2575     2367     3171     1987     1830     1730     650      1612     2489     1522     1430     1962     1778     1026     3505     1225     2408     2345     3286     3336     404      2113     1030     3642     409      2653     3440     1086     865      692      1622     2659     3758     2474     3453     2620     2927     2855     1658     1057     1954     3663     63       3802     1708     1065     3419     1920     1808     949      3488     1699     2489     568      
17       3929     2144     1760     1816     3485     2691     3459     3201     2493     2268     4030     885      3812     3180     2701     1266     3641     0        3393     2074     165      3183     1111     2333     626      2083     4491     3225     2274     3643     3086     2100     1911     3934     4441     2908     4726     3164     2825     2168     2845     1545     3261     3170     2157     356      2622     3241     2892     4491     3666     3830     2143     204      2660     3700     3229     2100     1533     1302     1884     1040     2203     839      1913     4959     2591     2150     3722     3654     3741     4539     2668     3396     1881     4403     3093     2400     3370     2909     3979     
18       2021     1249     1840     1577     95       2464     2446     283      1498     1131     1117     2588     1520     754      3152     2132     2295     3393     0        1411     3244     687      2530     2117     3309     2083     1972     367      3640     877      410      1522     2212     1912     1595     557      2085     884      643      1476     1518     2298     3195     274      1236     3108     1460     2110     3774     2276     1367     2053     1309     3214     2482     1526     1642     1808     3422     2681     1510     2590     1244     2570     1590     2328     2191     3120     1382     2244     1528     1644     2454     1186     2772     1393     1413     1741     600      555      2049     
19       2753     378      1061     449      1492     2331     2749     1173     662      373      2324     1213     2401     1521     2847     910      2755     2074     1411     0        1914     1487     1480     1836     2143     888      3036     1174     3022     1575     1223     1014     1641     2694     2803     870      3220     1579     1020     1040     1729     910      3147     1153     410      1843     766      2403     3382     3207     1679     2715     116      1919     2327     2334     2092     1365     2554     1280     389      1183     176      1321     179      3472     2063     2565     1731     2730     1787     2880     2311     1390     2147     2673     1847     778      1614     872      2799     
20       3839     1995     1648     1667     3335     2642     3398     3048     2327     2116     3903     720      3705     3051     2696     1124     3570     165      3244     1914     0        3052     1032     2263     681      1921     4385     3069     2315     3481     2944     1981     1841     3840     4322     2753     4618     3039     2684     2049     2745     1382     3244     3018     2009     309      2456     3167     2921     4397     3501     3743     1985     169      2613     3595     3134     2004     1580     1150     1734     877      2046     710      1752     4853     2527     2154     3557     3580     3575     4418     2619     3231     1859     4277     2989     2235     3236     2754     3890     
21       1412     1176     1465     1447     752      1807     1760     836      1838     1119     865      2483     963      67       2507     1934     1623     3183     687      1487     3052     0        2184     1513     2979     2326     1556     952      3056     1553     374      1114     1693     1320     1326     912      1733     196      470      1052     851      2388     2514     786      1149     2860     1845     1423     3134     1770     2018     1420     1371     2987     1828     930      957      1299     2933     2737     1402     2554     1314     2344     1646     1985     1545     2535     2039     1576     2179     1410     1800     1800     2226     1234     726      2065     200      911      1448     
22       2818     1361     719      1063     2625     1630     2368     2398     2094     1500     2996     926      2721     2170     1803     605      2537     1111     2530     1480     1032     2184     0        1231     794      1962     3396     2452     1673     2987     2166     1070     809      2826     3379     2139     3635     2132     1904     1133     1745     1517     2299     2355     1359     755      2215     2134     2173     3381     3155     2719     1492     907      1604     2605     2122     999      1091     1554     1138     1175     1533     469      1389     3863     1497     1332     3206     2547     3267     3480     1607     2864     948      3367     1999     2113     2382     2140     2869     
23       1638     1494     854      1434     2202     500      1141     2127     2481     1589     2114     2027     1661     1465     1068     1464     1308     2333     2117     1836     2263     1513     1231     0        1888     2649     2293     2226     1543     2861     1707     828      422      1669     2391     1994     2543     1366     1515     818      732      2385     1312     2072     1468     1977     2564     909      1672     2209     3210     1526     1766     2132     493      1534     1002     471      1521     2572     1468     2232     1762     1641     1870     2749     275      1023     3249     1322     3357     2497     479      2934     759      2455     984      2614     1701     1994     1688     
24       3523     2102     1514     1782     3404     2178     2969     3161     2682     2239     3784     1155     3477     2963     2106     1237     3180     626      3309     2143     681      2979     794      1888     0        2394     4142     3205     1647     3705     2955     1864     1481     3545     4155     2888     4387     2923     2692     1927     2495     1869     2680     3121     2106     433      2810     2790     2267     4093     3814     3413     2182     515      2145     3357     2852     1760     907      1733     1857     1389     2233     830      2015     4607     2123     1546     3867     3201     3910     4258     2157     3529     1323     4154     2756     2642     3176     2889     3573     
25       3637     1264     1811     1217     2143     3150     3624     1805     619      1252     3119     1245     3267     2368     3594     1369     3641     2083     2083     888      1921     2326     1962     2649     2394     0        3882     1755     3627     1874     2013     1859     2383     3574     3606     1534     4051     2440     1856     1896     2615     539      3956     1809     1297     1993     713      3283     4073     4076     1712     3602     996      2000     3141     3207     2980     2181     3040     848      1193     1044     1039     1608     792      4303     2896     3230     1767     3617     1746     3674     3128     1492     2812     3445     2735     404      2425     1535     3682     
26       748      2702     2738     2930     1968     2228     1586     2235     3377     2664     871      3921     681      1517     2835     3331     1282     4491     1972     3036     4385     1556     3396     2293     4142     3882     0        2335     3608     2765     1884     2419     2669     660      501      2415     252      1460     2027     2352     1651     3924     2504     2203     2672     4142     3370     1511     3394     419      3285     882      2920     4287     2264     791      1295     2397     3793     4256     2899     4032     2865     3684     3189     467      2123     3153     3287     1224     3440     548      2238     3145     3025     778      1398     3610     1471     2414     714      
27       2344     1104     1806     1429     400      2622     2698     116      1154     969      1484     2383     1856     1019     3287     1988     2575     3225     367      1174     3069     952      2452     2226     3205     1755     2335     0        3705     639      591      1528     2253     2241     1962     318      2452     1145     713      1496     1712     2019     3389     168      1099     2963     1105     2352     3898     2629     1067     2364     1088     3057     2635     1851     1899     1858     3415     2407     1356     2355     1025     2426     1350     2695     2340     3192     1091     2528     1228     2010     2609     851      2818     1756     1654     1396     919      317      2375     
28       2868     2777     1981     2572     3729     1391     2073     3616     3678     2904     3612     2556     3072     3008     814      2257     2367     2274     3640     3022     2315     3056     1673     1543     1647     3627     3608     3705     0        4323     3229     2186     1455     2947     3818     3437     3858     2908     3014     2211     2254     3189     1360     3563     2761     2024     3788     2098     641      3398     4608     2735     2996     2146     1356     2945     2423     1846     741      3193     2636     2814     3017     2098     2978     4018     1569     521      4652     2415     4741     3924     1385     4319     893      3928     2485     3737     3245     3438     2909     
29       2891     1627     2388     1929     839      3261     3313     746      1265     1488     1893     2768     2382     1621     3925     2468     3171     3643     877      1575     3481     1553     2987     2861     3705     1874     2765     639      4323     0        1216     2138     2869     2779     2329     886      2837     1750     1352     2112     2346     2269     4025     802      1632     3419     1161     2972     4534     3104     521      2927     1524     3493     3274     2397     2510     2481     3996     2653     1853     2687     1471     2893     1730     3064     2979     3816     522      3121     674      2352     3248     463      3433     2081     2273     1471     1477     886      2917     
30       1786     973      1461     1285     499      2065     2106     476      1492     882      1108     2323     1326     438      2748     1820     1987     3086     410      1223     2944     374      2166     1707     2955     2013     1884     591      3229     1216     0        1130     1806     1692     1593     542      2040     558      264      1080     1133     2134     2813     423      952      2784     1489     1760     3369     2127     1659     1795     1110     2899     2082     1301     1308     1401     3023     2501     1226     2359     1047     2251     1395     2291     1789     2710     1683     1941     1819     1665     2055     1432     2364     1450     1062     1726     414      541      1821     
31       1951     665      351      650      1616     1318     1776     1449     1653     764      1935     1511     1738     1100     1873     915      1830     2100     1522     1014     1981     1114     1070     828      1864     1859     2419     1528     2186     2138     1130     0        731      1926     2341     1251     2645     1068     878      67       838      1675     2135     1398     639      1764     1735     1448     2446     2479     2433     1881     939      1900     1316     1636     1239     369      1900     1934     666      1652     933      1273     1068     2885     1049     1684     2475     1817     2573     2438     1298     2148     1294     2308     1044     1791     1312     1252     2001     
32       2042     1349     582      1202     2304     847      1559     2168     2303     1468     2398     1637     2015     1657     1214     1105     1730     1911     2212     1641     1841     1693     809      422      1481     2383     2669     2253     1455     2869     1806     731      0        2064     2721     1982     2916     1582     1574     757      1040     2061     1598     2115     1329     1555     2400     1330     1743     2612     3160     1935     1594     1709     826      1891     1374     404      1241     2210     1253     1856     1604     1232     1638     3131     687      954      3204     1743     3297     2826     824      2874     565      2755     1304     2403     1892     1983     2093     
33       129      2330     2213     2505     1939     1569     945      2128     3138     2323     1031     3436     399      1261     2177     2837     650      3934     1912     2694     3840     1320     2826     1669     3545     3574     660      2241     2947     2779     1692     1926     2064     0        963      2232     911      1159     1753     1862     1100     3535     1874     2084     2298     3580     3155     851      2745     557      3280     242      2581     3729     1606     391      705      1835     3147     3836     2488     3576     2535     3154     2825     1090     1478     2495     3293     588      3440     1057     1579     3090     2382     1172     883      3355     1322     2231     139      
34       1084     2502     2682     2767     1573     2428     1902     1872     3062     2441     488      3794     746      1306     3088     3225     1612     4441     1595     2803     4322     1326     3379     2391     4155     3606     501      1962     3818     2329     1593     2341     2721     963      0        2091     509      1291     1784     2273     1681     3710     2831     1848     2475     4102     3040     1743     3679     917      2849     1206     2687     4240     2462     873      1405     2395     3912     4063     2725     3877     2627     3612     2967     738      2271     3334     2847     1549     3000     106      2433     2733     3147     278      1418     3302     1189     2090     1069     
35       2323     786      1508     1111     629      2419     2579     302      971      651      1603     2072     1869     971      3062     1670     2489     2908     557      870      2753     912      2139     1994     2888     1534     2415     318      3437     886      542      1251     1982     2232     2091     0        2558     1082     535      1226     1555     1743     3208     287      783      2645     955      2226     3663     2669     1223     2325     778      2739     2428     1842     1799     1597     3119     2128     1037     2054     714      2108     1049     2808     2134     2931     1258     2448     1375     2152     2404     960      2546     1915     1544     1211     947      1        2359     
36       992      2897     2970     3136     2070     2479     1826     2357     3527     2851     968      4139     914      1700     3082     3554     1522     4726     2085     3220     4618     1733     3635     2543     4387     4051     252      2452     3858     2837     2040     2645     2916     911      509      2558     0        1656     2203     2578     1893     4117     2737     2330     2867     4379     3513     1762     3635     572      3358     1127     3104     4523     2516     1030     1543     2637     4045     4456     3102     4243     3047     3914     3377     251      2376     3405     3356     1465     3509     505      2490     3237     3277     774      1636     3764     1627     2557     956      
37       1244     1242     1418     1484     946      1631     1563     1028     1980     1206     867      2504     827      129      2334     1935     1430     3164     884      1579     3039     196      2132     1366     2923     2440     1460     1145     2908     1750     558      1068     1582     1159     1291     1082     1656     0        595      1002     674      2464     2324     977      1212     2832     1996     1226     2961     1637     2212     1242     1463     2965     1653     775      760      1200     2822     2800     1447     2593     1410     2329     1728     1906     1376     2389     2234     1383     2372     1383     1625     1990     2097     1240     530      2201     342      1081     1282     
38       1833     732      1202     1032     737      1910     2044     612      1385     658      1308     2073     1418     512      2573     1559     1962     2825     643      1020     2684     470      1904     1515     2692     1856     2027     713      3014     1352     264      878      1574     1753     1784     535      2203     595      0        833      1022     1926     2685     556      708      2520     1404     1690     3186     2229     1745     1822     903      2637     1922     1370     1270     1172     2778     2283     977      2121     845      1989     1183     2455     1627     2497     1777     1922     1901     1863     1897     1492     2137     1666     1013     1606     598      534      1873     
39       1889     681      416      695      1570     1300     1732     1413     1669     770      1869     1576     1671     1036     1874     981      1778     2168     1476     1040     2049     1052     1133     818      1927     1896     2352     1496     2211     2112     1080     67       757      1862     2273     1226     2578     1002     833      0        778      1726     2118     1361     653      1831     1747     1400     2455     2414     2419     1821     959      1967     1300     1569     1178     375      1945     1991     706      1714     949      1340     1103     2818     1026     1704     2460     1764     2561     2371     1281     2136     1322     2242     979      1815     1250     1227     1939     
40       1116     1351     1112     1458     1593     957      1043     1600     2283     1385     1382     2340     981      791      1659     1741     1026     2845     1518     1729     2745     851      1745     732      2495     2615     1651     1712     2254     2346     1133     838      1040     1100     1681     1555     1893     674      1022     778      0        2495     1680     1545     1319     2493     2334     689      2287     1658     2765     1042     1628     2640     979      862      401      746      2244     2770     1455     2490     1596     2054     1830     2118     703      1740     2795     1003     2921     1786     950      2514     1489     1727     263      2468     1017     1555     1166     
41       3581     1222     1531     1037     2373     2879     3444     2041     1019     1269     3233     715      3272     2417     3244     970      3505     1545     2298     910      1382     2388     1517     2385     1869     539      3924     2019     3189     2269     2134     1675     2061     3535     3710     1743     4117     2464     1926     1726     2495     0        3659     2030     1252     1460     1141     3122     3677     4067     2187     3526     1025     1462     2865     3194     2886     1939     2563     389      1047     505      1087     1115     742      4368     2650     2830     2243     3490     2240     3789     2856     1940     2423     3584     2661     876      2523     1745     3628     
42       1764     2799     2147     2744     3266     817      929      3279     3787     2884     2771     3205     2129     2450     591      2702     1225     3261     3195     3147     3244     2514     2299     1312     2680     3956     2504     3389     1360     4025     2813     2135     1598     1874     2831     3208     2737     2324     2685     2118     1680     3659     0        3223     2771     2935     3865     1148     929      2209     4429     1634     3075     3085     819      2020     1612     1783     1905     3801     2779     3438     3067     2765     3182     2851     1094     1153     4462     1286     4583     2928     836      4167     1384     3008     1797     3925     2655     3207     1792     
43       2185     1030     1690     1359     342      2460     2529     55       1227     902      1364     2347     1703     852      3129     1919     2408     3170     274      1153     3018     786      2355     2072     3121     1809     2203     168      3563     802      423      1398     2115     2084     1848     287      2330     977      556      1361     1545     2030     3223     0        1021     2897     1194     2183     3743     2484     1236     2202     1057     2996     2474     1693     1731     1717     3294     2415     1289     2336     992      2358     1332     2576     2179     3048     1260     2361     1396     1903     2448     1014     2680     1657     1485     1470     764      285      2217     
44       2353     32       781      341      1327     1954     2341     1058     1015     145      2009     1370     2021     1172     2508     898      2345     2157     1236     410      2009     1149     1359     1468     2106     1297     2672     1099     2761     1632     952      639      1329     2298     2475     783      2867     1212     708      653      1319     1252     2771     1021     0        1876     1095     1994     3069     2821     1851     2311     313      1979     1953     1947     1684     1006     2371     1590     275      1412     295      1337     526      3118     1679     2278     1898     2320     1981     2559     1935     1561     1870     2371     1442     1169     1302     784      2400     
45       3573     1866     1419     1537     3201     2342     3106     2931     2328     1996     3699     747      3464     2854     2387     977      3286     356      3108     1843     309      2860     755      1977     433      1993     4142     2963     2024     3419     2784     1764     1555     3580     4102     2645     4379     2832     2520     1831     2493     1460     2935     2897     1876     0        2457     2885     2622     4136     3485     3474     1899     155      2313     3350     2875     1748     1296     1302     1609     968      1956     538      1696     4609     2237     1846     3539     3298     3571     4201     2320     3206     1550     4072     2743     2266     3050     2646     3624     
46       3237     1069     1825     1216     1505     3048     3377     1177     129      981      2553     1738     2808     1899     3598     1618     3336     2622     1460     766      2456     1845     2215     2564     2810     713      3370     1105     3788     1161     1489     1735     2400     3155     3040     955      3513     1996     1404     1747     2334     1141     3865     1194     1095     2457     0        3023     4144     3614     1050     3225     806      2501     3048     2770     2648     2100     3302     1512     1155     1605     803      1980     826      3761     2771     3331     1106     3303     1118     3097     3029     799      2913     2851     2391     312      1900     956      3277     
47       784      2026     1640     2095     2172     718      355      2237     2971     2069     1629     2874     1008     1356     1344     2284     404      3241     2110     2403     3167     1423     2134     909      2790     3283     1511     2352     2098     2972     1760     1448     1330     851      1743     2226     1762     1226     1690     1400     689      3122     1148     2183     1994     2885     3023     0        1939     1343     3417     656      2306     3039     755      890      475      1221     2313     3365     2103     3055     2278     2523     2492     1935     669      1644     3443     413      3576     1846     730      3176     1558     1890     699      3153     1539     2225     829      
48       2647     3090     2320     2938     3856     1332     1809     3799     4045     3204     3552     3090     2948     3077     627      2715     2113     2892     3774     3382     2921     3134     2173     1672     2267     4073     3394     3898     641      4534     3369     2446     1743     2745     3679     3663     3635     2961     3186     2455     2287     3677     929      3743     3069     2622     4144     1939     0        3124     4872     2513     3338     2752     1308     2828     2350     2080     1369     3724     2993     3345     3348     2627     3367     3763     1588     846      4912     2170     5016     3781     1337     4591     1260     3829     2474     4134     3304     3663     2680     
49       570      2852     2770     3045     2284     2055     1329     2521     3608     2833     1224     3990     810      1719     2601     3392     1030     4491     2276     3207     4397     1770     3381     2209     4093     4076     419      2629     3398     3104     2127     2479     2612     557      917      2669     572      1637     2229     2414     1658     4067     2209     2484     2821     4136     3614     1343     3124     0        3620     689      3092     4286     2092     873      1263     2393     3657     4377     3023     4125     3042     3711     3346     642      2001     2975     3626     982      3778     968      2068     3461     2900     1190     1434     3834     1725     2667     521      
