
sets
i        orders          /0*5/
k        routes          /1*5/
p        positions       /0*5/
;

alias(i,j)
alias(i,h)
alias(i,hh)
alias(i,jj)
alias(k,kk)
                
                    Parameters

rho(i)	Processing time
/
0	0
1	84
2	8
3	24
4	78
5	26
/

gamma(i)	Duedate
/
0	0
1	53
2	57
3	31
4	29
5	78
/

sigma(i)	Size
/
0	0
1	1
2	7
3	8
4	6
5	2
/

epsilon(i)	Priority
/
0	0
1	6
2	5
3	2
4	9
5	6
/

psi	Vehicle Capacity
/ 31 /
;

Table kappa(i,j)                 Setup
         0        1        2        3        4        5        
0        0        64       14       67       63       83       
1        64       0        76       126      6        86       
2        14       76       0        61       77       94       
3        67       126      61       0        124      96       
4        63       6        77       124      0        80       
5        83       86       94       96       80       0        
;



Table delta(i,j)                 Distance
         0        1        2        3        4        5        
0        0        1170     4290     1740     4470     4080     
1        1170     0        145      51       126      113      
2        4290     145      0        193      89       86       
3        1740     51       193      0        176      163      
4        4470     126      89       176      0        13       
5        4080     113      86       163      13       0        
;

