
sets
i        orders          /0*5/
k        routes          /1*5/
p        positions       /0*5/
;

alias(i,j)
alias(i,h)
alias(i,hh)
alias(i,jj)
alias(k,kk)
                
                    Parameters

rho(i)	Processing time
/
0	0
1	18
2	32
3	35
4	29
5	53
/

gamma(i)	Duedate
/
0	0
1	50
2	8
3	45
4	42
5	32
/

sigma(i)	Size
/
0	0
1	8
2	5
3	3
4	7
5	1
/

epsilon(i)	Priority
/
0	0
1	5
2	6
3	7
4	1
5	5
/

psi	Vehicle Capacity
/ 25 /
;

Table kappa(i,j)                 Setup
         0        1        2        3        4        5        
0        0        53       74       89       20       79       
1        53       0        109      55       57       65       
2        74       109      0        107      92       78       
3        89       55       107      0        103      31       
4        20       57       92       103      0        96       
5        79       65       78       31       96       0        
;



Table delta(i,j)                 Distance
         0        1        2        3        4        5        
0        0        3750     4170     4140     1050     2010     
1        3750     0        69       141      94       57       
2        4170     69       0        83       122      88       
3        4140     141      83       0        142      126      
4        1050     94       122      142      0        38       
5        2010     57       88       126      38       0        
;

