
sets
i        orders          /0*5/
k        routes          /1*5/
p        positions       /0*5/
;

alias(i,j)
alias(i,h)
alias(i,hh)
alias(i,jj)
alias(k,kk)
                
                    Parameters

rho(i)	Processing time
/
0	0
1	24
2	58
3	90
4	55
5	74
/

gamma(i)	Duedate
/
0	0
1	39
2	27
3	35
4	37
5	51
/

sigma(i)	Size
/
0	0
1	3
2	6
3	1
4	4
5	9
/

epsilon(i)	Priority
/
0	0
1	5
2	9
3	2
4	6
5	3
/

psi	Vehicle Capacity
/ 28 /
;

Table kappa(i,j)                 Setup
         0        1        2        3        4        5        
0        0        40       41       93       51       37       
1        40       0        63       110      62       72       
2        41       63       0        52       16       23       
3        93       110      52       0        47       64       
4        51       62       16       47       0        39       
5        37       72       23       64       39       0        
;



Table delta(i,j)                 Distance
         0        1        2        3        4        5        
0        0        1050     1770     4890     2700     3900     
1        1050     0        47       135      61       115      
2        1770     47       0        108      44       71       
3        4890     135      108      0        73       69       
4        2700     61       44       73       0        69       
5        3900     115      71       69       69       0        
;

