

sets
i        orders          /0*20/
k        routes          /1*20/
p        positions       /0*20/
;

alias(i,j)
alias(i,h)
alias(i,hh)
alias(i,jj)
alias(k,kk)
                            Parameters

rho(i)	Processing time
/
0	0
1	9
2	76
3	20
4	62
5	65
6	34
7	52
8	62
9	45
10	98
11	37
12	22
13	18
14	45
15	68
16	99
17	6
18	64
19	71
20	57
/

gamma(i)	Duedate
/
0	0
1	74
2	66
3	21
4	99
5	48
6	79
7	88
8	45
9	66
10	61
11	40
12	55
13	46
14	36
15	78
16	94
17	12
18	45
19	14
20	1
/

sigma(i)	Size
/
0	0
1	2
2	7
3	2
4	4
5	1
6	5
7	6
8	3
9	9
10	2
11	8
12	9
13	1
14	7
15	6
16	7
17	6
18	4
19	1
20	9
/

epsilon(i)	Priority
/
0	0
1	7
2	8
3	7
4	1
5	8
6	8
7	2
8	6
9	7
10	2
11	6
12	9
13	7
14	9
15	4
16	5
17	6
18	8
19	2
20	8
/

psi	Vehicle Capacity
/ 30 /
;

Table kappa(i,j)                 Setup
         0        1        2        3        4        5        6        7        8        9        10       11       12       13       14       15       16       17       18       19       20       
0        0        533      313      313      261      491      565      633      585      846      534      712      447      668      567      194      728      598      494      573      577      
1        533      0        240      552      535      75       629      282      253      312      317      415      287      259      801      669      249      763      73       474      284      
2        313      240      0        328      302      183      471      335      287      547      268      438      321      360      598      429      473      579      186      375      406      
3        313      552      328      0        52       481      256      496      457      835      367      518      625      553      282      241      797      291      484      321      728      
4        261      535      302      52       0        467      307      506      465      827      381      541      586      560      327      204      776      342      470      355      694      
5        491      75       183      481      467      0        553      234      197      365      248      365      321      227      726      612      324      688      3        402      342      
6        565      629      471      256      307      553      0        449      432      846      333      402      792      514      231      488      875      153      555      189      869      
7        633      282      335      496      506      234      449      0        48       402      130      133      555      65       666      696      481      601      233      262      566      
8        585      253      287      457      465      197      432      48       0        413      100      168      517      95       642      652      469      582      197      250      536      
9        846      312      547      835      827      365      846      402      413      0        513      500      522      338      1051     977      221      996      362      662      437      
10       534      317      268      367      381      248      333      130      100      513      0        177      548      192      541      576      552      482      248      159      589      
11       712      415      438      518      541      365      402      133      168      500      177      0        685      175      632      743      607      555      364      219      699      
12       447      287      321      625      586      321      792      555      517      522      548      685      0        543      905      633      333      896      322      684      133      
13       668      259      360      553      560      227      514      65       95       338      192      175      543      0        730      744      432      667      225      327      539      
14       567      801      598      282      327      726      231      666      642      1051     541      632      905      730      0        419      1050     94       728      415      1004     
15       194      669      429      241      204      612      488      696      652      977      576      743      633      744      419      0        888      473      615      559      759      
16       728      249      473      797      776      324      875      481      469      221      552      607      333      432      1050     888      0        1012     322      712      225      
17       598      763      579      291      342      688      153      601      582      996      482      555      896      667      94       473      1012     0        690      342      985      
18       494      73       186      484      470      3        555      233      197      362      248      364      322      225      728      615      322      690      0        403      342      
19       573      474      375      321      355      402      189      262      250      662      159      219      684      327      415      559      712      342      403      0        739      
20       577      284      406      728      694      342      869      566      536      437      589      699      133      539      1004     759      225      985      342      739      0        
;



Table delta(i,j)                 Distance
         0        1        2        3        4        5        6        7        8        9        10       11       12       13       14       15       16       17       18       19       20       
0        0        44       161      189      118      19       170      136      125      49       122      23       97       137      67       168      107      148      153      132      96       
1        44       0        149      185      150      56       171      153      127      11       91       22       66       161      103      181      77       118      161      93       131      
2        161      149      0        46       150      148      50       98       50       138      79       149      90       124      147      91       84       67       69       111      151      
3        189      185      46       0        147      173      25       88       64       175      124      182      133      114      159      65       128      113      54       157      155      
4        118      150      150      147      0        99       122      59       100      147      172      131      156      37       50       91       162      186      93       201      22       
5        19       56       148      173      99       0        153      117      109      56       119      34       94       117      49       149      104      143      135      134      78       
6        170      171      50       25       122      153      0        63       44       161      121      165      126      89       136      43       123      115      29       155      130      
7        136      153      98       88       59       117      63       0        52       146      141      140      133      27       83       35       135      147      34       174      70       
8        125      127      50       64       100      109      44       52       0        117      91       120      89       77       99       60       88       95       37       125      100      
9        49       11       138      175      147      56       161      146      117      0        81       25       56       155      102      172      66       108      152      85       128      
10       122      91       79       124      172      119      121      141      91       81       0        102      25       162      144      151      14       27       128      34       162      
11       23       22       149      182      131      34       165      140      120      25       102      0        76       145      82       169      87       129      151      110      111      
12       97       66       90       133      156      94       126      133      89       56       25       76       0        151      124      149      10       52       126      44       144      
13       137      161      124      114      37       117      89       27       77       155      162      145      151      0        75       54       155      171      60       194      54       
14       67       103      147      159      50       49       136      83       99       102      144      82       124      75       0        119      132      164      111      168      28       
15       168      181      91       65       91       149      43       35       60       172      151      169      149      54       119      0        149      151      23       186      105      
16       107      77       84       128      162      104      123      135      88       66       14       87       10       155      132      149      0        41       125      39       151      
17       148      118      67       113      186      143      115      147      95       108      27       129      52       171      164      151      41       0        128      47       179      
18       153      161      69       54       93       135      29       34       37       152      128      151      126      60       111      23       125      128      0        162      102      
19       132      93       111      157      201      134      155      174      125      85       34       110      44       194      168      186      39       47       162      0        189      
20       96       131      151      155      22       78       130      70       100      128      162      111      144      54       28       105      151      179      102      189      0        
;

