
sets
i        orders          /0*80/
k        routes          /1*80/
p        positions       /0*80/
;

alias(i,j)
alias(i,h)
alias(i,hh)
alias(i,jj)
alias(k,kk)
                
                    Parameters

rho(i)	Processing time
/
0	0
1	79
2	57
3	42
4	69
5	21
6	67
7	45
8	20
9	9
10	64
11	14
12	67
13	71
14	48
15	65
16	97
17	61
18	55
19	60
20	18
21	33
22	43
23	4
24	7
25	92
26	98
27	77
28	76
29	41
30	68
31	67
32	63
33	10
34	59
35	22
36	84
37	29
38	58
39	6
40	44
41	43
42	24
43	91
44	48
45	33
46	29
47	69
48	26
49	44
50	7
51	59
52	17
53	50
54	69
55	62
56	14
57	39
58	78
59	26
60	77
61	25
62	94
63	93
64	2
65	25
66	36
67	98
68	12
69	69
70	36
71	86
72	36
73	33
74	98
75	83
76	43
77	35
78	10
79	50
80	87
/

gamma(i)	Duedate
/
0	0
1	42
2	15
3	7
4	40
5	63
6	89
7	60
8	84
9	87
10	94
11	54
12	54
13	73
14	21
15	75
16	29
17	2
18	15
19	31
20	78
21	43
22	43
23	41
24	61
25	11
26	88
27	6
28	83
29	52
30	97
31	78
32	97
33	76
34	45
35	58
36	99
37	80
38	58
39	61
40	44
41	95
42	19
43	98
44	84
45	9
46	55
47	64
48	57
49	58
50	86
51	88
52	45
53	68
54	91
55	73
56	61
57	26
58	73
59	52
60	86
61	11
62	40
63	57
64	85
65	52
66	22
67	67
68	68
69	29
70	32
71	65
72	92
73	42
74	55
75	46
76	59
77	86
78	71
79	50
80	30
/

sigma(i)	Size
/
0	0
1	7
2	4
3	2
4	6
5	6
6	5
7	5
8	5
9	1
10	6
11	5
12	6
13	5
14	6
15	3
16	1
17	5
18	4
19	6
20	9
21	8
22	8
23	3
24	4
25	3
26	8
27	8
28	5
29	6
30	2
31	5
32	2
33	4
34	6
35	7
36	5
37	7
38	1
39	5
40	1
41	4
42	8
43	4
44	9
45	8
46	7
47	1
48	8
49	8
50	4
51	5
52	4
53	6
54	1
55	9
56	8
57	9
58	9
59	4
60	5
61	6
62	8
63	5
64	2
65	2
66	8
67	2
68	7
69	4
70	1
71	2
72	4
73	7
74	6
75	1
76	9
77	2
78	1
79	7
80	6
/

epsilon(i)	Priority
/
0	0
1	1
2	9
3	9
4	1
5	7
6	8
7	1
8	4
9	6
10	2
11	2
12	1
13	2
14	2
15	8
16	1
17	7
18	5
19	3
20	3
21	3
22	5
23	7
24	4
25	6
26	4
27	9
28	9
29	8
30	9
31	6
32	9
33	2
34	1
35	1
36	1
37	6
38	8
39	4
40	9
41	9
42	5
43	2
44	3
45	1
46	3
47	9
48	4
49	9
50	8
51	3
52	9
53	2
54	8
55	3
56	9
57	5
58	4
59	2
60	8
61	8
62	7
63	9
64	9
65	6
66	2
67	2
68	2
69	7
70	2
71	3
72	7
73	1
74	8
75	5
76	7
77	1
78	1
79	7
80	6
/

psi	Vehicle Capacity
/ 17 /
;

Table kappa(i,j)                 Setup
         0        1        2        3        4        5        6        7        8        9        10       11       12       13       14       15       16       17       18       19       20       21       22       23       24       25       26       27       28       29       30       31       32       33       34       35       36       37       38       39       40       41       42       43       44       45       46       47       48       49       50       51       52       53       54       55       56       57       58       59       60       61       62       63       64       65       66       67       68       69       70       71       72       73       74       75       76       77       78       79       80       
0        0        806      1495     624      1186     885      1459     424      1036     1260     618      348      689      1539     943      1223     385      1464     1115     1113     1194     1089     1375     740      1259     674      1420     1170     1392     1121     1196     1112     935      220      906      263      849      1288     704      872      838      574      1206     1428     458      1398     1440     266      1467     617      689      1152     1158     504      826      350      1336     976      916      889      937      243      608      1244     1147     514      913      598      580      1147     944      792      944      702      1023     964      344      557      863      667      897      
1        806      0        692      427      803      844      656      806      460      587      588      497      788      925      196      773      521      691      547      374      610      441      588      558      462      186      696      655      1069     319      529      318      783      591      995      871      832      490      850      234      40       637      626      649      820      676      636      875      915      1043     135      633      375      1097     72       479      644      744      806      654      451      899      964      749      459      439      414      211      960      940      266      53       295      107      347      327      825      357      201      726      756      
2        1495     692      0        1052     930      1235     38       1472     648      476      1120     1189     1285     668      562      843      1169     189      650      540      628      551      157      1020     324      828      553      730      1132     374      652      437      1257     1282     1531     1524     1361     209      1346     663      658      1264     634      165      1416     554      60       1527     764      1610     822      880      431      1716     690      1171     616      1182     1295     1133     755      1559     1520     779      479      1054     852      897      1527     1165     675      702      704      793      655      613      1456     981      718      1229     1122     
3        624      427      1052     0        1178     1094     1014     427      869      1014     782      288      966      1351     623      1166     569      1092     959      557      1028     864      979      823      751      464      828      1059     1439     703      594      617      419      426      578      809      425      873      1016     638      466      214      1043     1046     875      806      992      814      1334     1100     306      528      639      1071     388      301      734      418      427      318      830      817      1046     1152     886      586      296      363      1030     1265     389      457      372      390      446      741      820      535      334      910      1038     
4        1186     803      930      1178     0        429      919      1430     365      454      571      1078     592      468      651      95       810      761      306      1072     303      437      778      445      993      714      1322     203      266      781      1253     934      1577     1067     1754     1048     1604     794      630      569      776      1354     296      768      838      1310     917      1050     343      929      883      1415     996      1111     873      1045     1320     1545     1594     1451     353      1094     842      160      486      694      1216     818      864      242      1045     754      1081     795      1107     493      941      692      1000     573      339      
5        885      844      1235     1094     429      0        1215     1220     587      788      316      898      201      894      780      513      573      1098     595      1198     643      684      1079     287      1195     680      1501     555      540      975      1368     1091     1514     835      1627     688      1502     1056     215      661      836      1218     645      1090     460      1484     1206     689      773      504      860      1473     1157     698      916      867      1469     1506     1520     1406     487      734      422      568      756      510      1234     749      447      279      1110     792      1139     782      1191     651      577      559      1040     219      113      
6        1459     656      38       1014     919      1215     0        1434     627      466      1092     1152     1259     677      529      834      1136     198      634      504      616      530      141      994      289      794      530      718      1127     338      619      399      1220     1246     1495     1491     1325     176      1321     633      621      1226     623      165      1386     530      22       1495     767      1582     785      847      394      1686     653      1134     589      1147     1259     1096     732      1526     1493     771      459      1023     815      861      1499     1152     638      667      666      757      618      586      1425     948      680      1203     1102     
7        424      806      1472     427      1430     1220     1434     0        1185     1371     913      354      1043     1693     993      1443     650      1495     1275     985      1351     1206     1387     1006     1178     763      1241     1358     1670     1111     1005     1041     564      384      484      685      450      1284     1073     970      846      247      1365     1451     853      1219     1412     688      1652     1036     671      888      1066     927      787      386      1142     626      534      561      1115     667      1016     1445     1244     743      702      655      990      1452     817      820      799      732      872      1076     752      738      758      1005     1202     
8        1036     460      648      869      365      587      627      1185     0        236      512      835      649      510      289      317      656      521      90       707      165      96       491      392      641      423      967      195      626      423      888      571      1243     866      1446     979      1287     472      708      230      427      1065     180      507      821      953      619      981      469      989      563      1052     634      1124     524      806      958      1203     1266     1115     117      1021     897      289      169      525      864      533      908      557      685      417      722      479      744      134      889      481      647      599      474      
9        1260     587      476      1014     454      788      466      1371     236      0        748      1030     875      340      390      368      884      314      193      715      152      171      325      625      581      613      908      254      668      403      889      567      1349     1078     1579     1214     1413     357      931      403      548      1222     158      315      1057     899      465      1217     361      1219     713      1087     616      1359     635      1003     926      1296     1377     1217     352      1255     1127     306      128      754      943      717      1139     689      749      559      787      641      785      300      1125     703      737      828      675      
10       618      588      1120     782      571      316      1092     913      512      748      0        583      201      965      586      618      263      1023     567      961      640      596      970      133      1002     406      1279     589      775      796      1117     878      1202     530      1310     487      1186     918      261      467      591      901      648      1002     309      1260     1079     489      874      490      573      1194     942      611      654      551      1232     1197     1206     1097     395      532      401      648      668      195      946      452      406      541      846      539      870      506      932      507      386      256      768      138      289      
11       348      497      1189     288      1078     898      1152     354      835      1030     583      0        740      1345     667      1089     330      1185     924      769      1001     862      1085     661      928      417      1072     1004     1321     816      848      782      664      138      730      522      618      988      782      627      535      325      1015     1144     606      1050     1131     526      1299     825      367      812      823      783      501      32       987      684      657      588      761      529      779      1091     906      399      568      314      760      1112     599      498      596      406      676      731      539      385      520      692      866      
12       689      788      1285     966      592      201      1259     1043     649      875      201      740      0        1038     772      663      410      1170     683      1159     746      741      1131     265      1192     607      1476     673      737      980      1318     1072     1383     660      1471     487      1356     1089     63       652      789      1066     751      1154     260      1457     1248     487      928      347      773      1393     1137     519      855      711      1431     1384     1384     1284     534      533      256      709      815      385      1144     650      274      478      1047     739      1071     707      1133     674      376      454      969      62       254      
13       1539     925      668      1351     468      894      677      1693     510      340      965      1345     1038     0        729      380      1154     479      425      1038     346      489      562      832      877      929      1187     376      543      730      1205     891      1689     1376     1919     1451     1753     639      1083     724      886      1557     333      513      1263     1182     686      1454     137      1383     1047     1413     932      1553     975      1316     1223     1635     1717     1557     602      1496     1293     328      466      1024     1282     1038     1312     692      1087     894      1125     970      1118     618      1351     989      1077     1006     794      
14       943      196      562      623      651      780      529      993      289      390      586      667      772      729      0        606      607      521      369      431      423      250      432      513      419      270      720      481      914      210      610      311      969      739      1190     962      1025     353      835      121      157      833      439      484      865      704      512      965      724      1072     325      764      377      1161     247      644      695      923      994      838      319      996      986      574      262      494      578      355      988      821      396      173      433      262      456      158      897      419      362      712      678      
15       1223     773      843      1166     95       513      834      1443     317      368      618      1089     663      380      606      0        842      670      243      1017     223      375      693      487      923      705      1253     130      314      717      1198     875      1554     1090     1745     1102     1590     716      705      539      743      1351     213      679      900      1242     833      1104     264      1005     865      1369     934      1182     840      1057     1257     1518     1575     1427     336      1148     917      66       415      719      1181     813      937      336      1003     727      1040     778      1060     451      997      706      964      637      415      
16       385      521      1169     569      810      573      1136     650      656      884      263      330      410      1154     607      842      0        1112     732      884      811      715      1036     367      981      347      1208     785      1032     807      1013     840      979      266      1060     355      946      960      453      514      542      655      822      1081     318      1187     1119     359      1082     548      447      1042     897      576      568      300      1142     986      977      887      553      389      484      860      778      131      787      322      471      804      737      489      751      416      825      596      304      189      652      363      553      
17       1464     691      189      1092     761      1098     198      1495     521      314      1023     1185     1170     479      521      670      1112     0        503      641      466      429      118      911      442      790      722      567      949      388      783      510      1349     1261     1612     1460     1441     226      1229     598      652      1307     470      48       1329     720      209      1464     575      1508     826      1007     528      1632     708      1163     772      1282     1385     1220     637      1498     1416     605      356      989      936      876      1426     1000     745      686      778      779      745      523      1382     923      768      1119     985      
18       1115     547      650      959      306      595      634      1275     90       193      567      924      683      425      369      243      732      503      0        773      78       133      494      439      687      514      1016     113      557      476      954      632      1331     951      1536     1044     1376     495      739      320      514      1156     91       497      875      1004     629      1047     378      1029     653      1127     692      1175     610      894      1016     1289     1354     1202     180      1087     937      205      182      601      947      624      950      522      764      506      801      569      819      220      951      564      730      638      482      
19       1113     374      540      557      1072     1198     504      985      707      715      961      769      1159     1038     431      1017     884      641      773      0        808      641      523      918      215      560      324      886      1330     312      181      148      716      893      992      1221     822      419      1222     541      370      755      822      593      1191     303      482      1226     1077     1416     440      375      113      1459     317      763      271      644      755      592      750      1245     1338     973      614      812      315      562      1333     1252     172      421      185      471      118      585      1187     731      249      1097     1101     
20       1194     610      628      1028     303      643      616      1351     165      152      640      1001     746      346      423      223      811      466      78       808      0        174      475      510      702      588      1032     101      534      502      988      663      1392     1029     1603     1120     1442     493      799      390      574      1227     15       468      947      1021     613      1123     306      1093     721      1170     720      1245     669      971      1040     1347     1416     1261     258      1163     1001     168      196      680      1001     698      1016     537      814      571      851      639      862      286      1025     642      786      704      531      
21       1089     441      551      864      437      684      530      1206     96       171      596      862      741      489      250      375      715      429      133      641      174      0        394      481      556      444      885      245      690      343      822      499      1219     907      1436     1050     1273     376      801      235      404      1067     189      413      903      872      522      1053     474      1078     558      998      559      1207     497      835      883      1173     1244     1089     207      1091     987      333      73       586      826      551      996      645      640      406      677      481      690      130      965      532      612      689      571      
22       1375     588      157      979      778      1079     141      1387     491      325      970      1085     1131     562      432      693      1036     118      494      523      475      394      0        867      328      702      625      577      990      276      668      391      1231     1168     1494     1388     1323     108      1192     523      550      1194     482      69       1270     620      139      1391     641      1460     722      891      410      1572     600      1064     666      1163     1266     1102     599      1424     1370     631      322      916      817      781      1377     1011     627      588      660      681      626      463      1316     846      652      1076     965      
23       740      558      1020     823      445      287      994      1006     392      625      133      661      265      832      513      487      367      911      439      918      510      481      867      0        933      394      1227     456      666      718      1085     820      1241     630      1375     620      1240     824      327      392      552      966      518      893      436      1210     982      622      741      597      575      1186     885      736      629      629      1190     1228     1250     1128     274      665      505      515      554      263      948      468      516      451      824      506      852      495      906      408      519      289      753      209      214      
24       1259     462      324      751      993      1195     289      1178     641      581      1002     928      1192     877      419      923      981      442      687      215      702      556      328      933      0        635      330      794      1236     220      340      146      932      1039     1207     1333     1038     237      1255     541      439      957      714      394      1268     319      267      1337     935      1483     570      565      113      1554     432      916      347      858      970      808      714      1362     1399     871      508      887      530      672      1398     1199     364      492      388      569      332      545      1283     806      421      1131     1088     
25       674      186      828      464      714      680      794      763      423      613      406      417      607      929      270      705      347      790      514      560      588      444      702      394      635      0        882      604      975      460      711      497      869      473      1041     702      890      619      668      210      198      647      603      754      636      862      775      706      892      857      182      794      557      918      248      390      829      846      884      749      368      734      778      696      489      254      554      110      774      812      440      144      464      102      525      314      648      172      363      545      603      
26       1420     696      553      828      1322     1501     530      1241     967      908      1279     1072     1476     1187     720      1253     1208     722      1016     324      1032     885      625      1227     330      882      0        1124     1566     543      236      409      848      1202     1137     1542     981      555      1538     839      688      997      1044     680      1515     22       515      1547     1257     1740     762      416      343      1783     641      1070     105      762      892      751      1031     1564     1661     1201     838      1136     539      886      1657     1524     479      741      476      795      397      862      1511     1054     563      1413     1398     
27       1170     655      730      1059     203      555      718      1358     195      254      589      1004     673      376      481      130      785      567      113      886      101      245      577      456      794      604      1124     0        445      587      1067     745      1438     1019     1637     1075     1479     591      723      423      622      1251     96       569      889      1112     715      1077     298      1021     754      1240     804      1182     719      973      1126     1398     1460     1309     242      1119     930      94       286      656      1058     714      946      435      877      611      914      669      932      329      975      630      841      636      445      
28       1392     1069     1132     1439     266      540      1127     1670     626      668      775      1321     737      543      914      314      1032     949      557      1330     534      690      990      666      1236     975      1566     445      0        1032     1511     1190     1841     1296     2013     1221     1865     1024     755      835      1042     1609     522      966      997      1555     1129     1222     407      1033     1147     1678     1249     1235     1139     1289     1571     1810     1858     1717     618      1267     957      365      729      927      1482     1077     984      261      1310     1020     1346     1059     1371     757      1110     937      1265     737      497      
29       1121     319      374      703      781      975      338      1111     423      403      796      816      980      730      210      717      807      388      476      312      502      343      276      718      220      460      543      587      1032     0        488      164      977      908      1230     1162     1059     173      1043     329      283      918      515      342      1075     530      318      1166     765      1282     450      684      217      1368     324      798      539      916      1009     846      493      1195     1196     669      305      700      563      523      1198     981      367      329      403      419      388      324      1102     622      380      920      868      
30       1196     529      652      594      1253     1368     619      1005     888      889      1117     848      1318     1205     610      1198     1013     783      954      181      988      822      668      1085     340      711      236      1067     1511     488      0        324      635      980      923      1334     761      572      1379     717      533      761      1002     735      1327     214      599      1338     1251     1555     565      228      274      1582     463      847      140      553      678      528      929      1353     1482     1154     793      956      302      693      1474     1431     276      580      262      614      188      766      1312     876      360      1255     1274     
31       1112     318      437      617      934      1091     399      1041     571      567      878      782      1072     891      311      875      840      510      632      148      663      499      391      820      146      497      409      745      1190     164      324      0        839      893      1104     1189     933      283      1135     429      298      827      677      461      1132     392      377      1193     929      1351     423      522      66       1414     286      770      388      772      875      710      625      1218     1269     830      468      751      426      527      1267     1124     239      352      270      425      236      457      1143     669      283      1010     989      
32       935      783      1257     419      1577     1514     1220     564      1243     1349     1202     664      1383     1689     969      1554     979      1349     1331     716      1392     1219     1231     1241     932      869      848      1438     1841     977      635      839      0        787      289      1167     144      1123     1431     1015     817      361      1407     1300     1270     830      1198     1171     1694     1488     693      433      828      1427     722      688      743      87       44       131      1224     1164     1443     1532     1225     1006     414      776      1424     1679     609      827      574      781      605      1110     1200     955      612      1328     1456     
33       220      591      1282     426      1067     835      1246     384      866      1078     530      138      660      1376     739      1090     266      1261     951      893      1029     907      1168     630      1039     473      1202     1019     1296     908      980      893      787      0        821      385      727      1077     694      680      624      434      1043     1223     493      1180     1226     390      1318     702      470      951      938      648      607      133      1120     814      777      720      778      391      664      1101     959      372      705      387      642      1071     724      580      725      489      805      778      413      388      643      620      819      
34       906      995      1531     578      1754     1627     1495     484      1446     1579     1310     730      1471     1919     1190     1745     1060     1612     1536     992      1603     1436     1494     1375     1207     1041     1137     1637     2013     1230     923      1104     289      821      0        1163     170      1385     1510     1216     1033     409      1619     1563     1312     1119     1472     1167     1910     1509     883      721      1100     1410     944      761      1032     375      245      400      1408     1149     1482     1731     1452     1120     679      935      1457     1825     867      1032     834      968      876      1317     1221     1087     852      1423     1587     
35       263      871      1524     809      1048     688      1491     685      979      1214     487      522      487      1451     962      1102     355      1460     1044     1221     1120     1050     1388     620      1333     702      1542     1075     1221     1162     1334     1189     1167     385      1163     0        1094     1315     485      865      894      807      1130     1431     229      1521     1474     4        1361     354      781      1328     1245     262      910      508      1469     1198     1153     1105     866      46       353      1135     1117     471      1077     663      323      964      1064     842      1072     764      1150     938      111      543      979      484      727      
36       849      832      1361     425      1604     1502     1325     450      1287     1413     1186     618      1356     1753     1025     1590     946      1441     1376     822      1442     1273     1323     1240     1038     890      981      1479     1865     1059     761      933      144      727      170      1094     0        1214     1400     1056     869      294      1457     1393     1219     962      1302     1098     1747     1428     725      570      930      1350     778      647      875      230      101      233      1254     1086     1392     1574     1287     991      509      788      1370     1687     696      870      663      812      706      1156     1138     951      682      1305     1454     
37       1288     490      209      873      794      1056     176      1284     472      357      918      988      1089     639      353      716      960      226      495      419      493      376      108      824      237      619      555      591      1024     173      572      283      1123     1077     1385     1315     1214     0        1152     456      454      1087     503      178      1210     547      161      1318     702      1409     623      790      306      1509     497      969      583      1056     1158     994      569      1349     1320     659      312      846      709      690      1325     1017     518      496      551      588      519      415      1248     772      544      1032     944      
38       704      850      1346     1016     630      215      1321     1073     708      931      261      782      63       1083     835      705      453      1229     739      1222     799      801      1192     327      1255     668      1538     723      755      1043     1379     1135     1431     694      1510     485      1400     1152     0        715      852      1107     804      1214     255      1520     1309     485      969      300      831      1451     1200     485      916      753      1493     1434     1431     1334     593      529      212      754      875      440      1201     707      234      493      1108     801      1131     767      1193     736      375      511      1029     125      290      
39       872      234      663      638      569      661      633      970      230      403      467      627      652      724      121      539      514      598      320      541      390      235      523      392      541      210      839      423      835      329      717      429      1015     680      1216     865      1056     456      715      0        206      837      405      566      754      822      617      868      697      956      332      853      496      1053     303      600      809      978      1036     887      220      902      868      518      280      393      646      315      872      719      481      188      515      249      551      106      793      325      430      591      561      
40       838      40       658      466      776      836      621      846      427      548      591      535      789      886      157      743      542      652      514      370      574      404      550      552      439      198      688      622      1042     283      533      298      817      624      1033     894      869      454      852      206      0        677      590      610      834      669      602      898      879      1054     175      650      359      1116     97       515      641      776      841      687      426      924      974      717      420      452      440      240      971      921      279      54       311      136      356      293      845      370      223      727      745      
41       574      637      1264     214      1354     1218     1226     247      1065     1222     901      325      1066     1557     833      1351     655      1307     1156     755      1227     1067     1194     966      957      647      997      1251     1609     918      761      827      361      434      409      807      294      1087     1107     837      677      0        1242     1261     925      976      1203     811      1533     1136     509      641      844      1066     602      354      897      405      345      326      1015     803      1097     1343     1094     710      460      538      1076     1416     593      663      571      587      639      942      846      678      545      1016     1177     
42       1206     626      634      1043     296      645      623      1365     180      158      648      1015     751      333      439      213      822      470      91       822      15       189      482      518      714      603      1044     96       522      515      1002     677      1407     1043     1619     1130     1457     503      804      405      590      1242     0        473      954      1034     621      1132     291      1098     737      1185     733      1252     685      985      1053     1362     1431     1277     269      1173     1007     156      209      692      1016     713      1022     531      829      587      866      655      877      301      1034     655      801      710      533      
43       1428     649      165      1046     768      1090     165      1451     507      315      1002     1144     1154     513      484      679      1081     48       497      593      468      413      69       893      394      754      680      569      966      342      735      461      1300     1223     1563     1431     1393     178      1214     566      610      1261     473      0        1305     677      173      1434     601      1489     784      958      479      1608     664      1123     727      1233     1336     1172     620      1469     1398     615      339      959      887      837      1406     1005     696      646      730      739      696      497      1355     891      720      1102     977      
44       458      820      1416     875      838      460      1386     853      821      1057     309      606      260      1263     865      900      318      1329     875      1191     947      903      1270     436      1268     636      1515     889      997      1075     1327     1132     1270     493      1312     229      1219     1210     255      754      834      925      954      1305     0        1495     1372     229      1163     229      762      1360     1193     303      874      583      1454     1287     1264     1189     704      274      173      939      975      381      1105     634      155      738      1051     780      1067     720      1139     808      120      463      967      265      507      
45       1398     676      554      806      1310     1484     530      1219     953      899      1260     1050     1457     1182     704      1242     1187     720      1004     303      1021     872      620      1210     319      862      22       1112     1555     530      214      392      830      1180     1119     1521     962      547      1520     822      669      976      1034     677      1495     0        514      1525     1250     1719     741      399      326      1762     620      1048     87       744      874      731      1016     1543     1641     1190     826      1116     517      865      1636     1510     457      721      454      774      375      847      1490     1034     542      1395     1382     
46       1440     636      60       992      917      1206     22       1412     619      465      1079     1131     1248     686      512      833      1119     209      629      482      613      522      139      982      267      775      515      715      1129     318      599      377      1198     1226     1472     1474     1302     161      1309     617      602      1203     621      173      1372     514      0        1478     773      1569     764      827      372      1670     632      1114     571      1125     1237     1074     722      1508     1480     771      452      1006     793      841      1485     1148     615      648      644      738      596      574      1408     931      658      1191     1093     
47       266      875      1527     814      1050     689      1495     688      981      1217     489      526      487      1454     965      1104     359      1464     1047     1226     1123     1053     1391     622      1337     706      1547     1077     1222     1166     1338     1193     1171     390      1167     4        1098     1318     485      868      898      811      1132     1434     229      1525     1478     0        1363     351      785      1332     1249     257      915      513      1473     1202     1157     1109     869      45       351      1137     1120     475      1081     667      320      965      1069     846      1077     768      1154     942      111      546      983      485      727      
48       1467     915      764      1334     343      773      767      1652     469      361      874      1299     928      137      724      264      1082     575      378      1077     306      474      641      741      935      892      1257     298      407      765      1251     929      1694     1318     1910     1361     1747     702      969      697      879      1533     291      601      1163     1250     773      1363     0        1269     1028     1448     977      1446     972      1269     1282     1646     1719     1563     540      1406     1181     226      473      955      1296     1002     1202     558      1105     878      1142     946      1145     593      1258     929      1084     901      679      
49       617      1043     1610     1100     929      504      1582     1036     989      1219     490      825      347      1383     1072     1005     548      1508     1029     1416     1093     1078     1460     597      1483     857      1740     1021     1033     1282     1555     1351     1488     702      1509     354      1428     1409     300      956      1054     1136     1098     1489     229      1719     1569     351      1269     0        990      1590     1413     210      1099     803      1681     1509     1479     1411     871      381      91       1054     1151     603      1335     862      84       773      1279     1001     1296     945      1367     997      289      685      1195     390      590      
