
sets
i        orders          /0*20/
k        routes          /1*20/
p        positions       /0*20/
;

alias(i,j)
alias(i,h)
alias(i,hh)
alias(i,jj)
alias(k,kk)
                
                    Parameters

rho(i)	Processing time
/
0	0
1	50
2	15
3	58
4	41
5	81
6	55
7	79
8	1
9	68
10	28
11	98
12	36
13	53
14	34
15	84
16	9
17	85
18	81
19	59
20	83
/

gamma(i)	Duedate
/
0	0
1	11
2	91
3	51
4	4
5	47
6	26
7	38
8	55
9	24
10	39
11	2
12	18
13	38
14	70
15	82
16	56
17	9
18	5
19	71
20	41
/

sigma(i)	Size
/
0	0
1	8
2	4
3	1
4	5
5	9
6	7
7	9
8	7
9	5
10	9
11	9
12	2
13	2
14	5
15	9
16	4
17	8
18	4
19	5
20	3
/

epsilon(i)	Priority
/
0	0
1	5
2	9
3	8
4	3
5	2
6	2
7	6
8	9
9	7
10	5
11	3
12	8
13	5
14	2
15	8
16	4
17	3
18	8
19	9
20	6
/

psi	Vehicle Capacity
/ 20 /
;

Table kappa(i,j)                 Setup
         0        1        2        3        4        5        6        7        8        9        10       11       12       13       14       15       16       17       18       19       20       
0        0        110      338      345      235      210      325      366      75       73       200      60       439      348      234      32       135      172      43       327      124      
1        110      0        395      407      225      107      405      359      185      153      150      74       430      406      298      116      61       203      107      381      158      
2        338      395      0        23       229      426      96       219      309      394      316      393      254      10       104      367      357      194      306      18       237      
3        345      407      23       0        249      442      77       243      311      397      334      400      276      18       111      373      372      208      314      40       249      
4        235      225      229      249      0        213      287      135      263      309      95       262      207      239      176      266      168      89       192      210      117      
5        210      107      426      442      213      0        457      330      282      260      117      181      395      436      342      221      83       235      192      409      204      
6        325      405      96       77       287      457      0        308      277      366      360      384      348      95       115      349      380      224      303      108      254      
7        366      359      219      243      135      330      308      0        383      439      217      397      72       226      231      398      300      200      323      203      243      
8        75       185      309      311      263      282      277      383      0        89       253      129      453      318      206      83       203      183      93       302      146      
9        73       153      394      397      309      260      366      439      89       0        270      79       511      403      289      44       195      242      116      385      196      
10       200      150      316      334      95       117      360      217      253      270      0        206      286      326      244      226      88       136      163      298      125      
11       60       74       393      400      262      181      384      397      129      79       206      0        470      403      289      48       123      215      87       381      165      
12       439      430      254      276      207      395      348      72       453      511      286      470      0        258      288      470      371      271      395      240      315      
13       348      406      10       18       239      436      95       226      318      403      326      403      258      0        114      377      368      205      316      28       248      
14       234      298      104      111      176      342      115      231      206      289      244      289      288      114      0        263      267      109      203      95       142      
15       32       116      367      373      266      221      349      398      83       44       226      48       470      377      263      0        153      204      75       357      156      
16       135      61       357      372      168      83       380      300      203      195      88       123      371      368      267      153      0        163      111      342      125      
17       172      203      194      208      89       235      224      200      183      242      136      215      271      205      109      204      163      0        131      179      49       
18       43       107      306      314      192      192      303      323      93       116      163      87       395      316      203      75       111      131      0        294      82       
19       327      381      18       40       210      409      108      203      302      385      298      381      240      28       95       357      342      179      294      0        223      
20       124      158      237      249      117      204      254      243      146      196      125      165      315      248      142      156      125      49       82       223      0        
;



Table delta(i,j)                 Distance
         0        1        2        3        4        5        6        7        8        9        10       11       12       13       14       15       16       17       18       19       20       
0        0        388      79       284      306      37       403      117      224      288      256      209      383      317      210      343      209      382      328      381      378      
1        388      0        370      187      131      392      207      405      170      323      219      356      242      172      260      60       200      41       74       228      15       
2        79       370      0        306      268      47       426      194      225      341      201      272      415      268      249      336      173      373      302      410      358      
3        284      187      306      0        223      304      120      253      98       137      269      177      113      269      89       126      201      154      183      106      188      
4        306      131      268      223      0        300      299      359      145      350      89       348      320      48       257      138      97       157      60       308      116      
5        37       392      47       304      300      0        424      154      235      320      241      243      408      305      237      352      203      390      328      405      381      
6        403      207      426      120      299      424      0        358      209      184      365      261      47       347      197      165      306      165      244      36       217      
7        117      405      194      253      359      154      358      0        236      203      334      113      327      383      164      350      269      387      361      329      399      
8        224      170      225      98       145      235      209      236      0        207      173      205      211      185      112      119      102      158      128      202      163      
9        288      323      341      137      350      320      184      203      207      0        376      91       142      392      103      263      301      289      317      149      325      
10       256      219      201      269      89       241      365      334      173      376      0        352      377      69       274      215      74       241      146      366      204      
11       209      356      272      177      348      243      261      113      205      91       352      0        224      384      96       296      278      328      331      228      354      
12       383      242      415      113      320      408      47       327      211      142      377      224      0        368      173      193      313      201      269      13       251      
13       317      172      268      269      48       305      347      383      185      392      69       384      368      0        296      185      114      202      106      356      156      
14       210      260      249      89       257      237      197      164      112      103      274      96       173      296      0        200      199      234      235      171      258      
15       343      60       336      126      138      352      165      350      119      263      215      296      193      185      200      0        175      38       79       180      62       
16       209      200      173      201      97       203      306      269      102      301      74       278      313      114      199      175      0        209      129      303      186      
17       382      41       373      154      157      390      165      387      158      289      241      328      201      202      234      38       209      0        97       187      53       
18       328      74       302      183      60       328      244      361      128      317      146      331      269      106      235      79       129      97       0        256      59       
19       381      228      410      106      308      405      36       329      202      149      366      228      13       356      171      180      303      187      256      0        237      
20       378      15       358      188      116      381      217      399      163      325      204      354      251      156      258      62       186      53       59       237      0        
;

