
sets
i        orders          /0*5/
k        routes          /1*5/
p        positions       /0*5/
;

alias(i,j)
alias(i,h)
alias(i,hh)
alias(i,jj)
alias(k,kk)
                
                    Parameters

rho(i)	Processing time
/
0	0
1	14
2	51
3	27
4	85
5	69
/

gamma(i)	Duedate
/
0	0
1	4
2	91
3	57
4	85
5	29
/

sigma(i)	Size
/
0	0
1	9
2	7
3	2
4	6
5	6
/

epsilon(i)	Priority
/
0	0
1	6
2	6
3	6
4	6
5	3
/

psi	Vehicle Capacity
/ 35 /
;

Table kappa(i,j)                 Setup
         0        1        2        3        4        5        
0        0        60       60       15       13       5        
1        60       0        76       59       70       64       
2        60       76       0        75       71       63       
3        15       59       75       0        14       15       
4        13       70       71       14       0        9        
5        5        64       63       15       9        0        
;



Table delta(i,j)                 Distance
         0        1        2        3        4        5        
0        0        310      590      370      510      310      
1        310      0        32       21       21       33       
2        590      32       0        24       33       42       
3        370      21       24       0        37       18       
4        510      21       33       37       0        53       
5        310      33       42       18       53       0        
;

