
sets
i        orders          /0*5/
k        routes          /1*5/
p        positions       /0*5/
;

alias(i,j)
alias(i,h)
alias(i,hh)
alias(i,jj)
alias(k,kk)
                
                    Parameters

rho(i)	Processing time
/
0	0
1	94
2	9
3	79
4	28
5	91
/

gamma(i)	Duedate
/
0	0
1	15
2	61
3	4
4	18
5	75
/

sigma(i)	Size
/
0	0
1	4
2	5
3	7
4	8
5	5
/

epsilon(i)	Priority
/
0	0
1	3
2	6
3	8
4	9
5	1
/

psi	Vehicle Capacity
/ 31 /
;

Table kappa(i,j)                 Setup
         0        1        2        3        4        5        
0        0        108      31       38       61       37       
1        108      0        101      82       61       87       
2        31       101      0        57       73       59       
3        38       82       57       0        25       5        
4        61       61       73       25       0        29       
5        37       87       59       5        29       0        
;



Table delta(i,j)                 Distance
         0        1        2        3        4        5        
0        0        500      310      470      250      320      
1        500      0        62       4        32       22       
2        310      62       0        58       51       53       
3        470      4        58       0        31       21       
4        250      32       51       31       0        10       
5        320      22       53       21       10       0        
;

