

sets
i        orders          /0*5/
k        routes          /1*5/
p        positions       /0*5/
;

alias(i,j)
alias(i,h)
alias(i,hh)
alias(i,jj)
alias(k,kk)
                            Parameters

rho(i)	Processing time
/
0	0
1	97
2	28
3	8
4	59
5	83
/

gamma(i)	Duedate
/
0	0
1	90
2	20
3	31
4	23
5	20
/

sigma(i)	Size
/
0	0
1	1
2	5
3	3
4	2
5	9
/

epsilon(i)	Priority
/
0	0
1	9
2	4
3	6
4	3
5	9
/

psi	Vehicle Capacity
/ 32 /
;

Table kappa(i,j)                 Setup
         0        1        2        3        4        5        
0        0        23       18       31       24       40       
1        23       0        6        18       10       18       
2        18       6        0        15       7        21       
3        31       18       15       0        8        16       
4        24       10       7        8        0        17       
5        40       18       21       16       17       0        
;



Table delta(i,j)                 Distance
         0        1        2        3        4        5        
0        0        660      180      600      870      420      
1        660      0        28       17       23       21       
2        180      28       0        25       34       19       
3        600      17       25       0        9        8        
4        870      23       34       9        0        16       
5        420      21       19       8        16       0        
;

