
sets
i        orders          /0*5/
k        routes          /1*5/
p        positions       /0*5/
;

alias(i,j)
alias(i,h)
alias(i,hh)
alias(i,jj)
alias(k,kk)
                
                    Parameters

rho(i)	Processing time
/
0	0
1	39
2	69
3	46
4	54
5	9
/

gamma(i)	Duedate
/
0	0
1	59
2	90
3	84
4	20
5	88
/

sigma(i)	Size
/
0	0
1	8
2	5
3	5
4	9
5	9
/

epsilon(i)	Priority
/
0	0
1	9
2	8
3	1
4	6
5	6
/

psi	Vehicle Capacity
/ 28 /
;

Table kappa(i,j)                 Setup
         0        1        2        3        4        5        
0        0        20       40       74       35       39       
1        20       0        31       59       33       19       
2        40       31       0        81       64       39       
3        74       59       81       0        49       42       
4        35       33       64       49       0        37       
5        39       19       39       42       37       0        
;



Table delta(i,j)                 Distance
         0        1        2        3        4        5        
0        0        58       41       33       7        30       
1        58       0        31       42       61       29       
2        41       31       0        46       40       26       
3        33       42       46       0        40       19       
4        7        61       40       40       0        34       
5        30       29       26       19       34       0        
;

