

sets
i        orders          /0*20/
k        routes          /1*20/
p        positions       /0*20/
;

alias(i,j)
alias(i,h)
alias(i,hh)
alias(i,jj)
alias(k,kk)
                            Parameters

rho(i)	Processing time
/
0	0
1	74
2	84
3	11
4	22
5	49
6	72
7	31
8	75
9	10
10	20
11	21
12	73
13	11
14	53
15	3
16	71
17	65
18	47
19	16
20	11
/

gamma(i)	Duedate
/
0	0
1	93
2	80
3	27
4	20
5	4
6	61
7	4
8	33
9	11
10	14
11	75
12	68
13	3
14	31
15	72
16	2
17	39
18	91
19	6
20	60
/

sigma(i)	Size
/
0	0
1	6
2	9
3	5
4	1
5	2
6	7
7	6
8	1
9	4
10	3
11	3
12	3
13	2
14	1
15	1
16	5
17	2
18	5
19	9
20	8
/

epsilon(i)	Priority
/
0	0
1	2
2	5
3	7
4	4
5	1
6	2
7	9
8	5
9	9
10	1
11	9
12	6
13	5
14	4
15	3
16	8
17	7
18	6
19	7
20	4
/

psi	Vehicle Capacity
/ 98 /
;

Table kappa(i,j)                 Setup
         0        1        2        3        4        5        6        7        8        9        10       11       12       13       14       15       16       17       18       19       20       
0        0        130      124      16       142      98       171      60       158      189      162      60       185      112      47       141      68       62       129      125      79       
1        130      0        68       120      20       72       107      122      42       60       58       155      55       39       159      82       146      69       156      100      129      
2        124      68       0        108      89       120      173      146      56       96       47       171      101      32       166      20       168      72       92       32       82       
3        16       120      108      0        134      97       171      70       145      178      147      75       175      98       63       125      81       51       114      108      64       
4        142      20       89       134      0        69       90       125      54       57       72       160      48       60       166      102      149      83       177      120      149      
5        98       72       120      97       69       0        73       59       115      126      128      95       117      89       106      139      82       64       184      144      141      
6        171      107      173      171      90       73       0        122      144      134      162      154      121      142      170      190      137      135      251      203      212      
7        60       122      146      70       125      59       122      0        161      181      170      35       173      122      48       166      24       74       181      160      131      
8        158      42       56       145      54       115      144      161      0        40       18       192      46       47       193      60       185      97       148      87       135      
9        189      60       96       178      57       126      134      181      40       0        53       215      13       83       219      99       205      127      188      127      175      
10       162      58       47       147      72       128      162      170      18       53       0        200      61       50       200      46       194      102      136      75       129      
11       60       155      171      75       160      95       154      35       192      215      200      0        207      150      20       190      17       99       189      179      139      
12       185      55       101      175      48       117      121      173      46       13       61       207      0        84       213      106      197      124      193      132      177      
13       112      39       32       98       60       89       142      122      47       83       50       150      84       0        149      50       146      52       116      61       93       
14       47       159      166      63       166      106      170      48       193      219      200      20       213      149      0        185      36       97       176      171      126      
15       141      82       20       125      102      139      190      166      60       99       46       190      106      50       185      0        188      92       90       30       91       
16       68       146      168      81       149      82       137      24       185      205      194      17       197      146      36       188      0        96       196      179      145      
17       62       69       72       51       83       64       135      74       97       127      102      99       124      52       97       92       96       0        120      86       77       
18       129      156      92       114      177      184      251      181      148      188      136      189      193      116      176      90       196      120      0        61       50       
19       125      100      32       108      120      144      203      160      87       127      75       179      132      61       171      30       179      86       61       0        63       
20       79       129      82       64       149      141      212      131      135      175      129      139      177      93       126      91       145      77       50       63       0        
;



Table delta(i,j)                 Distance
         0        1        2        3        4        5        6        7        8        9        10       11       12       13       14       15       16       17       18       19       20       
0        0        3270     3760     4570     4950     3250     3110     1010     1040     2360     860      4280     5010     890      4870     4860     3110     2260     1120     3760     1250     
1        3270     0        188      130      254      141      102      343      430      135      253      206      288      362      196      315      390      219      413      350      368      
2        3760     188      0        220      120      59       95       436      459      147      337      54       127      364      151      132      271      161      417      528      350      
3        4570     130      220      0        216      205      182      471      560      246      384      203      263      488      125      310      476      320      540      427      489      
4        4950     254      120      216      0        170      194      549      580      261      450      67       48       485      95       106      368      282      538      604      470      
5        3250     141      59       205      170      0        39       379      414      90       280      104      184      323      172      191      271      127      377      471      314      
6        3110     102      95       182      194      39       0        357      406      76       258      131      214      321      176      227      297      138      374      433      316      
7        1010     343      436      471      549      379      357      0        159      289      99       484      563      189      525      557      410      303      198      294      226      
8        1040     430      459      560      580      414      406      159      0        330      188      514      580      102      582      558      334      300      65       453      133      
9        2360     135      147      246      261      90       76       289      330      0        190      195      274      246      251      273      259      85       299      408      243      
10       860      253      337      384      450      280      258      99       188      190      0        385      464      161      428      459      340      210      195      307      189      
11       4280     206      54       203      67       104      131      484      514      195      385      0        84       419      108      112      316      216      472      555      405      
12       5010     288      127      263      48       184      214      563      580      274      464      84       0        482      143      60       342      279      534      638      463      
13       890      362      364      488      485      323      321      189      102      246      161      419      482      0        495      457      238      203      53       463      38       
14       4870     196      151      125      95       172      176      525      582      251      428      108      143      495      0        198      421      299      548      536      486      
15       4860     315      132      310      106      191      227      557      558      273      459      112      60       457      198      0        295      260      507      660      435      
16       3110     390      271      476      368      271      297      410      334      259      340      316      342      238      421      295      0        174      270      635      202      
17       2260     219      161      320      282      127      138      303      300      85       210      216      279      203      299      260      174      0        256      475      189      
18       1120     413      417      540      538      377      374      198      65       299      195      472      534      53       548      507      270      256      0        486      73       
19       3760     350      528      427      604      471      433      294      453      408      307      555      638      463      536      660      635      475      486      0        495      
20       1250     368      350      489      470      314      316      226      133      243      189      405      463      38       486      435      202      189      73       495      0        
;

