

sets
i        orders          /0*10/
k        routes          /1*10/
p        positions       /0*10/
;

alias(i,j)
alias(i,h)
alias(i,hh)
alias(i,jj)
alias(k,kk)
                            Parameters

rho(i)	Processing time
/
0	0
1	29
2	61
3	11
4	5
5	14
6	7
7	36
8	41
9	33
10	92
/

gamma(i)	Duedate
/
0	0
1	41
2	6
3	6
4	22
5	12
6	49
7	50
8	77
9	57
10	44
/

sigma(i)	Size
/
0	0
1	1
2	4
3	6
4	4
5	6
6	1
7	8
8	6
9	1
10	6
/

epsilon(i)	Priority
/
0	0
1	5
2	9
3	1
4	8
5	9
6	1
7	4
8	6
9	2
10	6
/

psi	Vehicle Capacity
/ 26 /
;

Table kappa(i,j)                 Setup
         0        1        2        3        4        5        6        7        8        9        10       
0        0        697      788      499      138      128      965      926      800      290      229      
1        697      0        106      853      698      793      397      266      140      421      789      
2        788      106      0        895      777      889      303      160      161      504      891      
3        499      853      895      0        362      598      911      968      991      510      724      
4        138      698      777      362      0        251      913      900      817      277      366      
5        128      793      889      598      251      0        1083     1033     885      405      133      
6        965      397      303      911      913      1083     0        181      454      678      1115     
7        926      266      160      968      900      1033     181      0        285      637      1044     
8        800      140      161      991      817      885      454      285      0        540      862      
9        290      421      504      510      277      405      678      637      540      0        448      
10       229      789      891      724      366      133      1115     1044     862      448      0        
;



Table delta(i,j)                 Distance
         0        1        2        3        4        5        6        7        8        9        10       
0        0        1950     4260     5970     6240     2940     1950     1410     4410     6030     3840     
1        1950     0        99       248      143      147      66       100      190      203      69       
2        4260     99       0        257      129      239      87       188      194      141      46       
3        5970     248      257      0        375      238      190      214      62       174      278      
4        6240     143      129      375      0        277      186      237      312      270      96       
5        2940     147      239      238      277      0        163      51       206      292      216      
6        1950     66       87       190      186      163      0        112      128      142      91       
7        1410     100      188      214      237      51       112      0        172      245      168      
8        4410     190      194      62       312      206      128      172      0        128      216      
9        6030     203      141      174      270      292      142      245      128      0        184      
10       3840     69       46       278      96       216      91       168      216      184      0        
;

