

sets
i        orders          /0*80/
k        routes          /1*80/
p        positions       /0*80/
;

alias(i,j)
alias(i,h)
alias(i,hh)
alias(i,jj)
alias(k,kk)
                            Parameters

rho(i)	Processing time
/
0	0
1	88
2	45
3	57
4	83
5	81
6	67
7	47
8	73
9	30
10	7
11	35
12	2
13	63
14	87
15	29
16	12
17	89
18	12
19	24
20	30
21	80
22	20
23	85
24	75
25	56
26	21
27	81
28	86
29	74
30	92
31	16
32	60
33	48
34	92
35	4
36	69
37	32
38	1
39	90
40	65
41	12
42	94
43	9
44	61
45	99
46	35
47	56
48	15
49	93
50	58
51	57
52	7
53	50
54	40
55	72
56	73
57	33
58	49
59	8
60	73
61	80
62	73
63	31
64	34
65	10
66	11
67	52
68	34
69	72
70	19
71	23
72	89
73	35
74	89
75	11
76	72
77	1
78	39
79	65
80	29
/

gamma(i)	Duedate
/
0	0
1	33
2	17
3	87
4	87
5	55
6	59
7	11
8	99
9	23
10	38
11	89
12	76
13	40
14	83
15	32
16	3
17	65
18	86
19	95
20	85
21	95
22	65
23	78
24	79
25	55
26	17
27	89
28	57
29	76
30	66
31	80
32	21
33	24
34	66
35	92
36	15
37	65
38	46
39	63
40	61
41	40
42	7
43	36
44	16
45	17
46	29
47	14
48	78
49	48
50	34
51	53
52	41
53	21
54	14
55	33
56	9
57	3
58	12
59	35
60	99
61	23
62	29
63	84
64	51
65	46
66	65
67	37
68	52
69	54
70	59
71	62
72	77
73	46
74	33
75	95
76	38
77	47
78	94
79	75
80	28
/

sigma(i)	Size
/
0	0
1	3
2	1
3	7
4	8
5	2
6	7
7	7
8	4
9	4
10	8
11	7
12	2
13	3
14	4
15	8
16	8
17	5
18	5
19	3
20	1
21	9
22	9
23	7
24	1
25	9
26	1
27	6
28	6
29	6
30	8
31	6
32	5
33	1
34	1
35	8
36	6
37	6
38	7
39	7
40	3
41	6
42	6
43	6
44	6
45	5
46	6
47	8
48	8
49	4
50	7
51	5
52	2
53	1
54	9
55	8
56	5
57	6
58	8
59	4
60	9
61	9
62	8
63	7
64	7
65	8
66	4
67	7
68	5
69	7
70	4
71	3
72	4
73	1
74	6
75	4
76	6
77	4
78	6
79	5
80	5
/

epsilon(i)	Priority
/
0	0
1	2
2	6
3	8
4	1
5	6
6	4
7	5
8	1
9	9
10	7
11	6
12	1
13	8
14	6
15	8
16	6
17	9
18	4
19	7
20	3
21	1
22	3
23	1
24	2
25	2
26	8
27	4
28	2
29	6
30	1
31	5
32	7
33	1
34	5
35	3
36	6
37	9
38	5
39	6
40	3
41	1
42	5
43	1
44	6
45	1
46	3
47	4
48	8
49	2
50	9
51	3
52	3
53	9
54	6
55	4
56	8
57	3
58	7
59	4
60	2
61	2
62	1
63	3
64	1
65	3
66	6
67	4
68	2
69	1
70	2
71	4
72	1
73	3
74	3
75	7
76	2
77	8
78	7
79	4
80	7
/

psi	Vehicle Capacity
/ 30 /
;

Table kappa(i,j)                 Setup
         0        1        2        3        4        5        6        7        8        9        10       11       12       13       14       15       16       17       18       19       20       21       22       23       24       25       26       27       28       29       30       31       32       33       34       35       36       37       38       39       40       41       42       43       44       45       46       47       48       49       50       51       52       53       54       55       56       57       58       59       60       61       62       63       64       65       66       67       68       69       70       71       72       73       74       75       76       77       78       79       80       
0        0        454      66       145      412      431      455      137      180      339      139      458      183      326      266      354      272      321      37       391      199      534      233      256      399      309      300      393      255      489      523      377      290      511      250      321      232      361      133      220      323      338      280      88       376      208      239      154      562      98       83       347      410      381      270      338      411      330      192      468      258      231      215      187      121      562      313      321      455      176      445      47       287      201      170      403      109      138      225      325      143      
1        454      0        410      556      601      550      33       382      308      573      560      231      544      565      339      115      188      315      417      759      357      491      284      592      283      627      354      543      691      142      925      435      616      497      690      340      664      693      545      664      411      539      220      493      583      645      584      465      248      355      525      524      146      494      642      782      151      192      636      864      388      289      581      480      395      478      214      745      8        295      504      500      592      617      284      389      347      324      629      144      357      
2        66       410      0        211      366      376      407      71       173      390      205      445      166      284      278      304      238      254      46       388      214      470      169      318      333      286      314      340      282      461      535      402      268      448      313      255      256      345      140      283      260      384      261      86       425      272      301      111      543      68       149      295      352      416      335      372      387      270      254      477      281      167      279      236      147      497      251      387      410      160      385      97       345      214      129      338      87       122      232      273      77       
3        145      556      211      0        537      567      563      282      249      239      16       501      289      448      280      470      368      465      172      451      222      679      372      127      541      408      301      527      268      558      543      343      388      655      139      466      260      444      222      120      468      253      350      206      278      94       109      288      609      221      69       480      537      323      125      320      478      462      97       498      247      372      79       123      162      708      447      190      559      261      586      136      165      258      287      549      220      234      288      443      287      
4        412      601      366      537      0        82       578      314      517      752      524      743      251      89       631      492      515      286      410      274      574      263      341      662      340      166      668      62       383      714      439      763      180      230      570      261      362      195      319      541      190      749      571      332      788      549      644      258      818      418      468      80       466      781      659      454      662      409      523      383      643      336      616      599      513      310      388      654      596      495      149      402      696      321      432      239      438      467      298      469      332      
5        431      550      376      567      82       0        525      314      509      767      555      712      294      141      623      447      487      237      422      354      571      181      313      687      276      236      660      41       446      672      521      758      245      148      617      212      421      274      360      587      148      759      548      361      801      591      670      279      778      417      497      87       409      783      692      523      627      362      565      465      641      308      644      613      518      228      344      700      545      485      67       430      718      376      418      169      436      461      357      427      327      
6        455      33       407      563      578      525      0        374      319      594      567      264      534      546      360      104      197      292      418      746      372      460      271      606      254      612      377      519      686      175      913      461      602      466      696      317      658      678      539      669      388      560      237      488      605      651      597      455      281      356      528      502      117      519      655      778      182      172      640      852      408      276      593      494      404      446      195      753      25       303      476      499      608      610      285      362      349      330      621      135      349      
7        137      382      71       282      314      314      374      0        204      456      276      455      163      239      317      269      232      185      115      384      260      399      112      389      266      264      354      280      314      454      544      449      249      377      378      184      286      328      167      347      190      446      272      121      488      339      372      86       545      104      219      238      302      470      406      407      386      220      319      484      329      109      350      302      204      425      198      454      381      184      317      161      415      236      128      266      124      153      246      239      26       
8        180      308      173      249      517      509      319      204      0        303      255      278      339      444      114      236      122      317      149      561      70       556      212      289      367      459      151      480      435      315      701      248      441      542      386      331      412      518      306      363      369      280      104      254      326      341      279      279      382      106      229      440      316      279      335      516      235      256      335      645      136      215      273      178      87       570      250      437      312      26       499      226      297      378      94       419      86       52       399      214      185      
9        339      573      390      239      752      767      594      456      303      0        255      423      515      665      234      530      411      611      344      690      234      846      506      124      668      639      222      731      505      516      775      183      619      828      322      621      498      681      452      324      644      41       357      423      39       296      138      494      524      358      297      685      615      129      178      545      445      559      315      733      186      508      168      154      254      866      553      308      579      328      772      356      84       496      390      709      343      330      525      513      448      
10       139      560      205      16       524      555      567      276      255      255      0        512      275      435      292      472      372      460      168      434      232      671      369      142      537      393      314      515      252      566      527      358      373      647      131      460      243      429      208      109      459      269      357      194      295      86       124      277      620      220      58       468      537      339      136      305      486      461      84       482      260      369      94       138      168      700      445      188      563      265      576      125      181      242      288      542      221      237      272      445      282      
11       458      231      445      501      743      712      264      455      278      423      512      0        609      685      222      280      228      478      427      833      279      694      401      486      479      720      212      693      713      108      979      249      704      693      639      501      691      783      583      621      563      383      184      530      419      596      484      540      108      377      500      662      356      312      546      793      89       360      596      922      265      407      494      390      351      689      373      671      240      285      680      505      470      656      327      573      359      324      676      290      430      
12       183      544      166      289      251      294      534      163      339      515      275      609      0        162      442      430      392      297      197      224      375      441      264      415      383      126      477      253      175      616      381      559      106      412      322      283      146      180      68       292      244      518      425      94       553      298      397      79       704      234      221      207      452      565      408      267      546      371      272      321      439      260      368      367      301      480      348      406      543      326      331      159      451      93       284      337      253      288      90       400      189      
13       326      565      284      448      89       141      546      239      444      665      435      685      162      0        556      452      456      260      327      231      496      312      289      573      331      98       593      101      304      667      405      684      104      280      482      236      280      151      230      453      169      664      506      244      702      460      555      173      766      340      379      67       441      700      570      382      608      374      434      345      564      283      527      513      431      357      351      566      561      423      194      313      608      236      364      246      361      392      215      426      260      
14       266      339      278      280      631      623      360      317      114      234      292      222      442      556      0        302      185      424      245      658      67       663      321      268      464      565      37       594      513      295      787      136      546      651      417      440      494      622      400      401      482      200      124      351      246      374      264      388      331      215      288      554      390      175      326      585      218      345      377      734      49       325      272      167      146      674      345      448      345      138      611      308      259      467      206      526      195      164      492      289      299      
15       354      115      304      470      492      447      104      269      236      530      472      280      430      452      302      0        119      209      317      644      298      414      169      526      199      512      328      436      582      225      810      423      501      413      599      234      554      578      434      572      303      501      179      384      547      554      515      351      332      257      431      413      88       474      570      674      191      84       543      749      347      174      507      414      316      410      103      660      112      216      407      398      533      506      186      296      252      236      516      30       245      
16       272      188      238      368      515      487      197      232      122      411      372      228      392      456      185      119      0        262      236      616      180      494      174      411      286      496      213      467      520      224      771      312      481      487      502      283      494      560      378      477      339      382      68       324      428      457      401      318      313      175      338      434      205      359      458      608      154      163      449      712      228      180      396      299      207      499      167      557      191      107      462      319      415      452      109      363      163      137      468      104      206      
17       321      315      254      465      286      237      292      185      317      611      460      478      297      260      424      209      262      0        294      478      386      239      105      563      86       339      459      227      471      434      651      560      333      227      563      25       442      402      332      532      96       593      328      297      639      525      547      226      541      257      404      210      182      596      587      564      392      125      505      590      453      103      529      465      358      254      106      640      310      291      201      346      584      389      223      102      269      281      387      190      178      
18       37       417      46       172      410      422      418      115      149      344      168      427      197      327      245      317      236      294      0        414      178      514      200      273      369      322      279      386      288      454      552      363      303      493      285      296      264      377      157      256      305      338      247      106      379      242      257      153      529      61       117      340      374      374      293      373      377      295      227      495      242      200      236      190      105      540      278      354      418      143      430      83       300      228      133      381      72       104      250      288      115      
19       391      759      388      451      274      354      746      384      561      690      434      833      224      231      658      644      616      478      414      0        590      535      475      573      556      139      691      321      195      839      174      766      145      502      414      457      194      81       258      394      396      702      649      307      729      414      557      298      928      457      398      297      652      762      545      219      770      576      389      114      649      470      526      557      513      581      553      488      757      549      417      353      614      196      508      478      476      511      168      615      410      
20       199      357      214      222      574      571      372      260      70       234      232      279      375      496      67       298      180      386      178      590      0        625      281      234      437      500      101      540      445      338      719      189      481      611      361      399      426      555      332      342      434      210      138      284      256      317      227      325      387      156      223      498      382      212      287      519      258      325      317      666      69       284      228      124      78       640      320      400      362      96       564      241      236      399      163      488      136      110      424      279      244      
21       534      491      470      679      263      181      460      399      556      846      671      694      441      312      663      414      494      239      514      535      625      0        344      788      215      410      697      214      608      629      702      798      417      33       754      226      582      454      499      723      211      831      562      484      876      722      771      400      737      488      612      246      346      835      804      691      605      336      698      646      692      341      749      697      592      47       327      836      484      530      118      547      813      531      462      137      503      518      518      406      401      
22       233      284      169      372      341      313      271      112      212      506      369      401      264      289      321      169      174      105      200      475      281      344      0        462      169      344      356      292      425      377      642      457      332      330      482      118      396      410      278      452      166      488      235      233      533      441      447      185      478      156      316      261      190      491      490      519      321      108      423      581      348      5        430      361      254      360      86       554      281      186      292      266      481      346      118      206      165      175      353      140      93       
23       256      592      318      127      662      687      606      389      289      124      142      486      415      573      268      526      411      563      273      573      234      788      462      0        631      535      273      648      384      563      651      276      515      766      198      567      380      571      349      199      578      152      372      329      163      172      17       408      592      306      194      601      603      237      62       421      486      536      191      611      221      463      48       111      213      813      525      195      596      310      702      259      41       383      357      654      297      297      413      503      387      
24       399      283      333      541      340      276      254      266      367      668      537      479      383      331      464      199      286      86       369      556      437      215      169      631      0        417      496      278      557      417      731      597      413      215      645      101      528      479      418      614      161      647      354      382      693      605      617      313      525      325      483      274      137      639      660      650      390      123      586      669      500      169      600      528      421      214      119      720      277      341      223      427      649      475      278      108      333      339      473      192      255      
25       309      627      286      408      166      236      612      264      459      639      393      720      126      98       565      512      496      339      322      139      500      410      344      535      417      0        600      197      218      715      313      685      20       378      416      318      198      65       187      389      257      644      537      221      678      401      517      181      810      352      343      165      515      691      522      288      651      441      375      252      564      338      487      493      427      455      418      498      625      443      292      284      573      163      393      341      373      407      137      484      290      
26       300      354      314      301      668      660      377      354      151      222      314      212      477      593      37       328      213      459      279      691      101      697      356      273      496      600      0        631      542      295      818      100      582      686      435      475      524      657      433      421      518      185      148      385      228      394      272      424      319      252      315      591      416      146      334      612      223      376      398      765      55       360      283      182      178      707      377      460      361      174      647      340      259      499      242      561      232      201      525      317      336      
27       393      543      340      527      62       41       519      280      480      731      515      693      253      101      594      436      467      227      386      321      540      214      292      648      278      197      631      0        404      659      490      728      205      181      575      202      380      240      318      545      132      724      525      321      765      549      631      240      764      385      458      47       406      751      652      483      610      352      524      433      610      286      604      577      484      260      332      659      538      457      96       390      680      334      391      177      404      431      315      414      296      
28       255      691      282      268      383      446      686      314      435      505      252      713      175      304      513      582      520      471      288      195      445      608      425      384      557      218      542      404      0        741      277      603      203      577      219      457      29       219      147      199      418      522      535      198      545      220      368      245      817      345      228      364      616      590      352      93       665      534      196      229      493      421      338      385      367      649      512      294      691      431      493      208      425      82       411      511      360      392      90       551      337      
29       489      142      461      558      714      672      175      454      315      516      566      108      616      667      295      225      224      434      454      839      338      629      377      563      417      715      295      659      741      0        995      351      702      632      697      459      716      781      602      676      526      476      211      548      516      652      559      540      108      396      544      634      283      413      620      827      80       309      649      936      343      383      564      459      399      619      328      738      150      313      632      536      553      676      333      519      381      350      692      245      428      
30       523      925      535      543      439      521      913      544      701      775      527      979      381      405      787      810      771      651      552      174      719      702      642      651      731      313      818      490      277      995      0        880      318      669      463      631      293      254      395      454      570      795      796      449      814      480      637      459      1079     603      506      471      824      866      609      233      923      746      460      61       770      637      607      662      641      749      723      518      923      693      586      479      692      323      662      652      620      654      303      780      570      
31       377      435      402      343      763      758      461      449      248      183      358      249      559      684      136      423      312      560      363      766      189      798      457      276      597      685      100      728      603      351      880      0        666      787      464      575      588      738      509      456      617      141      245      465      172      427      281      513      344      345      374      686      511      63       339      663      290      475      438      831      120      461      302      220      257      808      477      471      442      273      747      412      248      570      342      662      325      296      597      414      431      
32       290      616      268      388      180      245      602      249      441      619      373      704      106      104      546      501      481      333      303      145      481      417      332      515      413      20       582      205      203      702      318      666      0        384      398      313      182      79       166      371      255      624      520      201      657      382      497      164      795      334      323      170      507      672      502      277      636      431      356      256      545      327      467      473      408      461      408      480      614      425      298      264      553      145      377      341      355      389      120      472      275      
33       511      497      448      655      230      148      466      377      542      828      647      693      412      280      651      413      487      227      493      502      611      33       330      766      215      378      686      181      577      632      669      787      384      0        727      211      551      421      471      696      188      814      554      458      859      695      750      374      740      470      588      215      350      822      781      660      604      333      672      613      679      327      727      677      574      80       322      809      489      516      86       522      792      501      448      124      485      502      487      403      381      
34       250      690      313      139      570      617      696      378      386      322      131      639      322      482      417      599      502      563      285      414      361      754      482      198      645      416      435      575      219      697      463      464      398      727      0        559      226      433      257      31       545      350      488      270      360      45       187      354      748      343      169      529      660      433      147      230      617      580      58       430      380      481      162      253      299      788      563      83       693      396      649      217      237      252      413      634      347      366      280      571      390      
35       321      340      255      466      261      212      317      184      331      621      460      501      283      236      440      234      283      25       296      457      399      226      118      567      101      318      475      202      457      459      631      575      313      211      559      0        428      381      322      528      70       604      348      291      649      522      552      216      565      264      403      185      207      610      589      550      415      150      501      569      467      115      532      472      366      245      131      637      335      304      179      343      590      375      236      88       277      292      373      215      180      
36       232      664      256      260      362      421      658      286      412      498      243      691      146      280      494      554      494      442      264      194      426      582      396      380      528      198      524      380      29       716      293      588      182      551      226      428      0        207      119      203      390      513      511      171      538      221      363      216      793      320      214      338      587      578      351      122      641      505      196      242      477      393      332      372      347      622      483      305      664      407      467      186      421      53       386      483      336      368      64       523      309      
37       361      693      345      444      195      274      678      328      518      681      429      783      180      151      622      578      560      402      377      81       555      454      410      571      479      65       657      240      219      781      254      738      79       421      433      381      207      0        230      409      317      688      599      272      720      424      553      243      874      412      384      216      580      741      551      270      715      507      398      194      618      404      523      538      481      500      483      512      691      503      336      329      610      188      456      398      432      466      158      550      354      
38       133      545      140      222      319      360      539      167      306      452      208      583      68       230      400      434      378      332      157      258      332      499      278      349      418      187      433      318      147      602      395      509      166      471      257      322      119      230      0        227      294      458      400      54       491      231      331      105      683      207      156      272      469      510      340      240      528      387      205      338      391      274      302      308      255      536      365      340      544      297      392      98       386      73       269      386      224      258      93       404      190      
39       220      664      283      120      541      587      669      347      363      324      109      621      292      453      401      572      477      532      256      394      342      723      452      199      614      389      421      545      199      676      454      456      371      696      31       528      203      409      227      0        514      348      466      239      363      28       186      322      730      315      141      499      631      428      156      222      596      551      29       417      366      450      158      240      277      757      533      113      667      371      619      186      240      225      386      603      320      340      253      543      360      
40       323      411      260      468      190      148      388      190      369      644      459      563      244      169      482      303      339      96       305      396      434      211      166      578      161      257      518      132      418      526      570      617      255      188      545      70       390      317      294      514      0        632      401      274      675      511      562      191      631      286      401      115      277      647      593      508      479      219      489      509      504      161      539      492      390      243      199      626      406      344      130      336      605      338      275      92       303      324      330      281      196      
41       338      539      384      253      749      759      560      446      280      41       269      383      518      664      200      501      382      593      338      702      210      831      488      152      647      644      185      724      522      476      795      141      624      814      350      604      513      688      458      348      632      0        325      424      46       320      162      490      483      345      305      679      587      89       210      567      407      534      336      751      154      490      190      151      241      848      530      342      545      306      761      360      116      506      370      693      329      312      535      485      436      
42       280      220      261      350      571      548      237      272      104      357      357      184      425      506      124      179      68       328      247      649      138      562      235      372      354      537      148      525      535      211      796      245      520      554      488      348      511      599      400      466      401      325      0        347      370      443      365      356      282      193      333      490      267      294      425      618      131      231      438      739      171      240      365      262      188      568      235      534      225      104      526      328      371      474      144      430      176      142      493      169      248      
43       88       493      86       206      332      361      488      121      254      423      194      530      94       244      351      384      324      297      106      307      284      484      233      329      382      221      385      321      198      548      449      465      201      458      270      291      171      272      54       239      274      424      347      0        460      237      312      84       629      153      136      274      423      470      330      290      474      340      214      392      345      230      284      273      208      518      319      351      493      244      384      69       363      127      215      363      171      205      146      353      141      
44       376      583      425      278      788      801      605      488      326      39       295      419      553      702      246      547      428      639      379      729      256      876      533      163      693      678      228      765      545      516      814      172      657      859      360      649      538      720      491      363      675      46       370      460      0        335      177      529      516      389      336      720      633      111      214      584      449      581      354      773      200      536      207      189      285      893      576      342      590      352      805      394      123      535      416      738      373      358      565      531      479      
45       208      645      272      94       549      591      651      339      341      296      86       596      298      460      374      554      457      525      242      414      317      722      441      172      605      401      394      549      220      652      480      427      382      695      45       522      221      424      231      28       511      320      443      237      335      0        158      321      704      299      125      503      616      400      132      248      572      537      26       441      339      439      130      213      254      755      520      115      647      350      620      178      213      238      369      599      302      321      267      526      350      
46       239      584      301      109      644      670      597      372      279      138      124      484      397      555      264      515      401      547      257      557      227      771      447      17       617      517      272      631      368      559      637      281      497      750      187      552      363      553      331      186      562      162      365      312      177      158      0        391      592      291      176      584      592      246      61       407      481      523      176      596      219      448      31       103      201      797      512      190      588      299      685      242      57       366      344      638      283      284      396      492      372      
47       154      465      111      288      258      279      455      86       279      494      277      540      79       173      388      351      318      226      153      298      325      400      185      408      313      181      424      240      245      540      459      513      164      374      354      216      216      243      105      322      191      490      356      84       529      321      391      0        631      173      219      193      374      527      413      339      472      293      298      398      392      181      365      340      258      434      270      435      464      262      300      151      440      163      213      282      193      227      168      321      112      
48       562      248      543      609      818      778      281      545      382      524      620      108      704      766      331      332      313      541      529      928      387      737      478      592      525      810      319      764      817      108      1079     344      795      740      748      565      793      874      683      730      631      483      282      629      516      704      592      631      0        476      606      737      391      406      653      898      159      416      704      1021     373      484      602      498      458      726      434      779      256      386      739      609      575      756      419      627      458      425      775      350      520      
49       98       355      68       221      418      417      356      104      106      358      220      377      234      340      215      257      175      257      61       457      156      488      156      306      325      352      252      385      345      396      603      345      334      470      343      264      320      412      207      315      286      345      193      153      389      299      291      173      476      0        174      342      317      365      335      432      321      240      286      545      225      156      275      208      103      510      225      409      357      92       416      144      326      280      71       352      20       54       299      228      91       
