

sets
i        orders          /0*80/
k        routes          /1*80/
p        positions       /0*80/
;

alias(i,j)
alias(i,h)
alias(i,hh)
alias(i,jj)
alias(k,kk)
                            Parameters

rho(i)	Processing time
/
0	0
1	98
2	57
3	36
4	91
5	36
6	60
7	92
8	46
9	45
10	10
11	71
12	15
13	94
14	49
15	53
16	73
17	41
18	32
19	9
20	50
21	93
22	56
23	95
24	26
25	41
26	55
27	81
28	35
29	95
30	30
31	65
32	24
33	66
34	55
35	91
36	81
37	22
38	71
39	88
40	80
41	92
42	9
43	41
44	13
45	91
46	82
47	14
48	96
49	77
50	82
51	76
52	45
53	13
54	4
55	89
56	53
57	96
58	88
59	59
60	90
61	47
62	85
63	44
64	85
65	69
66	22
67	17
68	27
69	84
70	21
71	22
72	99
73	26
74	73
75	3
76	70
77	79
78	51
79	30
80	8
/

gamma(i)	Duedate
/
0	0
1	77
2	46
3	8
4	33
5	29
6	95
7	79
8	51
9	25
10	25
11	63
12	79
13	87
14	31
15	41
16	25
17	71
18	36
19	69
20	43
21	2
22	77
23	68
24	24
25	98
26	6
27	92
28	61
29	21
30	59
31	71
32	56
33	56
34	73
35	16
36	73
37	46
38	17
39	69
40	96
41	1
42	15
43	90
44	27
45	59
46	41
47	68
48	97
49	33
50	1
51	5
52	82
53	63
54	78
55	6
56	22
57	99
58	67
59	22
60	2
61	79
62	67
63	15
64	24
65	9
66	44
67	70
68	77
69	50
70	1
71	6
72	79
73	86
74	20
75	60
76	6
77	28
78	97
79	43
80	35
/

sigma(i)	Size
/
0	0
1	6
2	6
3	6
4	9
5	2
6	2
7	6
8	4
9	6
10	3
11	9
12	2
13	7
14	3
15	4
16	5
17	3
18	5
19	7
20	2
21	8
22	8
23	1
24	2
25	1
26	1
27	1
28	6
29	8
30	5
31	4
32	3
33	8
34	1
35	9
36	9
37	4
38	4
39	9
40	6
41	3
42	9
43	3
44	8
45	4
46	4
47	4
48	8
49	3
50	5
51	5
52	4
53	2
54	8
55	4
56	6
57	7
58	6
59	3
60	9
61	5
62	2
63	7
64	7
65	4
66	7
67	1
68	1
69	2
70	8
71	4
72	8
73	3
74	1
75	7
76	5
77	9
78	1
79	5
80	1
/

epsilon(i)	Priority
/
0	0
1	8
2	3
3	4
4	9
5	2
6	9
7	9
8	1
9	8
10	8
11	8
12	8
13	3
14	6
15	4
16	1
17	4
18	7
19	8
20	4
21	7
22	3
23	8
24	5
25	3
26	3
27	2
28	3
29	1
30	5
31	2
32	7
33	4
34	6
35	8
36	7
37	2
38	4
39	1
40	6
41	3
42	3
43	5
44	1
45	3
46	5
47	6
48	6
49	3
50	9
51	4
52	4
53	6
54	5
55	8
56	2
57	7
58	2
59	7
60	8
61	2
62	8
63	3
64	9
65	8
66	4
67	3
68	5
69	7
70	5
71	1
72	4
73	6
74	4
75	8
76	3
77	1
78	3
79	3
80	7
/

psi	Vehicle Capacity
/ 128 /
;

Table kappa(i,j)                 Setup
         0        1        2        3        4        5        6        7        8        9        10       11       12       13       14       15       16       17       18       19       20       21       22       23       24       25       26       27       28       29       30       31       32       33       34       35       36       37       38       39       40       41       42       43       44       45       46       47       48       49       50       51       52       53       54       55       56       57       58       59       60       61       62       63       64       65       66       67       68       69       70       71       72       73       74       75       76       77       78       79       80       
0        0        250      280      386      354      393      692      120      706      252      530      240      125      439      320      809      293      685      519      144      672      449      187      374      624      685      606      430      320      753      772      535      161      401      460      174      7        314      56       68       73       674      68       654      492      154      610      856      230      494      142      298      393      316      664      749      324      163      100      647      366      325      588      368      93       402      538      469      587      614      730      380      372      646      833      744      770      617      46       468      820      
1        250      0        529      636      567      419      671      368      800      479      726      477      375      689      421      962      510      728      471      394      884      601      324      436      799      742      658      526      561      877      900      777      208      504      420      349      243      162      304      318      178      658      299      758      702      402      753      1033     66       520      358      326      383      439      665      843      167      88       236      720      570      538      756      616      160      581      775      709      815      585      883      454      506      765      978      843      955      838      217      512      955      
2        280      529      0        107      284      562      851      161      746      206      440      166      155      160      445      755      244      785      718      139      525      461      351      519      557      770      709      522      163      749      760      314      409      493      663      304      288      586      233      212      354      831      253      688      381      150      597      758      510      640      244      494      590      420      807      784      595      443      342      720      309      268      540      87       374      384      339      271      408      788      686      512      436      661      789      774      667      454      321      604      792      
3        386      636      107      0        306      635      913      268      769      262      430      228      261      53       513      742      286      828      796      243      481      491      436      588      548      809      756      575      181      755      763      245      507      548      742      388      393      686      337      318      460      892      354      711      368      246      608      726      615      703      333      578      669      483      864      804      696      549      441      756      332      301      540      25       479      411      280      223      356      856      679      577      486      679      779      792      635      406      426      665      788      
4        354      567      284      306      0        378      623      305      465      107      179      138      293      326      254      482      61       523      540      269      319      184      254      322      286      503      453      282      126      465      477      254      370      259      495      219      358      541      304      316      402      602      287      407      138      232      313      508      518      421      215      358      428      219      570      502      549      482      330      450      25       29       261      313      416      105      232      184      252      577      408      305      195      378      514      491      420      271      364      382      512      
5        393      419      562      635      378      0        301      460      387      374      449      407      455      672      125      588      363      311      162      450      616      277      220      57       469      322      239      146      468      479      504      632      251      145      117      261      389      291      390      422      368      282      354      353      461      421      385      685      352      105      324      100      61       159      271      430      294      379      293      302      362      364      422      630      363      312      604      563      604      228      513      80       195      371      594      431      625      602      357      93       563      
6        692      671      851      913      623      301      0        761      341      651      619      688      755      943      406      600      628      181      201      748      761      459      521      333      580      220      197      341      735      461      486      857      542      366      252      558      688      514      691      723      661      20       656      355      656      717      464      726      609      211      621      395      303      431      62       362      512      655      592      258      600      618      540      912      653      528      819      796      795      86       552      339      429      399      585      374      702      775      655      247      541      
7        120      368      161      268      305      460      761      0        721      198      484      169      12       321      362      785      246      726      604      38       607      444      240      429      590      719      647      461      233      749      765      438      264      431      546      204      127      432      80       53       194      741      111      665      436      73       599      814      350      553      144      377      475      347      725      763      441      282      196      675      324      279      561      248      213      380      450      379      507      689      709      429      386      648      814      755      724      544      163      522      807      
8        706      800      746      769      465      387      341      721      0        544      370      584      711      782      392      259      502      160      437      693      467      284      521      364      285      120      173      280      592      120      145      632      608      307      446      533      705      678      678      704      710      328      645      58       426      654      176      387      733      304      582      473      438      389      282      44       681      747      623      95       439      477      261      778      711      361      586      589      538      368      217      346      336      95       245      44       372      503      685      296      203      
9        252      479      206      262      107      374      651      198      544      0        286      40       186      297      251      587      47       578      536      163      420      260      195      325      392      564      503      317      98       559      573      303      297      289      485      149      257      477      199      209      307      631      187      487      242      125      407      616      436      441      121      326      412      221      604      584      486      392      245      514      125      80       364      260      322      188      296      232      337      594      511      314      230      464      617      575      527      365      268      404      612      
10       530      726      440      430      179      449      619      484      370      286      0        315      472      431      348      314      240      477      594      447      168      174      402      393      118      446      425      312      277      329      334      262      521      305      564      378      533      674      481      494      572      600      462      316      62       410      194      329      671      451      388      466      508      315      559      396      682      645      493      391      164      207      113      445      583      149      216      224      176      597      248      369      257      274      350      382      241      157      535      414      357      
11       240      477      166      228      138      407      688      169      584      40       315      0        157      267      285      621      84       618      568      132      440      300      215      360      425      604      542      356      84       597      611      300      307      327      515      167      245      488      184      188      301      668      179      527      267      96       445      645      439      478      125      352      442      257      642      624      497      389      249      555      159      114      399      224      317      227      299      231      347      629      547      350      270      503      652      615      555      380      261      441      649      
12       125      375      155      261      293      455      755      12       711      186      472      157      0        314      355      773      234      718      600      26       595      433      234      423      579      711      639      453      221      738      754      427      264      422      542      197      133      434      81       57       199      736      109      655      424      61       588      802      355      546      136      373      471      339      718      753      444      288      196      666      312      267      550      242      219      369      438      368      495      684      697      422      377      638      802      745      712      532      167      515      796      
13       439      689      160      53       326      672      943      321      782      297      431      267      314      0        548      736      315      850      834      295      462      510      479      623      547      829      780      603      207      760      765      217      556      577      782      431      446      736      388      371      512      922      404      724      368      296      615      712      667      735      379      619      709      517      892      815      745      602      490      775      351      325      543      76       532      430      258      212      336      889      677      610      514      690      775      802      622      387      478      697      787      
14       320      421      445      513      254      125      406      362      392      251      348      285      355      548      0        542      237      367      288      345      516      190      133      74       392      365      288      112      343      457      479      509      218      85       241      158      318      334      302      332      318      386      267      344      349      312      333      621      357      195      218      119      173      35       364      436      340      358      231      327      240      239      346      509      319      201      484      439      490      343      463      67       93       346      557      433      551      493      295      160      534      
15       809      962      755      742      482      588      600      785      259      587      314      621      773      736      542      0        539      420      676      750      306      364      647      546      197      380      421      448      592      140      117      538      756      463      673      640      811      869      767      786      836      587      741      254      375      711      209      130      899      530      669      651      647      523      541      245      874      894      749      347      462      507      223      758      843      408      490      524      420      623      79       523      456      221      42       231      152      370      803      509      78       
16       293      510      244      286      61       363      628      246      502      47       240      84       234      315      237      539      0        544      525      210      379      218      208      310      344      528      470      289      107      513      527      287      319      262      477      167      297      495      242      254      343      607      226      444      199      172      361      570      464      420      155      327      406      204      578      541      503      424      274      477      78       33       316      288      357      143      273      215      304      575      464      296      200      420      569      532      481      328      304      382      565      
17       685      728      785      828      523      311      181      726      160      578      477      618      718      850      367      420      544      0        306      705      603      341      499      312      418      40       78       265      646      280      305      731      558      296      330      524      682      588      669      699      672      169      634      181      524      669      301      547      662      208      582      410      346      379      124      182      589      690      591      87       498      527      383      832      669      420      689      678      653      218      374      304      348      227      404      193      527      626      656      221      360      
18       519      471      718      796      540      162      201      604      437      536      594      568      600      834      288      676      525      306      0        599      757      420      369      217      594      335      264      282      631      549      575      792      361      292      59       414      514      312      528      560      477      190      494      423      614      573      493      788      409      150      475      227      129      322      207      472      310      460      419      341      523      526      548      790      467      467      763      724      757      115      610      235      351      455      673      479      741      750      477      182      635      
19       144      394      139      243      269      450      748      38       693      163      447      132      26       295      345      750      210      705      599      0        569      413      230      415      555      697      627      439      195      718      733      402      272      409      541      189      151      446      93       76       217      728      115      637      398      39       567      777      371      538      127      371      469      327      709      735      456      307      203      651      288      243      527      226      236      347      412      342      469      678      674      412      361      618      779      727      687      506      182      506      774      
20       672      884      525      481      319      616      761      607      467      420      168      440      595      462      516      306      379      603      757      569      0        339      564      561      185      567      564      476      377      387      380      248      682      471      729      535      676      841      620      627      722      743      606      425      182      536      301      252      832      610      535      635      676      484      699      481      849      801      648      515      313      349      221      502      735      317      203      258      126      749      276      537      426      378      348      465      166      74       684      575      376      
21       449      601      461      491      184      277      459      444      284      260      174      300      433      510      190      364      218      341      420      413      339      0        282      222      202      319      275      137      310      306      323      398      394      132      390      277      450      524      412      435      471      439      383      226      199      374      160      433      540      278      313      308      337      164      401      324      531      530      385      265      159      193      157      497      478      79       360      339      341      428      284      198      97       205      385      314      361      330      440      240      370      
22       187      324      351      436      254      220      521      240      521      195      402      215      234      479      133      647      208      499      369      230      564      282      0        192      475      498      420      243      293      577      597      495      118      214      312      48       185      286      172      203      191      502      136      471      383      204      440      710      268      314      106      143      239      132      486      565      295      248      103      460      253      228      434      427      196      256      481      423      507      449      567      195      194      467      667      561      631      524      164      285      649      
23       374      436      519      588      322      57       333      429      364      325      393      360      423      623      74       546      310      312      217      415      561      222      192      0        418      316      234      99       417      445      469      576      249      91       175      226      372      323      364      396      360      313      328      323      404      383      340      638      369      123      288      109      115      106      295      407      328      385      279      286      306      309      371      584      358      255      547      507      547      269      470      24       138      335      556      407      575      545      344      93       527      
24       624      799      557      548      286      469      580      590      285      392      118      425      579      547      392      197      344      418      594      555      185      202      475      418      0        381      382      323      394      221      222      365      591      327      574      460      626      727      579      595      658      562      555      240      180      517      116      234      739      444      482      510      531      366      518      302      733      724      574      330      266      311      47       563      667      223      316      337      258      574      130      394      299      193      232      287      158      219      623      412      240      
25       685      742      770      809      503      322      220      719      120      564      446      604      711      829      365      380      528      40       335      697      567      319      498      316      381      0        83       258      628      240      265      703      565      288      354      520      683      606      666      695      676      208      631      143      495      660      265      507      675      223      576      419      363      373      162      144      608      700      593      55       477      508      348      814      675      398      660      652      621      254      334      305      336      190      365      154      487      592      657      230      321      
26       606      658      709      756      453      239      197      647      173      503      425      542      639      780      288      421      470      78       264      627      564      275      420      234      382      83       0        187      574      288      314      672      482      218      276      445      604      523      590      620      595      179      555      167      467      591      267      541      591      140      503      335      280      300      135      208      525      616      513      78       429      455      342      758      593      351      631      615      602      202      363      226      272      207      413      215      509      579      578      146      373      
27       430      526      522      575      282      146      341      461      280      317      312      356      453      603      112      448      289      265      282      439      476      137      243      99       323      258      187      0        395      351      374      523      328      30       254      262      428      421      408      437      430      320      374      233      333      403      241      539      460      143      317      204      208      115      289      324      426      468      343      217      260      277      276      576      431      192      489      458      477      298      371      75       88       240      458      321      478      468      407      105      431      
28       320      561      163      181      126      468      735      233      592      98       277      84       221      207      343      592      107      646      631      195      377      310      293      417      394      628      574      395      0        587      597      215      391      369      581      246      326      572      264      263      384      714      262      533      220      168      436      600      524      528      209      424      509      311      685      628      581      473      334      575      152      119      377      186      401      231      218      149      274      682      522      403      306      504      626      617      508      311      345      489      629      
29       753      877      749      755      465      479      461      749      120      559      329      597      738      760      457      140      513      280      549      718      387      306      577      445      221      240      288      351      587      0        25       585      676      372      552      579      753      768      718      741      768      448      688      127      392      678      152      269      811      408      619      554      535      446      403      107      772      816      680      211      441      484      216      767      772      371      537      554      478      487      113      425      383      111      125      92       266      436      739      393      86       
30       772      900      760      763      477      504      486      765      145      573      334      611      754      765      479      117      527      305      575      733      380      323      597      469      222      265      314      374      597      25       0        586      698      395      578      598      772      793      736      758      789      473      707      153      397      694      166      247      835      434      637      578      560      467      427      128      797      838      701      237      453      497      223      776      793      385      538      558      476      513      104      449      403      134      100      114      251      432      759      418      60       
31       535      777      314      245      254      632      857      438      632      303      262      300      427      217      509      538      287      731      792      402      248      398      495      576      365      703      672      523      215      585      586      0        601      504      750      451      541      780      479      475      600      837      478      578      207      381      456      500      738      666      422      611      682      474      800      658      789      688      547      648      270      273      374      268      617      331      48       72       122      821      489      557      442      537      579      644      412      174      561      627      598      
32       161      208      409      507      370      251      542      264      608      297      521      307      264      556      218      756      319      558      361      272      682      394      118      249      591      565      482      328      391      676      698      601      0        304      302      152      155      181      184      213      118      525      157      562      501      261      547      825      150      356      182      151      239      232      520      652      191      140      68       535      370      342      548      494      112      374      592      530      623      461      677      262      300      565      773      649      748      641      117      337      752      
33       401      504      493      548      259      145      366      431      307      289      305      327      422      577      85       463      262      296      292      409      471      132      214      91       327      288      218      30       369      372      395      504      304      0        259      232      399      407      378      406      403      345      344      259      321      373      254      549      439      162      287      188      205      85       316      351      412      444      316      247      238      252      280      548      405      175      472      438      465      318      385      66       63       261      475      347      484      459      378      123      451      
34       460      420      663      742      495      117      252      546      446      485      564      515      542      782      241      673      477      330      59       541      729      390      312      175      574      354      276      254      581      552      578      750      302      259      0        358      455      265      469      502      419      238      436      424      578      516      480      779      357      143      419      169      73       276      247      484      265      404      360      352      480      480      527      736      409      430      722      680      721      166      603      196      313      451      673      489      726      718      418      164      638      
35       174      349      304      388      219      261      558      204      533      149      378      167      197      431      158      640      167      524      414      189      535      277      48       226      460      520      445      262      246      579      598      451      152      232      358      0        174      328      146      175      197      539      112      480      352      160      437      695      298      349      62       190      285      147      521      577      337      267      114      479      221      191      422      379      206      238      440      379      471      489      560      225      198      471      662      571      613      490      163      318      647      
36       7        243      288      393      358      389      688      127      705      257      533      245      133      446      318      811      297      682      514      151      676      450      185      372      626      683      604      428      326      753      772      541      155      399      455      174      0        307      61       75       66       670      71       653      496      161      610      859      222      490      145      293      389      315      660      749      317      156      96       645      369      328      590      375      86       404      544      475      592      610      732      378      372      646      835      744      773      621      39       465      821      
37       314      162      586      686      541      291      514      432      678      477      674      488      434      736      334      869      495      588      312      446      841      524      286      323      727      606      523      421      572      768      793      780      181      407      265      328      307      0        353      379      245      502      332      644      664      440      661      955      111      382      364      219      243      362      513      721      9        183      245      592      537      515      681      671      227      525      768      708      793      428      792      346      427      659      879      722      885      807      269      383      851      
38       56       304      233      337      304      390      691      80       678      199      481      184      81       388      302      767      242      669      528      93       620      412      172      364      579      666      590      408      264      718      736      479      184      378      469      146      61       353      0        32       125      673      35       624      441      99       572      809      278      487      99       302      400      293      658      721      363      215      116      625      317      274      545      320      144      359      482      413      532      617      689      366      342      613      793      715      722      563      89       458      782      
39       68       318      212      318      316      422      723      53       704      209      494      188      57       371      332      786      254      699      560      76       627      435      203      396      595      695      620      437      263      741      758      475      213      406      502      175      75       379      32       0        142      705      67       650      451      94       593      824      298      518      123      334      432      322      690      747      388      231      146      653      331      287      563      300      161      378      482      412      535      649      708      397      368      637      813      741      736      568      110      489      803      
40       73       178      354      460      402      368      661      194      710      307      572      301      199      512      318      836      343      672      477      217      722      471      191      360      658      676      595      430      384      768      789      600      118      403      419      197      66       245      125      142      0        644      121      661      540      224      631      892      156      472      187      268      358      323      638      754      254      90       87       643      410      373      619      442      19       435      600      533      644      580      756      371      385      658      857      750      809      671      39       452      840      
41       674      658      831      892      602      282      20       741      328      631      600      668      736      922      386      587      607      169      190      728      743      439      502      313      562      208      179      320      714      448      473      837      525      345      238      539      670      502      673      705      644      0        637      340      637      697      447      712      595      191      601      377      287      411      46       351      500      640      574      243      580      598      522      891      637      508      799      776      775      75       537      319      408      383      573      362      686      755      637      227      529      
42       68       299      253      354      287      354      656      111      645      187      462      179      109      404      267      741      226      634      494      115      606      383      136      328      555      631      555      374      262      688      707      478      157      344      436      112      71       332      35       67       121      637      0        592      425      108      543      787      266      451      73       267      365      259      622      689      342      210      88       591      297      257      520      339      138      334      478      411      523      581      663      331      310      582      766      683      702      552      82       422      754      
43       654      758      688      711      407      353      355      665      58       487      316      527      655      724      344      254      444      181      423      637      425      226      471      323      240      143      167      233      533      127      153      578      562      259      424      480      653      644      624      650      661      340      592      0        371      598      126      374      692      281      527      433      408      339      294      98       648      702      574      97       381      419      211      720      664      303      533      533      487      369      197      304      282      47       249      90       346      455      635      266      213      
44       492      702      381      368      138      461      656      436      426      242      62       267      424      368      349      375      199      524      614      398      182      199      383      404      180      495      467      333      220      392      397      207      501      321      578      352      496      664      441      451      540      637      425      371      0        363      252      380      650      476      353      465      518      315      598      455      672      618      466      440      131      168      175      383      553      149      164      163      143      627      310      381      265      331      412      441      289      144      502      438      420      
45       154      402      150      246      232      421      717      73       654      125      410      96       61       296      312      711      172      669      573      39       536      374      204      383      517      660      591      403      168      678      694      381      261      373      516      160      161      440      99       94       224      697      108      598      363      0        528      740      374      506      97       347      444      292      677      696      449      314      194      614      250      205      488      232      242      308      387      317      441      649      635      379      324      579      741      688      651      475      186      473      735      
46       610      753      597      608      313      385      464      599      176      407      194      445      588      615      333      209      361      301      493      567      301      160      440      340      116      265      267      241      436      152      166      456      547      254      480      437      610      661      572      593      631      447      543      126      252      528      0        299      690      343      472      443      446      315      402      202      667      686      544      213      289      332      85       619      637      219      410      416      362      463      130      317      248      81       226      188      248      329      600      315      210      
47       856      1033     758      726      508      685      726      814      387      616      329      645      802      712      621      130      570      547      788      777      252      433      710      638      234      507      541      539      600      269      247      500      825      549      779      695      859      955      809      824      892      712      787      374      380      740      299      0        973      639      714      736      745      597      666      375      961      958      809      470      493      536      276      746      901      457      454      503      378      743      178      614      530      335      160      361      91       326      856      614      205      
48       230      66       510      615      518      352      609      350      733      436      671      439      355      667      357      899      464      662      409      371      832      540      268      369      739      675      591      460      524      811      835      738      150      439      357      298      222      111      278      298      156      595      266      692      650      374      690      973      0        453      316      260      317      376      600      777      119      76       191      653      519      489      696      597      136      524      733      669      769      523      820      388      444      700      914      776      897      789      189      445      891      
49       494      520      640      703      421      105      211      553      304      441      451      478      546      735      195      530      420      208      150      538      610      278      314      123      444      223      140      143      528      408      434      666      356      162      143      349      490      382      487      518      472      191      451      281      476      506      343      639      453      0        411      205      139      220      171      344      384      484      395      212      401      414      398      702      468      336      633      601      620      155      462      128      226      309      530      347      591      608      460      39       494      
