

sets
i        orders          /0*10/
k        routes          /1*10/
p        positions       /0*10/
;

alias(i,j)
alias(i,h)
alias(i,hh)
alias(i,jj)
alias(k,kk)
                            Parameters

rho(i)	Processing time
/
0	0
1	84
2	67
3	43
4	94
5	21
6	31
7	45
8	45
9	85
10	93
/

gamma(i)	Duedate
/
0	0
1	38
2	93
3	80
4	65
5	98
6	95
7	22
8	41
9	19
10	69
/

sigma(i)	Size
/
0	0
1	6
2	8
3	1
4	5
5	1
6	9
7	9
8	8
9	6
10	3
/

epsilon(i)	Priority
/
0	0
1	5
2	4
3	4
4	5
5	7
6	6
7	5
8	3
9	4
10	7
/

psi	Vehicle Capacity
/ 54 /
;

Table kappa(i,j)                 Setup
         0        1        2        3        4        5        6        7        8        9        10       
0        0        684      525      799      459      825      685      502      776      951      856      
1        684      0        395      191      518      577      873      188      114      589      177      
2        525      395      0        378      664      889      1022     271      414      944      496      
3        799      191      378      0        704      759      1063     307      93       750      139      
4        459      518      664      704      0        369      367      438      633      508      682      
5        825      577      889      759      369      0        478      619      666      155      670      
6        685      873      1022     1063     367      478      0        806      986      628      1023     
7        502      188      271      307      438      619      806      0        274      674      355      
8        776      114      414      93       633      666      986      274      0        657      85       
9        951      589      944      750      508      155      628      674      657      0        640      
10       856      177      496      139      682      670      1023     355      85       640      0        
;



Table delta(i,j)                 Distance
         0        1        2        3        4        5        6        7        8        9        10       
0        0        90       66       52       15       45       76       55       37       10       48       
1        90       0        109      40       101      101      13       71       95       87       46       
2        66       109      0        89       56       111      97       37       29       75       66       
3        52       40       89       0        65       62       28       55       67       47       25       
4        15       101      56       65       0        57       87       54       28       25       56       
5        45       101      111      62       57       0        90       94       82       36       76       
6        76       13       97       28       87       90       0        60       82       74       33       
7        55       71       37       55       54       94       60       0        32       60       31       
8        37       95       29       67       28       82       82       32       0        46       49       
9        10       87       75       47       25       36       74       60       46       0        49       
10       48       46       66       25       56       76       33       31       49       49       0        
;

