

sets
i        orders          /0*10/
k        routes          /1*10/
p        positions       /0*10/
;

alias(i,j)
alias(i,h)
alias(i,hh)
alias(i,jj)
alias(k,kk)
                            Parameters

rho(i)	Processing time
/
0	0
1	85
2	40
3	24
4	1
5	61
6	74
7	52
8	60
9	81
10	60
/

gamma(i)	Duedate
/
0	0
1	32
2	98
3	54
4	37
5	72
6	22
7	18
8	5
9	1
10	94
/

sigma(i)	Size
/
0	0
1	2
2	9
3	2
4	4
5	2
6	7
7	7
8	6
9	8
10	8
/

epsilon(i)	Priority
/
0	0
1	4
2	8
3	3
4	1
5	6
6	9
7	8
8	6
9	1
10	2
/

psi	Vehicle Capacity
/ 77 /
;

Table kappa(i,j)                 Setup
         0        1        2        3        4        5        6        7        8        9        10       
0        0        632      638      277      629      418      761      472      366      307      773      
1        632      0        755      829      920      291      898      700      831      499      1134     
2        638      755      0        525      228      495      147      170      408      849      434      
3        277      829      525      0        425      558      608      362      130      585      520      
4        629      920      228      425      0        635      214      221      295      898      218      
5        418      291      495      558      635      0        642      414      544      441      846      
6        761      898      147      608      214      642      0        290      480      989      364      
7        472      700      170      362      221      414      290      0        256      705      433      
8        366      831      408      130      295      544      480      256      0        664      407      
9        307      499      849      585      898      441      989      705      664      0        1065     
10       773      1134     434      520      218      846      364      433      407      1065     0        
;



Table delta(i,j)                 Distance
         0        1        2        3        4        5        6        7        8        9        10       
0        0        25       61       28       66       63       45       59       62       75       67       
1        25       0        83       9        90       85       70       81       74       73       92       
2        61       83       0        80       19       4        34       2        36       72       32       
3        28       9        80       0        89       83       72       78       68       64       93       
4        66       90       19       89       0        15       26       18       56       91       13       
5        63       85       4        83       15       0        32       4        41       77       28       
6        45       70       34       72       26       32       0        31       62       92       22       
7        59       81       2        78       18       4        31       0        37       73       30       
8        62       74       36       68       56       41       62       37       0        36       67       
9        75       73       72       64       91       77       92       73       36       0        102      
10       67       92       32       93       13       28       22       30       67       102      0        
;

