

sets
i        orders          /0*10/
k        routes          /1*10/
p        positions       /0*10/
;

alias(i,j)
alias(i,h)
alias(i,hh)
alias(i,jj)
alias(k,kk)
                            Parameters

rho(i)	Processing time
/
0	0
1	28
2	81
3	42
4	99
5	60
6	14
7	63
8	66
9	3
10	6
/

gamma(i)	Duedate
/
0	0
1	63
2	49
3	43
4	35
5	58
6	31
7	63
8	12
9	93
10	74
/

sigma(i)	Size
/
0	0
1	2
2	9
3	5
4	5
5	6
6	1
7	3
8	9
9	9
10	2
/

epsilon(i)	Priority
/
0	0
1	3
2	8
3	6
4	9
5	1
6	1
7	6
8	9
9	1
10	7
/

psi	Vehicle Capacity
/ 17 /
;

Table kappa(i,j)                 Setup
         0        1        2        3        4        5        6        7        8        9        10       
0        0        496      766      154      455      553      618      813      904      922      779      
1        496      0        558      633      46       802      918      1120     1125     1167     1064     
2        766      558      0        915      583      617      743      892      799      857      825      
3        154      633      915      0        590      626      663      842      962      971      819      
4        455      46       583      590      0        787      901      1103     1117     1157     1050     
5        553      802      617      626      787      0        130      319      353      380      262      
6        618      918      743      663      901      130      0        204      301      308      161      
7        813      1120     892      842      1103     319      204      0        204      169      67       
8        904      1125     799      962      1117     353      301      204      0        62       172      
9        922      1167     857      971      1157     380      308      169      62       0        157      
10       779      1064     825      819      1050     262      161      67       172      157      0        
;



Table delta(i,j)                 Distance
         0        1        2        3        4        5        6        7        8        9        10       
0        0        80       4        52       105      115      80       75       87       80       112      
1        80       0        78       83       62       51       65       95       26       45       60       
2        4        78       0        55       105      114      81       78       87       80       112      
3        52       83       55       0        72       93       40       23       73       54       82       
4        105      62       105      72       0        28       32       67       35       25       11       
5        115      51       114      93       28       0        56       92       28       39       18       
6        80       65       81       40       32       56       0        36       45       21       43       
7        75       95       78       23       67       92       36       0        80       57       78       
8        87       26       87       73       35       28       45       80       0        23       34       
9        80       45       80       54       25       39       21       57       23       0        32       
10       112      60       112      82       11       18       43       78       34       32       0        
;

