
sets
i        orders          /0*80/
k        routes          /1*80/
p        positions       /0*80/
;

alias(i,j)
alias(i,h)
alias(i,hh)
alias(i,jj)
alias(k,kk)
                
                    Parameters

rho(i)	Processing time
/
0	0
1	96
2	38
3	31
4	2
5	91
6	94
7	77
8	22
9	61
10	95
11	93
12	96
13	7
14	55
15	79
16	98
17	84
18	18
19	80
20	6
21	86
22	56
23	31
24	26
25	62
26	10
27	27
28	95
29	38
30	93
31	14
32	42
33	35
34	34
35	40
36	68
37	64
38	90
39	33
40	6
41	57
42	17
43	54
44	68
45	80
46	54
47	4
48	59
49	27
50	10
51	6
52	61
53	2
54	60
55	16
56	31
57	6
58	43
59	57
60	49
61	99
62	79
63	33
64	97
65	81
66	5
67	33
68	87
69	10
70	81
71	47
72	82
73	77
74	37
75	74
76	37
77	69
78	73
79	71
80	87
/

gamma(i)	Duedate
/
0	0
1	94
2	16
3	76
4	29
5	32
6	34
7	80
8	34
9	41
10	7
11	93
12	55
13	10
14	37
15	32
16	3
17	7
18	51
19	97
20	90
21	97
22	79
23	60
24	97
25	3
26	56
27	95
28	20
29	66
30	92
31	74
32	37
33	14
34	62
35	96
36	69
37	31
38	64
39	78
40	32
41	70
42	64
43	30
44	88
45	60
46	64
47	33
48	1
49	89
50	37
51	50
52	40
53	71
54	49
55	62
56	10
57	80
58	44
59	21
60	92
61	56
62	67
63	98
64	77
65	43
66	36
67	71
68	1
69	32
70	27
71	63
72	25
73	26
74	91
75	82
76	43
77	70
78	16
79	13
80	79
/

sigma(i)	Size
/
0	0
1	9
2	5
3	6
4	2
5	7
6	9
7	9
8	1
9	9
10	3
11	2
12	1
13	6
14	5
15	4
16	5
17	9
18	1
19	3
20	8
21	1
22	5
23	3
24	3
25	8
26	4
27	4
28	3
29	5
30	8
31	8
32	9
33	7
34	1
35	7
36	6
37	3
38	8
39	7
40	6
41	6
42	6
43	1
44	5
45	5
46	1
47	7
48	2
49	1
50	5
51	8
52	7
53	9
54	7
55	3
56	6
57	6
58	8
59	9
60	3
61	7
62	1
63	7
64	5
65	3
66	8
67	2
68	6
69	8
70	7
71	3
72	5
73	6
74	8
75	1
76	4
77	6
78	9
79	4
80	6
/

epsilon(i)	Priority
/
0	0
1	7
2	8
3	1
4	5
5	5
6	9
7	7
8	7
9	5
10	3
11	8
12	1
13	4
14	1
15	4
16	1
17	8
18	8
19	9
20	4
21	5
22	9
23	8
24	8
25	1
26	5
27	8
28	1
29	1
30	9
31	9
32	5
33	5
34	1
35	5
36	6
37	8
38	8
39	2
40	3
41	4
42	7
43	3
44	5
45	5
46	8
47	1
48	6
49	5
50	8
51	1
52	8
53	9
54	8
55	6
56	1
57	2
58	5
59	2
60	5
61	3
62	8
63	4
64	3
65	2
66	4
67	9
68	4
69	6
70	6
71	3
72	3
73	4
74	5
75	3
76	5
77	7
78	7
79	4
80	3
/

psi	Vehicle Capacity
/ 19 /
;

Table kappa(i,j)                 Setup
         0        1        2        3        4        5        6        7        8        9        10       11       12       13       14       15       16       17       18       19       20       21       22       23       24       25       26       27       28       29       30       31       32       33       34       35       36       37       38       39       40       41       42       43       44       45       46       47       48       49       50       51       52       53       54       55       56       57       58       59       60       61       62       63       64       65       66       67       68       69       70       71       72       73       74       75       76       77       78       79       80       
0        0        845      1101     1047     891      1574     947      1289     1465     871      1331     443      930      908      1149     1119     861      1362     1232     597      421      1242     1065     627      474      685      1148     1623     850      1532     1565     827      717      1433     572      913      1239     319      1067     1367     1029     1151     1556     826      373      872      1308     1318     1265     813      1597     1788     498      1505     1662     1053     1284     1245     982      726      719      1334     930      1337     841      1677     660      142      1446     920      914      633      1018     537      837      666      681      781      1192     469      977      
1        845      0        1546     775      1676     1923     1656     1183     1980     485      610      445      989      967      396      1872     203      1336     2050     248      1193     1508     1505     1440     551      567      1950     920      1351     1938     1772     1517     1144     1222     355      393      1839     1129     1309     1465     1258     347      2384     376      472      1089     1947     1267     1155     1090     1986     2198     856      825      1045     1897     1378     967      1822     1541     1456     891      1299     1346     1664     961      252      911      699      1761     1363     1075     1813     1378     1563     1150     1376     147      2002     1101     1738     
2        1101     1546     0        1036     793      479      1781     858      436      1838     1643     1160     663      2003     1942     758      1687     769      1114     1384     788      318      40       862      1503     993      975      1800     1885     431      576      1718     418      1039     1201     1289     396      898      2160     601      2125     1661     1911     1753     1259     1972     535      790      2352     465      495      692      715      1689     1695     1383     581      1065     1403     880      1576     1294     2005     2438     1435     1859     1296     961      1753     1353     1964     1718     874      1015     1676     1734     553      1406     1041     1509     729      
3        1047     775      1036     0        1520     1281     1994     411      1454     1236     617      692      373      1639     1130     1630     975      574      1918     782      1140     869      1000     1384     1107     369      1787     770      1844     1333     1064     1874     764      456      604      387      1414     1154     1935     737      1886     712      2506     1127     850      1709     1547     503      1894     606      1365     1571     646      655      703      1957     659      212      1920     1468     1765     310      1864     2061     1833     830      617      1000     721      1856     1888     1581     1651     1420     1884     1639     1163     639      1852     1491     1530     
4        891      1676     793      1520     0        1195     1122     1522     889      1761     2021     1231     1199     1707     2022     247      1734     1489     398      1442     485      1100     788      275      1362     1280     277      2261     1376     1089     1366     1105     772      1708     1338     1596     603      571      1735     1364     1716     1924     1119     1716     1233     1607     582      1488     2072     951      1157     1277     906      2140     2223     596      1321     1640     632      195      968      1827     1546     2086     718      2321     1444     781      2141     592      1466     1313     137      435      1037     1295     357      1575     337      1074     117      
5        1574     1923     479      1281     1195     0        2247     962      394      2265     1895     1581     947      2469     2318     1082     2085     807      1439     1794     1266     419      511      1317     1955     1356     1310     1984     2365     132      314      2190     867      1101     1599     1609     625      1378     2637     593      2602     1974     2286     2173     1697     2446     726      863      2811     845      104      291      1150     1888     1834     1790     643      1230     1826     1319     2047     1466     2485     2907     1883     2040     1682     1435     1990     1782     2444     2196     1242     1479     2144     2214     1020     1777     1369     1989     1105     
6        947      1656     1781     1994     1122     2247     0        2209     1995     1415     2226     1357     1841     1038     1819     1344     1577     2256     1178     1428     1013     2023     1759     932      1112     1631     1202     2531     463      2162     2338     140      1520     2365     1483     1833     1713     928      848      2217     858      1999     880      1445     1232     860      1705     2223     1329     1669     2231     2378     1404     2419     2593     704      2144     2189     599      950      230      2280     657      1235     420      2581     1548     1008     2332     594      536      645      1158     767      112      571      1228     1646     1195     555      1238     
7        1289     1183     858      411      1522     962      2209     0        1217     1631     968      1026     368      2000     1542     1571     1380     172      1901     1161     1250     595      833      1458     1456     698      1763     1024     2130     1041     699      2103     763      186      967      798      1254     1301     2271     372      2225     1112     2597     1523     1183     2048     1393     103      2277     582      1058     1250     805      932      875      2042     320      278      2026     1524     1979     508      2177     2432     1979     1078     1003     1203     1050     1965     2185     1884     1639     1540     2097     1933     1178     1043     1830     1757     1500     
8        1465     1980     436      1454     889      394      1995     1217     0        2252     2069     1582     1086     2373     2375     730      2115     1091     1073     1809     1090     621      476      1069     1899     1429     952      2207     2179     263      684      1959     840      1383     1631     1724     285      1209     2492     885      2461     2096     1932     2172     1670     2321     347      1132     2730     901      313      388      1137     2100     2085     1466     904      1457     1516     1046     1816     1692     2321     2797     1604     2265     1728     1323     2175     1480     2264     2048     906      1244     1901     2053     817      1840     1006     1823     783      
9        871      485      1838     1236     1761     2265     1415     1631     2252     0        1062     684      1384     523      417      1990     288      1773     2088     482      1289     1867     1798     1493     400      955      2013     1361     1022     2258     2159     1276     1420     1691     684      869      2064     1190     879      1875     829      774      2239     110      582      679      2150     1707     670      1420     2314     2522     1123     1281     1512     1825     1786     1438     1732     1591     1259     1375     918      864      1542     1394     629      992      1130     1679     1008     773      1887     1380     1343     850      1531     600      2054     897      1848     
10       1331     610      1643     617      2021     1895     2226     968      2069     1062     0        888      983      1570     763      2170     777      1140     2418     802      1576     1486     1606     1834     1149     741      2298     311      1953     1950     1661     2090     1323     911      758      431      2009     1549     1917     1330     1866     290      2885     962      995      1698     2138     1071     1716     1193     1981     2186     1115     219      453      2362     1261     690      2303     1929     2013     487      1909     1923     2173     356      679      1347     119      2240     1970     1676     2158     1820     2126     1749     1676     581      2359     1674     2054     
11       443      445      1160     692      1231     1581     1357     1026     1582     684      888      0        724      976      814      1427     538      1143     1608     229      750      1185     1119     1000     430      331      1505     1183     1157     1575     1483     1227     743      1130     129      476      1417     693      1249     1215     1202     716      2000     594      159      1024     1518     1084     1272     736      1631     1839     445      1067     1235     1488     1126     904      1422     1101     1137     941      1172     1412     1285     1236     221      478      1002     1359     1198     891      1368     954      1253     951      933      350      1559     822      1292     
12       930      989      663      373      1199     947      1841     368      1086     1384     983      724      0        1695     1380     1282     1167     434      1590     902      887      528      627      1106     1149     431      1455     1141     1777     983      783      1737     427      536      699      662      1041     933      1943     492      1899     1029     2245     1282     873      1725     1176     388      1997     250      1022     1232     439      1028     1055     1690     403      443      1668     1178     1612     650      1836     2134     1614     1201     764      838      1090     1606     1836     1540     1324     1178     1729     1585     844      842      1522     1399     1193     
13       908      967      2003     1639     1707     2469     1038     2000     2373     523      1570     976      1695     0        928      1953     794      2119     1959     860      1301     2109     1967     1433     546      1302     1916     1875     586      2435     2425     912      1603     2092     1037     1314     2140     1183     356      2180     307      1287     1912     610      822      186      2198     2060     365      1659     2498     2694     1333     1789     2013     1597     2092     1851     1492     1515     948      1830     430      441      1284     1910     1027     1050     1646     1451     542      430      1811     1277     997      486      1575     1048     1942     654      1813     
14       1149     396      1942     1130     2022     2318     1819     1542     2375     417      763      814      1380     928      0        2232     288      1703     2380     587      1537     1902     1901     1770     735      962      2289     1029     1439     2335     2159     1678     1537     1555     744      745      2227     1458     1284     1845     1235     484      2618     374      789      1094     2331     1633     984      1487     2383     2594     1245     972      1212     2172     1761     1301     2086     1871     1649     1176     1334     1204     1908     1051     646      1242     799      2029     1426     1184     2156     1685     1741     1261     1743     541      2337     1283     2094     
15       1119     1872     758      1630     247      1082     1344     1571     730      1990     2170     1427     1282     1953     2232     0        1945     1511     361      1646     702      1076     767      520      1593     1433     227      2390     1620     963      1299     1338     866      1757     1525     1754     458      801      1982     1358     1963     2098     1205     1939     1445     1855     390      1521     2319     1032     1026     1114     1060     2271     2332     744      1330     1725     806      443      1204     1929     1792     2334     929      2451     1632     1000     2288     780      1710     1561     189      682      1265     1542     500      1761     289      1322     142      
16       861      203      1687     975      1734     2085     1577     1380     2115     288      777      538      1167     794      288      1945     0        1530     2091     308      1249     1675     1647     1482     469      737      2001     1081     1231     2092     1950     1436     1275     1424     488      596      1955     1169     1145     1650     1094     493      2350     185      501      932      2055     1462     956      1243     2143     2354     979      996      1225     1891     1562     1169     1809     1583     1393     1092     1156     1153     1635     1116     404      954      852      1750     1233     962      1867     1398     1492     1040     1460     336      2049     1029     1807     
17       1362     1336     769      574      1489     807      2256     172      1091     1773     1140     1143     434      2119     1703     1511     1530     0        1854     1296     1269     475      751      1456     1572     824      1714     1187     2211     896      531      2157     761      296      1098     958      1159     1334     2376     213      2331     1282     2587     1666     1297     2156     1297     71       2408     592      906      1092     865      1099     1028     2035     190      450      2028     1513     2028     676      2271     2555     1999     1241     1143     1263     1222     1969     2271     1975     1597     1556     2144     2019     1160     1194     1782     1831     1454     
18       1232     2050     1114     1918     398      1439     1178     1901     1073     2088     2418     1608     1590     1959     2380     361      2091     1854     0        1809     858      1432     1120     610      1688     1677     139      2660     1534     1316     1660     1208     1164     2088     1721     1991     813      923      1922     1710     1911     2311     863      2054     1593     1832     725      1859     2316     1340     1378     1448     1304     2539     2621     489      1677     2033     583      509      1093     2224     1723     2296     762      2720     1826     1141     2537     583      1624     1538     266      708      1123     1502     754      1956     72       1305     401      
19       597      248      1384     782      1442     1794     1428     1161     1809     482      802      229      902      860      587      1646     308      1296     1809     0        957      1390     1343     1199     357      474      1712     1111     1157     1794     1678     1291     969      1237     202      461      1647     886      1174     1393     1124     574      2138     382      224      947      1747     1232     1115     948      1848     2058     672      1005     1204     1649     1304     992      1574     1300     1222     975      1132     1278     1418     1158     166      668      905      1513     1181     880      1577     1132     1331     951      1156     220      1763     874      1509     
20       421      1193     788      1140     485      1266     1013     1250     1090     1289     1576     750      887      1301     1537     702      1249     1269     858      957      0        1010     760      257      895      844      756      1837     1101     1200     1327     937      512      1423     862      1145     841      119      1401     1208     1371     1454     1368     1237     748      1234     897      1245     1665     677      1269     1443     493      1715     1827     817      1140     1298     784      354      797      1450     1233     1713     730      1895     967      298      1695     721      1182     957      620      290      904      963      276      1097     808      734      560      
21       1242     1508     318      869      1100     419      2023     595      621      1867     1486     1185     528      2109     1902     1076     1675     475      1432     1390     1010     0        313      1134     1579     941      1292     1597     2072     464      323      1946     527      763      1192     1190     690      1105     2308     287      2269     1556     2218     1772     1312     2105     826      511      2439     452      496      705      776      1495     1466     1681     285      842      1693     1167     1807     1079     2171     2550     1705     1655     1271     1112     1585     1640     2145     1875     1189     1270     1914     1903     821      1361     1359     1688     1043     
22       1065     1505     40       1000     788      511      1759     833      476      1798     1606     1119     627      1967     1901     767      1647     751      1120     1343     760      313      0        845      1465     953      980      1766     1855     468      589      1694     378      1016     1160     1249     424      869      2127     590      2091     1622     1907     1713     1219     1938     562      769      2314     425      531      730      675      1654     1664     1375     565      1035     1392     867      1551     1262     1973     2402     1418     1826     1255     926      1716     1341     1934     1684     875      994      1653     1702     534      1365     1047     1478     730      
23       627      1440     862      1384     275      1317     932      1458     1069     1493     1834     1000     1106     1433     1770     520      1482     1456     610      1199     257      1134     845      0        1093     1100     521      2092     1128     1229     1434     889      697      1638     1116     1403     792      313      1474     1367     1452     1709     1139     1453     983      1337     807      1442     1798     876      1299     1448     742      1971     2078     584      1309     1532     571      101      747      1695     1289     1817     573      2151     1219     530      1953     513      1216     1045     393      177      834      1031     313      1349     566      806      380      
24       474      551      1503     1107     1362     1955     1112     1456     1899     400      1149     430      1149     546      735      1593     469      1572     1688     357      895      1579     1465     1093     0        758      1613     1460     804      1932     1889     972      1090     1554     503      816      1693     792      828      1636     779      898      1884     374      276      601      1772     1514     860      1126     1993     2195     805      1357     1561     1441     1547     1320     1353     1190     924      1324     775      985      1173     1505     515      602      1246     1297     824      527      1487     980      1024     600      1147     574      1653     560      1451     
25       685      567      993      369      1280     1356     1631     698      1429     955      741      331      431      1302     962      1433     737      824      1677     474      844      941      953      1100     758      0        1557     992      1474     1373     1213     1509     614      799      273      321      1317     833      1580     920      1533     681      2189     852      490      1355     1437     762      1583     529      1420     1632     375      871      994      1650     831      578      1601     1193     1404     649      1499     1734     1496     1051     333      654      860      1537     1520     1214     1417     1106     1522     1271     936      421      1618     1122     1314     
26       1148     1950     975      1787     277      1310     1202     1763     952      2013     2298     1505     1455     1916     2289     227      2001     1714     139      1712     756      1292     980      521      1613     1557     0        2535     1526     1189     1525     1216     1030     1950     1614     1873     685      832      1905     1570     1891     2201     980      1974     1500     1800     607      1720     2278     1205     1252     1333     1182     2414     2491     549      1537     1899     627      422      1091     2092     1709     2272     781      2595     1720     1046     2417     613      1617     1504     139      644      1135     1475     626      1850     67       1267     263      
27       1623     920      1800     770      2261     1984     2531     1024     2207     1361     311      1183     1141     1875     1029     2390     1081     1187     2660     1111     1837     1597     1766     2092     1460     992      2535     0        2264     2057     1719     2396     1528     913      1054     710      2183     1821     2224     1396     2173     588      3169     1265     1299     2007     2317     1125     2004     1376     2079     2274     1357     121      224      2638     1341     756      2584     2185     2316     519      2220     2216     2462     60       982      1628     232      2520     2281     1988     2396     2094     2429     2060     1908     890      2598     1981     2283     
28       850      1351     1885     1844     1376     2365     463      2130     2179     1022     1953     1157     1777     586      1439     1620     1231     2211     1534     1157     1101     2072     1855     1128     804      1474     1526     2264     0        2301     2396     356      1545     2262     1266     1606     1912     987      397      2215     399      1697     1343     1074     1006     402      1935     2165     865      1659     2370     2542     1348     2161     2361     1105     2134     2053     996      1183     443      2097     198      784      789      2309     1304     964      2049     970      90       276      1449     951      448      207      1365     1377     1535     384      1492     
29       1532     1938     431      1333     1089     132      2162     1041     263      2258     1950     1575     983      2435     2335     963      2092     896      1316     1794     1200     464      468      1229     1932     1373     1189     2057     2301     0        434      2112     842      1192     1604     1643     505      1315     2587     683      2553     2012     2168     2170     1683     2403     598      947      2783     849      69       263      1136     1957     1916     1681     720      1301     1722     1224     1968     1538     2429     2869     1788     2114     1692     1391     2050     1680     2383     2144     1128     1397     2062     2157     942      1793     1247     1931     994      
30       1565     1772     576      1064     1366     314      2338     699      684      2159     1661     1483     783      2425     2159     1299     1950     531      1660     1678     1327     323      589      1434     1889     1213     1525     1719     2396     434      0        2265     851      816      1477     1425     861      1426     2630     330      2590     1775     2481     2060     1618     2425     982      596      2748     765      418      574      1092     1630     1555     1958     405      977      1980     1456     2124     1207     2494     2866     2007     1772     1547     1436     1748     1930     2469     2198     1437     1578     2230     2227     1121     1625     1588     2012     1293     
31       827      1517     1718     1874     1105     2190     140      2103     1959     1276     2090     1227     1737     912      1678     1338     1436     2157     1208     1291     937      1946     1694     889      972      1509     1216     2396     356      2112     2265     0        1433     2255     1351     1702     1680     842      752      2128     756      1861     1000     1304     1098     739      1683     2121     1218     1576     2181     2336     1298     2285     2463     757      2053     2072     649      922      143      2155     554      1140     447      2446     1414     899      2196     630      439      509      1157     716      92       437      1170     1510     1217     416      1222     
32       717      1144     418      764      772      867      1520     763      840      1420     1323     743      427      1603     1537     866      1275     761      1164     969      512      527      378      697      1090     614      1030     1528     1545     842      851      1433     0        945      792      929      704      592      1785     697      1746     1295     1834     1336     841      1586     823      744      1944     181      902      1106     298      1409     1466     1280     627      869      1268     761      1297     1064     1644     2041     1239     1588     891      585      1439     1208     1617     1349     897      796      1409     1376     419      1008     1096     1161     769      
33       1433     1222     1039     456      1708     1101     2365     186      1383     1691     911      1130     536      2092     1555     1757     1424     296      2088     1237     1423     763      1016     1638     1554     799      1950     913      2262     1192     816      2255     945      0        1054     829      1434     1468     2380     509      2332     1098     2777     1581     1289     2154     1573     252      2350     764      1202     1384     963      835      739      2222     479      255      2203     1705     2135     425      2297     2516     2150     963      1073     1357     977      2141     2313     2008     1825     1714     2253     2062     1362     1092     2017     1895     1687     
34       572      355      1201     604      1338     1599     1483     967      1631     684      758      129      699      1037     744      1525     488      1098     1721     202      862      1192     1160     1116     503      273      1614     1054     1266     1604     1477     1351     792      1054     0        350      1484     814      1331     1191     1282     594      2128     583      260      1105     1592     1035     1310     755      1656     1866     501      938      1111     1614     1102     817      1550     1216     1264     832      1268     1465     1414     1107     106      601      873      1487     1302     995      1476     1077     1379     1059     1026     236      1669     943      1393     
35       913      393      1289     387      1596     1609     1833     798      1724     869      431      476      662      1314     745      1754     596      958      1991     461      1145     1190     1249     1403     816      321      1873     710      1606     1643     1425     1702     929      829      350      0        1630     1119     1635     1105     1585     372      2460     759      607      1409     1752     888      1537     824      1684     1895     694      592      761      1933     1022     574      1876     1499     1614     516      1592     1717     1752     765      302      919      550      1812     1635     1331     1733     1390     1729     1399     1256     271      1933     1292     1633     
36       1239     1839     396      1414     603      625      1713     1254     285      2064     2009     1417     1041     2140     2227     458      1955     1159     813      1647     841      690      424      792      1693     1317     685      2183     1912     505      861      1680     704      1434     1484     1630     0        961      2237     976      2209     1998     1663     1992     1484     2076     138      1184     2502     816      569      674      983      2069     2087     1184     969      1458     1232     762      1538     1684     2061     2555     1319     2243     1587     1099     2122     1195     1999     1796     626      968      1620     1795     566      1708     743      1566     498      
37       319      1129     898      1154     571      1378     928      1301     1209     1190     1549     693      933      1183     1458     801      1169     1334     923      886      119      1105     869      313      792      833      832      1821     987      1315     1426     842      592      1468     814      1119     961      0        1282     1289     1252     1408     1356     1144     669      1115     1014     1305     1548     743      1383     1560     513      1700     1826     817      1216     1324     769      413      705      1460     1115     1594     684      1879     914      218      1668     704      1067     838      701      272      817      845      395      1044     879      616      658      
38       1067     1309     2160     1935     1735     2637     848      2271     2492     879      1917     1249     1943     356      1284     1982     1145     2376     1922     1174     1401     2308     2127     1474     828      1580     1905     2224     397      2587     2630     752      1785     2380     1331     1635     2237     1282     0        2413     51       1637     1722     963      1090     227      2274     2322     501      1870     2654     2838     1545     2134     2354     1501     2327     2148     1393     1540     837      2149     200      387      1185     2261     1339     1202     1996     1365     313      444      1820     1302     844      443      1675     1376     1919     671      1849     
39       1367     1465     601      737      1364     593      2217     372      885      1875     1330     1215     492      2180     1845     1358     1650     213      1710     1393     1208     287      590      1367     1636     920      1570     1396     2215     683      330      2128     697      509      1191     1105     976      1289     2413     0        2370     1449     2477     1772     1360     2199     1112     271      2488     556      693      880      871      1304     1241     1932     89       647      1936     1412     1993     880      2293     2620     1928     1450     1251     1252     1418     1879     2281     1996     1461     1485     2106     2033     1059     1319     1637     1831     1316     
40       1029     1258     2125     1886     1716     2602     858      2225     2461     829      1866     1202     1899     307      1235     1963     1094     2331     1911     1124     1371     2269     2091     1452     779      1533     1891     2173     399      2553     2590     756      1746     2332     1282     1585     2209     1252     51       2370     0        1586     1735     913      1043     177      2249     2276     478      1829     2620     2805     1503     2083     2303     1498     2284     2099     1390     1520     833      2099     201      387      1181     2210     1289     1166     1945     1360     322      413      1803     1281     847      420      1646     1325     1906     646      1828     
41       1151     347      1661     712      1924     1974     1999     1112     2096     774      290      716      1029     1287     484      2098     493      1282     2311     574      1454     1556     1622     1709     898      681      2201     588      1697     2012     1775     1861     1295     1098     594      372      1998     1408     1637     1449     1586     0        2706     677      789      1422     2118     1210     1426     1196     2051     2261     1041     508      742      2203     1370     851      2134     1808     1796     699      1640     1633     1987     623      494      1194     359      2072     1707     1422     2062     1670     1904     1497     1597     370      2258     1444     1971     
42       1556     2384     1911     2506     1119     2286     880      2597     1932     2239     2885     2000     2245     1912     2618     1205     2350     2587     863      2138     1368     2218     1907     1139     1884     2189     980      3169     1343     2168     2481     1000     1834     2777     2128     2460     1663     1356     1722     2477     1735     2706     0        2248     1917     1738     1586     2576     2209     2014     2232     2311     1860     3049     3183     554      2428     2666     587      1074     983      2815     1536     2106     719      3225     2217     1541     3001     652      1414     1500     1046     1086     916      1432     1426     2336     927      1342     1189     
43       826      376      1753     1127     1716     2173     1445     1523     2172     110      962      594      1282     610      374      1939     185      1666     2054     382      1237     1772     1713     1453     374      852      1974     1265     1074     2170     2060     1304     1336     1581     583      759      1992     1144     963      1772     913      677      2248     0        508      754      2083     1600     779      1328     2225     2434     1038     1181     1410     1815     1683     1328     1726     1552     1275     1266     985      970      1542     1300     523      939      1035     1670     1068     813      1845     1349     1367     891      1470     490      2017     910      1798     
44       373      472      1259     850      1233     1697     1232     1183     1670     582      995      159      873      822      789      1445     501      1297     1593     224      748      1312     1219     983      276      490      1500     1299     1006     1683     1618     1098     841      1289     260      607      1484     669      1090     1360     1043     789      1917     508      0        866      1575     1239     1130     860      1741     1946     547      1186     1368     1425     1272     1062     1351     1083     1018     1091     1014     1261     1198     1349     316      453      1104     1289     1043     736      1366     909      1131     799      966      422      1549     686      1306     
45       872      1089     1972     1709     1607     2446     860      2048     2321     679      1698     1024     1725     186      1094     1855     932      2156     1832     947      1234     2105     1938     1337     601      1355     1800     2007     402      2403     2425     739      1586     2154     1105     1409     2076     1115     227      2199     177      1422     1738     754      866      0        2123     2101     489      1662     2468     2657     1335     1914     2132     1447     2113     1922     1341     1413     788      1922     246      481      1131     2045     1112     1011     1781     1304     356      295      1703     1172     826      332      1510     1151     1821     534      1717     
46       1308     1947     535      1547     582      726      1705     1393     347      2150     2138     1518     1176     2198     2331     390      2055     1297     725      1747     897      826      562      807      1772     1437     607      2317     1935     598      982      1683     823      1573     1592     1752     138      1014     2274     1112     2249     2118     1586     2083     1575     2123     0        1323     2562     946      656      726      1092     2203     2224     1133     1107     1596     1192     761      1544     1820     2093     2604     1299     2377     1696     1171     2251     1161     2024     1837     574      984      1618     1831     627      1819     659      1603     467      
47       1318     1267     790      503      1488     863      2223     103      1132     1707     1071     1084     388      2060     1633     1521     1462     71       1859     1232     1245     511      769      1442     1514     762      1720     1125     2165     947      596      2121     744      252      1035     888      1184     1305     2322     271      2276     1210     2576     1600     1239     2101     1323     0        2346     569      961      1151     825      1034     971      2023     228      382      2012     1502     1994     610      2221     2495     1976     1179     1077     1224     1153     1952     2223     1926     1599     1534     2111     1972     1152     1126     1787     1787     1458     
48       1265     1155     2352     1894     2072     2811     1329     2277     2730     670      1716     1272     1997     365      984      2319     956      2408     2316     1115     1665     2439     2314     1798     860      1583     2278     2004     865      2783     2748     1218     1944     2350     1310     1537     2502     1548     501      2488     478      1426     2209     779      1130     489      2562     2346     0        1986     2845     3044     1665     1934     2169     1937     2399     2100     1830     1880     1276     2045     673      227      1621     2030     1277     1407     1772     1794     796      779      2175     1642     1308     822      1938     1266     2302     1011     2178     
49       813      1090     465      606      951      845      1669     582      901      1420     1193     736      250      1659     1487     1032     1243     592      1340     948      677      452      425      876      1126     529      1205     1376     1659     849      765      1576     181      764      755      824      816      743      1870     556      1829     1196     2014     1328     860      1662     946      569      1986     0        900      1111     326      1260     1302     1459     478      694      1445     941      1443     897      1742     2100     1407     1437     843      695      1305     1384     1726     1445     1074     965      1558     1479     600      947      1272     1275     943      
