

sets
i        orders          /0*20/
k        routes          /1*20/
p        positions       /0*20/
;

alias(i,j)
alias(i,h)
alias(i,hh)
alias(i,jj)
alias(k,kk)
                            Parameters

rho(i)	Processing time
/
0	0
1	85
2	89
3	58
4	50
5	92
6	78
7	53
8	32
9	23
10	17
11	47
12	59
13	24
14	93
15	81
16	18
17	55
18	56
19	92
20	26
/

gamma(i)	Duedate
/
0	0
1	57
2	4
3	96
4	18
5	19
6	14
7	72
8	64
9	1
10	1
11	66
12	86
13	67
14	35
15	9
16	21
17	25
18	17
19	35
20	45
/

sigma(i)	Size
/
0	0
1	5
2	8
3	2
4	6
5	4
6	8
7	8
8	1
9	7
10	4
11	2
12	5
13	4
14	5
15	2
16	3
17	3
18	4
19	7
20	7
/

epsilon(i)	Priority
/
0	0
1	3
2	5
3	9
4	9
5	3
6	7
7	6
8	1
9	4
10	6
11	3
12	8
13	5
14	1
15	2
16	7
17	2
18	6
19	2
20	2
/

psi	Vehicle Capacity
/ 33 /
;

Table kappa(i,j)                 Setup
         0        1        2        3        4        5        6        7        8        9        10       11       12       13       14       15       16       17       18       19       20       
0        0        1581     1394     1473     779      2054     764      1007     1420     1414     1000     149      2130     2364     1269     1660     1459     1145     772      1865     1422     
1        1581     0        1451     2105     925      1424     1769     1877     1461     477      584      1501     1758     1571     801      647      1557     950      1478     963      1276     
2        1394     1451     0        723      1500     781      862      762      25       979      1265     1460     744      1104     651      956      107      532      648      886      198      
3        1473     2105     723      0        1898     1407     713      470      727      1653     1784     1594     1198     1703     1317     1672     649      1155     783      1604     921      
4        779      925      1500     1898     0        1901     1302     1505     1522     974      388      656      2112     2157     1030     1263     1599     1020     1117     1556     1420     
5        2054     1424     781      1407     1901     0        1635     1542     762      1011     1554     2083     385      324      872      777      797      929      1387     472      658      
6        764      1769     862      713      1302     1635     0        243      884      1409     1303     892      1587     1960     1119     1549     881      938      306      1625     984      
7        1007     1877     762      470      1505     1542     243      0        780      1476     1460     1133     1442     1863     1160     1575     752      978      411      1601     921      
8        1420     1461     25       727      1522     762      884      780      0        988      1283     1485     719      1084     662      957      95       548      673      879      199      
9        1414     477      979      1653     974      1011     1409     1476     988      0        591      1377     1312     1217     336      288      1083     505      1104     597      800      
10       1000     584      1265     1784     388      1554     1303     1460     1283     591      0        916      1799     1792     701      879      1371     741      1049     1181     1147     
11       149      1501     1460     1594     656      2083     892      1133     1485     1377     916      0        2185     2386     1267     1637     1533     1159     864      1862     1469     
12       2130     1758     744      1198     2112     385      1587     1442     719      1312     1799     2185     0        555      1098     1117     707      1094     1393     840      719      
13       2364     1571     1104     1703     2157     324      1960     1863     1084     1217     1792     2386     555      0        1144     946      1114     1226     1710     622      982      
14       1269     801      651      1317     1030     872      1119     1160     662      336      701      1267     1098     1144     0        433      757      182      813      596      486      
15       1660     647      956      1672     1263     777      1549     1575     957      288      879      1637     1117     946      433      0        1048     611      1244     324      758      
16       1459     1557     107      649      1599     797      881      752      95       1083     1371     1533     707      1114     757      1048     0        640      698      955      290      
17       1145     950      532      1155     1020     929      938      978      548      505      741      1159     1094     1226     182      611      640      0        632      734      407      
18       772      1478     648      783      1117     1387     306      411      673      1104     1049     864      1393     1710     813      1244     698      632      0        1332     728      
19       1865     963      886      1604     1556     472      1625     1601     879      597      1181     1862     840      622      596      324      955      734      1332     0        694      
20       1422     1276     198      921      1420     658      984      921      199      800      1147     1469     719      982      486      758      290      407      728      694      0        
;



Table delta(i,j)                 Distance
         0        1        2        3        4        5        6        7        8        9        10       11       12       13       14       15       16       17       18       19       20       
0        0        5670     8580     3840     9840     2640     14730    22380    3570     13410    5130     13770    12840    8850     13800    16530    8850     4170     6450     3300     10200    
1        5670     0        324      264      241      115      323      610      170      305      320      384      286      312      407      426      114      201      229      276      164      
2        8580     324      0        183      198      250      434      576      180      345      195      245      332      31       218      390      424      150      94       230      474      
3        3840     264      183      0        298      151      507      717      103      441      55       402      423      202      388      523      379      86       148      47       429      
4        9840     241      198      298      0        248      236      421      216      150      339      144      135      168      168      226      298      215      153      339      341      
5        2640     115      250      151      248      0        403      660      71       359      206      385      340      250      392      466      229      104      163      161      278      
6        14730    323      434      507      236      403      0        311      408      97       556      275      104      404      328      182      288      421      379      540      299      
7        22380    610      576      717      421      660      311      0        638      305      753      331      324      545      370      195      597      637      569      760      610      
8        3570     170      180      103      216      71       408      638      0        348      158      341      330      182      341      442      284      33       98       132      334      
9        13410    305      345      441      150      359      97       305      348      0        486      180      19       314      232      127      306      355      302      478      330      
10       5130     320      195      55       339      206      556      753      158      486      0        431      468      220      411      560      435      136      186      63       484      
11       13770    384      245      402      144      385      275      331      341      180      431      0        179      215      54       156      432      331      255      448      470      
12       12840    286      332      423      135      340      104      324      330      19       468      179      0        301      230      143      291      337      285      460      317      
13       8850     312      31       202      168      250      404      545      182      314      220      215      301      0        190      358      408      156      87       249      457      
14       13800    407      218      388      168      392      328      370      341      232      411      54       230      190      0        207      466      325      247      435      506      
15       16530    426      390      523      226      466      182      195      442      127      560      156      143      358      207      0        433      441      375      565      456      
16       8850     114      424      379      298      229      288      597      284      306      435      432      291      408      466      433      0        314      332      389      50       
17       4170     201      150      86       215      104      421      637      33       355      136      331      337      156      325      441      314      0        77       124      364      
18       6450     229      94       148      153      163      379      569      98       302      186      255      285      87       247      375      332      77       0        193      382      
19       3300     276      230      47       339      161      540      760      132      478      63       448      460      249      435      565      389      124      193      0        437      
20       10200    164      474      429      341      278      299      610      334      330      484      470      317      457      506      456      50       364      382      437      0        
;

