

sets
i        orders          /0*20/
k        routes          /1*20/
p        positions       /0*20/
;

alias(i,j)
alias(i,h)
alias(i,hh)
alias(i,jj)
alias(k,kk)
                            Parameters

rho(i)	Processing time
/
0	0
1	53
2	12
3	72
4	78
5	93
6	64
7	53
8	67
9	66
10	64
11	1
12	91
13	10
14	29
15	3
16	98
17	30
18	1
19	98
20	36
/

gamma(i)	Duedate
/
0	0
1	47
2	41
3	87
4	85
5	26
6	35
7	16
8	40
9	61
10	54
11	25
12	35
13	5
14	77
15	73
16	55
17	53
18	9
19	61
20	20
/

sigma(i)	Size
/
0	0
1	7
2	1
3	2
4	4
5	6
6	1
7	9
8	5
9	5
10	2
11	1
12	4
13	8
14	5
15	5
16	2
17	2
18	1
19	9
20	1
/

epsilon(i)	Priority
/
0	0
1	5
2	7
3	1
4	1
5	9
6	2
7	5
8	4
9	8
10	5
11	2
12	6
13	2
14	7
15	9
16	3
17	7
18	7
19	4
20	3
/

psi	Vehicle Capacity
/ 41 /
;

Table kappa(i,j)                 Setup
         0        1        2        3        4        5        6        7        8        9        10       11       12       13       14       15       16       17       18       19       20       
0        0        1125     835      1643     1848     912      730      1272     1138     216      1880     530      2048     1441     901      1029     2100     1338     1334     641      1969     
1        1125     0        683      671      897      1078     398      191      1395     1178     1522     1263     928      400      845      829      1612     213      1095     517      1250     
2        835      683      0        1355     1581     394      463      708      1657     1002     2075     1242     1429     784      1174     231      2214     842      1565     368      1906     
3        1643     671      1355     0        226      1749     1001     705      1419     1622     1111     1583     801      800      968      1493     1101     557      918      1138     651      
4        1848     897      1581     226      0        1975     1224     920      1514     1815     1054     1750     861      994      1117     1715     991      771      980      1362     509      
5        912      1078     394      1749     1975     0        827      1089     1922     1120     2433     1412     1765     1133     1491     322      2587     1228     1907     704      2296     
6        730      398      463      1001     1224     827      0        543      1238     805      1613     946      1318     723      724      681      1760     611      1102     138      1483     
7        1272     191      708      705      920      1089     543      0        1584     1343     1660     1446     778      209      1034     804      1727     148      1262     639      1330     
8        1138     1395     1657     1419     1514     1922     1238     1584     0        942      929      645      2159     1792     550      1888     1199     1535     550      1293     1319     
9        216      1178     1002     1622     1815     1120     805      1343     942      0        1734     317      2106     1529     784      1211     1967     1388     1196     748      1881     
10       1880     1522     2075     1111     1054     2433     1613     1660     929      1734     0        1500     1901     1825     989      2281     273      1540     549      1729     607      
11       530      1263     1242     1583     1750     1412     946      1446     645      317      1500     0        2168     1647     642      1464     1749     1459     990      931      1731     
12       2048     928      1429     801      861      1765     1318     778      2159     2106     1901     2168     0        646      1644     1445     1852     717      1701     1417     1368     
13       1441     400      784      800      994      1133     723      209      1792     1529     1825     1647     646      0        1242     822      1871     286      1455     800      1447     
14       901      845      1174     968      1117     1491     724      1034     550      784      989      642      1644     1242     0        1400     1199     990      440      806      1102     
15       1029     829      231      1493     1715     322      681      804      1888     1211     2281     1464     1445     822      1400     0        2409     950      1782     597      2076     
16       2100     1612     2214     1101     991      2587     1760     1727     1199     1967     273      1749     1852     1871     1199     2409     0        1594     770      1885     488      
17       1338     213      842      557      771      1228     611      148      1535     1388     1540     1459     717      286      990      950      1594     0        1172     725      1187     
18       1334     1095     1565     918      980      1907     1102     1262     550      1196     549      990      1701     1455     440      1782     770      1172     0        1207     778      
19       641      517      368      1138     1362     704      138      639      1293     748      1729     931      1417     800      806      597      1885     725      1207     0        1619     
20       1969     1250     1906     651      509      2296     1483     1330     1319     1881     607      1731     1368     1447     1102     2076     488      1187     778      1619     0        
;



Table delta(i,j)                 Distance
         0        1        2        3        4        5        6        7        8        9        10       11       12       13       14       15       16       17       18       19       20       
0        0        6570     10320    16800    6750     14370    13020    4320     16500    17130    3990     13470    17400    9540     10830    16890    6990     6630     15660    18780    17550    
1        6570     0        386      468      309      472      437      360      532      451      338      238      562      156      231      450      17       321      412      439      599      
2        10320    386      0        305      121      146      102      350      217      355      307      472      245      542      614      340      402      132      308      527      241      
3        16800    468      305      0        391      199      220      621      185      75       578      385      196      600      680      58       477      411      67       302      280      
4        6750     309      121      391      0        264      219      235      335      426      191      453      364      460      526      413      327      21       376      557      361      
5        14370    472      146      199      264      0        45       496      71       267      453      489      100      625      703      250      487      278      231      478      129      
6        13020    437      102      220      219      45       0        451      116      282      408      471      145      591      668      265      451      233      240      481      163      
7        4320     360      350      621      235      496      451      0        567      647      43       580      595      461      498      637      374      219      597      738      579      
8        16500    532      217      185      335      71       116      567      0        259      524      524      30       683      761      242      546      349      235      483      96       
9        17130    451      355      75       426      267      282      647      259      0        605      333      271      570      649      17       458      447      50       227      355      
10       3990     338      307      578      191      453      408      43       524      605      0        551      552      451      494      594      353      175      555      702      538      
11       13470    238      472      385      453      489      471      580      524      333      551      0        548      278      348      341      231      472      317      220      614      
12       17400    562      245      196      364      100      145      595      30       271      552      548      0        712      791      254      575      377      251      497      86       
13       9540     156      542      600      460      625      591      461      683      570      451      278      712      0        80       572      140      469      537      499      753      
14       10830    231      614      680      526      703      668      498      761      649      494      348      791      80       0        651      216      533      617      568      830      
15       16890    450      340      58       413      250      265      637      242      17       594      341      254      572      651      0        457      434      40       243      338      
16       6990     17       402      477      327      487      451      374      546      458      353      231      575      140      216      457      0        338      419      436      614      
17       6630     321      132      411      21       278      233      219      349      447      175      472      377      469      533      434      338      0        396      578      370      
18       15660    412      308      67       376      231      240      597      235      50       555      317      251      537      617      40       419      396      0        249      331      
19       18780    439      527      302      557      478      481      738      483      227      702      220      497      499      568      243      436      578      249      0        579      
20       17550    599      241      280      361      129      163      579      96       355      538      614      86       753      830      338      614      370      331      579      0        
;

