

sets
i        orders          /0*20/
k        routes          /1*20/
p        positions       /0*20/
;

alias(i,j)
alias(i,h)
alias(i,hh)
alias(i,jj)
alias(k,kk)
                            Parameters

rho(i)	Processing time
/
0	0
1	40
2	71
3	88
4	67
5	28
6	51
7	24
8	17
9	42
10	76
11	11
12	92
13	7
14	44
15	80
16	70
17	41
18	70
19	82
20	40
/

gamma(i)	Duedate
/
0	0
1	99
2	70
3	11
4	51
5	79
6	11
7	34
8	74
9	37
10	59
11	70
12	5
13	15
14	77
15	51
16	9
17	70
18	35
19	91
20	6
/

sigma(i)	Size
/
0	0
1	8
2	7
3	1
4	9
5	3
6	8
7	9
8	6
9	2
10	8
11	4
12	2
13	2
14	8
15	1
16	8
17	6
18	1
19	6
20	5
/

epsilon(i)	Priority
/
0	0
1	8
2	6
3	1
4	8
5	5
6	6
7	5
8	5
9	7
10	2
11	6
12	4
13	3
14	5
15	6
16	7
17	8
18	6
19	3
20	3
/

psi	Vehicle Capacity
/ 24 /
;

Table kappa(i,j)                 Setup
         0        1        2        3        4        5        6        7        8        9        10       11       12       13       14       15       16       17       18       19       20       
0        0        1042     1493     1273     1762     1122     838      1275     342      695      467      377      200      240      984      883      426      29       658      1657     1068     
1        1042     0        1586     862      1331     1479     1785     1181     741      1253     1427     912      1207     997      121      486      1466     1013     1492     1168     1873     
2        1493     1586     0        811      785      446      2213     417      1582     840      1897     1133     1428     1701     1466     1896     1699     1492     1137     849      1150     
3        1273     862      811      0        517      906      2109     399      1175     956      1740     920      1324     1392     753      1277     1640     1256     1314     387      1558     
4        1762     1331     785      517      0        1103     2588     571      1690     1321     2225     1393     1786     1899     1235     1777     2099     1747     1682     168      1833     
5        1122     1479     446      906      1103     0        1786     556      1279     431      1488     801      1025     1349     1359     1685     1273     1126     693      1109     734      
6        838      1785     2213     2109     2588     1786     0        2071     1050     1373     374      1195     807      790      1758     1455     514      858      1117     2491     1377     
7        1275     1181     417      399      571      556      2071     0        1285     755      1723     897      1264     1450     1062     1525     1568     1266     1113     554      1269     
8        342      741      1582     1175     1690     1279     1050     1285     0        889      687      479      538      259      708      542      741      313      958      1562     1372     
9        695      1253     840      956      1321     431      1373     755      889      0        1061     415      595      927      1144     1354     858      702      363      1272     640      
10       467      1427     1897     1740     2225     1488     374      1723     687      1061     0        833      469      430      1393     1138     263      485      870      2123     1208     
11       377      912      1133     920      1393     801      1195     897      479      415      833      0        405      568      819      945      720      369      580      1297     973      
12       200      1207     1428     1324     1786     1025     807      1264     538      595      469      405      0        419      1138     1080     315      227      478      1698     879      
13       240      997      1701     1392     1899     1349     790      1450     259      927      430      568      419      0        967      733      525      227      893      1780     1299     
14       984      121      1466     753      1235     1359     1758     1062     708      1144     1393     819      1138     967      0        551      1411     956      1396     1075     1770     
15       883      486      1896     1277     1777     1685     1455     1525     542      1354     1138     945      1080     733      551      0        1256     854      1485     1621     1897     
16       426      1466     1699     1640     2099     1273     514      1568     741      858      263      720      315      525      1411     1256     0        454      622      2013     945      
17       29       1013     1492     1256     1747     1126     858      1266     313      702      485      369      227      227      956      854      454      0        679      1641     1090     
18       658      1492     1137     1314     1682     693      1117     1113     958      363      870      580      478      893      1396     1485     622      679      0        1635     414      
19       1657     1168     849      387      168      1109     2491     554      1562     1272     2123     1297     1698     1780     1075     1621     2013     1641     1635     0        1822     
20       1068     1873     1150     1558     1833     734      1377     1269     1372     640      1208     973      879      1299     1770     1897     945      1090     414      1822     0        
;



Table delta(i,j)                 Distance
         0        1        2        3        4        5        6        7        8        9        10       11       12       13       14       15       16       17       18       19       20       
0        0        5400     10110    18060    18390    16650    6690     6420     6330     14700    13830    15810    4710     9240     8580     8640     16920    6270     7380     11610    10380    
1        5400     0        244      495      511      374      153      192      40       314      282      473      303      290      137      107      394      193      335      227      167      
2        10110    244      0        694      715      386      113      137      267      282      288      705      493      534      345      253      496      436      560      157      283      
3        18060    495      694      0        26       469      639      686      455      529      484      178      599      333      360      442      303      400      509      575      415      
4        18390    511      715      26       0        495      657      703      473      554      510      164      604      336      378      463      330      408      509      598      437      
5        16650    374      386      469      495      0        415      471      348      106      102      575      665      527      314      268      172      486      659      229      212      
6        6690     153      113      639      657      415      0        57       187      323      312      626      379      438      279      205      488      336      449      198      254      
7        6420     192      137      686      703      471      57       0        230      378      368      662      371      465      326      259      545      360      454      251      310      
8        6330     40       267      455      473      348      187      230      0        297      261      441      319      270      96       80       356      181      337      226      136      
9        14700    314      282      529      554      106      323      378      297      0        48       608      616      521      293      219      255      460      629      128      179      
10       13830    282      288      484      510      102      312      368      261      48       0        560      580      474      248      181      222      417      588      131      135      
11       15810    473      705      178      164      575      626      662      441      608      560      0        483      222      361      459      431      318      373      618      454      
12       4710     303      493      599      604      665      379      371      319      616      580      483      0        268      362      400      638      211      124      527      452      
13       9240     290      534      333      336      527      438      465      270      521      474      222      268      0        228      320      440      104      178      486      343      
14       8580     137      345      360      378      314      279      326      96       293      248      361      362      228      0        98       280      172      345      263      114      
15       8640     107      253      442      463      268      205      259      80       219      181      459      400      320      98       0        292      245      411      166      59       
16       16920    394      496      303      330      172      488      545      356      255      222      431      638      440      280      292      0        433      600      345      236      
17       6270     193      436      400      408      486      336      360      181      460      417      318      211      104      172      245      433      0        173      406      282      
18       7380     335      560      509      509      659      449      454      337      629      588      373      124      178      345      411      600      173      0        562      453      
19       11610    227      157      575      598      229      198      251      226      128      131      618      527      486      263      166      345      406      562      0        164      
20       10380    167      283      415      437      212      254      310      136      179      135      454      452      343      114      59       236      282      453      164      0        
;

