

sets
i        orders          /0*20/
k        routes          /1*20/
p        positions       /0*20/
;

alias(i,j)
alias(i,h)
alias(i,hh)
alias(i,jj)
alias(k,kk)
                            Parameters

rho(i)	Processing time
/
0	0
1	20
2	21
3	91
4	94
5	69
6	82
7	58
8	58
9	18
10	75
11	34
12	34
13	48
14	67
15	68
16	55
17	48
18	97
19	85
20	43
/

gamma(i)	Duedate
/
0	0
1	18
2	78
3	70
4	97
5	99
6	66
7	36
8	9
9	93
10	80
11	83
12	30
13	13
14	87
15	27
16	29
17	46
18	81
19	79
20	56
/

sigma(i)	Size
/
0	0
1	6
2	6
3	3
4	1
5	6
6	2
7	1
8	2
9	9
10	2
11	5
12	4
13	9
14	2
15	3
16	6
17	7
18	9
19	5
20	3
/

epsilon(i)	Priority
/
0	0
1	8
2	5
3	6
4	8
5	6
6	2
7	9
8	5
9	1
10	6
11	8
12	4
13	6
14	9
15	6
16	3
17	3
18	3
19	7
20	9
/

psi	Vehicle Capacity
/ 43 /
;

Table kappa(i,j)                 Setup
         0        1        2        3        4        5        6        7        8        9        10       11       12       13       14       15       16       17       18       19       20       
0        0        1015     954      1076     957      686      1178     1152     1413     34       494      1534     1585     886      1469     722      310      1169     699      150      585      
1        1015     0        1120     1779     1856     1648     2082     1016     1234     999      782      1555     1687     724      1304     1691     716      1271     1529     1119     1376     
2        954      1120     0        822      1114     1087     1295     319      509      977      521      582      655      1538     548      1133     962      217      809      893      698      
3        1076     1779     822      0        437      634      528      1134     1246     1110     1001     1077     1012     1934     1253     654      1295     878      399      931      490      
4        957      1856     1114     437      0        304      226      1432     1595     989      1091     1482     1433     1841     1615     296      1242     1228     337      809      489      
5        686      1648     1087     634      304      0        504      1391     1593     716      924      1550     1532     1560     1626     47       988      1245     302      547      389      
6        1178     2082     1295     528      226      504      0        1614     1756     1209     1313     1605     1538     2060     1769     482      1467     1387     556      1031     709      
7        1152     1016     319      1134     1432     1391     1614     0        269      1168     663      539      673      1566     334      1437     1077     308      1122     1124     1002     
8        1413     1234     509      1246     1595     1593     1756     269      0        1431     930      369      526      1823     70       1639     1346     369      1308     1376     1206     
9        34       999      977      1110     989      716      1209     1168     1431     0        507      1558     1612     853      1487     751      288      1193     733      183      620      
10       494      782      521      1001     1091     924      1313     663      930      507      0        1097     1177     1035     989      971      440      735      757      497      603      
11       1534     1555     582      1077     1482     1550     1605     539      369      1558     1097     0        158      2082     317      1591     1537     365      1249     1463     1185     
12       1585     1687     655      1012     1433     1532     1538     673      526      1612     1177     158      0        2184     476      1570     1617     445      1230     1501     1185     
13       886      724      1538     1934     1841     1560     2060     1566     1823     853      1035     2082     2184     0        1893     1590     641      1739     1578     1035     1450     
14       1469     1304     548      1253     1615     1626     1769     334      70       1487     989      317      476      1893     0        1670     1410     386      1336     1427     1240     
15       722      1691     1133     654      296      47       482      1437     1639     751      971      1591     1570     1590     1670     0        1026     1289     341      586      435      
16       310      716      962      1295     1242     988      1467     1077     1346     288      440      1537     1617     641      1410     1026     0        1176     953      440      817      
17       1169     1271     217      878      1228     1245     1387     308      369      1193     735      365      445      1739     386      1289     1176     0        952      1103     863      
18       699      1529     809      399      337      302      556      1122     1308     733      757      1249     1230     1578     1336     341      953      952      0        550      153      
19       150      1119     893      931      809      547      1031     1124     1376     183      497      1463     1501     1035     1427     586      440      1103     550      0        442      
20       585      1376     698      490      489      389      709      1002     1206     620      603      1185     1185     1450     1240     435      817      863      153      442      0        
;



Table delta(i,j)                 Distance
         0        1        2        3        4        5        6        7        8        9        10       11       12       13       14       15       16       17       18       19       20       
0        0        13680    14940    16800    14430    9390     4110     15660    2460     18600    12180    1800     1470     11730    2460     17730    18600    10440    9630     11400    9660     
1        13680    0        78       667      422      479      319      134      530      480      410      400      406      145      387      636      322      115      166      362      368      
2        14940    78       0        635      379      471      360      57       567      419      381      440      448      223      437      595      246      150      183      336      355      
3        16800    667      635      0        263      252      542      603      539      323      257      531      548      733      596      85       512      580      524      305      315      
4        14430    422      379      263      0        220      401      342      501      142      78       430      448      513      480      216      260      354      307      103      158      
5        9390     479      471      252      220      0        292      459      306      359      145      279      296      511      344      278      452      373      317      159      117      
6        4110     319      360      542      401      292      0        385      211      530      336      81       88       271      87       553      497      210      185      297      250      
7        15660    134      57       603      342      459      385      0        586      369      355      462      472      278      467      558      190      182      201      314      341      
8        2460     530      567      539      501      306      211      586      0        643      423      129      126      472      164      581      667      419      385      405      345      
9        18600    480      419      323      142      359      530      369      643      0        220      567      584      596      613      246      215      442      405      240      298      
10       12180    410      381      257      78       145      336      355      423      220      0        357      375      482      411      234      312      325      272      49       86       
11       1800     400      440      531      430      279      81       462      129      567      357      0        18       347      67       554      560      291      261      327      271      
12       1470     406      448      548      448      296      88       472      126      584      375      18       0        347      53       572      574      299      271      345      289      
13       11730    145      223      733      513      511      271      278      472      596      482      347      347      0        312      716      461      158      209      432      418      
14       2460     387      437      596      480      344      87       467      164      613      411      67       53       312      0        617      584      287      269      376      324      
15       17730    636      595      85       216      278      553      558      581      246      234      554      572      716      617      0        447      559      506      284      309      
16       18600    322      246      512      260      452      497      190      667      215      312      560      574      461      584      447      0        333      322      294      347      
17       10440    115      150      580      354      373      210      182      419      442      325      291      299      158      287      559      333      0        56       276      269      
18       9630     166      183      524      307      317      185      201      385      405      272      261      271      209      269      506      322      56       0        223      213      
19       11400    362      336      305      103      159      297      314      405      240      49       327      345      432      376      284      294      276      223      0        60       
20       9660     368      355      315      158      117      250      341      345      298      86       271      289      418      324      309      347      269      213      60       0        
;

