

sets
i        orders          /0*20/
k        routes          /1*20/
p        positions       /0*20/
;

alias(i,j)
alias(i,h)
alias(i,hh)
alias(i,jj)
alias(k,kk)
                            Parameters

rho(i)	Processing time
/
0	0
1	8
2	8
3	16
4	68
5	27
6	16
7	20
8	2
9	88
10	91
11	47
12	4
13	3
14	75
15	58
16	56
17	9
18	93
19	36
20	42
/

gamma(i)	Duedate
/
0	0
1	95
2	56
3	66
4	1
5	6
6	10
7	83
8	14
9	15
10	26
11	58
12	18
13	81
14	34
15	15
16	84
17	8
18	50
19	35
20	92
/

sigma(i)	Size
/
0	0
1	4
2	9
3	2
4	1
5	5
6	9
7	3
8	3
9	4
10	8
11	3
12	3
13	2
14	7
15	8
16	6
17	8
18	7
19	9
20	9
/

epsilon(i)	Priority
/
0	0
1	8
2	8
3	8
4	7
5	1
6	1
7	6
8	8
9	2
10	4
11	6
12	7
13	2
14	8
15	4
16	6
17	4
18	6
19	2
20	1
/

psi	Vehicle Capacity
/ 28 /
;

Table kappa(i,j)                 Setup
         0        1        2        3        4        5        6        7        8        9        10       11       12       13       14       15       16       17       18       19       20       
0        0        401      1642     1320     774      526      1375     1365     556      1624     822      1367     502      518      990      81       624      993      1717     1101     1043     
1        401      0        1978     1716     596      364      1771     1723     178      1985     610      1563     238      838      1391     420      864      1307     2077     1195     989      
2        1642     1978     0        1225     1864     2165     1220     319      2156     224      2458     858      2140     1141     994      1682     1147     677      234      1256     1657     
3        1320     1716     1225     0        1985     1681     56       946      1850     1034     1906     1707     1742     1151     420      1296     1334     1126     1098     1822     2049     
4        774      596      1864     1985     0        959      2034     1684     691      1938     1174     1222     823      866      1591     843      749      1208     2021     767      432      
5        526      364      2165     1681     959      0        1738     1881     310      2137     296      1860     144      1044     1428     483      1128     1520     2230     1530     1352     
6        1375     1771     1220     56       2034     1738     0        950      1906     1024     1962     1730     1798     1196     460      1352     1376     1153     1084     1857     2091     
7        1365     1723     319      946      1684     1881     950      0        1898     263      2170     881      1867     889      678      1398     938      478      354      1180     1543     
8        556      178      2156     1850     691      310      1906     1898     0        2160     483      1732     166      1015     1543     558      1042     1485     2252     1350     1109     
9        1624     1985     224      1034     1938     2137     1024     263      2160     0        2424     1036     2126     1152     858      1654     1197     730      93       1393     1775     
10       822      610      2458     1906     1174     296      1962     2170     483      2424     0        2150     374      1340     1688     776      1422     1816     2517     1803     1590     
11       1367     1563     858      1707     1222     1860     1730     881      1732     1036     2150     0        1781     893      1319     1439     743      592      1083     474      894      
12       502      238      2140     1742     823      144      1798     1867     166      2126     374      1781     0        1003     1460     481      1063     1480     2219     1428     1226     
13       518      838      1141     1151     866      1044     1196     889      1015     1152     1340     893      1003     0        739      575      205      477      1243     757      902      
14       990      1391     994      420      1591     1428     460      678      1543     858      1688     1319     1460     739      0        985      916      728      943      1404     1631     
15       81       420      1682     1296     843      483      1352     1398     558      1654     776      1439     481      575      985      0        695      1045     1748     1181     1123     
16       624      864      1147     1334     749      1128     1376     938      1042     1197     1422     743      1063     205      916      695      0        471      1283     553      715      
17       993      1307     677      1126     1208     1520     1153     478      1485     730      1816     592      1480     477      728      1045     471      0        813      741      1073     
18       1717     2077     234      1098     2021     2230     1084     354      2252     93       2517     1083     2219     1243     943      1748     1283     813      0        1458     1847     
19       1101     1195     1256     1822     767      1530     1857     1180     1350     1393     1803     474      1428     757      1404     1181     553      741      1458     0        421      
20       1043     989      1657     2049     432      1352     2091     1543     1109     1775     1590     894      1226     902      1631     1123     715      1073     1847     421      0        
;



Table delta(i,j)                 Distance
         0        1        2        3        4        5        6        7        8        9        10       11       12       13       14       15       16       17       18       19       20       
0        0        4560     4680     12510    2880     14280    6390     14580    4410     6090     17310    7380     12870    15660    17160    12870    8370     4560     9210     17430    11520    
1        4560     0        4        294      130      349      105      377      124      223      464      114      314      415      419      300      293      5        183      435      248      
2        4680     4        0        290      132      348      106      373      128      227      460      109      314      410      415      295      297      8        179      433      246      
3        12510    294      290      0        336      437      350      95       414      511      171      180      447      129      273      26       574      298      111      408      347      
4        2880     130      132      336      0        480      227      397      198      279      489      181      444      432      523      351      356      134      230      561      379      
5        14280    349      348      437      480      0        262      528      342      370      575      361      65       556      298      419      373      346      392      161      105      
6        6390     105      106      350      227      262      0        442      94       171      522      185      218      479      402      348      225      100      251      375      172      
7        14580    377      373      95       397      528      442      0        500      598      92       264      541      37       329      109      664      381      194      484      441      
8        4410     124      128      414      198      342      94       500      0        98       586      236      289      538      495      417      170      120      306      466      262      
9        6090     223      227      511      279      370      171      598      98       0        683      334      308      636      569      513      77       218      404      514      313      
10       17310    464      460      171      489      575      522      92       586      683      0        350      597      58       335      174      746      468      280      507      498      
11       7380     114      109      180      181      361      185      264      236      334      350      0        346      301      343      187      401      118      70       403      255      
12       12870    314      314      447      444      65       218      541      289      308      597      346      0        572      346      433      308      311      387      225      100      
13       15660    415      410      129      432      556      479      37       538      636      58       301      572      0        341      139      701      419      232      504      472      
14       17160    419      415      273      523      298      402      329      495      569      335      343      346      341      0        246      605      420      315      181      273      
15       12870    300      295      26       351      419      348      109      417      513      174      187      433      139      246      0        574      303      122      384      332      
16       8370     293      297      574      356      373      225      664      170      77       746      401      308      701      605      574      0        289      470      527      336      
17       4560     5        8        298      134      346      100      381      120      218      468      118      311      419      420      303      289      0        187      434      245      
18       9210     183      179      111      230      392      251      194      306      404      280      70       387      232      315      122      470      187      0        406      290      
19       17430    435      433      408      561      161      375      484      466      514      507      403      225      504      181      384      527      434      406      0        204      
20       11520    248      246      347      379      105      172      441      262      313      498      255      100      472      273      332      336      245      290      204      0        
;

