

sets
i        orders          /0*80/
k        routes          /1*80/
p        positions       /0*80/
;

alias(i,j)
alias(i,h)
alias(i,hh)
alias(i,jj)
alias(k,kk)
                            Parameters

rho(i)	Processing time
/
0	0
1	58
2	6
3	97
4	82
5	33
6	72
7	13
8	46
9	81
10	7
11	84
12	37
13	10
14	56
15	80
16	66
17	20
18	58
19	15
20	65
21	6
22	95
23	87
24	58
25	52
26	35
27	44
28	48
29	49
30	54
31	61
32	63
33	64
34	53
35	23
36	17
37	79
38	10
39	28
40	59
41	17
42	92
43	8
44	47
45	93
46	52
47	23
48	39
49	19
50	28
51	39
52	66
53	28
54	87
55	51
56	64
57	53
58	23
59	16
60	40
61	55
62	38
63	77
64	35
65	86
66	93
67	94
68	20
69	94
70	33
71	12
72	61
73	83
74	33
75	67
76	22
77	59
78	46
79	37
80	51
/

gamma(i)	Duedate
/
0	0
1	24
2	50
3	80
4	3
5	17
6	16
7	34
8	39
9	11
10	49
11	30
12	78
13	92
14	80
15	30
16	59
17	5
18	29
19	34
20	85
21	89
22	90
23	94
24	96
25	59
26	57
27	54
28	30
29	48
30	17
31	91
32	93
33	65
34	78
35	56
36	25
37	56
38	75
39	40
40	93
41	21
42	5
43	7
44	31
45	64
46	78
47	66
48	33
49	66
50	90
51	30
52	18
53	61
54	45
55	2
56	83
57	67
58	39
59	59
60	35
61	17
62	18
63	86
64	89
65	63
66	75
67	59
68	7
69	2
70	89
71	13
72	11
73	79
74	67
75	5
76	69
77	10
78	23
79	98
80	74
/

sigma(i)	Size
/
0	0
1	6
2	5
3	3
4	5
5	7
6	2
7	9
8	7
9	7
10	8
11	2
12	4
13	4
14	1
15	9
16	4
17	1
18	4
19	5
20	9
21	7
22	4
23	2
24	8
25	8
26	2
27	5
28	1
29	8
30	9
31	1
32	4
33	6
34	2
35	4
36	1
37	9
38	4
39	4
40	3
41	5
42	2
43	6
44	4
45	3
46	5
47	3
48	3
49	3
50	1
51	2
52	2
53	2
54	6
55	5
56	7
57	5
58	3
59	6
60	2
61	7
62	8
63	1
64	2
65	8
66	5
67	8
68	9
69	2
70	6
71	2
72	1
73	9
74	1
75	5
76	9
77	9
78	2
79	5
80	5
/

epsilon(i)	Priority
/
0	0
1	4
2	7
3	7
4	6
5	5
6	8
7	8
8	7
9	8
10	4
11	8
12	3
13	8
14	8
15	1
16	9
17	8
18	2
19	8
20	5
21	1
22	4
23	1
24	9
25	4
26	2
27	7
28	2
29	9
30	2
31	5
32	9
33	4
34	4
35	8
36	6
37	7
38	3
39	1
40	2
41	3
42	2
43	1
44	1
45	1
46	3
47	2
48	6
49	3
50	7
51	2
52	5
53	6
54	9
55	1
56	7
57	3
58	5
59	1
60	5
61	1
62	5
63	7
64	4
65	7
66	6
67	5
68	6
69	1
70	9
71	5
72	1
73	7
74	6
75	1
76	1
77	7
78	6
79	9
80	2
/

psi	Vehicle Capacity
/ 17 /
;

Table kappa(i,j)                 Setup
         0        1        2        3        4        5        6        7        8        9        10       11       12       13       14       15       16       17       18       19       20       21       22       23       24       25       26       27       28       29       30       31       32       33       34       35       36       37       38       39       40       41       42       43       44       45       46       47       48       49       50       51       52       53       54       55       56       57       58       59       60       61       62       63       64       65       66       67       68       69       70       71       72       73       74       75       76       77       78       79       80       
0        0        447      215      392      473      498      177      102      27       543      209      297      459      289      411      372      543      348      349      337      435      428      258      338      536      476      259      94       161      315      414      314      341      341      166      225      408      405      342      353      331      211      403      374      202      132      409      427      357      36       348      105      174      330      385      156      265      241      292      270      293      432      299      300      244      48       203      285      406      465      221      160      253      435      425      503      251      382      393      113      320      
1        447      0        470      72       918      714      550      534      467      990      647      474      895      736      114      142      98       197      738      345      627      573      706      112      983      65       705      379      470      283      200      703      322      408      442      495      71       809      787      539      437      632      597      751      648      528      813      867      562      429      526      473      383      345      726      597      194      584      639      339      649      16       715      699      281      403      389      617      854      650      658      490      220      732      553      686      664      180      189      556      762      
2        215      470      0        399      573      296      122      189      199      629      261      504      587      397      385      343      545      294      279      193      224      637      342      362      613      468      336      159      56       217      342      247      503      161      51       25       406      578      397      138      526      391      191      565      287      139      581      452      144      244      558      321      92       501      256      239      352      453      171      147      498      458      279      251      188      195      80       147      480      679      378      70       251      270      632      294      235      487      331      223      448      
3        392      72       399      0        866      643      483      473      410      936      586      460      847      682      59       74       152      127      670      275      556      571      648      56       928      83       647      317      401      212      143      635      325      338      373      424      19       770      727      467      432      587      525      717      589      463      774      805      490      378      516      430      314      345      655      537      161      551      569      267      616      63       649      632      210      346      318      546      797      644      608      422      153      660      552      615      599      199      127      497      711      
4        473      918      573      866      0        693      452      407      458      76       312      580      78       185      883      843      1015     814      387      761      689      634      232      811      82       949      238      557      529      763      877      390      725      735      557      560      881      222      186      662      642      298      674      297      291      441      222      195      645      488      584      455      603      703      484      343      728      403      470      701      363      902      329      370      702      520      621      492      103      605      263      508      725      566      649      731      353      822      859      376      157      
5        498      714      296      643      693      0        335      433      476      722      434      795      737      564      609      573      767      518      306      371      87       926      504      622      699      692      493      456      340      431      536      306      799      307      347      278      644      780      510      178      821      624      118      792      473      379      784      512      159      532      846      601      382      798      210      448      637      717      243      379      750      706      369      328      447      488      359      233      590      960      593      337      518      130      922      50       363      770      537      458      622      
6        177      550      122      483      452      335      0        98       151      507      140      472      468      278      481      438      635      395      190      313      287      599      222      439      491      560      214      181      86       327      451      154      512      283      116      109      494      470      276      227      507      295      260      468      169      46       474      335      219      213      519      271      174      504      209      126      400      381      115      260      416      537      167      148      282      187      181      109      358      627      272      63       330      258      597      350      118      531      436      124      331      
7        102      534      189      473      407      433      98       0        75       472      113      382      408      222      483      441      625      408      248      359      383      505      178      422      460      554      175      155      135      356      470      214      442      344      157      187      487      388      254      315      422      203      355      377      118      55       392      333      311      137      426      179      197      431      293      65       361      283      206      296      319      518      197      198      295      134      218      205      327      531      189      119      324      352      505      447      149      483      452      34       267      
8        27       467      199      410      458      476      151      75       0        527      185      321      448      272      425      385      561      358      322      335      416      450      238      357      518      492      238      100      144      319      423      287      368      334      154      207      425      403      320      337      356      209      385      376      180      106      407      403      339      63       370      124      171      357      358      132      288      253      267      269      301      451      273      273      251      63       198      260      387      484      212      140      266      410      447      484      224      408      403      90       307      
9        543      990      629      936      76       722      507      472      527      0        370      657      141      254      952      911      1086     880      417      819      725      708      294      882      25       1019     298      624      588      826      942      426      802      790      617      614      952      290      232      707      718      375      714      367      354      501      289      210      689      561      659      530      666      780      512      407      801      480      511      762      438      974      368      408      767      590      682      535      148      676      338      566      793      592      723      762      400      898      924      443      232      
10       209      647      261      586      312      434      140      113      185      370      0        453      328      140      593      551      738      515      176      449      405      563      82       535      356      666      74       268      217      456      575      149      539      423      246      249      599      347      143      360      502      201      383      359      40       131      350      220      347      240      488      257      296      525      251      54       473      318      190      392      333      632      105      127      401      246      311      204      222      575      162      196      435      326      567      460      76       592      558      96       195      
11       297      474      504      460      580      795      472      382      321      657      453      0        527      445      510      489      568      499      623      565      728      135      455      410      661      531      462      348      455      517      560      591      172      594      453      518      479      398      537      641      62       296      695      322      424      426      401      629      648      263      59       202      437      145      675      405      302      176      586      504      225      458      559      572      446      308      467      582      563      192      344      457      404      731      128      797      519      311      537      371      436      
12       459      895      587      847      78       737      468      408      448      141      328      527      0        189      870      831      993      806      433      767      724      570      246      791      154      931      255      548      538      763      871      430      680      748      564      577      864      149      227      687      589      263      706      227      299      449      148      260      674      469      524      424      605      657      530      349      702      352      503      705      304      879      367      408      698      507      626      523      157      535      239      519      712      612      586      771      382      787      852      375      141      
13       289      736      397      682      185      564      278      222      272      254      140      445      189      0        698      658      832      628      274      579      542      529      60       627      247      765      70       371      349      579      691      261      569      558      376      387      697      220      98       500      503      150      522      253      109      260      223      186      487      307      464      285      419      550      366      160      548      277      323      518      264      720      200      238      517      335      439      340      123      521      101      329      539      447      539      593      201      651      673      191      57       
14       411      114      385      59       883      609      481      483      425      952      593      510      870      698      0        42       161      93       662      238      522      624      660      100      942      84       658      328      396      180      86       628      382      302      366      410      46       801      736      436      485      614      492      752      600      466      805      810      461      402      566      461      307      401      639      548      208      589      557      243      653      112      648      627      199      363      306      532      809      697      631      418      159      637      606      578      599      259      75       510      732      
15       372      142      343      74       843      573      438      441      385      911      551      489      831      658      42       0        202      55       620      203      486      608      619      88       901      125      617      287      353      142      77       586      372      266      323      368      71       766      695      398      469      577      456      719      559      424      770      767      422      364      547      426      264      389      598      506      188      558      514      203      622      136      606      585      156      324      263      490      768      679      593      375      118      596      591      544      556      261      57       469      692      
16       543      98       545      152      1015     767      635      625      561      1086     738      568      993      832      161      202      0        255      820      397      680      660      799      204      1079     77       799      470      551      341      232      785      409      461      522      570      140      908      880      597      527      731      652      850      741      616      912      957      622      526      617      571      463      433      800      690      293      682      716      405      747      115      801      783      357      497      465      693      948      738      755      573      304      798      639      735      751      263      230      649      859      
17       348      197      294      127      814      518      395      408      358      880      515      499      806      628      93       55       255      0        573      148      431      624      586      125      868      178      583      257      309      87       66       540      398      211      279      319      126      749      658      344      486      558      401      707      526      385      753      728      368      345      558      414      221      412      547      473      207      550      466      150      613      190      563      540      113      300      216      441      734      691      569      332      101      543      609      489      514      300      45       437      666      
18       349      738      279      670      387      306      190      248      322      417      176      623      433      274      662      620      820      573      0        466      309      738      220      627      395      744      209      371      268      496      622      36       690      419      297      256      680      495      206      307      668      376      301      523      213      223      498      210      284      385      661      422      356      679      96       219      590      494      113      427      507      725      75       51       463      371      356      140      284      751      333      248      518      179      741      345      104      720      611      252      331      
19       337      345      193      275      761      371      313      359      335      819      449      565      767      579      238      203      397      148      466      0        284      698      528      263      804      321      523      244      231      65       169      436      502      64       203      213      274      738      589      201      567      544      255      711      470      319      742      645      226      350      624      429      165      510      423      419      313      571      353      67       628      338      472      442      120      295      141      327      671      756      543      253      181      407      687      341      428      430      166      392      626      
20       435      627      224      556      689      87       287      383      416      725      405      728      724      542      522      486      680      431      309      284      0        861      482      536      704      605      472      383      274      344      450      299      721      220      275      210      557      751      503      94       751      583      34       754      442      328      755      519      80       467      782      540      304      722      223      410      555      664      220      293      703      619      360      319      362      420      279      201      586      901      557      276      433      162      856      69       342      686      450      412      599      
21       428      573      637      571      634      926      599      505      450      708      563      135      570      529      624      608      660      624      738      698      861      0        551      524      717      635      560      483      587      648      682      707      251      728      587      651      589      425      626      775      139      382      829      345      530      552      427      716      782      394      80       327      572      228      797      519      420      252      711      638      273      559      669      687      579      442      602      708      637      79       431      588      532      857      23       930      634      397      659      490      507      
22       258      706      342      648      232      504      222      178      238      294      82       455      246      60       660      619      799      586      220      528      482      551      0        595      282      730      11       332      297      532      648      204      564      504      325      331      662      277      86       441      510      170      462      302      60       209      280      177      428      282      481      277      372      547      309      113      523      298      263      469      297      690      145      180      473      302      389      280      149      551      121      276      501      389      558      534      141      634      630      150      117      
23       338      112      362      56       811      622      439      422      357      882      535      410      791      627      100      88       204      125      627      263      536      524      595      0        874      139      595      267      359      198      165      592      285      323      332      388      74       713      676      444      385      531      504      660      537      416      717      755      465      323      466      373      274      302      619      486      108      495      529      242      560      97       603      587      178      293      282      508      744      597      553      379      111      629      507      598      552      175      145      445      656      
24       536      983      613      928      82       699      491      460      518      25       356      661      154      247      942      901      1079     868      395      804      704      717      282      874      0        1011     285      614      573      813      930      405      803      773      603      597      943      303      216      688      722      374      693      379      342      488      302      187      669      554      665      527      653      781      489      395      796      484      491      748      445      967      349      388      756      581      668      515      134      687      335      551      783      569      731      740      382      895      913      432      230      
25       476      65       468      83       949      692      560      554      492      1019     666      531      931      765      84       125      77       178      744      321      605      635      730      139      1011     0        729      398      476      264      160      709      384      385      446      493      67       852      809      521      498      670      576      798      671      542      856      885      545      462      585      513      387      407      723      619      240      631      639      328      696      77       727      707      280      429      388      616      879      711      692      498      231      721      615      661      677      244      156      580      795      
26       259      705      336      647      238      493      214      175      238      298      74       462      255      70       658      617      799      583      209      523      472      560      11       595      285      729      0        330      291      528      644      193      569      497      319      323      661      288      83       432      517      180      452      314      58       203      292      172      419      284      489      282      368      552      297      110      524      307      253      464      307      690      133      169      470      302      384      270      151      561      131      270      499      378      567      523      131      637      627      149      128      
27       94       379      159      317      557      456      181      155      100      624      268      348      548      371      328      287      470      257      371      244      383      483      332      267      614      398      330      0        121      221      322      335      345      255      109      178      331      500      410      293      367      306      350      467      272      151      504      487      303      105      404      186      90       342      383      220      218      327      289      177      383      364      338      327      151      50       120      274      481      530      312      134      169      417      476      453      287      349      303      182      408      
28       161      470      56       401      529      340      86       135      144      588      217      455      538      349      396      353      551      309      268      231      274      587      297      359      573      476      291      121      0        241      364      233      467      210      30       63       411      523      358      192      481      335      242      508      239      88       527      421      195      193      507      267      88       463      266      189      332      397      173      175      442      456      253      231      197      148      95       155      439      626      324      22       249      295      583      342      205      466      350      169      398      
29       315      283      217      212      763      431      327      356      319      826      456      517      763      579      180      142      341      87       496      65       344      648      532      198      813      264      528      221      241      0        125      464      442      126      211      240      213      721      599      256      514      527      314      687      472      325      725      663      280      322      577      399      160      452      464      419      251      540      386      69       600      275      493      467      74       270      146      361      678      709      531      264      120      457      635      403      446      366      115      388      621      
30       414      200      342      143      877      536      451      470      423      942      575      560      871      691      86       77       232      66       622      169      450      682      648      165      930      160      644      322      364      125      0        590      449      232      334      366      133      816      719      370      543      624      423      774      588      444      820      785      396      412      619      481      279      465      588      535      262      617      512      195      680      199      617      592      174      366      269      486      796      751      635      387      168      576      666      503      569      337      23       500      730      
31       314      703      247      635      390      306      154      214      287      426      149      591      430      261      628      586      785      540      36       436      299      707      204      592      405      709      193      335      233      464      590      0        655      392      262      224      645      481      204      286      634      351      288      504      188      187      484      223      266      350      630      389      322      644      104      188      553      466      88       395      482      690      62       23       429      335      323      115      287      723      310      212      482      185      710      341      74       683      578      219      319      
32       341      322      503      325      725      799      512      442      368      802      539      172      680      569      382      372      409      398      690      502      721      251      564      285      803      384      569      345      467      442      449      655      0        546      454      523      343      562      650      628      121      428      687      490      520      471      565      741      641      305      213      287      417      26       721      485      192      331      627      452      388      308      638      640      384      325      443      615      692      329      470      477      322      761      231      790      591      146      427      445      572      
33       341      408      161      338      735      307      283      344      334      790      423      594      748      558      302      266      461      211      419      64       220      728      504      323      773      385      497      255      210      126      232      392      546      0        187      176      338      731      557      138      601      540      191      710      448      298      735      607      164      360      652      440      166      552      368      399      362      581      305      93       634      401      433      400      163      304      137      278      641      782      532      229      231      347      718      277      392      485      230      378      608      
34       166      442      51       373      557      347      116      157      154      617      246      453      564      376      366      323      522      279      297      203      275      587      325      332      603      446      319      109      30       211      334      262      454      187      0        69       382      544      388      188      475      354      242      525      266      115      548      451      195      194      507      272      59       451      289      215      310      407      198      145      455      429      284      261      167      144      65       178      468      629      345      53       221      313      581      345      235      445      320      191      423      
35       225      495      25       424      560      278      109      187      207      614      249      518      577      387      410      368      570      319      256      213      210      651      331      388      597      493      323      178      63       240      366      224      523      176      69       0        432      574      381      130      543      391      178      564      277      134      577      432      131      256      571      330      117      521      231      232      376      459      146      171      502      483      259      229      214      210      106      122      465      690      374      69       277      246      646      279      216      511      355      220      439      
36       408      71       406      19       881      644      494      487      425      952      599      479      864      697      46       71       140      126      680      274      557      589      662      74       943      67       661      331      411      213      133      645      343      338      382      432      0        787      741      469      451      604      527      735      603      475      792      818      492      395      535      447      323      363      663      551      180      569      577      271      634      67       661      642      217      361      326      554      811      663      625      432      164      665      571      615      610      215      119      512      727      
37       405      809      578      770      222      780      470      388      403      290      347      398      149      220      801      766      908      749      495      738      751      425      277      713      303      852      288      500      523      721      816      481      562      731      544      574      787      0        303      697      460      194      728      80       308      440      4        368      689      403      387      340      572      537      586      344      614      232      537      672      173      793      421      458      650      452      598      551      265      387      199      508      650      667      443      807      417      681      795      354      165      
38       342      787      397      727      186      510      276      254      320      232      143      537      227      98       736      695      880      658      206      589      503      626      86       676      216      809      83       410      358      599      719      204      650      557      388      381      741      303      0        476      593      244      488      347      139      274      305      92       460      367      559      363      440      632      303      189      607      373      283      533      362      771      143      184      545      384      454      306      85       620      195      336      578      385      635      546      168      720      702      230      141      
39       353      539      138      467      662      178      227      315      337      707      360      641      687      500      436      398      597      344      307      201      94       775      441      444      688      521      432      293      192      256      370      286      628      138      188      130      469      697      476      0        661      519      61       692      393      261      701      510      26       383      696      459      211      629      240      353      460      589      198      201      632      530      339      300      268      333      184      172      562      818      499      199      340      209      769      162      309      592      367      347      555      
40       331      437      526      432      642      821      507      422      356      718      502      62       589      503      485      469      527      486      668      567      751      139      510      385      722      498      517      367      481      514      543      634      121      601      475      543      451      460      593      661      0        354      718      384      475      462      463      685      670      294      91       246      452      95       714      451      281      238      623      509      287      423      606      617      447      333      481      616      622      213      401      486      396      766      123      820      564      266      520      415      496      
41       211      632      391      587      298      624      295      203      209      375      201      296      263      150      614      577      731      558      376      544      583      382      170      531      374      670      180      306      335      527      624      351      428      540      354      391      604      194      244      519      354      0        556      173      162      258      198      335      514      212      314      160      379      407      452      175      438      129      383      478      131      616      301      328      456      259      406      391      267      381      49       323      460      525      390      644      277      525      603      172      144      
42       403      597      191      525      674      118      260      355      385      714      383      695      706      522      492      456      652      401      301      255      34       829      462      504      693      576      452      350      242      314      423      288      687      191      242      178      527      728      488      61       718      556      0        728      420      300      731      510      47       435      749      509      270      688      221      385      521      635      204      261      674      588      346      305      329      387      245      183      572      869      532      245      400      171      824      103      324      653      421      385      579      
43       374      751      565      717      297      792      468      377      376      367      359      322      227      253      752      719      850      707      523      711      754      345      302      660      379      798      314      467      508      687      774      504      490      710      525      564      735      80       347      692      384      173      728      0        319      431      82       422      687      365      308      293      547      464      608      344      558      167      548      644      103      735      447      480      614      418      574      559      325      308      198      496      606      686      362      814      434      615      752      345      206      
44       202      648      287      589      291      473      169      118      180      354      40       424      299      109      600      559      741      526      213      470      442      530      60       537      342      671      58       272      239      472      588      188      520      448      266      277      603      308      139      393      475      162      420      319      0        151      312      225      383      228      456      234      312      504      291      53       468      282      229      410      294      632      140      165      413      244      330      242      209      539      122      219      442      367      535      498      116      582      570      91       162      
45       132      528      139      463      441      379      46       55       106      501      131      426      449      260      466      424      616      385      223      319      328      552      209      416      488      542      203      151      88       325      444      187      471      298      115      134      475      440      274      261      462      258      300      431      151      0        443      343      256      169      473      225      165      462      252      100      368      337      160      260      374      513      187      177      271      148      180      155      353      582      240      69       311      304      551      392      136      496      428      86       310      
46       409      813      581      774      222      784      474      392      407      289      350      401      148      223      805      770      912      753      498      742      755      427      280      717      302      856      292      504      527      725      820      484      565      735      548      577      792      4        305      701      463      198      731      82       312      443      0        369      693      408      389      344      577      540      589      348      618      236      540      676      176      796      424      461      654      456      602      555      267      388      203      512      654      670      445      810      421      685      799      358      167      
47       427      867      452      805      195      512      335      333      403      210      220      629      260      186      810      767      957      728      210      645      519      716      177      755      187      885      172      487      421      663      785      223      741      607      451      432      818      368      92       510      685      335      510      422      225      343      369      0        490      454      650      454      506      724      302      271      692      464      311      595      449      852      174      209      614      466      516      337      104      706      286      398      654      382      725      553      217      808      770      313      217      
48       357      562      144      490      645      159      219      311      339      689      347      648      674      487      461      422      622      368      284      226      80       782      428      465      669      545      419      303      195      280      396      266      641      164      195      131      492      689      460      26       670      514      47       687      383      256      693      490      0        388      702      462      224      641      215      345      478      589      178      223      630      553      320      281      288      340      199      154      545      822      492      199      360      182      776      150      293      610      392      342      543      
49       36       429      244      378      488      532      213      137      63       561      240      263      469      307      402      364      526      345      385      350      467      394      282      323      554      462      284      105      193      322      412      350      305      360      194      256      395      403      367      383      294      212      435      365      228      169      408      454      388      0        314      80       193      294      421      186      242      222      329      283      278      413      333      335      249      55       223      322      427      434      230      194      247      471      390      535      286      353      391      143      333      
