

sets
i        orders          /0*80/
k        routes          /1*80/
p        positions       /0*80/
;

alias(i,j)
alias(i,h)
alias(i,hh)
alias(i,jj)
alias(k,kk)
                            Parameters

rho(i)	Processing time
/
0	0
1	55
2	66
3	86
4	87
5	82
6	84
7	59
8	35
9	4
10	42
11	17
12	42
13	49
14	3
15	40
16	78
17	97
18	98
19	74
20	31
21	68
22	36
23	15
24	24
25	42
26	31
27	26
28	18
29	32
30	36
31	98
32	12
33	41
34	88
35	90
36	80
37	53
38	47
39	15
40	64
41	94
42	88
43	78
44	54
45	52
46	14
47	37
48	56
49	64
50	78
51	7
52	77
53	99
54	51
55	44
56	99
57	67
58	57
59	35
60	64
61	94
62	28
63	11
64	29
65	25
66	66
67	84
68	99
69	74
70	23
71	60
72	10
73	50
74	77
75	35
76	56
77	85
78	12
79	73
80	81
/

gamma(i)	Duedate
/
0	0
1	32
2	32
3	89
4	60
5	64
6	8
7	74
8	85
9	70
10	38
11	7
12	91
13	91
14	6
15	28
16	20
17	28
18	10
19	22
20	68
21	16
22	21
23	88
24	58
25	20
26	92
27	93
28	99
29	24
30	82
31	46
32	70
33	46
34	8
35	44
36	16
37	2
38	58
39	46
40	95
41	89
42	25
43	12
44	58
45	68
46	67
47	51
48	73
49	17
50	6
51	97
52	29
53	57
54	49
55	59
56	16
57	86
58	83
59	98
60	70
61	50
62	44
63	64
64	26
65	6
66	98
67	50
68	94
69	55
70	20
71	83
72	73
73	65
74	82
75	67
76	49
77	37
78	8
79	95
80	48
/

sigma(i)	Size
/
0	0
1	8
2	7
3	7
4	1
5	2
6	1
7	9
8	8
9	6
10	5
11	5
12	9
13	6
14	5
15	2
16	3
17	4
18	6
19	5
20	2
21	3
22	4
23	9
24	7
25	1
26	3
27	6
28	6
29	8
30	1
31	4
32	1
33	4
34	4
35	2
36	4
37	5
38	3
39	7
40	1
41	8
42	7
43	2
44	6
45	9
46	6
47	3
48	9
49	4
50	2
51	8
52	5
53	6
54	7
55	9
56	9
57	5
58	9
59	4
60	4
61	2
62	2
63	7
64	1
65	2
66	8
67	1
68	5
69	8
70	6
71	7
72	5
73	9
74	7
75	7
76	6
77	4
78	8
79	6
80	9
/

epsilon(i)	Priority
/
0	0
1	9
2	2
3	2
4	3
5	5
6	1
7	5
8	1
9	7
10	1
11	7
12	9
13	8
14	5
15	9
16	2
17	1
18	9
19	8
20	3
21	5
22	9
23	4
24	8
25	8
26	7
27	3
28	7
29	3
30	2
31	6
32	8
33	4
34	4
35	5
36	1
37	8
38	9
39	7
40	5
41	3
42	8
43	3
44	4
45	2
46	8
47	6
48	9
49	5
50	5
51	9
52	1
53	4
54	5
55	8
56	2
57	2
58	7
59	2
60	2
61	7
62	3
63	3
64	2
65	3
66	6
67	5
68	2
69	9
70	9
71	1
72	8
73	2
74	7
75	8
76	8
77	2
78	6
79	6
80	2
/

psi	Vehicle Capacity
/ 47 /
;

Table kappa(i,j)                 Setup
         0        1        2        3        4        5        6        7        8        9        10       11       12       13       14       15       16       17       18       19       20       21       22       23       24       25       26       27       28       29       30       31       32       33       34       35       36       37       38       39       40       41       42       43       44       45       46       47       48       49       50       51       52       53       54       55       56       57       58       59       60       61       62       63       64       65       66       67       68       69       70       71       72       73       74       75       76       77       78       79       80       
0        0        414      309      313      290      467      525      226      554      718      493      425      491      223      269      116      156      34       475      728      550      510      285      531      285      324      515      202      614      180      661      351      458      227      128      501      553      806      745      657      143      301      245      442      780      567      629      579      723      371      622      330      557      319      91       707      640      700      787      153      486      229      303      245      702      427      721      614      153      219      332      479      575      202      539      757      196      314      382      282      447      
1        414      0        655      502      390      555      636      244      600      624      825      762      638      432      588      392      385      447      705      415      169      434      129      125      158      497      465      310      632      554      584      550      215      602      390      739      213      735      781      568      445      299      186      776      670      721      457      545      721      705      667      99       410      570      332      774      403      658      716      351      75       272      626      356      685      393      764      518      304      196      525      538      195      345      657      688      580      286      541      578      503      
2        309      655      0        229      321      365      377      526      450      675      184      116      323      238      72       267      460      295      234      842      745      522      542      749      567      246      504      511      512      130      620      217      601      90       266      244      720      728      597      626      211      405      469      133      736      366      665      530      608      62       496      557      599      152      392      542      718      622      712      304      714      535      45       552      603      452      572      601      458      487      224      397      764      316      378      686      123      622      266      99       386      
3        313      502      229      0        115      163      212      459      253      459      348      298      179      95       162      203      459      324      204      619      554      292      418      571      464      18       276      473      317      234      402      49       395      248      193      238      517      526      436      405      171      210      333      307      521      259      436      312      423      249      316      404      370      83       354      394      491      417      508      197      546      481      184      533      409      224      411      375      415      385      24       186      569      170      226      480      257      568      69       129      165      
4        290      390      321      115      0        196      271      380      274      430      460      406      257      93       249      175      413      312      315      522      439      230      316      455      370      107      228      407      330      282      372      161      283      313      163      349      404      516      470      370      178      94       231      417      492      342      364      289      438      354      345      294      293      194      301      441      403      410      497      140      431      406      281      471      414      148      447      330      352      295      136      198      455      94       290      466      311      489      153      224      163      
5        467      555      365      163      196      0        80       577      90       310      428      398      97       244      310      352      603      482      217      552      558      200      504      592      562      147      169      604      154      395      255      150      390      404      340      248      504      366      278      264      330      263      421      401      370      170      334      168      260      364      155      468      285      215      493      245      413      258      349      330      580      603      321      667      246      177      254      247      548      490      153      36       567      288      102      321      418      686      101      275      55       
6        525      636      377      212      271      80       0        651      91       324      403      385      55       303      333      413      668      537      182      612      635      264      583      671      639      200      229      674      143      431      277      182      468      430      402      206      579      356      227      290      384      343      499      384      378      95       386      201      231      362      119      549      346      238      560      182      472      254      341      397      660      676      335      736      229      254      202      287      617      566      195      103      643      359      22       318      449      760      143      299      134      
7        226      244      526      459      380      577      651      0        649      752      710      642      632      366      475      272      143      252      654      639      410      538      134      369      86       463      557      65       699      402      700      506      388      451      279      684      440      855      846      690      327      329      176      659      808      716      616      635      804      587      721      206      552      498      136      821      591      759      836      262      319      33       512      120      774      467      824      641      76       95       483      575      436      292      669      805      421      109      521      479      538      
8        554      600      450      253      274      90       91       649      0        234      492      471      142      331      398      438      686      570      272      531      578      192      565      620      626      237      155      681      63       486      186      238      414      493      426      297      517      278      196      199      420      324      485      471      291      177      300      111      170      442      71       521      268      302      575      175      391      172      262      412      614      678      406      745      156      207      174      198      626      559      243      75       583      368      106      236      507      757      191      363      111      
9        718      624      675      459      430      310      324      752      234      0        726      704      377      513      617      605      825      742      506      390      538      215      637      595      703      441      203      798      184      691      57       458      408      707      593      529      466      111      245      62       604      431      575      705      62       396      179      147      166      674      224      575      213      523      714      285      271      86       93       566      609      784      630      864      132      293      247      111      750      656      456      278      532      516      334      69       716      849      409      582      294      
10       493      825      184      348      460      428      403      710      492      726      0        68       349      394      239      446      642      477      220      962      899      618      719      910      747      361      592      695      545      313      677      313      744      268      443      202      865      753      586      688      389      553      641      51       782      348      759      594      620      123      515      726      702      266      576      524      828      657      740      477      879      719      201      735      627      564      563      676      643      667      332      464      916      480      394      719      301      806      351      247      467      
11       425      762      116      298      406      398      385      642      471      704      68       0        330      334      174      379      575      409      210      917      842      580      654      850      681      313      556      627      528      245      653      269      690      200      378      202      811      741      586      662      323      497      578      17       762      346      722      566      612      57       502      663      662      215      508      525      786      640      727      413      818      651      136      668      614      519      561      645      575      601      285      434      860      419      381      703      234      738      312      186      432      
12       491      638      323      179      257      97       55       632      142      377      349      330      0        273      283      382      638      499      130      648      651      297      574      683      627      170      263      650      197      384      328      140      484      380      372      156      599      411      276      340      348      339      489      330      432      85       427      248      285      307      174      546      381      190      532      225      508      309      396      373      667      655      282      711      284      271      250      333      593      551      158      131      661      339      55       373      401      741      111      250      151      
13       223      432      238      95       93       244      303      366      331      513      394      334      273      0        166      109      365      238      290      612      508      321      335      515      377      103      315      378      392      189      455      141      363      220      98       321      482      592      522      455      90       167      253      347      576      354      457      368      501      279      399      333      387      140      259      484      496      484      574      103      484      386      201      437      482      240      498      418      320      296      118      258      527      87       318      544      217      474      162      148      228      
14       269      588      72       162      249      310      333      475      398      617      239      174      283      166      0        206      425      262      221      771      674      454      479      679      508      180      439      466      462      109      560      160      529      96       204      241      648      676      560      565      150      333      403      189      679      340      597      470      562      117      450      489      530      96       344      508      648      569      659      238      645      487      38       514      554      382      534      537      411      428      161      340      693      246      339      632      119      575      209      35       324      
15       116      392      267      203      175      352      413      272      438      605      446      379      382      109      206      0        256      136      384      647      501      400      275      494      302      212      402      275      498      164      548      245      382      211      12       413      490      691      630      544      56       202      206      395      667      462      526      464      607      322      506      296      454      227      153      593      547      584      672      51       455      289      245      331      585      317      606      503      217      221      224      363      523      95       428      641      191      378      271      207      331      
16       156      385      460      459      413      603      668      143      686      825      642      575      638      365      425      256      0        165      631      764      547      610      265      510      229      468      623      82       743      330      770      501      501      374      266      657      570      921      881      763      296      393      273      592      885      717      710      695      851      523      756      332      641      474      112      847      701      819      902      273      461      123      458      94       826      531      858      716      86       205      480      610      573      318      684      871      341      184      527      439      576      
17       34       447      295      324      312      482      537      252      570      742      477      409      499      238      262      136      165      0        475      761      584      536      318      565      316      337      539      222      631      165      684      359      491      210      148      499      587      827      759      681      152      330      279      427      804      573      657      601      740      358      637      364      586      322      120      719      671      720      808      179      520      252      294      258      720      453      735      639      177      251      342      496      609      228      550      778      177      334      393      279      466      
18       475      705      234      204      315      217      182      654      272      506      220      210      130      290      221      384      631      475      0        767      744      416      622      767      666      208      386      659      325      330      458      155      579      311      376      34       699      534      376      470      336      408      537      206      561      137      552      377      402      199      295      608      501      157      536      316      629      436      520      392      745      672      203      714      407      376      352      461      602      586      180      253      756      373      174      498      339      761      168      196      264      
19       728      415      842      619      522      552      612      639      531      390      962      917      648      612      771      647      764      761      767      0        255      351      504      318      559      604      384      702      518      795      390      648      269      831      638      799      202      485      628      368      679      450      494      925      399      706      233      423      549      869      565      433      267      703      676      656      140      467      474      596      358      671      800      758      511      398      625      342      678      559      632      517      233      557      632      457      824      700      611      744      502      
20       550      169      745      554      439      558      635      410      578      538      899      842      651      508      674      501      547      584      744      255      0        389      282      64       325      544      426      475      593      664      510      597      167      708      496      778      72       648      734      491      547      345      305      854      572      728      359      497      664      787      636      221      335      633      479      741      280      590      631      452      103      439      710      524      626      381      722      446      463      346      574      532      26       429      657      606      692      454      575      656      503      
21       510      434      522      292      230      200      264      538      192      215      618      580      297      321      454      400      610      536      416      351      389      0        428      435      493      275      37       583      205      508      162      310      229      533      388      448      325      317      350      152      408      217      361      585      274      359      143      111      287      537      247      370      84       371      500      352      212      227      298      357      435      569      477      649      251      83       336      105      535      442      299      166      392      308      285      267      536      638      267      422      152      
22       285      129      542      418      316      504      583      134      565      637      719      654      574      335      479      275      265      318      622      504      282      428      0        250      65       416      453      198      607      434      589      467      256      483      276      655      307      744      757      577      331      241      85       669      690      659      491      533      707      597      635      72       430      476      203      740      460      654      725      242      203      166      518      254      674      367      737      526      180      67       442      495      308      249      603      695      459      214      468      473      458      
23       531      125      749      571      455      592      671      369      620      595      910      850      683      515      679      494      510      565      767      318      64       435      250      0        283      562      471      435      640      658      565      616      206      705      491      802      134      706      784      546      544      361      290      863      632      762      418      545      716      794      680      201      388      647      453      787      343      644      689      448      49       397      716      479      678      417      771      499      429      318      592      569      84       432      693      663      686      403      599      664      537      
24       285      158      567      464      370      562      639      86       626      703      747      681      627      377      508      302      229      316      666      559      325      493      65       283      0        465      517      152      670      450      655      513      319      500      304      698      359      810      819      642      358      301      141      697      756      712      556      597      771      624      697      134      496      516      196      800      522      719      791      277      233      114      547      200      739      431      799      592      152      81       488      555      351      294      659      760      472      148      519      507      517      
25       324      497      246      18       107      147      200      463      237      441      361      313      170      103      180      212      468      337      208      604      544      275      416      562      465      0        258      480      301      251      384      53       384      266      202      242      505      509      422      387      184      202      331      321      503      253      418      294      408      265      301      400      353      99       362      382      475      400      491      202      539      486      202      540      392      207      398      357      422      387      30       169      559      172      215      462      275      572      59       147      147      
26       515      465      504      276      228      169      229      557      155      203      592      556      263      315      439      402      623      539      386      384      426      37       453      471      517      258      0        600      169      500      147      289      265      521      390      417      363      299      316      142      404      231      382      561      265      323      167      80       256      515      210      398      117      352      511      316      245      202      279      362      470      588      459      666      222      91       301      102      550      462      280      133      429      313      249      248      526      659      244      406      124      
27       202      310      511      473      407      604      674      65       681      798      695      627      650      378      466      275      82       222      659      702      475      583      198      435      152      480      600      0        734      382      746      518      448      429      283      688      505      899      878      736      324      369      227      644      856      732      670      676      840      573      752      269      604      502      123      849      651      800      880      277      385      41       502      65       813      509      855      688      57       149      496      606      502      315      692      849      398      112      538      475      570      
28       614      632      512      317      330      154      143      699      63       184      545      528      197      392      462      498      743      631      325      518      593      205      607      640      670      301      169      734      0        549      144      302      434      556      486      346      529      216      149      161      482      370      530      528      236      213      284      98       109      502      47       559      267      365      631      148      380      111      200      470      639      728      469      799      92       241      132      175      680      607      307      134      596      424      151      175      571      806      254      426      167      
29       180      554      130      234      282      395      431      402      486      691      313      245      384      189      109      164      330      165      330      795      664      508      434      658      450      251      500      382      549      0        633      249      537      49       168      349      649      760      658      635      118      345      369      262      754      446      646      544      654      193      544      459      576      194      266      609      684      652      743      211      619      408      133      422      642      429      633      602      332      374      242      420      685      240      439      714      29       494      295      137      398      
30       661      584      620      402      372      255      277      700      186      57       677      653      328      455      560      548      770      684      458      390      510      162      589      565      655      384      147      746      144      633      0        402      370      650      536      483      440      154      239      21       546      377      524      654      120      356      162      90       161      620      189      529      177      467      659      268      259      81       135      509      575      732      575      811      122      238      235      66       697      605      399      222      507      460      290      105      658      800      353      526      237      
31       351      550      217      49       161      150      182      506      238      458      313      269      140      141      160      245      501      359      155      648      597      310      467      616      513      53       289      518      302      249      402      0        435      254      236      189      557      516      409      408      207      255      382      276      519      216      454      312      405      226      294      452      392      65       398      363      517      408      499      244      592      527      172      577      394      250      384      384      461      434      25       180      611      219      192      472      270      615      49       125      168      
32       458      215      601      395      283      390      468      388      414      408      744      690      484      363      529      382      501      491      579      269      167      229      256      206      319      384      265      448      434      537      370      435      0        577      374      613      121      519      579      353      419      196      228      701      454      560      243      341      514      637      474      184      195      477      408      581      204      446      501      330      206      421      562      508      477      213      565      304      416      299      414      365      178      296      490      473      566      467      410      507      335      
33       227      602      90       248      313      404      430      451      493      707      268      200      380      220      96       211      374      210      311      831      708      533      483      705      500      266      521      429      556      49       650      254      577      0        214      326      691      770      657      653      161      382      417      218      769      435      674      560      658      152      547      507      604      192      315      604      716      662      753      256      666      457      107      468      649      456      631      622      380      423      251      431      729      281      436      725      33       542      302      131      413      
34       128      390      266      193      163      340      402      279      426      593      443      378      372      98       204      12       266      148      376      638      496      388      276      491      304      202      390      283      486      168      536      236      374      214      0        406      483      679      619      532      55       192      204      393      655      452      515      452      595      321      495      293      443      219      162      582      537      572      660      44       453      296      242      341      573      305      595      491      226      224      214      351      517      84       417      629      196      385      261      202      319      
35       501      739      244      238      349      248      206      684      297      529      202      202      156      321      241      413      657      499      34       799      778      448      655      802      698      242      417      688      346      349      483      189      613      326      406      0        733      551      386      496      364      443      570      195      582      146      582      404      418      201      313      642      533      186      565      324      661      456      538      423      780      702      218      741      425      410      362      489      631      618      214      284      791      406      195      518      355      791      203      219      297      
36       553      213      720      517      404      504      579      440      517      466      865      811      599      482      648      490      570      587      699      202      72       325      307      134      359      505      363      505      529      649      440      557      121      691      483      733      0        576      667      420      531      315      310      822      500      673      287      431      596      758      572      238      266      599      491      677      209      520      560      439      163      471      682      558      557      327      656      376      484      365      535      476      67       410      601      535      678      498      530      627      449      
37       806      735      728      526      516      366      356      855      278      111      753      741      411      592      676      691      921      827      534      485      648      317      744      706      810      509      299      899      216      760      154      516      519      770      679      551      576      0        199      168      683      530      679      739      86       408      288      227      136      717      239      683      324      580      809      256      376      108      19       656      720      887      684      965      127      390      212      218      850      759      519      340      641      607      360      50       783      955      468      641      365      
38       745      781      597      436      470      278      227      846      196      245      586      586      276      522      560      630      881      759      376      628      734      350      757      784      819      422      316      878      149      658      239      409      579      657      619      386      667      199      0        260      607      518      679      581      267      240      400      238      79       573      125      709      401      465      770      63       498      161      195      608      786      874      558      942      116      391      25       295      822      754      421      271      734      564      220      191      677      953      368      526      307      
39       657      568      626      405      370      264      290      690      199      62       688      662      340      455      565      544      763      681      470      368      491      152      577      546      642      387      142      736      161      635      21       408      353      653      532      496      420      168      260      0        545      369      513      664      123      372      141      96       182      628      207      515      159      473      652      288      238      102      149      504      557      722      581      802      143      231      256      50       688      594      403      229      487      455      304      120      661      788      359      531      241      
40       143      445      211      171      178      330      384      327      420      604      389      323      348      90       150      56       296      152      336      679      547      408      331      544      358      184      404      324      482      118      546      207      419      161      55       364      531      683      607      545      0        228      259      338      666      424      541      459      590      266      485      348      469      178      201      566      571      575      665      95       507      341      188      377      572      326      582      507      268      278      190      347      568      123      397      635      147      430      241      152      318      
41       301      299      405      210      94       263      343      329      324      431      553      497      339      167      333      202      393      330      408      450      345      217      241      361      301      202      231      369      370      345      377      255      196      382      192      443      315      530      518      369      228      0        160      508      491      424      328      306      474      443      396      206      256      287      283      499      345      431      511      152      337      359      367      435      444      139      498      322      319      236      231      253      362      107      364      479      374      435      242      311      216      
42       245      186      469      333      231      421      499      176      485      575      641      578      489      253      403      206      273      279      537      494      305      361      85       290      141      331      382      227      530      369      524      382      228      417      204      570      310      679      679      513      259      160      0        592      631      574      442      461      632      521      556      89       376      393      182      659      427      584      659      165      250      209      442      292      601      293      658      464      189      81       357      413      329      165      519      629      396      277      383      394      376      
43       442      776      133      307      417      401      384      659      471      705      51       17       330      347      189      395      592      427      206      925      854      585      669      863      697      321      561      644      528      262      654      276      701      218      393      195      822      739      581      664      338      508      592      0        762      341      728      569      609      72       500      677      668      224      525      520      793      639      725      427      831      668      150      685      612      527      557      648      591      617      293      437      871      432      379      703      252      755      317      199      436      
44       780      670      736      521      492      370      378      808      291      62       782      762      432      576      679      667      885      804      561      399      572      274      690      632      756      503      265      856      236      754      120      519      454      769      655      582      500      86       267      123      666      491      631      762      0        445      214      209      192      733      271      626      261      584      774      316      296      127      78       627      649      840      691      921      166      354      274      168      809      712      518      339      564      578      387      75       779      903      470      644      356      
45       567      721      366      259      342      170      95       716      177      396      348      346      85       354      340      462      717      573      137      706      728      359      659      762      712      253      323      732      213      446      356      216      560      435      452      146      673      408      240      372      424      424      574      341      445      0        477      289      273      335      173      631      440      254      613      179      566      318      396      455      749      739      330      792      283      347      216      375      675      636      237      197      737      423      74       377      459      825      195      309      225      
46       629      457      665      436      364      334      386      616      300      179      759      722      427      457      597      526      710      657      552      233      359      143      491      418      556      418      167      670      284      646      162      454      243      674      515      582      287      288      400      141      541      328      442      728      214      477      0        190      323      680      331      422      72       515      604      424      98       243      272      478      435      649      620      734      284      217      394      108      629      522      442      298      352      431      404      248      674      705      410      566      291      
47       579      545      530      312      289      168      201      635      111      147      594      566      248      368      470      464      695      601      377      423      497      111      533      545      597      294      80       676      98       544      90       312      341      560      452      404      431      227      238      96       459      306      461      569      209      289      190      0        176      532      144      479      168      377      582      246      283      124      208      428      547      666      485      742      141      168      225      86       625      540      309      133      498      379      217      177      569      738      263      436      147      
48       723      721      608      423      438      260      231      804      170      166      620      612      285      501      562      607      851      740      402      549      664      287      707      716      771      408      256      840      109      654      161      405      514      658      595      418      596      136      79       182      590      474      632      609      192      273      323      176      0        592      112      654      329      466      739      124      421      82       127      578      721      833      566      905      39       340      82       220      787      710      412      243      663      532      232      117      675      909      359      527      276      
49       371      705      62       249      354      364      362      587      442      674      123      57       307      279      117      322      523      358      199      869      787      537      597      794      624      265      515      573      502      193      620      226      637      152      321      201      758      717      573      628      266      443      521      72       733      335      680      532      592      0        481      606      618      166      453      515      740      614      702      355      762      596      79       615      591      473      548      608      520      544      239      398      805      362      360      678      186      684      272      131      393      
