

sets
i        orders          /0*40/
k        routes          /1*40/
p        positions       /0*40/
;

alias(i,j)
alias(i,h)
alias(i,hh)
alias(i,jj)
alias(k,kk)
                            Parameters

rho(i)	Processing time
/
0	0
1	94
2	14
3	84
4	29
5	52
6	32
7	87
8	72
9	36
10	13
11	29
12	17
13	90
14	14
15	36
16	22
17	19
18	70
19	10
20	46
21	74
22	51
23	87
24	60
25	73
26	25
27	14
28	33
29	75
30	46
31	75
32	45
33	82
34	88
35	59
36	47
37	88
38	54
39	92
40	59
/

gamma(i)	Duedate
/
0	0
1	32
2	25
3	89
4	5
5	86
6	36
7	1
8	6
9	50
10	89
11	2
12	88
13	2
14	5
15	68
16	64
17	6
18	36
19	86
20	60
21	72
22	97
23	71
24	65
25	41
26	49
27	13
28	46
29	89
30	79
31	99
32	37
33	25
34	7
35	93
36	14
37	88
38	25
39	95
40	52
/

sigma(i)	Size
/
0	0
1	2
2	1
3	5
4	1
5	4
6	1
7	6
8	5
9	8
10	6
11	3
12	7
13	3
14	8
15	9
16	9
17	3
18	3
19	7
20	2
21	3
22	2
23	1
24	1
25	5
26	2
27	2
28	1
29	3
30	7
31	1
32	7
33	4
34	2
35	3
36	1
37	4
38	8
39	9
40	9
/

epsilon(i)	Priority
/
0	0
1	1
2	7
3	5
4	6
5	4
6	1
7	7
8	6
9	8
10	2
11	4
12	4
13	7
14	7
15	2
16	9
17	2
18	1
19	7
20	4
21	3
22	7
23	5
24	3
25	8
26	2
27	6
28	4
29	9
30	9
31	9
32	4
33	8
34	1
35	7
36	8
37	4
38	7
39	5
40	5
/

psi	Vehicle Capacity
/ 14 /
;

Table kappa(i,j)                 Setup
         0        1        2        3        4        5        6        7        8        9        10       11       12       13       14       15       16       17       18       19       20       21       22       23       24       25       26       27       28       29       30       31       32       33       34       35       36       37       38       39       40       
0        0        632      1389     1469     1794     1252     1320     1464     986      1389     766      474      442      1598     1245     589      1120     1465     746      478      1230     922      1856     1281     570      491      1230     1205     1322     1098     173      626      1474     1181     1608     266      1318     554      438      1562     612      
1        632      0        1051     1831     2004     1007     732      1711     1409     1764     356      158      229      1702     635      644      1202     1513     1374     856      1179     1309     2353     1538     784      477      926      1654     1783     1598     461      790      1358     579      2037     401      1580     1029     1062     1841     1149     
2        1389     1051     0        1633     1497     216      705      1346     1462     1608     704      1128     1039     1103     804      847      811      891      1921     1175     579      1344     2325     1253     982      898      162      1669     1787     1729     1297     921      535      766      1919     1148     1288     1350     1651     1491     1508     
3        1469     1831     1633     0        541      1421     2134     341      491      84       1632     1741     1615     726      2153     1198     825      842      1219     1016     1057     549      708      380      1047     1355     1525     353      343      537      1573     1044     1205     2083     292      1503     346      918      1234     261      914      
4        1794     2004     1497     541      0        1314     2120     334      925      605      1728     1952     1818     396      2172     1366     814      606      1707     1315     948      922      1130     514      1268     1539     1436     875      883      1057     1857     1237     978      2109     756      1753     480      1287     1659     291      1336     
5        1252     1007     216      1421     1314     0        824      1142     1248     1394     651      1056     949      927      900      680      597      711      1735     989      374      1131     2110     1041     797      763      126      1453     1571     1515     1180     732      399      848      1705     1029     1077     1155     1475     1288     1312     
6        1320     732      705      2134     2120     824      0        1907     1827     2087     590      881      878      1743     134      1022     1335     1527     2023     1358     1173     1709     2769     1771     1202     944      698      2067     2196     2068     1165     1167     1217     158      2394     1057     1812     1554     1713     2052     1704     
7        1464     1711     1346     341      334      1142     1907     0        603      366      1460     1647     1514     386      1943     1067     571      508      1388     986      768      589      1043     183      953      1238     1256     599      645      770      1534     928      883      1876     628      1436     146      953      1327     146      1005     
8        986      1409     1462     491      925      1248     1827     603      0        408      1271     1300     1183     911      1821     818      698      910      785      559      949      120      953      460      644      949      1322     246      377      267      1102     665      1174     1748     633      1049     474      431      749      645      425      
9        1389     1764     1608     84       605      1394     2087     366      408      0        1575     1670     1546     752      2102     1136     796      848      1137     940      1036     471      719      363      980      1289     1493     274      283      459      1496     981      1200     2031     311      1429     336      837      1149     316      830      
10       766      356      704      1632     1728     651      590      1460     1271     1575     0        425      351      1397     556      452      913      1197     1438     772      848      1157     2223     1300     629      353      571      1516     1647     1498     635      606      1010     484      1870     501      1343     966      1131     1599     1114     
11       474      158      1128     1741     1952     1056     881      1647     1300     1670     425      0        134      1672     790      586      1168     1494     1219     742      1179     1206     2234     1469     699      413      990      1542     1670     1474     303      718      1380     731      1933     261      1510     902      908      1770     1013     
12       442      229      1039     1615     1818     949      878      1514     1183     1546     351      134      0        1538     804      452      1034     1362     1166     627      1051     1085     2124     1337     570      279      893      1427     1556     1368     290      586      1259     739      1813     184      1378     799      853      1639     920      
13       1598     1702     1103     726      396      927      1743     386      911      752      1397     1672     1538     0        1803     1091     504      216      1678     1133     573      857      1416     455      1035     1262     1051     966      1026     1122     1629     988      582      1743     1006     1505     453      1163     1559     488      1256     
14       1245     635      804      2153     2172     900      134      1943     1821     2102     556      790      804      1803     0        1005     1373     1589     1965     1327     1230     1704     2770     1799     1184     906      775      2064     2194     2053     1084     1156     1298     72       2404     987      1840     1522     1652     2087     1667     
15       589      644      847      1198     1366     680      1022     1067     818      1136     452      586      452      1091     1005     0        587      925      1083     349      648      705      1771     893      179      173      684      1063     1195     1048     562      155      886      932      1423     423      935      543      804      1196     700      
16       1120     1202     811      825      814      597      1335     571      698      796      913      1168     1034     504      1373     587      0        345      1343     683      253      593      1513     447      550      757      699      874      984      964      1134     496      480      1307     1107     1006     485      769      1158     716      899      
17       1465     1513     891      842      606      711      1527     508      910      848      1197     1494     1362     216      1589     925      345      0        1636     1020     359      832      1549     500      895      1090     835      1018     1100     1152     1478     841      383      1530     1134     1346     516      1084     1480     639      1198     
18       746      1374     1921     1219     1707     1735     2023     1388     785      1137     1438     1219     1166     1678     1965     1083     1343     1636     0        746      1555     821      1319     1240     939      1094     1760     869      930      690      919      1002     1809     1896     1218     982      1257     587      313      1420     444      
19       478      856      1175     1016     1315     989      1358     986      559      940      772      742      627      1133     1327     349      683      1020     746      0        848      470      1497     803      192      422      1014     800      928      744      558      256      1104     1255     1191     491      840      195      497      1087     350      
20       1230     1179     579      1057     948      374      1173     768      949      1036     848      1179     1051     573      1230     648      253      359      1555     848      0        841      1756     677      679      796      492      1127     1236     1216     1210     615      256      1170     1345     1067     710      970      1342     914      1112     
21       922      1309     1344     549      922      1131     1709     589      120      471      1157     1206     1085     857      1704     705      593      832      821      470      841      0        1066     424      534      842      1203     359      490      384      1024     550      1072     1632     728      960      448      376      737      658      415      
22       1856     2353     2325     708      1130     2110     2769     1043     953      719      2223     2234     2124     1416     2770     1771     1513     1549     1319     1497     1756     1066     0        1081     1598     1902     2206     707      576      762      2000     1617     1914     2698     416      1975     1052     1332     1489     928      1244     
23       1281     1538     1253     380      514      1041     1771     183      460      363      1300     1469     1337     455      1799     893      447      500      1240     803      677      424      1081     0        772      1062     1146     521      600      668      1351     751      838      1731     668      1255     42       776      1157     302      838      
24       570      784      982      1047     1268     797      1202     953      644      980      629      699      570      1035     1184     179      550      895      939      192      679      534      1598     772      0        309      822      890      1022     869      595      66       932      1111     1259     484      813      374      682      1072     533      
25       491      477      898      1355     1539     763      944      1238     949      1289     353      413      279      1262     906      173      757      1090     1094     422      796      842      1902     1062     309      0        739      1196     1327     1161     423      313      1021     835      1569     274      1104     615      793      1365     761      
26       1230     926      162      1525     1436     126      698      1256     1322     1493     571      990      893      1051     775      684      699      835      1760     1014     492      1203     2206     1146     822      739      0        1536     1657     1587     1143     761      522      725      1805     993      1184     1191     1488     1402     1350     
27       1205     1654     1669     353      875      1453     2067     599      246      274      1516     1542     1427     966      2064     1063     874      1018     869      800      1127     359      707      521      890      1196     1536     0        131      184      1331     909      1329     1991     402      1288     514      655      913      583      608      
28       1322     1783     1787     343      883      1571     2196     645      377      283      1647     1670     1556     1026     2194     1195     984      1100     930      928      1236     490      576      600      1022     1327     1657     131      0        246      1454     1040     1428     2122     296      1414     586      777      1009     599      717      
29       1098     1598     1729     537      1057     1515     2068     770      267      459      1498     1474     1368     1122     2053     1048     964      1152     690      744      1216     384      762      668      869      1161     1587     184      246      0        1239     901      1436     1981     542      1214     669      571      765      765      486      
30       173      461      1297     1573     1857     1180     1165     1534     1102     1496     635      303      290      1629     1084     562      1134     1478     919      558      1210     1024     2000     1351     595      423      1143     1331     1454     1239     0        640      1442     1021     1732     150      1390     676      611      1643     759      
31       626      790      921      1044     1237     732      1167     928      665      981      606      718      586      988      1156     155      496      841      1002     256      615      550      1617     751      66       313      761      909      1040     901      640      0        867      1083     1268     519      792      431      749      1053     590      
32       1474     1358     535      1205     978      399      1217     883      1174     1200     1010     1380     1259     582      1298     886      480      383      1809     1104     256      1072     1914     838      932      1021     522      1329     1428     1436     1442     867      0        1247     1498     1295     863      1225     1598     1019     1365     
33       1181     579      766      2083     2109     848      158      1876     1748     2031     484      731      739      1743     72       932      1307     1530     1896     1255     1170     1632     2698     1731     1111     835      725      1991     2122     1981     1021     1083     1247     0        2333     921      1772     1450     1584     2020     1595     
34       1608     2037     1919     292      756      1705     2394     628      633      311      1870     1933     1813     1006     2404     1423     1107     1134     1218     1191     1345     728      416      668      1259     1569     1805     402      296      542      1732     1268     1498     2333     0        1682     637      1056     1305     521      1009     
35       266      401      1148     1503     1753     1029     1057     1436     1049     1429     501      261      184      1505     987      423      1006     1346     982      491      1067     960      1975     1255     484      274      993      1288     1414     1214     150      519      1295     921      1682     0        1295     642      668      1552     752      
36       1318     1580     1288     346      480      1077     1812     146      474      336      1343     1510     1378     453      1840     935      485      516      1257     840      710      448      1052     42       813      1104     1184     514      586      669      1390     792      863      1772     637      1295     0        807      1184     260      863      
37       554      1029     1350     918      1287     1155     1554     953      431      837      966      902      799      1163     1522     543      769      1084     587      195      970      376      1332     776      374      615      1191     655      777      571      676      431      1225     1450     1056     642      807      0        396      1033     159      
38       438      1062     1651     1234     1659     1475     1713     1327     749      1149     1131     908      853      1559     1652     804      1158     1480     313      497      1342     737      1489     1157     682      793      1488     913      1009     765      611      749      1598     1584     1305     668      1184     396      0        1390     324      
39       1562     1841     1491     261      291      1288     2052     146      645      316      1599     1770     1639     488      2087     1196     716      639      1420     1087     914      658      928      302      1072     1365     1402     583      599      765      1643     1053     1019     2020     521      1552     260      1033     1390     0        1065     
40       612      1149     1508     914      1336     1312     1704     1005     425      830      1114     1013     920      1256     1667     700      899      1198     444      350      1112     415      1244     838      533      761      1350     608      717      486      759      590      1365     1595     1009     752      863      159      324      1065     0        
;



Table delta(i,j)                 Distance
         0        1        2        3        4        5        6        7        8        9        10       11       12       13       14       15       16       17       18       19       20       21       22       23       24       25       26       27       28       29       30       31       32       33       34       35       36       37       38       39       40       
0        0        4170     6400     5260     7400     4060     6170     6740     4570     5140     7670     6040     2850     6250     9600     6200     2030     410      2270     6910     3610     5330     4890     3800     5270     3290     7160     2760     4890     2820     2360     2590     2320     7770     5730     8350     5220     9420     8490     7350     3260     
1        4170     0        325      940      845      644      561      337      757      98       612      658      439      735      571      626      214      458      589      820      779      348      99       395      924      337      312      524      800      367      652      609      614      420      505      530      753      580      437      442      720      
2        6400     325      0        1109     1170     951      386      45       807      277      341      539      496      1060     654      949      463      673      853      1144     970      656      370      379      1055     659      428      601      852      431      865      879      764      595      343      741      1064     714      468      679      966      
3        5260     940      1109     0        981      644      928      1150     426      1036     1115     820      624      898      1484     985      726      484      457      921      170      1020     1015     753      135      800      1242     525      405      680      306      468      345      1296     910      1336     699      1459     1375     1238     339      
4        7400     845      1170     981      0        359      1316     1180     1162     908      1425     1336     1018     117      1028     244      771      749      585      60       847      555      817      1082     1075     517      932      1016     1181     993      754      557      908      841      1263     758      282      937      1054     705      652      
5        4060     644      951      644      359      0        1015     973      804      731      1149     1010     691      259      1021     348      498      406      226      302      496      496      658      776      725      323      843      673      822      680      396      197      550      818      967      800      119      960      981      714      305      
6        6170     561      386      928      1316     1015     0        428      536      578      188      165      344      1199     1032     1137     547      631      842      1276     835      902      651      239      836      811      788      416      575      336      775      875      613      943      56       1075     1134     1080     850      996      908      
7        6740     337      45       1150     1180     973      428      0        853      277      370      583      540      1072     620      955      491      708      883      1156     1009     656      371      425      1098     674      403      644      897      474      902      909      805      572      387      721      1085     685      433      663      999      
8        4570     757      807      426      1162     804      536      853      0        834      724      405      326      1053     1328     1073     581      432      579      1106     398      976      853      428      311      785      1067     233      44       400      423      609      253      1171     532      1257     903      1335     1179     1159     558      
9        5140     98       277      1036     908      731      578      277      834      0        597      693      510      802      496      679      311      555      686      887      875      379      94       446      1015     415      234      602      878      436      750      706      706      368      523      497      836      519      347      420      818      
10       7670     612      341      1115     1425     1149     188      370      724      597      0        337      513      1310     990      1226     658      787      995      1390     1014     960      684      392      1025     909      770      596      763      488      946      1027     792      936      207      1081     1268     1055     802      1014     1074     
11       6040     658      539      820      1336     1010     165      583      405      693      337      0        319      1219     1169     1180     589      607      814      1290     751      979      754      272      715      854      917      352      439      347      716      848      539      1062     195      1185     1127     1209     992      1100     856      
12       2850     439      496      624      1018     691      344      540      326      510      513      319      0        901      1006     871      298      292      502      971      505      705      537      129      559      550      744      104      370      74       433      536      285      858      307      957      808      1019     853      862      564      
13       6250     735      1060     898      117      259      1199     1072     1053     802      1310     1219     901      0        962      174      654      636      481      85       754      465      713      965      983      403      843      902      1075     875      654      455      800      768      1146     702      211      878      971      638      562      
14       9600     571      654      1484     1028     1021     1032     620      1328     496      990      1169     1006     962      0        790      769      1001     1071     1037     1315     525      479      939      1484     720      261      1095     1371     932      1182     1079     1177     202      983      277      1091     110      188      324      1212     
15       6200     626      949      985      244      348      1137     955      1073     679      1226     1180     871      174      790      0        593      641      536      247      827      313      586      913      1052     326      688      892      1100     832      709      519      827      599      1082     528      353      705      809      466      646      
16       2030     214      463      726      771      498      547      491      581      311      658      589      298      654      769      593      0        244      393      733      564      407      291      320      715      266      518      355      621      245      439      417      407      596      493      675      615      761      649      578      515      
17       410      458      673      484      749      406      631      708      432      555      787      607      292      636      1001     641      244      0        210      698      320      569      530      396      487      361      758      268      461      299      196      244      197      818      589      874      520      982      891      774      295      
18       2270     589      853      457      585      226      842      883      579      686      995      814      502      481      1071     536      393      210      0        528      292      574      636      606      516      357      852      466      596      508      174      33       325      873      799      893      326      1031     992      797      141      
19       6910     820      1144     921      60       302      1276     1156     1106     887      1390     1290     971      85       1037     247      733      698      528      0        787      548      799      1040     1015     486      926      965      1125     949      696      499      852      846      1223     773      221      951      1052     713      592      
20       3610     779      970      170      847      496      835      1009     398      875      1014     751      505      754      1315     827      564      320      292      787      0        849      850      634      228      630      1076     418      396      550      135      308      222      1126     807      1165     567      1289     1211     1067     195      
21       5330     348      656      1020     555      496      902      656      976      379      960      979      705      465      525      313      407      569      574      548      849      0        285      706      1049     219      378      758      1013     647      714      576      765      322      845      318      567      465      507      223      714      
22       4890     99       370      1015     817      658      651      371      853      94       684      754      537      713      479      586      291      530      636      799      850      285      0        493      1007     337      227      619      895      465      719      652      698      321      594      432      759      482      361      346      773      
23       3800     395      379      753      1082     776      239      425      428      446      392      272      129      965      939      913      320      396      606      1040     634      706      493      0        684      586      679      228      472      97       555      639      414      811      192      925      895      965      774      835      682      
24       5270     924      1055     135      1075     725      836      1098     311      1015     1025     715      559      983      1484     1052     715      487      516      1015     228      1049     1007     684      0        833      1234     456      284      624      345      534      309      1304     824      1359     794      1469     1361     1260     423      
25       3290     337      659      800      517      323      811      674      785      415      909      854      550      403      720      326      266      361      357      486      630      219      337      586      833      0        522      583      818      507      495      361      558      519      756      537      422      674      662      440      497      
26       7160     312      428      1242     932      843      788      403      1067     234      770      917      744      843      261      688      518      758      852      926      1076     378      227      679      1234     522      0        834      1110     671      945      865      925      170      736      322      931      292      140      282      991      
27       2760     524      601      525      1016     673      416      644      233      602      596      352      104      902      1095     892      355      268      466      965      418      758      619      228      456      583      834      0        276      174      365      500      197      939      389      1029     786      1102     948      932      504      
28       4890     800      852      405      1181     822      575      897      44       878      763      439      370      1075     1371     1100     621      461      596      1125     396      1013     895      472      284      818      1110     276      0        444      435      626      275      1213     573      1297     919      1376     1223     1198     566      
29       2820     367      431      680      993      680      336      474      400      436      488      347      74       875      932      832      245      299      508      949      550      647      465      97       624      507      671      174      444      0        464      541      335      787      290      889      799      947      779      796      587      
30       2360     652      865      306      754      396      775      902      423      750      946      716      433      654      1182     709      439      196      174      696      135      714      719      555      345      495      945      365      435      464      0        198      183      991      741      1030     485      1154     1081     932      141      
31       2590     609      879      468      557      197      875      909      609      706      1027     848      536      455      1079     519      417      244      33       499      308      576      652      639      534      361      865      500      626      541      198      0        357      880      832      894      294      1036     1005     799      138      
32       2320     614      764      345      908      550      613      805      253      706      792      539      285      800      1177     827      407      197      325      852      222      765      698      414      309      558      925      197      275      335      183      357      0        1001     585      1065     651      1166     1051     966      324      
33       7770     420      595      1296     841      818      943      572      1171     368      936      1062     858      768      202      599      596      818      873      846      1126     322      321      811      1304     519      170      939      1213     787      991      880      1001     0        889      153      889      165      229      140      1014     
34       5730     505      343      910      1263     967      56       387      532      523      207      195      307      1146     983      1082     493      589      799      1223     807      845      594      192      824      756      736      389      573      290      741      832      585      889      0        1020     1086     1029     803      940      871      
35       8350     530      741      1336     758      800      1075     721      1257     497      1081     1185     957      702      277      528      675      874      893      773      1165     318      432      925      1359     537      322      1029     1297     889      1030     894      1065     153      1020     0        853      179      372      99       1032     
36       5220     753      1064     699      282      119      1134     1085     903      836      1268     1127     808      211      1091     353      615      520      326      221      567      567      759      895      794      422      931      786      919      799      485      294      651      889      1086     853      0        1021     1067     774      372      
37       9420     580      714      1459     937      960      1080     685      1335     519      1055     1209     1019     878      110      705      761      982      1031     951      1289     465      482      965      1469     674      292      1102     1376     947      1154     1036     1166     165      1029     179      1021     0        269      247      1172     
38       8490     437      468      1375     1054     981      850      433      1179     347      802      992      853      971      188      809      649      891      992      1052     1211     507      361      774      1361     662      140      948      1223     779      1081     1005     1051     229      803      372      1067     269      0        368      1130     
39       7350     442      679      1238     705      714      996      663      1159     420      1014     1100     862      638      324      466      578      774      797      713      1067     223      346      835      1260     440      282      932      1198     796      932      799      966      140      940      99       774      247      368      0        937      
40       3260     720      966      339      652      305      908      999      558      818      1074     856      564      562      1212     646      515      295      141      592      195      714      773      682      423      497      991      504      566      587      141      138      324      1014     871      1032     372      1172     1130     937      0        
;

