

sets
i        orders          /0*40/
k        routes          /1*40/
p        positions       /0*40/
;

alias(i,j)
alias(i,h)
alias(i,hh)
alias(i,jj)
alias(k,kk)
                            Parameters

rho(i)	Processing time
/
0	0
1	83
2	78
3	5
4	66
5	67
6	74
7	99
8	96
9	98
10	5
11	75
12	60
13	32
14	5
15	54
16	81
17	12
18	77
19	57
20	35
21	95
22	12
23	1
24	41
25	77
26	46
27	41
28	19
29	94
30	76
31	42
32	74
33	80
34	62
35	39
36	90
37	91
38	94
39	71
40	56
/

gamma(i)	Duedate
/
0	0
1	89
2	68
3	23
4	65
5	79
6	48
7	55
8	73
9	79
10	92
11	86
12	31
13	68
14	79
15	76
16	61
17	10
18	40
19	19
20	80
21	45
22	64
23	45
24	63
25	12
26	3
27	70
28	36
29	98
30	58
31	53
32	38
33	15
34	21
35	35
36	1
37	23
38	41
39	24
40	69
/

sigma(i)	Size
/
0	0
1	2
2	4
3	4
4	1
5	9
6	6
7	1
8	5
9	8
10	2
11	6
12	3
13	7
14	9
15	9
16	2
17	1
18	5
19	1
20	4
21	5
22	4
23	1
24	3
25	1
26	9
27	7
28	5
29	8
30	5
31	8
32	1
33	4
34	9
35	8
36	1
37	8
38	6
39	2
40	9
/

epsilon(i)	Priority
/
0	0
1	1
2	6
3	5
4	8
5	8
6	1
7	3
8	9
9	7
10	4
11	7
12	6
13	8
14	5
15	4
16	1
17	7
18	1
19	3
20	8
21	6
22	7
23	8
24	5
25	8
26	8
27	1
28	3
29	4
30	3
31	3
32	3
33	5
34	4
35	8
36	9
37	6
38	2
39	4
40	8
/

psi	Vehicle Capacity
/ 39 /
;

Table kappa(i,j)                 Setup
         0        1        2        3        4        5        6        7        8        9        10       11       12       13       14       15       16       17       18       19       20       21       22       23       24       25       26       27       28       29       30       31       32       33       34       35       36       37       38       39       40       
0        0        1316     796      1205     1369     1436     546      911      1477     447      272      1543     465      550      1263     1450     1087     1146     1151     1747     1658     366      1308     1629     1308     409      629      1850     745      657      506      478      1245     843      1711     1498     998      1387     1030     1337     1200     
1        1316     0        1939     1177     2123     1205     1862     406      1877     1744     1526     2256     1658     1594     1523     1486     1401     1436     305      1505     1492     1130     1924     1004     1474     1424     694      1325     944      1603     1698     1075     2153     1987     1630     938      1517     1632     1549     432      128      
2        796      1939     0        1277     756      1517     629      1571     1108     749      847      918      972      346      1098     1354     991      1029     1854     1722     1614     1161     832      1859     1190     516      1267     1963     1063     379      987      1273     541      49       1597     1739     796      1172     802      1805     1812     
3        1205     1177     1277     0        1077     247      1602     1051     716      1588     1473     1168     1668     997      367      325      323      321      1309     542      460      1363     840      600      299      937      922      693      493      908      1708     1412     1205     1310     545      497      520      458      534      811      1073     
4        1369     2123     756      1077     0        1247     1377     1848     510      1477     1520     173      1679     825      734      960      765      756      2146     1305     1202     1713     244      1656     832      965      1583     1633     1185     712      1702     1813     258      745      1122     1569     609      719      579      1841     1999     
5        1436     1205     1517     247      1247     0        1847     1161     816      1830     1707     1314     1902     1244     513      328      538      517      1387     340      293      1567     1003     412      416      1183     1087     447      703      1152     1942     1606     1404     1549     425      348      741      553      748      793      1119     
6        546      1862     629      1602     1377     1847     0        1456     1657     167      378      1543     398      653      1548     1780     1395     1448     1684     2120     2020     810      1412     2103     1620     665      1175     2286     1212     780      397      913      1170     654      2041     1972     1242     1652     1263     1871     1746     
7        911      406      1571     1051     1848     1161     1456     0        1685     1337     1120     1997     1256     1232     1345     1377     1192     1239     297      1496     1454     733      1675     1102     1320     1055     304      1411     674      1259     1296     691      1842     1620     1573     997      1264     1468     1299     584      300      
8        1477     1877     1108     716      510      816      1657     1685     0        1715     1692     520      1877     1013     353      495      492      446      1968     808      710      1762     296      1226     420      1081     1475     1151     1020     883      1909     1844     742      1116     616      1161     484      265      450      1527     1764     
9        447      1744     749      1588     1477     1830     167      1337     1715     0        226      1647     235      702      1573     1793     1411     1467     1551     2119     2023     661      1488     2058     1638     669      1070     2260     1165     832      241      760      1285     781      2056     1927     1275     1685     1300     1785     1633     
10       272      1526     847      1473     1520     1707     378      1120     1692     226      0        1693     196      702      1507     1707     1335     1394     1326     2013     1922     434      1494     1901     1560     612      864      2123     1018     827      235      535      1358     887      1969     1770     1226     1627     1255     1590     1418     
11       1543     2256     918      1168     173      1314     1543     1997     520      1647     1693     0        1851     999      808      1006     871      852      2293     1328     1230     1884     334      1726     899      1137     1738     1671     1327     885      1873     1984     390      902      1133     1648     740      766      706      1955     2134     
12       465      1658     972      1668     1679     1902     398      1256     1877     235      196      1851     0        874      1701     1903     1530     1588     1435     2209     2118     531      1669     2087     1755     801      1022     2315     1210     1003     42       610      1501     1006     2165     1957     1417     1819     1445     1755     1556     
13       550      1594     346      997      825      1244     653      1232     1013     702      702      999      874      0        897      1137     753      803      1519     1489     1385     906      795      1554     974      180      929      1690     723      130      902      1013     697      394      1395     1429     589      998      609      1462     1466     
14       1263     1523     1098     367      734      513      1548     1345     353      1573     1507     808      1701     897      0        259      179      120      1623     629      521      1503     490      922      101      906      1156     917      696      778      1736     1573     898      1120     502      840      309      131      297      1175     1412     
15       1450     1486     1354     325      960      328      1780     1377     495      1793     1707     1006     1903     1137     259      0        384      333      1632     370      261      1650     716      733      165      1124     1239     673      793      1023     1940     1709     1145     1378     263      677      560      241      552      1095     1387     
16       1087     1401     991      323      765      538      1395     1192     492      1411     1335     871      1530     753      179      384      0        60       1477     738      633      1323     537      922      226      742      988      977      529      643      1566     1394     882      1019     646      820      202      310      212      1083     1284     
17       1146     1436     1029     321      756      517      1448     1239     446      1467     1394     852      1588     803      120      333      60       0        1521     693      587      1383     521      912      171      798      1041     948      581      690      1625     1453     889      1055     592      816      233      251      234      1106     1321     
18       1151     305      1854     1309     2146     1387     1684     297      1968     1551     1326     2293     1435     1519     1623     1632     1477     1521     0        1709     1680     904      1970     1252     1591     1340     590      1573     967      1552     1472     831      2139     1903     1809     1168     1558     1743     1593     683      299      
19       1747     1505     1722     542      1305     340      2120     1496     808      2119     2013     1328     2209     1489     629      370      738      693      1709     0        108      1899     1066     562      532      1457     1427     361      1030     1381     2248     1942     1506     1746     207      576      925      592      920      1077     1430     
20       1658     1492     1614     460      1202     293      2020     1454     710      2023     1922     1230     2118     1385     521      261      633      587      1680     108      0        1823     961      595      424      1358     1366     444      953      1276     2157     1870     1400     1639     148      585      818      486      812      1071     1409     
21       366      1130     1161     1363     1713     1567     810      733      1762     661      434      1884     531      906      1503     1650     1323     1383     904      1899     1823     0        1627     1672     1529     748      541      1937     870      1003     569      112      1604     1208     1901     1547     1277     1633     1312     1268     1033     
22       1308     1924     832      840      244      1003     1412     1675     296      1488     1494     334      1669     795      490      716      537      521      1970     1066     961      1627     0        1413     588      899      1428     1389     1002     667      1697     1720     449      834      889      1328     412      476      377      1621     1803     
23       1629     1004     1859     600      1656     412      2103     1102     1226     2058     1901     1726     2087     1554     922      733      922      912      1252     562      595      1672     1413     0        827      1459     1139     322      892      1482     2130     1684     1801     1895     743      131      1120     964      1134     574      955      
24       1308     1474     1190     299      832      416      1620     1320     420      1638     1560     899      1755     974      101      165      226      171      1591     532      424      1529     588      827      0        968      1152     815      694      859      1792     1594     1000     1214     421      750      395      159      387      1110     1366     
25       409      1424     516      937      965      1183     665      1055     1081     669      612      1137     801      180      906      1124     742      798      1340     1457     1358     748      899      1459     968      0        751      1624     590      255      834      851      863      565      1387     1330     616      1021     644      1315     1297     
26       629      694      1267     922      1583     1087     1175     304      1475     1070     864      1738     1022     929      1156     1239     988      1041     590      1427     1366     541      1428     1139     1152     751      0        1418     460      963      1064     544      1556     1316     1466     1017     1023     1286     1059     734      574      
27       1850     1325     1963     693      1633     447      2286     1411     1151     2260     2123     1671     2315     1690     917      673      977      948      1573     361      444      1937     1389     322      815      1624     1418     0        1105     1599     2356     1959     1815     1994     568      413      1178     914      1182     896      1277     
28       745      944      1063     493      1185     703      1212     674      1020     1165     1018     1327     1210     723      696      793      529      581      967      1030     953      870      1002     892      694      590      460      1105     0        693      1251     919      1209     1107     1035     761      590      825      625      742      818      
29       657      1603     379      908      712      1152     780      1259     883      832      827      885      1003     130      778      1023     643      690      1552     1381     1276     1003     667      1482     859      255      963      1599     693      0        1032     1107     612      419      1279     1360     468      875      486      1436     1474     
30       506      1698     987      1708     1702     1942     397      1296     1909     241      235      1873     42       902      1736     1940     1566     1625     1472     2248     2157     569      1697     2130     1792     834      1064     2356     1251     1032     0        645      1519     1020     2203     1999     1451     1855     1478     1797     1597     
31       478      1075     1273     1412     1813     1606     913      691      1844     760      535      1984     610      1013     1573     1709     1394     1453     831      1942     1870     112      1720     1684     1594     851      544      1959     919      1107     645      0        1711     1320     1954     1561     1360     1704     1396     1249     987      
32       1245     2153     541      1205     258      1404     1170     1842     742      1285     1358     390      1501     697      898      1145     882      889      2139     1506     1400     1604     449      1801     1000     863      1556     1815     1209     612      1519     1711     0        519      1336     1702     692      913      673      1915     2026     
33       843      1987     49       1310     745      1549     654      1620     1116     781      887      902      1006     394      1120     1378     1019     1055     1903     1746     1639     1208     834      1895     1214     565      1316     1994     1107     419      1020     1320     519      0        1618     1776     822      1190     826      1849     1860     
34       1711     1630     1597     545      1122     425      2041     1573     616      2056     1969     1133     2165     1395     502      263      646      592      1809     207      148      1901     889      743      421      1387     1466     568      1035     1279     2203     1954     1336     1618     0        733      811      432      798      1213     1544     
35       1498     938      1739     497      1569     348      1972     997      1161     1927     1770     1648     1957     1429     840      677      820      816      1168     576      585      1547     1328     131      750      1330     1017     413      761      1360     1999     1561     1702     1776     733      0        1014     896      1030     506      876      
36       998      1517     796      520      609      741      1242     1264     484      1275     1226     740      1417     589      309      560      202      233      1558     925      818      1277     412      1120     395      616      1023     1178     590      468      1451     1360     692      822      811      1014     0        410      36       1236     1394     
37       1387     1632     1172     458      719      553      1652     1468     265      1685     1627     766      1819     998      131      241      310      251      1743     592      486      1633     476      964      159      1021     1286     914      825      875      1855     1704     913      1190     432      896      410      0        389      1269     1523     
38       1030     1549     802      534      579      748      1263     1299     450      1300     1255     706      1445     609      297      552      212      234      1593     920      812      1312     377      1134     387      644      1059     1182     625      486      1478     1396     673      826      798      1030     36       389      0        1263     1427     
39       1337     432      1805     811      1841     793      1871     584      1527     1785     1590     1955     1755     1462     1175     1095     1083     1106     683      1077     1071     1268     1621     574      1110     1315     734      896      742      1436     1797     1249     1915     1849     1213     506      1236     1269     1263     0        384      
40       1200     128      1812     1073     1999     1119     1746     300      1764     1633     1418     2134     1556     1466     1412     1387     1284     1321     299      1430     1409     1033     1803     955      1366     1297     574      1277     818      1474     1597     987      2026     1860     1544     876      1394     1523     1427     384      0        
;



Table delta(i,j)                 Distance
         0        1        2        3        4        5        6        7        8        9        10       11       12       13       14       15       16       17       18       19       20       21       22       23       24       25       26       27       28       29       30       31       32       33       34       35       36       37       38       39       40       
0        0        10180    12300    5970     9530     3290     6740     9370     1630     3950     8490     12450    10240    10780    9550     9450     11350    11460    12530    4860     10120    3910     12410    15480    9460     10560    12160    15270    14270    3830     6580     11840    12420    15240    10900    11720    13660    5300     7990     4740     15120    
1        10180    0        260      499      1087     977      406      902      865      657      191      407      495      242      392      723      1066     1184     320      828      231      959      225      753      72       301      954      794      572      882      452      168      280      794      235      700      627      564      527      755      717      
2        12300    260      0        658      1103     1136     567      905      1070     846      382      206      446      183      393      713      1027     1160     75       958      242      1105     199      514      326      510      874      572      327      1032     600      198      22       573      424      597      424      729      585      895      480      
3        5970     499      658      0        698      482      94       562      434      202      308      649      441      491      359      460      770      849      669      332      424      459      719      954      441      677      756      939      829      383      60       664      667      937      665      622      774      70       240      256      917      
4        9530     1087     1103     698      0        628      753      199      852      746      922      958      660      928      717      391      230      193      1065     492      889      563      1255     1058     1057     1339     415      980      1056     576      703      1214     1097     975      1305     595      904      685      561      546      1037     
5        3290     977      1136     482      628      0        576      635      268      336      787      1097     828      961      789      683      821      821      1139     209      896      65       1200     1355     915      1107     925      1316     1264     106      537      1144     1143     1312     1116     931      1172     414      600      247      1322     
6        6740     406      567      94       753      576      0        600      511      281      214      571      397      405      299      471      801      892      582      423      338      553      625      890      350      597      763      883      755      477      51       570      577      881      580      596      714      162      236      348      852      
7        9370     902      905      562      199      635      600      0        810      657      747      759      461      732      523      192      212      291      866      451      696      569      1061     875      878      1166     294      804      861      555      554      1023     899      799      1126     408      714      566      385      478      851      
8        1630     865      1070     434      852      268      511      810      0        232      691      1082     863      916      791      798      1015     1041     1092     363      849      315      1090     1386     795      929      1077     1365     1263     277      494      1033     1082     1362     955      1017     1204     367      639      333      1349     
9        3950     657      846      202      746      336      281      657      232      0        474      850      636      686      560      605      869      921      863      275      620      338      883      1155     591      771      897      1137     1031     262      262      826      856      1135     781      802      974      137      418      203      1118     
10       8490     191      382      308      922      787      214      747      691      474      0        447      403      259      287      583      928      1037     415      637      202      768      412      795      139      418      845      812      633      691      261      356      396      811      383      620      638      373      363      563      757      
11       12450    407      206      649      958      1097     571      759      1082     850      447      0        306      189      308      569      854      992      135      901      247      1057     405      351      453      694      686      386      186      991      588      399      187      387      612      408      224      718      504      850      313      
12       10240    495      446      441      660      828      397      461      863      636      403      306      0        282      116      268      586      716      405      622      265      780      614      529      497      790      459      502      444      721      387      582      438      499      730      217      345      499      229      584      494      
13       10780    242      183      491      928      961      405      732      916      686      259      189      282      0        213      541      869      998      178      778      66       928      331      539      274      542      734      565      373      856      431      300      185      565      470      468      393      561      402      717      501      
14       9550     392      393      359      717      789      299      523      791      560      287      308      116      213      0        335      674      797      371      593      173      748      538      595      387      682      565      584      478      683      300      499      392      582      626      333      415      424      199      542      558      
15       9450     723      713      460      391      683      471      192      798      605      583      569      268      541      335      0        345      461      673      476      509      623      872      716      706      999      296      657      681      585      433      835      706      653      952      256      544      487      236      471      688      
16       11350    1066     1027     770      230      821      801      212      1015     869      928      854      586      869      674      345      0        140      977      652      845      755      1201     887      1051     1344     209      799      917      752      757      1168     1017     794      1296     453      753      777      573      687      870      
17       11460    1184     1160     849      193      821      892      291      1041     921      1037     992      716      998      797      461      140      0        1112     679      970      756      1329     1025     1165     1456     344      936      1057     767      845      1295     1151     931      1412     593      893      846      675      727      1010     
18       12530    320      75       669      1065     1139     582      866      1092     863      415      135      405      178      371      673      977      1112     0        954      244      1105     272      441      380      583      815      497      255      1034     609      273      54       498      498      538      349      740      569      895      407      
19       4860     828      958      332      492      209      423      451      363      275      637      901      622      778      593      476      652      679      954      0        716      157      1043     1148     773      1002     731      1106     1063     110      375      990      962      1103     996      721      965      278      398      79       1114     
20       10120    231      242      424      889      896      338      696      849      620      202      247      265      66       173      509      845      970      244      716      0        864      365      592      246      531      724      611      433      792      364      326      246      610      466      468      437      495      349      654      554      
21       3910     959      1105     459      563      65       553      569      315      338      768      1057     780      928      748      623      755      756      1105     157      864      0        1179     1305     899      1106     860      1262     1220     78       511      1124     1111     1259     1109     874      1122     395      555      210      1272     
22       12410    225      199      719      1255     1200     625      1061     1090     883      412      405      614      331      538      872      1201     1329     272      1043     365      1179     0        697      295      353      1060     763      510      1102     668      57       218      764      264      786      622      785      709      972      665      
23       15480    753      514      954      1058     1355     890      875      1386     1155     795      351      529      539      595      716      887      1025     441      1148     592      1305     697      0        804      1025     681      102      187      1249     895      710      492      106      939      467      183      1018     759      1113     38       
24       9460     72       326      441      1057     915      350      878      795      591      139      453      497      274      387      706      1051     1165     380      773      246      899      295      804      0        295      953      838      626      821      399      238      345      838      247      709      667      503      496      698      766      
25       10560    301      510      677      1339     1107     597      1166     929      771      418      694      790      542      682      999      1344     1456     583      1002     531      1106     353      1025     295      0        1247     1077     838      1028     649      321      533      1078     88       999      918      724      781      923      990      
26       12160    954      874      756      415      925      763      294      1077     897      845      686      459      734      565      296      209      344      815      731      724      860      1060     681      953      1247     0        591      724      839      728      1034     861      586      1189     277      557      783      526      744      666      
27       15270    794      572      939      980      1316     883      804      1365     1137     812      386      502      565      584      657      799      936      497      1106     611      1262     763      102      838      1077     591      0        257      1211     883      770      550      5        994      401      174      1000     729      1078     111      
28       14270    572      327      829      1056     1264     755      861      1263     1031     633      186      444      373      478      681      917      1057     255      1063     433      1220     510      187      626      838      724      257      0        1158     769      523      305      259      752      465      168      898      665      1018     155      
29       3830     882      1032     383      576      106      477      555      277      262      691      991      721      856      683      585      752      767      1034     110      792      78       1102     1249     821      1028     839      1211     1158     0        436      1047     1039     1208     1030     830      1066     317      493      140      1216     
30       6580     452      600      60       703      537      51       554      494      262      261      588      387      431      300      433      757      845      609      375      364      511      668      895      399      649      728      883      769      436      0        614      608      880      631      576      716      131      202      303      858      
31       11840    168      198      664      1214     1144     570      1023     1033     826      356      399      582      300      499      835      1168     1295     273      990      326      1124     57       710      238      321      1034     770      523      1047     614      0        220      771      232      764      621      730      663      918      677      
32       12420    280      22       667      1097     1143     577      899      1082     856      396      187      438      185      392      706      1017     1151     54       962      246      1111     218      492      345      533      861      550      305      1039     608      220      0        551      447      584      403      737      586      900      458      
33       15240    794      573      937      975      1312     881      799      1362     1135     811      387      499      565      582      653      794      931      498      1103     610      1259     764      106      838      1078     586      5        259      1208     880      771      551      0        995      397      173      997      726      1075     114      
34       10900    235      424      665      1305     1116     580      1126     955      781      383      612      730      470      626      952      1296     1412     498      996      466      1109     264      939      247      88       1189     994      752      1030     631      232      447      995      0        934      837      719      743      918      905      
35       11720    700      597      622      595      931      596      408      1017     802      620      408      217      468      333      256      453      593      538      721      468      874      786      467      709      999      277      401      465      830      576      764      584      397      934      0        308      670      385      705      443      
36       13660    627      424      774      904      1172     714      714      1204     974      638      224      345      393      415      544      753      893      349      965      437      1122     622      183      667      918      557      174      168      1066     716      621      403      173      837      308      0        837      575      929      149      
37       5300     564      729      70       685      414      162      566      367      137      373      718      499      561      424      487      777      846      740      278      495      395      785      1018     503      724      783      1000     898      317      131      730      737      997      719      670      837      0        285      199      982      
38       7990     527      585      240      561      600      236      385      639      418      363      504      229      402      199      236      573      675      569      398      349      555      709      759      496      781      526      729      665      493      202      663      586      726      743      385      575      285      0        355      724      
39       4740     755      895      256      546      247      348      478      333      203      563      850      584      717      542      471      687      727      895      79       654      210      972      1113     698      923      744      1078     1018     140      303      918      900      1075     918      705      929      199      355      0        1079     
40       15120    717      480      917      1037     1322     852      851      1349     1118     757      313      494      501      558      688      870      1010     407      1114     554      1272     665      38       766      990      666      111      155      1216     858      677      458      114      905      443      149      982      724      1079     0        
;

