

sets
i        orders          /0*20/
k        routes          /1*20/
p        positions       /0*20/
;

alias(i,j)
alias(i,h)
alias(i,hh)
alias(i,jj)
alias(k,kk)
                            Parameters

rho(i)	Processing time
/
0	0
1	28
2	44
3	97
4	29
5	72
6	99
7	75
8	95
9	39
10	8
11	21
12	72
13	84
14	82
15	20
16	92
17	12
18	24
19	82
20	68
/

gamma(i)	Duedate
/
0	0
1	9
2	2
3	26
4	92
5	88
6	25
7	91
8	38
9	70
10	50
11	89
12	42
13	12
14	81
15	71
16	42
17	89
18	7
19	34
20	30
/

sigma(i)	Size
/
0	0
1	5
2	4
3	7
4	7
5	1
6	5
7	9
8	2
9	3
10	7
11	5
12	7
13	8
14	9
15	5
16	3
17	7
18	4
19	8
20	2
/

epsilon(i)	Priority
/
0	0
1	1
2	1
3	1
4	9
5	7
6	8
7	3
8	8
9	9
10	2
11	7
12	6
13	9
14	8
15	9
16	5
17	5
18	4
19	8
20	7
/

psi	Vehicle Capacity
/ 57 /
;

Table kappa(i,j)                 Setup
         0        1        2        3        4        5        6        7        8        9        10       11       12       13       14       15       16       17       18       19       20       
0        0        2282     608      1328     2289     1123     1607     1883     1762     2485     294      926      1118     1056     1878     757      55       156      2456     1953     2357     
1        2282     0        1688     1928     1303     1937     730      627      2185     919      2007     1473     1450     1560     958      1560     2306     2207     516      1544     779      
2        608      1688     0        1013     1742     838      1051     1351     1479     1892     384      355      783      570      1423     331      642      518      1848     1466     1758     
3        1328     1928     1013     0        1210     205      1611     1917     466      1608     1294     773      1720     515      2139     1308     1383     1172     1800     763      1550     
4        2289     1303     1742     1210     0        1355     1519     1690     1188     514      2124     1387     2072     1235     2033     1863     2336     2150     894      465      566      
5        1123     1937     838      205      1355     0        1546     1859     655      1714     1098     646      1576     416      2054     1148     1178     967      1864     927      1639     
6        1607     730      1051     1611     1519     1546     0        316      1989     1357     1319     944      726      1130     552      857      1624     1555     1096     1541     1192     
7        1883     627      1351     1917     1690     1859     316      0        2279     1437     1591     1261     890      1443     355      1126     1895     1843     1099     1780     1275     
8        1762     2185     1479     466      1188     655      1989     2279     0        1671     1753     1225     2173     961      2533     1771     1817     1606     1955     734      1659     
9        2485     919      1892     1608     514      1714     1357     1437     1671     0        2272     1559     2023     1486     1792     1926     2526     2364     428      937      165      
10       294      2007     384      1294     2124     1098     1319     1591     1753     2272     0        736      832      923      1585     464      304      305      2210     1830     2136     
11       926      1473     355      773      1387     646      944      1261     1225     1559     736      0        948      264      1420     560      968      806      1557     1118     1434     
12       1118     1450     783      1720     2072     1576     726      890      2173     2023     832      948      0        1211     781      452      1114     1131     1811     1952     1862     
13       1056     1560     570      515      1235     416      1130     1443     961      1486     923      264      1211     0        1639     820      1105     915      1557     907      1381     
14       1878     958      1423     2139     2033     2054     552      355      2533     1792     1585     1420     781      1639     0        1140     1880     1868     1449     2090     1630     
15       757      1560     331      1308     1863     1148     857      1126     1771     1926     464      560      452      820      1140     0        769      729      1808     1656     1777     
16       55       2306     642      1383     2336     1178     1624     1895     1817     2526     304      968      1114     1105     1880     769      0        211      2490     2004     2396     
17       156      2207     518      1172     2150     967      1555     1843     1606     2364     305      806      1131     915      1868     729      211      0        2354     1805     2240     
18       2456     516      1848     1800     894      1864     1096     1099     1955     428      2210     1557     1811     1557     1449     1808     2490     2354     0        1243     328      
19       1953     1544     1466     763      465      927      1541     1780     734      937      1830     1118     1952     907      2090     1656     2004     1805     1243     0        934      
20       2357     779      1758     1550     566      1639     1192     1275     1659     165      2136     1434     1862     1381     1630     1777     2396     2240     328      934      0        
;



Table delta(i,j)                 Distance
         0        1        2        3        4        5        6        7        8        9        10       11       12       13       14       15       16       17       18       19       20       
0        0        2430     1440     1590     930      1770     1290     1110     780      1410     2820     1170     1560     1920     1560     900      1770     690      1020     750      1470     
1        2430     0        101      56       88       23       78       46       57       53       75       78       87       45       34       88       117      86       63       69       34       
2        1440     101      0        47       17       84       23       58       50       48       72       22       19       62       66       78       16       25       78       36       68       
3        1590     56       47       0        40       44       24       27       31       6        41       26       31       14       24       77       63       43       63       28       30       
4        930      88       17       40       0        70       18       43       34       38       73       15       23       54       54       62       31       8        61       20       55       
5        1770     23       84       44       70       0        63       26       36       39       75       62       73       40       20       65       100      66       41       49       15       
6        1290     78       23       24       18       63       0        38       34       25       55       4        11       39       44       73       39       24       66       21       47       
7        1110     46       58       27       43       26       38       0        11       21       68       37       49       32       15       53       74       40       35       23       12       
8        780      57       50       31       34       36       34       11       0        24       72       31       45       39       26       46       65       30       33       14       24       
9        1410     53       48       6        38       39       25       21       24       0        48       26       34       17       19       71       64       40       56       24       24       
10       2820     75       72       41       73       75       55       68       72       48       0        58       53       36       58       119      84       79       103      69       65       
11       1170     78       22       26       15       62       4        37       31       26       58       0        14       40       43       69       38       20       63       18       46       
12       1560     87       19       31       23       73       11       49       45       34       53       14       0        45       53       82       33       31       77       32       57       
13       1920     45       62       14       54       40       39       32       39       17       36       40       45       0        21       86       77       57       68       41       28       
14       1560     34       66       24       54       20       44       15       26       19       58       43       53       21       0        67       82       52       47       34       6        
15       900      88       78       77       62       65       73       53       46       71       119      69       82       86       67       0        88       53       25       52       62       
16       1770     117      16       63       31       100      39       74       65       64       84       38       33       77       82       88       0        37       91       51       85       
17       690      86       25       43       8        66       24       40       30       40       79       20       31       57       52       53       37       0        54       17       53       
18       1020     63       78       63       61       41       66       35       33       56       103      63       77       68       47       25       91       54       0        45       41       
19       750      69       36       28       20       49       21       23       14       24       69       18       32       41       34       52       51       17       45       0        35       
20       1470     34       68       30       55       15       47       12       24       24       65       46       57       28       6        62       85       53       41       35       0        
;

