

sets
i        orders          /0*20/
k        routes          /1*20/
p        positions       /0*20/
;

alias(i,j)
alias(i,h)
alias(i,hh)
alias(i,jj)
alias(k,kk)
                            Parameters

rho(i)	Processing time
/
0	0
1	36
2	22
3	55
4	31
5	34
6	24
7	28
8	90
9	14
10	92
11	17
12	87
13	36
14	25
15	51
16	73
17	42
18	67
19	96
20	95
/

gamma(i)	Duedate
/
0	0
1	20
2	54
3	63
4	11
5	52
6	81
7	32
8	12
9	69
10	2
11	23
12	82
13	69
14	34
15	24
16	28
17	85
18	48
19	61
20	62
/

sigma(i)	Size
/
0	0
1	4
2	6
3	2
4	7
5	6
6	7
7	6
8	8
9	5
10	6
11	6
12	3
13	3
14	1
15	8
16	9
17	2
18	4
19	9
20	1
/

epsilon(i)	Priority
/
0	0
1	2
2	2
3	3
4	8
5	6
6	8
7	1
8	7
9	7
10	7
11	1
12	4
13	4
14	9
15	6
16	1
17	8
18	2
19	5
20	3
/

psi	Vehicle Capacity
/ 75 /
;

Table kappa(i,j)                 Setup
         0        1        2        3        4        5        6        7        8        9        10       11       12       13       14       15       16       17       18       19       20       
0        0        1900     199      2604     1461     990      208      1524     937      2445     873      2010     1344     1195     1465     1987     1958     444      1858     1151     646      
1        1900     0        1840     1308     797      1672     1953     1290     1024     1367     2020     1130     1478     1450     1308     1123     385      1944     914      1176     1258     
2        199      1840     0        2457     1483     793      112      1350     837      2286     683      1853     1157     1011     1289     1830     1861     265      1714     992      586      
3        2604     1308     2457     0        2049     1851     2550     1181     1708     276      2240     623      1449     1548     1243     645      939      2415     746      1467     2025     
4        1461     797      1483     2049     0        1685     1588     1617     925      2051     1919     1712     1686     1590     1602     1697     1116     1679     1477     1309     945      
5        990      1672     793      1851     1685     0        841      670      761      1634     395      1227     414      303      607      1206     1527     630      1166     503      825      
6        208      1953     112      2550     1588     841      0        1429     947      2374     676      1942     1223     1080     1367     1919     1970     245      1810     1083     699      
7        1524     1290     1350     1181     1617     670      1429     0        817      966      1059     558      273      369      63       537      1026     1260     537      405      1080     
8        937      1024     837      1708     925      761      947      817      0        1587     1038     1159     800      682      780      1138     1025     920      969      430      317      
9        2445     1367     2286     276      2051     1634     2374     966      1587     0        2015     435      1223     1335     1029     458      983      2222     624      1295     1901     
10       873      2020     683      2240     1919     395      676      1059     1038     2015     0        1617     792      697      997      1596     1906     430      1562     880      986      
11       2010     1130     1853     623      1712     1227     1942     558      1159     435      1617     0        829      924      620      22       763      1796     235      860      1470     
12       1344     1478     1157     1449     1686     414      1223     273      800      1223     792      829      0        149      217      809      1255     1032     805      378      1000     
13       1195     1450     1011     1548     1590     303      1080     369      682      1335     697      924      149      0        306      903      1262     897      866      289      859      
14       1465     1308     1289     1243     1602     607      1367     63       780      1029     997      620      217      306      0        599      1058     1197     588      359      1033     
15       1987     1123     1830     645      1697     1206     1919     537      1138     458      1596     22       809      903      599      0        759      1774     221      837      1448     
16       1958     385      1861     939      1116     1527     1970     1026     1025     983      1906     763      1255     1262     1058     759      0        1914     566      1026     1317     
17       444      1944     265      2415     1679     630      245      1260     920      2222     430      1796     1032     897      1197     1774     1914     0        1687     955      741      
18       1858     914      1714     746      1477     1166     1810     537      969      624      1562     235      805      866      588      221      566      1687     0        732      1285     
19       1151     1176     992      1467     1309     503      1083     405      430      1295     880      860      378      289      359      837      1026     955      732      0        675      
20       646      1258     586      2025     945      825      699      1080     317      1901     986      1470     1000     859      1033     1448     1317     741      1285     675      0        
;



Table delta(i,j)                 Distance
         0        1        2        3        4        5        6        7        8        9        10       11       12       13       14       15       16       17       18       19       20       
0        0        2940     2100     2730     2100     480      1500     1590     1380     1020     990      1620     960      1590     840      690      2400     1320     2640     2490     1890     
1        2940     0        31       48       73       81       51       98       105      92       66       59       111      61       88       114      95       77       32       79       62       
2        2100     31       0        33       46       54       20       67       74       72       42       28       79       30       67       84       69       61       22       55       34       
3        2730     48       33       0        33       77       43       65       75       102      70       37       88       38       95       97       51       93       16       33       30       
4        2100     73       46       33       0        60       38       32       43       91       62       23       58       22       83       70       23       87       43       13       12       
5        480      81       54       77       60       0        35       52       48       32       18       41       40       40       24       36       75       35       73       74       52       
6        1500     51       20       43       38       35       0        50       55       58       27       14       59       16       52       63       60       51       38       51       26       
7        1590     98       67       65       32       52       50       0        12       84       62       39       30       36       76       44       29       86       73       39       36       
8        1380     105      74       75       43       48       55       12       0        79       62       45       19       43       71       33       41       84       82       51       46       
9        1020     92       72       102      91       32       58       84       79       0        31       69       66       69       7        57       107      17       94       105      81       
10       990      66       42       70       62       18       27       62       62       31       0        39       57       39       25       54       80       25       63       75       51       
11       1620     59       28       37       23       41       14       39       45       69       39       0        54       2        62       61       45       64       38       36       12       
12       960      111      79       88       58       40       59       30       19       66       57       54       0        52       59       14       60       75       92       69       58       
13       1590     61       30       38       22       40       16       36       43       69       39       2        52       0        62       59       43       65       39       36       11       
14       840      88       67       95       83       24       52       76       71       7        25       62       59       62       0        51       99       18       88       97       73       
15       690      114      84       97       70       36       63       44       33       57       54       61       14       59       51       0        74       67       98       81       67       
16       2400     95       69       51       23       75       60       29       41       107      80       45       60       43       99       74       0        106      64       18       35       
17       1320     77       61       93       87       35       51       86       84       17       25       64       75       65       18       67       106      0        83       101      76       
18       2640     32       22       16       43       73       38       73       82       94       63       38       92       39       88       98       64       83       0        47       36       
19       2490     79       55       33       13       74       51       39       51       105      75       36       69       36       97       81       18       101      47       0        25       
20       1890     62       34       30       12       52       26       36       46       81       51       12       58       11       73       67       35       76       36       25       0        
;

