

sets
i        orders          /0*20/
k        routes          /1*20/
p        positions       /0*20/
;

alias(i,j)
alias(i,h)
alias(i,hh)
alias(i,jj)
alias(k,kk)
                            Parameters

rho(i)	Processing time
/
0	0
1	87
2	87
3	7
4	72
5	2
6	68
7	5
8	68
9	3
10	47
11	47
12	94
13	17
14	87
15	13
16	85
17	22
18	93
19	47
20	63
/

gamma(i)	Duedate
/
0	0
1	93
2	52
3	60
4	58
5	28
6	37
7	49
8	26
9	82
10	24
11	96
12	62
13	61
14	44
15	41
16	4
17	99
18	22
19	88
20	10
/

sigma(i)	Size
/
0	0
1	5
2	5
3	1
4	7
5	3
6	7
7	3
8	6
9	1
10	6
11	7
12	5
13	9
14	8
15	7
16	9
17	9
18	8
19	3
20	3
/

epsilon(i)	Priority
/
0	0
1	8
2	1
3	5
4	6
5	8
6	1
7	2
8	2
9	7
10	7
11	9
12	7
13	2
14	4
15	8
16	1
17	8
18	4
19	3
20	1
/

psi	Vehicle Capacity
/ 35 /
;

Table kappa(i,j)                 Setup
         0        1        2        3        4        5        6        7        8        9        10       11       12       13       14       15       16       17       18       19       20       
0        0        926      834      1318     1035     932      486      812      887      612      819      557      917      590      493      483      1184     732      1426     1355     82       
1        926      0        1407     1856     536      1831     1412     996      1810     1218     1746     1282     1841     492      534      443      1147     234      2181     1096     962      
2        834      1407     0        490      1742     807      881      515      948      225      965      307      1131     1315     1224     1071     788      1174     804      1075     899      
3        1318     1856     490      0        2224     1009     1279     880      1201     715      1252     767      1412     1803     1713     1551     983      1627     593      1271     1378     
4        1035     536      1742     2224     0        1958     1457     1429     1882     1525     1799     1538     1850     446      544      672      1647     671      2444     1627     1028     
5        932      1831     807      1009     1958     0        532      1241     206      791      286      645      421      1519     1423     1395     1577     1612     704      1850     930      
6        486      1412     881      1279     1457     532      0        1111     425      728      343      584      431      1033     942      969      1492     1218     1175     1716     452      
7        812      996      515      880      1429     1241     1111     0        1333     450      1319     601      1474     1066     996      783      382      780      1314     616      894      
8        887      1810     948      1201     1882     206      425      1333     0        889      97       733      215      1455     1363     1368     1689     1603     907      1949     868      
9        612      1218     225      715      1525     791      728      450      889      0        883      157      1044     1094     1002     857      800      984      964      1062     680      
10       819      1746     965      1252     1799     286      343      1319     97       883      0        726      166      1376     1286     1302     1683     1544     991      1935     793      
11       557      1282     307      767      1538     645      584      601      733      157      726      0        887      1096     1000     888      957      1049     910      1216     612      
12       917      1841     1131     1412     1850     421      431      1474     215      1044     166      887      0        1443     1357     1398     1842     1649     1116     2090     879      
13       590      492      1315     1803     446      1519     1033     1066     1455     1094     1376     1096     1443     0        97       284      1347     443      1999     1397     590      
14       493      534      1224     1713     544      1423     942      996      1363     1002     1286     1000     1357     97       0        229      1293     441      1901     1362     496      
15       483      443      1071     1551     672      1395     969      783      1368     857      1302     888      1398     284      229      0        1066     265      1798     1133     522      
16       1184     1147     788      983      1647     1577     1492     382      1689     800      1683     957      1842     1347     1293     1066     0        976      1519     295      1267     
17       732      234      1174     1627     671      1612     1218     780      1603     984      1544     1049     1649     443      441      265      976      0        1947     977      780      
18       1426     2181     804      593      2444     704      1175     1314     907      964      991      910      1116     1999     1901     1798     1519     1947     0        1814     1458     
19       1355     1096     1075     1271     1627     1850     1716     616      1949     1062     1935     1216     2090     1397     1362     1133     295      977      1814     0        1435     
20       82       962      899      1378     1028     930      452      894      868      680      793      612      879      590      496      522      1267     780      1458     1435     0        
;



Table delta(i,j)                 Distance
         0        1        2        3        4        5        6        7        8        9        10       11       12       13       14       15       16       17       18       19       20       
0        0        360      540      1230     1350     450      450      1740     2310     1140     1050     2520     540      930      1890     1950     1770     1320     1200     2130     1410     
1        360      0        11       35       34       5        26       46       65       32       28       72       29       33       54       55       55       39       28       59       35       
2        540      11       0        23       28       16       33       49       66       43       17       72       31       23       63       47       44       27       26       61       31       
3        1230     35       23       0        24       38       55       55       68       64       7        70       49       24       78       31       21       5        29       64       30       
4        1350     34       28       24       0        34       60       32       44       51       20       46       59       44       59       23       42       28       8        40       6        
5        450      5        16       38       34       0        28       43       62       27       31       70       33       38       49       57       60       43       28       56       35       
6        450      26       33       55       60       28       0        70       90       43       49       98       13       40       70       80       72       58       55       84       62       
7        1740     46       49       55       32       43       70       0        19       39       50       29       76       71       32       47       74       60       26       13       26       
8        2310     65       66       68       44       62       90       19       0        58       64       11       95       86       44       50       84       72       41       6        38       
9        1140     32       43       64       51       27       43       39       58       0        56       68       54       65       26       74       85       68       42       51       49       
10       1050     28       17       7        20       31       49       50       64       56       0        67       44       23       72       33       29       12       24       60       26       
11       2520     72       72       70       46       70       98       29       11       68       67       0        101      90       55       48       84       73       46       16       41       
12       540      29       31       49       59       33       13       76       95       54       44       101      0        30       80       77       63       50       56       89       62       
13       930      33       23       24       44       38       40       71       86       65       23       90       30       0        86       55       33       23       45       82       49       
14       1890     54       63       78       59       49       70       32       44       26       72       55       80       86       0        78       100      83       50       39       54       
15       1950     55       47       31       23       57       80       47       50       74       33       48       77       55       78       0        37       32       31       49       25       
16       1770     55       44       21       42       60       72       74       84       85       29       84       63       33       100      37       0        17       49       81       48       
17       1320     39       27       5        28       43       58       60       72       68       12       73       50       23       83       32       17       0        34       68       34       
18       1200     28       26       29       8        28       55       26       41       42       24       46       56       45       50       31       49       34       0        36       7        
19       2130     59       61       64       40       56       84       13       6        51       60       16       89       82       39       49       81       68       36       0        34       
20       1410     35       31       30       6        35       62       26       38       49       26       41       62       49       54       25       48       34       7        34       0        
;

