

sets
i        orders          /0*20/
k        routes          /1*20/
p        positions       /0*20/
;

alias(i,j)
alias(i,h)
alias(i,hh)
alias(i,jj)
alias(k,kk)
                            Parameters

rho(i)	Processing time
/
0	0
1	48
2	5
3	61
4	81
5	97
6	52
7	97
8	61
9	1
10	35
11	55
12	77
13	37
14	97
15	76
16	7
17	59
18	87
19	41
20	62
/

gamma(i)	Duedate
/
0	0
1	95
2	43
3	27
4	1
5	93
6	43
7	64
8	86
9	39
10	74
11	63
12	73
13	60
14	33
15	18
16	14
17	75
18	1
19	51
20	61
/

sigma(i)	Size
/
0	0
1	4
2	5
3	3
4	6
5	2
6	3
7	8
8	8
9	5
10	1
11	9
12	3
13	4
14	2
15	6
16	7
17	4
18	4
19	8
20	3
/

epsilon(i)	Priority
/
0	0
1	9
2	5
3	7
4	5
5	7
6	7
7	9
8	5
9	1
10	1
11	2
12	7
13	5
14	6
15	7
16	6
17	5
18	9
19	9
20	9
/

psi	Vehicle Capacity
/ 88 /
;

Table kappa(i,j)                 Setup
         0        1        2        3        4        5        6        7        8        9        10       11       12       13       14       15       16       17       18       19       20       
0        0        1714     692      1310     1618     273      996      1035     415      1571     1035     1190     1742     1987     1368     1349     1303     494      622      1416     1372     
1        1714     0        1786     418      863      1970     1639     798      1770     839      772      760      114      555      1239     1073     466      2079     1489     1191     530      
2        692      1786     0        1467     1342     670      380      988      1106     1955     1014     1539     1769     1861     1890     998      1320     1128     1248     1921     1300     
3        1310     418      1467     0        906      1572     1392     528      1352     673      489      409      480      865      951      974      289      1661     1076     920      456      
4        1618     863      1342     906      0        1801     1048     639      1865     1572     662      1291     770      591      1840     353      622      2094     1719     1818     452      
5        273      1970     670      1572     1801     0        1031     1257     571      1842     1262     1463     1993     2212     1621     1503     1546     473      856      1672     1599     
6        996      1639     380      1392     1048     1031     0        867      1392     1972     903      1563     1600     1610     1997     694      1182     1469     1460     2014     1116     
7        1035     798      988      528      639      1257     867      0        1235     1156     42       782      784      954      1303     526      332      1486     1081     1297     342      
8        415      1770     1106     1352     1865     571      1392     1235     0        1423     1221     1109     1824     2139     1116     1646     1432     328      350      1176     1540     
9        1571     839      1955     673      1572     1842     1972     1156     1423     0        1114     415      952      1394     468      1642     962      1750     1075     401      1127     
10       1035     772      1014     489      662      1262     903      42       1221     1114     0        740      762      952      1263     565      307      1478     1057     1256     337      
11       1190     760      1539     409      1291     1463     1563     782      1109     415      740      0        850      1266     548      1296     670      1436     782      528      840      
12       1742     114      1769     480      770      1993     1600     784      1824     952      762      850      0        442      1343     1004     456      2126     1556     1297     483      
13       1987     555      1861     865      591      2212     1610     954      2139     1394     952      1266     442      0        1779     927      707      2418     1910     1735     615      
14       1368     1239     1890     951      1840     1621     1997     1303     1116     468      1263     548      1343     1779     0        1827     1219     1426     775      72       1389     
15       1349     1073     998      974      353      1503     694      526      1646     1642     565      1296     1004     927      1827     0        693      1839     1558     1818     555      
16       1303     466      1320     289      622      1546     1182     332      1432     962      307      670      456      707      1219     693      0        1715     1208     1195     170      
17       494      2079     1128     1661     2094     473      1469     1486     328      1750     1478     1436     2126     2418     1426     1839     1715     0        675      1489     1809     
18       622      1489     1248     1076     1719     856      1460     1081     350      1075     1057     782      1556     1910     775      1558     1208     675      0        832      1341     
19       1416     1191     1921     920      1818     1672     2014     1297     1176     401      1256     528      1297     1735     72       1818     1195     1489     832      0        1366     
20       1372     530      1300     456      452      1599     1116     342      1540     1127     337      840      483      615      1389     555      170      1809     1341     1366     0        
;



Table delta(i,j)                 Distance
         0        1        2        3        4        5        6        7        8        9        10       11       12       13       14       15       16       17       18       19       20       
0        0        1230     690      1110     1080     1710     1620     1500     570      900      1560     1320     1740     1440     570      1830     1230     1350     1290     750      1530     
1        1230     0        53       60       72       71       93       82       59       13       75       53       99       31       24       19       49       79       58       50       52       
2        690      53       0        14       19       80       61       66       30       47       29       67       54       44       29       72       25       26       66       5        75       
3        1110     60       14       0        23       94       73       80       44       56       15       82       61       42       37       77       18       24       81       12       88       
4        1080     72       19       23       0        86       52       64       32       65       28       77       38       63       47       91       41       9        74       24       86       
5        1710     71       80       94       86       0        60       35       54       59       108      18       83       96       67       83       97       95       13       82       22       
6        1620     93       61       73       52       60       0        25       34       80       80       63       27       101      73       112      87       58       55       66       73       
7        1500     82       66       80       64       35       25       0        35       68       91       41       50       97       67       99       90       73       33       70       51       
8        570      59       30       44       32       54       34       35       0        48       56       46       41       66       38       79       55       41       42       35       56       
9        900      13       47       56       65       59       80       68       48       0        72       41       88       39       18       31       50       73       46       45       42       
10       1560     75       29       15       28       108      80       91       56       72       0        96       64       54       53       91       28       23       95       28       103      
11       1320     53       67       82       77       18       63       41       46       41       96       0        83       79       51       66       83       87       8        69       10       
12       1740     99       54       61       38       83       27       50       41       88       64       83       0        98       76       119      78       40       76       60       93       
13       1440     31       44       42       63       96       101      97       66       39       54       79       98       0        30       40       25       67       82       38       80       
14       570      24       29       37       47       67       73       67       38       18       53       51       76       30       0        44       32       55       53       26       55       
15       1830     19       72       77       91       83       112      99       79       31       91       66       119      40       44       0        63       98       73       68       62       
16       1230     49       25       18       41       97       87       90       55       50       28       83       78       25       32       63       0        43       84       20       87       
17       1350     79       26       24       9        95       58       73       41       73       23       87       40       67       55       98       43       0        84       30       95       
18       1290     58       66       81       74       13       55       33       42       46       95       8        76       82       53       73       84       84       0        68       18       
19       750      50       5        12       24       82       66       70       35       45       28       69       60       38       26       68       20       30       68       0        75       
20       1530     52       75       88       86       22       73       51       56       42       103      10       93       80       55       62       87       95       18       75       0        
;

