

sets
i        orders          /0*20/
k        routes          /1*20/
p        positions       /0*20/
;

alias(i,j)
alias(i,h)
alias(i,hh)
alias(i,jj)
alias(k,kk)
                            Parameters

rho(i)	Processing time
/
0	0
1	87
2	27
3	99
4	64
5	97
6	50
7	17
8	30
9	96
10	55
11	95
12	12
13	4
14	72
15	67
16	36
17	44
18	74
19	54
20	22
/

gamma(i)	Duedate
/
0	0
1	66
2	64
3	53
4	16
5	54
6	64
7	3
8	67
9	29
10	77
11	59
12	53
13	30
14	26
15	9
16	95
17	17
18	80
19	92
20	1
/

sigma(i)	Size
/
0	0
1	2
2	2
3	9
4	8
5	1
6	4
7	2
8	4
9	1
10	2
11	8
12	7
13	4
14	6
15	9
16	1
17	7
18	9
19	2
20	5
/

epsilon(i)	Priority
/
0	0
1	5
2	8
3	4
4	8
5	3
6	1
7	9
8	4
9	1
10	2
11	3
12	1
13	3
14	4
15	8
16	4
17	4
18	8
19	5
20	2
/

psi	Vehicle Capacity
/ 74 /
;

Table kappa(i,j)                 Setup
         0        1        2        3        4        5        6        7        8        9        10       11       12       13       14       15       16       17       18       19       20       
0        0        1041     1157     1024     1614     1580     1553     1325     529      308      1550     1520     1639     1126     470      941      995      2015     2094     1179     699      
1        1041     0        600      735      1994     943      729      1685     1325     732      1029     1333     864      516      1186     578      915      1820     1713     156      368      
2        1157     600      0        241      1515     433      433      1229     1183     915      458      740      488      84       1048     220      445      1220     1129     701      569      
3        1024     735      241      0        1293     574      662      999      970      829      525      625      691      290      841      163      207      1137     1118     864      571      
4        1614     1994     1515     1293     0        1591     1848     314      1113     1679     1429     963      1802     1580     1143     1427     1090     1037     1359     2138     1707     
5        1580     943      433      574      1591     0        318      1356     1536     1347     168      650      219      489      1411     639      707      993      798      994      996      
6        1553     729      433      662      1848     318      0        1589     1617     1282     477      944      142      435      1481     647      849      1312     1103     740      891      
7        1325     1685     1229     999      314      1356     1589     0        851      1372     1204     776      1558     1289     859      1125     793      1004     1274     1831     1393     
8        529      1325     1183     970      1113     1536     1617     851      0        709      1452     1260     1661     1190     141      973      838      1695     1853     1480     957      
9        308      732      915      829      1679     1347     1282     1372     709      0        1342     1399     1379     870      598      712      859      1911     1941     870      402      
10       1550     1029     458      525      1429     168      477      1204     1452     1342     0        482      387      532      1334     630      614      842      684      1099     1023     
11       1520     1333     740      625      963      650      944      776      1260     1399     482      0        869      824      1177     788      540      516      593      1441     1195     
12       1639     864      488      691      1802     219      142      1558     1661     1379     387      869      0        512      1529     709      859      1199     973      882      998      
13       1126     516      84       290      1580     489      435      1289     1190     870      532      824      512      0        1052     217      498      1304     1209     617      507      
14       470      1186     1048     841      1143     1411     1481     859      141      598      1334     1177     1529     1052     0        835      722      1634     1769     1341     819      
15       941      578      220      163      1427     639      647      1125     973      712      630      788      709      217      835      0        339      1297     1261     713      415      
16       995      915      445      207      1090     707      849      793      838      859      614      540      859      498      722      339      0        1053     1099     1053     691      
17       2015     1820     1220     1137     1037     993      1312     1004     1695     1911     842      516      1199     1304     1634     1297     1053     0        356      1914     1709     
18       2094     1713     1129     1118     1359     798      1103     1274     1853     1941     684      593      973      1209     1769     1261     1099     356      0        1782     1674     
19       1179     156      701      864      2138     994      740      1831     1480     870      1099     1441     882      617      1341     713      1053     1914     1782     0        523      
20       699      368      569      571      1707     996      891      1393     957      402      1023     1195     998      507      819      415      691      1709     1674     523      0        
;



Table delta(i,j)                 Distance
         0        1        2        3        4        5        6        7        8        9        10       11       12       13       14       15       16       17       18       19       20       
0        0        570      1650     1290     1170     1140     570      1680     630      480      2370     840      1980     780      2070     1170     900      2070     2070     1980     780      
1        570      0        68       39       54       19       24       56       3        20       89       21       58       8        57       58       16       66       78       71       15       
2        1650     68       0        49       17       78       73       44       67       47       25       83       67       76       80       45       65       55       19       27       80       
3        1290     39       49       0        45       36       59       17       36       26       63       60       24       45       32       68       25       27       50       38       54       
4        1170     54       17       45       0        67       56       46       53       34       42       68       67       62       77       31       54       59       35       38       65       
5        1140     19       78       36       67       0        43       53       17       32       96       34       48       17       43       77       12       61       84       74       27       
6        570      24       73       59       56       43       0        74       28       34       97       16       81       26       82       46       41       86       88       85       19       
7        1680     56       44       17       46       53       74       0        53       40       51       77       23       62       37       75       43       13       39       25       71       
8        630      3        67       36       53       17       28       53       0        19       88       24       54       9        54       60       13       63       77       69       18       
9        480      20       47       26       34       32       34       40       19       0        69       39       50       29       55       47       21       52       58       52       34       
10       2370     89       25       63       42       96       97       51       88       69       0        107      73       98       88       69       84       56       12       26       103      
11       840      21       83       60       68       34       16       77       24       39       107      0        78       17       76       62       36       87       96       91       6        
12       1980     58       67       24       67       48       81       23       54       50       73       78       0        62       15       92       42       18       61       47       72       
13       780      8        76       45       62       17       26       62       9        29       98       17       62       0        59       65       20       72       86       79       10       
14       2070     57       80       32       77       43       82       37       54       55       88       76       15       59       0        100      41       33       76       62       69       
15       1170     58       45       68       31       77       46       75       60       47       69       62       92       65       100      0        67       88       65       70       62       
16       900      16       65       25       54       12       41       43       13       21       84       36       42       20       41       67       0        52       72       62       30       
17       2070     66       55       27       59       61       86       13       63       52       56       87       18       72       33       88       52       0        46       31       81       
18       2070     78       19       50       35       84       88       39       77       58       12       96       61       86       76       65       72       46       0        15       92       
19       1980     71       27       38       38       74       85       25       69       52       26       91       47       79       62       70       62       31       15       0        86       
20       780      15       80       54       65       27       19       71       18       34       103      6        72       10       69       62       30       81       92       86       0        
;

