

sets
i        orders          /0*5/
k        routes          /1*5/
p        positions       /0*5/
;

alias(i,j)
alias(i,h)
alias(i,hh)
alias(i,jj)
alias(k,kk)
                            Parameters

rho(i)	Processing time
/
0	0
1	13
2	37
3	59
4	66
5	49
/

gamma(i)	Duedate
/
0	0
1	44
2	78
3	41
4	71
5	72
/

sigma(i)	Size
/
0	0
1	8
2	8
3	3
4	6
5	4
/

epsilon(i)	Priority
/
0	0
1	8
2	3
3	4
4	2
5	8
/

psi	Vehicle Capacity
/ 126 /
;

Table kappa(i,j)                 Setup
         0        1        2        3        4        5        
0        0        247      139      211      276      113      
1        247      0        154      39       151      151      
2        139      154      0        116      256      34       
3        211      39       116      0        163      112      
4        276      151      256      163      0        233      
5        113      151      34       112      233      0        
;



Table delta(i,j)                 Distance
         0        1        2        3        4        5        
0        0        3420     2940     3270     1920     2520     
1        3420     0        23       143      67       111      
2        2940     23       0        120      45       88       
3        3270     143      120      0        82       33       
4        1920     67       45       82       0        49       
5        2520     111      88       33       49       0        
;

