

sets
i        orders          /0*80/
k        routes          /1*80/
p        positions       /0*80/
;

alias(i,j)
alias(i,h)
alias(i,hh)
alias(i,jj)
alias(k,kk)
                            Parameters

rho(i)	Processing time
/
0	0
1	80
2	65
3	21
4	36
5	33
6	60
7	26
8	34
9	45
10	11
11	22
12	12
13	48
14	91
15	90
16	6
17	62
18	40
19	78
20	49
21	85
22	48
23	13
24	31
25	71
26	9
27	42
28	35
29	38
30	80
31	80
32	97
33	2
34	66
35	99
36	94
37	30
38	1
39	9
40	71
41	7
42	66
43	95
44	39
45	76
46	48
47	48
48	10
49	7
50	58
51	98
52	88
53	30
54	94
55	73
56	16
57	90
58	66
59	27
60	27
61	49
62	13
63	48
64	17
65	20
66	4
67	64
68	29
69	51
70	64
71	65
72	38
73	69
74	13
75	38
76	82
77	43
78	74
79	33
80	87
/

gamma(i)	Duedate
/
0	0
1	61
2	83
3	19
4	35
5	6
6	46
7	48
8	3
9	54
10	31
11	85
12	24
13	50
14	96
15	85
16	34
17	52
18	25
19	66
20	88
21	98
22	90
23	1
24	80
25	94
26	77
27	70
28	43
29	42
30	78
31	70
32	25
33	85
34	87
35	41
36	39
37	83
38	14
39	72
40	94
41	77
42	45
43	84
44	15
45	46
46	69
47	37
48	81
49	60
50	35
51	32
52	34
53	37
54	15
55	48
56	94
57	62
58	1
59	17
60	10
61	3
62	38
63	13
64	48
65	31
66	69
67	71
68	17
69	70
70	71
71	5
72	39
73	70
74	71
75	10
76	26
77	30
78	93
79	3
80	45
/

sigma(i)	Size
/
0	0
1	4
2	2
3	4
4	9
5	7
6	6
7	5
8	2
9	7
10	1
11	7
12	6
13	5
14	5
15	8
16	7
17	5
18	7
19	7
20	1
21	9
22	4
23	6
24	1
25	7
26	7
27	3
28	9
29	3
30	4
31	9
32	7
33	5
34	7
35	5
36	2
37	3
38	6
39	9
40	4
41	8
42	9
43	6
44	5
45	3
46	3
47	4
48	7
49	4
50	4
51	6
52	8
53	8
54	2
55	7
56	6
57	8
58	4
59	9
60	8
61	5
62	3
63	1
64	6
65	3
66	4
67	5
68	4
69	6
70	6
71	8
72	5
73	4
74	5
75	8
76	9
77	3
78	4
79	5
80	8
/

epsilon(i)	Priority
/
0	0
1	3
2	1
3	1
4	5
5	7
6	5
7	4
8	3
9	3
10	8
11	2
12	2
13	5
14	8
15	4
16	4
17	6
18	3
19	3
20	8
21	7
22	5
23	3
24	4
25	3
26	1
27	8
28	5
29	2
30	2
31	3
32	6
33	1
34	7
35	4
36	8
37	6
38	2
39	6
40	1
41	8
42	5
43	4
44	2
45	9
46	6
47	9
48	2
49	7
50	2
51	2
52	2
53	3
54	8
55	4
56	6
57	2
58	3
59	3
60	9
61	6
62	4
63	3
64	7
65	1
66	1
67	8
68	4
69	6
70	1
71	8
72	6
73	7
74	3
75	6
76	3
77	4
78	2
79	8
80	8
/

psi	Vehicle Capacity
/ 126 /
;

Table kappa(i,j)                 Setup
         0        1        2        3        4        5        6        7        8        9        10       11       12       13       14       15       16       17       18       19       20       21       22       23       24       25       26       27       28       29       30       31       32       33       34       35       36       37       38       39       40       41       42       43       44       45       46       47       48       49       50       51       52       53       54       55       56       57       58       59       60       61       62       63       64       65       66       67       68       69       70       71       72       73       74       75       76       77       78       79       80       
0        0        6069     3504     5677     2869     3581     6737     3535     7898     4699     4910     5945     6736     2140     2809     3320     4373     1618     1381     3744     1203     2802     2770     1513     4900     1723     7967     5583     4904     3855     7119     4335     1878     7382     4866     4986     5163     4705     8451     6464     3888     4476     7746     844      3776     2419     1147     3358     2597     6915     7438     1366     1699     7647     3897     6885     2335     4196     3043     7149     2154     5891     2778     7053     4192     7594     5639     4477     4555     3135     4145     2768     5777     4907     5936     1401     1518     5225     3954     3651     5606     
1        6069     0        6948     4529     7715     3806     1984     6365     5603     7115     7674     268      6317     3942     7828     6892     7772     5164     6156     4989     6086     5739     5988     6109     8731     6315     6103     671      7257     6950     7215     3496     4575     1338     3777     9421     3378     3226     6541     1986     2482     7710     5976     6368     2553     3805     6472     4012     5972     3382     7066     5279     4478     4786     2616     6988     3762     3815     3978     6986     4939     6743     6941     3122     2865     1532     2989     9129     1514     3877     6856     7218     7719     1325     688      4747     7245     906      2768     7484     1228     
2        3504     6948     0        3964     1544     3155     6567     657      5896     1299     1407     6960     4095     3902     1775     188      959      2478     4883     2113     2305     6199     1047     1999     1816     5228     5718     6767     1483     401      4130     3660     2950     8231     3770     2490     4267     4063     6112     6268     4502     1007     5507     2715     4457     4747     4625     6145     1148     5963     4587     4612     4302     6032     4342     3946     4405     3338     5780     4268     2301     2871     827      6273     6452     8374     4905     2286     5663     5828     787      1066     2348     6300     7167     4115     2720     6059     6111     563      5943     
3        5677     4529     3964     0        5380     2218     3215     3322     2221     3373     3929     4685     1810     4268     5589     4033     4378     4065     6685     2091     4816     7316     3554     4603     5314     7010     2339     4740     3423     3724     2689     1633     3877     5480     1019     6243     1193     1553     2842     2968     3095     4234     2126     5331     3166     4993     6702     6258     3674     2132     2597     5941     5124     2105     2886     2458     4630     1588     5966     2476     3531     2356     4480     2505     5789     5531     1567     6180     4021     5938     3422     4814     3547     4684     5065     5175     5907     3917     5456     4499     3301     
4        2869     7715     1544     5380     0        4119     7669     2096     7400     2769     2669     7678     5639     4110     232      1410     1931     2635     4185     3361     1915     5668     1904     1736     2123     4494     7248     7415     2921     1919     5654     4769     3232     9044     5017     2121     5487     5193     7650     7369     5236     2101     7034     2035     5162     4811     3820     6054     1845     7263     6124     4198     4200     7478     5124     5478     4549     4476     5704     5804     2776     4405     905      7537     6636     9214     6110     1633     6292     5777     2315     570      3724     6849     7810     3941     1566     6809     6330     1232     6861     
5        3581     3806     3155     2218     4119     0        3555     2559     4397     3373     3911     3838     3707     2060     4276     3115     3966     2041     4487     1231     2938     5112     2259     2813     4925     4805     4557     3689     3536     3144     4388     761      1714     5077     1297     5642     1590     1164     5060     3256     1454     3908     4344     3402     1449     2837     4536     4191     2282     3384     4507     3725     2909     4073     1256     4132     2458     637      3869     4289     1563     3463     3262     3577     3966     5219     2123     5389     2642     3858     3063     3573     4134     3327     4084     2958     4134     2934     3611     3703     2793     
6        6737     1984     6567     3215     7669     3555     0        5919     3736     6367     6942     2241     4833     4660     7830     6565     7229     5444     7194     4455     6390     7141     5783     6316     8205     7426     4280     2549     6463     6455     5754     2917     4943     2419     2852     9035     2348     2504     4679     300      2859     7123     4185     6793     2975     4888     7415     5544     5825     1494     5498     6307     5418     2879     2839     5556     4696     3231     5410     5483     5052     5570     6796     1170     4550     2412     1733     8850     2683     5328     6255     7115     6725     2971     2672     5627     7602     2052     4351     7129     1280     
7        3535     6365     657      3322     2096     2559     5919     0        5304     1190     1551     6390     3595     3557     2318     711      1414     2254     4883     1464     2344     6094     782      2037     2366     5234     5160     6218     1398     590      3743     3022     2627     7633     3113     3120     3612     3419     5574     5622     3951     1380     4945     2825     3916     4431     4681     5859     947      5306     4156     4497     4068     5403     3779     3537     4068     2697     5495     3843     1951     2475     1238     5615     6057     7769     4250     2940     5129     5532     662      1553     2255     5784     6616     3918     3025     5487     5708     1218     5330     
8        7898     5603     5896     2221     7400     4397     3736     5304     0        4991     5459     5829     2110     6403     7621     6001     6078     6286     8883     4264     7021     9422     5675     6796     6907     9202     602      6027     4962     5584     2817     3721     6087     6137     3112     7896     3005     3488     943      3641     4982     5904     629      7540     5077     7057     8916     8210     5811     2245     2329     8114     7269     882      4803     2748     6717     3759     7953     2494     5752     3441     6526     2580     7552     6099     2902     7945     5631     7909     5222     6851     4713     6196     6258     7346     8080     5290     7253     6378     4495     
9        4699     7115     1299     3373     2769     3373     6367     1190     4991     0        575      7176     3015     4687     3000     1482     1089     3440     6060     2144     3499     7284     1972     3188     1953     6410     4720     7055     208      899      2898     3632     3780     8316     3521     2919     4020     3966     5063     6082     4825     913      4524     3953     4810     5570     5840     7006     2135     5496     3393     5687     5243     5283     4629     2739     5198     3306     6644     3073     3104     1685     2126     5852     7126     8427     4637     2957     6014     6675     554      2352     1078     6695     7447     5102     4019     6278     6772     1555     5989     
10       4910     7674     1407     3929     2669     3911     6942     1551     5459     575      0        7730     3423     5108     2891     1594     767      3783     6288     2690     3709     7579     2295     3402     1448     6634     5151     7600     510      1067     3174     4199     4178     8883     4096     2440     4595     4537     5463     6657     5357     580      4962     4121     5338     5983     6032     7410     2441     6057     3704     5986     5608     5796     5166     3051     5619     3871     7046     3390     3502     2060     2195     6417     7592     8996     5211     2552     6547     7083     900      2350     1068     7222     7993     5445     4064     6829     7240     1443     6557     
11       5945     268      6960     4685     7678     3838     2241     6390     5829     7176     7730     0        6483     3832     7785     6898     7802     5102     5981     5040     6011     5519     5984     6047     8755     6130     6319     429      7323     6978     7374     3579     4507     1436     3897     9423     3518     3333     6764     2230     2467     7746     6188     6275     2527     3643     6308     3782     5960     3618     7241     5111     4328     5020     2618     7143     3623     3891     3762     7152     4902     6864     6921     3369     2621     1652     3164     9117     1413     3660     6899     7192     7810     1118     433      4604     7156     904      2541     7490     1395     
12       6736     6317     4095     1810     5639     3707     4833     3595     2110     3015     3423     6483     0        5735     5870     4233     4100     5147     7918     3009     5682     8764     4150     5410     4863     8262     1732     6548     2950     3736     920      3314     5140     7195     2756     5861     3003     3329     2047     4625     4830     3917     1555     6205     4888     6543     7848     7889     4311     3487     809      7277     6545     2666     4615     738      6161     3161     7574     669      4626     1366     4829     3890     7528     7223     3330     5960     5817     7559     3347     5130     2609     6488     6870     6537     6578     5727     7186     4509     5092     
13       2140     3942     3902     4268     4110     2060     4660     3557     6403     4687     5108     3832     5735     0        4165     3769     4858     1496     2592     2882     2265     3052     2862     2379     5673     2870     6602     3492     4887     4097     6350     2681     952      5266     3295     6103     3441     2951     7107     4401     1804     4880     6392     2458     1687     886      2763     2326     2754     5038     6523     1743     867      5982     1860     6096     511      2679     1968     6285     1611     5294     3538     5113     2568     5472     3788     5694     2427     1991     4211     3726     5660     2846     3862     995      3343     3086     2241     4311     3485     
14       2809     7828     1775     5589     232      4276     7830     2318     7621     3000     2891     7785     5870     4165     0        1638     2147     2711     4095     3556     1932     5595     2088     1786     2278     4395     7474     7512     3151     2152     5886     4939     3311     9161     5205     2182     5669     5365     7878     7530     5354     2320     7260     1991     5277     4837     3716     6048     2017     7453     6356     4156     4207     7690     5249     5711     4590     4652     5703     6037     2891     4637     1109     7722     6669     9335     6289     1667     6391     5779     2547     775      3950     6934     7905     3940     1434     6923     6370     1460     6998     
15       3320     6892     188      4033     1410     3115     6565     711      6001     1482     1594     6898     4233     3769     1638     0        1111     2328     4699     2124     2122     6023     938      1817     1918     5043     5838     6695     1669     582      4293     3651     2816     8185     3792     2529     4285     4060     6240     6266     4434     1176     5626     2527     4385     4606     4438     5996     1018     6003     4742     4439     4147     6114     4280     4104     4270     3333     5631     4424     2180     3029     645      6305     6327     8332     4921     2286     5586     5681     958      904      2536     6215     7095     3954     2537     5999     5989     591      5908     
16       4373     7772     959      4378     1931     3966     7229     1414     6078     1089     767      7802     4100     4858     2147     1111     0        3436     5754     2815     3194     7114     1997     2898     976      6093     5810     7632     1157     824      3919     4379     3907     9029     4383     1865     4888     4755     6147     6936     5366     191      5613     3552     5330     5706     5464     7104     2106     6472     4437     5538     5257     6345     5193     3782     5363     4049     6739     4120     3253     2755     1597     6811     7403     9160     5521     1867     6543     6787     978      1682     1835     7195     8031     5065     3391     6898     7059     747      6716     
17       1618     5164     2478     4065     2635     2041     5444     2254     6286     3440     3783     5102     5147     1496     2711     2328     3436     0        2787     2140     950      3859     1487     945      4203     3137     6348     4813     3648     2728     5585     2803     600      6502     3291     4606     3630     3200     6833     5154     2734     3480     6127     1367     2642     2288     2702     3667     1346     5424     5870     2269     1828     6064     2670     5343     1972     2625     3303     5590     535      4395     2044     5603     4061     6688     4156     4200     3696     3353     2915     2230     4485     4224     5203     1664     2160     4264     3737     2841     4448     
18       1381     6156     4883     6685     4185     4487     7194     4883     8883     6060     6288     5981     7918     2592     4095     4699     5754     2787     0        4910     2578     1539     4107     2886     6257     352      9017     5574     6266     5229     8372     5193     2814     7387     5780     6276     5990     5506     9515     6950     4370     5857     8800     2210     4252     2361     466      2661     3937     7630     8653     891      1778     8529     4446     8131     2499     5124     2450     8376     3294     7172     4158     7704     3754     7617     6374     5749     4706     2561     5508     4135     7135     4871     5871     1597     2693     5415     3621     5029     5964     
19       3744     4989     2113     2091     3361     1231     4455     1464     4264     2144     2690     5040     3009     2882     3556     2124     2815     2140     4910     0        2767     5822     1480     2533     3789     5255     4259     4911     2305     2012     3507     1565     2159     6223     1671     4583     2161     1955     4730     4158     2685     2735     4037     3291     2676     3752     4843     5176     1588     3905     3748     4293     3620     4191     2486     3257     3363     1237     4830     3480     1617     2412     2456     4191     5110     6348     2797     4399     3873     4839     1870     2791     2923     4558     5303     3574     3820     4139     4753     2676     3903     
20       1203     6086     2305     4816     1915     2938     6390     2344     7021     3499     3709     6011     5682     2265     1932     2122     3194     950      2578     2767     0        3925     1598     310      3790     2924     7026     5705     3703     2652     5997     3692     1513     7424     4133     4009     4509     4102     7494     6100     3678     3287     6804     525      3584     2905     2341     4143     1425     6318     6347     2369     2285     6872     3619     5770     2666     3482     3791     6049     1374     4749     1614     6514     4738     7614     5061     3544     4599     3863     2944     1665     4577     5089     6088     2029     1211     5191     4442     2490     5398     
21       2802     5739     6199     7316     5668     5112     7141     6094     9422     7284     7579     5519     8764     3052     5595     6023     7114     3859     1539     5822     3925     0        5313     4216     7694     1330     9645     5091     7492     6511     9329     5711     3667     6823     6331     7778     6427     5938     10152    6940     4541     7198     9437     3646     4431     2379     1987     1758     5154     7860     9540     1596     2218     8941     4682     9078     2705     5729     1764     9289     4283     8201     5539     7856     2969     7063     6681     7258     4475     1862     6746     5559     8340     4415     5306     2250     4218     5164     2981     6415     5862     
22       2770     5988     1047     3554     1904     2259     5783     782      5675     1972     2295     5984     4150     2862     2088     938      1997     1487     4107     1480     1598     5313     0        1299     2854     4459     5604     5770     2180     1246     4408     2872     1913     7293     3117     3440     3583     3294     6048     5483     3517     2018     5383     2101     3463     3718     3918     5131     173      5366     4779     3716     3313     5659     3372     4187     3369     2574     4766     4474     1255     3154     1014     5634     5406     7448     4206     3144     4657     4809     1434     1339     3037     5280     6170     3150     2437     5090     5064     1521     5044     
23       1513     6109     1999     4603     1736     2813     6316     2037     6796     3188     3402     6047     5410     2379     1786     1817     2898     945      2886     2533     310      4216     1299     0        3524     3233     6784     5757     3393     2343     5705     3554     1543     7446     3964     3792     4361     3972     7246     6022     3667     2987     6562     803      3579     3079     2651     4364     1127     6175     6064     2647     2495     6676     3590     5481     2812     3326     4007     5763     1264     4453     1334     6386     4901     7630     4931     3347     4641     4073     2634     1420     4266     5162     6146     2256     1330     5207     4593     2205     5367     
24       4900     8731     1816     5314     2123     4925     8205     2366     6907     1953     1448     8755     4863     5673     2278     1918     976      4203     6257     3789     3790     7694     2854     3524     0        6579     6594     8573     1949     1784     4543     5354     4722     9996     5356     999      5861     5732     6894     7912     6306     1087     6408     4055     6265     6491     5917     7852     2934     7423     5091     6159     5985     7233     6139     4447     6167     5024     7490     4784     4096     3497     2196     7769     8238     10129    6493     1227     7475     7546     1950     2135     2356     8116     8973     5766     3689     7851     7902     1363     7686     
25       1723     6315     5228     7010     4494     4805     7426     5234     9202     6410     6634     6130     8262     2870     4395     5043     6093     3137     352      5255     2924     1330     4459     3233     6579     0        9345     5717     6616     5576     8722     5501     3147     7521     6094     6572     6291     5804     9844     7189     4624     6198     9128     2542     4507     2555     687      2667     4289     7907     9000     1132     2030     8833     4711     8480     2733     5442     2500     8724     3640     7524     4496     7970     3812     7754     6659     6039     4893     2612     5858     4463     7486     5014     5998     1880     2978     5603     3710     5364     6182     
26       7967     6103     5718     2339     7248     4557     4280     5160     602      4720     5151     6319     1732     6602     7474     5838     5810     6348     9017     4259     7026     9645     5604     6784     6594     9345     0        6495     4669     5383     2318     3937     6205     6693     3315     7590     3295     3759     506      4166     5292     5630     221      7550     5380     7302     9019     8512     5750     2786     1797     8280     7461     1472     5101     2286     6949     3925     8239     2000     5813     3097     6396     3141     7920     6663     3293     7676     6027     8203     5006     6713     4331     6620     6744     7515     8034     5734     7609     6171     4961     
27       5583     671      6767     4740     7415     3689     2549     6218     6027     7055     7600     429      6548     3492     7512     6695     7632     4813     5574     4911     5705     5091     5770     5757     8573     5717     6495     0        7211     6808     7424     3513     4214     1817     3890     9210     3553     3313     6953     2499     2267     7586     6352     5947     2310     3250     5910     3353     5736     3854     7322     4711     3945     5244     2441     7186     3252     3811     3336     7216     4647     6844     6683     3637     2195     2043     3268     8886     1123     3232     6751     6943     7738     703      400      4226     6830     827      2112     7286     1534     
28       4904     7257     1483     3423     2921     3536     6463     1398     4962     208      510      7323     2950     4887     3151     1669     1157     3648     6266     2305     3703     7492     2180     3393     1949     6616     4669     7211     0        1087     2775     3766     3983     8446     3627     2934     4122     4088     4996     6181     4990     970      4477     4154     4979     5771     6044     7208     2342     5553     3285     5896     5449     5287     4792     2629     5397     3443     6846     2966     3307     1598     2310     5916     7316     8552     4731     3010     6178     6876     758      2524     875      6862     7601     5309     4204     6427     6962     1696     6120     
29       3855     6950     401      3724     1919     3144     6455     590      5584     899      1067     6978     3736     4097     2152     582      824      2728     5229     2012     2652     6511     1246     2343     1784     5576     5383     6808     1087     0        3739     3578     3153     8212     3623     2583     4127     3965     5765     6159     4541     795      5174     3083     4506     4960     4986     6376     1382     5770     4204     4918     4556     5762     4368     3559     4606     3250     6012     3885     2485     2485     1227     6095     6619     8345     4763     2460     5719     6053     395      1463     1957     6374     7206     4386     3120     6074     6273     794      5903     
30       7119     7215     4130     2689     5654     4388     5754     3743     2817     2898     3174     7374     920      6350     5886     4293     3919     5585     8372     3507     5997     9329     4408     5705     4543     8722     2318     7424     2775     3739     0        4093     5666     8112     3577     5536     3870     4159     2473     5545     5614     3728     2199     6508     5662     7191     8256     8576     4579     4399     563      7795     7121     3490     5396     255      6804     3899     8247     322      5091     1269     4926     4801     8296     8142     4234     5717     6650     8242     3344     5195     2189     7330     7754     7082     6768     6598     7948     4453     5988     
31       4335     3496     3660     1633     4769     761      2917     3022     3721     3632     4199     3579     3314     2681     4939     3651     4379     2803     5193     1565     3692     5711     2872     3554     5354     5501     3937     3513     3766     3578     4093     0        2461     4684     621      6142     829      425      4444     2618     1521     4292     3732     4162     1574     3367     5266     4626     2924     2626     4123     4399     3548     3339     1303     3842     3011     330      4332     3945     2318     3353     3886     2832     4214     4799     1377     5937     2596     4305     3423     4209     4232     3291     3888     3632     4881     2701     3871     4222     2358     
32       1878     4575     2950     3877     3232     1714     4943     2627     6087     3780     4178     4507     5140     952      3311     2816     3907     600      2814     2159     1513     3667     1913     1543     4722     3147     6205     4214     3983     3153     5666     2461     0        5913     3010     5173     3287     2826     6701     4660     2172     3931     5987     1856     2074     1807     2829     3232     1802     5039     5898     2137     1491     5788     2128     5416     1456     2343     2868     5637     676      4536     2603     5186     3516     6102     3763     4782     3099     2905     3285     2810     4783     3623     4603     1417     2701     3678     3183     3360     3900     
33       7382     1338     8231     5480     9044     5077     2419     7633     6137     8316     8883     1436     7195     5266     9161     8185     9029     6502     7387     6223     7424     6823     7293     7446     9996     7521     6693     1817     8446     8212     8112     4684     5913     0        4869     10715    4416     4362     7077     2581     3808     8957     6602     7702     3883     5067     7727     5066     7284     3908     7891     6527     5759     5265     3928     7902     5058     5012     5095     7855     6269     7789     8258     3556     3860     242      3914     10437    2840     4987     8093     8541     8844     2518     1525     6038     8580     2239     3854     8775     2326     
34       4866     3777     3770     1019     5017     1297     2852     3113     3112     3521     4096     3897     2756     3295     5205     3792     4383     3291     5780     1671     4133     6331     3117     3964     5356     6094     3315     3890     3627     3623     3577     621      3010     4869     0        6206     505      584      3822     2563     2085     4273     3110     4625     2152     3989     5834     5239     3199     2250     3562     5001     4159     2780     1873     3330     3633     669      4949     3404     2779     2967     4116     2521     4784     4957     1140     6054     3072     4920     3406     4449     3975     3754     4244     4233     5293     3063     4447     4332     2572     
35       4986     9421     2490     6243     2121     5642     9035     3120     7896     2919     2440     9423     5861     6103     2182     2529     1865     4606     6276     4583     4009     7778     3440     3792     999      6572     7590     9210     2934     2583     5536     6142     5173     10715    6206     0        6710     6538     7892     8739     6956     2017     7403     4155     6903     6863     5889     8152     3477     8331     6086     6320     6286     8200     6807     5444     6572     5817     7797     5781     4607     4495     2571     8665     8665     10861    7347     552      8094     7865     2829     2383     3347     8705     9610     6038     3595     8526     8344     1939     8432     
36       5163     3378     4267     1193     5487     1590     2348     3612     3005     4020     4595     3518     3003     3441     5669     4285     4888     3630     5990     2161     4509     6427     3583     4361     5861     6291     3295     3553     4122     4127     3870     829      3287     4416     505      6710     0        490      3798     2061     1997     4778     3104     4985     2085     4055     6080     5219     3655     1814     3790     5177     4308     2542     1807     3634     3722     1037     4953     3667     3138     3379     4589     2054     4654     4494     637      6553     2837     4913     3911     4920     4440     3493     3887     4413     5690     2728     4332     4830     2155     
37       4705     3226     4063     1553     5193     1164     2504     3419     3488     3966     4537     3333     3329     2951     5365     4060     4755     3200     5506     1955     4102     5938     3294     3972     5732     5804     3759     3313     4088     3965     4159     425      2826     4362     584      6538     490      0        4264     2206     1550     4661     3563     4564     1629     3568     5603     4754     3349     2224     4131     4689     3818     3031     1348     3913     3233     727      4480     3982     2727     3534     4308     2414     4237     4464     959      6345     2491     4443     3790     4633     4497     3170     3671     3926     5296     2487     3906     4626     2042     
38       8451     6541     6112     2842     7650     5060     4679     5574     943      5063     5463     6764     2047     7107     7878     6240     6147     6833     9515     4730     7494     10152    6048     7246     6894     9844     506      6953     4996     5765     2473     4444     6701     7077     3822     7892     3798     4264     0        4584     5795     5964     716      8019     5884     7809     9511     9017     6198     3188     1916     8782     7966     1813     5605     2491     7455     4430     8745     2174     6298     3403     6812     3521     8414     7035     3777     8006     6514     8708     5381     7125     4587     7098     7191     8017     8483     6203     8105     6546     5419     
39       6464     1986     6268     2968     7369     3256     300      5622     3641     6082     6657     2230     4625     4401     7530     6266     6936     5154     6950     4158     6100     6940     5483     6022     7912     7189     4166     2499     6181     6159     5545     2618     4660     2581     2563     8739     2061     2206     4584     0        2597     6832     4057     6507     2714     4661     7161     5373     5525     1402     5310     6065     5172     2806     2567     5342     4455     2932     5224     5281     4757     5318     6496     1140     4416     2598     1456     8551     2511     5145     5963     6815     6458     2859     2664     5375     7311     1922     4199     6831     1108     
40       3888     2482     4502     3095     5236     1454     2859     3951     4982     4825     5357     2467     4830     1804     5354     4434     5366     2734     4370     2685     3678     4541     3517     3667     6306     4624     5292     2267     4990     4541     5614     1521     2172     3808     2085     6956     1997     1550     5795     2597     0        5322     5102     4022     117      2170     4565     3227     3493     3325     5639     3493     2595     4424     219      5362     1903     1736     2975     5466     2463     4825     4458     3353     2699     3980     2147     6651     1189     2928     4494     4735     5578     1873     2666     2783     4873     1578     2362     5026     1733     
41       4476     7710     1007     4234     2101     3908     7123     1380     5904     913      580      7746     3917     4880     2320     1176     191      3480     5857     2735     3287     7198     2018     2987     1087     6198     5630     7586     970      795      3728     4292     3931     8957     4273     2017     4778     4661     5964     6832     5322     0        5435     3664     5290     5736     5578     7143     2139     6338     4247     5615     5307     6185     5145     3592     5387     3962     6778     3930     3269     2568     1710     6682     7411     9083     5408     2046     6504     6823     871      1822     1648     7163     7984     5122     3537     6842     7066     893      6638     
42       7746     5976     5507     2126     7034     4344     4185     4945     629      4524     4962     6188     1555     6392     7260     5626     5613     6127     8800     4037     6804     9437     5383     6562     6408     9128     221      6352     4477     5174     2199     3732     5987     6602     3110     7403     3104     3563     716      4057     5102     5435     0        7328     5188     7098     8800     8318     5529     2695     1702     8066     7250     1440     4909     2147     6743     3713     8042     1878     5592     2915     6180     3062     7741     6580     3129     7480     5859     8007     4799     6498     4163     6460     6610     7301     7813     5583     7427     5964     4820     
43       844      6368     2715     5331     2035     3402     6793     2825     7540     3953     4121     6275     6205     2458     1991     2527     3552     1367     2210     3291     525      3646     2101     803      4055     2542     7550     5947     4154     3083     6508     4162     1856     7702     4625     4155     4985     4564     8019     6507     4022     3664     7328     0        3921     2968     1914     4081     1929     6787     6866     2166     2286     7377     3985     6284     2788     3967     3745     6566     1848     5255     1955     6970     4796     7901     5522     3655     4863     3827     3399     1926     5029     5304     6320     2000     884      5487     4524     2821     5754     
44       3776     2553     4457     3166     5162     1449     2975     3916     5077     4810     5338     2527     4888     1687     5277     4385     5330     2642     4252     2676     3584     4431     3463     3579     6265     4507     5380     2310     4979     4506     5662     1574     2074     3883     2152     6903     2085     1629     5884     2714     117      5290     5188     3921     0        2057     4448     3134     3434     3439     5697     3375     2478     4528     280      5409     1786     1772     2876     5519     2386     4852     4394     3470     2639     4059     2254     6590     1213     2831     4469     4667     5581     1884     2710     2666     4775     1647     2298     4976     1838     
45       2419     3805     4747     4993     4811     2837     4888     4431     7057     5570     5983     3643     6543     886      4837     4606     5706     2288     2361     3752     2905     2379     3718     3079     6491     2555     7302     3250     5771     4960     7191     3367     1807     5067     3989     6863     4055     3568     7809     4661     2170     5736     7098     2968     2057     0        2666     1439     3600     5495     7340     1476     722      6562     2303     6936     389      3422     1083     7112     2480     6162     4323     5512     1835     5291     4303     6427     2344     1105     5088     4479     6546     2552     3574     1019     3831     3054     1557     5129     3632     
46       1147     6472     4625     6702     3820     4536     7415     4681     8916     5840     6032     6308     7848     2763     3716     4438     5464     2702     466      4843     2341     1987     3918     2651     5917     687      9019     5910     6044     4986     8256     5266     2829     7727     5834     5889     6080     5603     9511     7161     4565     5578     8800     1914     4448     2666     0        3101     3745     7767     8563     1202     2018     8605     4621     8019     2750     5169     2873     8278     3230     7034     3868     7864     4164     7954     6499     5354     4997     2982     5286     3815     6918     5209     6221     1788     2294     5702     4011     4729     6208     
47       3358     4012     6145     6258     6054     4191     5544     5859     8210     7006     7410     3782     7889     2326     6048     5996     7104     3667     2661     5176     4143     1758     5131     4364     7852     2667     8512     3353     7208     6376     8576     4626     3232     5066     5239     8152     5219     4754     9017     5373     3227     7143     8318     4081     3134     1439     3101     0        5004     6430     8694     2034     1870     7628     3412     8320     1822     4733     364      8480     3908     7580     5662     6370     1212     5306     5348     7686     2862     337      6518     5784     7986     2696     3553     2113     4872     3512     1243     6496     4269     
48       2597     5972     1148     3674     1845     2282     5825     947      5811     2135     2441     5960     4311     2754     2017     1018     2106     1346     3937     1588     1425     5154     173      1127     2934     4289     5750     5736     2342     1382     4579     2924     1802     7284     3199     3477     3655     3349     6198     5525     3493     2139     5529     1929     3434     3600     3745     5004     0        5449     4946     3557     3175     5777     3357     4356     3257     2635     4639     4643     1162     3326     982      5709     5309     7443     4272     3157     4618     4684     1592     1291     3203     5230     6135     3004     2285     5070     4970     1583     5053     
49       6915     3382     5963     2132     7263     3384     1494     5306     2245     5496     6057     3618     3487     5038     7453     6003     6472     5424     7630     3905     6318     7860     5366     6175     7423     7907     2786     3854     5553     5770     4399     2626     5039     3908     2250     8331     1814     2224     3188     1402     3325     6338     2695     6787     3439     5495     7767     6430     5449     0        4087     6776     5882     1404     3207     4224     5219     2852     6228     4108     4945     4417     6360     403      5600     3886     1276     8228     3648     6165     5501     6693     5657     4120     4051     6033     7504     3182     5340     6517     2354     
