

sets
i        orders          /0*80/
k        routes          /1*80/
p        positions       /0*80/
;

alias(i,j)
alias(i,h)
alias(i,hh)
alias(i,jj)
alias(k,kk)
                            Parameters

rho(i)	Processing time
/
0	0
1	11
2	10
3	89
4	82
5	25
6	94
7	75
8	70
9	23
10	78
11	87
12	36
13	59
14	42
15	27
16	47
17	32
18	75
19	93
20	7
21	41
22	1
23	12
24	13
25	44
26	27
27	5
28	54
29	88
30	16
31	68
32	46
33	77
34	74
35	25
36	19
37	95
38	36
39	50
40	29
41	2
42	11
43	76
44	15
45	58
46	87
47	15
48	98
49	5
50	7
51	15
52	3
53	52
54	66
55	11
56	75
57	47
58	56
59	30
60	48
61	65
62	77
63	82
64	90
65	94
66	44
67	66
68	14
69	99
70	43
71	5
72	42
73	58
74	19
75	36
76	49
77	19
78	31
79	7
80	16
/

gamma(i)	Duedate
/
0	0
1	49
2	61
3	49
4	34
5	76
6	57
7	40
8	26
9	58
10	32
11	84
12	3
13	57
14	69
15	32
16	96
17	62
18	78
19	22
20	70
21	78
22	30
23	56
24	2
25	83
26	10
27	65
28	5
29	84
30	55
31	64
32	58
33	43
34	29
35	24
36	43
37	64
38	33
39	24
40	37
41	57
42	40
43	57
44	26
45	66
46	15
47	16
48	29
49	53
50	5
51	42
52	97
53	53
54	53
55	65
56	87
57	67
58	72
59	64
60	15
61	3
62	28
63	68
64	93
65	3
66	24
67	53
68	40
69	19
70	99
71	7
72	68
73	67
74	52
75	20
76	35
77	32
78	50
79	15
80	44
/

sigma(i)	Size
/
0	0
1	1
2	4
3	3
4	4
5	8
6	2
7	9
8	8
9	5
10	7
11	5
12	7
13	2
14	8
15	8
16	3
17	5
18	7
19	8
20	8
21	4
22	1
23	1
24	1
25	6
26	5
27	9
28	2
29	1
30	7
31	3
32	2
33	5
34	9
35	7
36	2
37	5
38	2
39	6
40	6
41	8
42	6
43	5
44	2
45	5
46	2
47	6
48	4
49	4
50	4
51	4
52	8
53	9
54	1
55	2
56	2
57	8
58	4
59	5
60	1
61	1
62	6
63	2
64	5
65	8
66	6
67	3
68	3
69	7
70	9
71	9
72	4
73	2
74	9
75	7
76	8
77	8
78	9
79	3
80	4
/

epsilon(i)	Priority
/
0	0
1	1
2	1
3	5
4	6
5	3
6	8
7	5
8	9
9	8
10	6
11	1
12	1
13	9
14	9
15	5
16	1
17	9
18	1
19	2
20	2
21	5
22	2
23	9
24	5
25	3
26	7
27	6
28	9
29	1
30	5
31	3
32	3
33	2
34	1
35	5
36	7
37	5
38	5
39	9
40	8
41	5
42	9
43	7
44	2
45	9
46	9
47	8
48	6
49	5
50	8
51	6
52	7
53	7
54	5
55	6
56	2
57	4
58	7
59	2
60	7
61	2
62	8
63	6
64	3
65	4
66	4
67	4
68	7
69	9
70	2
71	9
72	5
73	8
74	7
75	9
76	7
77	1
78	1
79	7
80	9
/

psi	Vehicle Capacity
/ 46 /
;

Table kappa(i,j)                 Setup
         0        1        2        3        4        5        6        7        8        9        10       11       12       13       14       15       16       17       18       19       20       21       22       23       24       25       26       27       28       29       30       31       32       33       34       35       36       37       38       39       40       41       42       43       44       45       46       47       48       49       50       51       52       53       54       55       56       57       58       59       60       61       62       63       64       65       66       67       68       69       70       71       72       73       74       75       76       77       78       79       80       
0        0        7311     7055     7142     7864     4409     7868     4369     5820     4284     5092     2390     7261     7725     2462     8081     7913     6189     4116     8730     3225     1781     2725     485      8315     7530     6676     7648     4962     6193     1030     6941     235      8142     4159     5621     4465     4978     2331     5665     4767     4348     5918     5091     6921     9322     7420     6869     7796     3164     4586     7593     2222     5934     5828     5694     2083     5943     3357     8548     6170     6103     7115     1193     1515     7324     1494     2277     4831     5994     3603     2818     6324     4184     2639     6107     3159     1805     7080     2928     6831     
1        7311     0        4544     7821     4949     6939     1198     2972     1727     3435     4431     5317     6061     5129     8951     1086     3148     7342     4860     3250     5938     6042     5265     7457     7928     667      6648     1210     2374     3266     7837     2082     7200     4290     5056     2701     6491     3842     5159     1698     5888     4804     7122     2696     4615     2744     3903     3772     6402     5216     5013     5832     8108     6150     6726     1725     6995     2081     3954     2847     4443     1209     1730     6410     6650     6567     6216     8324     5137     5189     5583     7362     3270     3151     4750     2329     8186     5578     329      5056     6692     
2        7055     4544     0        3518     819      3958     3794     4107     3453     5672     7432     4708     1551     770      7393     4178     1941     3361     2945     2725     4048     6853     6660     6894     3394     4039     2380     3591     4002     1481     6959     2467     6841     1284     2936     2427     3523     6792     4891     4596     2836     7338     3256     3046     172      4044     852      772      1859     6957     2534     1292     6487     2246     2885     3699     5514     2826     4821     2870     885      4196     2842     6836     5676     2080     6837     6703     7925     1376     3588     5356     1406     4201     4812     2433     5990     5435     4245     4147     2367     
3        7142     7821     3518     0        3654     2740     7246     6327     6374     7814     9605     5449     2051     3359     6258     7632     5452     954      3916     6178     4061     7794     8041     6778     1347     7414     1176     7025     6525     4556     6556     5840     6908     4551     3718     5236     2708     9043     5797     7377     2673     9256     1234     5591     3384     7542     4362     4205     2114     8479     3420     2532     5549     1767     1437     6556     5084     5820     6527     6369     3379     7168     6230     7508     5640     1545     7649     5697     9897     2641     3862     4469     4561     6323     5998     5507     4637     6180     7499     4987     1156     
4        7864     4949     819      3654     0        4580     4049     4862     4072     6410     8145     5525     1606     295      8118     4418     1979     3707     3749     2566     4816     7671     7462     7693     3217     4380     2636     3880     4709     2177     7742     2883     7648     907      3727     3131     4171     7498     5710     5223     3514     8087     3662     3780     943      3963     1048     1356     1662     7747     3315     1135     7220     2732     3332     4329     6278     3447     5617     2816     1694     4769     3219     7656     6469     2114     7656     7432     8662     2035     4363     6074     2076     4967     5630     3046     6668     6254     4675     4963     2574     
5        4409     6939     3958     2740     4580     0        6785     4594     5241     5824     7502     2983     3370     4334     3717     7141     5645     1791     2112     6521     1529     5212     5612     4038     3973     6748     2490     6535     4996     4077     3827     5386     4175     5243     1901     4266     470      7027     3359     5950     1172     7022     1537     4284     3786     7651     4695     4256     3824     6088     1941     3841     2907     1931     1552     5326     2344     4876     4412     6544     3234     5964     5741     4861     2920     3232     5034     3084     7660     2582     1569     1766     4159     4520     3669     4724     2144     3632     6614     2660     2643     
6        7868     1198     3794     7246     4049     6785     0        3519     2048     4361     5553     5678     5346     4267     9246     385      2117     6894     4829     2073     6017     6792     6109     7947     7175     541      6074     251      2951     2785     8266     1436     7729     3290     4994     2578     6319     4939     5595     2592     5656     5859     6709     2865     3898     1632     3040     3053     5614     6131     4850     5041     8362     5691     6309     2196     7241     2039     4571     1666     3908     1983     1055     7089     7006     5873     6930     8585     6243     4696     5607     7490     2741     3705     5235     2078     8294     6076     1123     5315     6093     
7        4369     2972     4107     6327     4862     4594     3519     0        1480     1579     3378     2378     5179     4876     6008     3715     4047     5580     2541     4718     3281     3319     2784     4489     6918     3161     5284     3311     598      2698     4865     2826     4244     4710     2762     1776     4221     2766     2190     1471     3815     3230     5302     1099     4061     5045     4008     3532     5682     2964     2944     5216     5194     4565     4958     1328     4103     1780     1057     4449     3453     1767     2892     3575     3697     5545     3432     5403     3824     3877     3049     4574     2813     186      1777     2087     5397     2608     2721     2219     5389     
8        5820     1727     3453     6374     4072     5241     2048     1480     0        2607     4170     3671     4825     4168     7284     2273     2801     5795     3145     3353     4211     4789     4182     5907     6680     1740     5227     1833     950      1985     6242     1491     5683     3685     3346     1139     4802     3516     3561     1151     4231     4262     5553     970      3469     3567     3074     2729     5252     4281     3338     4714     6422     4637     5166     266      5303     627      2537     3044     3083     794      1460     5056     5007     5284     4910     6641     4765     3741     3857     5642     2048     1665     3190     1027     6464     4031     1417     3361     5296     
9        4284     3435     5672     7814     6410     5824     4361     1579     2607     0        1808     3077     6754     6438     6399     4432     5397     7017     3926     5953     4361     2730     1857     4562     8472     3879     6812     4213     1738     4234     5054     4096     4240     6187     4139     3285     5512     1230     2743     1772     5215     1685     6730     2630     5633     5988     5511     5065     7260     1782     4395     6795     5722     6071     6411     2355     4756     3120     1426     5629     5033     2377     4047     3200     4167     7109     2952     5901     2253     5438     4257     5393     4340     1525     2309     3491     6172     2885     3312     3199     6925     
10       5092     4431     7432     9605     8145     7502     5553     3378     4170     1808     0        4600     8557     8192     7468     5515     6953     8789     5698     7394     5995     3314     2374     5484     10281    5020     8618     5466     3436     5970     6034     5634     5128     7846     5907     5015     7226     653      4230     3096     6980     772      8498     4387     7404     7164     7203     6790     9060     1931     6184     8585     6937     7871     8191     3903     6118     4753     3110     7032     6826     3694     5503     3898     5445     8917     3598     7083     726      7246     5956     6835     6068     3333     3854     5147     7553     4189     4430     4843     8731     
11       2390     5317     4708     5449     5525     2983     5678     2378     3671     3077     4600     0        5108     5408     3635     5936     5533     4529     1830     6363     1456     2366     2633     2336     6434     5411     4720     5443     2959     3803     2593     4621     2197     5759     1932     3281     2803     4195     377      3839     2807     4064     4234     2821     4584     7038     5033     4483     5654     3105     2354     5373     2817     3935     4021     3604     1743     3673     1682     6200     3832     4128     4833     2188     1337     5267     2260     3025     4696     3767     1588     2319     3935     2219     769      3784     3113     768      5042     565      4866     
12       7261     6061     1551     2051     1606     3370     5346     5179     4825     6754     8557     5108     0        1311     7069     5730     3437     2163     3290     4132     4046     7433     7430     7004     1870     5580     1070     5141     5210     2857     6943     4000     7031     2500     3176     3713     3047     7940     5379     5931     2532     8355     2173     4230     1454     5507     2358     2305     547      7796     2754     524      6217     1443     1911     5048     5422     4215     5681     4339     1762     5602     4381     7296     5771     534      7359     6411     8973     1373     3659     5050     2822     5231     5428     3848     5515     5875     5754     4555     983      
13       7725     5129     770      3359     295      4334     4267     4876     4168     6438     8192     5408     1311     0        7906     4641     2229     3417     3609     2849     4637     7595     7423     7539     2953     4577     2342     4089     4757     2226     7570     3051     7506     1196     3572     3179     3934     7549     5610     5317     3292     8106     3377     3810     845      4242     1233     1439     1388     7724     3152     846      7013     2464     3054     4420     6092     3540     5588     3088     1582     4887     3401     7559     6310     1820     7570     7223     8691     1822     4190     5861     2137     4971     5552     3141     6437     6148     4846     4844     2279     
14       2462     8951     7393     6258     8118     3717     9246     6008     7284     6399     7468     3635     7069     7906     0        9528     8742     5380     4642     9620     3408     4205     5098     2010     7580     9018     6205     9003     6594     6996     1448     8063     2369     8639     4563     6729     4023     7275     3832     7455     4616     6750     5181     6384     7231     10492    7986     7467     7538     5569     4905     7516     917      5625     5263     7233     2015     7210     5182     9534     6547     7764     8328     3620     2313     6949     3919     694      7266     6085     3876     2045     7114     5843     4272     7247     1622     3532     8672     3932     6357     
15       8081     1086     4178     7632     4418     7141     385      3715     2273     4432     5515     5936     5730     4641     9528     0        2470     7276     5161     2339     6335     6941     6220     8179     7556     563      6459     617      3130     3162     8515     1815     7950     3643     5332     2908     6675     4919     5834     2660     6018     5868     7089     3145     4283     1659     3417     3438     5994     6213     5202     5421     8652     6072     6688     2387     7530     2344     4755     1932     4291     2077     1430     7263     7270     6257     7092     8873     6217     5078     5933     7803     3121     3901     5460     2421     8612     6301     1122     5595     6479     
16       7913     3148     1941     5452     1979     5645     2117     4047     2801     5397     6953     5533     3437     2229     8742     2470     0        5287     4100     885      5336     7276     6829     7862     5181     2519     4322     1984     3675     1757     8049     1319     7728     1173     4186     2351     5180     6302     5592     3866     4474     7063     5161     2994     2090     2104     1090     1396     3614     7000     3885     3053     7825     4132     4776     3063     6754     2290     5023     933      2424     3300     1504     7414     6733     3970     7336     8049     7564     3171     4872     6779     1633     4204     5363     1960     7506     6139     2922     5032     4305     
17       6189     7342     3361     954      3707     1791     6894     5580     5795     7017     8789     4529     2163     3417     5380     7276     5287     0        3092     6086     3121     6861     7140     5827     2206     6998     1093     6660     5836     4124     5614     5461     5954     4547     2882     4677     1760     8247     4885     6728     1809     8406     296      4944     3203     7390     4210     3940     2445     7588     2637     2688     4637     1204     631      5952     4134     5285     5689     6220     2989     6582     5849     6563     4686     1803     6709     4795     9048     2199     2950     3535     4155     5559     5108     5013     3760     5249     7015     4087     1197     
18       4116     4860     2945     3916     3749     2112     4829     2541     3145     3926     5698     1830     3290     3609     4642     5161     4100     3092     0        4978     1243     4144     4206     3948     4735     4725     3017     4578     2896     2355     4035     3510     3899     4094     221      2253     1700     5156     2089     3844     1290     5341     2803     2179     2807     5905     3398     2860     3837     4613     543      3543     3726     2235     2493     3217     2660     2836     2610     4902     2059     3854     3823     4016     2737     3487     4069     3950     5981     1938     791      2713     2471     2495     2165     2752     3489     2593     4539     1269     3151     
19       8730     3250     2725     6178     2566     6521     2073     4718     3353     5953     7394     6363     4132     2849     9620     2339     885      6086     4978     0        6217     8006     7496     8698     5771     2582     5083     2042     4282     2626     8901     1892     8551     1661     5068     3120     6058     6752     6401     4304     5351     7581     5977     3721     2886     1404     1882     2265     4227     7628     4770     3696     8704     4958     5601     3599     7626     2938     5735     407      3291     3699     1909     8179     7586     4658     8083     8928     8042     4018     5753     7663     2506     4887     6147     2670     8391     6942     3100     5876     5051     
20       3225     5938     4048     4061     4816     1529     6017     3281     4211     4361     5995     1456     4046     4637     3408     6335     5336     3121     1243     6217     0        3742     4088     2958     5139     5871     3464     5767     3765     3597     2935     4735     2993     5260     1155     3442     1367     5542     1830     4719     1542     5498     2830     3245     3894     7143     4589     4063     4576     4561     1518     4404     2491     2710     2666     4235     1465     3991     2936     6145     3178     4846     5035     3449     1725     4098     3588     2714     6134     2837     469      1479     3712     3175     2147     3954     2277     2135     5628     1162     3618     
21       1781     6042     6853     7794     7671     5212     6792     3319     4789     2730     3314     2366     7433     7595     4205     6941     7276     6861     4144     8006     3742     0        969      2197     8801     6378     7086     6600     3849     5699     2757     6125     1838     7751     4274     4926     5108     3240     2058     4345     5172     2567     6568     4288     6752     8356     7018     6483     7980     1384     4684     7660     3793     6301     6377     4604     3218     5078     2274     7756     6016     4874     6211     588      2496     7620     287      3904     3061     6071     3946     4005     5829     3140     2043     5338     4578     1615     5861     2891     7231     
22       2725     5265     6660     8041     7462     5612     6109     2784     4182     1857     2374     2633     7430     7423     5098     6220     6829     7140     4206     7496     4088     969      0        3110     8940     5659     7220     5936     3232     5378     3660     5604     2754     7430     4373     4519     5433     2270     2264     3573     5371     1656     6844     3848     6579     7711     6708     6197     7971     501      4747     7595     4603     6435     6604     3967     3878     4561     1851     7214     5876     4143     5637     1537     3172     7680     1243     4737     2213     6057     4191     4640     5503     2625     2050     4869     5295     2018     5114     3054     7357     
23       485      7457     6894     6778     7693     4038     7947     4489     5907     4562     5484     2336     7004     7539     2010     8179     7862     5827     3948     8698     2958     2197     3110     0        7979     7635     6368     7720     5087     6121     562      6950     359      8022     3967     5614     4131     5333     2355     5844     4485     4753     5563     5124     6753     9356     7308     6760     7532     3569     4387     7359     1736     5644     5497     5800     1694     5979     3521     8536     6008     6247     7148     1610     1235     7037     1910     1792     5258     5774     3368     2389     6250     4308     2720     6113     2684     1881     7211     2833     6524     
24       8315     7928     3394     1347     3217     3973     7175     6918     6680     8472     10281    6434     1870     2953     7580     7556     5181     2206     4735     5771     5139     8801     8940     7979     0        7434     1720     6980     7009     4724     7798     5859     8080     4112     4568     5557     3851     9683     6757     7770     3633     10015    2436     6034     3313     7174     4144     4161     1568     9347     4197     2137     6843     2508     2486     6897     6297     6077     7293     6034     3599     7463     6236     8571     6800     1398     8683     7001     10646    3042     4862     5733     4692     6949     6893     5715     5958     7192     7623     5925     1583     
25       7530     667      4039     7414     4380     6748     541      3161     1740     3879     5020     5411     5580     4577     9018     563      2519     6998     4725     2582     5871     6378     5659     7635     7434     0        6238     548      2573     2875     7980     1582     7401     3678     4905     2485     6288     4412     5297     2106     5650     5343     6795     2647     4126     2148     3344     3275     5888     5658     4807     5315     8149     5796     6395     1836     7028     1889     4197     2179     4040     1516     1198     6702     6747     6098     6530     8369     5714     4812     5483     7329     2856     3347     4915     2032     8144     5756     591      5088     6270     
26       6676     6648     2380     1176     2636     2490     6074     5284     5227     6812     8618     4720     1070     2342     6205     6459     4322     1093     3017     5083     3464     7086     7220     6368     1720     6238     0        5851     5434     3382     6238     4664     6441     3499     2847     4088     2258     8034     5038     6257     1933     8323     1125     4480     2236     6423     3232     3040     1388     7630     2483     1594     5394     787      942      5418     4716     4661     5594     5248     2205     6021     5054     6871     5161     757      6974     5574     8958     1486     3158     4240     3385     5299     5173     4340     4611     5481     6327     4205     156      
27       7648     1210     3591     7025     3880     6535     251      3311     1833     4213     5466     5443     5141     4089     9003     617      1984     6660     4578     2042     5767     6600     5936     7720     6980     548      5851     0        2753     2544     8033     1198     7506     3150     4742     2327     6069     4843     5366     2456     5407     5743     6471     2626     3690     1777     2857     2841     5423     5974     4599     4850     8118     5456     6071     1997     6996     1794     4366     1642     3677     1840     813      6885     6769     5666     6733     8340     6146     4462     5356     7241     2504     3497     5012     1827     8044     5853     1068     5074     5873     
28       4962     2374     4002     6525     4709     4996     2951     598      950      1738     3436     2959     5210     4757     6594     3130     3675     5836     2896     4282     3765     3849     3232     5087     7009     2573     5434     2753     0        2534     5462     2397     4840     4450     3115     1579     4597     2791     2785     958      4126     3422     5569     980      3981     4508     3782     3354     5688     3345     3230     5187     5770     4757     5206     755      4670     1387     1624     3986     3452     1171     2406     4138     4286     5617     3980     5982     3969     3978     3489     5109     2632     779      2375     1753     5935     3207     2123     2758     5526     
29       6193     3266     1481     4556     2177     4077     2785     2698     1985     4234     5970     3803     2857     2226     6996     3162     1757     4124     2355     2626     3597     5699     5378     6121     4724     2875     3382     2544     2534     0        6294     1349     6001     2057     2458     954      3606     5325     3893     3119     2917     5913     3929     1606     1485     3594     1330     834      3269     5626     2202     2729     6080     2921     3528     2223     5000     1363     3527     2549     1177     2749     1731     5774     4978     3338     5726     6304     6485     1937     3138     5057     132      2814     3710     990      5808     4445     2946     3287     3427     
30       1030     7837     6959     6556     7742     3827     8266     4865     6242     5054     6034     2593     6943     7570     1448     8515     8049     5614     4035     8901     2935     2757     3660     562      7798     7980     6238     8033     5462     6294     0        7205     920      8129     4023     5861     3980     5866     2684     6258     4411     5309     5364     5414     6810     9628     7430     6886     7459     4125     4427     7327     1249     5546     5337     6154     1525     6266     3941     8762     6077     6631     7425     2171     1316     6934     2471     1268     5818     5773     3379     2095     6422     4687     3087     6370     2246     2273     7580     3030     6394     
31       6941     2082     2467     5840     2883     5386     1436     2826     1491     4096     5634     4621     4000     3051     8063     1815     1319     5461     3510     1892     4735     6125     5604     6950     5859     1582     4664     1198     2397     1349     7205     0        6775     2314     3654     1345     4917     4982     4612     2549     4242     5753     5273     1863     2547     2431     1834     1698     4323     5741     3467     3752     7159     4257     4872     1749     6048     1048     3851     1632     2480     1996     390      6321     5906     4516     6213     7384     6247     3263     4300     6214     1305     2997     4320     837      6998     5138     1795     4184     4692     
32       235      7200     6841     6908     7648     4175     7729     4244     5683     4240     5128     2197     7031     7506     2369     7950     7728     5954     3899     8551     2993     1838     2754     359      8080     7401     6441     7506     4840     6001     920      6775     0        7938     3938     5449     4230     4985     2163     5568     4534     4396     5683     4932     6705     9166     7217     6667     7565     3211     4364     7366     2054     5701     5593     5565     1854     5786     3250     8376     5956     5990     6957     1251     1280     7091     1551     2126     4899     5769     3374     2597     6132     4060     2494     5940     2966     1653     6962     2725     6597     
33       8142     4290     1284     4551     907      5243     3290     4710     3685     6187     7846     5759     2500     1196     8639     3643     1173     4547     4094     1661     5260     7751     7430     8022     4112     3678     3499     3150     4450     2057     8129     2314     7938     0        4119     2933     4806     7193     5892     4814     4116     7872     4474     3611     1456     3062     733      1279     2566     7664     3742     2042     7727     3495     4122     3950     6723     3093     5582     1930     2091     4297     2590     7805     6827     3016     7769     7945     8414     2660     4793     6611     1929     4841     5744     2703     7263     6444     4045     5214     3450     
34       4159     5056     2936     3718     3727     1901     4994     2762     3346     4139     5907     1932     3176     3572     4563     5332     4186     2882     221      5068     1155     4274     4373     3967     4568     4905     2847     4742     3115     2458     4023     3654     3938     4119     0        2425     1482     5369     2216     4062     1075     5538     2592     2384     2790     6032     3438     2909     3722     4789     429      3455     3646     2061     2289     3425     2607     3018     2811     5008     2053     4063     3977     4120     2742     3346     4187     3869     6179     1847     687      2599     2569     2715     2325     2915     3355     2700     4733     1384     2985     
35       5621     2701     2427     5236     3131     4266     2578     1776     1139     3285     5015     3281     3713     3179     6729     2908     2351     4677     2253     3120     3442     4926     4519     5614     5557     2485     4088     2327     1579     954      5861     1345     5449     2933     2425     0        3808     4371     3289     2217     3189     4968     4444     677      2415     3775     2234     1780     4162     4733     2326     3641     5830     3507     4052     1340     4714     620      2687     2927     1958     1933     1601     5066     4560     4159     4984     6054     5534     2602     3028     4919     1055     1910     3026     518      5718     3826     2373     2838     4157     
36       4465     6491     3523     2708     4171     470      6319     4221     4802     5512     7226     2803     3047     3934     4023     6675     5180     1760     1700     6058     1367     5108     5433     4131     3851     6288     2258     6069     4597     3606     3980     4917     4230     4806     1482     3808     0        6728     3169     5545     706      6780     1473     3852     3351     7181     4243     3795     3530     5896     1482     3493     3171     1607     1366     4896     2461     4422     4119     6077     2777     5536     5273     4803     2952     2969     4951     3364     7421     2152     1272     2005     3689     4159     3436     4261     2504     3501     6164     2411     2415     
37       4978     3842     6792     9043     7498     7027     4939     2766     3516     1230     653      4195     7940     7549     7275     4919     6302     8247     5156     6752     5542     3240     2270     5333     9683     4412     8034     4843     2791     5325     5866     4982     4985     7193     5369     4371     6728     0        3837     2449     6444     1019     7959     3751     6766     6560     6552     6143     8438     1919     5625     7956     6681     7297     7641     3250     5795     4100     2614     6393     6201     3053     4857     3802     5153     8311     3512     6842     1303     6643     5466     6479     5422     2736     3431     4494     7228     3871     3821     4381     8144     
38       2331     5159     4891     5797     5710     3359     5595     2190     3561     2743     4230     377      5379     5610     3832     5834     5592     4885     2089     6401     1830     2058     2264     2355     6757     5297     5038     5366     2785     3893     2684     4612     2163     5892     2216     3289     3169     3837     0        3623     3141     3687     4589     2771     4775     7006     5160     4612     5926     2731     2627     5621     3056     4251     4365     3469     2026     3627     1382     6216     4027     3957     4797     1949     1519     5562     1982     3254     4318     4023     1936     2652     4025     2019     450      3777     3430     553      4897     834      5181     
39       5665     1698     4596     7377     5223     5950     2592     1471     1151     1772     3096     3839     5931     5317     7455     2660     3866     6728     3844     4304     4719     4345     3573     5844     7770     2106     6257     2456     958      3119     6258     2549     5568     4814     4062     2217     5545     2449     3623     0        5054     3297     6469     1787     4605     4223     4221     3879     6375     3552     4153     5845     6656     5616     6097     898      5572     1777     2322     3952     4173     619      2407     4724     5141     6372     4523     6863     3737     4778     4447     6043     3190     1620     3188     2178     6868     3985     1544     3688     6338     
40       4767     5888     2836     2673     3514     1172     5656     3815     4231     5215     6980     2807     2532     3292     4616     6018     4474     1809     1290     5351     1542     5172     5371     4485     3633     5650     1933     5407     4126     2917     4411     4242     4534     4116     1075     3189     706      6444     3141     5054     0        6598     1518     3308     2667     6480     3540     3088     3051     5806     901      2931     3733     1169     1235     4348     2890     3808     3879     5372     2072     4989     4604     4940     3260     2557     5049     3938     7240     1480     1229     2573     2995     3779     3325     3618     3157     3560     5559     2320     2084     
41       4348     4804     7338     9256     8087     7022     5859     3230     4262     1685     772      4064     8355     8106     6750     5868     7063     8406     5341     7581     5498     2567     1656     4753     10015    5343     8323     5743     3422     5913     5309     5753     4396     7872     5538     4968     6780     1019     3687     3297     6598     0        8111     4307     7291     7489     7196     6746     8874     1184     5852     8429     6255     7557     7827     4003     5488     4798     2732     7240     6666     3915     5673     3155     4797     8680     2854     6392     642      7011     5508     6228     6022     3145     3353     5174     6917     3575     4754     4371     8445     
42       5918     7122     3256     1234     3662     1537     6709     5302     5553     6730     8498     4234     2173     3377     5181     7089     5161     296      2803     5977     2830     6568     6844     5563     2436     6795     1125     6471     5569     3929     5364     5273     5683     4474     2592     4444     1473     7959     4589     6469     1518     8111     0        4689     3092     7259     4096     3795     2512     7292     2358     2693     4416     1033     400      5704     3873     5056     5396     6094     2817     6337     5659     6275     4412     1874     6419     4581     8753     2026     2654     3297     3967     5278     4812     4796     3567     4956     6794     3791     1255     
43       5091     2696     3046     5591     3780     4284     2865     1099     970      2630     4387     2821     4230     3810     6384     3145     2994     4944     2179     3721     3245     4288     3848     5124     6034     2647     4480     2626     980      1606     5414     1863     4932     3611     2384     677      3852     3751     2771     1787     3308     4307     4689     0        3016     4234     2909     2440     4707     4056     2407     4211     5507     3828     4313     1044     4385     855      2029     3492     2471     1685     2025     4461     4143     4640     4361     5728     4883     3011     2886     4688     1717     1233     2460     1051     5507     3286     2383     2451     4566     
44       6921     4615     172      3384     943      3786     3898     4061     3469     5633     7404     4584     1454     845      7231     4283     2090     3203     2807     2886     3894     6752     6579     6753     3313     4126     2236     3690     3981     1485     6810     2547     6705     1456     2790     2415     3351     6766     4775     4605     2667     7291     3092     3016     0        4194     1007     851      1801     6885     2383     1247     6325     2079     2719     3709     5359     2845     4747     3021     751      4224     2927     6723     5532     1975     6729     6540     7884     1204     3436     5192     1423     4149     4708     2458     5821     5316     4311     4021     2230     
45       9322     2744     4044     7542     3963     7651     1632     5045     3567     5988     7164     7038     5507     4242     10492    1659     2104     7390     5905     1404     7143     8356     7711     9356     7174     2148     6423     1777     4508     3594     9628     2431     9166     3062     6032     3775     7181     6560     7006     4223     6480     7489     7259     4234     4194     0        3191     3471     5625     7752     5796     5087     9586     6228     6872     3755     8477     3379     6102     1174     4485     3611     2209     8618     8334     6037     8477     9811     7862     5254     6697     8618     3499     5229     6684     3260     9387     7517     2739     6613     6402     
46       7420     3903     852      4362     1048     4695     3040     4008     3074     5511     7203     5033     2358     1233     7986     3417     1090     4210     3398     1882     4589     7018     6708     7308     4144     3344     3232     2857     3782     1330     7430     1834     7217     733      3438     2234     4243     6552     5160     4221     3540     7196     4096     2909     1007     3191     0        550      2578     6952     3080     2007     7071     3075     3718     3336     6045     2460     4858     2017     1470     3743     2173     7071     6122     2892     7035     7291     7751     2148     4120     5974     1205     4133     5010     2060     6655     5713     3627     4492     3215     
47       6869     3772     772      4205     1356     4256     3053     3532     2729     5065     6790     4483     2305     1439     7467     3438     1396     3940     2860     2265     4063     6483     6197     6760     4161     3275     3040     2841     3354     834      6886     1698     6667     1279     2909     1780     3795     6143     4612     3879     3088     6746     3795     2440     851      3471     550      0        2631     6454     2565     2063     6550     2761     3404     2982     5514     2101     4345     2319     1028     3450     2077     6527     5577     2825     6496     6772     7314     1783     3594     5466     724      3648     4468     1701     6165     5165     3473     3942     3049     
48       7796     6402     1859     2114     1662     3824     5614     5682     5252     7260     9060     5654     547      1388     7538     5994     3614     2445     3837     4227     4576     7980     7971     7532     1568     5888     1388     5423     5688     3269     7459     4323     7565     2566     3722     4162     3530     8438     5926     6375     3051     8874     2512     4707     1801     5625     2578     2631     0        8333     3301     573      6700     1924     2310     5484     5935     4633     6212     4476     2238     6017     4694     7843     6302     642      7906     6890     9489     1916     4197     5535     3218     5741     5973     4253     5965     6422     6104     5102     1258     
49       3164     5216     6957     8479     7747     6088     6131     2964     4281     1782     1931     3105     7796     7724     5569     6213     7000     7588     4613     7628     4561     1384     501      3569     9347     5658     7630     5974     3345     5626     4125     5741     3211     7664     4789     4733     5896     1919     2731     3552     5806     1184     7292     4056     6885     7752     6952     6454     8333     0        5149     7937     5095     6848     7041     4049     4380     4713     2139     7326     6200     4149     5741     1971     3673     8066     1670     5224     1717     6426     4643     5141     5747     2823     2481     5045     5796     2513     5094     3501     7763     
