

sets
i        orders          /0*80/
k        routes          /1*80/
p        positions       /0*80/
;

alias(i,j)
alias(i,h)
alias(i,hh)
alias(i,jj)
alias(k,kk)
                            Parameters

rho(i)	Processing time
/
0	0
1	24
2	14
3	59
4	26
5	4
6	76
7	35
8	45
9	36
10	61
11	11
12	22
13	81
14	99
15	19
16	75
17	29
18	27
19	66
20	74
21	79
22	82
23	81
24	99
25	60
26	43
27	89
28	76
29	7
30	1
31	73
32	12
33	72
34	9
35	86
36	72
37	88
38	56
39	25
40	4
41	6
42	86
43	21
44	27
45	90
46	93
47	36
48	15
49	78
50	50
51	54
52	30
53	32
54	89
55	38
56	69
57	7
58	98
59	62
60	65
61	17
62	63
63	11
64	87
65	83
66	71
67	53
68	97
69	67
70	73
71	92
72	70
73	90
74	51
75	25
76	55
77	27
78	73
79	93
80	69
/

gamma(i)	Duedate
/
0	0
1	37
2	44
3	62
4	11
5	3
6	25
7	84
8	17
9	88
10	45
11	59
12	44
13	26
14	78
15	57
16	2
17	45
18	75
19	2
20	75
21	23
22	36
23	40
24	60
25	63
26	24
27	68
28	98
29	33
30	91
31	42
32	87
33	39
34	45
35	63
36	16
37	46
38	50
39	71
40	84
41	41
42	8
43	55
44	98
45	89
46	19
47	90
48	43
49	86
50	35
51	83
52	34
53	22
54	71
55	31
56	23
57	27
58	88
59	65
60	45
61	51
62	93
63	13
64	4
65	61
66	43
67	11
68	34
69	76
70	38
71	41
72	2
73	72
74	72
75	35
76	8
77	61
78	65
79	95
80	47
/

sigma(i)	Size
/
0	0
1	3
2	1
3	5
4	9
5	3
6	3
7	9
8	6
9	6
10	9
11	4
12	7
13	1
14	3
15	3
16	4
17	7
18	3
19	9
20	8
21	4
22	5
23	7
24	5
25	2
26	6
27	6
28	2
29	4
30	9
31	2
32	7
33	1
34	9
35	5
36	8
37	8
38	2
39	5
40	3
41	5
42	6
43	4
44	4
45	2
46	1
47	8
48	8
49	4
50	8
51	1
52	7
53	2
54	2
55	6
56	9
57	4
58	8
59	7
60	4
61	4
62	2
63	6
64	5
65	9
66	3
67	7
68	7
69	8
70	5
71	2
72	3
73	7
74	9
75	7
76	6
77	6
78	7
79	7
80	1
/

epsilon(i)	Priority
/
0	0
1	1
2	4
3	3
4	6
5	3
6	4
7	5
8	4
9	8
10	9
11	2
12	6
13	2
14	8
15	4
16	9
17	3
18	6
19	4
20	4
21	5
22	6
23	7
24	3
25	4
26	3
27	4
28	5
29	3
30	5
31	8
32	4
33	7
34	6
35	8
36	6
37	5
38	5
39	9
40	9
41	5
42	5
43	2
44	6
45	1
46	1
47	3
48	2
49	7
50	5
51	9
52	9
53	5
54	8
55	3
56	9
57	6
58	9
59	7
60	4
61	6
62	6
63	1
64	7
65	9
66	5
67	2
68	2
69	3
70	4
71	4
72	7
73	9
74	1
75	9
76	4
77	5
78	6
79	3
80	7
/

psi	Vehicle Capacity
/ 33 /
;

Table kappa(i,j)                 Setup
         0        1        2        3        4        5        6        7        8        9        10       11       12       13       14       15       16       17       18       19       20       21       22       23       24       25       26       27       28       29       30       31       32       33       34       35       36       37       38       39       40       41       42       43       44       45       46       47       48       49       50       51       52       53       54       55       56       57       58       59       60       61       62       63       64       65       66       67       68       69       70       71       72       73       74       75       76       77       78       79       80       
0        0        2499     2455     3976     2798     3251     3169     2029     1981     6424     2412     3447     1045     5399     2946     3398     4403     2702     4500     3378     2443     2373     4350     1321     4273     2931     5039     2311     3341     3010     2835     4365     4964     2490     4485     3166     838      5729     2862     3352     1857     2142     3324     1171     4913     3158     4863     6277     2524     5035     1859     3704     1202     3506     2917     2239     854      5067     2700     3451     5221     2339     4819     5659     4106     4388     2960     1170     6514     1081     3957     3042     5238     1571     1342     2578     2473     3253     3543     4190     2671     
1        2499     0        4218     4416     1897     3197     3289     2263     3057     4181     2742     3412     1477     4302     1548     1874     1916     5199     2322     5684     1881     4679     2620     2343     5720     2385     3942     3665     5839     978      1061     4655     2750     4104     3204     5492     1948     6456     4070     1103     4299     4609     2893     3665     2899     1688     3338     4297     3013     4246     2921     4296     3364     2760     3280     4314     2081     3028     5157     1329     3963     3115     5249     4030     4756     2989     5290     1677     4555     1483     1611     5487     5245     1076     1646     2451     2959     4103     2209     3742     2169     
2        2455     4218     0        2381     5159     2546     2334     2200     4356     7112     4864     2601     3184     4916     5199     5653     5813     2854     6514     1896     2879     1285     6583     1874     1833     5358     4640     739      3022     4179     3906     2795     5791     4529     6852     4071     2388     3560     931      5290     1720     1953     5772     2053     5501     3813     4939     6610     1827     4332     4253     2055     3175     3335     2000     3898     3297     5657     2126     5468     7609     1511     3006     5676     2259     4471     3914     3528     6789     3278     5143     3545     3724     3156     3708     2482     1834     1530     5860     3417     2844     
3        3976     4416     2381     0        6010     1264     1132     2270     5928     5743     6191     1086     4145     2880     5843     6241     5322     5221     6636     4118     2539     3667     7037     2720     2152     6371     2709     1881     5399     3848     3586     421      4724     6426     7567     6375     3394     2042     1453     5484     4038     4309     6867     4154     4263     3131     3351     4993     1533     2222     5795     326      5056     2061     1174     5970     4614     4391     4507     5733     8340     1642     869      3916     443      3000     6203     4632     5109     4261     4556     5897     1356     3655     4789     1965     1592     858      6542     1470     2271     
4        2798     1897     5159     6010     0        4887     4930     3741     1934     5687     1245     5110     1993     6199     511      760      3149     5078     2145     6145     3590     5155     1641     3465     6900     510      5839     4814     5793     2865     2955     6309     4381     3012     1694     4886     2816     8000     5320     1561     4569     4797     1000     3821     4654     3580     5217     6005     4496     6126     1862     5829     2959     4596     4836     3571     1963     4762     5351     1414     2451     4489     6874     5877     6285     4884     4710     1642     6266     1889     3237     5115     6997     2355     1462     4096     4437     5521     766      5558     3901     
5        3251     3197     2546     1264     4887     0        224      1263     5079     4738     5222     222      3153     2403     4673     5051     4070     5103     5379     4441     1320     3731     5813     1931     3117     5286     2104     1825     5442     2585     2325     1458     3581     5740     6384     6079     2516     3296     1750     4244     3884     4204     5794     3765     3175     1872     2435     4122     821      1885     4937     1246     4431     895      546      5431     3727     3317     4544     4498     7151     1133     2057     3141     1666     1997     5887     3657     4283     3268     3307     5710     2120     2551     3793     794      851      1350     5367     972      1028     
6        3169     3289     2334     1132     4930     224      0        1237     5035     4961     5212     298      3143     2596     4737     5126     4244     4930     5506     4228     1409     3534     5909     1849     2904     5315     2307     1620     5252     2727     2460     1380     3793     5660     6456     5931     2466     3174     1526     4353     3710     4026     5819     3623     3393     2041     2659     4346     673      2055     4895     1069     4334     1114     340      5321     3688     3537     4352     4602     7227     962      1963     3362     1508     2221     5742     3644     4506     3259     3484     5547     2120     2580     3787     843      713      1131     5434     1131     1140     
7        2029     2263     2200     2270     3741     1263     1237     0        3815     4987     3974     1476     1906     3397     3594     4008     3638     4206     4574     3979     687      3086     4850     752      3480     4102     3047     1519     4662     2004     1725     2587     3617     4501     5323     5024     1257     4267     1835     3366     3027     3366     4601     2728     3379     1626     3024     4607     765      3006     3674     2092     3228     1516     1096     4252     2464     3537     3806     3591     6098     859      3137     3816     2551     2535     4825     2406     4815     2022     2948     4739     3358     1389     2550     551      707      1844     4295     2166     746      
8        1981     3057     4356     5928     1934     5079     5035     3815     0        7224     788      5290     2003     6970     2379     2694     4801     3380     4077     4791     4013     3905     3516     3214     6190     1694     6600     4289     4100     3951     3905     6304     5807     1103     3262     2979     2568     7711     4841     3301     3215     3345     1819     2497     5938     4432     6209     7343     4430     6718     146      5668     1350     5131     4822     1661     1353     6074     3849     3240     3864     4285     6782     6965     6080     5783     2814     1530     7599     1904     4658     3284     7145     2754     1470     4327     4375     5231     2628     5954     4302     
9        6424     4181     7112     5743     5687     4738     4961     4987     7224     0        6806     4798     5543     3264     5184     5184     2550     9043     4229     8957     4307     8072     5185     5607     7829     6188     3214     6376     9582     3422     3589     5656     1461     8284     6076     9570     5645     7375     6456     4132     7943     8281     6606     7481     1611     3385     2398     1030     5300     3835     7093     5877     7469     3849     5234     8464     6220     1455     8762     4322     6568     5604     6164     2044     6185     2758     9365     5842     1154     5585     2569     9460     5539     4860     5825     4629     5285     6087     5508     4290     4278     
10       2412     2742     4864     6191     1245     5222     5212     3974     788      6806     0        5441     2069     6902     1737     1985     4308     4153     3379     5485     4038     4560     2753     3481     6686     921      6532     4693     4874     3701     3711     6542     5435     1791     2474     3758     2800     8068     5238     2744     3894     4055     1043     3152     5634     4293     6039     7024     4661     6722     780      5957     2073     5137     5041     2443     1609     5758     4578     2636     3088     4567     7058     6759     6392     5647     3597     1567     7284     1954     4276     4072     7332     2729     1430     4438     4603     5563     1875     6029     4344     
11       3447     3412     2601     1086     5110     222      298      1476     5290     4798     5441     0        3372     2316     4893     5270     4235     5225     5579     4489     1538     3817     6025     2126     3033     5509     2040     1900     5541     2778     2523     1249     3687     5937     6602     6229     2724     3101     1759     4452     4006     4320     6017     3920     3258     2046     2457     4141     969      1761     5149     1112     4619     996      630      5611     3940     3396     4640     4708     7369     1260     1851     3130     1506     2042     6040     3875     4291     3487     3469     5844     1897     2774     4013     1017     1007     1299     5586     836      1242     
12       1045     1477     3184     4145     1993     3153     3143     1906     2003     5543     2069     3372     0        4968     2019     2474     3393     3728     3479     4373     2014     3360     3416     1489     4907     2266     4598     2822     4381     2129     2013     4484     4084     2885     3676     4042     824      6076     3334     2311     2893     3185     2741     2216     4110     2472     4248     5508     2611     4719     1856     3929     1926     3131     2983     2928     710      4258     3743     2424     4441     2551     5014     5022     4375     3805     3838     503      5755     116      3012     4011     5263     765      645      2373     2553     3574     2676     3981     2309     
13       5399     4302     4916     2880     6199     2403     2596     3397     6970     3264     6902     2316     4968     0        5825     6074     4038     7494     5830     6797     2984     6131     6566     4149     5027     6683     370      4215     7845     3345     3245     2653     2826     7805     7335     8410     4575     4177     4046     5018     6277     6601     7194     6098     2261     2627     1178     2324     3213     665      6823     3119     6601     1892     2937     7636     5652     2306     6946     5289     8032     3533     3051     1223     3281     1336     8213     5444     2369     5065     3387     8082     2316     4218     5530     2851     3234     3512     6429     1505     2730     
14       2946     1548     5199     5843     511      4673     4737     3594     2379     5184     1737     4893     2019     5825     0        456      2642     5381     1715     6324     3356     5319     1405     3421     6884     1003     5471     4789     6087     2479     2604     6117     3896     3474     1728     5285     2815     7861     5269     1053     4775     5026     1448     4039     4190     3232     4806     5525     4359     5793     2291     5685     3284     4302     4676     3980     2163     4293     5586     904      2503     4389     6697     5440     6145     4497     5102     1778     5786     1933     2763     5471     6759     2212     1615     3894     4301     5417     700      5279     3661     
15       3398     1874     5653     6241     760      5051     5126     4008     2694     5184     1985     5270     2474     6074     456      0        2636     5797     1393     6774     3731     5771     952      3864     7329     1120     5728     5234     6507     2745     2901     6504     3971     3767     1332     5644     3267     8268     5708     1108     5220     5466     1441     4481     4316     3524     5015     5606     4773     6083     2622     6093     3688     4631     5081     4330     2604     4406     6025     872      2100     4816     7089     5609     6554     4738     5467     2229     5865     2389     2881     5861     7118     2636     2062     4283     4716     5841     357      5615     4030     
16       4403     1916     5813     5322     3149     4070     4244     3638     4801     2550     4308     4235     3393     4038     2642     2636     0        7105     1868     7452     3010     6468     2750     3999     7049     3644     3761     5157     7731     1636     1913     5427     1419     5892     3620     7398     3769     7304     5440     1589     6157     6478     4056     5557     1889     2202     2864     3020     4250     4282     4680     5312     5270     3289     4379     6192     3984     1930     7014     1772     4204     4463     6027     3247     5736     2790     7198     3566     3274     3400     767      7403     5735     2883     3506     3551     4210     5292     2966     4180     3169     
17       2702     5199     2854     5221     5078     5103     4930     4206     3380     9043     4153     5225     3728     7494     5381     5797     7105     0        7055     1872     4821     1607     6719     3489     4254     4997     7171     3384     721      5672     5469     5639     7597     2819     6610     1344     3407     6270     3768     5984     1219     915      5195     1566     7479     5683     7231     8783     4284     6984     3373     4894     2122     5688     4595     1946     3264     7637     872      6043     7241     3970     5856     8022     5113     6742     1254     3690     9002     3742     6641     712      6573     4252     3818     4707     4260     4362     5840     6061     4951     
18       4500     2322     6514     6636     2145     5379     5506     4574     4077     4229     3379     5579     3479     5830     1715     1393     1868     7055     0        7851     4113     6838     969      4645     8042     2500     5526     5985     7750     2808     3056     6825     3283     5158     1857     7000     4164     8675     6391     1225     6357     6632     2737     5646     3754     3588     4675     4848     5309     5992     3997     6551     4982     4757     5545     5694     3797     3798     7193     1058     2355     5431     7429     5111     7005     4525     6817     3380     5095     3424     2443     7177     7288     3359     3240     4696     5257     6401     1569     5726     4365     
19       3378     5684     1896     4118     6145     4441     4228     3979     4791     8957     5485     4489     4373     6797     6324     6774     7452     1872     7851     0        4666     1013     7726     3461     2605     6200     6530     2630     1578     5853     5598     4500     7596     4506     7804     3203     3736     4689     2756     6666     1594     1452     6508     2344     7345     5605     6830     8494     3714     6197     4738     3807     3440     5224     3895     3672     4183     7503     1040     6794     8508     3391     4554     7572     3879     6358     3125     4545     8678     4433     6843     2534     5383     4616     4713     4337     3716     3325     6904     5292     4679     
20       2443     1881     2879     2539     3590     1320     1409     687      4013     4307     4038     1538     2014     2984     3356     3731     3010     4821     4113     4666     0        3765     4500     1331     4045     4010     2618     2179     5308     1397     1117     2775     2930     4820     5064     5555     1607     4582     2430     2946     3667     4007     4523     3300     2703     939      2440     3964     1245     2705     3867     2438     3637     1117     1434     4678     2677     2862     4466     3193     5831     1455     3368     3238     2894     1957     5352     2509     4181     2119     2295     5319     3408     1310     2618     582      1202     2317     4048     1996     311      
21       2373     4679     1285     3667     5155     3731     3534     3086     3905     8072     4560     3817     3360     6131     5319     5771     6468     1607     6838     1013     3765     0        6723     2503     2696     5234     5835     1919     1740     4888     4640     4079     6682     3775     6826     2897     2731     4672     2217     5653     715      775      5565     1410     6465     4694     6036     7671     2945     5572     3837     3341     2572     4438     3193     3008     3192     6624     841      5781     7542     2617     4262     6802     3526     5554     2763     3542     7868     3421     5881     2315     5005     3615     3712     3500     2935     2816     5910     4649     3814     
22       4350     2620     6583     7037     1641     5813     5909     4850     3516     5185     2753     6025     3416     6566     1405     952      2750     6719     969      7726     4500     6723     0        4769     8231     1832     6241     6139     7433     3348     3554     7272     4166     4540     891      6493     4194     9076     6598     1596     6170     6412     1931     5429     4600     4147     5443     5765     5611     6658     3464     6912     4601     5300     5895     5175     3553     4661     6970     1328     1473     5681     7868     5945     7373     5236     6324     3181     6016     3334     3214     6750     7825     3511     3014     5071     5555     6693     890      6286     4784     
23       1321     2343     1874     2720     3465     1931     1849     752      3214     5607     3481     2126     1489     4149     3421     3864     3999     3489     4645     3461     1331     2503     4769     0        3464     3756     3799     1370     3983     2392     2139     3090     4192     3811     5126     4273     683      4598     1855     3420     2341     2681     4226     1984     4016     2221     3752     5296     1218     3743     3079     2477     2502     2269     1611     3515     1893     4175     3155     3607     5898     1086     3583     4548     2910     3264     4073     1945     5513     1601     3383     4001     3937     1286     2113     1298     1164     2092     4108     2878     1476     
24       4273     5720     1833     2152     6900     3117     2904     3480     6190     7829     6686     3033     4907     5027     6884     7329     7049     4254     8042     2605     4045     2696     8231     3464     0        7137     4862     2095     4151     5442     5161     2395     6697     6322     8579     5580     4085     2085     1650     6822     3346     3471     7570     3835     6289     4875     5461     7126     2800     4365     6087     1960     4990     4012     2694     5636     5101     6429     3395     7032     9347     2622     2201     6062     1747     5071     5455     5296     7252     5010     6312     4965     3097     4724     5476     3498     2843     1781     7567     3611     3882     
25       2931     2385     5358     6371     510      5286     5315     4102     1694     6188     921      5509     2266     6683     1003     1120     3644     4997     2500     6200     4010     5234     1832     3756     7137     0        6321     5073     5717     3359     3437     6686     4890     2709     1619     4673     3084     8334     5595     2056     4608     4807     516      3856     5164     4058     5716     6515     4844     6590     1657     6174     2881     5044     5198     3356     2077     5273     5349     1889     2309     4811     7240     6383     6626     5375     4508     1841     6776     2154     3748     4964     7404     2736     1662     4492     4785     5838     959      5994     4321     
26       5039     3942     4640     2709     5839     2104     2307     3047     6600     3214     6532     2040     4598     370      5471     5728     3761     7171     5526     6530     2618     5835     6241     3799     4862     6321     0        3927     7539     2992     2883     2529     2617     7437     6999     8067     4213     4165     3791     4682     5957     6284     6833     5758     2055     2263     946      2339     2901     624      6453     2922     6240     1534     2646     7277     5283     2121     6643     4954     7703     3225     2982     1232     3129     1005     7869     5074     2424     4695     3085     7750     2325     3848     5159     2504     2918     3279     6083     1270     2368     
27       2311     3665     739      1881     4814     1825     1620     1519     4289     6376     4693     1900     2822     4215     4789     5234     5157     3384     5985     2630     2179     1919     6139     1370     2095     5073     3927     0        3650     3521     3244     2301     5069     4639     6487     4498     1998     3427     552      4760     2178     2469     5523     2282     4768     3103     4201     5870     1087     3653     4170     1562     3260     2596     1281     4119     3086     4922     2747     4959     7257     773      2633     4943     1883     3732     4324     3235     6051     2929     4465     4040     3235     2641     3412     1750     1095     1040     5473     2730     2120     
28       3341     5839     3022     5399     5793     5442     5252     4662     4100     9582     4874     5541     4381     7845     6087     6507     7731     721      7750     1578     5308     1740     7433     3983     4151     5717     7539     3650     0        6253     6037     5807     8150     3496     7331     1764     3988     6222     3954     6661     1641     1301     5916     2174     7998     6202     7674     9268     4637     7301     4093     5074     2840     6098     4912     2623     3954     8157     902      6730     7961     4313     5955     8456     5235     7186     1747     4376     9478     4402     7235     1091     6727     4857     4510     5131     4622     4553     6557     6376     5408     
29       3010     978      4179     3848     2865     2585     2727     2004     3951     3422     3701     2778     2129     3345     2479     2745     1636     5672     2808     5853     1397     4888     3348     2392     5442     3359     2992     3521     6253     0        281      4020     1960     4952     4042     6147     2267     5879     3818     1752     4638     4970     3864     4106     1996     799      2360     3401     2642     3340     3809     3790     4050     1961     2811     5057     2822     2138     5486     2023     4773     2837     4625     3058     4235     2020     5942     2474     3654     2180     993      6052     4494     1440     2490     1963     2598     3710     3097     2942     1599     
30       2835     1061     3906     3586     2955     2325     2460     1725     3905     3589     3711     2523     2013     3245     2604     2901     1913     5469     3056     5598     1117     4640     3554     2139     5161     3437     2883     3244     6037     281      0        3769     2132     4876     4216     5990     2063     5621     3537     1959     4413     4747     3949     3903     2100     628      2328     3494     2361     3189     3761     3520     3914     1747     2536     4934     2719     2250     5255     2225     4959     2556     4373     3063     3967     1946     5785     2398     3742     2077     1246     5871     4272     1282     2435     1686     2318     3432     3247     2733     1327     
31       4365     4655     2795     421      6309     1458     1380     2587     6304     5656     6542     1249     4484     2653     6117     6504     5427     5639     6825     4500     2775     4079     7272     3090     2395     6686     2529     2301     5807     4020     3769     0        4725     6827     7835     6796     3754     1876     1870     5701     4459     4727     7187     4573     4235     3268     3259     4854     1882     1987     6169     745      5460     2138     1501     6383     4979     4354     4918     5956     8604     2026     605      3757     659      2956     6624     4977     4952     4600     4660     6316     936      3955     5129     2223     1939     1278     6814     1373     2487     
32       4964     2750     5791     4724     4381     3581     3793     3617     5807     1461     5435     3687     4084     2826     3896     3971     1419     7597     3283     7596     2930     6682     4166     4192     6697     4890     2617     5069     8150     1960     2132     4725     0        6852     5030     8108     4193     6558     5216     2872     6516     6853     5342     6032     564      1991     1670     1634     4023     3208     5672     4798     6009     2692     4022     7007     4765     543      7345     3099     5623     4306     5291     1872     5164     1794     7903     4394     1894     4128     1159     8003     4826     3399     4385     3323     4000     4920     4317     3368     2949     
33       2490     4104     4529     6426     3012     5740     5660     4501     1103     8284     1791     5937     2885     7805     3474     3767     5892     2819     5158     4506     4820     3775     4540     3811     6322     2709     7437     4639     3496     4952     4876     6827     6852     0        4174     2066     3253     8044     5181     4404     3061     3078     2705     2487     6949     5357     7132     8353     5011     7489     1214     6137     1379     5926     5403     874      2176     7089     3483     4342     4682     4809     7245     7907     6510     6685     1939     2479     8606     2807     5714     2520     7716     3650     2468     5043     4961     5653     3666     6668     5084     
34       4485     3204     6852     7567     1694     6384     6456     5323     3262     6076     2474     6602     3676     7335     1728     1332     3620     6610     1857     7804     5064     6826     891      5126     8579     1619     6999     6487     7331     4042     4216     7835     5030     4174     0        6209     4494     9589     6980     2317     6216     6423     1470     5464     5443     4833     6239     6640     6087     7381     3247     7413     4499     5955     6403     4905     3640     5512     6967     2046     775      6114     8418     6777     7873     5999     6057     3336     6892     3576     4033     6546     8449     3940     3156     5613     6030     7143     1028     6940     5363     
35       3166     5492     4071     6375     4886     6079     5931     5024     2979     9570     3758     6229     4042     8410     5285     5644     7398     1344     7000     3203     5555     2897     6493     4273     5580     4673     8067     4498     1764     6147     5990     6796     8108     2066     6209     0        3989     7567     4945     6074     2352     2136     4741     2315     8078     6321     7995     9443     5262     7958     3030     6053     2128     6541     5612     1318     3414     8232     2216     6073     6744     4973     7069     8793     6317     7512     205      3835     9678     4016     7054     680      7732     4711     3910     5563     5228     5521     5604     7051     5742     
36       838      1948     2388     3394     2816     2516     2466     1257     2568     5645     2800     2724     824      4575     2815     3267     3769     3407     4164     3736     1607     2731     4194     683      4085     3084     4213     1998     3988     2267     2063     3754     4193     3253     4494     3989     0        5281     2512     2953     2389     2714     3548     1840     4107     2333     4025     5457     1872     4236     2429     3157     2030     2685     2260     3071     1226     4263     3245     3108     5261     1767     4259     4821     3593     3550     3784     1262     5690     932      3246     3819     4578     889      1432     1790     1816     2775     3487     3420     1845     
37       5729     6456     3560     2042     8000     3296     3174     4267     7711     7375     8068     3101     6076     4177     7861     8268     7304     6270     8675     4689     4582     4672     9076     4598     2085     8334     4165     3427     6222     5879     5621     1876     6558     8044     9589     7567     5281     0        2876     7527     5251     5432     8817     5601     6046     5141     5009     6491     3506     3552     7588     2175     6668     4014     3187     7454     6462     6153     5431     7775     10363    3524     1279     5381     1716     4768     7426     6543     6546     6191     6536     6982     1863     5656     6710     4006     3564     2506     8561     3190     4313     
38       2862     4070     931      1453     5320     1750     1526     1835     4841     6456     5238     1759     3334     4046     5269     5708     5440     3768     6391     2756     2430     2217     6598     1855     1650     5595     3791     552      3954     3818     3537     1870     5216     5181     6980     4945     2512     2876     0        5173     2597     2858     6053     2789     4864     3306     4185     5871     1204     3440     4722     1127     3802     2612     1224     4638     3629     5014     3058     5384     7753     981      2133     4885     1378     3740     4778     3762     6033     3444     4720     4449     2804     3086     3938     1917     1238     599      5960     2540     2303     
39       3352     1103     5290     5484     1561     4244     4353     3366     3301     4132     2744     4452     2311     5018     1053     1108     1589     5984     1225     6666     2946     5653     1596     3420     6822     2056     4682     4760     6661     1752     1959     5701     2872     4404     2317     6074     2953     7527     5173     0        5205     5494     2480     4517     3208     2552     3931     4506     4111     5076     3193     5380     3981     3705     4366     4806     2727     3298     6053     272      3028     4219     6301     4506     5838     3682     5881     2297     4766     2271     1772     6174     6232     2134     2185     3525     4058     5203     1462     4690     3217     
40       1857     4299     1720     4038     4569     3884     3710     3027     3215     7943     3894     4006     2893     6277     4775     5220     6157     1219     6357     1594     3667     715      6170     2341     3346     4608     5957     2178     1641     4638     4413     4459     6516     3061     6216     2352     2389     5251     2597     5205     0        339      4914     752      6357     4561     6047     7629     3065     5765     3154     3714     1871     4486     3375     2307     2617     6515     858      5309     6916     2751     4717     6833     3965     5558     2194     3000     7841     2937     5626     1862     5395     3274     3160     3510     3043     3181     5332     4842     3774     
41       2142     4609     1953     4309     4797     4204     4026     3366     3345     8281     4055     4320     3185     6601     5026     5466     6478     915      6632     1452     4007     775      6412     2681     3471     4807     6284     2469     1301     4970     4747     4727     6853     3078     6423     2136     2714     5432     2858     5494     339      0        5088     988      6696     4900     6384     7968     3388     6081     3297     3983     1994     4820     3689     2273     2863     6855     561      5589     7107     3070     4959     7170     4212     5896     1995     3260     8180     3223     5956     1593     5662     3595     3414     3845     3367     3450     5563     5157     4112     
42       3324     2893     5772     6867     1000     5794     5819     4601     1819     6606     1043     6017     2741     7194     1448     1441     4056     5195     2737     6508     4523     5565     1931     4226     7570     516      6833     5523     5916     3864     3949     7187     5342     2705     1470     4741     3548     8817     6053     2480     4914     5088     0        4166     5638     4571     6217     6973     5336     7106     1823     6663     3114     5560     5695     3441     2475     5741     5616     2283     2045     5292     7736     6874     7112     5882     4591     2290     7234     2626     4211     5094     7913     3243     2116     5000     5277     6315     1173     6509     4835     
43       1171     3665     2053     4154     3821     3765     3623     2728     2497     7481     3152     3920     2216     6098     4039     4481     5557     1566     5646     2344     3300     1410     5429     1984     3835     3856     5758     2282     2174     4106     3903     4573     6032     2487     5464     2315     1840     5601     2789     4517     752      988      4166     0        5926     4134     5734     7249     2951     5643     2427     3842     1184     4240     3309     1854     1876     6084     1549     4606     6164     2671     4913     6531     4160     5247     2122     2272     7473     2246     5077     2018     5500     2690     2426     3258     2916     3323     4585     4738     3460     
44       4913     2899     5501     4263     4654     3175     3393     3379     5938     1611     5634     3258     4110     2261     4190     4316     1889     7479     3754     7345     2703     6465     4600     4016     6289     5164     2055     4768     7998     1996     2100     4235     564      6949     5443     8078     4107     6046     4864     3208     6357     6696     5638     5926     0        1797     1109     1405     3696     2652     5799     4361     6014     2279     3649     7035     4812     158      7167     3455     6068     3995     4788     1358     4705     1280     7872     4470     1660     4169     1436     7926     4289     3381     4484     3019     3679     4524     4670     2867     2666     
45       3158     1688     3813     3131     3580     1872     2041     1626     4432     3385     4293     2046     2472     2627     3232     3524     2202     5683     3588     5605     939      4694     4147     2221     4875     4058     2263     3103     6202     799      628      3268     1991     5357     4833     6321     2333     5141     3306     2552     4561     4900     4571     4134     1797     0        1778     3124     2101     2562     4287     3110     4303     1169     2186     5341     3182     1956     5376     2822     5569     2355     3873     2549     3538     1356     6116     2906     3357     2553     1444     6141     3701     1708     2965     1389     2069     3103     3872     2145     1002     
46       4863     3338     4939     3351     5217     2435     2659     3024     6209     2398     6039     2457     4248     1178     4806     5015     2864     7231     4675     6830     2440     6036     5443     3752     5461     5716     946      4201     7674     2360     2328     3259     1670     7132     6239     7995     4025     5009     4185     3931     6047     6384     6217     5734     1109     1778     0        1686     3116     1547     6063     3501     6039     1605     2966     7081     4956     1180     6801     4197     6915     3440     3777     798      3791     488      7792     4684     1851     4330     2237     7752     3212     3482     4740     2544     3116     3756     5373     1891     2279     
47       6277     4297     6610     4993     6005     4122     4346     4607     7343     1030     7024     4141     5508     2324     5525     5606     3020     8783     4848     8494     3964     7671     5765     5296     7126     6515     2339     5870     9268     3401     3494     4854     1634     8353     6640     9443     5457     6491     5871     4506     7629     7968     6973     7249     1405     3124     1686     0        4783     2941     7203     5166     7400     3276     4650     8426     6212     1269     8412     4734     7203     5103     5322     1111     5427     2139     9238     5874     261      5569     2768     9261     4635     4769     5890     4171     4778     5440     5951     3523     3864     
48       2524     3013     1827     1533     4496     821      673      765      4430     5300     4661     969      2611     3213     4359     4773     4250     4284     5309     3714     1245     2945     5611     1218     2800     4844     2901     1087     4637     2642     2361     1882     4023     5011     6087     5262     1872     3506     1204     4111     3065     3388     5336     2951     3696     2101     3116     4783     0        2706     4294     1332     3673     1511     393      4653     3099     3849     3743     4342     6862     327      2403     3866     1790     2645     5072     3100     4964     2727     3521     4888     2719     2150     3255     712      58       1092     5059     1790     1099     
49       5035     4246     4332     2222     6126     1885     2055     3006     6718     3835     6722     1761     4719     665      5793     6083     4282     6984     5992     6197     2705     5572     6658     3743     4365     6590     624      3653     7301     3340     3189     1987     3208     7489     7381     7958     4236     3552     3440     5076     5765     6081     7106     5643     2652     2562     1547     2941     2706     0        6572     2472     6234     1589     2392     7257     5376     2728     6399     5348     8105     3014     2395     1830     2618     1492     7765     5212     3007     4824     3572     7595     1704     3998     5315     2456     2735     2888     6433     925      2417     
