
sets
i        orders          /0*40/
k        routes          /1*40/
p        positions       /0*40/
;

alias(i,j)
alias(i,h)
alias(i,hh)
alias(i,jj)
alias(k,kk)
                
                    Parameters

rho(i)	Processing time
/
0	0
1	13
2	71
3	97
4	44
5	1
6	2
7	86
8	70
9	59
10	35
11	95
12	74
13	28
14	99
15	91
16	83
17	58
18	9
19	11
20	32
21	48
22	1
23	33
24	12
25	58
26	26
27	88
28	84
29	57
30	52
31	13
32	82
33	10
34	39
35	57
36	58
37	93
38	64
39	75
40	19
/

gamma(i)	Duedate
/
0	0
1	72
2	95
3	58
4	65
5	11
6	62
7	67
8	85
9	8
10	86
11	36
12	75
13	35
14	2
15	72
16	30
17	56
18	38
19	83
20	8
21	18
22	76
23	28
24	52
25	47
26	20
27	57
28	56
29	72
30	69
31	74
32	57
33	6
34	3
35	62
36	6
37	48
38	57
39	88
40	68
/

sigma(i)	Size
/
0	0
1	2
2	1
3	8
4	8
5	2
6	6
7	7
8	7
9	9
10	6
11	4
12	3
13	7
14	4
15	5
16	2
17	2
18	2
19	4
20	2
21	1
22	8
23	7
24	6
25	8
26	6
27	1
28	2
29	1
30	8
31	4
32	2
33	3
34	6
35	7
36	9
37	5
38	8
39	9
40	9
/

epsilon(i)	Priority
/
0	0
1	8
2	7
3	4
4	9
5	9
6	5
7	1
8	7
9	4
10	2
11	3
12	6
13	7
14	3
15	2
16	8
17	7
18	3
19	7
20	5
21	1
22	2
23	5
24	2
25	8
26	7
27	8
28	5
29	1
30	6
31	4
32	8
33	1
34	2
35	5
36	5
37	1
38	7
39	2
40	1
/

psi	Vehicle Capacity
/ 15 /
;

Table kappa(i,j)                 Setup
         0        1        2        3        4        5        6        7        8        9        10       11       12       13       14       15       16       17       18       19       20       21       22       23       24       25       26       27       28       29       30       31       32       33       34       35       36       37       38       39       40       
0        0        107      67       161      57       121      312      186      138      213      246      264      64       55       218      300      357      205      211      214      293      328      164      289      27       177      245      275      183      259      281      224      138      28       175      79       246      138      132      69       184      
1        107      0        170      242      119      46       363      263      230      203      259      344      64       99       246      310      416      176      313      314      357      360      262      293      83       228      235      251      244      321      354      221      233      93       99       172      316      217      232      97       291      
2        67       170      0        164      108      188      327      188      131      267      287      256      131      84       255      340      364      264      177      183      299      355      141      332      87       204      297      330      201      269      280      274      73       77       242      27       249      146      66       129      134      
3        161      242      164      0        123      225      164      25       36       185      167      103      178      215      128      209      200      206      105      99       135      201      61       209      185      70       202      242      50       105      119      179      213      189      250      191      86       25       199      146      135      
4        57       119      108      123      0        108      260      145      111      159      188      227      55       109      161      242      308      155      199      198      246      272      146      231      70       123      190      222      133      211      239      168      181      81       150      129      202      98       172      28       189      
5        121      46       188      225      108      0        330      243      219      159      218      324      58       131      208      267      385      130      308      307      328      321      255      250      102      199      190      205      218      292      330      178      257      116      58       196      291      200      253      81       295      
6        312      363      327      164      260      330      0        141      199      203      138      114      304      366      125      132      59       241      224      213      47       66       210      148      330      137      193      222      128      60       83       183      376      339      327      354      87       180      362      270      279      
7        186      263      188      25       145      243      141      0        59       187      160      81       199      240      121      197      175      212      108      100      111      182      74       200      209      68       201      240      43       81       95       178      235      214      264      215      61       48       221      166      149      
8        138      230      131      36       111      219      199      59       0        206      197      127      167      190      158      242      233      222      91       88       169      237      38       241      164      99       227      266      84       140      149      203      177      166      252      157      118      34       162      138      106      
9        213      203      267      185      159      159      203      187      206      0        67       247      166      256      81       110      262      38       291      284      220      174      242      91       215      118      32       63       145      189      237      21       338      229      134      288      204      172      328      145      311      
10       246      259      287      167      188      218      138      160      197      67       0        201      212      295      38       54       197      105      268      260      162      107      228      45       254      97       55       88       118      136      185      46       354      267      200      312      157      163      342      184      302      
11       264      344      256      103      227      324      114      81       127      247      201      0        280      317      169      221      120      278      115      104      68       176      118      231      288      134      252      289      109      69       32       233      290      292      341      282      43       128      275      247      176      
12       64       64       131      178      55       58       304      199      167      166      212      280      0        91       193      265      355      150      253      252      295      307      200      251      53       167      199      224      182      259      291      181      202      68       110      143      253      153      197      34       237      
13       55       99       84       215      109      131      366      240      190      256      295      317      91       0        270      349      412      241      255      259      348      381      211      337      40       231      288      314      238      314      335      269      136      28       189      77       300      192      137      111      217      
14       218      246      255      128      161      208      125      121      158      81       38       169      193      270      0        85       184      117      230      221      139      114      189      82       230      58       83       121      79       108      157      65       320      242      202      280      125      125      307      162      263      
15       300      310      340      209      242      267      132      197      242      110      54       221      265      349      85       0        185      145      305      295      169      78       269      21       308      143      84       99       159      152      199      89       406      321      244      365      179      210      393      238      345      
16       357      416      364      200      308      385      59       175      233      262      197      120      355      412      184      185      0        300      235      224      64       110      234      204      377      188      252      279      175      97       89       242      406      384      385      391      114      220      391      321      296      
17       205      176      264      206      155      130      241      212      222      38       105      278      150      241      117      145      300      0        311      305      256      212      260      126      202      145      62       75       172      224      271      59       337      217      98       283      236      190      328      136      325      
18       211      313      177      105      199      308      224      108      91       291      268      115      253      255      230      305      235      311      0        11       180      279      53       309      239      174      308      347      151      168      147      285      189      237      344      199      138      120      174      227      63       
19       214      314      183      99       198      307      213      100      88       284      260      104      252      259      221      295      224      305      11       0        169      268      52       299      241      167      300      339      142      157      136      277      198      240      341      205      127      116      183      225      73       
20       293      357      299      135      246      328      47       111      169      220      162      68       295      348      139      169      64       256      180      169      0        111      172      183      314      129      217      250      113      36       36       203      343      321      335      326      50       156      328      261      238      
21       328      360      355      201      272      321      66       182      237      174      107      176      307      381      114      78       110      212      279      268      111      0        255      98       342      152      156      176      155      111      147      153      413      353      308      382      141      211      399      275      329      
22       164      262      141      61       146      255      210      74       38       242      228      118      200      211      189      269      234      260      53       52       172      255      0        270      191      131      262      301      111      150      146      238      171      190      290      166      123      70       157      173      75       
23       289      293      332      209      231      250      148      200      241      91       45       231      251      337      82       21       204      126      309      299      183      98       270      0        296      141      63       78       159      163      211      72       400      309      224      357      188      207      387      225      345      
24       27       83       87       185      70       102      330      209      164      215      254      288      53       40       230      308      377      202      239      241      314      342      191      296      0        194      248      275      203      279      304      228      154      15       159      93       268      161      151      71       211      
25       177      228      204      70       123      199      137      68       99       118      97       134      167      231      58       143      188      145      174      167      129      152      131      141      194      0        133      172      26       93       133      110      265      203      209      230      95       67       252      133      205      
26       245      235      297      202      190      190      193      201      227      32       55       252      199      288      83       84       252      62       308      300      217      156      262      63       248      133      0        39       158      190      239      24       368      262      160      319      209      193      357      177      333      
27       275      251      330      242      222      205      222      240      266      63       88       289      224      314      121      99       279      75       347      339      250      176      301      78       275      172      39       0        197      225      274      62       402      289      166      351      245      232      391      206      372      
28       183      244      201      50       133      218      128      43       84       145      118      109      182      238      79       159      175      172      151      142      113      155      111      159      203      26       158      197      0        77       111      136      257      210      232      228      73       55       243      148      186      
29       259      321      269      105      211      292      60       81       140      189      136      69       259      314      108      152      97       224      168      157      36       111      150      163      279      93       190      225      77       0        49       173      317      287      300      296      30       123      302      225      221      
30       281      354      280      119      239      330      83       95       149      237      185      32       291      335      157      199      89       271      147      136      36       147      146      211      304      133      239      274      111      49       0        222      317      309      342      306      38       143      303      257      207      
31       224      221      274      179      168      178      183      178      203      21       46       233      181      269      65       89       242      59       285      277      203      153      238      72       228      110      24       62       136      173      222      0        345      242      155      296      190      169      334      157      309      
32       138      233      73       213      181      257      376      235      177      338      354      290      202      136      320      406      406      337      189      198      343      413      171      400      154      265      368      402      257      317      317      345      0        141      313      61       293      201      14       203      129      
33       28       93       77       189      81       116      339      214      166      229      267      292      68       28       242      321      384      217      237      240      321      353      190      309      15       203      262      289      210      287      309      242      141      0        174      80       274      166      138      84       205      
34       175      99       242      250      150      58       327      264      252      134      200      341      110      189      202      244      385      98       344      341      335      308      290      224      159      209      160      166      232      300      342      155      313      174      0        252      304      228      308      121      339      
35       79       172      27       191      129      196      354      215      157      288      312      282      143      77       280      365      391      283      199      205      326      382      166      357      93       230      319      351      228      296      306      296      61       80       252      0        276      173      59       147      151      
36       246      316      249      86       202      291      87       61       118      204      157      43       253      300      125      179      114      236      138      127      50       141      123      188      268      95       209      245      73       30       38       190      293      274      304      276      0        108      278      219      192      
37       138      217      146      25       98       200      180      48       34       172      163      128      153      192      125      210      220      190      120      116      156      211      70       207      161      67       193      232      55       123      143      169      201      166      228      173      108      0        188      121      140      
38       132      232      66       199      172      253      362      221      162      328      342      275      197      137      307      393      391      328      174      183      328      399      157      387      151      252      357      391      243      302      303      334      14       138      308      59       278      188      0        195      115      
39       69       97       129      146      28       81       270      166      138      145      184      247      34       111      162      238      321      136      227      225      261      275      173      225      71       133      177      206      148      225      257      157      203      84       121      147      219      121      195      0        218      
40       184      291      134      135      189      295      279      149      106      311      302      176      237      217      263      345      296      325      63       73       238      329      75       345      211      205      333      372      186      221      207      309      129      205      339      151      192      140      115      218      0        
;



Table delta(i,j)                 Distance
         0        1        2        3        4        5        6        7        8        9        10       11       12       13       14       15       16       17       18       19       20       21       22       23       24       25       26       27       28       29       30       31       32       33       34       35       36       37       38       39       40       
0        0        5090     6410     6650     1650     6500     4030     4010     5460     3810     3490     830      2680     2870     2040     4170     5450     960      6440     2890     7870     6500     980      2400     6690     5850     3180     1910     6460     5150     5180     4840     7210     7210     5010     1860     4190     5370     6300     3820     7090     
1        5090     0        221      156      374      747      239      124      37       569      289      566      245      266      343      466      240      534      643      590      359      214      568      571      229      290      200      424      355      457      56       212      234      225      36       402      222      439      121      175      771      
2        6410     221      0        189      542      658      459      329      202      558      502      676      415      460      441      430      128      634      530      622      149      22       672      620      34       138      385      608      170      368      170      169      128      148      196      584      232      336      214      386      665      
3        6650     156      189      0        530      826      367      276      119      686      426      720      402      418      492      569      285      686      707      724      272      169      721      710      171      316      356      577      359      532      155      291      113      91       165      556      330      505      47       320      840      
4        1650     374      542      530      0        720      238      255      411      458      184      244      130      124      181      445      471      237      681      398      692      546      256      355      566      520      173      79       588      520      395      408      601      596      374      55       350      531      490      224      771      
5        6500     747      658      826      720      0        858      746      763      269      847      601      690      761      544      293      542      561      141      373      711      680      582      420      690      520      714      793      507      295      702      541      786      807      712      773      526      322      829      782      65       
6        4030     239      459      367      238      858      0        137      268      624      65       481      175      120      334      564      445      467      784      598      599      453      491      562      469      499      143      246      570      599      289      395      467      452      263      234      366      595      320      82       897      
7        4010     124      329      276      255      746      137      0        160      532      172      466      132      142      265      453      308      439      661      529      474      326      471      502      343      362      83       300      432      474      161      258      358      349      136      279      234      465      235      58       780      
8        5460     37       202      119      411      763      268      160      0        594      321      602      283      302      378      487      241      570      654      621      333      191      604      603      205      288      238      461      348      470      60       223      200      189      55       439      242      450      86       209      785      
9        3810     569      558      686      458      269      624      532      594      0        602      336      449      516      293      132      430      294      279      120      662      577      318      160      593      436      483      528      462      233      538      399      681      694      539      509      356      271      674      557      327      
10       3490     289      502      426      184      847      65       172      321      602      0        429      157      86       309      556      473      420      783      564      646      498      440      526      515      527      143      182      598      603      333      419      521      508      307      172      380      602      380      115      890      
11       830      566      676      720      244      601      481      466      602      336      429      0        334      362      235      396      570      48       611      229      818      687      19       181      707      605      384      274      661      503      568      512      767      769      554      269      447      530      687      453      662      
12       2680     245      415      402      130      690      175      132      283      449      157      334      0        72       158      398      354      311      627      423      565      418      340      390      437      406      50       193      476      449      265      293      471      466      244      168      242      452      363      122      733      
13       2870     266      460      418      124      761      120      142      302      516      86       362      72       0        223      471      414      347      700      481      609      460      372      444      478      467      76       158      538      522      298      355      500      492      275      138      309      524      375      102      805      
14       2040     343      441      492      181      544      334      265      378      293      309      235      158      223      0        263      340      196      499      266      585      452      233      236      471      381      199      259      443      340      337      280      532      535      326      236      215      354      464      275      592      
15       4170     466      430      569      445      293      564      453      487      132      556      396      398      471      263      0        302      349      236      228      530      450      382      250      465      304      421      522      330      112      428      278      555      570      434      500      245      146      562      488      334      
16       5450     240      128      285      471      542      445      308      241      430      473      570      354      414      340      302      0        526      422      497      249      147      564      498      163      54       338      544      125      248      185      62       253      270      205      519      126      220      292      364      555      
17       960      534      634      686      237      561      467      439      570      294      420      48       311      347      196      349      526      0        565      194      774      646      38       145      665      559      360      280      614      455      532      468      728      731      520      271      403      481      655      432      621      
18       6440     643      530      707      681      141      784      661      654      279      783      611      627      700      499      236      422      565      0        399      573      552      594      439      561      393      643      758      372      187      594      432      657      679      608      736      430      204      714      704      134      
19       2890     590      622      724      398      373      598      529      621      120      564      229      423      481      266      228      497      194      399      0        741      639      210      48       657      514      465      458      551      339      570      454      737      747      566      444      399      374      705      542      435      
20       7870     359      149      272      692      711      599      474      333      662      646      818      565      609      585      530      249      774      573      741      0        149      812      745      131      227      534      758      207      445      313      305      162      188      339      733      370      408      314      531      704      
21       6500     214      22       169      546      680      453      326      191      577      498      687      418      460      452      450      147      646      552      639      149      0        684      636      19       160      385      610      191      390      165      185      107      126      191      586      245      358      196      382      687      
22       980      568      672      721      256      582      491      471      604      318      440      19       340      372      233      382      564      38       594      210      812      684      0        162      703      598      390      289      652      489      568      507      765      768      555      283      441      517      690      460      643      
23       2400     571      620      710      355      420      562      502      603      160      526      181      390      444      236      250      498      145      439      48       745      636      162      0        654      519      434      412      562      362      555      451      731      739      549      399      392      395      688      510      481      
24       6690     229      34       171      566      690      469      343      205      593      515      707      437      478      471      465      163      665      561      657      131      19       703      654      0        170      404      629      195      402      182      203      96       118      208      605      264      369      203      400      695      
25       5850     290      138      316      520      520      499      362      288      436      527      605      406      467      381      304      54       559      393      514      227      160      598      519      170      0        391      594      71       232      234      112      266      287      255      569      170      198      330      418      527      
26       3180     200      385      356      173      714      143      83       238      483      143      384      50       76       199      421      338      360      643      465      534      385      390      434      404      391      0        226      462      461      226      280      431      424      204      203      237      459      317      76       754      
27       1910     424      608      577      79       793      246      300      461      528      182      274      193      158      259      522      544      280      758      458      758      610      289      412      629      594      226      0        663      598      453      482      657      649      430      25       425      610      534      258      845      
28       6460     355      170      359      588      507      570      432      348      462      598      661      476      538      443      330      125      614      372      551      207      191      652      562      195      71       462      663      0        238      298      183      290      314      321      638      238      200      380      489      506      
29       5150     457      368      532      520      295      599      474      470      233      603      503      449      522      340      112      248      455      187      339      445      390      489      362      402      232      461      598      238      0        410      247      497      516      422      575      242      38       534      518      314      
30       5180     56       170      155      395      702      289      161      60       538      333      568      265      298      337      428      185      532      594      570      313      165      568      555      182      234      226      453      298      410      0        162      206      203      26       430      183      390      136      217      724      
31       4840     212      169      291      408      541      395      258      223      399      419      512      293      355      280      278      62       468      432      454      305      185      507      451      203      112      280      482      183      247      162      0        283      295      176      457      65       227      288      313      562      
32       7210     234      128      113      601      786      467      358      200      681      521      767      471      500      532      555      253      728      657      737      162      107      765      731      96       266      431      657      290      497      206      283      0        27       227      634      338      465      158      409      792      
33       7210     225      148      91       596      807      452      349      189      694      508      769      466      492      535      570      270      731      679      747      188      126      768      739      118      287      424      649      314      516      203      295      27       0        222      627      347      484      137      398      813      
34       5010     36       196      165      374      712      263      136      55       539      307      554      244      275      326      434      205      520      608      566      339      191      555      549      208      255      204      430      321      422      26       176      227      222      0        407      189      403      139      192      736      
35       1860     402      584      556      55       773      234      279      439      509      172      269      168      138      236      500      519      271      736      444      733      586      283      399      605      569      203      25       638      575      430      457      634      627      407      0        400      585      514      240      824      
36       4190     222      232      330      350      526      366      234      242      356      380      447      242      309      215      245      126      403      430      399      370      245      441      392      264      170      237      425      238      242      183      65       338      347      189      400      0        231      318      283      554      
37       5370     439      336      505      531      322      595      465      450      271      602      530      452      524      354      146      220      481      204      374      408      358      517      395      369      198      459      610      200      38       390      227      465      484      403      585      231      0        510      513      336      
38       6300     121      214      47       490      829      320      235      86       674      380      687      363      375      464      562      292      655      714      705      314      196      690      688      203      330      317      534      380      534      136      288      158      137      139      514      318      510      0        276      846      
39       3820     175      386      320      224      782      82       58       209      557      115      453      122      102      275      488      364      432      704      542      531      382      460      510      400      418      76       258      489      518      217      313      409      398      192      240      283      513      276      0        819      
40       7090     771      665      840      771      65       897      780      785      327      890      662      733      805      592      334      555      621      134      435      704      687      643      481      695      527      754      845      506      314      724      562      792      813      736      824      554      336      846      819      0        
;

