
sets
i        orders          /0*40/
k        routes          /1*40/
p        positions       /0*40/
;

alias(i,j)
alias(i,h)
alias(i,hh)
alias(i,jj)
alias(k,kk)
                
                    Parameters

rho(i)	Processing time
/
0	0
1	88
2	79
3	12
4	57
5	85
6	35
7	68
8	77
9	36
10	71
11	2
12	10
13	91
14	63
15	8
16	69
17	8
18	44
19	72
20	89
21	72
22	51
23	1
24	12
25	13
26	50
27	11
28	92
29	47
30	13
31	45
32	69
33	91
34	69
35	72
36	6
37	40
38	5
39	10
40	27
/

gamma(i)	Duedate
/
0	0
1	30
2	31
3	75
4	23
5	96
6	59
7	9
8	82
9	74
10	68
11	89
12	81
13	35
14	12
15	40
16	22
17	87
18	15
19	18
20	75
21	21
22	55
23	1
24	52
25	25
26	60
27	37
28	90
29	27
30	2
31	63
32	67
33	47
34	84
35	94
36	46
37	4
38	24
39	15
40	49
/

sigma(i)	Size
/
0	0
1	4
2	3
3	4
4	3
5	4
6	1
7	3
8	2
9	8
10	4
11	8
12	2
13	4
14	5
15	6
16	9
17	2
18	3
19	1
20	3
21	5
22	6
23	7
24	8
25	5
26	2
27	2
28	1
29	1
30	6
31	5
32	3
33	6
34	3
35	3
36	8
37	5
38	1
39	3
40	8
/

epsilon(i)	Priority
/
0	0
1	5
2	3
3	6
4	7
5	6
6	7
7	1
8	1
9	1
10	9
11	5
12	5
13	2
14	3
15	2
16	4
17	7
18	6
19	2
20	8
21	9
22	3
23	8
24	6
25	6
26	7
27	7
28	2
29	2
30	2
31	7
32	6
33	9
34	4
35	2
36	3
37	3
38	7
39	7
40	4
/

psi	Vehicle Capacity
/ 27 /
;

Table kappa(i,j)                 Setup
         0        1        2        3        4        5        6        7        8        9        10       11       12       13       14       15       16       17       18       19       20       21       22       23       24       25       26       27       28       29       30       31       32       33       34       35       36       37       38       39       40       
0        0        67       272      226      222      305      129      54       206      95       344      239      334      260      307      338      269      27       294      330      289      189      246      168      174      141      334      128      309      302      181      417      57       257      186      303      199      6        82       362      154      
1        67       0        235      159      155      242      135      109      163      29       278      175      280      204      254      271      215      54       227      272      223      134      182      106      119      74       270      96       245      235      156      357      94       202      208      240      205      73       78       305      94       
2        272      235      0        209      206      332      174      327      73       214      217      283      106      338      389      272      356      279      217      381      205      301      284      263      290      219      191      315      321      280      370      205      322      91       206      157      162      277      193      150      156      
3        226      159      209      0        4        125      238      264      151      131      126      75       186      130      179      113      148      211      70       172      68       115      74       89       111      86       126      171      117      87       205      228      242      125      312      110      287      232      199      189      97       
4        222      155      206      4        0        129      233      261      148      127      128      78       185      133      182      117      151      207      73       176      71       115      77       87       110      83       128      169      121      91       204      229      239      122      307      110      283      228      195      189      92       
5        305      242      332      125      129      0        352      326      277      223      176      67       289      61       74       107      70       282      131      50       141      122      61       136      133      174      194      200      17       63       196      295      298      243      428      201      408      310      304      276      215      
6        129      135      174      238      233      352      0        178      132      138      322      286      263      326      379      345      340      149      290      390      280      262      291      227      247      180      304      231      349      325      290      360      186      200      76       267      71       130      57       301      141      
7        54       109      327      264      261      326      178      0        260      139      387      264      386      275      317      373      280      55       334      344      331      205      272      194      193      178      379      131      333      333      171      466      29       308      226      349      245      50       135      413      203      
8        206      163      73       151      148      277      132      260      0        140      199      221      133      274      326      237      291      210      179      324      168      231      223      192      219      147      177      242      269      232      297      228      253      69       188      140      152      211      132      170      83       
9        95       29       214      131      127      223      138      139      140      0        248      155      252      190      242      244      202      84       198      256      194      124      162      90       108      49       240      105      224      210      163      328      123      174      214      210      205      101      84       275      66       
10       344      278      217      126      128      176      322      387      199      248      0        173      133      219      250      74       235      332      58       223      57       233      167      214      233      210      27       297      159      113      325      118      366      133      386      60       351      350      299      106      194      
11       239      175      283      75       78       67       286      264      221      155      173      0        259      55       105      125      73       216      116      105      122      67       8        70       73       107      183      143      70       76       156      288      237      200      362      177      344      244      237      256      152      
12       334      280      106      186      185      289      263      386      133      252      133      259      0        313      357      203      331      333      158      338      147      299      256      266      292      236      107      338      274      227      383      100      374      78       308      87       266      339      264      44       186      
13       260      204      338      130      133      61       326      275      274      190      219      55       313      0        53       159      18       235      165      69       172      71       57       99       85       146      232      145      76       109      135      336      246      255      403      230      389      265      274      308      200      
14       307      254      389      179      182      74       379      317      326      242      250      105      357      53       0        182      39       281      201      40       211      120      104      152      135      200      267      185      92       136      160      369      287      304      456      271      442      312      326      347      253      
15       338      271      272      113      117      107      345      373      237      244      74       125      203      159      182      0        173      321      57       151      69       191      117      184      196      197      97       265      90       50       281      190      349      182      416      118      386      344      310      180      205      
16       269      215      356      148      151      70       340      280      291      202      235      73       331      18       39       173      0        243      182      65       189      80       75       112      96       161      249      149      87       123      131      353      251      273      416      247      403      274      287      326      216      
17       27       54       279      211      207      282      149      55       210      84       332      216      333      235      281      321      243      0        280      305      276      164      224      146      150      124      324      100      287      283      153      412      43       254      211      294      220      31       96       358      148      
18       294      227      217      70       73       131      290      334      179      198      58       116      158      165      201      57       182      280      0        180      12       174      110      156      174      156      67       239      115      69       266      172      312      126      359      71       329      300      259      145      152      
19       330      272      381      172      176      50       390      344      324      256      223      105      338      69       40       151      65       305      180      0        191      141      101      166      155      210      243      213      65       112      195      341      315      293      466      251      449      335      340      325      257      
20       289      223      205      68       71       141      280      331      168      194      57       122      147      172      211      69       189      276      12       191      0        178      117      156      176      153      61       239      126      80       269      166      310      114      349      60       318      296      251      136      145      
21       189      134      301      115      115      122      262      205      231      124      233      67       299      71       120      191      80       164      174      141      178      0        75       39       15       88       239      78       130      143      91       343      177      229      338      225      328      194      208      304      150      
22       246      182      284      74       77       61       291      272      223      162      167      8        256      57       104      117      75       224      110      101      117      75       0        78       82       113      178      152      62       68       163      283      245      199      367      173      348      252      243      252      155      
23       168      106      263      89       87       136      227      194      192      90       214      70       266      99       152      184      112      146      156      166      156      39       78       0        27       49       215      83       140      140      118      317      167      194      304      197      291      174      175      275      111      
24       174      119      290      111      110      133      247      193      219      108      233      73       292      85       135      196      96       150      174      155      176      15       82       27       0        74       237      69       141      149      93       340      165      221      322      221      313      180      192      299      137      
25       141      74       219      86       83       174      180      178      147      49       210      107      236      146      200      197      161      124      156      210      153      88       113      49       74       0        205      101      175      162      152      300      156      160      256      180      242      147      130      252      64       
26       334      270      191      126      128      194      304      379      177      240      27       183      107      232      267      97       249      324      67       243      61       239      178      215      237      205      0        297      178      131      330      105      361      110      365      37       329      340      284      82       182      
27       128      96       315      171      169      200      231      131      242      105      297      143      338      145      185      265      149      100      239      213      239      78       152      83       69       101      297      0        209      218      59       397      102      262      301      277      302      132      173      352      160      
28       309      245      321      117      121      17       349      333      269      224      159      70       274      76       92       90       87       287      115      65       126      130      62       140      141      175      178      209      0        47       209      278      306      231      425      186      403      314      304      260      210      
29       302      235      280      87       91       63       325      333      232      210      113      76       227      109      136      50       123      283      69       112      80       143      68       140      149      162      131      218      47       0        231      232      307      189      399      140      374      308      284      213      184      
30       181      156      370      205      204      196      290      171      297      163      325      156      383      135      160      281      131      153      266      195      269      91       163      118      93       152      330      59       209      231      0        433      142      310      360      314      361      184      233      393      214      
31       417      357      205      228      229      295      360      466      228      328      118      288      100      336      369      190      353      412      172      341      166      343      283      317      340      300      105      397      278      232      433      0        451      163      408      120      366      423      355      58       263      
32       57       94       322      242      239      298      186      29       253      123      366      237      374      246      287      349      251      43       312      315      310      177      245      167      165      156      361      102      306      307      142      451      0        296      241      332      256      56       137      399      189      
33       257      202      91       125      122      243      200      308      69       174      133      200      78       255      304      182      273      254      126      293      114      229      199      194      221      160      110      262      231      189      310      163      296      0        256      73       219      262      191      106      107      
34       186      208      206      312      307      428      76       226      188      214      386      362      308      403      456      416      416      211      359      466      349      338      367      304      322      256      365      301      425      399      360      408      241      256      0        328      44       186      130      350      215      
35       303      240      157      110      110      201      267      349      140      210      60       177      87       230      271      118      247      294      71       251      60       225      173      197      221      180      37       277      186      140      314      120      332      73       328      0        292      308      249      79       149      
36       199      205      162      287      283      408      71       245      152      205      351      344      266      389      442      386      403      220      329      449      318      328      348      291      313      242      329      302      403      374      361      366      256      219      44       292      0        200      128      309      193      
37       6        73       277      232      228      310      130      50       211      101      350      244      339      265      312      344      274      31       300      335      296      194      252      174      180      147      340      132      314      308      184      423      56       262      186      308      200      0        85       368      160      
38       82       78       193      199      195      304      57       135      132      84       299      237      264      274      326      310      287      96       259      340      251      208      243      175      192      130      284      173      304      284      233      355      137      191      130      249      128      85       0        298      106      
39       362      305      150      189      189      276      301      413      170      275      106      256      44       308      347      180      326      358      145      325      136      304      252      275      299      252      82       352      260      213      393      58       399      106      350      79       309      368      298      0        210      
40       154      94       156      97       92       215      141      203      83       66       194      152      186      200      253      205      216      148      152      257      145      150      155      111      137      64       182      160      210      184      214      263      189      107      215      149      193      160      106      210      0        
;



Table delta(i,j)                 Distance
         0        1        2        3        4        5        6        7        8        9        10       11       12       13       14       15       16       17       18       19       20       21       22       23       24       25       26       27       28       29       30       31       32       33       34       35       36       37       38       39       40       
0        0        5530     5980     3370     1530     5570     4000     1880     3810     6680     1170     1520     6490     4890     3330     6430     6070     6440     1260     6160     6080     4170     3720     1150     4490     4150     2720     7110     2090     3080     3170     2930     7030     3750     4440     2980     3450     1000     2710     2400     3350     
1        5530     0        133      231      616      321      315      657      545      157      450      566      153      505      376      172      141      253      606      157      258      634      320      466      619      366      530      350      397      497      330      289      205      322      316      543      757      653      391      598      643      
2        5980     133      0        261      688      455      436      667      658      74       484      641      52       428      485      48       9        120      673      24       132      746      435      531      736      309      510      216      410      602      317      377      105      285      252      517      742      697      382      589      743      
3        3370     231      261      0        432      396      290      426      461      330      225      389      312      354      298      307      270      321      415      280      292      543      273      274      545      211      309      403      165      391      120      165      366      148      192      326      530      437      170      370      516      
4        1530     616      688      432      0        535      385      317      278      751      248      54       736      638      304      735      697      752      26       709      721      289      360      157      329      552      426      829      342      225      445      329      792      505      573      452      473      153      409      390      196      
5        5570     321      455      396      535      0        156      726      328      468      507      482      470      749      231      492      462      573      539      478      573      407      184      442      373      603      678      671      515      326      515      285      516      543      571      701      867      642      551      715      460      
6        4000     315      436      290      385      156      0        571      232      473      356      331      467      641      82       481      445      543      387      460      530      320      28       285      303      500      540      639      376      199      398      143      521      437      480      564      716      485      423      568      345      
7        1880     657      667      426      317      726      571      0        569      741      222      334      719      421      512      706      674      681      292      680      639      600      544      295      635      407      193      726      261      497      351      445      767      394      454      207      158      173      286      112      512      
8        3810     545      658      461      278      328      232      569      0        702      406      241      694      777      173      705      668      757      296      683      738      88       225      289      84       653      614      850      473      79       539      298      749      592      649      641      727      425      537      610      135      
9        6680     157      74       330      751      468      473      741      702      0        556      703      24       493      531      51       68       146      738      68       176      790      476      596      776      380      585      228      484      651      392      432      48       360      323      591      817      767      457      664      795      
10       1170     450      484      225      248      507      356      222      406      556      0        225      536      394      307      529      493      527      225      502      491      463      329      120      485      304      207      594      94       327      201      224      589      260      329      234      360      213      161      215      399      
11       1520     566      641      389      54       482      331      334      241      703      225      0        688      619      251      689      651      710      58       663      680      266      306      117      301      523      417      790      315      180      413      277      745      473      540      444      492      184      384      392      183      
12       6490     153      52       312      736      470      467      719      694      24       536      688      0        469      522      30       45       128      722      44       154      783      469      579      770      356      561      214      463      641      369      420      56       336      299      568      793      748      435      641      784      
13       4890     505      428      354      638      749      641      421      777      493      394      619      469      0        634      443      430      369      613      425      327      846      622      511      860      146      232      367      308      699      244      504      494      206      188      214      407      551      241      309      791      
14       3330     376      485      298      304      231      82       512      173      531      307      251      522      634      0        532      495      584      307      510      566      260      62       218      253      500      505      678      346      122      390      133      578      438      489      531      662      412      402      522      269      
15       6430     172      48       307      735      492      481      706      705      51       529      689      30       443      532      0        38       98       720      27       124      793      481      578      782      334      543      186      452      650      355      425      61       318      277      549      775      742      420      624      791      
16       6070     141      9        270      697      462      445      674      668      68       493      651      45       430      495      38       0        114      682      16       129      755      444      540      745      313      516      210      418      611      324      386      96       291      256      523      748      706      389      596      753      
17       6440     253      120      321      752      573      543      681      757      146      527      710      128      369      584      98       114      0        735      99       43       843      539      595      837      284      504      97       441      695      335      464      130      286      229      505      731      739      396      589      831      
18       1260     606      673      415      26       539      387      292      296      738      225      58       722      613      307      720      682      735      0        694      702      311      361      142      350      529      399      810      319      238      423      321      778      483      551      425      448      131      386      363      220      
19       6160     157      24       280      709      478      460      680      683      68       502      663      44       425      510      27       16       99       694      0        116      771      460      551      760      312      519      194      425      626      329      400      88       294      255      525      751      714      394      599      767      
20       6080     258      132      292      721      573      530      639      738      176      491      680      154      327      566      124      129      43       702      116      0        824      524      564      820      240      461      112      402      674      296      443      168      245      186      461      688      701      355      546      807      
21       4170     634      746      543      289      407      320      600      88       790      463      266      783      846      260      793      755      843      311      771      824      0        314      342      48       727      669      936      538      152      612      381      838      667      727      696      758      442      604      655      99       
22       3720     320      435      273      360      184      28       544      225      476      329      306      469      622      62       481      444      539      361      460      524      314      0        258      300      482      514      634      351      183      378      120      524      419      465      539      688      458      400      542      330      
23       1150     466      531      274      157      442      285      295      289      596      120      117      579      511      218      578      540      595      142      551      564      342      258      0        366      408      327      673      203      211      296      188      635      356      423      354      449      203      272      322      280      
24       4490     619      736      545      329      373      303      635      84       776      485      301      770      860      253      782      745      837      350      760      820      48       300      366      0        737      692      931      555      161      623      381      824      676      733      720      793      481      620      684      146      
25       4150     366      309      211      552      603      500      407      653      380      304      523      356      146      500      334      313      284      529      312      240      727      482      408      737      0        222      319      209      576      114      368      392      62       57       221      447      496      144      307      683      
26       2720     530      510      309      426      678      540      193      614      585      207      417      561      232      505      543      516      504      399      519      461      669      514      327      692      222      0        540      163      535      200      397      604      225      274      27       232      322      139      86       599      
27       7110     350      216      403      829      671      639      726      850      228      594      790      214      367      678      186      210      97       810      194      112      936      634      673      931      319      540      0        503      786      395      555      196      339      274      536      758      802      450      626      919      
28       2090     397      410      165      342      515      376      261      473      484      94       315      463      308      346      452      418      441      319      425      402      538      351      203      555      209      163      503      0        394      108      233      513      166      234      187      368      299      68       209      483      
29       3080     497      602      391      225      326      199      497      79       651      327      180      641      699      122      650      611      695      238      626      674      152      183      211      161      576      535      786      394      0        462      231      697      516      575      562      654      362      458      533      147      
30       3170     330      317      120      445      515      398      351      539      392      201      413      369      244      390      355      324      335      423      329      296      612      378      296      623      114      200      395      108      462      0        260      416      60       128      213      430      407      65       273      569      
31       2930     289      377      165      329      285      143      445      298      432      224      277      420      504      133      425      386      464      321      400      443      381      120      188      381      368      397      555      233      231      260      0        476      305      356      421      582      389      280      430      367      
32       7030     205      105      366      792      516      521      767      749      48       589      745      56       494      578      61       96       130      778      88       168      838      524      635      824      392      604      196      513      697      416      476      0        379      335      609      835      802      481      685      840      
33       3750     322      285      148      505      543      437      394      592      360      260      473      336      206      438      318      291      286      483      294      245      667      419      356      676      62       225      339      166      516      60       305      379      0        68       231      457      463      111      306      627      
34       4440     316      252      192      573      571      480      454      649      323      329      540      299      188      489      277      256      229      551      255      186      727      465      423      733      57       274      274      234      575      128      356      335      68       0        276      502      531      177      359      691      
35       2980     543      517      326      452      701      564      207      641      591      234      444      568      214      531      549      523      505      425      525      461      696      539      354      720      221      27       536      187      562      213      421      609      231      276      0        226      345      156      95       626      
36       3450     757      742      530      473      867      716      158      727      817      360      492      793      407      662      775      748      731      448      751      688      758      688      449      793      447      232      758      368      654      430      582      835      457      502      226      0        323      366      159      669      
37       1000     653      697      437      153      642      485      173      425      767      213      184      748      551      412      742      706      739      131      714      701      442      458      203      481      496      322      802      299      362      407      389      802      463      531      345      323      0        354      265      349      
38       2710     391      382      170      409      551      423      286      537      457      161      384      435      241      402      420      389      396      386      394      355      604      400      272      620      144      139      450      68       458      65       280      481      111      177      156      366      354      0        208      551      
39       2400     598      589      370      390      715      568      112      610      664      215      392      641      309      522      624      596      589      363      599      546      655      542      322      684      307      86       626      209      533      273      430      685      306      359      95       159      265      208      0        576      
40       3350     643      743      516      196      460      345      512      135      795      399      183      784      791      269      791      753      831      220      767      807      99       330      280      146      683      599      919      483      147      569      367      840      627      691      626      669      349      551      576      0        
;

