
sets
i        orders          /0*40/
k        routes          /1*40/
p        positions       /0*40/
;

alias(i,j)
alias(i,h)
alias(i,hh)
alias(i,jj)
alias(k,kk)
                
                    Parameters

rho(i)	Processing time
/
0	0
1	87
2	26
3	76
4	42
5	6
6	14
7	48
8	33
9	35
10	12
11	60
12	94
13	79
14	77
15	27
16	18
17	73
18	39
19	41
20	80
21	5
22	85
23	14
24	54
25	68
26	50
27	96
28	12
29	83
30	44
31	87
32	67
33	85
34	24
35	85
36	73
37	1
38	17
39	54
40	15
/

gamma(i)	Duedate
/
0	0
1	91
2	1
3	57
4	7
5	15
6	85
7	24
8	49
9	85
10	93
11	27
12	72
13	31
14	59
15	39
16	47
17	82
18	20
19	3
20	90
21	27
22	72
23	27
24	12
25	67
26	25
27	53
28	39
29	14
30	50
31	1
32	55
33	3
34	24
35	14
36	43
37	30
38	94
39	16
40	97
/

sigma(i)	Size
/
0	0
1	8
2	9
3	8
4	7
5	1
6	8
7	1
8	3
9	9
10	2
11	3
12	3
13	1
14	4
15	3
16	7
17	3
18	7
19	3
20	4
21	3
22	1
23	1
24	6
25	5
26	7
27	1
28	2
29	4
30	3
31	2
32	5
33	2
34	6
35	6
36	3
37	4
38	1
39	4
40	7
/

epsilon(i)	Priority
/
0	0
1	5
2	3
3	2
4	1
5	7
6	3
7	3
8	5
9	3
10	7
11	2
12	7
13	1
14	7
15	8
16	7
17	3
18	2
19	2
20	9
21	5
22	3
23	9
24	8
25	6
26	3
27	4
28	7
29	6
30	6
31	1
32	7
33	3
34	5
35	5
36	5
37	1
38	5
39	2
40	5
/

psi	Vehicle Capacity
/ 17 /
;

Table kappa(i,j)                 Setup
         0        1        2        3        4        5        6        7        8        9        10       11       12       13       14       15       16       17       18       19       20       21       22       23       24       25       26       27       28       29       30       31       32       33       34       35       36       37       38       39       40       
0        0        161      265      173      72       248      315      258      123      361      186      352      342      308      214      379      263      206      172      240      290      314      313      26       86       69       77       247      232      30       142      247      15       312      306      137      77       55       284      270      72       
1        161      0        141      11       227      202      153      197      190      210      176      340      219      159      52       257      168      50       83       275      129      208      255      142      248      178      177      148      72       190      200      143      166      224      272      151      238      137      131      130      107      
2        265      141      0        133      337      334      142      324      327      244      316      474      300      214      114      333      282      151      219      416      108      307      378      239      348      304      305      41       140      285      339      258      275      335      402      292      331      217      70       32       193      
3        173      11       133      0        238      206      142      199      200      201      183      344      214      151      41       252      167      43       87       282      118      205      256      152      259      189      188      143      63       201      210      143      177      223      275      160      249      147      120      121      117      
4        72       227      337      238      0        265      379      280      115      415      198      344      383      361      279      417      298      266      218      221      356      349      328      98       34       68       76       319      294      59       133      286      62       340      310      154      47       124      353      341      144      
5        248      202      334      206      265      0        266      22       152      229      66       139      152      190      220      175      75       183      119      124      269      108      64       251      299      198      189      349      201      275      139      89       238      83       69       113      306      271      295      314      254      
6        315      153      142      142      379      266      0        248      325      104      277      397      178      90       101      205      195      115      185      377      35       200      288      295      402      326      323      180      86       343      329      177      319      234      324      276      392      286      71       109      256      
7        258      197      324      199      280      22       248      0        169      207      83       151      129      169      210      153      54       173      115      147      254      85       59       259      314      212      203      342      188      286      157      71       249      62       78       126      319      277      281      302      258      
8        123      190      327      200      115      152      325      169      0        333      86       232      284      282      237      315      197      211      141      117      311      245      213      138      150      55       46       324      239      141      19       191      108      230      195      52       160      167      320      320      166      
9        361      210      244      201      415      229      104      207      333      0        264      339      94       53       170      109      154      159      197      352      136      132      228      346      442      351      346      280      139      391      331      147      361      169      270      281      438      346      174      212      317      
10       186      176      316      183      198      66       277      83       86       264      0        174      203      217      208      232      116      174      98       101      272      162      129      191      233      131      123      324      198      211      75       116      174      145      120      49       240      214      290      301      202      
11       352      340      474      344      344      139      397      151      232      339      174      0        247      313      359      251      201      323      257      126      405      207      111      362      377      288      279      488      339      374      213      222      339      170      73       220      391      388      433      453      377      
12       342      219      300      214      383      152      178      129      284      94       203      247      0        88       199      38       87       172      170      276      200      44       137      334      414      315      308      330      166      373      277      96       338      79       181      233      414      342      237      270      316      
13       308      159      214      151      361      190      90       169      282      53       217      313      88       0        124      119      115      108      144      310      112      110      202      293      389      298      293      247      92       338      281      103      307      145      241      230      384      294      149      184      265      
14       214      52       114      41       279      220      101      210      237      170      208      359      199      124      0        236      169      36       110      310      77       198      263      193      300      229      227      135      33       242      244      144      218      222      288      193      290      185      83       94       155      
15       379      257      333      252      417      175      205      153      315      109      232      251      38       119      236      0        119      210      207      297      230      70       146      371      449      349      342      365      203      410      307      132      374      94       192      266      450      380      268      303      354      
16       263      168      282      167      298      75       195      54       197      154      116      201      87       115      169      119      0        133      97       198      203      50       96       258      330      230      222      304      143      293      189      24       257      56       128      147      332      271      234      258      248      
17       206      50       151      43       266      183      115      173      211      159      174      323      172      108      36       210      133      0        76       276      100      166      227      188      290      210      207      170      28       235      216      109      208      188      251      164      283      186      115      130      157      
18       172      83       219      87       218      119      185      115      141      197      98       257      170      144      110      207      97       76       0        200      175      145      174      164      248      154      149      231      101      203      144      76       169      152      188      91       246      174      192      203      151      
19       240      275      416      282      221      124      377      147      117      352      101      126      276      310      310      297      198      276      200      0        373      232      157      255      254      172      163      420      300      257      98       207      226      202      119      127      268      284      392      402      279      
20       290      129      108      118      356      269      35       254      311      136      272      405      200      112      77       230      203      100      175      373      0        216      299      268      377      306      304      145      73       317      317      182      295      248      331      264      366      257      38       76       228      
21       314      208      307      205      349      108      200      85       245      132      162      207      44       110      198      70       50       166      145      232      216      0        96       308      381      280      272      334      168      344      237      68       308      37       139      196      383      319      251      280      295      
22       313      255      378      256      328      64       288      59       213      228      129      111      137      202      263      146      96       227      174      157      299      96       0        315      362      261      252      397      238      340      198      119      303      58       45       177      370      335      330      354      316      
23       26       142      239      152      98       251      295      259      138      346      191      362      334      293      193      371      258      188      164      255      268      308      315      0        110      89       95       221      214      48       157      240      39       309      311      143      97       30       260      244      46       
24       86       248      348      259      34       299      402      314      150      442      233      377      414      389      300      449      330      290      248      254      377      381      362      110      0        102      110      327      318      63       167      318      82       373      345      187      22       131      370      355      155      
25       69       178      304      189      68       198      326      212      55       351      131      288      315      298      229      349      230      210      154      172      306      280      261      89       102      0        9        295      239      86       75       219      54       271      247      85       108      119      309      303      125      
26       77       177      305      188      76       189      323      203      46       346      123      279      308      293      227      342      222      207      149      163      304      272      252      95       110      9        0        297      236      95       66       212      62       263      238      77       117      125      308      303      129      
27       247      148      41       143      319      349      180      342      324      280      324      488      330      247      135      365      304      170      231      420      145      334      397      221      327      295      297      0        166      264      337      279      259      358      418      294      309      196      110      71       175      
28       232      72       140      63       294      201      86       188      239      139      198      339      166      92       33       203      143      28       101      300      73       168      238      214      318      239      236      166      0        261      244      119      235      194      266      191      309      210      94       115      180      
29       30       190      285      201      59       275      343      286      141      391      211      374      373      338      242      410      293      235      203      257      317      344      340      48       63       86       95       264      261      0        161      277      37       341      330      162      48       68       308      292      92       
30       142      200      339      210      133      139      329      157      19       331      75       213      277      281      244      307      189      216      144      98       317      237      198      157      167      75       66       337      244      161      0        186      128      220      177      53       178      186      328      331      184      
31       247      143      258      143      286      89       177      71       191      147      116      222      96       103      144      132      24       109      76       207      182      68       119      240      318      219      212      279      119      277      186      0        242      80       149      139      318      251      211      234      227      
32       15       166      275      177      62       238      319      249      108      361      174      339      338      307      218      374      257      208      169      226      295      308      303      39       82       54       62       259      235      37       128      242      0        305      294      126      77       69       291      278      83       
33       312      224      335      223      340      83       234      62       230      169      145      170      79       145      222      94       56       188      152      202      248      37       58       309      373      271      263      358      194      341      220      80       305      0        102      185      377      324      281      309      302      
34       306      272      402      275      310      69       324      78       195      270      120      73       181      241      288      192      128      251      188      119      331      139      45       311      345      247      238      418      266      330      177      149      294      102      0        169      355      334      360      381      319      
35       137      151      292      160      154      113      276      126      52       281      49       220      233      230      193      266      147      164      91       127      264      196      177      143      187      85       77       294      191      162      53       139      126      185      169      0        193      167      276      281      157      
36       77       238      331      249      47       306      392      319      160      438      240      391      414      384      290      450      332      283      246      268      366      383      370      97       22       108      117      309      309      48       178      318      77       377      355      193      0        114      357      340      140      
37       55       137      217      147      124      271      286      277      167      346      214      388      342      294      185      380      271      186      174      284      257      319      335      30       131      119      125      196      210      68       186      251      69       324      334      167      114      0        245      226      29       
38       284      131      70       120      353      295      71       281      320      174      290      433      237      149      83       268      234      115      192      392      38       251      330      260      370      309      308      110      94       308      328      211      291      281      360      276      357      245      0        38       217      
39       270      130      32       121      341      314      109      302      320      212      301      453      270      184      94       303      258      130      203      402      76       280      354      244      355      303      303      71       115      292      331      234      278      309      381      281      340      226      38       0        199      
40       72       107      193      117      144      254      256      258      166      317      202      377      316      265      155      354      248      157      151      279      228      295      316      46       155      125      129      175      180      92       184      227      83       302      319      157      140      29       217      199      0        
;



Table delta(i,j)                 Distance
         0        1        2        3        4        5        6        7        8        9        10       11       12       13       14       15       16       17       18       19       20       21       22       23       24       25       26       27       28       29       30       31       32       33       34       35       36       37       38       39       40       
0        0        2330     3710     5410     2200     2070     3410     2510     3790     2100     2950     1780     1750     3500     4450     2140     2900     3610     3270     4390     2070     3010     3300     4690     3610     4250     2450     4100     4100     2300     5360     2300     4800     3200     3110     1120     4140     2820     1740     2520     4190     
1        2330     0        240      665      453      332      569      250      198      331      525      215      325      566      341      196      362      339      306      430      430      319      97       686      444      403      463      445      228      454      668      365      397      163      510      307      181      211      367      39       635      
2        3710     240      0        560      553      541      697      486      84       541      599      216      338      718      570      169      590      167      546      240      574      202      225      836      339      209      514      291      426      520      571      344      629      77       682      478      253      451      542      201      786      
3        5410     665      560      0        487      728      605      792      639      733      442      450      368      677      974      473      821      394      868      349      588      367      725      743      226      375      381      275      893      411      24       315      1016     594      706      614      788      812      645      650      714      
4        2200     453      553      487      0        292      151      412      581      297      85       337      235      201      620      384      384      486      478      538      106      415      550      300      396      535      105      479      619      76       472      265      640      519      218      194      634      467      187      470      256      
5        2070     332      541      728      292      0        322      146      524      5        375      379      376      281      345      406      94       563      194      645      199      507      419      392      565      628      374      618      394      348      719      429      355      474      207      114      494      219      105      368      344      
6        3410     569      697      605      151      322      0        465      717      327      163      482      386      79       667      529      397      637      515      688      140      566      667      150      542      686      240      628      701      215      587      415      674      657      146      269      751      533      225      592      110      
7        2510     250      486      792      412      146      465      0        449      141      497      380      424      428      208      390      122      552      76       641      334      509      316      538      600      619      476      632      251      454      787      477      232      411      353      217      379      75       241      290      490      
8        3790     198      84       639      581      524      717      449      0        523      635      254      384      729      507      208      561      249      500      324      586      274      155      849      415      293      556      373      354      557      648      400      567      61       685      478      170      403      541      159      798      
9        2100     331      541      733      297      5        327      141      523      0        381      381      379      286      340      408      90       565      189      647      205      509      417      396      568      630      379      620      390      353      723      432      350      474      211      119      491      215      111      366      349      
10       2950     525      599      442      85       375      163      497      635      381      0        383      264      235      705      431      467      510      563      549      182      439      620      306      392      551      90       482      700      79       425      279      726      574      275      279      704      551      270      538      272      
11       1780     215      216      450      337      379      482      380      254      381      383      0        130      509      534      47       452      184      454      266      366      130      284      624      232      249      301      252      442      305      452      156      583      194      482      290      358      378      351      203      575      
12       1750     325      338      368      235      376      386      424      384      379      264      130      0        428      608      176      464      251      501      305      294      180      406      535      190      300      177      256      543      186      364      54       648      324      420      265      484      444      313      323      489      
13       3500     566      718      677      201      281      79       428      729      286      235      509      428      0        622      553      345      675      470      734      143      605      662      120      597      729      302      679      673      275      660      464      622      670      80       258      744      500      201      593      69       
14       4450     341      570      974      620      345      667      208      507      340      705      534      608      622      0        530      279      680      152      771      541      654      351      723      766      745      681      781      168      660      971      659      62       493      543      426      372      163      447      375      679      
15       2140     196      169      473      384      406      529      390      208      408      431      47       176      553      530      0        473      161      462      250      409      124      252      669      249      228      349      251      424      352      477      196      581      148      522      325      321      380      388      177      620      
16       2900     362      590      821      384      94       397      122      561      90       467      452      464      345      279      473      0        633      130      718      287      581      436      443      651      699      469      698      365      443      812      517      277      518      264      208      501      194      197      401      400      
17       3610     339      167      394      486      563      637      552      249      565      510      184      251      675      680      161      633      0        622      91       536      71       364      785      180      67       420      124      558      433      406      232      735      215      657      473      410      537      532      309      738      
18       3270     306      546      868      478      194      515      76       500      189      563      454      501      470      152      462      130      622      0        712      392      582      357      572      676      689      547      706      245      524      863      554      162      469      391      285      408      97       298      345      527      
19       4390     430      240      349      538      645      688      641      324      647      549      266      305      734      771      250      718      91       712      0        599      138      451      838      171      31       458      81       647      477      364      273      826      299      724      549      492      628      605      399      794      
20       2070     430      574      588      106      199      140      334      586      205      182      366      294      143      541      409      287      536      392      599      0        468      528      262      475      592      208      550      563      179      574      336      554      527      126      129      611      398      94       455      212      
21       3010     319      202      367      415      507      566      509      274      509      439      130      180      605      654      124      581      71       582      138      468      0        362      714      141      125      349      126      545      362      375      162      705      227      590      411      421      503      468      295      668      
22       3300     97       225      725      550      419      667      316      155      417      620      284      406      662      351      252      436      364      357      451      528      362      0        783      498      421      554      482      201      548      729      440      412      152      605      404      84       259      463      84       732      
23       4690     686      836      743      300      392      150      538      849      396      306      624      535      120      723      669      443      785      572      838      262      714      783      0        692      835      389      778      787      365      724      565      717      790      185      378      864      611      320      713      51       
24       3610     444      339      226      396      565      542      600      415      568      392      232      190      597      766      249      651      180      676      171      475      141      498      692      0        186      304      94       673      326      234      140      813      368      601      456      561      607      503      426      651      
25       4250     403      209      375      535      628      686      619      293      630      551      249      300      729      745      228      699      67       689      31       592      125      421      835      186      0        460      101      618      477      390      273      800      269      715      535      461      604      593      372      790      
26       2450     463      514      381      105      374      240      476      556      379      90       301      177      302      681      349      469      420      547      458      208      349      554      389      304      460      0        392      655      29       367      188      708      494      324      264      637      520      277      471      350      
27       4100     445      291      275      479      618      628      632      373      620      482      252      256      679      781      251      698      124      706      81       550      126      482      778      94       101      392      0        670      413      289      214      832      337      676      515      533      629      567      419      735      
28       4100     228      426      893      619      394      701      251      354      390      700      442      543      673      168      424      365      558      245      647      563      545      201      787      673      618      655      670      0        641      895      588      230      353      601      435      206      176      477      250      738      
29       2300     454      520      411      76       348      215      454      557      353      79       305      186      275      660      352      443      433      524      477      179      362      548      365      326      477      29       413      641      0        396      204      686      496      295      240      631      501      249      465      325      
30       5360     668      571      24       472      719      587      787      648      723      425      452      364      660      971      477      812      406      863      364      574      375      729      724      234      390      367      289      895      396      0        312      1012     602      691      604      794      808      633      654      695      
31       2300     365      344      315      265      429      415      477      400      432      279      156      54       464      659      196      517      232      554      273      336      162      440      565      140      273      188      214      588      204      312      0        700      342      462      318      515      496      363      358      522      
32       4800     397      629      1016     640      355      674      232      567      350      726      583      648      622      62       581      277      735      162      826      554      705      412      717      813      800      708      832      230      686      1012     700      0        552      542      447      434      205      460      432      676      
33       3200     163      77       594      519      474      657      411      61       474      574      194      324      670      493      148      518      215      469      299      527      227      152      790      368      269      494      337      353      496      602      342      552      0        628      422      195      374      486      124      739      
34       3110     510      682      706      218      207      146      353      685      211      275      482      420      80       543      522      264      657      391      724      126      590      605      185      601      715      324      676      601      295      691      462      542      628      0        206      685      426      143      541      137      
35       1120     307      478      614      194      114      269      217      478      119      279      290      265      258      426      325      208      473      285      549      129      411      404      378      456      535      264      515      435      240      604      318      447      422      206      0        486      274      63       336      327      
36       4140     181      253      788      634      494      751      379      170      491      704      358      484      744      372      321      501      410      408      492      611      421      84       864      561      461      637      533      206      631      794      515      434      195      685      486      0        314      544      166      813      
37       2820     211      451      812      467      219      533      75       403      215      551      378      444      500      163      380      194      537      97       628      398      503      259      611      607      604      520      629      176      501      808      496      205      374      426      274      314      0        308      250      564      
38       1740     367      542      645      187      105      225      241      541      111      270      351      313      201      447      388      197      532      298      605      94       468      463      320      503      593      277      567      477      249      633      363      460      486      143      63       544      308      0        397      270      
39       2520     39       201      650      470      368      592      290      159      366      538      203      323      593      375      177      401      309      345      399      455      295      84       713      426      372      471      419      250      465      654      358      432      124      541      336      166      250      397      0        662      
40       4190     635      786      714      256      344      110      490      798      349      272      575      489      69       679      620      400      738      527      794      212      668      732      51       651      790      350      735      738      325      695      522      676      739      137      327      813      564      270      662      0        
;

