
sets
i        orders          /0*40/
k        routes          /1*40/
p        positions       /0*40/
;

alias(i,j)
alias(i,h)
alias(i,hh)
alias(i,jj)
alias(k,kk)
                
                    Parameters

rho(i)	Processing time
/
0	0
1	86
2	18
3	75
4	35
5	69
6	12
7	48
8	49
9	64
10	19
11	89
12	48
13	49
14	47
15	16
16	46
17	71
18	35
19	70
20	77
21	53
22	82
23	6
24	50
25	41
26	20
27	69
28	99
29	75
30	42
31	97
32	48
33	53
34	2
35	33
36	78
37	43
38	20
39	56
40	57
/

gamma(i)	Duedate
/
0	0
1	7
2	71
3	48
4	79
5	45
6	25
7	32
8	31
9	61
10	70
11	72
12	84
13	34
14	93
15	52
16	97
17	24
18	28
19	17
20	55
21	32
22	35
23	29
24	19
25	80
26	77
27	14
28	19
29	59
30	51
31	2
32	41
33	5
34	66
35	60
36	78
37	3
38	64
39	29
40	9
/

sigma(i)	Size
/
0	0
1	7
2	1
3	3
4	2
5	3
6	5
7	7
8	2
9	2
10	2
11	9
12	9
13	5
14	1
15	8
16	8
17	6
18	3
19	5
20	6
21	7
22	9
23	1
24	2
25	5
26	8
27	2
28	6
29	1
30	4
31	3
32	2
33	3
34	4
35	2
36	9
37	1
38	3
39	8
40	9
/

epsilon(i)	Priority
/
0	0
1	9
2	2
3	5
4	9
5	9
6	4
7	9
8	4
9	9
10	4
11	2
12	5
13	1
14	5
15	1
16	9
17	6
18	2
19	9
20	8
21	1
22	2
23	9
24	6
25	3
26	6
27	3
28	1
29	7
30	4
31	8
32	2
33	7
34	5
35	1
36	3
37	7
38	1
39	8
40	2
/

psi	Vehicle Capacity
/ 11 /
;

Table kappa(i,j)                 Setup
         0        1        2        3        4        5        6        7        8        9        10       11       12       13       14       15       16       17       18       19       20       21       22       23       24       25       26       27       28       29       30       31       32       33       34       35       36       37       38       39       40       
0        0        198      120      163      129      95       284      97       145      148      303      125      146      294      292      64       11       358      100      87       207      141      331      128      268      309      48       48       217      44       104      213      139      234      197      132      276      187      118      275      132      
1        198      0        121      35       69       265      308      289      70       63       317      174      324      188      179      142      187      265      181      273      248      321      237      215      361      276      224      156      40       221      184      182      311      112      164      303      250      166      220      385      287      
2        120      121      0        93       72       155      348      189      50       113      363      181      212      286      279      58       113      361      61       169      274      211      332      209      364      344      165      105      156      161      175      240      259      209      220      251      313      215      206      378      246      
3        163      35       93       0        34       231      296      254      45       40       306      149      290      198      190      107      152      274      151      238      231      287      246      188      339      274      191      121      63       187      156      174      279      120      154      271      245      154      192      361      256      
4        129      69       72       34       0        199      287      221      38       40       300      130      257      213      207      74       118      288      124      205      218      254      259      166      320      275      158      88       93       155      132      172      248      137      152      240      244      149      168      340      227      
5        95       265      155      231      199      0        373      48       199      229      393      220      58       386      384      125      103      452      98       27       298      56       425      218      341      404      125      139      292      122      198      309      183      322      292      179      371      282      206      341      193      
6        284      308      348      296      287      373      0        352      326      256      21       168      410      187      198      304      280      182      369      356      76       403      176      156      112      84       248      257      283      251      182      126      237      218      143      234      78       142      166      148      205      
7        97       289      189      254      221      48       352      0        228      245      373      212      57       389      388      148      108      450      139      22       280      51       424      201      308      392      107      145      312      106      188      303      143      331      289      140      360      278      188      304      158      
8        145      70       50       45       38       199      326      228      0        74       339      167      257      242      235      82       135      318      111      210      257      255      290      202      357      312      182      113      106      178      168      210      275      165      190      267      282      187      203      376      257      
9        148      63       113      40       40       229      256      245      74       0        267      111      286      173      167      105      137      247      162      231      191      283      219      151      300      237      167      102      69       164      120      136      250      98       116      241      208      114      156      323      224      
10       303      317      363      306      300      393      21       373      339      267      0        185      431      183      195      320      298      170      386      376      95       424      168      175      128      73       268      275      290      271      200      134      258      222      152      255      76       152      186      164      227      
11       125      174      181      149      130      220      168      212      167      111      185      0        267      182      184      135      118      237      201      208      93       261      213      42       190      184      106      90       167      107      24       91       159      143      78       151      151      66       50       212      127      
12       146      324      212      290      257      58       410      57       257      286      431      267      0        440      438      183      155      503      153      58       337      7        477      258      364      449      164      192      351      162      244      357      196      378      342      194      416      332      246      357      215      
13       294      188      286      198      213      386      187      389      242      173      183      182      440      0        12       271      284      76       334      381      176      435      48       212      285      116      287      247      149      287      206      98       334      77       104      327      108      116      225      320      300      
14       292      179      279      190      207      384      198      388      235      167      195      184      438      12       0        267      283      85       329      380      183      434      58       215      295      129      288      246      140      288      208      104      338      70       107      331      119      120      228      329      304      
15       64       142      58       107      74       125      304      148      82       105      320      135      183      271      267      0        56       342      66       131      228      180      314      156      310      312      107      49       167      103      124      209      201      201      190      193      279      182      152      322      188      
16       11       187      113      152      118      103      280      108      135      137      298      118      155      284      283      56       0        349      97       97       203      150      322      124      268      303      53       37       206      48       99       206      146      223      189      138      270      179      116      277      136      
17       358      265      361      274      288      452      182      450      318      247      170      237      503      76       85       342      349      0        406      444      202      498      28       258      292      97       344      314      225      345      262      146      377      154      160      370      112      171      272      328      341      
18       100      181      61       151      124      98       369      139      111      162      386      201      153      334      329      66       97       406      0        117      292      152      378      218      366      378      149      111      214      144      187      275      237      261      256      230      346      249      211      375      232      
19       87       273      169      238      205      27       356      22       210      231      376      208      58       381      380      131      97       444      117      0        281      53       418      202      318      391      107      134      297      105      185      299      156      320      284      153      358      273      189      316      168      
20       207      248      274      231      218      298      76       280      257      191      95       93       337      176      183      228      203      202      292      281      0        331      186      80       118      119      174      181      230      176      105      84       178      177      93       173      91       86       91       149      144      
21       141      321      211      287      254      56       403      51       255      283      424      261      7        435      434      180      150      498      152      53       331      0        472      252      357      443      158      188      347      156      238      352      189      374      337      187      410      326      239      350      208      
22       331      237      332      246      259      425      176      424      290      219      168      213      477      48       58       314      322      28       378      418      186      472      0        237      284      94       320      287      198      320      237      123      357      125      135      350      101      146      250      320      321      
23       128      215      209      188      166      218      156      201      202      151      175      42       258      212      215      156      124      258      218      202      80       252      237      0        155      191      94       107      209      96       34       114      123      182      108      115      159      95       13       174      89       
24       268      361      364      339      320      341      112      308      357      300      128      190      364      285      295      310      268      292      366      318      118      357      284      155      0        196      222      260      346      226      190      201      169      295      211      170      183      203      158      36       149      
25       309      276      344      274      275      404      84       392      312      237      73       184      449      116      129      312      303      97       378      391      119      443      94       191      196      0        285      272      243      286      205      104      298      170      123      292      33       129      205      232      263      
26       48       224      165      191      158      125      248      107      182      167      268      106      164      287      288      107      53       344      149      107      174      158      320      94       222      285      0        69       236      4        82       197      94       237      185      86       252      173      82       227      83       
27       48       156      105      121      88       139      257      145      113      102      275      90       192      247      246      49       37       314      111      134      181      188      287      107      260      272      69       0        171      66       76       172      161      186      155      153      239      145      102      274      144      
28       217      40       156      63       93       292      283      312      106      69       290      167      351      149      140      167      206      225      214      297      230      347      198      209      346      243      236      171      0        233      182      156      316      75       140      308      219      144      216      373      289      
29       44       221      161      187      155      122      251      106      178      164      271      107      162      287      288      103      48       345      144      105      176      156      320      96       226      286      4        66       233      0        83       198      98       236      185      90       254      173      84       232      88       
30       104      184      175      156      132      198      182      188      168      120      200      24       244      206      208      124      99       262      187      185      105      238      237      34       190      205      82       76       182      83       0        115      137      165      103      129      173      91       36       208      107      
31       213      182      240      174      172      309      126      303      210      136      134      91       357      98       104      209      206      146      275      299      84       352      123      114      201      104      197      172      156      198      115      0        236      94       20       229      72       26       128      233      202      
32       139      311      259      279      248      183      237      143      275      250      258      159      196      334      338      201      146      377      237      156      178      189      357      123      169      298      94       161      316      98       137      236      0        302      231      8        270      218      110      161      35       
33       234      112      209      120      137      322      218      331      165      98       222      143      378      77       70       201      223      154      261      320      177      374      125      182      295      170      237      186      75       236      165      94       302      0        84       294      148      93       193      326      269      
34       197      164      220      154      152      292      143      289      190      116      152      78       342      104      107      190      189      160      256      284      93       337      135      108      211      123      185      155      140      185      103      20       231      84       0        223      92       12       121      241      197      
35       132      303      251      271      240      179      234      140      267      241      255      151      194      327      331      193      138      370      230      153      173      187      350      115      170      292      86       153      308      90       129      229      8        294      223      0        264      211      102      163      29       
36       276      250      313      245      244      371      78       360      282      208      76       151      416      108      119      279      270      112      346      358      91       410      101      159      183      33       252      239      219      254      173      72       270      148      92       264      0        97       173      218      235      
37       187      166      215      154      149      282      142      278      187      114      152      66       332      116      120      182      179      171      249      273      86       326      146      95       203      129      173      145      144      173      91       26       218      93       12       211      97       0        108      233      184      
38       118      220      206      192      168      206      166      188      203      156      186      50       246      225      228      152      116      272      211      189      91       239      250      13       158      205      82       102      216      84       36       128      110      193      121      102      173      108      0        173      77       
39       275      385      378      361      340      341      148      304      376      323      164      212      357      320      329      322      277      328      375      316      149      350      320      174      36       232      227      274      373      232      208      233      161      326      241      163      218      233      173      0        148      
40       132      287      246      256      227      193      205      158      257      224      227      127      215      300      304      188      136      341      232      168      144      208      321      89       149      263      83       144      289      88       107      202      35       269      197      29       235      184      77       148      0        
;



Table delta(i,j)                 Distance
         0        1        2        3        4        5        6        7        8        9        10       11       12       13       14       15       16       17       18       19       20       21       22       23       24       25       26       27       28       29       30       31       32       33       34       35       36       37       38       39       40       
0        0        4960     6150     5260     4390     4340     6270     2590     5580     7070     3170     5350     3520     7280     3340     7840     6280     6170     7990     8180     5140     7500     4130     3140     450      930      1710     7060     8470     1880     1250     5340     2420     7870     7810     5860     1800     5260     9620     6400     5970     
1        4960     0        230      418      64       252      398      383      79       276      178      279      210      536      165      363      180      195      334      324      367      517      350      348      451      416      353      420      351      507      453      54       390      375      487      104      315      503      467      441      188      
2        6150     230      0        648      281      202      620      581      165      437      334      506      263      756      307      515      86       386      206      352      238      732      289      559      570      558      446      629      351      683      614      181      584      531      687      159      452      385      417      666      388      
3        5260     418      648      0        373      613      134      266      489      372      397      157      520      202      421      401      591      329      713      585      741      230      682      214      506      440      513      222      628      385      406      468      284      393      284      505      423      846      755      124      312      
4        4390     64       281      373      0        258      372      319      142      298      125      248      191      510      120      385      241      209      398      379      382      498      347      285      396      356      307      407      409      443      391      116      326      394      478      168      259      507      528      412      196      
5        4340     252      202      613      258      0        629      467      248      526      224      504      104      766      197      613      252      448      407      515      127      756      102      464      390      394      263      664      525      537      460      241      464      625      734      266      296      251      610      667      440      
6        6270     398      620      134      372      629      0        375      455      267      435      124      548      138      452      278      551      252      647      488      754      131      712      315      601      536      583      88       532      506      515      440      393      268      156      465      498      875      655      47       242      
7        2590     383      581      266      319      467      375      0        461      507      251      300      362      469      280      572      557      426      718      669      585      493      503      61       242      176      279      458      705      143      141      436      18       571      531      487      194      657      831      383      405      
8        5580     79       165      489      142      248      455      461      0        287      243      342      240      591      224      371      103      224      256      277      346      567      351      427      513      483      406      465      296      582      526      26       468      385      526      27       379      490      404      500      224      
9        7070     276      437      372      298      526      267      507      287      0        417      227      484      373      417      87       353      91       402      222      633      331      626      450      668      616      599      227      266      651      626      287      522      99       264      282      535      774      388      311      109      
10       3170     178      334      397      125      224      435      251      243      417      0        313      123      568      29       501      324      326      493      502      349      567      285      241      273      240      182      489      530      349      285      218      252      509      564      271      137      449      645      468      309      
11       5350     279      506      157      248      504      124      300      342      227      313      0        424      262      329      277      442      172      556      430      630      254      587      239      503      442      470      178      473      442      434      325      317      274      254      356      388      750      601      164      154      
12       3520     210      263      520      191      104      548      362      240      484      123      424      0        683      99       571      284      398      453      517      226      678      164      361      306      299      183      593      536      437      362      222      360      581      666      264      197      328      636      584      386      
13       7280     536      756      202      510      766      138      469      591      373      568      262      683      0        587      356      684      380      769      592      892      55       848      415      707      641      705      146      636      584      609      577      487      341      146      599      617      1011     752      99       372      
14       3340     165      307      421      120      197      452      280      224      417      29       329      99       587      0        503      300      327      470      489      323      583      262      269      289      261      188      502      515      376      310      200      280      511      577      252      155      426      628      487      312      
15       7840     363      515      401      385      613      278      572      371      87       501      277      571      356      503      0        430      176      455      248      718      306      713      512      747      692      683      213      289      715      698      373      588      18       225      363      616      860      398      317      192      
16       6280     180      86       591      241      252      551      557      103      353      324      442      284      684      300      430      0        308      171      271      315      656      350      527      582      560      465      552      276      672      610      126      563      446      608      86       454      463      358      597      312      
17       6170     195      386      329      209      448      252      426      224      91       326      172      398      380      327      176      308      0        394      258      561      349      546      371      578      526      508      244      300      569      540      217      440      184      302      226      444      699      429      300      21       
18       7990     334      206      713      398      407      647      718      256      402      493      556      453      769      470      455      171      394      0        222      435      732      494      681      753      731      635      626      198      838      779      282      724      472      666      230      625      576      220      694      407      
19       8180     324      352      585      379      515      488      669      277      222      502      430      517      592      489      248      271      258      222      0        586      548      616      619      775      735      677      446      43       806      765      295      680      266      471      253      638      734      170      533      278      
20       5140     367      238      741      382      127      754      585      346      633      349      630      226      892      323      718      315      561      435      586      0        880      101      587      474      491      351      786      589      641      561      345      581      731      854      357      404      147      653      794      555      
21       7500     517      732      230      498      756      131      493      567      331      567      254      678      55       583      306      656      349      732      548      880      0        841      436      726      661      714      105      591      615      634      555      511      290      90       573      627      1004     704      109      344      
22       4130     350      289      682      347      102      712      503      351      626      285      587      164      848      262      713      350      546      494      616      101      841      0        512      374      395      253      754      625      548      467      343      496      725      826      369      314      164      704      748      537      
23       3140     348      559      214      285      464      315      61       427      450      241      239      361      415      269      512      527      371      681      619      587      436      512      0        292      226      308      398      657      202      200      402      78       511      471      452      219      671      784      326      350      
24       450      451      570      506      396      390      601      242      513      668      273      503      306      707      289      747      582      578      753      775      474      726      374      292      0        66       127      677      803      199      123      489      226      750      752      541      136      494      917      616      558      
25       930      416      558      440      356      394      536      176      483      616      240      442      299      641      261      692      560      526      731      735      491      661      395      226      66       0        142      614      766      154      72       458      160      695      689      511      106      529      884      551      506      
26       1710     353      446      513      307      263      583      279      406      599      182      470      183      705      188      683      465      508      635      677      351      714      253      308      127      142      0        648      701      296      214      384      267      689      725      432      89       389      809      608      491      
27       7060     420      629      222      407      664      88       458      465      227      489      178      593      146      502      213      552      244      626      446      786      105      754      398      677      614      648      0        490      592      598      454      476      200      76       470      566      915      607      111      241      
28       8470     351      351      628      409      525      532      705      296      266      530      473      536      636      515      289      276      300      198      43       589      591      625      657      803      766      701      490      0        842      798      317      717      307      513      271      666      736      128      577      320      
29       1880     507      683      385      443      537      506      143      582      651      349      442      437      584      376      715      672      569      838      806      641      615      548      202      199      154      296      592      842      0        81       556      128      714      662      609      240      683      966      508      548      
30       1250     453      614      406      391      460      515      141      526      626      285      434      362      609      310      698      610      540      779      765      561      634      467      200      123      72       214      598      798      81       0        500      123      699      671      553      164      602      919      524      519      
31       5340     54       181      468      116      241      440      436      26       287      218      325      222      577      200      373      126      217      282      295      345      555      343      402      489      458      384      454      317      556      500      0        442      386      517      53       355      487      427      485      215      
32       2420     390      584      284      326      464      393      18       468      522      252      317      360      487      280      588      563      440      724      680      581      511      496      78       226      160      267      476      717      128      123      442      0        587      549      494      185      648      842      401      419      
33       7870     375      531      393      394      625      268      571      385      99       509      274      581      341      511      18       446      184      472      266      731      290      725      511      750      695      689      200      307      714      699      386      587      0        208      378      621      874      414      305      199      
34       7810     487      687      284      478      734      156      531      526      264      564      254      666      146      577      225      608      302      666      471      854      90       826      471      752      689      725      76       513      662      671      517      549      208      0        528      643      986      622      161      302      
35       5860     104      159      505      168      266      465      487      27       282      271      356      264      599      252      363      86       226      230      253      357      573      369      452      541      511      432      470      271      609      553      53       494      378      528      0        407      503      377      511      229      
36       1800     315      452      423      259      296      498      194      379      535      137      388      197      617      155      616      454      444      625      638      404      627      314      219      136      106      89       566      666      240      164      355      185      621      643      407      0        463      782      521      426      
37       5260     503      385      846      507      251      875      657      490      774      449      750      328      1011     426      860      463      699      576      734      147      1004     164      671      494      529      389      915      736      683      602      487      648      874      986      503      463      0        796      912      691      
38       9620     467      417      755      528      610      655      831      404      388      645      601      636      752      628      398      358      429      220      170      653      704      704      784      917      884      809      607      128      966      919      427      842      414      622      377      782      796      0        700      449      
39       6400     441      666      124      412      667      47       383      500      311      468      164      584      99       487      317      597      300      694      533      794      109      748      326      616      551      608      111      577      508      524      485      401      305      161      511      521      912      700      0        289      
40       5970     188      388      312      196      440      242      405      224      109      309      154      386      372      312      192      312      21       407      278      555      344      537      350      558      506      491      241      320      548      519      215      419      199      302      229      426      691      449      289      0        
;

