

sets
i        orders          /0*80/
k        routes          /1*80/
p        positions       /0*80/
;

alias(i,j)
alias(i,h)
alias(i,hh)
alias(i,jj)
alias(k,kk)
                            Parameters

rho(i)	Processing time
/
0	0
1	28
2	83
3	63
4	19
5	5
6	52
7	34
8	80
9	81
10	22
11	95
12	86
13	88
14	32
15	62
16	41
17	30
18	81
19	69
20	45
21	98
22	68
23	40
24	33
25	68
26	29
27	85
28	10
29	73
30	61
31	36
32	46
33	66
34	97
35	90
36	20
37	79
38	72
39	68
40	86
41	36
42	73
43	91
44	3
45	70
46	90
47	66
48	69
49	6
50	80
51	59
52	92
53	99
54	15
55	91
56	97
57	88
58	53
59	94
60	66
61	65
62	46
63	87
64	4
65	51
66	21
67	87
68	30
69	57
70	89
71	22
72	64
73	37
74	93
75	80
76	86
77	51
78	80
79	41
80	64
/

gamma(i)	Duedate
/
0	0
1	42
2	7
3	19
4	2
5	10
6	59
7	38
8	33
9	3
10	96
11	46
12	19
13	24
14	11
15	88
16	90
17	6
18	14
19	53
20	36
21	80
22	37
23	22
24	83
25	50
26	20
27	20
28	58
29	36
30	20
31	80
32	26
33	2
34	16
35	68
36	10
37	11
38	73
39	60
40	26
41	55
42	79
43	40
44	63
45	5
46	79
47	2
48	70
49	40
50	13
51	60
52	41
53	47
54	76
55	19
56	79
57	98
58	10
59	1
60	30
61	40
62	99
63	52
64	15
65	3
66	36
67	33
68	17
69	47
70	24
71	47
72	49
73	3
74	98
75	22
76	49
77	13
78	82
79	45
80	74
/

sigma(i)	Size
/
0	0
1	5
2	5
3	7
4	1
5	7
6	4
7	4
8	5
9	8
10	1
11	2
12	5
13	2
14	8
15	6
16	4
17	8
18	6
19	6
20	6
21	2
22	3
23	3
24	5
25	3
26	2
27	6
28	5
29	6
30	1
31	1
32	1
33	8
34	8
35	4
36	6
37	5
38	7
39	2
40	4
41	3
42	9
43	1
44	6
45	7
46	9
47	3
48	6
49	7
50	5
51	1
52	2
53	2
54	8
55	7
56	2
57	8
58	4
59	9
60	8
61	2
62	4
63	4
64	5
65	4
66	3
67	8
68	4
69	6
70	8
71	1
72	8
73	8
74	5
75	3
76	9
77	3
78	6
79	5
80	6
/

epsilon(i)	Priority
/
0	0
1	3
2	5
3	9
4	3
5	1
6	8
7	3
8	4
9	3
10	6
11	9
12	6
13	2
14	3
15	3
16	4
17	3
18	1
19	7
20	3
21	6
22	4
23	3
24	6
25	2
26	3
27	9
28	5
29	2
30	7
31	1
32	9
33	6
34	2
35	1
36	6
37	9
38	1
39	8
40	1
41	1
42	9
43	2
44	3
45	4
46	9
47	4
48	2
49	4
50	7
51	9
52	9
53	1
54	3
55	5
56	1
57	5
58	3
59	8
60	9
61	3
62	8
63	6
64	1
65	5
66	1
67	7
68	8
69	3
70	1
71	8
72	1
73	3
74	9
75	8
76	1
77	6
78	1
79	4
80	5
/

psi	Vehicle Capacity
/ 24 /
;

Table kappa(i,j)                 Setup
         0        1        2        3        4        5        6        7        8        9        10       11       12       13       14       15       16       17       18       19       20       21       22       23       24       25       26       27       28       29       30       31       32       33       34       35       36       37       38       39       40       41       42       43       44       45       46       47       48       49       50       51       52       53       54       55       56       57       58       59       60       61       62       63       64       65       66       67       68       69       70       71       72       73       74       75       76       77       78       79       80       
0        0        5243     1064     5341     4773     954      3394     1799     2521     5132     6225     2749     6158     2145     2757     2843     1011     4463     3044     3121     2687     2956     1980     158      1963     2785     3205     5539     5432     4338     4843     2825     6123     3158     2699     5036     1407     3825     4375     2925     5296     4151     2360     6518     3212     5836     3380     2360     4052     1831     1632     4279     3792     5386     2484     545      3523     1771     2082     4250     2896     3301     3775     4609     2025     3164     2380     2027     4048     6021     1805     2602     2156     6165     2481     3673     1573     4206     1104     3954     1967     
1        5243     0        6307     1582     2116     5641     6797     3443     4938     5070     4460     3864     4252     4499     5138     7769     4377     4663     7517     2422     7821     4634     6313     5118     5017     2466     8082     4982     589      3520     993      2614     4261     3956     7933     528      3836     6310     1459     5484     5104     6409     6518     3911     4212     4480     4748     7110     3202     6242     6296     7723     2781     3853     7714     5721     7461     7007     3161     7170     6980     3444     1469     1908     6795     2136     3517     7231     7438     2967     4498     2946     6237     3882     7687     6545     6155     7807     6144     2909     5894     
2        1064     6307     0        6358     5773     1136     3315     2864     3043     5736     7001     3591     6956     2872     3213     2071     2021     5101     2558     4159     1746     3563     1796     1196     2521     3847     2435     6188     6493     5162     5897     3869     6918     3921     1650     6098     2470     3998     5407     3329     5905     4340     2157     7380     3919     6583     3961     1745     4921     1653     1399     4047     4750     6194     1443     666      3185     715      3145     4212     2597     4188     4838     5624     1477     4225     3331     1035     3866     6953     2535     3626     2068     7008     1470     3743     1445     3920     688      4892     2106     
3        5341     1582     6358     0        3579     5472     6047     3677     4273     3701     2889     4766     2678     5229     4403     8107     4685     3421     8035     3249     8027     3836     5913     5251     5682     2724     8450     3529     2164     2285     2469     3303     2690     3128     8005     2054     4005     5375     1000     6350     3706     5402     6033     2337     3344     2948     3818     6773     2096     5879     6687     6891     3977     2351     7801     5874     6800     7004     3392     6246     6414     4505     2011     3333     6495     2772     4256     7365     6617     1398     4101     3642     5768     2301     7816     5680     6562     7014     6031     4155     6466     
4        4773     2116     5773     3579     0        5478     7287     3187     5508     6524     6310     2449     6117     3239     5769     6740     3765     5976     6267     1720     6962     5409     6380     4619     3779     2613     6996     6570     1708     4949     1128     2031     6118     4873     7243     1588     3551     7086     2994     3913     6601     7275     6680     5899     5132     6231     5669     7026     4550     6269     5302     8265     1112     5578     7018     5113     7785     6484     3011     7872     7210     1848     2078     275      6686     1972     2461     6508     7983     4971     4803     2181     6402     5801     6937     7208     5151     8291     5848     1089     4690     
5        954      5641     1136     5472     5478     0        2454     2323     1906     4599     5890     3641     5853     3085     2082     3207     1836     3967     3639     3770     2855     2429     1030     1091     2917     3196     3571     5053     5913     4081     5389     3460     5814     2824     2633     5514     1935     2972     4574     3871     4769     3308     1407     6308     2802     5464     2824     1548     3871     884      2328     3325     4573     5098     2459     1180     2574     1600     2558     3324     1947     4155     4185     5286     1209     3696     3199     2135     3097     5938     1460     3302     1203     5927     2533     2776     2317     3251     574      4753     2837     
6        3394     6797     3315     6047     7287     2454     0        4181     1859     3527     5214     5900     5270     5458     1665     5185     4116     3159     5841     5595     4632     2213     1519     3516     5352     4700     5513     4050     7225     3943     6877     5296     5222     2923     4118     6850     3898     1030     5422     6320     3684     1313     1162     5929     2703     4740     2269     1925     3986     1667     4688     979      6581     4668     4054     3606     829      3315     4298     898      884      6324     5524     7049     1982     5327     5354     3999     703      5934     2485     5260     1268     5519     4222     613      4705     1017     2640     6791     5277     
7        1799     3443     2864     3677     3187     2323     4181     0        2556     4502     5141     1934     5024     1906     2839     4439     1007     3827     4370     1466     4412     2667     3193     1675     2198     1000     4777     4778     3641     3262     3079     1155     4999     2431     4490     3243     399      4169     2682     3086     4638     4420     3495     5222     2622     4837     3046     3866     2881     3084     3009     5159     2399     4270     4272     2283     4616     3568     292      4862     4029     2206     1978     2980     3529     1385     1292     3797     4884     4568     1733     1078     3220     4923     4253     4201     2885     5162     2760     2609     2849     
8        2521     4938     3043     4273     5508     1906     1859     2556     0        2693     4061     4442     4050     4184     284      5114     2832     2070     5504     3862     4743     560      1791     2571     4240     2896     5478     3153     5366     2393     5032     3580     4008     1178     4448     4992     2373     1615     3582     5235     2862     1866     1809     4585     1036     3616     920      2660     2310     1815     4129     2807     4902     3327     4298     2966     2544     3433     2602     2363     2143     4763     3673     5259     2456     3536     3828     4025     2521     4380     859      3606     1574     4185     4398     1700     4086     2874     2426     5124     4466     
9        5132     5070     5736     3701     6524     4599     3527     4502     2693     0        1738     6391     1841     6390     2546     7806     5172     684      8164     5278     7430     2186     4329     5151     6590     4226     8171     523      5642     1583     5644     5098     1793     2088     7102     5383     4523     2525     3661     7547     171      2347     4199     2575     1952     1276     1775     5123     1973     4396     6763     4013     6347     1486     6965     5619     4350     6105     4382     3244     4281     6499     4446     6248     5001     4779     5736     6714     3804     2919     3329     5288     4054     2188     7076     2945     6704     4210     5113     6575     6994     
10       6225     4460     7001     2889     6310     5890     5214     5141     4061     1738     0        6828     215      7025     3998     9033     6006     2077     9255     5467     8742     3502     5825     6206     7337     4539     9399     1249     5047     1906     5265     5378     198      3083     8497     4896     5291     4239     3323     8212     1613     4081     5757     923      3088     474      3177     6667     2261     5866     7831     5749     6436     870      8337     6755     6043     7471     4937     4982     5913     6774     4366     6044     6500     4934     6201     8023     5534     1635     4471     5649     5574     653      8422     4652     7746     5943     6446     6648     7905     
11       2749     3864     3591     4766     2449     3641     5900     1934     4442     6391     6828     0        6683     802      4726     4299     1811     5727     3824     1519     4562     4598     4658     2592     1333     2289     4548     6626     3755     5036     3051     1488     6666     4349     4905     3436     2069     6033     3823     1621     6519     6305     5018     6742     4550     6584     4981     5109     4627     4519     2888     6854     1337     5972     4683     2930     6188     4266     2011     6661     5566     629      2755     2402     4774     2004     654      4174     6595     5950     3589     1183     4773     6505     4579     6015     2737     6818     3848     1401     2241     
12       6158     4252     6956     2678     6117     5853     5270     5024     4050     1841     215      6683     0        6899     4001     8977     5906     2115     9178     5305     8700     3489     5826     6133     7222     4394     9342     1377     4839     1822     5065     5225     48       3034     8470     4692     5187     4310     3135     8086     1728     4167     5772     754      3057     567      3183     6676     2154     5862     7754     5834     6262     772      8307     6691     6099     7441     4813     5072     5948     6615     4189     5851     6499     4772     6061     7982     5613     1420     4421     5501     5581     443      8387     4719     7666     6024     6414     6473     7808     
13       2145     4499     2872     5229     3239     3085     5458     1906     4184     6390     7025     802      6899     0        4463     3502     1367     5710     3066     2080     3761     4432     4116     1997     543      2574     3757     6681     4453     5163     3757     1943     6877     4306     4116     4111     1879     5715     4247     1187     6532     6011     4490     7041     4473     6736     4841     4475     4774     3969     2087     6383     2129     6156     3896     2227     5660     3523     2088     6268     5032     1430     3250     3175     4148     2474     991      3389     6137     6312     3327     1598     4267     6768     3786     5645     1936     6325     3207     2202     1457     
14       2757     5138     3213     4403     5769     2082     1665     2839     284      2546     3998     4726     4001     4463     0        5283     3107     1959     5707     4134     4886     579      1827     2815     4509     3156     5645     3027     5580     2420     5267     3854     3958     1277     4558     5212     2657     1336     3757     5505     2717     1581     1784     4570     1086     3541     820      2675     2386     1873     4348     2586     5179     3302     4419     3182     2396     3558     2881     2105     2053     5046     3906     5518     2502     3797     4113     4172     2301     4423     1142     3886     1580     4165     4530     1445     4311     2669     2573     5401     4713     
15       2843     7769     2071     8107     6740     3207     5185     4439     5114     7806     9033     4299     8977     3502     5283     0        3438     7168     943      5399     672      5630     3732     2898     2966     5428     366      8255     7832     7165     7163     5166     8941     5950     1344     7460     4102     5985     7118     3203     7976     6327     4038     9359     5968     8626     6031     3323     6892     3609     1475     5747     5631     8209     1266     2299     4845     1869     4730     6069     4357     4922     6355     6665     3204     5634     4354     1185     5624     8859     4564     4850     4024     9001     1061     5687     1621     5575     2722     5699     2072     
16       1011     4377     2021     4685     3765     1836     4116     1007     2832     5172     6006     1811     5906     1367     3107     3438     0        4488     3372     2139     3444     3119     2847     855      1429     1990     3773     5510     4510     4102     3892     1855     5878     3090     3582     4121     725      4348     3689     2414     5323     4645     3206     6159     3223     5667     3539     3341     3751     2710     2001     5057     2782     5140     3360     1378     4377     2736     1295     4910     3755     2320     2933     3607     3001     2251     1377     2866     4804     5546     1981     1605     2964     5842     3318     4281     1878     5014     2107     2947     1902     
17       4463     4663     5101     3421     5976     3967     3159     3827     2070     684      2077     5727     2115     5710     1959     7168     4488     0        7501     4658     6813     1538     3778     4478     5906     3598     7533     1086     5218     1152     5153     4464     2069     1405     6512     4930     3841     2230     3217     6864     838      2138     3688     2773     1270     1608     1151     4604     1471     3831     6096     3782     5736     1528     6367     4958     3987     5502     3716     3043     3836     5855     3900     5701     4454     4173     5072     6094     3543     2894     2658     4640     3516     2364     6469     2625     6033     3957     4496     5965     6314     
18       3044     7517     2558     8035     6267     3639     5841     4370     5504     8164     9255     3824     9178     3066     5707     943      3372     7501     0        5099     1599     5978     4338     3050     2525     5312     930      8581     7510     7355     6819     4907     9145     6200     2263     7158     4088     6557     7035     2498     8329     6899     4679     9493     6256     8875     6397     4067     7043     4201     1423     6488     5157     8405     2153     2545     5592     2584     4649     6738     5060     4420     6169     6227     3895     5411     4012     1933     6340     8913     4846     4570     4619     9157     1948     6297     1515     6331     3247     5193     1624     
19       3121     2422     4159     3249     1720     3770     5595     1466     3862     5278     5467     1519     5305     2080     4134     5399     2139     4658     5099     0        5514     3836     4660     2974     2595     1065     5697     5432     2432     3792     1773     311      5293     3394     5709     2065     1836     5467     2324     3126     5385     5682     4959     5294     3637     5274     4146     5318     3374     4549     3923     6575     1085     4636     5485     3517     6070     4874     1299     6219     5491     1312     1238     1516     4979     533      1094     4983     6295     4467     3112     552      4682     5087     5430     5554     3777     6592     4166     1314     3475     
20       2687     7821     1746     8027     6962     2855     4632     4412     4743     7430     8742     4562     8700     3761     4886     672      3444     6813     1599     5514     0        5280     3231     2775     3251     5412     913      7897     7933     6908     7287     5258     8661     5665     671      7550     4045     5481     7054     3651     7601     5820     3508     9126     5655     8319     5664     2733     6665     3122     1674     5141     5867     7939     611      2152     4238     1351     4704     5503     3781     5191     6375     6863     2653     5690     4522     719      5032     8684     4281     4962     3526     8755     417      5160     1825     4960     2317     5959     2422     
21       2956     4634     3563     3836     5409     2429     2213     2667     560      2186     3502     4598     3489     4432     579      5630     3119     1538     5978     3836     5280     0        2348     2985     4547     2808     5995     2625     5098     1850     4828     3576     3447     709      5000     4740     2564     1701     3226     5533     2353     1866     2343     4027     507      3059     427      3212     1806     2375     4584     3097     4907     2768     4847     3433     2968     3981     2652     2542     2631     4853     3468     5149     3015     3449     3960     4560     2816     3850     1170     3655     2121     3627     4943     1910     4529     3199     2966     5134     4858     
22       1980     6313     1796     5913     6380     1030     1519     3193     1791     4329     5825     4658     5826     4116     1827     3732     2847     3778     4338     4660     3231     2348     0        2121     3938     3951     4074     4828     6647     4181     6180     4349     5783     2940     2807     6251     2835     2255     5103     4877     4500     2596     384      6376     2825     5368     2647     874      4068     153      3170     2319     5531     5115     2698     2111     1544     1881     3388     2416     916      5154     4900     6172     675      4514     4189     2554     2107     6153     1834     4231     295      5975     2839     1962     3190     2230     1121     5721     3781     
23       158      5118     1196     5251     4619     1091     3516     1675     2571     5151     6206     2592     6133     1997     2815     2898     855      4478     3050     2974     2775     2985     2121     0        1836     2667     3256     5548     5297     4312     4703     2679     6100     3152     2816     4903     1287     3916     4279     2808     5313     4239     2499     6478     3219     5824     3411     2517     4014     1973     1629     4411     3635     5361     2599     623      3665     1908     1961     4364     3037     3142     3653     4458     2181     3029     2222     2130     4176     5961     1822     2451     2287     6129     2586     3777     1556     4341     1263     3796     1897     
24       1963     5017     2521     5682     3779     2917     5352     2198     4240     6590     7337     1333     7222     543      4509     2966     1429     5906     2525     2595     3251     4547     3938     1836     0        2984     3216     6913     4988     5450     4295     2432     7197     4504     3642     4640     2076     5704     4690     996      6739     6015     4320     7407     4647     7024     4968     4200     5076     3787     1579     6243     2668     6467     3425     1918     5475     3126     2423     6194     4849     1956     3730     3718     3886     2956     1500     2925     6011     6713     3400     2088     4119     7117     3303     5595     1430     6167     2945     2733     913      
25       2785     2466     3847     2724     2613     3196     4700     1000     2896     4226     4539     2289     4394     2574     3156     5428     1990     3598     5312     1065     5412     2808     3951     2667     2984     0        5762     4402     2717     2777     2230     874      4376     2333     5482     2318     1379     4474     1724     3744     4337     4670     4204     4479     2580     4304     3098     4702     2362     3863     3983     5673     2149     3684     5266     3280     5251     4543     708      5259     4708     2286     997      2363     4376     642      1672     4794     5389     3738     2233     1111     3920     4225     5250     4596     3853     5712     3683     2379     3743     
26       3205     8082     2435     8450     6996     3571     5513     4777     5478     8171     9399     4548     9342     3757     5645     366      3773     7533     930      5697     913      5995     4074     3256     3216     5762     0        8620     8129     7530     7455     5473     9307     6316     1560     7761     4447     6329     7458     3360     8340     6671     4373     9722     6334     8993     6395     3632     7255     3955     1787     6048     5884     8574     1524     2661     5146     2201     5067     6392     4674     5165     6679     6931     3530     5949     4639     1520     5934     9217     4930     5151     4368     9365     1328     6024     1927     5870     3080     5942     2307     
27       5539     4982     6188     3529     6570     5053     4050     4778     3153     523      1249     6626     1377     6681     3027     8255     5510     1086     8581     5432     7897     2625     4828     5548     6913     4402     8620     0        5565     1645     5632     5277     1330     2423     7586     5336     4837     3047     3630     7852     372      2861     4709     2127     2329     812      2233     5632     2061     4890     7171     4524     6481     1197     7445     6039     4873     6581     4632     3752     4802     6688     4509     6294     5502     4917     5975     7179     4320     2587     3734     5492     4557     1763     7550     3467     7105     4724     5579     6706     7363     
28       5432     589      6493     2164     1708     5913     7225     3641     5366     5642     5047     3755     4839     4453     5580     7832     4510     5218     7510     2432     7933     5098     6647     5297     4988     2717     8129     5565     0        4082     705      2675     4849     4439     8092     399      4040     6790     2001     5353     5681     6905     6875     4483     4699     5069     5241     7416     3750     6566     6356     8167     2551     4441     7870     5881     7859     7203     3374     7641     7355     3266     1746     1550     7092     2268     3501     7377     7881     3539     4861     2982     6592     4465     7828     7005     6210     8241     6390     2639     5887     
29       4338     3520     5162     2285     4949     4081     3943     3262     2393     1583     1906     5036     1822     5163     2420     7165     4102     1152     7355     3792     6908     1850     4181     4312     5450     2777     7530     1645     4082     0        4060     3648     1789     1264     6713     3808     3390     3154     2087     6347     1652     3144     4193     2227     1356     1575     1677     5053     417      4194     5932     4704     4837     1049     6540     4874     4746     5680     3079     4016     4467     5062     2877     4673     4837     3274     4391     6194     4442     2006     2629     3880     3967     1847     6609     3498     5844     4851     4651     5062     6000     
30       4843     993      5897     2469     1128     5389     6877     3079     5032     5644     5265     3051     5065     3757     5267     7163     3892     5153     6819     1773     7287     4828     6180     4703     4295     2230     7455     5632     705      4060     0        2038     5069     4212     7473     466      3477     6530     2003     4647     5703     6677     6434     4802     4476     5224     5023     6916     3688     6089     5690     7838     1853     4576     7249     5269     7466     6611     2831     7360     6934     2561     1361     914      6585     1695     2817     6750     7552     3867     4446     2325     6150     4728     7199     6709     5543     7894     5839     1954     5198     
31       2825     2614     3869     3303     2031     3460     5296     1155     3580     5098     5378     1488     5225     1943     3854     5166     1855     4464     4907     311      5258     3576     4349     2679     2432     874      5473     5277     2675     3648     2038     0        5210     3166     5434     2296     1525     5190     2341     3047     5211     5412     4649     5257     3402     5161     3900     5007     3232     4238     3691     6276     1330     4533     5211     3233     5762     4584     997      5932     5182     1413     1308     1827     4669     533      956      4712     5997     4461     2816     345      4373     5029     5161     5267     3547     6290     3861     1557     3288     
32       6123     4261     6918     2690     6118     5814     5222     4999     4008     1793     198      6666     48       6877     3958     8941     5878     2069     9145     5293     8661     3447     5783     6100     7197     4376     9307     1330     4849     1789     5069     5210     0        2997     8430     4698     5159     4262     3133     8064     1681     4119     5728     799      3017     519      3139     6632     2126     5819     7722     5786     6254     740      8267     6656     6052     7401     4790     5023     5902     6602     4182     5851     6456     4760     6042     7944     5565     1446     4384     5485     5537     477      8348     4671     7634     5976     6375     6465     7779     
33       3158     3956     3921     3128     4873     2824     2923     2431     1178     2088     3083     4349     3034     4306     1277     5950     3090     1405     6200     3394     5665     709      2940     3152     4504     2333     6316     2423     4439     1264     4212     3166     2997     0        5453     4092     2435     2354     2530     5459     2235     2470     2985     3490     263      2680     810      3814     1133     2943     4781     3798     4479     2274     5283     3679     3673     4420     2341     3215     3314     4520     2865     4606     3586     2955     3695     4948     3518     3214     1387     3303     2743     3105     5357     2600     4706     3905     3391     4709     4940     
34       2699     7933     1650     8005     7243     2633     4118     4490     4448     7102     8497     4905     8470     4116     4558     1344     3582     6512     2263     5709     671      5000     2807     2816     3642     5482     1560     7586     8092     6713     7473     5434     8430     5453     0        7701     4103     5019     7057     4161     7273     5353     3038     8940     5413     8059     5361     2194     6503     2719     2083     4555     6170     7722     224      2213     3658     1033     4777     4967     3246     5531     6469     7121     2174     5827     4782     734      4466     8562     4093     5163     3099     8558     357      4674     2223     4365     2062     6282     2889     
35       5036     528      6098     2054     1588     5514     6850     3243     4992     5383     4896     3436     4692     4111     5212     7460     4121     4930     7158     2065     7550     4740     6251     4903     4640     2318     7761     5336     399      3808     466      2296     4698     4092     7701     0        3643     6437     1722     5048     5431     6561     6483     4392     4353     4883     4898     7018     3458     6170     5984     7796     2291     4243     7479     5489     7475     6808     2976     7283     6966     2980     1352     1381     6694     1874     3146     6987     7511     3451     4471     2610     6199     4339     7440     6642     5839     7866     5991     2406     5534     
36       1407     3836     2470     4005     3551     1935     3898     399      2373     4523     5291     2069     5187     1879     2657     4102     725      3841     4088     1836     4045     2564     2835     1287     2076     1379     4447     4837     4040     3390     3477     1525     5159     2435     4103     3643     0        3965     3018     3023     4669     4236     3150     5433     2595     4961     2967     3482     3032     2719     2699     4870     2709     4422     3887     1903     4289     3172     675      4617     3691     2431     2368     3353     3144     1784     1471     3416     4600     4825     1520     1398     2880     5117     3873     3963     2583     4860     2361     2910     2626     
37       3825     6310     3998     5375     7086     2972     1030     4169     1615     2525     4239     6033     4310     5715     1336     5985     4348     2230     6557     5467     5481     1701     2255     3916     5704     4474     6329     3047     6790     3154     6530     5190     4262     2354     5019     6437     3965     0        4877     6697     2677     342      1981     4996     2098     3766     1572     2860     3278     2376     5298     1559     6515     3758     4931     4151     1834     4135     4217     871      1873     6373     5170     6831     2845     5117     5431     4809     1313     5091     2446     5221     1961     4589     5083     423      5289     1727     3310     6737     5785     
38       4375     1459     5407     1000     2994     4574     5422     2682     3582     3661     3323     3823     3135     4247     3757     7118     3689     3217     7035     2324     7054     3226     5103     4279     4690     1724     7458     3630     2001     2087     2003     2341     3133     2530     7057     1722     3018     4877     0        5383     3711     4962     5263     3007     2780     3239     3307     5943     1748     5054     5690     6324     3168     2587     6849     4902     6126     6069     2394     5743     5687     3618     1103     2724     5649     1819     3285     6402     6042     2147     3270     2672     4988     2849     6856     5131     5565     6422     5120     3368     5467     
39       2925     5484     3329     6350     3913     3871     6320     3086     5235     7547     8212     1621     8086     1187     5505     3203     2414     6864     2498     3126     3651     5533     4877     2808     996      3744     3360     7852     5353     6347     4647     3047     8064     5459     4161     5048     3023     6697     5383     0        7692     7010     5261     8220     5613     7921     5951     5060     5960     4724     2110     7193     2840     7343     3963     2795     6401     3845     3275     7172     5779     2097     4346     3923     4763     3578     2098     3502     6968     7475     4392     2711     5074     7952     3806     6581     1992     7106     3837     2824     1288     
40       5296     5104     5905     3706     6601     4769     3684     4638     2862     171      1613     6519     1728     6532     2717     7976     5323     838      8329     5385     7601     2353     4500     5313     6739     4337     8340     372      5681     1652     5703     5211     1681     2235     7273     5431     4669     2677     3711     7692     0        2489     4368     2472     2108     1161     1945     5292     2053     4567     6927     4151     6449     1439     7137     5784     4505     6276     4512     3380     4445     6615     4526     6325     5172     4881     5865     6884     3948     2864     3491     5408     4225     2094     7247     3098     6867     4352     5284     6677     7152     
41       4151     6409     4340     5402     7275     3308     1313     4420     1866     2347     4081     6305     4167     6011     1581     6327     4645     2138     6899     5682     5820     1866     2596     4239     6015     4670     6671     2861     6905     3144     6677     5412     4119     2470     5353     6561     4236     342      4962     7010     2489     0        2317     4873     2207     3612     1663     3185     3309     2719     5636     1668     6742     3659     5268     4486     2079     4475     4453     908      2181     6627     5322     7016     3181     5312     5694     5150     1459     5029     2715     5460     2303     4470     5421     702      5626     1863     3652     6966     6114     
42       2360     6518     2157     6033     6680     1407     1162     3495     1809     4199     5757     5018     5772     4490     1784     4038     3206     3688     4679     4959     3508     2343     384      2499     4320     4204     4373     4709     6875     4193     6434     4649     5728     2985     3038     6483     3150     1981     5263     5261     4368     2317     0        6353     2840     5293     2591     924      4118     537      3541     1934     5857     5084     2950     2494     1171     2172     3674     2059     548      5502     5131     6465     864      4785     4534     2854     1726     6188     2020     4548     283      5948     3105     1652     3566     1846     1493     6051     4163     
43       6518     3911     7380     2337     5899     6308     5929     5222     4585     2575     923      6742     754      7041     4570     9359     6159     2773     9493     5294     9126     4027     6376     6478     7407     4479     9722     2127     4483     2227     4802     5257     799      3490     8940     4392     5433     4996     3007     8220     2472     4873     6353     0        3559     1315     3766     7239     2467     6398     8076     6536     6176     1271     8767     7061     6756     7907     4984     5781     6567     6603     4106     5645     7041     4767     6148     8414     6307     944      4852     5560     6145     409      8833     5397     7977     6719     6878     6374     8057     
44       3212     4212     3919     3344     5132     2802     2703     2622     1036     1952     3088     4550     3057     4473     1086     5968     3223     1270     6256     3637     5655     507      2825     3219     4647     2580     6334     2329     4699     1356     4476     3402     3017     263      5413     4353     2595     2098     2780     5613     2108     2207     2840     3559     0        2664     546      3696     1299     2841     4843     3560     4721     2314     5251     3720     3469     4384     2551     2962     3138     4742     3129     4865     3485     3207     3899     4936     3282     3347     1412     3527     2611     3164     5334     2356     4776     3674     3358     4950     5044     
45       5836     4480     6583     2948     6231     5464     4740     4837     3616     1276     474      6584     567      6736     3541     8626     5667     1608     8875     5274     8319     3059     5368     5824     7024     4304     8993     812      5069     1575     5224     5161     519      2680     8059     4883     4961     3766     3239     7921     1161     3612     5293     1315     2664     0        2721     6205     1964     5413     7453     5280     6276     654      7903     6360     5569     7036     4650     4514     5442     6569     4229     5960     6044     4743     5946     7599     5063     1843     4062     5415     5114     956      7993     4179     7373     5472     6015     6494     7559     
46       3380     4748     3961     3818     5669     2824     2269     3046     920      1775     3177     4981     3183     4841     820      6031     3539     1151     6397     4146     5664     427      2647     3411     4968     3098     6395     2233     5241     1677     5023     3900     3139     810      5361     4898     2967     1572     3307     5951     1945     1663     2591     3766     546      2721     0        3492     1729     2691     5006     3073     5226     2495     5215     3852     3069     4350     3009     2442     2810     5210     3675     5403     3322     3731     4337     4946     2801     3678     1598     4003     2397     3359     5318     1862     4953     3203     3346     5455     5286     
47       2360     7110     1745     6773     7026     1548     1925     3866     2660     5123     6667     5109     6676     4475     2675     3323     3341     4604     4067     5318     2733     3212     874      2517     4200     4702     3632     5632     7416     5053     6916     5007     6632     3814     2194     7018     3482     2860     5943     5060     5292     3185     924      7239     3696     6205     3492     0        4943     893      3122     2426     6108     5974     2141     2283     1526     1483     4091     2776     1053     5656     5675     6834     341      5229     4717     2152     2301     7028     2676     4849     1095     6836     2318     2494     3183     2264     1268     6283     3852     
48       4052     3202     4921     2096     4550     3871     3986     2881     2310     1973     2261     4627     2154     4774     2386     6892     3751     1471     7043     3374     6665     1806     4068     4014     5076     2362     7255     2061     3750     417      3688     3232     2126     1133     6503     3458     3032     3278     1748     5960     2053     3309     4118     2467     1299     1964     1729     4943     0        4066     5622     4802     4420     1391     6323     4593     4765     5470     2686     4149     4436     4645     2474     4274     4707     2856     3985     5956     4531     2089     2411     3467     3876     2115     6382     3590     5529     4932     4445     4645     5653     
49       1831     6242     1653     5879     6269     884      1667     3084     1815     4396     5866     4519     5862     3969     1873     3609     2710     3831     4201     4549     3122     2375     153      1973     3787     3863     3955     4890     6566     4194     6089     4238     5819     2943     2719     6170     2719     2376     5054     4724     4567     2719     537      6398     2841     5413     2691     893      4066     0        3021     2472     5407     5143     2601     1958     1692     1771     3286     2563     1064     5021     4821     6064     643      4416     4058     2436     2260     6154     1784     4113     418      6000     2735     2096     3040     2382     973      5596     3628     
