

sets
i        orders          /0*80/
k        routes          /1*80/
p        positions       /0*80/
;

alias(i,j)
alias(i,h)
alias(i,hh)
alias(i,jj)
alias(k,kk)
                            Parameters

rho(i)	Processing time
/
0	0
1	16
2	52
3	91
4	49
5	78
6	14
7	64
8	14
9	11
10	4
11	59
12	49
13	20
14	46
15	46
16	86
17	79
18	56
19	17
20	16
21	63
22	77
23	69
24	13
25	45
26	36
27	33
28	75
29	31
30	97
31	65
32	15
33	43
34	13
35	23
36	84
37	46
38	71
39	15
40	9
41	76
42	45
43	12
44	61
45	66
46	25
47	73
48	6
49	6
50	57
51	77
52	5
53	44
54	45
55	53
56	86
57	60
58	19
59	97
60	85
61	11
62	65
63	72
64	65
65	34
66	2
67	45
68	91
69	29
70	40
71	43
72	99
73	68
74	45
75	77
76	2
77	56
78	9
79	75
80	32
/

gamma(i)	Duedate
/
0	0
1	86
2	76
3	93
4	77
5	8
6	37
7	94
8	9
9	21
10	27
11	76
12	24
13	10
14	28
15	42
16	97
17	31
18	95
19	54
20	99
21	92
22	48
23	57
24	1
25	27
26	40
27	26
28	59
29	89
30	42
31	43
32	50
33	30
34	20
35	86
36	88
37	79
38	32
39	57
40	51
41	44
42	57
43	74
44	29
45	23
46	13
47	88
48	35
49	31
50	23
51	55
52	13
53	60
54	84
55	62
56	4
57	23
58	98
59	22
60	34
61	70
62	43
63	27
64	36
65	34
66	31
67	59
68	66
69	22
70	11
71	34
72	91
73	70
74	56
75	29
76	46
77	98
78	36
79	51
80	24
/

sigma(i)	Size
/
0	0
1	1
2	5
3	9
4	4
5	3
6	2
7	7
8	6
9	5
10	9
11	6
12	1
13	2
14	4
15	3
16	4
17	7
18	2
19	2
20	1
21	4
22	9
23	8
24	9
25	3
26	2
27	8
28	9
29	5
30	8
31	9
32	4
33	6
34	8
35	2
36	3
37	7
38	6
39	8
40	8
41	8
42	2
43	6
44	3
45	4
46	3
47	8
48	7
49	5
50	2
51	4
52	5
53	5
54	5
55	6
56	5
57	6
58	4
59	6
60	9
61	3
62	2
63	6
64	4
65	2
66	4
67	8
68	7
69	9
70	1
71	4
72	1
73	2
74	5
75	4
76	7
77	4
78	6
79	1
80	7
/

epsilon(i)	Priority
/
0	0
1	4
2	7
3	5
4	2
5	3
6	6
7	1
8	1
9	1
10	8
11	6
12	5
13	3
14	8
15	6
16	2
17	5
18	6
19	4
20	5
21	5
22	3
23	2
24	1
25	4
26	3
27	2
28	9
29	6
30	5
31	6
32	1
33	1
34	1
35	8
36	1
37	4
38	8
39	2
40	2
41	2
42	9
43	2
44	7
45	8
46	5
47	4
48	2
49	5
50	1
51	3
52	6
53	5
54	3
55	7
56	5
57	1
58	1
59	4
60	4
61	3
62	2
63	8
64	1
65	8
66	3
67	2
68	7
69	4
70	3
71	4
72	6
73	1
74	4
75	8
76	3
77	1
78	6
79	5
80	4
/

psi	Vehicle Capacity
/ 70 /
;

Table kappa(i,j)                 Setup
         0        1        2        3        4        5        6        7        8        9        10       11       12       13       14       15       16       17       18       19       20       21       22       23       24       25       26       27       28       29       30       31       32       33       34       35       36       37       38       39       40       41       42       43       44       45       46       47       48       49       50       51       52       53       54       55       56       57       58       59       60       61       62       63       64       65       66       67       68       69       70       71       72       73       74       75       76       77       78       79       80       
0        0        4534     4903     5534     3142     6758     2938     7263     498      7014     2807     4794     7456     5576     5734     6609     1651     5312     7012     2778     3779     4316     3843     2798     8180     6843     5126     1720     6410     4558     3200     4471     5947     5727     911      4292     1332     4123     760      2953     5782     3299     3102     3961     5235     6795     5031     7022     5670     4786     8449     7327     4202     1370     683      3208     7814     2369     4537     891      4492     5311     4010     6024     3421     4911     3679     6825     6357     7002     1849     6762     2089     7826     6928     5840     1077     6268     5809     2560     3712     
1        4534     0        6154     2196     4057     3696     2406     5155     4044     8105     2052     1095     5980     7416     7565     5478     2998     5391     7500     6618     3325     227      843      3785     6314     5965     7004     6187     8849     2264     1505     6260     4249     6906     5395     2598     5673     3227     5173     4754     5049     1569     2144     5528     6849     6375     2978     7800     7047     1297     6817     5838     3536     5657     4797     1465     7257     5919     5906     5423     7733     2610     2890     4002     5818     3845     6644     8014     3029     6006     6337     8656     2766     6727     4839     5654     3458     8890     1533     6119     6789     
2        4903     6154     0        5151     2254     5238     3902     4421     4943     2172     6026     5437     3880     1321     1451     3086     5402     1432     2139     3617     2839     6071     6120     2644     4728     2949     1024     4899     2885     4193     5939     701      3489     853      5412     3723     5908     3018     5460     1987     2400     4716     4119     942      735      2505     3843     2119     909      5249     4697     3817     2726     4359     5578     5890     3350     3191     365      5183     2975     4483     3326     3855     1698     2825     2282     2015     5378     3152     5035     2507     5822     3779     4236     1812     4915     3045     7655     3171     2453     
3        5534     2196     5151     0        3625     1517     2630     2999     5122     6750     3852     1123     3916     6473     6599     3566     4394     4009     5962     6824     2560     2321     2871     3568     4156     4086     6140     6918     8029     1121     3342     5489     2312     5736     6445     1583     6839     2237     6277     4438     3370     2315     2436     4828     5887     4613     1320     6348     5946     966      4682     3780     2479     6291     6006     3281     5368     6090     5014     6388     7448     689      2032     1978     5444     2368     6372     6710     900      4081     7085     7598     4376     4714     2702     4096     4585     8157     3141     6253     6550     
4        3142     4057     2254     3625     0        4319     1691     4327     3016     4399     3774     3537     4358     3409     3566     3494     3229     2201     4114     3298     1083     3942     3913     409      5124     3702     2976     3845     4794     2511     3689     2219     3031     3093     3887     2041     4383     1455     3843     813      2653     2534     1933     1485     2873     3670     2548     4248     3160     3389     5344     4236     1345     3194     3816     3642     4693     2584     1942     3715     3845     3089     1593     3220     1845     1974     2757     4257     4171     3865     4012     4676     3615     4686     4017     2714     2833     4833     5588     2715     2931     
5        6758     3696     5238     1517     4319     0        3824     1765     6392     6406     5345     2639     2843     6510     6609     2810     5790     3874     5477     7617     3262     3833     4389     4398     2852     3319     6262     7976     8087     2209     4846     5733     1789     5628     7657     2483     8087     2875     7516     5098     2992     3716     3691     5187     5947     3964     1796     5928     5883     2482     3417     2731     2984     7328     7292     4784     4491     6901     5206     7568     7914     1455     2842     1397     5972     2506     6904     6416     688      3245     8146     7479     5824     3685     1574     3755     5895     8276     4435     7035     7092     
6        2938     2406     3902     2630     1691     3824     0        4517     2569     5987     2269     2112     4943     5098     5254     4193     2145     3465     5556     4363     1316     2271     2224     1384     5552     4565     4667     4292     6476     1619     2067     3910     3247     4712     3844     1396     4264     1488     3694     2349     3494     849      266      3177     4553     4760     2148     5768     4811     2029     5918     4801     1715     3674     3472     2013     5759     3637     3613     3771     5339     2373     1237     3230     3412     2346     4246     5865     3423     4677     4459     6361     2362     5497     4170     3872     2097     6501     3938     3824     4396     
7        7263     5155     4421     2999     4327     1765     4517     0        6990     5068     6475     4060     1110     5540     5605     1414     6652     2992     4058     7464     3486     5247     5720     4557     1159     1814     5399     8171     7066     3141     6045     5045     1318     4566     8105     3148     8580     3143     8015     4961     2029     4723     4482     4684     5040     2501     2425     4545     4849     3861     1688     1021     3072     7520     7881     5980     2812     6809     4508     7966     7346     2564     3300     1292     5594     2373     6464     5123     2392     1677     8339     6308     6802     1947     347      2656     6588     7311     6105     6897     6654     
8        498      4044     4943     5122     3016     6392     2569     6990     0        7089     2314     4341     7248     5718     5879     6418     1157     5215     7013     3168     3527     3824     3345     2640     7946     6684     5261     2215     6651     4183     2701     4571     5681     5784     1362     3951     1717     3849     1164     2959     5609     2854     2708     4003     5336     6686     4699     7059     5752     4343     8242     7115     3960     1821     902      2709     7710     2685     4578     1379     4817     4938     3704     5730     3569     4667     3937     6909     5963     6835     2347     6936     1609     7664     6650     5731     586      6533     5311     2887     3990     
9        7014     8105     2172     6750     4399     6406     5987     5068     7089     0        8170     7265     4133     1651     1546     3679     7574     2759     1048     5273     4800     8051     8170     4798     4856     3257     2003     6766     2441     5968     8049     2548     4642     1318     7440     5545     7921     4879     7516     4149     3444     6763     6182     3093     1797     2572     5445     549      1344     7060     4570     4146     4571     6306     7676     7997     2746     5047     2526     7198     3959     6061     5215     5043     3636     4404     3821     221      6739     3414     6881     1434     7992     3594     5027     2681     7084     2788     9553     4966     3928     
10       2807     2052     6026     3852     3774     5345     2269     6475     2314     8170     0        2790     7070     7109     7271     6383     1156     5731     7805     5340     3583     1828     1219     3383     7587     6790     6655     4528     8329     3334     550      5897     5313     6867     3563     3385     3759     3712     3318     4195     5735     1761     2158     5193     6610     7021     4058     7991     6928     2898     8012     6926     3967     4111     2898     599      8011     4737     5702     3646     6793     3983     3411     5197     5140     4546     5778     8031     4752     6886     4656     8381     767      7691     6131     6141     1787     8286     3059     4948     5881     
11       4794     1095     5437     1123     3537     2639     2112     4060     4341     7265     2790     0        4897     6739     6880     4429     3471     4512     6586     6475     2618     1201     1752     3357     5219     4928     6357     6318     8239     1300     2260     5643     3185     6129     5698     1727     6047     2422     5505     4314     4064     1497     1859     4930     6158     5376     1947     6920     6300     216      5723     4756     2723     5727     5187     2202     6223     5747     5232     5677     7359     1522     2111     2919     5375     2899     6263     7193     1997     4957     6480     7941     3380     5657     3744     4716     3770     8319     2305     5932     6426     
12       7456     5980     3880     3916     4358     2843     4943     1110     7248     4133     7070     4897     0        4839     4879     877      7081     2545     3093     7237     3738     6043     6455     4664     849      953      4776     8146     6293     3809     6692     4560     1767     3839     8240     3684     8733     3466     8183     4853     1728     5311     4965     4348     4401     1585     3059     3592     4130     4687     993      144      3301     7509     8109     6628     1709     6641     4049     8073     6856     3375     3708     1978     5291     2609     6084     4216     3427     758      8308     5454     7298     842      1274     2073     6917     6569     7056     6698     6269     
13       5576     7416     1321     6473     3409     6510     5098     5540     5718     1651     7109     6739     4839     0        162      4144     6359     2641     2257     3633     4127     7320     7322     3760     5663     3886     460      5161     1578     5509     7081     1211     4735     1001     5910     5035     6376     4329     6010     2921     3581     5934     5332     1929     586      3300     5163     1945     710      6556     5522     4804     4041     4738     6213     7037     3889     3460     1511     5661     2354     5803     4629     5115     2155     4139     2183     1430     6682     4082     5267     1272     6813     4545     5397     2885     5803     1779     8930     3360     2281     
14       5734     7565     1451     6599     3566     6609     5254     5605     5879     1546     7271     6880     4879     162      0        4203     6522     2735     2216     3759     4271     7472     7478     3920     5696     3928     623      5299     1480     5644     7241     1373     4829     1044     6060     5173     6524     4466     6162     3083     3664     6088     5487     2088     722      3325     5286     1875     756      6696     5539     4848     4176     4885     6369     7196     3877     3604     1659     5811     2426     5927     4769     5213     2314     4257     2314     1324     6793     4121     5403     1112     6976     4558     5471     2954     5966     1706     9078     3500     2405     
15       6609     5478     3086     3566     3494     2810     4193     1414     6418     3679     6383     4429     877      4144     4203     0        6310     1701     2696     6369     2939     5513     5869     3812     1702     524      4030     7270     5657     3234     6041     3747     1257     3160     7380     3026     7875     2704     7329     3976     851      4641     4243     3490     3663     1156     2500     3170     3446     4213     1851     773      2505     6634     7268     5978     1803     5766     3224     7209     6053     2942     2978     1599     4430     1847     5243     3723     3270     528      7432     4895     6556     1308     1348     1280     6109     5908     6678     5826     5430     
16       1651     2998     5402     4394     3229     5790     2145     6652     1157     7574     1156     3471     7081     6359     6522     6310     0        5370     7343     4241     3377     2772     2241     2819     7697     6652     5899     3371     7458     3615     1572     5160     5392     6256     2433     3507     2677     3615     2197     3454     5569     2083     2172     4503     5907     6772     4249     7464     6274     3517     8060     6940     3806     2964     1802     1589     7792     3679     5053     2499     5782     4348     3382     5361     4282     4474     4816     7415     5279     6778     3500     7617     493      7605     6305     5841     662      7381     4179     3889     4899     
17       5312     5391     1432     4009     2201     3874     3465     2992     5215     2759     5731     4512     2545     2641     2735     1701     5370     0        2120     4707     2173     5355     5540     2593     3391     1683     2434     5730     4215     3213     5517     2058     2094     1765     5992     2803     6495     2171     5980     2452     968      4154     3614     1806     2094     1486     2694     2412     2010     4305     3447     2462     1866     5118     5993     5459     2501     4142     1527     5795     4364     3320     2511     2477     2750     1647     3543     2705     4091     1878     5885     3632     5711     2629     2804     541      5025     4416     6809     4182     3729     
18       7012     7500     2139     5962     4114     5477     5556     4058     7013     1048     7805     6586     3093     2257     2216     2696     7343     2120     0        5654     4285     7471     7660     4523     3808     2243     2449     7021     3398     5286     7619     2732     3754     1444     7549     4904     8046     4290     7591     4062     2595     6270     5720     3063     2120     1556     4692     500      1656     6374     3529     3112     3986     6494     7691     7563     1728     5301     2498     7321     4602     5279     4630     4151     3816     3687     4231     1165     5861     2388     7153     2444     7722     2549     4041     1875     6921     3724     8891     5260     4372     
19       2778     6618     3617     6824     3298     7617     4363     7464     3168     5273     5340     6475     7237     3633     3759     6369     4241     4707     5654     0        4367     6433     6123     3264     8071     6389     3278     1631     3954     5704     5593     2944     6233     4211     2657     5270     3025     4748     2846     2538     5537     5094     4620     2905     3551     6066     5841     5478     4030     6381     8155     7142     4638     1468     3205     5579     6962     734      3322     2407     1824     6352     4842     6473     1966     5214     1452     5055     7447     6585     1699     4569     4729     7307     7187     5224     3579     3734     8080     582      1356     
20       3779     3325     2839     2560     1083     3262     1316     3486     3527     4800     3583     2618     3738     4127     4271     2939     3377     2173     4285     4367     0        3256     3382     1142     4418     3276     3739     4768     5621     1466     3345     3028     2168     3581     4621     982      5094     387      4529     1892     2195     1985     1443     2323     3550     3444     1474     4533     3725     2443     4728     3601     436      4114     4407     3287     4448     3644     2616     4487     4887     2006     535      2275     2883     1139     3812     4699     3089     3400     4939     5346     3650     4228     3153     2559     3179     5706     4816     3786     3991     
21       4316     227      6071     2321     3942     3833     2271     5247     3824     8051     1828     1201     6043     7320     7472     5513     2772     5355     7471     6433     3256     0        627      3655     6403     5993     6903     5975     8736     2283     1280     6154     4297     6836     5173     2582     5448     3185     4949     4620     5053     1424     2015     5420     6758     6381     3014     7759     6970     1387     6897     5900     3492     5451     4572     1238     7281     5740     5814     5203     7579     2688     2845     4067     5680     3839     6492     7954     3176     6041     6124     8568     2538     6776     4925     5638     3239     8769     1675     5941     6634     
22       3843     843      6120     2871     3913     4389     2224     5720     3345     8170     1219     1752     6455     7322     7478     5869     2241     5540     7660     6123     3382     627      0        3582     6868     6328     6889     5536     8680     2648     685      6130     4691     6917     4670     2862     4914     3382     4437     4517     5340     1408     2000     5398     6777     6666     3397     7915     7027     1910     7342     6310     3678     5047     4041     656      7602     5456     5837     4720     7384     3158     3045     4498     5554     4117     6315     8059     3748     6392     5678     8586     1957     7155     5389     5870     2768     8686     1980     5662     6444     
23       2798     3785     2644     3568     409      4398     1384     4557     2640     4798     3383     3357     4664     3760     3920     3812     2819     2593     4523     3264     1142     3655     3582     0        5408     4050     3318     3637     5099     2446     3321     2556     3244     3488     3580     2005     4069     1529     3518     971      2984     2233     1641     1831     3239     4050     2604     4655     3545     3227     5656     4537     1500     2983     3463     3276     5075     2533     2320     3423     4004     3089     1580     3393     2039     2183     2907     4653     4187     4206     3807     5032     3207     5033     4236     3097     2432     5117     5319     2689     3069     
24       8180     6314     4728     4156     5124     2852     5552     1159     7946     4856     7587     5219     849      5663     5696     1702     7697     3391     3808     8071     4418     6403     6868     5408     0        1788     5615     8942     7089     4264     7172     5409     2304     4661     8988     4222     9475     4112     8918     5659     2541     5828     5543     5190     5238     2374     3529     4308     4953     5020     577      930      3986     8300     8821     7108     2230     7465     4898     8829     7704     3717     4316     2391     6131     3278     6932     4959     3512     1588     9106     6218     7877     1294     1480     2922     7582     7375     7250     7527     7117     
25       6843     5965     2949     4086     3702     3319     4565     1814     6684     3257     6790     4928     953      3886     3928     524      6652     1683     2243     6389     3276     5993     6328     4050     1788     0        3826     7391     5350     3710     6470     3638     1774     2887     7580     3470     8079     3083     7545     4095     1085     5066     4636     3484     3450     687      2989     2731     3178     4712     1768     923      2854     6768     7512     6407     1294     5825     3140     7396     5923     3454     3378     2123     4427     2245     5184     3321     3792     202      7549     4534     6922     983      1812     1168     6411     5621     7189     5866     5366     
26       5126     7004     1024     6140     2976     6262     4667     5399     5261     2003     6655     6357     4776     460      623      4030     5899     2434     2449     3278     3739     6903     6889     3318     5615     3826     0        4766     1891     5147     6636     762      4509     1041     5479     4669     5951     3962     5573     2464     3397     5507     4906     1491     378      3290     4842     2211     792      6179     5521     4728     3683     4321     5768     6592     3982     3051     1130     5233     2183     5481     4252     4878     1704     3838     1827     1789     6395     4027     4878     1726     6353     4561     5231     2752     5342     2026     8525     2964     1948     
27       1720     6187     4899     6918     3845     7976     4292     8171     2215     6766     4528     6318     8146     5161     5299     7270     3371     5730     7021     1631     4768     5975     5536     3637     8942     7391     4766     0        5585     5855     4908     4295     6869     5606     1177     5501     1436     5151     1419     3298     6418     4830     4508     4040     4989     7185     6186     6909     5465     6278     9114     8033     5137     654      1854     4913     8150     1726     4558     972      3444     6581     5135     7031     3205     5808     2995     6555     7671     7574     170      6172     3806     8356     7859     6270     2773     5364     7512     1802     2939     
28       6410     8849     2885     8029     4794     8087     6476     7066     6651     2441     8329     8239     6293     1578     1480     5657     7458     4215     3398     3954     5621     8736     8680     5099     7089     5350     1891     5585     0        7038     8370     2597     6309     2502     6541     6559     6953     5852     6693     4170     5143     7324     6725     3324     2153     4715     6726     2946     2225     8063     6883     6273     5575     5323     6979     8332     5125     4074     3022     6286     2186     7366     6138     6691     3191     5710     2731     2262     8259     5537     5650     1042     7937     5895     6942     4425     6848     366      10377    3910     2716     
29       4558     2264     4193     1121     2511     2209     1619     3141     4183     5968     3334     1300     3809     5509     5644     3234     3615     3213     5286     5704     1466     2283     2648     2446     4264     3710     5147     5855     7038     0        2908     4463     2043     4853     5462     485      5883     1186     5314     3323     2788     1592     1482     3775     4924     4111     749      5619     5036     1092     4713     3664     1467     5218     5083     2843     4998     4971     4017     5384     6347     754      931      1874     4343     1601     5266     5901     1817     3760     6024     6684     3702     4510     2798     3420     3687     7143     3604     5133     5441     
30       3200     1505     5939     3342     3689     4846     2067     6045     2701     8049     550      2260     6692     7081     7241     6041     1572     5517     7619     5593     3345     1280     685      3321     7172     6470     6636     4908     8370     2908     0        5873     4926     6764     4005     3017     4236     3423     3768     4203     5437     1404     1902     5152     6559     6745     3648     7836     6847     2380     7616     6547     3698     4447     3365     64       7716     4952     5632     4066     6949     3519     3103     4782     5199     4226     5902     7922     4239     6554     5045     8353     1271     7345     5704     5895     2136     8350     2610     5161     6019     
31       4471     6260     701      5489     2219     5733     3910     5045     4571     2548     5897     5643     4560     1211     1373     3747     5160     2058     2732     2944     3028     6154     6130     2556     5409     3638     762      4295     2597     4463     5873     0        4032     1312     4898     3979     5384     3277     4969     1712     3015     4752     4151     733      765      3206     4215     2621     1205     5471     5393     4491     3013     3790     5130     5830     4042     2571     539      4659     2307     4847     3550     4377     1101     3252     1582     2354     5808     3841     4424     2484     5609     4479     4839     2486     4619     2680     7784     2528     1752     
32       5947     4249     3489     2312     3031     1789     3247     1318     5681     4642     5313     3185     1767     4735     4829     1257     5392     2094     3754     6233     2168     4297     4691     3244     2304     1774     4509     6869     6309     2043     4926     4032     0        3839     6787     1930     7263     1831     6697     3704     1206     3552     3240     3563     4182     2319     1294     4184     4097     2970     2699     1622     1754     6216     6569     4862     3061     5556     3495     6648     6284     1686     2013     400      4428     1061     5333     4641     2106     1779     7038     5690     5576     2478     991      1972     5293     6509     5421     5658     5524     
33       5727     6906     853      5736     3093     5628     4712     4566     5784     1318     6867     6129     3839     1001     1044     3160     6256     1765     1444     4211     3581     6836     6917     3488     4661     2887     1041     5606     2502     4853     6764     1312     3839     0        6197     4402     6686     3710     6258     2835     2653     5509     4919     1781     685      2300     4416     1311     291      5933     4527     3806     3406     5102     6396     6714     2942     3881     1209     5961     3225     5052     4035     4231     2412     3369     2786     1165     5856     3081     5732     1869     6675     3554     4439     1923     5767     2748     8386     3829     2930     
34       911      5395     5412     6445     3887     7657     3844     8105     1362     7440     3563     5698     8240     5910     6060     7380     2433     5992     7549     2657     4621     5173     4670     3580     8988     7580     5479     1177     6541     5462     4005     4898     6787     6197     0        5184     503      4977     258      3559     6540     4206     4012     4488     5643     7478     5917     7507     6102     5694     9229     8115     5034     1218     709      4021     8483     2487     5051     255      4475     6214     4885     6884     3803     5739     3843     7239     7265     7748     1239     7021     2807     8562     7774     6530     1946     6354     6611     2635     3831     
35       4292     2598     3723     1583     2041     2483     1396     3148     3951     5545     3385     1727     3684     5035     5173     3026     3507     2803     4904     5270     982      2582     2862     2005     4222     3470     4669     5501     6559     485      3017     3979     1930     4402     5184     0        5624     707      5052     2854     2482     1626     1335     3290     4451     3810     751      5216     4577     1530     4630     3540     999      4856     4854     2954     4740     4539     3538     5087     5868     1091     449      1856     3864     1260     4790     5469     2191     3544     5671     6221     3657     4328     2800     3057     3494     6660     4008     4694     4967     
36       1332     5673     5908     6839     4383     8087     4264     8580     1717     7921     3759     6047     8733     6376     6524     7875     2677     6495     8046     3025     5094     5448     4914     4069     9475     8079     5951     1436     6953     5883     4236     5384     7263     6686     503      5624     0        5445     571      4062     7037     4568     4417     4987     6124     7981     6363     7998     6587     6056     9723     8607     5512     1647     875      4258     8987     2931     5548     725      4849     6637     5340     7350     4286     6218     4280     7718     7674     8247     1441     7467     2992     9062     8247     7032     2277     6751     6818     3065     4255     
37       4123     3227     3018     2237     1455     2875     1488     3143     3849     4879     3712     2422     3466     4329     4466     2704     3615     2171     4290     4748     387      3185     3382     1529     4112     3083     3962     5151     5852     1186     3423     3277     1831     3710     4977     707      5445     0        4877     2257     2023     2026     1555     2597     3745     3322     1093     4574     3878     2231     4449     3326     308      4497     4738     3362     4301     4028     2832     4850     5219     1649     340      1907     3221     859      4155     4795     2719     3189     5321     5519     3851     4009     2805     2489     3470     5957     4680     4167     4336     
38       760      5173     5460     6277     3843     7516     3694     8015     1164     7516     3318     5505     8183     6010     6162     7329     2197     5980     7591     2846     4529     4949     4437     3518     8918     7545     5573     1419     6693     5314     3768     4969     6697     6258     258      5052     571      4877     0        3568     6495     4018     3852     4527     5721     7466     5792     7566     6175     5507     9174     8055     4948     1385     451      3786     8478     2623     5096     454      4653     6068     4769     6781     3883     5656     3979     7319     7108     7709     1490     7142     2559     8528     7680     6514     1739     6515     6370     2783     3977     
39       2953     4754     1987     4438     813      5098     2349     4961     2959     4149     4195     4314     4853     2921     3083     3976     3454     2452     4062     2538     1892     4620     4517     971      5659     4095     2464     3298     4170     3323     4203     1712     3704     2835     3559     2854     4062     2257     3568     0        3124     3195     2609     1057     2453     3931     3345     4099     2829     4175     5816     4743     2113     2673     3635     4163     4927     1852     1625     3353     3047     3898     2407     3936     1068     2676     1954     3979     4976     4277     3458     4190     3897     5066     4672     2993     2936     4168     6287     1958     2124     
40       5782     5049     2400     3370     2653     2992     3494     2029     5609     3444     5735     4064     1728     3581     3664     851      5569     968      2595     5537     2195     5053     5340     2984     2541     1085     3397     6418     5143     2788     5437     3015     1206     2653     6540     2482     7037     2023     6495     3124     0        4034     3577     2684     3050     1328     2128     3001     2920     3848     2700     1619     1779     5783     6447     5376     2279     4923     2479     6365     5318     2691     2334     1605     3615     1223     4456     3437     3295     1225     6580     4490     5845     2056     1836     766      5327     5360     6364     4988     4645     
41       3299     1569     4716     2315     2534     3716     849      4723     2854     6763     1761     1497     5311     5934     6088     4641     2083     4154     6270     5094     1985     1424     1408     2233     5828     5066     5507     4830     7324     1592     1404     4752     3552     5509     4206     1626     4568     2026     4018     3195     4034     0        601      4019     5382     5345     2300     6514     5622     1489     6251     5166     2310     4251     3716     1342     6312     4383     4439     4180     6164     2290     1702     3440     4255     2822     5074     6651     3196     5152     4990     7192     2117     5947     4378     4510     2293     7350     3096     4578     5219     
42       3102     2144     4119     2436     1933     3691     266      4482     2708     6182     2158     1859     4965     5332     5487     4243     2172     3614     5720     4620     1443     2015     2000     1641     5543     4636     4906     4508     6725     1482     1902     4151     3240     4919     4012     1335     4417     1555     3852     2609     3577     601      0        3417     4782     4866     2078     5948     5027     1786     5930     4822     1811     3898     3605     1844     5853     3896     3839     3952     5605     2235     1265     3190     3674     2397     4511     6066     3256     4738     4673     6591     2336     5551     4135     3999     2204     6754     3678     4085     4662     
43       3961     5528     942      4828     1485     5187     3177     4684     4003     3093     5193     4930     4348     1929     2088     3490     4503     1806     3063     2905     2323     5420     5398     1831     5190     3484     1491     4040     3324     3775     5152     733      3563     1781     4488     3290     4987     2597     4527     1057     2684     4019     3417     0        1417     3178     3585     3061     1773     4762     5251     4260     2351     3471     4637     5108     4116     2377     576      4263     2731     4205     2853     3875     943      2681     1781     2922     5205     3681     4186     3201     4938     4404     4443     2318     3993     3389     7054     2395     1971     
44       5235     6849     735      5887     2873     5947     4553     5040     5336     1797     6610     6158     4401     586      722      3663     5907     2094     2120     3551     3550     6758     6777     3239     5238     3450     378      4989     2153     4924     6559     765      4182     685      5643     4451     6124     3745     5721     2453     3050     5382     4782     1417     0        2912     4579     1929     479      5974     5143     4354     3456     4512     5891     6513     3614     3264     943      5401     2552     5219     4047     4557     1839     3557     2113     1597     6105     3650     5109     1810     6349     4183     4879     2387     5376     2328     8359     3196     2251     
45       6795     6375     2505     4613     3670     3964     4760     2501     6686     2572     7021     5376     1585     3300     3325     1156     6772     1486     1556     6066     3444     6381     6666     4050     2374     687      3290     7185     4715     4111     6745     3206     2319     2300     7478     3810     7981     3322     7466     3931     1328     5345     4866     3178     2912     0        3430     2043     2590     5159     2231     1582     3055     6584     7475     6684     1025     5554     2753     7279     5438     3954     3644     2698     4102     2550     4784     2641     4399     844      7337     3869     7082     1278     2489     956      6469     5000     7666     5572     4958     
46       5031     2978     3843     1320     2548     1796     2148     2425     4699     5445     4058     1947     3059     5163     5286     2500     4249     2694     4692     5841     1474     3014     3397     2604     3529     2989     4842     6186     6726     749      3648     4215     1294     4416     5917     751      6363     1093     5792     3345     2128     2300     2078     3585     4579     3430     0        5058     4627     1730     3968     2914     1254     5536     5602     3584     4282     5119     3724     5813     6267     640      1050     1139     4282     1049     5218     5398     1637     3028     6356     6278     4380     3765     2078     2817     4245     6865     4237     5259     5403     
47       7022     7800     2119     6348     4248     5928     5768     4545     7059     549      7991     6920     3592     1945     1875     3170     7464     2412     500      5478     4533     7759     7915     4655     4308     2731     2211     6909     2946     5619     7836     2621     4184     1311     7507     5216     7998     4574     7566     4099     3001     6514     5948     3061     1929     2043     5058     0        1449     6711     4021     3609     4267     6412     7695     7782     2203     5183     2485     7272     4298     5660     4913     4583     3723     4032     4033     687      6289     2881     7033     1966     7862     3045     4517     2252     7008     3283     9220     5123     4159     
48       5670     7047     909      5946     3160     5883     4811     4849     5752     1344     6928     6300     4130     710      756      3446     6274     2010     1656     4030     3725     6970     7027     3545     4953     3178     792      5465     2225     5036     6847     1205     4097     291      6102     4577     6587     3878     6175     2829     2920     5622     5027     1773     479      2590     4627     1449     0        6108     4816     4097     3577     4982     6332     6799     3213     3740     1228     5862     2965     5265     4196     4485     2300     3584     2589     1157     6094     3373     5587     1652     6705     3841     4718     2201     5764     2462     8540     3675     2723     
49       4786     1297     5249     966      3389     2482     2029     3861     4343     7060     2898     216      4687     6556     6696     4213     3517     4305     6374     6381     2443     1387     1910     3227     5020     4712     6179     6278     8063     1092     2380     5471     2970     5933     5694     1530     6056     2231     5507     4175     3848     1489     1786     4762     5974     5159     1730     6711     6108     0        5520     4545     2530     5677     5202     2319     6006     5651     5051     5663     7223     1314     1927     2708     5232     2687     6128     6990     1859     4741     6441     7751     3455     5444     3543     4504     3781     8149     2519     5832     6294     
