

sets
i        orders          /0*40/
k        routes          /1*40/
p        positions       /0*40/
;

alias(i,j)
alias(i,h)
alias(i,hh)
alias(i,jj)
alias(k,kk)
                            Parameters

rho(i)	Processing time
/
0	0
1	44
2	97
3	92
4	58
5	53
6	14
7	86
8	93
9	17
10	75
11	59
12	5
13	12
14	29
15	86
16	38
17	18
18	10
19	50
20	69
21	26
22	35
23	72
24	81
25	91
26	59
27	59
28	7
29	92
30	86
31	43
32	12
33	52
34	96
35	61
36	75
37	27
38	60
39	88
40	48
/

gamma(i)	Duedate
/
0	0
1	89
2	24
3	83
4	59
5	18
6	7
7	56
8	98
9	51
10	19
11	81
12	77
13	18
14	33
15	22
16	59
17	54
18	10
19	1
20	3
21	94
22	42
23	58
24	80
25	2
26	53
27	24
28	88
29	43
30	3
31	68
32	89
33	30
34	72
35	86
36	58
37	41
38	83
39	2
40	3
/

sigma(i)	Size
/
0	0
1	1
2	7
3	7
4	9
5	9
6	9
7	1
8	9
9	5
10	7
11	4
12	8
13	9
14	7
15	9
16	4
17	7
18	3
19	1
20	8
21	3
22	9
23	7
24	6
25	5
26	8
27	3
28	1
29	3
30	2
31	3
32	4
33	1
34	9
35	4
36	1
37	1
38	4
39	5
40	8
/

epsilon(i)	Priority
/
0	0
1	5
2	5
3	2
4	6
5	5
6	2
7	2
8	7
9	3
10	6
11	4
12	4
13	7
14	3
15	1
16	1
17	4
18	4
19	5
20	5
21	9
22	1
23	1
24	5
25	2
26	7
27	9
28	6
29	8
30	6
31	2
32	7
33	4
34	9
35	1
36	9
37	4
38	5
39	8
40	2
/

psi	Vehicle Capacity
/ 14 /
;

Table kappa(i,j)                 Setup
         0        1        2        3        4        5        6        7        8        9        10       11       12       13       14       15       16       17       18       19       20       21       22       23       24       25       26       27       28       29       30       31       32       33       34       35       36       37       38       39       40       
0        0        259      1079     1147     1221     548      1468     677      367      1054     1414     1187     1213     1253     1217     1841     1551     1208     1329     1289     390      1351     753      988      1890     471      643      1484     1440     957      77       1706     1120     806      860      1167     800      550      1433     1174     341      
1        259      0        982      1275     1244     807      1249     810      593      856      1406     1379     1282     1476     977      1878     1546     1396     1091     1139     236      1455     888      755      1905     458      552      1582     1426     1032     183      1478     1248     949      676      996      1025     808      1376     1393     495      
2        1079     982      0        984      558      1454     793      826      1079     479      567      1329     755      1573     830      1098     689      1326     866      322      1196     1002     851      694      1063     1441     1506     1066     565      667      1034     1028     969      895      448      358      1276     1473     421      1486     889      
3        1147     1275     984      0        521      1098     1770     471      840      1391     731      392      304      672      1733     854      800      378      1799     1301     1498     233      394      1531     971      1617     1787     367      771      328      1169     2011     27       342      1254     1331     629      1127     958      602      806      
4        1221     1244     558      521      0        1391     1343     651      1043     1028     235      911      226      1187     1382     635      349      898      1424     842      1480     462      620      1222     668      1672     1796     509      273      329      1210     1567     517      624      949      916      1032     1417     437      1111     911      
5        548      807      1454     1098     1391     0        1979     739      376      1551     1619     950      1291     894      1753     1927     1740     978      1862     1722     881      1331     779      1520     2017     805      1016     1466     1654     1066     625      2225     1075     796      1353     1631     510      29       1721     839      566      
6        1468     1249     793      1770     1343     1979     0        1526     1641     433      1291     2093     1547     2315     342      1793     1378     2093     252      509      1356     1795     1573     502      1711     1624     1582     1852     1274     1445     1396     252      1753     1628     629      439      1956     1989     1050     2225     1450     
7        677      810      826      471      651      739      1526     0        405      1105     881      611      568      794      1411     1211     1001     622      1496     1138     1029     675      78       1187     1287     1149     1315     809      916      328      698      1778     444      141      931      1105     450      766      1006     704      336      
8        367      593      1079     840      1043     376      1641     405      0        1208     1264     826      974      887      1446     1616     1391     848      1549     1353     757      1063     465      1210     1691     804      996      1199     1297     731      423      1891     814      502      1012     1271     434      397      1350     807      195      
9        1054     856      479      1391     1028     1551     433      1105     1208     0        1043     1688     1206     1898     353      1573     1158     1691     407      369      1003     1451     1157     240      1526     1273     1272     1528     1038     1063     985      685      1372     1214     197      193      1526     1562     857      1808     1016     
10       1414     1406     567      731      235      1619     1291     881      1264     1043     0        1124     427      1404     1389     531      139      1109     1412     782      1640     619      854      1262     510      1850     1957     619      40       563      1395     1494     733      859      1007     896      1267     1645     268      1332     1120     
11       1187     1379     1329     392      911      950      2093     611      826      1688     1124     0        697      281      2011     1184     1188     29       2090     1651     1573     562      543      1792     1320     1629     1822     662      1164     664      1233     2340     393      481      1527     1657     441      979      1348     223      884      
12       1213     1282     755      304      226      1291     1547     568      974      1206     427      697      0        976      1558     642      501      682      1609     1055     1517     247      514      1380     726      1680     1825     328      467      255      1216     1778     306      495      1101     1113     877      1319     661      905      879      
13       1253     1476     1573     672      1187     894      2315     794      887      1898     1404     281      976      0        2205     1454     1470     301      2291     1895     1643     840      742      1978     1594     1653     1858     932      1444     919      1310     2566     671      687      1725     1886     453      919      1622     90       997      
14       1217     977      830      1733     1382     1753     342      1411     1446     353      1389     2011     1558     2205     0        1915     1498     2016     115      651      1049     1802     1471     235      1859     1312     1253     1881     1381     1405     1141     518      1712     1531     483      498      1807     1759     1186     2114     1266     
15       1841     1878     1098     854      635      1927     1793     1211     1616     1573     531      1184     642      1454     1915     0        418      1159     1932     1290     2114     631      1156     1793     162      2300     2429     522      534      891      1836     1975     872      1132     1536     1419     1482     1956     743      1407     1514     
16       1551     1546     689      800      349      1740     1378     1001     1391     1158     139      1188     501      1470     1498     418      0        1170     1514     873      1779     652      968      1382     376      1989     2097     621      125      676      1533     1567     805      966      1134     1001     1368     1767     328      1403     1253     
17       1208     1396     1326     378      898      978      2093     622      848      1691     1109     29       682      301      2016     1159     1170     0        2093     1648     1592     539      552      1799     1296     1652     1844     637      1149     659      1252     2340     381      488      1532     1656     469      1007     1336     247      901      
18       1329     1091     866      1799     1424     1862     252      1496     1549     407      1412     2090     1609     2291     115      1932     1514     2093     0        648      1165     1855     1553     342      1867     1427     1365     1928     1401     1470     1253     404      1779     1612     565      516      1901     1869     1194     2200     1366     
19       1289     1139     322      1301     842      1722     509      1138     1353     369      782      1651     1055     1895     651      1290     873      1648     648      0        1320     1301     1169     608      1219     1583     1608     1350     766      988      1232     724      1288     1214     478      176      1587     1739     548      1808     1158     
20       390      236      1196     1498     1480     881      1356     1029     757      1003     1640     1573     1517     1643     1049     2114     1779     1592     1165     1320     0        1685     1107     854      2141     270      317      1813     1659     1266     340      1566     1471     1166     843      1164     1190     873      1599     1564     700      
21       1351     1455     1002     233      462      1331     1795     675      1063     1451     619      562      247      840      1802     631      652      539      1855     1301     1685     0        603      1618     759      1823     1983     136      657      435      1366     2024     256      560      1339     1361     860      1360     876      784      1009     
22       753      888      851      394      620      779      1573     78       465      1157     854      543      514      742      1471     1156     968      552      1553     1169     1107     603      0        1250     1239     1224     1392     739      891      291      776      1824     367      64       988      1146     435      806      998      652      412      
23       988      755      694      1531     1222     1520     502      1187     1210     240      1262     1792     1380     1978     235      1793     1382     1799     342      608      854      1618     1250     0        1754     1122     1090     1707     1260     1207     913      723      1510     1311     279      432      1575     1527     1091     1888     1031     
24       1890     1905     1063     971      668      2017     1711     1287     1691     1526     510      1320     726      1594     1859     162      376      1296     1867     1219     2141     759      1239     1754     0        2340     2458     663      501      960      1879     1880     986      1222     1510     1360     1592     2045     673      1543     1574     
25       471      458      1441     1617     1672     805      1624     1149     804      1273     1850     1629     1680     1653     1312     2300     1989     1652     1427     1583     270      1823     1224     1122     2340     0        211      1955     1872     1425     464      1830     1590     1276     1109     1430     1211     789      1833     1583     813      
26       643      552      1506     1787     1796     1016     1582     1315     996      1272     1957     1822     1825     1858     1253     2429     2097     1844     1365     1608     317      1983     1392     1090     2458     211      0        2113     1976     1571     617      1769     1759     1448     1130     1445     1412     1001     1914     1786     980      
27       1484     1582     1066     367      509      1466     1852     809      1199     1528     619      662      328      932      1881     522      621      637      1928     1350     1813     136      739      1707     663      1955     2113     0        652      553      1497     2074     391      696      1429     1424     989      1495     885      884      1142     
28       1440     1426     565      771      273      1654     1274     916      1297     1038     40       1164     467      1444     1381     534      125      1149     1401     766      1659     657      891      1260     501      1872     1976     652      0        601      1419     1473     773      897      1009     886      1305     1679     239      1372     1150     
29       957      1032     667      328      329      1066     1445     328      731      1063     563      664      255      919      1405     891      676      659      1470     988      1266     435      291      1207     960      1425     1571     553      601      0        961      1688     309      296      928      1006     708      1093     726      836      625      
30       77       183      1034     1169     1210     625      1396     698      423      985      1395     1233     1216     1310     1141     1836     1533     1252     1253     1232     340      1366     776      913      1879     464      617      1497     1419     961      0        1632     1142     832      794      1104     858      627      1400     1230     364      
31       1706     1478     1028     2011     1567     2225     252      1778     1891     685      1494     2340     1778     2566     518      1975     1567     2340     404      724      1566     2024     1824     723      1880     1830     1769     2074     1473     1688     1632     0        1995     1878     879      683      2208     2234     1239     2476     1700     
32       1120     1248     969      27       517      1075     1753     444      814      1372     733      393      306      671      1712     872      805      381      1779     1288     1471     256      367      1510     986      1590     1759     391      773      309      1142     1995     0        315      1233     1314     610      1104     955      599      779      
33       806      949      895      342      624      796      1628     141      502      1214     859      481      495      687      1531     1132     966      488      1612     1214     1166     560      64       1311     1222     1276     1448     696      897      296      832      1878     315      0        1048     1198     412      824      1018     598      468      
34       860      676      448      1254     949      1353     629      931      1012     197      1007     1527     1101     1725     483      1536     1134     1532     565      478      843      1339     988      279      1510     1109     1130     1429     1009     928      794      879      1233     1048     0        321      1340     1365     866      1635     821      
35       1167     996      358      1331     916      1631     439      1105     1271     193      896      1657     1113     1886     498      1419     1001     1656     516      176      1164     1361     1146     432      1360     1430     1445     1424     886      1006     1104     683      1314     1198     321      0        1545     1645     687      1797     1075     
36       800      1025     1276     629      1032     510      1956     450      434      1526     1267     441      877      453      1807     1482     1368     469      1901     1587     1190     860      435      1575     1592     1211     1412     989      1305     708      858      2208     610      412      1340     1545     0        539      1430     375      559      
37       550      808      1473     1127     1417     29       1989     766      397      1562     1645     979      1319     919      1759     1956     1767     1007     1869     1739     873      1360     806      1527     2045     789      1001     1495     1679     1093     627      2234     1104     824      1365     1645     539      0        1744     866      584      
38       1433     1376     421      958      437      1721     1050     1006     1350     857      268      1348     661      1622     1186     743      328      1336     1194     548      1599     876      998      1091     673      1833     1914     885      239      726      1400     1239     955      1018     866      687      1430     1744     0        1544     1182     
39       1174     1393     1486     602      1111     839      2225     704      807      1808     1332     223      905      90       2114     1407     1403     247      2200     1808     1564     784      652      1888     1543     1583     1786     884      1372     836      1230     2476     599      598      1635     1797     375      866      1544     0        911      
40       341      495      889      806      911      566      1450     336      195      1016     1120     884      879      997      1266     1514     1253     901      1366     1158     700      1009     412      1031     1574     813      980      1142     1150     625      364      1700     779      468      821      1075     559      584      1182     911      0        
;



Table delta(i,j)                 Distance
         0        1        2        3        4        5        6        7        8        9        10       11       12       13       14       15       16       17       18       19       20       21       22       23       24       25       26       27       28       29       30       31       32       33       34       35       36       37       38       39       40       
0        0        5160     11100    6180     6390     8130     6540     7560     2130     1230     6000     4020     5700     2700     4890     7260     6900     2970     4410     2430     1860     10650    9090     4470     8190     7320     10470    2700     8430     5640     4890     8850     1590     11190    4770     9930     6270     3840     4260     12210    8550     
1        5160     0        339      315      321      158      183      135      178      161      121      116      243      249      95       383      201      229      296      245      166      345      362      269      417      80       311      81       402      68       154      266      120      380      331      284      213      300      282      407      319      
2        11100    339      0        273      271      204      162      221      303      399      218      253      197      357      250      360      145      310      349      366      308      44       183      291      385      307      28       340      321      271      213      76       342      82       444      57       161      426      328      88       135      
3        6180     315      273      0        7        308      206      303      148      247      249      204      99       133      239      91       202      107      92       146      162      238      122      57       123      351      266      252      87       282      183      226      222      233      188      266      160      181      78       265      142      
4        6390     321      271      7        0        311      208      306      154      254      253      209      101      140      244      91       204      114      98       153      168      235      116      64       122      355      264      258      82       286      187      225      229      229      193      265      162      187      85       261      138      
5        8130     158      204      308      311      0        103      23       232      281      72       140      210      310      107      396      113      270      336      313      227      224      297      286      430      105      176      199      389      95       132      147      222      266      406      147      151      379      315      286      241      
6        6540     183      162      206      208      103      0        103      159      242      65       91       107      230      89       296      18       185      245      236      160      162      199      191      329      174      137      177      286      119      54       86       182      196      326      115      48       302      223      224      146      
7        7560     135      221      303      306      23       103      0        217      261      57       124      207      296      89       390      116      257      325      298      211      238      302      277      423      86       193      177      386      72       123      159      202      279      391      164      151      363      305      301      247      
8        2130     178      303      148      154      232      159      217      0        108      160      93       119      79       130      205      169      50       118      81       13       285      233      94       238      233      283      106      231      166      106      230      74       303      174      267      142      147      103      336      214      
9        1230     161      399      247      254      281      242      261      108      0        214      153      227      127      175      281      256      140      185      117      98       387      342      190      310      239      377      85       321      191      188      324      61       408      183      357      240      153      181      441      322      
10       6000     121      218      249      253      72       65       57       160      214      0        68       156      239      39       334      83       199      267      241      155      224      262      220      368      110      190      136      334      54       66       145      153      261      334      164      107      307      247      287      211      
11       4020     116      253      204      209      140      91       124      93       153      68       0        126      172      38       281      107      136      205      173      87       248      246      165      315      148      228      87       291      79       42       176      92       277      267      206      103      239      187      308      207      
12       5700     243      197      99       101      210      107      207      119      227      156      126      0        160      155      190      103      113      154      170      129      172      122      96       222      263      183      199      179      196      93       135      182      184      247      176      61       229      132      218      94       
13       2700     249      357      133      140      310      230      296      79       127      239      172      160      0        209      153      237      47       57       12       87       332      248      80       183      310      341      169      197      245      181      290      131      341      96       330      203      71       58       375      247      
14       4890     95       250      239      244      107      89       89       130      175      39       38       155      209      0        318      107      174      244      210      123      252      270      203      353      111      224      96       326      42       61       175      114      285      303      198      118      275      225      314      225      
15       7260     383      360      91       91       396      296      390      205      281      334      281      190      153      318      0        293      155      95       164      218      321      189      115      34       429      355      310      63       360      267      316      275      310      154      356      251      163      102      340      225      
16       6900     201      145      202      204      113      18       116      169      256      83       107      103      237      107      293      0        191      248      243      171      144      185      192      325      191      121      194      279      137      68       69       197      178      332      100      42       309      226      206      131      
17       2970     229      310      107      114      270      185      257      50       140      199      136      113      47       174      155      191      0        69       56       63       285      210      50       188      281      293      155      185      213      138      243      121      296      141      282      155      118      53       330      203      
18       4410     296      349      92       98       336      245      325      118      185      267      205      154      57       244      95       248      69       0        68       130      318      214      58       126      351      337      220      142      283      203      290      183      320      97       330      208      89       22       353      226      
19       2430     245      366      146      153      313      236      298      81       117      241      173      170      12       210      164      243      56       68       0        87       342      260      92       193      308      349      164      209      244      185      298      125      352      93       337      210      66       70       386      258      
20       1860     166      308      162      168      227      160      211      13       98       155      87       129      87       123      218      171      63       130      87       0        292      245      108      252      223      287      92       245      157      105      234      60       311      180      270      147      152      116      344      224      
21       10650    345      44       238      235      224      162      238      285      387      224      248      172      332      252      321      144      285      318      342      292      0        140      261      345      323      58       335      280      278      206      80       332      43       415      82       148      399      298      63       96       
22       9090     362      183      122      116      297      199      302      233      342      262      246      122      248      270      189      185      210      214      260      245      140      0        167      209      372      187      321      141      310      209      167      302      121      310      199      154      303      198      150      58       
23       4470     269      291      57       64       286      191      277      94       190      220      165      96       80       203      115      192      50       58       92       108      261      167      0        149      314      279      200      136      244      154      232      169      265      153      272      152      139      36       299      171      
24       8190     417      385      123      122      430      329      423      238      310      368      315      222      183      353      34       325      188      126      193      252      345      209      149      0        463      382      343      71       394      301      346      308      330      169      384      283      184      135      359      250      
25       7320     80       307      351      355      105      174      86       233      239      110      148      263      310      111      429      191      281      351      308      223      323      372      314      463      0        279      154      437      69       170      243      190      363      399      250      217      369      334      386      321      
26       10470    311      28       266      264      176      137      193      283      377      190      228      183      341      224      355      121      293      337      349      287      58       187      279      382      279      0        314      320      243      189      53       318      101      430      29       141      411      315      112      133      
27       2700     81       340      252      258      199      177      177      106      85       136      87       199      169      96       310      194      155      220      164      92       335      321      200      343      154      314      0        336      106      129      263      38       363      249      291      189      218      208      394      287      
28       8430     402      321      87       82       389      286      386      231      321      334      291      179      197      326      63       279      185      142      209      245      280      141      136      71       437      320      336      0        368      268      289      305      262      216      326      238      221      140      289      186      
29       5640     68       271      282      286      95       119      72       166      191      54       79       196      245      42       360      137      213      283      244      157      278      310      244      394      69       243      106      368      0        103      199      135      315      337      216      156      307      265      341      262      
30       4890     154      213      183      187      132      54       123      106      188      66       42       93       181      61       267      68       138      203      185      105      206      209      154      301      170      189      129      268      103      0        136      129      234      277      169      61       251      182      265      166      
31       8850     266      76       226      225      147      86       159      230      324      145      176      135      290      175      316      69       243      290      298      234      80       167      232      346      243      53       263      289      199      136      0        265      119      381      40       88       361      268      143      109      
32       1590     120      342      222      229      222      182      202      74       61       153      92       182      131      114      275      197      121      183      125      60       332      302      169      308      190      318      38       305      135      129      265      0        356      211      297      184      180      172      389      275      
33       11190    380      82       233      229      266      196      279      303      408      261      277      184      341      285      310      178      296      320      352      311      43       121      265      330      363      101      363      262      315      234      119      356      0        417      126      173      405      300      33       94       
34       4770     331      444      188      193      406      326      391      174      183      334      267      247      96       303      154      332      141      97       93       180      415      310      153      169      399      430      249      216      337      277      381      211      417      0        421      295      30       117      450      323      
35       9930     284      57       266      265      147      115      164      267      357      164      206      176      330      198      356      100      282      330      337      270      82       199      272      384      250      29       291      326      216      169      40       297      126      421      0        127      401      308      140      142      
36       6270     213      161      160      162      151      48       151      142      240      107      103      61       203      118      251      42       155      208      210      147      148      154      152      283      217      141      189      238      156      61       88       184      173      295      127      0        274      186      205      106      
37       3840     300      426      181      187      379      302      363      147      153      307      239      229      71       275      163      309      118      89       66       152      399      303      139      184      369      411      218      221      307      251      361      180      405      30       401      274      0        105      438      310      
38       4260     282      328      78       85       315      223      305      103      181      247      187      132      58       225      102      226      53       22       70       116      298      198      36       135      334      315      208      140      265      182      268      172      300      117      308      186      105      0        334      206      
39       12210    407      88       265      261      286      224      301      336      441      287      308      218      375      314      340      206      330      353      386      344      63       150      299      359      386      112      394      289      341      265      143      389      33       450      140      205      438      334      0        128      
40       8550     319      135      142      138      241      146      247      214      322      211      207      94       247      225      225      131      203      226      258      224      96       58       171      250      321      133      287      186      262      166      109      275      94       323      142      106      310      206      128      0        
;

