

sets
i        orders          /0*40/
k        routes          /1*40/
p        positions       /0*40/
;

alias(i,j)
alias(i,h)
alias(i,hh)
alias(i,jj)
alias(k,kk)
                            Parameters

rho(i)	Processing time
/
0	0
1	49
2	86
3	60
4	81
5	17
6	74
7	48
8	22
9	46
10	89
11	14
12	43
13	57
14	40
15	75
16	10
17	29
18	91
19	11
20	14
21	64
22	33
23	45
24	8
25	23
26	62
27	52
28	47
29	7
30	10
31	96
32	45
33	9
34	82
35	10
36	15
37	41
38	94
39	49
40	42
/

gamma(i)	Duedate
/
0	0
1	45
2	49
3	78
4	90
5	43
6	72
7	77
8	74
9	90
10	98
11	31
12	67
13	49
14	13
15	59
16	21
17	28
18	10
19	67
20	95
21	1
22	88
23	92
24	76
25	66
26	61
27	20
28	59
29	51
30	35
31	50
32	24
33	80
34	91
35	97
36	60
37	36
38	99
39	93
40	55
/

sigma(i)	Size
/
0	0
1	3
2	8
3	9
4	8
5	6
6	2
7	9
8	3
9	6
10	4
11	1
12	3
13	9
14	8
15	9
16	8
17	2
18	4
19	8
20	7
21	6
22	5
23	2
24	5
25	8
26	5
27	1
28	6
29	9
30	1
31	7
32	9
33	1
34	7
35	7
36	1
37	3
38	9
39	8
40	4
/

epsilon(i)	Priority
/
0	0
1	6
2	8
3	2
4	2
5	9
6	3
7	1
8	9
9	3
10	8
11	1
12	6
13	2
14	5
15	7
16	5
17	9
18	5
19	4
20	3
21	5
22	5
23	2
24	9
25	1
26	9
27	7
28	3
29	7
30	3
31	4
32	5
33	7
34	2
35	5
36	1
37	5
38	1
39	2
40	4
/

psi	Vehicle Capacity
/ 63 /
;

Table kappa(i,j)                 Setup
         0        1        2        3        4        5        6        7        8        9        10       11       12       13       14       15       16       17       18       19       20       21       22       23       24       25       26       27       28       29       30       31       32       33       34       35       36       37       38       39       40       
0        0        464      1013     1457     548      1780     1273     1400     1108     732      265      844      1427     1202     1120     346      1363     1419     1520     517      591      1758     695      1401     746      1421     1502     1485     1667     1314     1293     1565     1328     1386     508      506      1266     280      1217     1621     1856     
1        464      0        868      1041     182      1356     831      936      646      468      279      741      1036     853      691      654      1128     956      1118     916      132      1331     548      1216     855      1329     1397     1146     1251     849      901      1108     1184     1314     971      340      858      717      871      1185     1397     
2        1013     868      0        1637     692      1886     1380     1224     959      413      1052     1609     1693     522      756      1351     387      1169     876      1045     825      1850     333      2059     1681     2194     2261     1873     1817     1200     1574     1204     2042     2181     1302     1205     1507     1044     517      1092     1729     
3        1457     1041     1637     0        1099     324      257      560      694      1270     1196     960      136      1256     931      1465     1676     659      1198     1951     963      307      1432     868      1319     1149     1159     368      211      510      193      803      961      1186     1954     989      193      1733     1276     1048     566      
4        548      182      692      1099     0        1400     865      895      587      287      433      919      1116     686      571      799      946      897      977      920      147      1371     385      1374     1034     1502     1568     1253     1305     821      983      1029     1351     1489     1029     522      930      757      704      1072     1386     
5        1780     1356     1886     324      1400     0        535      700      927      1544     1520     1256     393      1456     1145     1786     1874     787      1321     2270     1270     40       1712     1054     1619     1344     1336     524      121      694      506      878      1168     1390     2278     1313     517      2055     1473     1127     420      
6        1273     831      1380     257      865      535      0        369      439      1017     1023     924      338      1005     678      1331     1423     464      978      1747     738      506      1183     984      1261     1243     1269     565      445      291      266      634      1051     1269     1779     848      193      1542     1025     860      608      
7        1400     936      1224     560      895      700      369      0        310      940      1186     1243     679      760      468      1538     1175     98       639      1815     811      660      1111     1354     1552     1610     1638     916      666      100      633      265      1418     1633     1905     1072     562      1643     777      493      513      
8        1108     646      959      694      587      927      439      310      0        638      912      1090     774      568      241      1278     984      311      612      1506     517      890      810      1327     1355     1549     1591     987      861      252      678      463      1363     1560     1607     838      603      1340     588      585      817      
9        732      468      413      1270     287      1544     1017     940      638      0        692      1206     1311     478      508      1035     666      911      825      961      412      1511     171      1646     1312     1785     1850     1476     1462     891      1186     1001     1631     1774     1144     808      1123     864      490      975      1453     
10       265      279      1052     1196     433      1520     1023     1186     912      692      0        624      1162     1120     971      374      1358     1217     1397     780      410      1500     719      1166     628      1218     1295     1221     1407     1094     1029     1376     1105     1191     758      246      1004     545      1137     1463     1618     
11       844      741      1609     960      919      1256     924      1243     1090     1206     624      0        862      1521     1263     650      1851     1315     1691     1345     803      1252     1287     561      363      597      672      799      1135     1143     767      1496     484      575      1218     409      791      1099     1541     1669     1507     
12       1427     1036     1693     136      1116     393      338      679      774      1311     1162     862      0        1342     1015     1404     1759     778      1310     1932     974      389      1468     732      1225     1015     1023     237      272      618      135      930      828      1053     1913     941      188      1706     1362     1172     695      
13       1202     853      522      1256     686      1456     1005     760      568      478      1120     1521     1342     0        327      1484     420      688      369      1422     743      1417     588      1857     1702     2050     2103     1554     1407     764      1245     692      1874     2052     1621     1169     1170     1341     21       571      1240     
14       1120     691      756      931      571      1145     678      468      241      508      971      1263     1015     327      0        1346     745      417      436      1450     562      1107     673      1551     1490     1759     1807     1228     1088     451      919      492      1578     1766     1594     956      844      1317     347      500      975      
15       346      654      1351     1465     799      1786     1331     1538     1278     1035     374      650      1404     1484     1346     0        1688     1576     1770     737      784      1772     1025     1204     438      1166     1249     1406     1667     1442     1280     1741     1108     1122     569      483      1273     501      1501     1837     1938     
16       1363     1128     387      1676     946      1874     1423     1175     984      666      1358     1851     1759     420      745      1688     0        1097     653      1432     1048     1835     668      2239     1978     2410     2469     1967     1827     1184     1657     1073     2243     2406     1686     1466     1584     1423     402      894      1637     
17       1419     956      1169     659      897      787      464      98       311      911      1217     1315     778      688      417      1576     1097     0        543      1814     827      746      1081     1447     1613     1699     1729     1014     759      178      729      181      1508     1721     1919     1120     657      1652     703      397      559      
18       1520     1118     876      1198     977      1321     978      639      612      825      1397     1691     1310     369      436      1770     653      543      0        1783     991      1280     952      1932     1927     2160     2201     1542     1301     691      1243     453      1973     2172     1966     1393     1168     1686     367      241      1019     
19       517      916      1045     1951     920      2270     1747     1815     1506     961      780      1345     1932     1422     1450     737      1432     1814     1783     0        1019     2246     834      1906     1175     1898     1980     2001     2162     1740     1796     1935     1824     1856     305      1024     1763     246      1430     1935     2302     
20       591      132      825      963      147      1270     738      811      517      412      410      803      974      743      562      784      1048     827      991      1019     0        1243     529      1235     958      1374     1438     1106     1171     728      840      976      1218     1365     1094     426      789      832      763      1053     1284     
21       1758     1331     1850     307      1371     40       506      660      890      1511     1500     1252     389      1417     1107     1772     1835     746      1280     2246     1243     0        1679     1069     1614     1358     1353     538      121      655      495      837      1181     1404     2258     1297     500      2033     1434     1087     387      
22       695      548      333      1432     385      1712     1183     1111     810      171      719      1287     1468     588      673      1025     668      1081     952      834      529      1679     0        1759     1348     1878     1946     1623     1628     1063     1340     1165     1733     1861     1047     879      1280     773      596      1122     1625     
23       1401     1216     2059     868      1374     1054     984      1354     1327     1646     1166     561      732      1857     1551     1204     2239     1447     1932     1906     1235     1069     1759     0        832      289      291      531      951      1270     727      1618     134      338      1774     927      793      1660     1879     1841     1421     
24       746      855      1681     1319     1034     1619     1261     1552     1355     1312     628      363      1225     1702     1490     438      1978     1613     1927     1175     958      1614     1348     832      0        742      827      1158     1497     1451     1126     1792     717      694      982      536      1144     939      1721     1940     1857     
25       1421     1329     2194     1149     1502     1344     1243     1610     1549     1785     1218     597      1015     2050     1759     1166     2410     1699     2160     1898     1374     1358     1878     289      742      0        84       820      1240     1521     996      1875     192      63       1724     1005     1057     1655     2071     2088     1707     
26       1502     1397     2261     1159     1568     1336     1269     1638     1591     1850     1295     672      1023     2103     1807     1249     2469     1729     2201     1980     1438     1353     1946     291      827      84       0        817      1236     1551     1015     1903     229      139      1808     1078     1080     1737     2124     2121     1710     
27       1485     1146     1873     368      1253     524      565      916      987      1476     1221     799      237      1554     1228     1406     1967     1014     1542     2001     1106     538      1623     531      1158     820      817      0        420      851      309      1168     644      866      1947     981      384      1765     1575     1409     895      
28       1667     1251     1817     211      1305     121      445      666      861      1462     1407     1135     272      1407     1088     1667     1827     759      1301     2162     1171     121      1628     951      1497     1240     1236     420      0        643      386      872      1061     1284     2163     1196     402      1944     1425     1123     485      
29       1314     849      1200     510      821      694      291      100      252      891      1094     1143     618      764      451      1442     1184     178      691      1740     728      655      1063     1270     1451     1521     1551     851      643      0        558      357      1329     1542     1820     973      484      1561     782      571      568      
30       1293     901      1574     193      983      506      266      633      678      1186     1029     767      135      1245     919      1280     1657     729      1243     1796     840      495      1340     727      1126     996      1015     309      386      558      0        895      804      1027     1782     811      76       1572     1265     1126     749      
31       1565     1108     1204     803      1029     878      634      265      463      1001     1376     1496     930      692      492      1741     1073     181      453      1935     976      837      1165     1618     1792     1875     1903     1168     872      357      895      0        1683     1898     2059     1292     825      1786     703      251      569      
32       1328     1184     2042     961      1351     1168     1051     1418     1363     1631     1105     484      828      1874     1578     1108     2243     1508     1973     1824     1218     1181     1733     134      717      192      229      644      1061     1329     804      1683     0        225      1676     876      865      1578     1895     1897     1522     
33       1386     1314     2181     1186     1489     1390     1269     1633     1560     1774     1191     575      1053     2052     1766     1122     2406     1721     2172     1856     1365     1404     1861     338      694      63       139      866      1284     1542     1027     1898     225      0        1676     985      1086     1614     2073     2107     1747     
34       508      971      1302     1954     1029     2278     1779     1905     1607     1144     758      1218     1913     1621     1594     569      1686     1919     1966     305      1094     2258     1047     1774     982      1724     1808     1947     2163     1820     1782     2059     1676     1676     0        973      1761     280      1632     2093     2364     
35       506      340      1205     989      522      1313     848      1072     838      808      246      409      941      1169     956      483      1466     1120     1393     1024     426      1297     879      927      536      1005     1078     981      1196     973      811      1292     876      985      973      0        797      785      1188     1419     1455     
36       1266     858      1507     193      930      517      193      562      603      1123     1004     791      188      1170     844      1273     1584     657      1168     1763     789      500      1280     793      1144     1057     1080     384      402      484      76       825      865      1086     1761     797      0        1543     1190     1053     716      
37       280      717      1044     1733     757      2055     1542     1643     1340     864      545      1099     1706     1341     1317     501      1423     1652     1686     246      832      2033     773      1660     939      1655     1737     1765     1944     1561     1572     1786     1578     1614     280      785      1543     0        1353     1814     2114     
38       1217     871      517      1276     704      1473     1025     777      588      490      1137     1541     1362     21       347      1501     402      703      367      1430     763      1434     596      1879     1721     2071     2124     1575     1425     782      1265     703      1895     2073     1632     1188     1190     1353     0        574      1253     
39       1621     1185     1092     1048     1072     1127     860      493      585      975      1463     1669     1172     571      500      1837     894      397      241      1935     1053     1087     1122     1841     1940     2088     2121     1409     1123     571      1126     251      1897     2107     2093     1419     1053     1814     574      0        795      
40       1856     1397     1729     566      1386     420      608      513      817      1453     1618     1507     695      1240     975      1938     1637     559      1019     2302     1284     387      1625     1421     1857     1707     1710     895      485      568      749      569      1522     1747     2364     1455     716      2114     1253     795      0        
;



Table delta(i,j)                 Distance
         0        1        2        3        4        5        6        7        8        9        10       11       12       13       14       15       16       17       18       19       20       21       22       23       24       25       26       27       28       29       30       31       32       33       34       35       36       37       38       39       40       
0        0        9690     1710     6660     4350     6510     7200     5370     9270     7200     12060    11190    12360    8040     10710    5970     2970     6540     9540     4770     3660     11730    3120     2370     4410     8310     13470    9870     3330     2220     4440     9120     3750     7140     4350     10110    4380     5880     6990     2610     10800    
1        9690     0        272      137      364      384      92       162      301      98       79       274      347      55       247      279      323      174      278      272      217      86       293      291      269      101      133      11       216      343      379      181      252      254      221      284      182      268      293      386      366      
2        1710     272      0        165      137      200      185      141      262      184      349      321      364      216      303      155      84       161      268      160      64       336      71       47       147      236      394      276      56       81       146      248      75       189      89       287      91       193      190      118      319      
3        6660     137      165      0        230      247      51       136      187      41       202      198      262      90       173      142      195      40       173      242      100      179      164      169      234      167      237      136      112      220      245      102      122      125      90       186      80       257      161      266      255      
4        4350     364      137      230      0        74       272      270      212      266      433      297      314      311      291      115      53       202      233      295      156      407      76       92       282      357      465      365      169      71       15       265      112      165      143      252      193      330      136      92       244      
5        6510     384      200      247      74       0        295      318      167      287      445      259      260      335      259      106      119      211      195      360      199      412      129      153      347      395      468      383      218      145      78       252      151      146      175      211      233      393      106      164      183      
6        7200     92       185      51       272      295      0        111      235      11       165      235      303      40       208      192      232      91       218      225      126      151      201      200      219      119      208      93       129      252      287      135      160      176      129      229      94       233      212      297      303      
7        5370     162      141      136      270      318      111      0        314      119      241      335      397      116      310      235      218      166      305      114      118      244      194      179      110      97       296      171      101      222      281      237      167      242      147      319      88       122      265      258      380      
8        9270     301      262      187      212      167      235      314      0        224      338      92       104      270      97       110      222      149      31       400      217      296      205      229      390      354      343      295      241      258      225      124      187      75       182      44       230      424      78       297      68       
9        7200     98       184      41       266      287      11       119      224      0        169      224      292      49       197      183      227      81       207      232      123      152      196      197      225      130      209      99       128      249      281      124      155      165      123      218      93       241      202      294      292      
10       12060    79       349      202      433      445      165      241      338      169      0        290      362      133      265      338      396      234      310      348      292      47       365      366      346      168      60       73       293      417      448      213      323      305      291      312      259      340      347      462      398      
11       11190    274      321      198      297      259      235      335      92       224      290      0        72       259      27       185      298      173      64       437      264      244      276      297      427      350      280      266      286      334      311      100      248      138      232      48       265      455      161      377      121      
12       12360    347      364      262      314      260      303      397      104      292      362      72       0        330      99       214      326      231      96       493      314      315      309      333      483      419      349      338      337      362      326      169      288      174      280      79       321      514      182      401      84       
13       8040     55       216      90       311      335      40       116      270      49       133      259      330      0        232      232      269      130      250      230      161      129      238      236      226      90       183      60       160      287      325      160      198      214      167      260      126      231      251      331      337      
14       10710    247      303      173      291      259      208      310      97       197      265      27       99       232      0        176      287      151      66       414      245      219      263      283      405      323      258      239      266      322      306      73       232      127      214      56       243      431      156      366      139      
15       5970     279      155      142      115      106      192      235      110      183      338      185      214      232      176      0        113      105      124      304      122      306      95       119      292      300      362      277      146      149      131      151      82       49       89       143      147      332      35       191      163      
16       2970     323      84       195      53       119      232      218      222      227      396      298      326      269      287      113      0        173      237      242      109      374      31       39       230      308      432      325      119      36       63       248      72       160      104      256      145      277      143      79       266      
17       6540     174      161      40       202      211      91       166      149      81       234      173      231      130      151      105      173      0        138      264      98       205      143      154      254      207      262      172      116      203      217      87       102      85       74       153      92       283      121      249      217      
18       9540     278      268      173      233      195      218      305      31       207      310      64       96       250      66       124      237      138      0        398      218      267      217      240      388      337      313      271      241      273      247      98       193      79       183      19       225      420      97       315      88       
19       4770     272      160      242      295      360      225      114      400      232      348      437      493      230      414      304      242      264      398      0        183      356      231      207      12       184      405      281      159      229      301      344      223      325      219      414      172      37       338      246      463      
20       3660     217      64       100      156      199      126      118      217      123      292      264      314      161      245      122      109      98       218      183      0        275      80       74       172      200      333      220      24       126      169      185      48       142      35       235      36       210      155      170      280      
21       11730    86       336      179      407      412      151      244      296      152      47       244      315      129      219      306      374      205      267      356      275      0        343      347      353      187      58       76       280      399      422      172      301      269      269      267      245      354      311      445      354      
22       3120     293      71       164      76       129      201      194      205      196      365      276      309      238      263      95       31       143      217      231      80       343      0        26       218      280      401      295      93       60       89       220      41       138      73       236      117      264      128      107      255      
23       2370     291      47       169      92       153      200      179      229      197      366      297      333      236      283      119      39       154      240      207      74       347      26       0        194      270      405      294      81       51       102      235      52       160      80       259      110      241      153      97       281      
24       4410     269      147      234      282      347      219      110      390      225      346      427      483      226      405      292      230      254      388      12       172      353      218      194      0        185      403      279      148      216      289      336      211      314      207      404      162      49       327      234      452      
25       8310     101      236      167      357      395      119      97       354      130      168      350      419      90       323      300      308      207      337      184      200      187      280      270      185      0        228      112      189      316      369      250      247      292      220      348      164      173      324      354      422      
26       13470    133      394      237      465      468      208      296      343      209      60       280      349      183      258      362      432      262      313      405      333      58       401      405      403      228      0        125      338      457      480      221      359      323      328      310      303      399      364      503      396      
27       9870     11       276      136      365      383      93       171      295      99       73       266      338      60       239      277      325      172      271      281      220      76       295      294      279      112      125      0        220      346      380      174      254      251      222      276      186      278      290      390      360      
28       3330     216      56       112      169      218      129      101      241      128      293      286      337      160      266      146      119      116      241      159      24       280      93       81       148      189      338      220      0        129      181      203      68       166      59       258      35       186      179      171      304      
29       2220     343      81       220      71       145      252      222      258      249      417      334      362      287      322      149      36       203      273      229      126      399      60       51       216      316      457      346      129      0        73       281      100      196      130      292      161      265      179      46       301      
30       4440     379      146      245      15       78       287      281      225      281      448      311      326      325      306      131      63       217      247      301      169      422      89       102      289      369      480      380      181      73       0        281      127      180      158      265      206      337      150      86       254      
31       9120     181      248      102      265      252      135      237      124      124      213      100      169      160      73       151      248      87       98       344      185      172      220      235      336      250      221      174      203      281      281      0        183      106      159      102      176      359      146      327      186      
32       3750     252      75       122      112      151      160      167      187      155      323      248      288      198      232      82       72       102      193      223      48       301      41       52       211      247      359      254      68       100      127      183      0        114      31       212      82       253      116      147      244      
33       7140     254      189      125      165      146      176      242      75       165      305      138      174      214      127      49       160      85       79       325      142      269      138      160      314      292      323      251      166      196      180      106      114      0        107      98       156      350      41       239      139      
34       4350     221      89       90       143      175      129      147      182      123      291      232      280      167      214      89       104      74       183      219      35       269      73       80       207      220      328      222      59       130      158      159      31       107      0        201      59       245      121      177      244      
35       10110    284      287      186      252      211      229      319      44       218      312      48       79       260      56       143      256      153      19       414      235      267      236      259      404      348      310      276      258      292      265      102      212      98       201      0        242      435      115      334      86       
36       4380     182      91       80       193      233      94       88       230      93       259      265      321      126      243      147      145      92       225      172      36       245      117      110      162      164      303      186      35       161      206      176      82       156      59       242      0        194      177      204      295      
37       5880     268      193      257      330      393      233      122      424      241      340      455      514      231      431      332      277      283      420      37       210      354      264      241      49       173      399      278      186      265      337      359      253      350      245      435      194      0        366      283      489      
38       6990     293      190      161      136      106      212      265      78       202      347      161      182      251      156      35       143      121      97       338      155      311      128      153      327      324      364      290      179      179      150      146      116      41       121      115      177      366      0        219      128      
39       2610     386      118      266      92       164      297      258      297      294      462      377      401      331      366      191      79       249      315      246      170      445      107      97       234      354      503      390      171      46       86       327      147      239      177      334      204      283      219      0        335      
40       10800    366      319      255      244      183      303      380      68       292      398      121      84       337      139      163      266      217      88       463      280      354      255      281      452      422      396      360      304      301      254      186      244      139      244      86       295      489      128      335      0        
;

