

sets
i        orders          /0*40/
k        routes          /1*40/
p        positions       /0*40/
;

alias(i,j)
alias(i,h)
alias(i,hh)
alias(i,jj)
alias(k,kk)
                            Parameters

rho(i)	Processing time
/
0	0
1	60
2	5
3	57
4	25
5	52
6	12
7	39
8	91
9	51
10	52
11	67
12	99
13	32
14	99
15	49
16	2
17	60
18	73
19	36
20	74
21	10
22	88
23	77
24	9
25	71
26	96
27	16
28	56
29	11
30	27
31	58
32	64
33	80
34	99
35	45
36	34
37	21
38	58
39	44
40	99
/

gamma(i)	Duedate
/
0	0
1	76
2	54
3	10
4	17
5	77
6	89
7	17
8	68
9	93
10	50
11	36
12	35
13	4
14	78
15	20
16	37
17	41
18	93
19	92
20	85
21	65
22	47
23	68
24	90
25	67
26	25
27	45
28	83
29	37
30	87
31	26
32	84
33	74
34	54
35	11
36	51
37	69
38	70
39	61
40	43
/

sigma(i)	Size
/
0	0
1	7
2	3
3	1
4	8
5	5
6	7
7	6
8	8
9	8
10	4
11	8
12	8
13	2
14	8
15	8
16	9
17	1
18	3
19	9
20	5
21	9
22	2
23	9
24	5
25	5
26	7
27	6
28	7
29	9
30	9
31	2
32	4
33	9
34	4
35	7
36	6
37	7
38	2
39	8
40	7
/

epsilon(i)	Priority
/
0	0
1	1
2	1
3	9
4	8
5	4
6	1
7	9
8	1
9	2
10	6
11	9
12	3
13	2
14	5
15	5
16	8
17	2
18	7
19	9
20	6
21	5
22	4
23	1
24	1
25	4
26	6
27	8
28	3
29	2
30	2
31	3
32	6
33	7
34	1
35	1
36	1
37	3
38	9
39	9
40	4
/

psi	Vehicle Capacity
/ 45 /
;

Table kappa(i,j)                 Setup
         0        1        2        3        4        5        6        7        8        9        10       11       12       13       14       15       16       17       18       19       20       21       22       23       24       25       26       27       28       29       30       31       32       33       34       35       36       37       38       39       40       
0        0        814      1797     735      837      1639     1695     1158     1107     773      559      966      1128     1429     1014     1720     1712     1950     1742     478      1259     706      1298     812      929      1399     1132     1182     2002     1207     1772     2073     1876     1402     725      438      836      1995     666      801      992      
1        814      0        1071     189      622      1118     922      1153     329      241      1222     1478     771      951      569      925      921      1399     1021     382      447      653      1344     450      154      1009     863      1361     1298     1029     1656     1850     1234     604      180      426      459      1693     433      777      334      
2        1797     1071     0        1072     1086     556      236      1351     991      1025     2011     2065     874      643      1461     351      328      591      55       1445     805      1237     1493     1452     919      793      978      1653     232      1105     1455     1429     303      530      1085     1486     1450     1203     1153     1256     806      
3        735      189      1072     0        437      1024     960      967      504      69       1078     1304     617      838      741      987      978      1321     1018     398      584      464      1158     595      212      873      697      1172     1287     856      1486     1698     1190     673      17       432      609      1553     245      588      269      
4        837      622      1086     437      0        811      1067     531      903      381      927      1011     292      599      1177     1142     1125     1121     1031     737      919      154      722      1020     574      562      308      757      1254     435      1065     1308     1088     886      450      753      1036     1192     232      193      441      
5        1639     1118     556      1024     811      0        720      876      1201     957      1700     1654     523      211      1643     846      821      311      526      1420     1072     960      986      1564     974      305      572      1172     587      636      899      901      357      836      1041     1451     1571     686      979      922      784      
6        1695     922      236      960      1067     720      0        1415     791      925      1970     2074     909      748      1254     127      102      814      223      1304     596      1209     1576     1265     779      899      1027     1713     450      1178     1606     1617     532      332      970      1347     1260     1396     1086     1253     711      
7        1158     1153     1351     967      531      876      1415     0        1426     912      961      798      513      713      1704     1517     1496     1130     1303     1221     1418     539      192      1538     1097     575      390      302      1448     246      613      930      1229     1326     980      1227     1556     897      742      405      937      
8        1107     329      991      504      903      1201     791      1426     0        536      1548     1806     981      1077     470      750      755      1440     951      637      199      962      1618     481      330      1172     1093     1659     1223     1268     1873     2024     1220     462      499      681      474      1842     747      1078     503      
9        773      241      1025     69       381      957      925      912      536      0        1083     1287     548      769      804      960      950      1255     970      463      593      426      1104     663      219      803      631      1127     1236     792      1421     1629     1132     652      86       496      676      1483     215      543      219      
10       559      1222     2011     1078     927      1700     1970     961      1548     1083     0        438      1185     1493     1549     2026     2013     1999     1955     980      1659     774      1028     1345     1290     1408     1129     843      2181     1119     1534     1876     2007     1731     1075     950      1369     1859     889      779      1272     
11       966      1478     2065     1304     1011     1654     2074     798      1806     1287     438      0        1192     1468     1894     2152     2135     1924     2012     1320     1879     885      781      1693     1506     1349     1098     563      2199     1021     1262     1615     1996     1891     1307     1298     1716     1647     1072     821      1432     
12       1128     771      874      617      292      523      909      513      981      548      1185     1192     0        312      1340     1006     985      832      822      981      936      437      690      1211     669      274      124      805      1012     299      893      1081     823      816      634      1004     1223     938      491      405      478      
13       1429     951      643      838      599      211      748      713      1077     769      1493     1468     312      0        1497     866      842      522      600      1229     975      748      849      1401     816      151      372      1015     736      467      871      954      527      775      855      1258     1409     765      773      714      619      
14       1014     569      1461     741      1177     1643     1254     1704     470      804      1549     1894     1340     1497     0        1201     1209     1898     1421     575      658      1178     1893     204      683      1570     1432     1884     1692     1596     2224     2416     1689     931      727      601      180      2253     963      1310     882      
15       1720     925      351      987      1142     846      127      1517     750      960      2026     2152     1006     866      1201     0        25       938      347      1307     551      1276     1683     1231     792      1016     1127     1812     546      1284     1729     1745     653      320      996      1351     1224     1524     1137     1331     755      
16       1712     921      328      978      1125     821      102      1496     755      950      2013     2135     985      842      1209     25       0        914      322      1303     556      1261     1661     1235     786      992      1106     1791     527      1261     1704     1719     629      316      987      1347     1229     1498     1124     1313     743      
17       1950     1399     591      1321     1121     311      814      1130     1440     1255     1999     1924     832      522      1898     938      914      0        591      1718     1286     1269     1208     1838     1250     591      870      1412     495      905      995      880      290      1024     1337     1752     1842     651      1288     1225     1070     
18       1742     1021     55       1018     1031     526      223      1303     951      970      1955     2012     822      600      1421     347      322      591      0        1393     768      1182     1449     1407     868      751      928      1605     277      1058     1424     1411     309      492      1031     1434     1405     1186     1097     1202     751      
19       478      382      1445     398      737      1420     1304     1221     637      463      980      1320     981      1229     575      1307     1303     1718     1393     0        804      682      1400     373      527      1250     1037     1355     1668     1171     1797     2044     1584     986      381      44       396      1917     504      815      660      
20       1259     447      805      584      919      1072     596      1418     199      593      1659     1879     936      975      658      551      556      1286     768      804      0        1006     1607     681      374      1088     1056     1673     1035     1234     1811     1930     1050     275      585      848      673      1737     807      1107     482      
21       706      653      1237     464      154      960      1209     539      962      426      774      885      437      748      1178     1276     1261     1269     1182     682      1006     0        722      1004     641      698      426      710      1408     514      1123     1393     1242     1006     473      689      1022     1296     220      134      546      
22       1298     1344     1493     1158     722      986      1576     192      1618     1104     1028     781      690      849      1893     1683     1661     1208     1449     1400     1607     722      0        1725     1289     701      565      219      1571     399      506      850      1343     1506     1171     1403     1743     865      930      587      1128     
23       812      450      1452     595      1020     1564     1265     1538     481      663      1345     1693     1211     1401     204      1231     1235     1838     1407     373      681      1004     1725     0        590      1457     1293     1702     1684     1449     2080     2292     1652     933      580      397      23       2141     796      1138     782      
24       929      154      919      212      574      974      779      1097     330      219      1290     1506     669      816      683      792      786      1250     868      527      374      641      1289     590      0        887      773      1330     1145     946      1562     1736     1080     473      215      569      596      1570     434      751      199      
25       1399     1009     793      873      562      305      899      575      1172     803      1408     1349     274      151      1570     1016     992      591      751      1250     1088     698      701      1457     887      0        281      875      873      332      732      852      654      908      890      1275     1468     684      765      638      688      
26       1132     863      978      697      308      572      1027     390      1093     631      1129     1098     124      372      1432     1127     1106     870      928      1037     1056     426      565      1293     773      281      0        685      1101     177      792      1007     899      941      713      1056     1307     884      534      357      590      
27       1182     1361     1653     1172     757      1172     1713     302      1659     1127     843      563      805      1015     1884     1812     1791     1412     1605     1355     1673     710      219      1702     1330     875      685      0        1749     548      705      1057     1527     1606     1182     1351     1722     1084     930      583      1191     
28       2002     1298     232      1287     1254     587      450      1448     1223     1236     2181     2199     1012     736      1692     546      527      495      277      1668     1035     1408     1571     1684     1145     873      1101     1749     0        1203     1456     1373     235      761      1301     1708     1682     1144     1347     1411     1019     
29       1207     1029     1105     856      435      636      1178     246      1268     792      1119     1021     299      467      1596     1284     1261     905      1058     1171     1234     514      399      1449     946      332      177      548      1203     0        631      879      986      1113     871      1186     1464     788      668      406      766      
30       1772     1656     1455     1486     1065     899      1606     613      1873     1421     1534     1262     893      871      2224     1729     1704     995      1424     1797     1811     1123     506      2080     1562     732      792      705      1456     631      0        353      1221     1640     1502     1809     2095     441      1297     996      1371     
31       2073     1850     1429     1698     1308     901      1617     930      2024     1629     1876     1615     1081     954      2416     1745     1719     880      1411     2044     1930     1393     850      2292     1736     852      1007     1057     1373     879      353      0        1152     1721     1714     2061     2305     229      1539     1277     1538     
32       1876     1234     303      1190     1088     357      532      1229     1220     1132     2007     1996     823      527      1689     653      629      290      309      1584     1050     1242     1343     1652     1080     654      899      1527     235      986      1221     1152     0        778      1205     1621     1653     923      1211     1228     924      
33       1402     604      530      673      886      836      332      1326     462      652      1731     1891     816      775      931      320      316      1024     492      986      275      1006     1506     933      473      908      941      1606     761      1113     1640     1721     778      0        681      1030     929      1516     843      1079     463      
34       725      180      1085     17       450      1041     970      980      499      86       1075     1307     634      855      727      996      987      1337     1031     381      585      473      1171     580      215      890      713      1182     1301     871      1502     1714     1205     681      0        417      594      1570     253      598      283      
35       438      426      1486     432      753      1451     1347     1227     681      496      950      1298     1004     1258     601      1351     1347     1752     1434     44       848      689      1403     397      569      1275     1056     1351     1708     1186     1809     2061     1621     1030     417      0        420      1938     521      822      697      
36       836      459      1450     609      1036     1571     1260     1556     474      676      1369     1716     1223     1409     180      1224     1229     1842     1405     396      673      1022     1743     23       596      1468     1307     1722     1682     1464     2095     2305     1653     929      594      420      0        2151     813      1156     790      
37       1995     1693     1203     1553     1192     686      1396     897      1842     1483     1859     1647     938      765      2253     1524     1498     651      1186     1917     1737     1296     865      2141     1570     684      884      1084     1144     788      441      229      923      1516     1570     1938     2151     0        1418     1194     1370     
38       666      433      1153     245      232      979      1086     742      747      215      889      1072     491      773      963      1137     1124     1288     1097     504      807      220      930      796      434      765      534      930      1347     668      1297     1539     1211     843      253      521      813      1418     0        349      382      
39       801      777      1256     588      193      922      1253     405      1078     543      779      821      405      714      1310     1331     1313     1225     1202     815      1107     134      587      1138     751      638      357      583      1411     406      996      1277     1228     1079     598      822      1156     1194     349      0        632      
40       992      334      806      269      441      784      711      937      503      219      1272     1432     478      619      882      755      743      1070     751      660      482      546      1128     782      199      688      590      1191     1019     766      1371     1538     924      463      283      697      790      1370     382      632      0        
;



Table delta(i,j)                 Distance
         0        1        2        3        4        5        6        7        8        9        10       11       12       13       14       15       16       17       18       19       20       21       22       23       24       25       26       27       28       29       30       31       32       33       34       35       36       37       38       39       40       
0        0        8250     7020     2430     8700     6810     2790     5640     5160     420      7470     4110     7380     11580    4860     6720     10650    8670     6360     3660     9150     3960     9750     9690     6630     4650     9390     9030     9870     6480     10680    5160     4560     3660     2820     9780     2640     8880     3480     5490     1020     
1        8250     0        204      302      340      56       183      153      225      263      277      140      330      239      135      319      155      360      66       164      372      143      368      337      106      391      42       214      242      124      108      157      190      185      191      325      211      95       346      222      284      
2        7020     204      0        199      136      155      198      271      68       219      73       190      132      158      226      128      163      157      156      136      168      158      164      136      99       262      213      68       95       81       205      80       83       118      218      127      239      140      226      57       216      
3        2430     302      199      0        221      247      145      252      130      76       191      181      174      357      217      152      346      216      235      137      231      162      254      259      222      90       334      267      291      211      363      163      131      119      155      265      158      297      45       141      46       
4        8700     340      136      221      0        290      295      388      140      279      63       303      49       227      343      70       275      28       289      241      33       270      35       45       235      237      348      156      153      216      332      199      180      212      315      60       332      271      223      134      260      
5        6810     56       155      247      290      0        140      145      169      215      226      101      276      224      112      264      154      309      15       111      321      94       320      291      56       336      87       178      209      74       132      101      134      130      152      280      174      87       291      167      233      
6        2790     183      198      145      295      140      0        108      157      84       240      43       261      331      72       241      282      303      125      61       318      49       330      317      149      234      222      256      288      151      272      120      119      84       20       314      42       219      190      164      112      
7        5640     153      271      252      388      145      108      0        249      184      328      85       359      369      45       341      297      400      133      148      415      118      422      403      187      339      194      313      346      199      261      192      208      178      97       396      101      231      296      253      215      
8        5160     225      68       130      140      169      157      249      0        158      83       163      112      227      204      97       223      151      163      101      165      131      174      160      122      197      245      137      161      105      254      68       41       73       177      159      195      187      159      11       151      
9        420      263      219      76       279      215      84       184      158      0        236      127      235      372      155      213      340      278      200      108      295      120      314      311      207      156      301      287      315      202      342      158      137      107      87       313      84       282      115      169      32       
10       7470     277      73       191      63       226      240      328      83       236      0        243      63       194      282      67       225      84       225      182      94       210      95       77       171      231      287      110      118      153      275      137      121      155      260      77       278      213      205      75       223      
11       4110     140      190      181      303      101      43       85       163      127      243      0        274      307      41       256      250      314      85       62       329      32       337      319      121      272      180      240      272      128      233      110      122      92       52       313      73       184      227      168      153      
12       7380     330      132      174      49       276      261      359      112      235      63       274      0        254      315      22       288      43       273      211      59       242      80       92       224      189      344      173      178      205      337      179      153      181      280      103      294      273      174      110      215      
13       11580    239      158      357      227      224      331      369      227      372      194      307      254      0        331      262      92       255      235      273      256      283      234      193      185      418      219      90       76       180      162      215      234      264      350      175      373      144      384      216      373      
14       4860     135      226      217      343      112      72       45       204      155      282      41       315      331      0        297      266      355      98       104      370      73       377      358      147      306      177      271      304      157      238      147      163      133      68       351      81       199      262      208      183      
15       6720     319      128      152      70       264      241      341      97       213      67       256      22       262      297      0        288      65       260      193      81       224      102      111      214      171      336      176      186      196      333      165      137      163      259      121      273      268      153      97       192      
16       10650    155      163      346      275      154      282      297      223      340      225      250      288      92       266      288      0        302      168      233      308      233      292      253      135      420      129      119      130      138      71       185      214      235      299      236      322      67       381      214      349      
17       8670     360      157      216      28       309      303      400      151      278      84       314      43       255      355      65       302      0        307      251      16       282      42       69       254      221      371      183      181      236      357      215      192      222      322      86       337      296      211      147      257      
18       6360     66       156      235      289      15       125      133      163      200      225      85       273      235      98       260      168      307      0        98       320      79       320      293      59       324      100      185      217      76       147      95       127      119      137      283      159      101      279      163      219      
19       3660     164      136      137      241      111      61       148      101      108      182      62       211      273      104      193      233      251      98       0        266      31       275      259      98       227      198      196      227      96       235      59       61       29       81       255      103      174      181      106      123      
20       9150     372      168      231      33       321      318      415      165      295      94       329      59       256      370      81       308      16       320      266      0        297      30       65       266      235      381      188      184      247      365      228      207      237      338      83       353      304      226      161      273      
21       3960     143      158      162      270      94       49       118      131      120      210      32       242      283      73       224      233      282      79       31       297      0        305      286      99       253      180      211      244      103      224      78       90       61       67       281      90       169      207      135      141      
22       9750     368      164      254      35       320      330      422      174      314      95       337      80       234      377      102      292      42       320      275      30       305      0        40       264      264      374      174      164      246      352      232      215      247      350      59       367      295      252      169      294      
23       9690     337      136      259      45       291      317      403      160      311      77       319      92       193      358      111      253      69       293      259      65       286      40       0        235      281      340      135      124      217      314      210      198      233      337      18       356      259      264      153      295      
24       6630     106      99       222      235      56       149      187      122      207      171      121      224      185      147      214      135      254      59       98       266      99       264      235      0        305      123      127      159      18       141      59       94       104      166      224      189      76       262      118      218      
25       4650     391      262      90       237      336      234      339      197      156      231      272      189      418      306      171      420      221      324      227      235      253      264      281      305      0        422      327      345      292      445      245      211      206      242      292      241      378      45       207      124      
26       9390     42       213      334      348      87       222      194      245      301      287      180      344      219      177      336      129      371      100      198      381      180      374      340      123      422      0        209      234      140      70       180      215      216      232      326      252      82       377      241      320      
27       9030     214      68       267      156      178      256      313      137      287      110      240      173      90       271      176      119      183      185      196      188      211      174      135      127      327      209      0        32       114      179      136      149      182      276      119      298      127      293      125      285      
28       9870     242      95       291      153      209      288      346      161      315      118      272      178      76       304      186      130      181      217      227      184      244      164      124      159      345      234      32       0        146      196      168      178      212      308      106      330      151      314      150      312      
29       6480     124      81       211      216      74       151      199      105      202      153      128      205      180      157      196      138      236      76       96       247      103      246      217      18       292      140      114      146      0        152      48       81       96       170      207      193      86       250      100      211      
30       10680    108      205      363      332      132      272      261      254      342      275      233      337      162      238      333      71       357      147      235      365      224      352      314      141      445      70       179      196      152      0        200      234      245      284      298      306      67       403      247      357      
31       5160     157      80       163      199      101      120      192      68       158      137      110      179      215      147      165      185      215      95       59       228      78       232      210      59       245      180      136      168      48       200      0        35       50       140      204      162      134      202      68       164      
32       4560     190      83       131      180      134      119      208      41       137      121      122      153      234      163      137      214      192      127      61       207      90       215      198      94       211      215      149      178      81       234      35       0        36       140      195      160      167      169      45       138      
33       3660     185      118      119      212      130      84       178      73       107      155      92       181      264      133      163      235      222      119      29       237      61       247      233      104      206      216      182      212      96       245      50       36       0        104      230      124      181      161      80       114      
34       2820     191      218      155      315      152      20       97       177      87       260      52       280      350      68       259      299      322      137      81       338      67       350      337      166      242      232      276      308      170      284      140      140      104      0        335      23       234      199      184      118      
35       9780     325      127      265      60       280      314      396      159      313      77       313      103      175      351      121      236      86       283      255      83       281      59       18       224      292      326      119      106      207      298      204      195      230      335      0        354      245      273      150      299      
36       2640     211      239      158      332      174      42       101      195      84       278      73       294      373      81       273      322      337      159      103      353      90       367      356      189      241      252      298      330      193      306      162      160      124      23       354      0        257      200      203      116      
37       8880     95       140      297      271      87       219      231      187      282      213      184      273      144      199      268      67       296      101      174      304      169      295      259      76       378      82       127      151      86       67       134      167      181      234      245      257      0        336      180      295      
38       3480     346      226      45       223      291      190      296      159      115      205      227      174      384      262      153      381      211      279      181      226      207      252      264      262      45       377      293      314      250      403      202      169      161      199      273      200      336      0        170      83       
39       5490     222      57       141      134      167      164      253      11       169      75       168      110      216      208      97       214      147      163      106      161      135      169      153      118      207      241      125      150      100      247      68       45       80       184      150      203      180      170      0        162      
40       1020     284      216      46       260      233      112      215      151      32       223      153      215      373      183      192      349      257      219      123      273      141      294      295      218      124      320      285      312      211      357      164      138      114      118      299      116      295      83       162      0        
;

