

sets
i        orders          /0*40/
k        routes          /1*40/
p        positions       /0*40/
;

alias(i,j)
alias(i,h)
alias(i,hh)
alias(i,jj)
alias(k,kk)
                            Parameters

rho(i)	Processing time
/
0	0
1	62
2	38
3	80
4	6
5	44
6	90
7	44
8	76
9	91
10	35
11	82
12	33
13	67
14	61
15	23
16	41
17	15
18	49
19	41
20	75
21	93
22	14
23	2
24	55
25	30
26	53
27	32
28	91
29	11
30	55
31	66
32	22
33	54
34	51
35	67
36	42
37	86
38	22
39	22
40	51
/

gamma(i)	Duedate
/
0	0
1	75
2	5
3	53
4	15
5	21
6	6
7	29
8	21
9	69
10	1
11	67
12	31
13	91
14	69
15	86
16	43
17	83
18	45
19	53
20	51
21	29
22	10
23	18
24	93
25	61
26	40
27	97
28	8
29	98
30	44
31	20
32	78
33	55
34	8
35	77
36	99
37	31
38	14
39	2
40	76
/

sigma(i)	Size
/
0	0
1	8
2	2
3	3
4	3
5	2
6	5
7	1
8	2
9	6
10	3
11	5
12	2
13	3
14	3
15	4
16	6
17	1
18	1
19	1
20	3
21	6
22	2
23	2
24	2
25	2
26	6
27	7
28	9
29	1
30	9
31	3
32	2
33	7
34	8
35	3
36	2
37	3
38	2
39	9
40	8
/

epsilon(i)	Priority
/
0	0
1	4
2	1
3	4
4	1
5	4
6	1
7	3
8	5
9	9
10	2
11	4
12	2
13	6
14	5
15	5
16	9
17	8
18	5
19	4
20	6
21	8
22	7
23	7
24	6
25	3
26	3
27	5
28	4
29	2
30	4
31	1
32	2
33	5
34	1
35	9
36	8
37	3
38	2
39	1
40	5
/

psi	Vehicle Capacity
/ 133 /
;

Table kappa(i,j)                 Setup
         0        1        2        3        4        5        6        7        8        9        10       11       12       13       14       15       16       17       18       19       20       21       22       23       24       25       26       27       28       29       30       31       32       33       34       35       36       37       38       39       40       
0        0        249      1229     452      1414     1286     1754     1064     1386     1755     1629     1077     1839     1775     532      542      774      74       556      635      748      2125     1608     1952     828      1169     1485     732      1528     1596     1222     982      1540     360      1335     1141     1966     956      932      778      1827     
1        249      0        986      238      1353     1232     1510     932      1147     1521     1426     1106     1590     1595     319      299      700      275      346      507      764      1901     1527     1828     843      990      1238     554      1286     1545     973      990      1468     111      1107     1108     1769     750      930      534      1603     
2        1229     986      0        883      1323     1269     760      811      176      557      665      1470     649      929      717      746      973      1261     848      819      1237     967      1359     1401     1271     591      268      651      301      1499     216      1333     1359     881      256      1268     982      438      1270     568      686      
3        452      238      883      0        1502     1388     1313     1031     1056     1438     1414     1313     1438     1615     383      138      862      447      108      642      973      1838     1656     1913     1049     1030     1113     627      1182     1698     823      1189     1607     169      1052     1280     1760     758      1125     350      1545     
4        1414     1353     1323     1502     0        129      2078     533      1315     1433     1010     533      1855     898      1124     1425     653      1487     1572     860      707      1547     224      672      640      732      1515     903      1431     197      1515     514      136      1347     1145     293      1158     940      528      1491     1339     
5        1286     1232     1269     1388     129      0        2029     461      1278     1429     1023     429      1830     945      1014     1317     532      1360     1461     745      578      1578     347      782      513      688      1477     803      1402     313      1452     392      264      1231     1111     167      1206     866      401      1395     1352     
6        1754     1510     760      1313     2078     2029     0        1572     773      871      1252     2219     417      1522     1345     1212     1711     1759     1225     1526     1961     1203     2094     2058     2005     1345     577      1368     694      2248     607      2081     2104     1400     943      2028     1457     1189     2016     975      1064     
7        1064     932      811      1031     533      461      1572     0        836      1047     712      701      1398     759      649      934      344      1132     1084     431      588      1283     637      895      580      259      1032     404      971      726      991      579      605      896      677      462      994      407      529      968      1014     
8        1386     1147     176      1056     1315     1278     773      836      0        382      531      1524     564      804      863      918      1052     1422     1023     927      1322     790      1321     1309     1348     589      200      759      151      1479     351      1392     1334     1044     170      1299     826      520      1332     745      511      
9        1755     1521     557      1438     1433     1429     871      1047     382      0        444      1748     497      684      1226     1300     1329     1795     1405     1247     1601     417      1378     1235     1611     789      401      1086     278      1564     691      1626     1415     1421     429      1491     585      837      1575     1124     193      
10       1629     1426     665      1414     1010     1023     1252     712      531      444      0        1383     925      275      1107     1280     1041     1683     1415     1031     1299     572      937      808      1292     487      689      900      559      1127     873      1276     979      1346     411      1110     346      676      1234     1173     329      
11       1077     1106     1470     1313     533      429      2219     701      1524     1748     1383     0        2089     1349     995      1283     516      1149     1407     734      342      1953     755      1205     264      961      1713     866      1665     638      1615     139      665      1144     1373     284      1608     1032     206      1427     1702     
12       1839     1590     649      1438     1855     1830     417      1398     564      497      925      2089     0        1179     1354     1313     1611     1860     1372     1468     1879     788      1833     1728     1908     1145     383      1300     428      2006     617      1956     1858     1480     721      1861     1075     1074     1896     1088     681      
13       1775     1595     929      1615     898      945      1522     759      804      684      275      1349     1179     0        1277     1486     1103     1835     1629     1148     1334     662      772      550      1311     606      964      1046     833      973      1142     1263     833      1527     673      1065     261      858      1233     1406     523      
14       532      319      717      383      1124     1014     1345     649      863      1226     1107     995      1354     1277     0        303      503      579      447      273      673      1593     1273     1536     739      675      982      248      1010     1322     757      861      1226     254      803      919      1450     431      794      437      1295     
15       542      299      746      138      1425     1317     1212     934      918      1300     1280     1283     1313     1486     303      0        804      552      151      576      950      1699     1567     1803     1022     910      980      530      1046     1623     696      1153     1523     192      913      1222     1626     632      1087     236      1407     
16       774      700      973      862      653      532      1711     344      1052     1329     1041     516      1611     1103     503      804      0        846      943      230      272      1605     836      1186     297      558      1229     350      1200     845      1104     377      772      701      918      418      1336     537      310      921      1325     
17       74       275      1261     447      1487     1360     1759     1132     1422     1795     1683     1149     1860     1835     579      552      846      0        545      701      821      2170     1681     2021     902      1229     1512     790      1561     1670     1242     1055     1613     381      1378     1216     2022     1007     1006     787      1873     
18       556      346      848      108      1572     1461     1225     1084     1023     1405     1415     1407     1372     1629     447      151      943      545      0        717      1069     1812     1716     1953     1143     1059     1062     680      1141     1769     764      1280     1672     269      1036     1361     1760     779      1215     288      1524     
19       635      507      819      642      860      745      1526     431      927      1247     1031     734      1468     1148     273      576      230      701      717      0        436      1568     1022     1325     489      549      1085     168      1078     1056     920      597      968      488      819      645      1355     412      529      694      1276     
20       748      764      1237     973      707      578      1961     588      1322     1601     1299     342      1879     1334     673      950      272      821      1069     436      0        1868     923      1332     81       824      1496     593      1471     870      1354     234      842      803      1191     416      1578     804      187      1111     1591     
21       2125     1901     967      1838     1547     1578     1203     1283     790      417      572      1953     788      662      1593     1699     1605     2170     1812     1568     1868     0        1434     1161     1863     1047     814      1420     695      1635     1108     1848     1493     1806     793      1676     428      1176     1806     1535     297      
22       1608     1527     1359     1656     224      347      2094     637      1321     1378     937      755      1833     772      1273     1567     836      1681     1716     1022     923      1434     0        455      860      774      1519     1037     1420     202      1564     738      91       1509     1151     514      1022     1023     749      1605     1259     
23       1952     1828     1401     1913     672      782      2058     895      1309     1235     808      1205     1728     550      1536     1803     1186     2021     1953     1325     1332     1161     455      0        1278     903      1487     1288     1363     629      1618     1173     546      1788     1154     947      733      1187     1173     1784     1071     
24       828      843      1271     1049     640      513      2005     580      1348     1611     1292     264      1908     1311     739      1022     297      902      1143     489      81       1863     860      1278     0        826      1526     637      1495     797      1398     153      776      880      1210     347      1559     835      113      1175     1593     
25       1169     990      591      1030     732      688      1345     259      589      789      487      961      1145     606      675      910      558      1229     1059     549      824      1047     774      903      826      0        788      439      717      908      791      837      769      927      424      716      805      284      785      880      767      
26       1485     1238     268      1113     1515     1477     577      1032     200      401      689      1713     383      964      982      980      1229     1512     1062     1085     1496     814      1519     1487     1526     788      0        916      136      1679     306      1579     1533     1131     370      1495     943      691      1518     774      578      
27       732      554      651      627      903      803      1368     404      759      1086     900      866      1300     1046     248      530      350      790      680      168      593      1420     1037     1288     637      439      916      0        910      1101     761      727      995      501      657      733      1235     249      660      593      1125     
28       1528     1286     301      1182     1431     1402     694      971      151      278      559      1665     428      833      1010     1046     1200     1561     1141     1078     1471     695      1420     1363     1495     717      136      910      0        1587     413      1534     1439     1182     294      1433     806      670      1476     857      445      
29       1596     1545     1499     1698     197      313      2248     726      1479     1564     1127     638      2006     973      1322     1623     845      1670     1769     1056     870      1635     202      629      797      908      1679     1101     1587     0        1697     656      148      1543     1308     456      1225     1130     684      1688     1452     
30       1222     973      216      823      1515     1452     607      991      351      691      873      1615     617      1142     757      696      1104     1242     764      920      1354     1108     1564     1618     1398     791      306      761      413      1697     0        1476     1560     863      470      1435     1177     592      1411     476      849      
31       982      990      1333     1189     514      392      2081     579      1392     1626     1276     139      1956     1263     861      1153     377      1055     1280     597      234      1848     738      1173     153      837      1579     727      1534     656      1476     0        651      1020     1243     226      1518     895      67       1291     1589     
32       1540     1468     1359     1607     136      264      2104     605      1334     1415     979      665      1858     833      1226     1523     772      1613     1672     968      842      1493     91       546      776      769      1533     995      1439     148      1560     651      0        1456     1163     430      1088     1003     665      1573     1305     
33       360      111      881      169      1347     1231     1400     896      1044     1421     1346     1144     1480     1527     254      192      701      381      269      488      803      1806     1509     1788     880      927      1131     501      1182     1543     863      1020     1456     0        1013     1117     1691     672      957      425      1510     
34       1335     1107     256      1052     1145     1111     943      677      170      429      411      1373     721      673      803      913      918      1378     1036     819      1191     793      1151     1154     1210     424      370      657      294      1308     470      1243     1163     1013     0        1139     739      408      1186     776      497      
35       1141     1108     1268     1280     293      167      2028     462      1299     1491     1110     284      1861     1065     919      1222     418      1216     1361     645      416      1676     514      947      347      716      1495     733      1433     456      1435     226      430      1117     1139     0        1325     843      235      1324     1433     
36       1966     1769     982      1760     1158     1206     1457     994      826      585      346      1608     1075     261      1450     1626     1336     2022     1760     1355     1578     428      1022     733      1559     805      943      1235     806      1225     1177     1518     1088     1691     739      1325     0        1020     1486     1513     394      
37       956      750      438      758      940      866      1189     407      520      837      676      1032     1074     858      431      632      537      1007     779      412      804      1176     1023     1187     835      284      691      249      670      1130     592      895      1003     672      408      843      1020     0        832      598      879      
38       932      930      1270     1125     528      401      2016     529      1332     1575     1234     206      1896     1233     794      1087     310      1006     1215     529      187      1806     749      1173     113      785      1518     660      1476     684      1411     67       665      957      1186     235      1486     832      0        1224     1543     
39       778      534      568      350      1491     1395     975      968      745      1124     1173     1427     1088     1406     437      236      921      787      288      694      1111     1535     1605     1784     1175     880      774      593      857      1688     476      1291     1573     425      776      1324     1513     598      1224     0        1252     
40       1827     1603     686      1545     1339     1352     1064     1014     511      193      329      1702     681      523      1295     1407     1325     1873     1524     1276     1591     297      1259     1071     1593     767      578      1125     445      1452     849      1589     1305     1510     497      1433     394      879      1543     1252     0        
;



Table delta(i,j)                 Distance
         0        1        2        3        4        5        6        7        8        9        10       11       12       13       14       15       16       17       18       19       20       21       22       23       24       25       26       27       28       29       30       31       32       33       34       35       36       37       38       39       40       
0        0        98       95       69       90       80       33       109      54       105      94       170      160      138      119      148      81       79       95       55       43       41       158      54       107      90       78       154      44       126      185      132      90       43       94       128      106      169      99       75       178      
1        98       0        17       77       33       176      130      112      65       129      164      198      186      129      21       173      93       30       153      59       122      110      124      143      46       7        134      142      71       43       114      48       184      140      189      136      181      173      53       111      113      
2        95       17       0        63       48       170      126      95       72       113      152      181      170      111      31       156      77       18       140      48       114      100      107      135      29       16       121      125      62       33       102      39       177      138      182      119      170      155      36       97       100      
3        69       77       63       0        95       123      86       45       88       54       90       125      113      72       94       100      17       46       77       25       62       48       89       85       54       71       58       88       26       80       123      84       126      108      132      68       109      109      41       34       113      
4        90       33       48       95       0        171      124      136      42       149      171      219      208      156      45       194      112      53       164      71       125      114      155      142      78       32       145      171      80       76       147      81       180      127      185      160      187      199      82       125      146      
5        80       176      170      123      171      0        46       142      132      124      68       162      157      170      197      150      124      153      85       123      60       74       201      37       174      169      84       183      109      198      245      203      13       52       15       150      63       182      163      103      235      
6        33       130      126      86       124      46       0        117      87       106      73       161      153      146      151      143      92       108      81       80       31       40       172      26       133      123      69       161      67       154      208      160      56       26       61       131      81       169      123      78       199      
7        109      112      95       45       136      142      117      0        133      25       89       86       74       30       124      60       28       84       69       70       87       76       58       106      73       108      60       45       70       98       113      101      141      142      148      24       107      64       61       39       100      
8        54       65       72       88       42       132      87       133      0        139      145      209      198      159      83       185      105      65       142      63       95       88       167      108      97       59       123      174      64       105      174      111      143      86       147      156      159      197      95       111      171      
9        105      129      113      54       149      124      106      25       139      0        66       70       59       46       143      46       37       99       46       79       75       67       80       91       95       124      40       58       75       121      138      124      122      132      128      25       83       63       82       30       125      
10       94       164      152      90       171      68       73       89       145      66       0        94       89       112      182      82       82       134      20       105      51       57       146      48       144      157      32       122      93       170      201      174      61       97       66       88       18       116      131      58       189      
11       170      198      181      125      219      162      161      86       209      70       94       0        11       81       210      25       107      169      80       150      131      129      112      138      159      193      92       77       145      183      178      184      154      187      159      63       101      46       147      98       164      
12       160      186      170      113      208      157      153      74       198      59       89       11       0        70       199      13       96       157      73       138      123      120      102      131      147      182      84       67       134      171      168      173      150      179      155      51       97       39       136      87       153      
13       138      129      111      72       156      170      146      30       159      46       112      81       70       0        137      58       57       103      92       96       116      106      36       135      84       125      86       15       98       105      99       106      168      172      174      25       129      44       75       69       85       
14       119      21       31       94       45       197      151      124      83       143      182      210      199      137      0        185      108      48       171      78       143      130      126      164      52       28       152      149      91       37       105      40       204      161      210      147      200      181      63       128      106      
15       148      173      156      100      194      150      143      60       185      46       82       25       13       58       185      0        82       143      65       125      112      108      92       122      134      168      73       58       120      158      157      160      143      169      149      38       93       36       122      74       143      
16       81       93       77       17       112      124      92       28       105      37       82       107      96       57       108      82       0        62       66       43       65       52       79       86       62       87       50       73       42       89       122      93       125      116      131      51       101      92       49       23       111      
17       79       30       18       46       53       153      108      84       65       99       134      169      157      103      48       143      62       0        123      30       96       82       105      118      32       24       104      118      44       47       111      52       159      122      165      108      152      146      31       80       106      
18       95       153      140      77       164      85       81       69       142      46       20       80       73       92       171      65       66       123      0        95       53       55       126      58       129      146      19       102      84       155      182      159      80       107      85       68       37       97       115      43       170      
19       55       59       48       25       71       123      80       70       63       79       105      150      138      96       78       125      43       30       95       0        65       52       108      87       52       52       75       112      13       74       130      80       128      97       134      93       122      134      44       54       123      
20       43       122      114      62       125      60       31       87       95       75       51       131      123      116      143      112      65       96       53       65       0        14       144      22       115      115      39       130      52       139      185      144      63       57       70       100      64       138      103      47       175      
21       41       110      100      48       114      74       40       76       88       67       57       129      120      106      130      108      52       82       55       52       14       0        132      36       100      102      37       121      38       125      171      130      78       66       84       91       73       131      89       38       161      
22       158      124      107      89       155      201      172      58       167      80       146      112      102      36       126      92       79       105      126      108      144      132      0        164      77       123      118      35       115      90       65       89       200      196      206      61       164      69       73       97       51       
23       54       143      135      85       142      37       26       106      108      91       48       138      131      135      164      122      86       118      58       87       22       36       164      0        137      135      51       148      73       161      208      166      41       49       47       116      54       152      126      67       197      
24       107      46       29       54       78       174      133      73       97       95       144      159      147      84       52       134      62       32       129      52       115      100      77       137      0        45       111      97       65       26       79       30       178      150      185      96       162      129      13       85       74       
25       90       7        16       71       32       169      123      108      59       124      157      193      182      125      28       168      87       24       146      52       115      102      123      135      45       0        127      140      64       46       117      51       176      132      182      132      174      169      51       104      115      
26       78       134      121      58       145      84       69       60       123      40       32       92       84       86       152      73       50       104      19       75       39       37       118      51       111      127      0        98       65       138      170      142      81       96       88       65       51       101      98       26       158      
27       154      142      125      88       171      183      161      45       174      58       122      77       67       15       149      58       73       118      102      112      130      121      35       148      97       140      98       0        114      116      101      116      180      187      186      33       138      34       89       83       86       
28       44       71       62       26       80       109      67       70       64       75       93       145      134      98       91       120      42       44       84       13       52       38       115      73       65       64       65       114      0        88       142      93       115      85       121      92       110      134      56       47       134      
29       126      43       33       80       76       198      154      98       105      121      170      183      171      105      37       158      89       47       155      74       139      125      90       161      26       46       138      116      88       0        71       5        203      169      209      119      189      149      39       112      70       
30       185      114      102      123      147      245      208      113      174      138      201      178      168      99       105      157      122      111      182      130      185      171      65       208      79       117      170      101      142      71       0        66       247      228      254      123      219      134      86       145      14       
31       132      48       39       84       81       203      160      101      111      124      174      184      173      106      40       160      93       52       159      80       144      130      89       166      30       51       142      116      93       5        66       0        208      175      214      121      193      150      43       116      66       
32       90       184      177      126      180      13       56       141      143      122      61       154      150      168      204      143      125      159      80       128      63       78       200      41       178      176      81       180      115      203      247      208      0        65       6        146      53       177      167      103      236      
33       43       140      138      108      127      52       26       142      86       132      97       187      179      172      161      169      116      122      107      97       57       66       196      49       150      132      96       187      85       169      228      175      65       0        67       157      102      196      141      104      220      
34       94       189      182      132      185      15       61       148      147      128      66       159      155      174      210      149      131      165      85       134      70       84       206      47       185      182      88       186      121      209      254      214      6        67       0        153      58       182      173      110      243      
35       128      136      119      68       160      150      131      24       156      25       88       63       51       25       147      38       51       108      68       93       100      91       61       116      96       132      65       33       92       119      123      121      146      157      153      0        105      41       84       53       109      
36       106      181      170      109      187      63       81       107      159      83       18       101      97       129      200      93       101      152      37       122      64       73       164      54       162      174      51       138      110      189      219      193      53       102      58       105      0        128      149      77       207      
37       169      173      155      109      199      182      169      64       197      63       116      46       39       44       181      36       92       146      97       134      138      131      69       152      129      169      101      34       134      149      134      150      177      196      182      41       128      0        119      93       120      
38       99       53       36       41       82       163      123      61       95       82       131      147      136      75       63       122      49       31       115      44       103      89       73       126      13       51       98       89       56       39       86       43       167      141      173      84       149      119      0        72       79       
39       75       111      97       34       125      103      78       39       111      30       58       98       87       69       128      74       23       80       43       54       47       38       97       67       85       104      26       83       47       112      145      116      103      104      110      53       77       93       72       0        133      
40       178      113      100      113      146      235      199      100      171      125      189      164      153      85       106      143      111      106      170      123      175      161      51       197      74       115      158      86       134      70       14       66       236      220      243      109      207      120      79       133      0        
;

