

sets
i        orders          /0*40/
k        routes          /1*40/
p        positions       /0*40/
;

alias(i,j)
alias(i,h)
alias(i,hh)
alias(i,jj)
alias(k,kk)
                            Parameters

rho(i)	Processing time
/
0	0
1	64
2	85
3	86
4	94
5	9
6	33
7	38
8	88
9	76
10	99
11	38
12	39
13	37
14	12
15	53
16	45
17	13
18	29
19	21
20	74
21	3
22	22
23	47
24	2
25	50
26	35
27	11
28	81
29	29
30	77
31	36
32	77
33	28
34	91
35	99
36	45
37	39
38	29
39	20
40	56
/

gamma(i)	Duedate
/
0	0
1	43
2	79
3	68
4	21
5	57
6	48
7	41
8	10
9	73
10	66
11	36
12	17
13	9
14	50
15	99
16	87
17	61
18	88
19	88
20	25
21	88
22	12
23	19
24	59
25	45
26	92
27	60
28	84
29	26
30	63
31	73
32	35
33	17
34	1
35	76
36	76
37	20
38	84
39	75
40	3
/

sigma(i)	Size
/
0	0
1	4
2	5
3	5
4	2
5	8
6	6
7	7
8	2
9	2
10	6
11	4
12	7
13	7
14	3
15	3
16	7
17	4
18	1
19	4
20	4
21	2
22	7
23	5
24	1
25	2
26	1
27	4
28	4
29	2
30	4
31	9
32	4
33	1
34	8
35	9
36	6
37	8
38	8
39	2
40	6
/

epsilon(i)	Priority
/
0	0
1	6
2	8
3	3
4	5
5	9
6	1
7	5
8	5
9	7
10	7
11	6
12	8
13	3
14	2
15	8
16	9
17	2
18	8
19	2
20	5
21	3
22	3
23	7
24	4
25	4
26	4
27	7
28	5
29	2
30	6
31	4
32	6
33	7
34	6
35	4
36	6
37	7
38	4
39	1
40	8
/

psi	Vehicle Capacity
/ 80 /
;

Table kappa(i,j)                 Setup
         0        1        2        3        4        5        6        7        8        9        10       11       12       13       14       15       16       17       18       19       20       21       22       23       24       25       26       27       28       29       30       31       32       33       34       35       36       37       38       39       40       
0        0        1940     106      1821     972      864      1293     767      1849     1377     963      1170     701      940      1290     233      573      956      756      121      1461     1104     1797     729      479      1492     696      502      949      241      745      557      461      806      1328     1002     1581     1540     1839     323      1684     
1        1940     0        1869     852      1952     1826     1780     1361     248      663      2211     777      1802     1012     1752     2059     1581     2389     1744     1932     1443     1759     173      1752     1714     1481     2408     1973     1120     1874     2297     1740     1595     1818     671      1929     924      1952     783      1695     358      
2        106      1869     0        1792     1033     767      1333     664      1788     1291     1046     1105     752      861      1328     336      584      1051     800      207      1473     1145     1722     773      511      1506     801      579      916      305      844      455      462      858      1272     909      1556     1586     1806     330      1625     
3        1821     852      1792     0        1414     2088     1111     1567     605      1128     1695     855      1385     1150     1084     1842     1289     1906     1309     1760     712      1167     905      1328     1423     737      2049     1632     876      1658     1886     1875     1370     1352     657      2230     248      1210     73       1505     564      
4        972      1952     1033     1414     0        1755     410      1421     1758     1665     281      1272     294      1269     424      811      573      496      283      852      764      259      1877     299      551      769      733      485      873      732      534      1432     680      197      1293     1909     1180     601      1467     747      1603     
5        864      1826     767      2088     1755     0        1983     520      1848     1163     1806     1241     1461     939      1971     1096     1214     1819     1489     974      2008     1810     1654     1467     1204     2050     1548     1338     1302     1061     1610     324      1089     1564     1444     159      1899     2248     2075     1007     1717     
6        1293     1780     1333     1111     410      1983     0        1570     1558     1634     663      1220     598      1314     28       1173     773      881      536      1181     405      189      1739     564      821      394      1144     855      848      1054     944      1670     902      498      1175     2141     906      266      1174     1011     1421     
7        767      1361     664      1567     1421     520      1570     0        1352     711      1543     721      1134     419      1554     976      848      1615     1139     829      1534     1416     1194     1122     892      1578     1436     1103     809      856      1431     381      746      1224     925      664      1382     1836     1555     725      1212     
8        1849     248      1788     605      1758     1848     1558     1352     0        713      2025     683      1633     963      1530     1944     1435     2212     1569     1827     1207     1552     322      1579     1573     1244     2262     1825     966      1756     2136     1720     1467     1637     527      1967     682      1718     537      1579     167      
9        1377     663      1291     1128     1665     1163     1634     711      713      0        1877     415      1439     449      1610     1537     1163     2015     1403     1396     1420     1545     491      1400     1274     1466     1947     1535     801      1368     1878     1093     1131     1490     522      1268     1039     1867     1087     1194     617      
10       963      2211     1046     1695     281      1806     663      1543     2025     1877     0        1502     438      1457     681      757      727      219      476      843      1040     537      2126     476      652      1041     525      468      1108     745      323      1484     802      395      1544     1953     1460     794      1748     824      1866     
11       1170     777      1105     855      1272     1241     1220     721      683      415      1502     0        1071     303      1195     1281     820      1659     1026     1156     1015     1136     652      1027     948      1061     1641     1210     399      1097     1544     1062     821      1108     203      1379     701      1453     837      917      523      
12       701      1802     752      1385     294      1461     598      1134     1633     1439     438      1071     0        1019     598      577      293      588      79       585      841      408      1707     57       257      861      664      272      685      460      508      1138     389      106      1131     1616     1138     840      1427     454      1469     
13       940      1012     861      1150     1269     939      1314     419      963      449      1457     303      1019     0        1293     1090     732      1581     994      951      1194     1191     861      987      834      1240     1498     1091     474      919      1435     762      686      1082     506      1080     974      1568     1136     745      812      
14       1290     1752     1328     1084     424      1971     28       1554     1530     1610     681      1195     598      1293     0        1175     764      900      534      1179     379      191      1711     562      816      370      1157     859      825      1052     958      1660     893      501      1148     2130     878      281      1146     1004     1393     
15       233      2059     336      1842     811      1096     1173     976      1944     1537     757      1281     577      1090     1175     0        553      729      647      147      1398     984      1927     619      424      1423     465      326      998      189      516      790      482      675      1416     1231     1596     1404     1870     364      1776     
16       573      1581     584      1289     573      1214     773      848      1435     1163     727      820      293      732      764      553      0        852      290      487      889      596      1470     274      138      922      828      392      470      373      724      898      129      375      914      1372     1042     1036     1317     254      1268     
17       956      2389     1051     1906     496      1819     881      1615     2212     2015     219      1659     588      1581     900      729      852      0        644      844      1259     755      2296     637      750      1260     373      512      1274     772      215      1504     901      575      1718     1957     1668     999      1957     890      2051     
18       756      1744     800      1309     283      1489     536      1139     1569     1403     476      1026     79       994      534      647      290      644      0        644      763      347      1654     28       291      784      741      350      633      518      580      1168     403      88       1074     1645     1062     786      1352     488      1407     
19       121      1932     207      1760     852      974      1181     829      1827     1396     843      1156     585      951      1179     147      487      844      644      0        1366     991      1796     617      377      1395     609      381      899      126      638      660      390      690      1301     1115     1517     1425     1783     256      1660     
20       1461     1443     1473     712      764      2008     405      1534     1207     1420     1040     1015     841      1194     379      1398     889      1259     763      1366     0        505      1428     790      988      46       1474     1114     729      1242     1286     1722     1011     770      912      2166     530      511      778      1144     1089     
21       1104     1759     1145     1167     259      1810     189      1416     1552     1545     537      1136     408      1191     191      984      596      755      347      991      505      0        1700     374      634      510      981      668      744      865      786      1494     723      310      1122     1968     940      442      1223     826      1404     
22       1797     173      1722     905      1877     1654     1739     1194     322      491      2126     652      1707     861      1711     1927     1470     2296     1654     1796     1428     1700     0        1659     1599     1469     2293     1861     1022     1745     2192     1574     1473     1731     583      1756     931      1929     842      1566     351      
23       729      1752     773      1328     299      1467     564      1122     1579     1400     476      1027     57       987      562      619      274      637      28       617      790      374      1659     0        266      811      721      324      637      490      564      1145     383      101      1081     1622     1081     813      1370     464      1416     
24       479      1714     511      1423     551      1204     821      892      1573     1274     652      948      257      834      816      424      138      750      291      377      988      634      1599     266      0        1017     694      263      608      254      603      881      151      360      1049     1359     1175     1076     1453     197      1405     
25       1492     1481     1506     737      769      2050     394      1578     1244     1466     1041     1061     861      1240     370      1423     922      1260     784      1395     46       510      1469     811      1017     0        1486     1134     774      1271     1295     1762     1045     786      957      2208     564      478      804      1177     1128     
26       696      2408     801      2049     733      1548     1144     1436     2262     1947     525      1641     664      1498     1157     465      828      373      741      609      1474     981      2293     721      694      1486     0        436      1296     589      203      1251     822      710      1742     1674     1802     1311     2090     754      2095     
27       502      1973     579      1632     485      1338     855      1103     1825     1535     468      1210     272      1091     859      326      392      512      350      381      1114     668      1861     324      263      1134     436      0        859      277      344      1016     404      359      1305     1485     1384     1079     1669     378      1658     
28       949      1120     916      876      873      1302     848      809      966      801      1108     399      685      474      825      998      470      1274     633      899      729      744      1022     637      608      774      1296     859      0        810      1177     1042     516      713      448      1457     644      1097     891      643      799      
29       241      1874     305      1658     732      1061     1054     856      1756     1368     745      1097     460      919      1052     189      373      772      518      126      1242     865      1745     490      254      1271     589      277      810      0        577      739      293      565      1228     1207     1412     1300     1684     179      1588     
30       745      2297     844      1886     534      1610     944      1431     2136     1878     323      1544     508      1435     958      516      724      215      580      638      1286     786      2192     564      603      1295     203      344      1177     577      0        1298     748      534      1626     1747     1641     1107     1930     714      1971     
31       557      1740     455      1875     1432     324      1670     381      1720     1093     1484     1062     1138     762      1660     790      898      1504     1168     660      1722     1494     1574     1145     881      1762     1251     1016     1042     739      1298     0        771      1241     1260     477      1668     1935     1872     684      1573     
32       461      1595     462      1370     680      1089     902      746      1467     1131     802      821      389      686      893      482      129      901      403      390      1011     723      1473     383      151      1045     822      404      516      293      748      771      0        484      940      1246     1127     1165     1394     138      1300     
33       806      1818     858      1352     197      1564     498      1224     1637     1490     395      1108     106      1082     501      675      375      575      88       690      770      310      1731     101      360      786      710      359      713      565      534      1241     484      0        1150     1719     1108     735      1398     558      1477     
34       1328     671      1272     657      1293     1444     1175     925      527      522      1544     203      1131     506      1148     1416     914      1718     1074     1301     912      1122     583      1081     1049     957      1742     1305     448      1228     1626     1260     940      1150     0        1581     524      1386     635      1052     359      
35       1002     1929     909      2230     1909     159      2141     664      1967     1268     1953     1379     1616     1080     2130     1231     1372     1957     1645     1115     2166     1968     1756     1622     1359     2208     1674     1485     1457     1207     1747     477      1246     1719     1581     0        2047     2407     2215     1162     1842     
36       1581     924      1556     248      1180     1899     906      1382     682      1039     1460     701      1138     974      878      1596     1042     1668     1062     1517     530      940      931      1081     1175     564      1802     1384     644      1412     1641     1668     1127     1108     524      2047     0        1041     289      1263     580      
37       1540     1952     1586     1210     601      2248     266      1836     1718     1867     794      1453     840      1568     281      1404     1036     999      786      1425     511      442      1929     813      1076     478      1311     1079     1097     1300     1107     1935     1165     735      1386     2407     1041     0        1279     1269     1596     
38       1839     783      1806     73       1467     2075     1174     1555     537      1087     1748     837      1427     1136     1146     1870     1317     1957     1352     1783     778      1223     842      1370     1453     804      2090     1669     891      1684     1930     1872     1394     1398     635      2215     289      1279     0        1527     507      
39       323      1695     330      1505     747      1007     1011     725      1579     1194     824      917      454      745      1004     364      254      890      488      256      1144     826      1566     464      197      1177     754      378      643      179      714      684      138      558      1052     1162     1263     1269     1527     0        1412     
40       1684     358      1625     564      1603     1717     1421     1212     167      617      1866     523      1469     812      1393     1776     1268     2051     1407     1660     1089     1404     351      1416     1405     1128     2095     1658     799      1588     1971     1573     1300     1477     359      1842     580      1596     507      1412     0        
;



Table delta(i,j)                 Distance
         0        1        2        3        4        5        6        7        8        9        10       11       12       13       14       15       16       17       18       19       20       21       22       23       24       25       26       27       28       29       30       31       32       33       34       35       36       37       38       39       40       
0        0        85       48       93       106      34       36       36       118      67       79       83       74       115      50       88       92       114      104      68       62       115      70       80       26       106      120      43       135      129      79       46       131      68       62       143      83       78       107      137      47       
1        85       0        85       17       45       100      83       117      190      130      164      129      97       114      123      34       22       78       175      153      23       198      100      60       74       166      43       71       133      43       80       39       135      112      139      147      162      101      26       114      61       
2        48       85       0        84       84       82       12       78       106      46       97       45       26       67       45       70       102      77       91       92       70       122      23       110      23       80       129      82       87       126      36       56       83       28       106      95       83       30       98       92       82       
3        93       17       84       0        29       112      84       127      191      130      170      126      92       103      126      21       37       63       176      160      36       202      95       77       78       164      52       85       121      41       71       48       123      109      150      134      165      95       14       100      75       
4        106      45       84       29       0        131      88       142      188      129      178      118      82       82       128      18       66       36       173      170      60       206      87       106      85       157      76       108      98       57       59       66       101      103      168      112      167      85       30       73       99       
5        34       100      82       112      131      0        70       25       137      95       83       115      109      149      76       113      99       145      125      69       76       122      105      70       60       132      126      33       170      141      113      65       166      102      39       178      98       113      125      170      43       
6        36       83       12       84       88       70       0        67       107      47       90       53       38       79       41       72       98       86       92       84       65       119      35       102      13       84       125      72       99       125      46       50       95       36       94       107      80       42       99       103      72       
7        36       117      78       127      142      25       67       0        114      78       57       102      104      145      58       124      120      150      102      44       93       97       99       95       61       113      147      56       165      160      113      79       160      92       27       171      75       107      141      170      65       
8        118      190      106      191      188      137      107      114      0        60       67       72       107      134      68       176      204      171      15       78       172      47       101      198      116      36       232      160      142      232      131      155      134      84       125      138      39       106      204      167      165      
9        67       130      46       130      129      95       47       78       60       0        66       27       52       88       20       116      145      116      45       67       113      81       45       145      58       39       173      110      102      171      73       96       95       28       101      104      42       52       144      120      113      
10       79       164      97       170      178      83       90       57       67       66       0        93       115      154      54       162      172      175      61       13       141      39       108      152      93       82       200      113      169      208      132      125      162      93       61       171      32       116      185      185      121      
11       83       129      45       126      118      115      53       102      72       27       93       0        36       63       45       108      147      99       59       94       116      104      30       155      66       39       173      123      76       167      59       101      68       17       126      77       67       34       138      96       125      
12       74       97       26       92       82       109      38       104      107      52       115      36       0        41       61       73       117      64       93       111      88       133      7        132      50       75       141      108      61       132      23       76       56       23       131      68       94       4        104      70       106      
13       115      114      67       103      82       149      79       145      134      88       154      63       41       0        100      82       136      49       122      152      112      168      47       161      88       98       155      143      21       139      39       105      20       60       173      32       130      39       111      33       140      
14       50       123      45       126      128      76       41       58       68       20       54       45       61       100      0        113      136      121      54       51       103      77       54       130      49       56       164      93       117      166      79       86       111      40       81       120      39       62       140      131      97       
15       88       34       70       21       18       113      72       124      176      116      162      108      73       82       113      0        56       44       161      153      43       191      77       91       68       147      73       91       100      59       51       49       102      92       150      113      153      76       31       80       82       
16       92       22       102      37       66       99       98       120      204      145      172      147      117      136      136      56       0        100      189      160      32       208      119      45       87       182      28       67       155      43       101      49       157      130      139      169      173      121      40       136      57       
17       114      78       77       63       36       145      86       150      171      116      175      99       64       49       121      44       100      0        158      169      85       197      71       135      88       138      113      128      62       93       42       85       66       88       177      76       158      65       67       37       122      
18       104      175      91       176      173      125      92       102      15       45       61       59       93       122      54       161      189      158      0        70       157      50       87       184      102      27       217      146      131      217      116      140      123      70       116      129      29       92       189      155      151      
19       68       153      92       160      170      69       84       44       78       67       13       94       111      152      51       153      160      169      70       0        130      53       105      139      85       89       188      100      168      197      128      114      162      91       48       171      40       113      175      182      108      
20       62       23       70       36       60       76       65       93       172      113      141      116      88       112      103      43       32       85       157      130      0        176      89       50       55       150      60       49       133      66       74       17       133      98       115      145      141      92       48       119      40       
21       115      198      122      202      206      122      119      97       47       81       39       104      133      168      77       191      208      197      50       53       176      0        126      191      124      78       236      151      180      241      154      159      172      110      98       178      39       133      217      201      159      
22       70       100      23       95       87       105      35       99       101      45       108      30       7        47       54       77       119      71       87       105      89       126      0        132      47       70       144      106      66       136      29       76       61       17       125      73       87       8        108      77       105      
23       80       60       110      77       106      70       102      95       198      145      152      155      132      161      130      91       45       135      184      139      50       191      132      0        89       184      63       39       182      87       123      56       182      138      107      194      162      137      84       170      32       
24       26       74       23       78       85       60       13       61       116      58       93       66       50       88       49       68       87       88       102      85       55       124      47       89       0        96       115      59       109      117      52       38       106      49       88       118      87       53       92       110      59       
25       106      166      80       164      157      132      84       113      36       39       82       39       75       98       56       147      182      138      27       89       150      78       70       184      96       0        209      149      105      205      98       134      97       54       132      102      50       73       177      131      152      
26       120      43       129      52       76       126      125      147      232      173      200      173      141      155      164      73       28       113      217      188      60       236      144      63       115      209      0        93       173      29       122      77       175      156      165      186      201      145      46       150      83       
27       43       71       82       85       108      33       72       56       160      110      113      123      108      143      93       91       67       128      146      100      49       151      106      39       59       149      93       0        165      110      104      42       162      108      72       175      123      112      97       159      10       
28       135      133      87       121      98       170      99       165      142      102      169      76       61       21       117      100      155      62       131      168      133      180      66       182      109      105      173      165      0        155      60       126      8        77       192      14       143      58       128      33       161      
29       129      43       126      41       57       141      125      160      232      171      208      167      132      139      166      59       43       93       217      197      66       241      136      87       117      205      29       110      155      0        111      82       158      151      180      169      205      136      28       128      99       
30       79       80       36       71       59       113      46       113      131      73       132      59       23       39       79       51       101      42       116      128      74       154      29       123      52       98       122      104      60       111      0        66       59       46       140      71       115      25       82       57       101      
31       46       39       56       48       66       65       50       79       155      96       125      101      76       105      86       49       49       85       140      114      17       159      76       56       38       134      77       42       126      82       66       0        125      84       102      138      124      80       61       117      36       
32       131      135      83       123      101      166      95       160      134      95       162      68       56       20       111      102      157      66       123      162      133      172      61       182      106      97       175      162      8        158      59       125      0        70       187      12       135      53       131      40       159      
33       68       112      28       109      103      102      36       92       84       28       93       17       23       60       40       92       130      88       70       91       98       110      17       138      49       54       156      108      77       151      46       84       70       0        117      81       71       23       122      92       108      
34       62       139      106      150      168      39       94       27       125      101      61       126      131      173      81       150      139      177      116      48       115      98       125      107      88       132      165      72       192      180      140      102      187      117      0        198      87       134      164      198      82       
35       143      147      95       134      112      178      107      171      138      104      171      77       68       32       120      113      169      76       129      171      145      178      73       194      118      102      186      175      14       169      71       138      12       81       198      0        143      65       142      46       172      
36       83       162      83       165      167      98       80       75       39       42       32       67       94       130      39       153      173      158      29       40       141      39       87       162      87       50       201      123      143      205      115      124      135      71       87       143      0        94       179      162      130      
37       78       101      30       95       85       113      42       107      106      52       116      34       4        39       62       76       121      65       92       113      92       133      8        137      53       73       145      112      58       136      25       80       53       23       134      65       94       0        107      69       110      
38       107      26       98       14       30       125      99       141      204      144      185      138      104      111      140      31       40       67       189      175      48       217      108      84       92       177      46       97       128      28       82       61       131      122      164      142      179      107      0        104      87       
39       137      114      92       100      73       170      103      170      167      120      185      96       70       33       131      80       136      37       155      182      119      201      77       170      110      131      150      159      33       128      57       117      40       92       198      46       162      69       104      0        153      
40       47       61       82       75       99       43       72       65       165      113      121      125      106      140      97       82       57       122      151      108      40       159      105      32       59       152      83       10       161      99       101      36       159      108      82       172      130      110      87       153      0        
;

