

sets
i        orders          /0*40/
k        routes          /1*40/
p        positions       /0*40/
;

alias(i,j)
alias(i,h)
alias(i,hh)
alias(i,jj)
alias(k,kk)
                            Parameters

rho(i)	Processing time
/
0	0
1	92
2	25
3	47
4	18
5	46
6	18
7	89
8	4
9	2
10	66
11	60
12	98
13	59
14	64
15	88
16	54
17	38
18	6
19	74
20	63
21	52
22	12
23	34
24	54
25	48
26	76
27	81
28	46
29	70
30	16
31	7
32	28
33	74
34	69
35	21
36	18
37	4
38	11
39	11
40	39
/

gamma(i)	Duedate
/
0	0
1	31
2	83
3	40
4	82
5	30
6	26
7	14
8	59
9	65
10	56
11	54
12	65
13	91
14	60
15	89
16	24
17	20
18	22
19	31
20	21
21	24
22	74
23	30
24	4
25	80
26	38
27	60
28	7
29	6
30	63
31	99
32	92
33	45
34	23
35	23
36	14
37	47
38	10
39	86
40	70
/

sigma(i)	Size
/
0	0
1	7
2	7
3	1
4	9
5	3
6	3
7	6
8	2
9	9
10	2
11	3
12	4
13	3
14	8
15	4
16	3
17	3
18	1
19	4
20	6
21	8
22	3
23	5
24	9
25	5
26	2
27	9
28	6
29	5
30	5
31	5
32	5
33	3
34	8
35	3
36	5
37	3
38	5
39	4
40	1
/

epsilon(i)	Priority
/
0	0
1	3
2	4
3	2
4	4
5	4
6	4
7	8
8	3
9	1
10	6
11	4
12	7
13	9
14	8
15	4
16	2
17	6
18	7
19	7
20	1
21	3
22	9
23	2
24	1
25	4
26	2
27	4
28	7
29	1
30	6
31	2
32	5
33	9
34	9
35	9
36	2
37	7
38	3
39	2
40	4
/

psi	Vehicle Capacity
/ 129 /
;

Table kappa(i,j)                 Setup
         0        1        2        3        4        5        6        7        8        9        10       11       12       13       14       15       16       17       18       19       20       21       22       23       24       25       26       27       28       29       30       31       32       33       34       35       36       37       38       39       40       
0        0        1370     1385     2037     1960     1685     1231     524      1233     1465     901      1614     1116     1559     508      1101     152      1524     974      1940     1464     766      893      165      1030     1284     155      941      1613     529      1021     852      199      346      1766     1117     692      270      803      725      1086     
1        1370     0        175      689      594      379      142      917      860      465      1183     614      1089     1082     904      1040     1418     217      659      763      1297     948      1144     1282     510      429      1356     613      1028     916      365      526      1543     1030     721      688      968      1480     955      786      977      
2        1385     175      0        652      590      504      247      976      712      290      1081     443      1235     1254     954      910      1414     142      562      905      1140     1056     1267     1316     424      274      1390     534      1203     894      446      535      1568     1058     560      838      902      1463     1068     875      848      
3        2037     689      652      0        139      572      830      1605     1190     684      1651     654      1703     1547     1590     1428     2067     512      1173     830      1525     1625     1801     1962     1054     827      2036     1163     1459     1544     1054     1185     2218     1706     603      1309     1528     2113     1627     1474     1375     
4        1960     594      590      139      0        435      736      1511     1194     680      1634     686      1574     1408     1498     1425     1998     447      1137     698      1557     1512     1680     1877     1008     801      1950     1118     1320     1482     959      1109     2136     1623     665      1184     1486     2052     1512     1369     1369     
5        1685     379      504      572      435      0        484      1190     1216     752      1562     852      1150     976      1189     1410     1750     424      1037     404      1641     1132     1275     1577     889      778      1647     992      893      1271     666      874      1842     1339     907      772      1344     1823     1125     1021     1348     
6        1231     142      247      830      736      484      0        775      831      516      1101     682      987      1034     762      984      1283     341      582      838      1274     818      1023     1141     434      429      1214     526      994      789      224      394      1402     890      807      592      863      1348     827      649      921      
7        524      917      976      1605     1511     1190     775      0        1091     1135     982      1305     689      1076     50       1066     631      1103     757      1420     1452     311      527      391      734      963      459      692      1116     433      552      467      656      209      1455     598      674      735      351      203      1023     
8        1233     860      712      1190     1194     1216     831      1091     0        514      499      552      1647     1828     1045     243      1182     811      342      1617     443      1333     1574     1253     436      437      1317     417      1804     729      856      701      1431     1030     669      1319     543      1171     1363     1127     202      
9        1465     465      290      684      680      752      516      1135     514      0        967      174      1494     1542     1103     746      1464     328      516      1156     901      1273     1499     1426     434      180      1499     529      1493     940      670      668      1659     1170     320      1106     871      1491     1291     1076     692      
10       901      1183     1081     1651     1634     1562     1101     982      499      967      0        1041     1649     1947     931      268      804      1208     524      1938     569      1283     1509     978      673      834      1025     575      1951     548      1020     793      1082     834      1167     1417     312      757      1321     1103     297      
11       1614     614      443      654      686      852      682      1305     552      174      1041     0        1665     1696     1272     796      1604     439      647      1248     873      1448     1673     1585     589      342      1657     673      1642     1086     845      838      1811     1330     152      1274     991      1622     1465     1251     749      
12       1116     1089     1235     1703     1574     1150     987      689      1647     1494     1649     1665     0        479      737      1686     1257     1306     1307     1170     2059     378      242      951      1220     1366     986      1231     563      1107     830      946      1159     887      1794     402      1337     1373     338      547      1634     
13       1559     1082     1254     1547     1408     976      1034     1076     1828     1542     1947     1696     479      0        1114     1924     1690     1275     1515     838      2267     793      720      1397     1394     1462     1441     1440     109      1440     973      1167     1623     1285     1798     530      1642     1802     755      888      1865     
14       508      904      954      1590     1498     1189     762      50       1045     1103     931      1272     737      1114     0        1016     606      1084     712      1432     1403     359      578      387      696      930      458      649      1151     382      540      435      653      176      1423     627      623      706      399      231      974      
15       1101     1040     910      1428     1425     1410     984      1066     243      746      268      796      1686     1924     1016     0        1026     1023     413      1803     387      1342     1580     1151     552      642      1207     485      1914     652      958      759      1294     961      912      1400     421      996      1377     1144     63       
16       152      1418     1414     2067     1998     1750     1283     631      1182     1464     804      1604     1257     1690     606      1026     0        1556     957      2027     1373     898      1038     313      1032     1285     307      935      1739     526      1084     892      283      431      1754     1230     639      119      936      834      1019     
17       1524     217      142      512      447      424      341      1103     811      328      1208     439      1306     1275     1084     1023     1556     0        697      828      1222     1160     1360     1451     562      381      1526     673      1213     1036     560      672      1706     1194     523      905      1041     1605     1168     989      963      
18       974      659      562      1173     1137     1037     582      757      342      516      524      647      1307     1515     712      413      957      697      0        1417     757      990      1232     963      149      347      1033     76       1501     446      545      362      1173     722      796      995      356      976      1020     784      352      
19       1940     763      905      830      698      404      838      1420     1617     1156     1938     1248     1170     838      1432     1803     2027     828      1417     0        2044     1278     1355     1811     1268     1180     1876     1364     733      1591     970      1200     2075     1599     1287     879      1697     2113     1259     1226     1740     
20       1464     1297     1140     1525     1557     1641     1274     1452     443      901      569      873      2059     2267     1403     387      1373     1222     757      2044     0        1724     1963     1527     873      868      1580     833      2246     1039     1293     1118     1650     1346     936      1752     804      1325     1757     1523     430      
21       766      948      1056     1625     1512     1132     818      311      1333     1273     1283     1448     378      793      359      1342     898      1160     990      1278     1724     0        241      606      930      1120     654      917      847      736      611      645      844      510      1590     399      972      1011     40       207      1294     
22       893      1144     1267     1801     1680     1275     1023     527      1574     1499     1509     1673     242      720      578      1580     1038     1360     1232     1355     1963     241      0        727      1169     1352     755      1159     800      961      829      884      922      703      1812     504      1200     1156     213      448      1533     
23       165      1282     1316     1962     1877     1577     1141     391      1253     1426     978      1585     951      1397     387      1151     313      1451     963      1811     1527     606      727      0        995      1246     74       919      1454     525      923      782      266      258      1737     970      729      432      642      586      1126     
24       1030     510      424      1054     1008     889      434      734      436      434      673      589      1220     1394     696      552      1032     562      149      1268     873      930      1169     995      0        254      1068     110      1374     507      421      285      1224     741      742      884      478      1066     956      722      490      
25       1284     429      274      827      801      778      429      963      437      180      834      342      1366     1462     930      642      1285     381      347      1180     868      1120     1352     1246     254      0        1319     351      1424     760      535      497      1479     990      493      993      704      1315     1141     918      582      
26       155      1356     1390     2036     1950     1647     1214     459      1317     1499     1025     1657     986      1441     458      1207     307      1526     1033     1876     1580     654      755      74       1068     1319     0        989      1501     591      996      856      198      333      1810     1027     788      425      688      649      1185     
27       941      613      534      1163     1118     992      526      692      417      529      575      673      1231     1440     649      485      935      673      76       1364     833      917      1159     919      110      351      989      0        1428     413      472      286      1138     671      825      919      368      963      947      710      425      
28       1613     1028     1203     1459     1320     893      994      1116     1804     1493     1951     1642     563      109      1151     1914     1739     1213     1501     733      2246     847      800      1454     1374     1424     1501     1428     0        1459     956      1163     1688     1325     1737     541      1651     1848     812      921      1853     
29       529      916      894      1544     1482     1271     789      433      729      940      548      1086     1107     1440     382      652      526      1036     446      1591     1039     736      961      525      507      760      591      413      1459     0        620      396      727      309      1237     918      242      569      775      565      618      
30       1021     365      446      1054     959      666      224      552      856      670      1020     845      830      973      540      958      1084     560      545      970      1293     611      829      923      421      535      996      472      956      620      0        235      1186     676      983      467      745      1158     624      429      897      
31       852      526      535      1185     1109     874      394      467      701      668      793      838      946      1167     435      759      892      672      362      1200     1118     645      884      782      285      497      856      286      1163     396      235      0        1033     523      988      640      510      954      671      437      702      
32       199      1543     1568     2218     2136     1842     1402     656      1431     1659     1082     1811     1159     1623     653      1294     283      1706     1173     2075     1650     844      922      266      1224     1479     198      1138     1688     727      1186     1033     0        513      1963     1224     889      370      877      848      1281     
33       346      1030     1058     1706     1623     1339     890      209      1030     1170     834      1330     887      1285     176      961      431      1194     722      1599     1346     510      703      258      741      990      333      671      1325     309      676      523      513      0        1483     803      544      529      550      407      927      
34       1766     721      560      603      665      907      807      1455     669      320      1167     152      1794     1798     1423     912      1754     523      796      1287     936      1590     1812     1737     742      493      1810     825      1737     1237     983      988      1963     1483     0        1399     1135     1770     1606     1395     871      
35       1117     688      838      1309     1184     772      592      598      1319     1106     1417     1274     402      530      627      1400     1230     905      995      879      1752     399      504      970      884      993      1027     919      541      918      467      640      1224     803      1399     0        1113     1333     380      396      1342     
36       692      968      902      1528     1486     1344     863      674      543      871      312      991      1337     1642     623      421      639      1041     356      1697     804      972      1200     729      478      704      788      368      1651     242      745      510      889      544      1135     1113     0        638      1009     790      397      
37       270      1480     1463     2113     2052     1823     1348     735      1171     1491     757      1622     1373     1802     706      996      119      1605     976      2113     1325     1011     1156     432      1066     1315     425      963      1848     569      1158     954      370      529      1770     1333     638      0        1049     936      996      
38       803      955      1068     1627     1512     1125     827      351      1363     1291     1321     1465     338      755      399      1377     936      1168     1020     1259     1757     40       213      642      956      1141     688      947      812      775      624      671      877      550      1606     380      1009     1049     0        236      1328     
39       725      786      875      1474     1369     1021     649      203      1127     1076     1103     1251     547      888      231      1144     834      989      784      1226     1523     207      448      586      722      918      649      710      921      565      429      437      848      407      1395     396      790      936      236      0        1094     
40       1086     977      848      1375     1369     1348     921      1023     202      692      297      749      1634     1865     974      63       1019     963      352      1740     430      1294     1533     1126     490      582      1185     425      1853     618      897      702      1281     927      871      1342     397      996      1328     1094     0        
;



Table delta(i,j)                 Distance
         0        1        2        3        4        5        6        7        8        9        10       11       12       13       14       15       16       17       18       19       20       21       22       23       24       25       26       27       28       29       30       31       32       33       34       35       36       37       38       39       40       
0        0        192      155      98       134      104      89       42       92       15       54       61       32       47       75       144      92       169      43       69       24       23       128      41       91       125      121      51       176      164      9        87       31       30       44       95       11       189      96       29       170      
1        192      0        184      135      161      108      104      173      99       186      154      159      193      182      150      101      139      42       226      198      196      206      75       231      246      99       125      187      176      36       201      178      221      165      200      109      183      11       195      207      21       
2        155      184      0        203      27       185      125      180      138      164      107      186      183      191      86       83       200      142      148      94       135      178      179      162      123      200      65       197      27       184      156      68       160      156      119      105      157      191      65       140      170      
3        98       135      203      0        176      27       80       59       68       84       104      38       78       61       120      147      6        134      141      150      117      97       60       138      185      38       143      64       213      99       106      150      128      69       133      100      87       127      167      125      116      
4        134      161      27       176      0        157      98       156      111      142      83       161      161      167      62       60       173      119      134      81       117      158      151      147      118      173      39       173      41       158      137      52       144      132      103      77       134      167      56       123      146      
5        104      108      185      27       157      0        59       72       46       92       95       53       92       78       107      123      31       106      146      144      118      109      33       145      184      21       122      82       192      73       113      139      135      73       132      80       93       101      157      128      89       
6        89       104      125      80       98       59       0        82       13       86       50       77       98       94       54       69       79       80       121      99       91       107      58       126      145      75       63       100      133      81       98       86       117      66       97       20       82       103      104      103      83       
7        42       173      180      59       156      72       82       0        79       27       72       20       20       12       94       148      52       159      85       106      64       38       102      80       133      91       133      18       197      141      49       116      70       23       83       96       32       168      129      71       152      
8        92       99       138      68       111      46       13       79       0        87       60       70       96       90       66       79       68       80       127      109      97       107      46       131      154      62       75       96       146      73       101      98       122      66       105      33       83       97       116      108      78       
9        15       186      164      84       142      92       86       27       87       0        60       46       19       32       81       146      78       166      58       82       38       20       119      54       106      114      125      36       184      156      22       97       43       21       58       95       7        183      109      44       164      
10       54       154      107      104      83       95       50       72       60       60       0        80       77       84       21       90       100      124      73       50       45       77       106      81       94       115      66       90       125      132      60       46       74       49       46       46       52       154      63       56       132      
11       61       159      186      38       161      53       77       20       70       46       80       0        40       24       100      146      32       149      104      120      82       59       85       100      151      72       134      29       201      125      69       126      90       35       100      94       50       153      141      89       138      
12       32       193      183      78       161      92       98       20       96       19       77       40       0        18       99       161      72       176      71       101      56       19       122      63       121      112      142      20       202      161      36       116      54       32       76       109      26       188      128      59       171      
13       47       182      191      61       167      78       94       12       90       32       84       24       18       0        105      160      55       170      89       114      71       37       109      82       138      97       145      6        209      149      54       126      72       34       91       108      39       177      139      76       161      
14       75       150      86       120      62       107      54       94       66       81       21       100      99       105      0        74       117      116      86       48       62       98       112      96       95       127      48       111      103      133      79       32       91       70       56       41       73       152      50       71       130      
15       144      101      83       147      60       123      69       148      79       146      90       146      161      160      74       0        147      59       160      117      135      165      106      170      162      132      29       167      78       102      150      90       164      129      130      52       139      108      103      145      88       
16       92       139      200      6        173      31       79       52       68       78       100      32       72       55       117      147      0        137      136      145      111      91       64       132      180      43       141      58       211      103      100      146      122      63       128      99       81       131      163      120      120      
17       169      42       142      134      119      106      80       159      80       166      124      149      176      170      116      59       137      0        197      164      169      187      77       204      211      106      84       176      134      54       177      141      196      145      170      78       162      50       157      180      33       
18       43       226      148      141      134      146      121      85       127      58       73       104      71       89       86       160      136      197      0        54       29       53       168      14       52       168      133      91       173      200      35       81       18       73       31       119      54       224      83       18       204      
19       69       198      94       150      81       144      99       106      109      82       50       120      101      114      48       117      145      164      54       0        46       91       155      68       47       165      88       119      119      180      67       29       67       84       27       89       75       200      29       48       178      
20       24       196      135      117      117      118      91       64       97       38       45       82       56       71       62       135      111      169      29       46       0        45       138      36       69       140      110      75       158      171      21       66       29       47       20       91       32       195      74       11       174      
21       23       206      178      97       158      109      107      38       107      20       77       59       19       37       98       165      91       187      53       91       45       0        137      45       105      130      144      38       199      175      23       110      36       41       64       115      26       202      119      45       184      
22       128      75       179      60       151      33       58       102      46       119      106      85       122      109      112      106      64       77       168      155      138      137      0        169      199      28       113      114      182      40       137      144      159      98       149      76       118      68       163      149      56       
23       41       231      162      138      147      145      126      80       131      54       81       100      63       82       96       170      132      204      14       68       36       45       169      0        64       167      144      83       186      204      32       94       10       72       43       127      52       229      97       25       209      
24       91       246      123      185      118      184      145      133      154      106      94       151      121      138      95       162      180      211      52       47       69       105      199      64       0        206      133      141      150      226      85       72       70       116      52       136      101      247      62       62       225      
25       125      99       200      38       173      21       75       91       62       114      115      72       112      97       127      132      43       106      168      165      140      130      28       167      206      0        136      100      206      63       135      159      157      95       154      95       114      91       177      150      82       
26       121      125      65       143      39       122      63       133      75       125      66       134      142      145      48       29       141      84       133      88       110      144      113      144      133      136      0        151      70       119      126      60       139      111      102      42       118      129      74       119      108      
27       51       187      197      64       173      82       100      18       96       36       90       29       20       6        111      167      58       176      91       119      75       38       114      83       141      100      151      0        215      154      56       132      74       40       95       114      43       182      144      79       166      
28       176      176      27       213      41       192      133      197      146      184      125      201      202      209      103      78       211      134      173      119      158      199      182      186      150      206      70       215      0        180      178      92       184      174      143      113      176      184      91       164      165      
29       164      36       184      99       158      73       81       141      73       156      132      125      161      149      133      102      103      54       200      180      171      175      40       204      226      63       119      154      180      0        173      164      194      135      178      92       154      28       182      182      22       
30       9        201      156      106      137      113      98       49       101      22       60       69       36       54       79       150      100      177      35       67       21       23       137      32       85       135      126      56       178      173      0        87       22       40       41       102      20       198      96       23       179      
31       87       178      68       150      52       139      86       116      98       97       46       126      116      126      32       90       146      141      81       29       66       110      144      94       72       159      60       132      92       164      87       0        92       93       51       71       89       180      18       72       159      
32       31       221      160      128      144      135      117      70       122      43       74       90       54       72       91       164      122      196      18       67       29       36       159      10       70       157      139      74       184      194      22       92       0        62       40       119      42       219      96       20       199      
33       30       165      156      69       132      73       66       23       66       21       49       35       32       34       70       129      63       145      73       84       47       41       98       72       116      95       111      40       174      135      40       93       62       0        65       76       19       161      107      56       143      
34       44       200      119      133      103      132      97       83       105      58       46       100      76       91       56       130      128      170      31       27       20       64       149      43       52       154      102      95       143      178      41       51       40       65       0        92       51       200      56       21       179      
35       95       109      105      100      77       80       20       96       33       95       46       94       109      108      41       52       99       78       119      89       91       115      76       127      136      95       42       114      113      92       102      71       119      76       92       0        89       111      89       102      89       
36       11       183      157      87       134      93       82       32       83       7        52       50       26       39       73       139      81       162      54       75       32       26       118      52       101      114      118      43       176      154      20       89       42       19       51       89       0        180      101      39       161      
37       189      11       191      127      167      101      103      168      97       183      154      153      188      177      152      108      131      50       224      200      195      202      68       229      247      91       129      182      184      28       198      180      219      161      200      111      180      0        198      206      21       
38       96       195      65       167      56       157      104      129      116      109      63       141      128      139      50       103      163      157      83       29       74       119      163      97       62       177      74       144      91       182      96       18       96       107      56       89       101      198      0        77       176      
39       29       207      140      125      123      128      103      71       108      44       56       89       59       76       71       145      120      180      18       48       11       45       149      25       62       150      119      79       164      182      23       72       20       56       21       102      39       206      77       0        186      
40       170      21       170      116      146      89       83       152      78       164      132      138      171      161      130      88       120      33       204      178      174      184      56       209      225      82       108      166      165      22       179      159      199      143      179      89       161      21       176      186      0        
;

