

sets
i        orders          /0*10/
k        routes          /1*10/
p        positions       /0*10/
;

alias(i,j)
alias(i,h)
alias(i,hh)
alias(i,jj)
alias(k,kk)
                            Parameters

rho(i)	Processing time
/
0	0
1	27
2	9
3	58
4	69
5	49
6	12
7	68
8	59
9	76
10	70
/

gamma(i)	Duedate
/
0	0
1	36
2	79
3	30
4	86
5	94
6	84
7	95
8	48
9	98
10	57
/

sigma(i)	Size
/
0	0
1	7
2	9
3	8
4	3
5	9
6	5
7	5
8	4
9	1
10	9
/

epsilon(i)	Priority
/
0	0
1	5
2	4
3	7
4	1
5	3
6	6
7	2
8	6
9	5
10	2
/

psi	Vehicle Capacity
/ 32 /
;

Table kappa(i,j)                 Setup
         0        1        2        3        4        5        6        7        8        9        10       
0        0        63       75       89       70       39       51       32       50       47       20       
1        63       0        75       134      106      51       70       39       14       93       44       
2        75       75       0        78       50       37       25       51       76       56       75       
3        89       134      78       0        29       83       66       95       126      42       105      
4        70       106      50       29       0        55       37       69       100      24       82       
5        39       51       37       83       55       0        19       16       45       44       37       
6        51       70       25       66       37       19       0        35       65       34       55       
7        32       39       51       95       69       16       35       0        31       54       23       
8        50       14       76       126      100      45       65       31       0        84       30       
9        47       93       56       42       24       44       34       54       84       0        62       
10       20       44       75       105      82       37       55       23       30       62       0        
;



Table delta(i,j)                 Distance
         0        1        2        3        4        5        6        7        8        9        10       
0        0        39       38       32       46       43       26       31       37       17       27       
1        39       0        38       48       44       34       52       12       46       28       17       
2        38       38       0        17       8        9        26       42       10       45       23       
3        32       48       17       0        21       26       10       48       8        44       31       
4        46       44       8        21       0        9        32       49       13       53       30       
5        43       34       9        26       9        0        35       41       19       47       23       
6        26       52       26       10       32       35       0        50       19       41       35       
7        31       12       42       48       49       41       50       0        48       17       19       
8        37       46       10       8        13       19       19       48       0        47       30       
9        17       28       45       44       53       47       41       17       47       0        25       
10       27       17       23       31       30       23       35       19       30       25       0        
;

