

sets
i        orders          /0*10/
k        routes          /1*10/
p        positions       /0*10/
;

alias(i,j)
alias(i,h)
alias(i,hh)
alias(i,jj)
alias(k,kk)
                            Parameters

rho(i)	Processing time
/
0	0
1	58
2	25
3	85
4	21
5	58
6	84
7	93
8	54
9	84
10	45
/

gamma(i)	Duedate
/
0	0
1	55
2	74
3	40
4	16
5	97
6	59
7	67
8	40
9	57
10	99
/

sigma(i)	Size
/
0	0
1	8
2	7
3	8
4	4
5	5
6	8
7	7
8	2
9	7
10	8
/

epsilon(i)	Priority
/
0	0
1	9
2	9
3	7
4	8
5	1
6	5
7	1
8	8
9	7
10	6
/

psi	Vehicle Capacity
/ 28 /
;

Table kappa(i,j)                 Setup
         0        1        2        3        4        5        6        7        8        9        10       
0        0        38       44       78       39       47       55       59       37       70       40       
1        38       0        30       68       67       50       43       55       11       36       71       
2        44       30       0        38       53       22       13       24       41       35       60       
3        78       68       38       0        67       32       25       19       79       54       76       
4        39       67       53       67       0        37       55       49       71       88       8        
5        47       50       22       32       37       0        19       12       59       57       45       
6        55       43       13       25       55       19       0        14       54       39       63       
7        59       55       24       19       49       12       14       0        65       53       57       
8        37       11       41       79       71       59       54       65       0        45       74       
9        70       36       35       54       88       57       39       53       45       0        95       
10       40       71       60       76       8        45       63       57       74       95       0        
;



Table delta(i,j)                 Distance
         0        1        2        3        4        5        6        7        8        9        10       
0        0        35       34       32       13       19       40       35       43       45       24       
1        35       0        37       18       39       29       13       27       13       16       22       
2        34       37       0        49       25       16       49       11       33       32       16       
3        32       18       49       0        41       36       11       42       31       34       33       
4        13       39       25       41       0        13       47       29       44       45       21       
5        19       29       16       36       13       0        39       17       31       32       8        
6        40       13       49       11       47       39       0        40       24       27       34       
7        35       27       11       42       29       17       40       0        21       20       11       
8        43       13       33       31       44       31       24       21       0        3        23       
9        45       16       32       34       45       32       27       20       3        0        24       
10       24       22       16       33       21       8        34       11       23       24       0        
;

