

sets
i        orders          /0*10/
k        routes          /1*10/
p        positions       /0*10/
;

alias(i,j)
alias(i,h)
alias(i,hh)
alias(i,jj)
alias(k,kk)
                            Parameters

rho(i)	Processing time
/
0	0
1	56
2	26
3	63
4	95
5	86
6	19
7	39
8	59
9	33
10	38
/

gamma(i)	Duedate
/
0	0
1	80
2	78
3	78
4	3
5	87
6	46
7	35
8	83
9	62
10	3
/

sigma(i)	Size
/
0	0
1	7
2	9
3	8
4	6
5	5
6	7
7	7
8	3
9	1
10	7
/

epsilon(i)	Priority
/
0	0
1	2
2	3
3	9
4	1
5	5
6	4
7	3
8	8
9	1
10	6
/

psi	Vehicle Capacity
/ 32 /
;

Table kappa(i,j)                 Setup
         0        1        2        3        4        5        6        7        8        9        10       
0        0        53       50       65       41       82       73       41       16       35       28       
1        53       0        45       116      82       93       77       36       57       71       31       
2        50       45       0        92       53       48       32       12       65       41       53       
3        65       116      92       0        39       88       91       90       72       51       93       
4        41       82       53       39       0        55       55       52       55       12       67       
5        82       93       48       88       55       0        17       58       99       51       97       
6        73       77       32       91       55       17       0        43       89       47       84       
7        41       36       12       90       52       58       43       0        54       40       41       
8        16       57       65       72       55       99       89       54       0        51       26       
9        35       71       41       51       12       51       47       40       51       0        59       
10       28       31       53       93       67       97       84       41       26       59       0        
;



Table delta(i,j)                 Distance
         0        1        2        3        4        5        6        7        8        9        10       
0        0        21       30       41       37       26       38       6        16       47       26       
1        21       0        18       30       31       18       29       27       34       28       27       
2        30       18       0        12       13       5        10       33       35       20       15       
3        41       30       12       0        9        15       4        43       44       20       20       
4        37       31       13       9        0        12       5        37       37       28       13       
5        26       18       5        15       12       0        12       28       30       26       10       
6        38       29       10       4        5        12       0        39       40       23       16       
7        6        27       33       43       37       28       39       0        10       51       25       
8        16       34       35       44       37       30       40       10       0        55       24       
9        47       28       20       20       28       26       23       51       55       0        36       
10       26       27       15       20       13       10       16       25       24       36       0        
;

