

sets
i        orders          /0*5/
k        routes          /1*5/
p        positions       /0*5/
;

alias(i,j)
alias(i,h)
alias(i,hh)
alias(i,jj)
alias(k,kk)
                            Parameters

rho(i)	Processing time
/
0	0
1	9
2	30
3	9
4	75
5	98
/

gamma(i)	Duedate
/
0	0
1	78
2	31
3	23
4	71
5	65
/

sigma(i)	Size
/
0	0
1	7
2	8
3	4
4	2
5	8
/

epsilon(i)	Priority
/
0	0
1	7
2	4
3	2
4	5
5	3
/

psi	Vehicle Capacity
/ 29 /
;

Table kappa(i,j)                 Setup
         0        1        2        3        4        5        
0        0        114      230      276      254      280      
1        114      0        119      165      273      165      
2        230      119      0        46       303      67       
3        276      165      46       0        326      56       
4        254      273      303      326      0        370      
5        280      165      67       56       370      0        
;



Table delta(i,j)                 Distance
         0        1        2        3        4        5        
0        0        970      860      470      380      1520     
1        970      0        93       129      60       174      
2        860      93       0        77       85       82       
3        470      129      77       0        80       117      
4        380      60       85       80       0        163      
5        1520     174      82       117      163      0        
;

