

sets
i        orders          /0*40/
k        routes          /1*40/
p        positions       /0*40/
;

alias(i,j)
alias(i,h)
alias(i,hh)
alias(i,jj)
alias(k,kk)
                            Parameters

rho(i)	Processing time
/
0	0
1	21
2	79
3	48
4	56
5	72
6	40
7	11
8	86
9	3
10	62
11	37
12	60
13	26
14	48
15	41
16	86
17	36
18	3
19	50
20	24
21	50
22	59
23	13
24	26
25	98
26	93
27	54
28	54
29	95
30	74
31	59
32	65
33	37
34	38
35	87
36	26
37	8
38	84
39	84
40	69
/

gamma(i)	Duedate
/
0	0
1	86
2	34
3	44
4	95
5	16
6	8
7	62
8	29
9	93
10	89
11	3
12	82
13	12
14	14
15	77
16	69
17	33
18	27
19	4
20	64
21	55
22	36
23	42
24	29
25	72
26	57
27	13
28	81
29	75
30	6
31	53
32	53
33	47
34	5
35	77
36	8
37	36
38	73
39	73
40	93
/

sigma(i)	Size
/
0	0
1	3
2	2
3	1
4	7
5	6
6	9
7	6
8	8
9	3
10	7
11	9
12	6
13	4
14	2
15	5
16	9
17	1
18	1
19	9
20	7
21	2
22	6
23	3
24	5
25	8
26	4
27	3
28	8
29	9
30	4
31	3
32	1
33	2
34	5
35	3
36	2
37	1
38	8
39	8
40	2
/

epsilon(i)	Priority
/
0	0
1	6
2	6
3	5
4	4
5	8
6	3
7	2
8	7
9	5
10	4
11	1
12	1
13	3
14	8
15	7
16	6
17	4
18	6
19	9
20	2
21	7
22	5
23	5
24	9
25	2
26	5
27	4
28	7
29	2
30	7
31	1
32	6
33	9
34	3
35	4
36	9
37	1
38	1
39	4
40	6
/

psi	Vehicle Capacity
/ 13 /
;

Table kappa(i,j)                 Setup
         0        1        2        3        4        5        6        7        8        9        10       11       12       13       14       15       16       17       18       19       20       21       22       23       24       25       26       27       28       29       30       31       32       33       34       35       36       37       38       39       40       
0        0        1205     1916     3654     2555     3439     3702     2732     2956     792      3337     2009     3973     3610     3508     4102     1953     1970     2676     993      2638     606      581      1260     1527     3341     2035     3316     2042     1644     3608     643      3587     3386     4122     3602     2782     1191     950      821      2157     
1        1205     0        1116     3580     2118     3675     3128     1656     2766     1389     2603     863      4068     3200     3601     4344     1385     1993     2871     216      1445     1569     627      487      321      3553     1447     2658     1590     568      2866     1472     2663     2820     3492     2949     2414     645      540      1366     1070     
2        1916     1116     0        2638     1074     2940     2012     957      1809     1566     1499     733      3206     2116     2766     3571     399      1344     2186     1240     1671     1939     1431     711      1044     2808     415      1542     636      624      1767     1780     1671     1707     2377     1834     1382     725      980      1517     595      
3        3654     3580     2638     0        1584     928      1530     3134     829      2872     2022     3358     671      1021     500      1194     2257     1692     1113     3599     4246     3205     3522     3092     3628     854      2223     1795     2024     3234     2060     3078     2695     1513     1803     1772     1286     2948     3147     2837     3161     
4        2555     2118     1074     1584     0        2041     1154     1601     769      1911     982      1778     2192     1092     1785     2613     733      911      1416     2188     2663     2319     2235     1643     2105     1908     677      858      541      1692     1213     2156     1555     844      1586     1105     308      1547     1792     1862     1576     
5        3439     3675     2940     928      2041     0        2375     3639     1331     2652     2750     3670     650      1878     427      673      2542     1684     805      3640     4611     2897     3458     3209     3801     133      2537     2531     2307     3459     2847     2806     3426     2283     2697     2578     1812     3032     3171     2631     3523     
6        3702     3128     2012     1530     1154     2375     0        2031     1193     3064     673      2565     2188     509      1976     2723     1791     1978     2097     3237     3266     3470     3345     2690     3038     2266     1715     504      1662     2617     577      3308     1251     317      439      288      999      2632     2890     3015     2312     
7        2732     1656     957      3134     1601     3639     2031     0        2357     2504     1364     807      3774     2342     3383     4213     1246     2205     2960     1853     1239     2856     2178     1473     1405     3505     1206     1534     1427     1107     1556     2704     1107     1806     2254     1765     1865     1578     1788     2457     587      
8        2956     2766     1809     829      769      1331     1193     2357     0        2207     1433     2531     1423     807      1028     1858     1428     1001     904      2799     3430     2580     2758     2279     2803     1203     1394     1223     1196     2406     1563     2434     2103     1011     1602     1325     493      2145     2358     2165     2340     
9        792      1389     1566     2872     1911     2652     3064     2504     2207     0        2797     1946     3181     2909     2716     3319     1449     1207     1884     1244     2778     409      907      1142     1664     2552     1529     2735     1459     1574     3060     244      3165     2756     3498     3005     2095     972      879      51       2000     
10       3337     2603     1499     2022     982      2750     673      1364     1433     2797     0        1955     2693     1067     2397     3201     1385     1894     2289     2739     2602     3205     2910     2208     2471     2626     1302     227      1337     2060     271      3039     678      517      916      401      1022     2189     2451     2745     1695     
11       2009     863      733      3358     1778     3670     2565     807      2531     1946     1955     0        3937     2757     3499     4304     1131     2043     2906     1070     950      2239     1434     809      598      3538     1146     2065     1369     378      2195     2106     1874     2286     2871     2339     2085     974      1112     1906     261      
12       3973     4068     3206     671      2192     650      2188     3774     1423     3181     2693     3937     0        1681     471      547      2813     2094     1298     4060     4849     3462     3928     3586     4152     686      2791     2466     2575     3778     2728     3357     3366     2185     2425     2438     1909     3424     3596     3154     3757     
13       3610     3200     2116     1021     1092     1878     509      2342     807      2909     1067     2757     1681     0        1472     2214     1816     1740     1678     3279     3545     3302     3323     2732     3160     1772     1752     847      1634     2739     1054     3147     1713     553      833      760      829      2640     2884     2863     2520     
14       3508     3601     2766     500      1785     427      1976     3383     1028     2716     2397     3499     471      1472     0        830      2369     1622     840      3591     4422     3007     3457     3121     3693     364      2352     2173     2130     3325     2471     2897     3076     1911     2281     2194     1522     2957     3125     2688     3328     
15       4102     4344     3571     1194     2613     673      2723     4213     1858     3319     3201     4304     547      2214     830      0        3173     2350     1477     4312     5236     3550     4132     3873     4461     791      3161     2974     2935     4110     3252     3465     3878     2700     2971     2965     2352     3699     3843     3300     4143     
16       1953     1385     399      2257     733      2542     1791     1246     1428     1449     1385     1131     2813     1816     2369     3173     0        970      1792     1464     2069     1850     1554     916      1381     2409     82       1369     238      977      1655     1685     1717     1475     2191     1659     1033     841      1098     1397     986      
17       1970     1993     1344     1692     911      1684     1978     2205     1001     1207     1894     2043     2094     1740     1622     2350     970      0        885      1970     2994     1578     1842     1524     2119     1560     1000     1763     779      1793     2122     1432     2436     1696     2418     1989     979      1348     1503     1166     1939     
18       2676     2871     2186     1113     1416     805      2097     2960     904      1884     2289     2906     1298     1678     840      1477     1792     885      0        2835     3854     2167     2661     2408     3005     687      1800     2094     1566     2674     2448     2058     2933     1909     2497     2225     1270     2229     2366     1858     2778     
19       993      216      1240     3599     2188     3640     3237     1853     2799     1244     2739     1070     4060     3279     3591     4312     1464     1970     2835     0        1649     1386     420      548      535      3520     1532     2779     1650     750      3005     1301     2836     2925     3614     3072     2475     654      468      1226     1265     
20       2638     1445     1671     4246     2663     4611     3266     1239     3430     2778     2602     950      4849     3545     4422     5236     2069     2994     3854     1649     0        3006     2069     1651     1132     4478     2075     2765     2304     1249     2794     2896     2287     3027     3493     3004     2961     1841     1899     2745     1093     
21       606      1569     1939     3205     2319     2897     3470     2856     2580     409      3205     2239     3462     3302     3007     3550     1850     1578     2167     1386     3006     0        983      1431     1874     2808     1931     3144     1868     1861     3469     166      3562     3163     3905     3414     2495     1287     1130     460      2325     
22       581      627      1431     3522     2235     3458     3345     2178     2758     907      2910     1434     3928     3323     3457     4132     1554     1842     2661     420      2069     983      0        730      948      3347     1633     2919     1696     1077     3181     916      3090     3028     3746     3211     2498     721      459      902      1595     
23       1260     487      711      3092     1643     3209     2690     1473     2279     1142     2208     809      3586     2732     3121     3873     916      1524     2408     548      1651     1431     730      0        607      3084     984      2238     1109     433      2477     1296     2360     2377     3072     2531     1935     195      315      1105     908      
24       1527     321      1044     3628     2105     3801     3038     1405     2803     1664     2471     598      4152     3160     3693     4461     1381     2119     3005     535      1132     1874     948      607      0        3675     1428     2551     1607     422      2725     1768     2458     2739     3378     2837     2411     800      787      1636     838      
25       3341     3553     2808     854      1908     133      2266     3505     1203     2552     2626     3538     686      1772     364      791      2409     1560     687      3520     4478     2808     3347     3084     3675     0        2404     2408     2174     3330     2728     2712     3301     2164     2598     2462     1680     2909     3052     2529     3389     
26       2035     1447     415      2223     677      2537     1715     1206     1394     1529     1302     1146     2791     1752     2352     3161     82       1000     1800     1532     2075     1931     1633     984      1428     2404     0        1289     233      1018     1572     1765     1639     1399     2112     1579     982      917      1176     1477     985      
27       3316     2658     1542     1795     858      2531     504      1534     1223     2735     227      2065     2466     847      2173     2974     1369     1763     2094     2779     2765     3144     2919     2238     2551     2408     1289     0        1283     2132     364      2979     903      293      835      292      841      2199     2460     2684     1810     
28       2042     1590     636      2024     541      2307     1662     1427     1196     1459     1337     1369     2575     1634     2130     2935     238      779      1566     1650     2304     1868     1696     1109     1607     2174     233      1283     0        1211     1600     1702     1757     1345     2079     1563     825      1006     1251     1408     1216     
29       1644     568      624      3234     1692     3459     2617     1107     2406     1574     2060     378      3778     2739     3325     4110     977      1793     2674     750      1249     1861     1077     433      422      3330     1018     2132     1211     0        2318     1729     2095     2317     2962     2420     1999     606      734      1535     520      
30       3608     2866     1767     2060     1213     2847     577      1556     1563     3060     271      2195     2728     1054     2471     3252     1655     2122     2448     3005     2794     3469     3181     2477     2725     2728     1572     364      1600     2318     0        3303     673      563      698      295      1204     2460     2722     3008     1934     
31       643      1472     1780     3078     2156     2806     3308     2704     2434     244      3039     2106     3357     3147     2897     3465     1685     1432     2058     1301     2896     166      916      1296     1768     2712     1765     2979     1702     1729     3303     0        3398     3000     3742     3250     2336     1143     1005     295      2181     
32       3587     2663     1671     2695     1555     3426     1251     1107     2103     3165     678      1874     3366     1713     3076     3878     1717     2436     2933     2836     2287     3562     3090     2360     2458     3301     1639     903      1757     2095     673      3398     0        1182     1302     965      1663     2397     2648     3113     1621     
33       3386     2820     1707     1513     844      2283     317      1806     1011     2756     517      2286     2185     553      1911     2700     1475     1696     1909     2925     3027     3163     3028     2377     2739     2164     1399     293      1345     2317     563      3000     1182     0        742      316      722      2317     2573     2706     2037     
34       4122     3492     2377     1803     1586     2697     439      2254     1602     3498     916      2871     2425     833      2281     2971     2191     2418     2497     3614     3493     3905     3746     3072     3378     2598     2112     835      2079     2962     698      3742     1302     742      0        543      1439     3028     3288     3448     2611     
35       3602     2949     1834     1772     1105     2578     288      1765     1325     3005     401      2339     2438     760      2194     2965     1659     1989     2225     3072     3004     3414     3211     2531     2837     2462     1579     292      1563     2420     295      3250     965      316      543      0        1027     2491     2752     2955     2082     
36       2782     2414     1382     1286     308      1812     999      1865     493      2095     1022     2085     1909     829      1522     2352     1033     979      1270     2475     2961     2495     2498     1935     2411     1680     982      841      825      1999     1204     2336     1663     722      1439     1027     0        1828     2065     2048     1878     
37       1191     645      725      2948     1547     3032     2632     1578     2145     972      2189     974      3424     2640     2957     3699     841      1348     2229     654      1841     1287     721      195      800      2909     917      2199     1006     606      2460     1143     2397     2317     3028     2491     1828     0        261      932      1038     
38       950      540      980      3147     1792     3171     2890     1788     2358     879      2451     1112     3596     2884     3125     3843     1098     1503     2366     468      1899     1130     459      315      787      3052     1176     2460     1251     734      2722     1005     2648     2573     3288     2752     2065     261      0        849      1223     
39       821      1366     1517     2837     1862     2631     3015     2457     2165     51       2745     1906     3154     2863     2688     3300     1397     1166     1858     1226     2745     460      902      1105     1636     2529     1477     2684     1408     1535     3008     295      3113     2706     3448     2955     2048     932      849      0        1956     
40       2157     1070     595      3161     1576     3523     2312     587      2340     2000     1695     261      3757     2520     3328     4143     986      1939     2778     1265     1093     2325     1595     908      838      3389     985      1810     1216     520      1934     2181     1621     2037     2611     2082     1878     1038     1223     1956     0        
;



Table delta(i,j)                 Distance
         0        1        2        3        4        5        6        7        8        9        10       11       12       13       14       15       16       17       18       19       20       21       22       23       24       25       26       27       28       29       30       31       32       33       34       35       36       37       38       39       40       
0        0        740      1060     2600     3340     2640     1580     2220     2190     650      3600     2480     1880     3150     1840     3740     3570     2030     3560     1470     3440     2700     3230     1570     1360     1120     840      3700     3890     3710     3150     2730     3450     1530     2460     2590     3380     2580     1310     660      2940     
1        740      0        174      280      277      306      98       250      170      134      318      215      240      283      230      355      296      162      298      88       310      216      342      226      64       182      128      370      378      339      250      325      354      189      212      309      305      321      144      140      279      
2        1060     174      0        211      389      181      234      166      272      41       391      276      98       333      106      371      418      247      411      222      364      323      267      51       228      10       69       339      372      385      384      177      303      103      275      167      356      151      128      55       291      
3        2600     280      211      0        312      93       257      45       229      227      264      182      132      197      111      191      347      201      330      251      224      260      63       213      288      219      178      131      174      229      340      144      92       111      184      126      213      208      135      255      130      
4        3340     277      389      312      0        398      179      324      117      366      93       132      386      132      363      208      34       142      22       189      126      66       347      429      218      400      320      292      257      152      57       444      315      320      131      424      133      485      267      387      196      
5        2640     306      181      93       398      0        311      74       302      212      356      266      82       289      79       283      432      273      417      303      317      341      112      161      332      185      181      211      260      323      419      51       164      117      267      35       306      121      170      235      224      
6        1580     98       234      257      179      311      0        241      77       202      224      134      266      200      248      279      199      80       200      11       222      119      314      282      47       243      169      315      311      253      156      344      311      201      130      325      219      361      143      218      213      
7        2220     250      166      45       324      74       241      0        228      184      287      192      89       220      66       228      358      198      343      234      250      266      102      169      267      174      139      176      216      260      344      120      137      69       193      100      239      173      106      212      159      
8        2190     170      272      229      117      302      77       228      0        249      147      65       277      125      255      207      145      29       139      84       145      51       278      313      124      282      203      257      244      177      119      343      263      210      61       323      143      376      153      270      151      
9        650      134      41       227      366      212      202      184      249      0        377      262      131      324      133      371      393      226      389      191      355      300      287      92       191      47       56       349      377      377      357      214      318      116      261      202      347      193      120      28       290      
10       3600     318      391      264      93       356      224      287      147      377      0        114      364      66       339      119      119      157      96       231      42       110      284      422      270      401      324      212      169      60       150      406      243      303      116      386      52       458      262      402      134      
11       2480     215      276      182      132      266      134      192      65       262      114      0        258      68       234      145      166      54       151      137      96       79       223      310      181      287      209      193      179      124      158      312      202      194      3        292      90       356      148      288      86       
12       1880     240      98       132      386      82       266      89       277      131      364      258      0        299      24       316      418      248      407      256      330      323      178      83       277      102      111      263      305      343      396      86       221      67       258      71       320      99       125      153      243      
13       3150     283      333      197      132      289      200      220      125      324      66       68       299      0        274      85       165      122      144      204      31       112      220      361      247      343      269      159      129      55       179      339      184      241      71       320      23       393      205      350      68       
14       1840     230      106      111      363      79       248      66       255      133      339      234      24       274      0        292      395      225      383      239      305      300      161      102      262      112      103      243      282      319      374      97       202      46       234      79       295      122      106      158      218      
15       3740     355      371      191      208      283      279      228      207      371      119      145      316      85       292      0        238      199      215      282      82       197      188      390      325      381      314      98       49       61       260      334      138      270      148      317      76       399      250      399      81       
16       3570     296      418      347      34       432      199      358      145      393      119      166      418      165      395      238      0        172      23       210      156      96       381      459      235      428      348      324      287      179      52       477      349      352      165      457      163      517      298      413      230      
17       2030     162      247      201      142      273      80       198      29       226      157      54       248      122      225      199      172      0        164      82       147      76       252      287      126      257      178      239      231      177      148      314      240      181      51       294      143      347      125      249      134      
18       3560     298      411      330      22       417      200      343      139      389      96       151      407      144      383      215      23       164      0        210      133      88       362      451      239      422      342      303      264      156      67       463      328      341      150      443      141      505      289      410      210      
19       1470     88       222      251      189      303      11       234      84       191      231      137      256      204      239      282      210      82       210      0        227      128      310      270      43       232      158      315      312      258      168      335      309      192      134      316      224      351      134      207      214      
20       3440     310      364      224      126      317      222      250      145      355      42       96       330      31       305      82       156      147      133      227      0        122      242      393      269      375      300      170      131      31       178      367      201      272      98       348      10       423      236      381      93       
21       2700     216      323      260      66       341      119      266      51       300      110      79       323      112      300      197      96       76       88       128      122      0        302      363      163      333      254      264      240      153      79       385      279      256      77       365      123      422      202      322      160      
22       3230     342      267      63       347      112      314      102      278      287      284      223      178      220      161      188      381      252      362      310      242      302      0        261      348      273      240      102      155      239      381      159      54       171      225      147      231      233      198      314      152      
23       1570     226      51       213      429      161      282      169      313      92       422      310      83       361      102      390      459      287      451      270      393      363      261      0        278      45       113      345      383      410      429      144      304      121      309      138      383      104      162      100      312      
24       1360     64       228      288      218      332      47       267      124      191      270      181      277      247      262      325      235      126      239      43       269      163      348      278      0        236      170      357      356      300      188      359      350      217      177      341      267      366      162      201      257      
25       1120     182      10       219      400      185      243      174      282      47       401      287      102      343      112      381      428      257      422      232      375      333      273      45       236      0        79       347      381      395      394      178      311      112      285      169      366      148      139      56       301      
26       840      128      69       178      320      181      169      139      203      56       324      209      111      269      103      314      348      178      342      158      300      254      240      113      170      79       0        296      321      322      316      197      267      69       207      181      292      196      64       84       233      
27       3700     370      339      131      292      211      315      176      257      349      212      193      263      159      243      98       324      239      303      315      170      264      102      345      357      347      296      0        55       157      338      260      48       236      196      246      162      331      239      378      106      
28       3890     378      372      174      257      260      311      216      244      377      169      179      305      129      282      49       287      231      264      312      131      240      155      383      356      381      321      55       0        110      307      310      102      268      182      295      124      380      259      405      99       
29       3710     339      385      229      152      323      253      260      177      377      60       124      343      55       319      61       179      177      156      258      31       153      239      410      300      395      322      157      110      0        206      374      193      289      127      356      34       433      258      404      101      
30       3150     250      384      340      57       419      156      344      119      357      150      158      396      179      374      260      52       148      67       168      178      79       381      429      188      394      316      338      307      206      0        461      355      329      156      441      183      495      272      374      236      
31       2730     325      177      144      444      51       344      120      343      214      406      312      86       339      97       334      477      314      463      335      367      385      159      144      359      178      197      260      310      374      461      0        212      143      312      20       356      75       201      233      274      
32       3450     354      303      92       315      164      311      137      263      318      243      202      221      184      202      138      349      240      328      309      201      279      54       304      350      311      267      48       102      193      355      212      0        202      205      199      191      285      215      346      120      
33       1530     189      103      111      320      117      201      69       210      116      303      194      67       241      46       270      352      181      341      192      272      256      171      121      217      112      69       236      268      289      329      143      202      0        193      124      263      166      59       144      192      
34       2460     212      275      184      131      267      130      193      61       261      116      3        258      71       234      148      165      51       150      134      98       77       225      309      177      285      207      196      182      127      156      312      205      193      0        293      93       356      147      286      89       
35       2590     309      167      126      424      35       325      100      323      202      386      292      71       320      79       317      457      294      443      316      348      365      147      138      341      169      181      246      295      356      441      20       199      124      293      0        338      86       182      223      255      
36       3380     305      356      213      133      306      219      239      143      347      52       90       320      23       295      76       163      143      141      224      10       123      231      383      267      366      292      162      124      34       183      356      191      263      93       338      0        412      228      373      83       
37       2580     321      151      208      485      121      361      173      376      193      458      356      99       393      122      399      517      347      505      351      423      422      233      104      366      148      196      331      380      433      495      75       285      166      356      86       412      0        223      204      332      
38       1310     144      128      135      267      170      143      106      153      120      262      148      125      205      106      250      298      125      289      134      236      202      198      162      162      139      64       239      259      258      272      201      215      59       147      182      228      223      0        148      169      
39       660      140      55       255      387      235      218      212      270      28       402      288      153      350      158      399      413      249      410      207      381      322      314      100      201      56       84       378      405      404      374      233      346      144      286      223      373      204      148      0        318      
40       2940     279      291      130      196      224      213      159      151      290      134      86       243      68       218      81       230      134      210      214      93       160      152      312      257      301      233      106      99       101      236      274      120      192      89       255      83       332      169      318      0        
;

