

sets
i        orders          /0*10/
k        routes          /1*10/
p        positions       /0*10/
;

alias(i,j)
alias(i,h)
alias(i,hh)
alias(i,jj)
alias(k,kk)
                            Parameters

rho(i)	Processing time
/
0	0
1	68
2	91
3	79
4	44
5	75
6	89
7	8
8	40
9	63
10	31
/

gamma(i)	Duedate
/
0	0
1	5
2	81
3	54
4	72
5	31
6	26
7	19
8	91
9	53
10	24
/

sigma(i)	Size
/
0	0
1	4
2	3
3	5
4	2
5	3
6	2
7	4
8	5
9	9
10	4
/

epsilon(i)	Priority
/
0	0
1	8
2	4
3	1
4	2
5	3
6	8
7	4
8	1
9	4
10	3
/

psi	Vehicle Capacity
/ 34 /
;

Table kappa(i,j)                 Setup
         0        1        2        3        4        5        6        7        8        9        10       
0        0        327      993      946      1093     407      1054     730      396      832      1070     
1        327      0        675      761      831      260      731      471      88       590      834      
2        993      675      0        587      367      806      361      367      598      729      462      
3        946      761      587      0        313      1008     931      336      680      1160     210      
4        1093     831      367      313      0        1036     728      364      743      1066     115      
5        407      260      806      1008     1036     0        738      696      330      428      1057     
6        1054     731      361      931      728      738      0        648      685      477      823      
7        730      471      367      336      364      696      648      0        384      825      363      
8        396      88       598      680      743      330      685      384      0        606      747      
9        832      590      729      1160     1066     428      477      825      606      0        1129     
10       1070     834      462      210      115      1057     823      363      747      1129     0        
;



Table delta(i,j)                 Distance
         0        1        2        3        4        5        6        7        8        9        10       
0        0        39       13       21       9        62       29       42       48       33       33       
1        39       0        33       28       31       32       39       28       22       7        13       
2        13       33       0        8        6        51       17       29       36       28       24       
3        21       28       8        0        12       42       13       21       28       25       17       
4        9        31       6        12       0        53       23       33       38       26       24       
5        62       32       51       42       53       0        45       23       14       38       29       
6        29       39       17       13       23       45       0        21       33       38       26       
7        42       28       29       21       33       23       21       0        12       31       16       
8        48       22       36       28       38       14       33       12       0        27       15       
9        33       7        28       25       26       38       38       31       27       0        14       
10       33       13       24       17       24       29       26       16       15       14       0        
;

