

sets
i        orders          /0*20/
k        routes          /1*20/
p        positions       /0*20/
;

alias(i,j)
alias(i,h)
alias(i,hh)
alias(i,jj)
alias(k,kk)
                            Parameters

rho(i)	Processing time
/
0	0
1	79
2	68
3	35
4	29
5	57
6	30
7	54
8	22
9	80
10	53
11	55
12	63
13	57
14	85
15	56
16	6
17	89
18	14
19	16
20	24
/

gamma(i)	Duedate
/
0	0
1	55
2	71
3	96
4	91
5	47
6	82
7	66
8	67
9	10
10	2
11	73
12	78
13	4
14	86
15	67
16	69
17	73
18	44
19	80
20	6
/

sigma(i)	Size
/
0	0
1	3
2	5
3	7
4	2
5	6
6	6
7	6
8	2
9	8
10	3
11	8
12	9
13	3
14	6
15	4
16	8
17	3
18	3
19	4
20	8
/

epsilon(i)	Priority
/
0	0
1	9
2	4
3	6
4	2
5	7
6	1
7	2
8	1
9	4
10	3
11	8
12	3
13	7
14	6
15	7
16	3
17	1
18	3
19	7
20	3
/

psi	Vehicle Capacity
/ 68 /
;

Table kappa(i,j)                 Setup
         0        1        2        3        4        5        6        7        8        9        10       11       12       13       14       15       16       17       18       19       20       
0        0        777      564      690      368      767      981      537      845      620      489      548      748      1103     262      884      932      523      767      977      686      
1        777      0        758      298      487      511      317      239      501      415      292      247      659      401      531      609      466      474      195      381      311      
2        564      758      0        884      355      377      761      615      463      899      545      677      254      878      595      436      586      852      613      704      889      
3        690      298      884      0        541      745      615      272      759      130      339      207      864      691      429      861      749      222      468      679      13       
4        368      487      355      541      0        409      627      285      481      545      213      337      431      751      263      533      563      498      419      613      545      
5        767      511      377      745      409      0        404      494      89       813      453      562      165      511      656      129      209      811      321      334      754      
6        981      317      761      615      627      404      0        493      340      731      511      531      569      124      774      437      238      782      215      94       628      
7        537      239      615      272      285      494      493      0        526      319      71       68       598      603      294      618      547      323      289      524      278      
8        845      501      463      759      481      89       340      526      0        839      495      591      235      438      717      108      123      848      306      261      769      
9        620      415      899      130      545      813      731      319      839      0        371      251      915      814      373      935      844      106      566      788      118      
10       489      292      545      339      213      453      511      71       495      371      0        131      543      627      263      581      532      358      297      528      344      
11       548      247      677      207      337      562      531      68       591      251      131      0        667      635      291      685      605      262      337      570      212      
12       748      659      254      864      431      165      569      598      235      915      543      667      0        672      695      184      358      896      477      495      872      
13       1103     401      878      691      751      511      124      603      438      814      627      635      672      0        890      524      321      876      336      177      705      
14       262      531      595      429      263      656      774      294      717      373      263      291      695      890      0        784      776      289      560      789      426      
15       884      609      436      861      533      129      437      618      108      935      581      685      184      524      784      0        202      938      414      350      871      
16       932      466      586      749      563      209      238      547      123      844      532      605      358      321      776      202      0        868      280      148      760      
17       523      474      852      222      498      811      782      323      848      106      358      262      896      876      289      938      868      0        599      829      212      
18       767      195      613      468      419      321      215      289      306      566      297      337      477      336      560      414      280      599      0        234      480      
19       977      381      704      679      613      334      94       524      261      788      528      570      495      177      789      350      148      829      234      0        691      
20       686      311      889      13       545      754      628      278      769      118      344      212      872      705      426      871      760      212      480      691      0        
;



Table delta(i,j)                 Distance
         0        1        2        3        4        5        6        7        8        9        10       11       12       13       14       15       16       17       18       19       20       
0        0        900      740      460      660      920      690      1080     610      560      1020     1530     1270     1150     1050     750      1420     380      970      490      760      
1        900      0        104      47       139      141      126      31       99       56       30       63       196      134      174      81       61       101      69       42       140      
2        740      104      0        67       56       166      31       134      133      110      92       158      97       41       78       138      125      112      56       88       149      
3        460      47       67       0        92       120      82       72       79       45       56       109      151      104      129      76       96       69       60       21       111      
4        660      139      56       92       0        147      25       165      125      121      137      200      60       82       38       141      175      99       109      107      124      
5        920      141      166      120      147      0        158      138      42       85       167      190      200      208      181      64       202      55       181      105      25       
6        690      126      31       82       25       158      0        154      130      118      119      184      70       58       49       143      155      106      87       100      138      
7        1080     31       134      72       165      138      154      0        100      60       57       52       223      165      201      74       74       109      100      59       143      
8        610      99       133      79       125      42       130      100      0        43       125      152      183      174      162      29       161      26       140      63       43       
9        560      56       110      45       121      85       118      60       43       0        82       110      182      150      160      30       117      49       103      25       85       
10       1020     30       92       56       137      167      119      57       125      82       0        66       189      114      169      110      40       121      45       62       163      
11       1530     63       158      109      200      190      184      52       152      110      66       0        254      179      234      126      49       159      109      104      195      
12       1270     196      97       151      60       200      70       223      183      182      189      254      0        98       21       202      223      157      153      167      176      
13       1150     134      41       104      82       208      58       165      174      150      114      179      98       0        87       179      138      153      70       126      190      
14       1050     174      78       129      38       181      49       201      162      160      169      234      21       87       0        180      204      136      135      145      157      
15       750      81       138      76       141      64       143      74       29       30       110      126      202      179      180      0        141      50       134      55       72       
16       1420     61       125      96       175      202      155      74       161      117      40       49       223      138      204      141      0        160      70       100      201      
17       380      101      112      69       99       55       106      109      26       49       121      159      157      153      136      50       160      0        128      59       42       
18       970      69       56       60       109      181      87       100      140      103      45       109      153      70       135      134      70       128      0        79       170      
19       490      42       88       21       107      105      100      59       63       25       62       104      167      126      145      55       100      59       79       0        100      
20       760      140      149      111      124      25       138      143      43       85       163      195      176      190      157      72       201      42       170      100      0        
;

