

sets
i        orders          /0*40/
k        routes          /1*40/
p        positions       /0*40/
;

alias(i,j)
alias(i,h)
alias(i,hh)
alias(i,jj)
alias(k,kk)
                            Parameters

rho(i)	Processing time
/
0	0
1	80
2	98
3	99
4	8
5	14
6	63
7	86
8	11
9	81
10	62
11	80
12	89
13	88
14	59
15	22
16	11
17	69
18	37
19	40
20	76
21	65
22	82
23	1
24	35
25	59
26	75
27	4
28	15
29	50
30	9
31	64
32	34
33	2
34	74
35	58
36	73
37	23
38	46
39	81
40	25
/

gamma(i)	Duedate
/
0	0
1	57
2	69
3	88
4	99
5	63
6	43
7	74
8	52
9	89
10	16
11	94
12	92
13	27
14	55
15	19
16	6
17	51
18	86
19	53
20	70
21	53
22	4
23	5
24	74
25	22
26	58
27	40
28	97
29	16
30	64
31	63
32	18
33	32
34	49
35	80
36	80
37	29
38	9
39	27
40	9
/

sigma(i)	Size
/
0	0
1	2
2	9
3	9
4	5
5	2
6	1
7	3
8	1
9	2
10	3
11	8
12	4
13	7
14	7
15	1
16	6
17	1
18	6
19	6
20	5
21	5
22	4
23	6
24	3
25	3
26	9
27	4
28	6
29	8
30	7
31	6
32	9
33	7
34	8
35	7
36	1
37	9
38	8
39	5
40	9
/

epsilon(i)	Priority
/
0	0
1	8
2	2
3	1
4	7
5	7
6	7
7	8
8	1
9	3
10	1
11	9
12	8
13	3
14	8
15	3
16	2
17	2
18	5
19	8
20	7
21	4
22	3
23	8
24	3
25	2
26	3
27	4
28	7
29	8
30	2
31	6
32	8
33	7
34	7
35	4
36	8
37	6
38	1
39	5
40	7
/

psi	Vehicle Capacity
/ 139 /
;

Table kappa(i,j)                 Setup
         0        1        2        3        4        5        6        7        8        9        10       11       12       13       14       15       16       17       18       19       20       21       22       23       24       25       26       27       28       29       30       31       32       33       34       35       36       37       38       39       40       
0        0        161      311      32       306      327      89       165      246      208      231      79       197      189      189      310      65       152      337      235      44       185      76       314      344      283      155      66       214      180      53       131      71       144      172      148      361      277      189      278      69       
1        161      0        258      191      277      383      175      135      328      162      374      129      357      259      215      305      226      162      444      343      169      85       115      296      437      235      257      225      255      150      213      85       111      210      239      260      291      352      104      398      118      
2        311      258      0        339      43       226      235      148      241      106      384      345      439      203      147      91       346      161      354      292      350      173      330      68       323      28       249      339      159      132      335      334      245      202      199      265      54       240      155      347      244      
3        32       191      339      0        331      337      109      195      252      237      216      92       170      201      210      332      40       178      333      234      42       217      94       337      344      310      161      45       232      209      32       151      103      161      186      151      389      284      221      272      100      
4        306      277      43       331      0        183      224      153      204      115      353      350      417      174      127      48       334      154      313      257      348      192      335      25       281      46       223      326      128      136      323      346      245      182      173      240      88       200      173      310      243      
5        327      383      226      337      183      0        241      250      91       240      240      398      340      138      167      136      317      221      142      138      371      316      387      160      103      218      177      308      128      239      313      423      299      187      156      190      267      60       298      166      293      
6        89       175      235      109      224      241      0        104      166      142      204      156      217      103      101      223      110      75       273      170      134      154      146      228      271      207      83       103      125      114      99       188      66       55       85       85       288      196      148      223      59       
7        165      135      148      195      153      250      104      0        208      43       297      197      321      141      84       173      209      39       330      236      202      68       182      168      315      121      159      203      124      17       196      194      97       103      123      170      195      227      53       295      96       
8        246      328      241      252      204      91       166      208      0        214      160      321      251      69       125      168      229      171      122      56       288      276      312      189      108      223      90       220      91       202      226      354      231      118      88       101      292      32       261      105      224      
9        208      162      106      237      115      240      142      43       214      0        323      239      357      153      89       143      250      67       337      251      245      81       223      133      316      79       182      243      123      28       237      230      140      126      139      196      152      227      61       310      139      
10       231      374      384      216      353      240      204      297      160      323      0        308      112      180      241      324      176      259      152      104      258      356      307      342      184      360      140      171      224      300      183      362      263      196      187      127      437      183      348      88       255      
11       79       129      345      92       350      398      156      197      321      239      308      0        258      260      246      363      133      199      416      314      53       188      16       362      422      318      232      137      278      214      124      63       105      211      241      226      389      352      200      358      110      
12       197      357      439      170      417      340      217      321      251      357      112      258      0        244      292      398      131      290      264      201      205      366      263      412      295      412      193      132      290      330      144      320      254      237      243      176      494      280      364      200      249      
13       189      259      203      201      174      138      103      141      69       153      180      260      244      0        64       153      187      103      189      98       233      208      250      167      177      180      51       178      45       137      181      288      164      50       19       69       257      94       194      157      157      
14       189      215      147      210      127      167      101      84       125      89       241      246      292      64       0        122      208      54       248      162      233      152      233      128      231      121      102      200      40       76       198      260      141      55       53       118      202      142      136      221      136      
15       310      305      91       332      48       136      223      173      168      143      324      363      398      153      122      0        328      163      270      224      354      224      348      24       236      90       204      320      108      156      319      367      257      174      157      222      132      159      204      273      253      
16       65       226      346      40       334      317      110      209      229      250      176      133      131      187      208      328      0        185      300      203      81       242      135      336      314      318      140      9        223      221      13       192      127      154      175      127      398      261      243      237      122      
17       152      162      161      178      154      221      75       39       171      67       259      199      290      103      54       163      185      0        292      197      193      105      185      164      279      132      120      179      93       41       174      208      93       64       85       132      213      192      92       256      90       
18       337      444      354      333      313      142      273      330      122      337      152      416      264      189      248      270      300      292      0        103      374      397      410      294      44       340      189      292      213      324      302      459      340      234      207      191      401      114      383      66       332      
19       235      343      292      234      257      138      170      236      56       251      104      314      201      98       162      224      203      197      103      0        274      303      307      244      111      272      86       195      135      234      204      355      237      136      113      87       345      79       290      59       229      
20       44       169      350      42       348      371      134      202      288      245      258      53       205      233      233      354      81       193      374      274      0        211      59       357      384      322      198      87       259      218      74       116      105      188      217      189      398      320      218      313      105      
21       185      85       173      217      192      316      154      68       276      81       356      188      366      208      152      224      242      105      397      303      211      0        172      213      383      150      222      238      192      77       228      163      114      167      190      231      207      295      19       361      119      
22       76       115      330      94       335      387      146      182      312      223      307      16       263      250      233      348      135      185      410      307      59       172      0        347      414      302      224      138      266      199      125      57       92       200      231      219      373      342      184      353      96       
23       314      296      68       337      25       160      228      168      189      133      342      362      412      167      128      24       336      164      294      244      357      213      347      0        259      70       218      328      122      151      327      362      257      183      169      236      108      182      193      294      254      
24       344      437      323      344      281      103      271      315      108      316      184      422      295      177      231      236      314      279      44       111      384      383      414      259      0        311      190      306      193      307      315      459      337      226      197      195      368      89       367      96       330      
25       283      235      28       310      46       218      207      121      223      79       360      318      412      180      121      90       318      132      340      272      322      150      302      70       311      0        224      311      137      104      306      308      217      175      174      240      81       225      131      328      216      
26       155      257      249      161      223      177      83       159      90       182      140      232      193      51       102      204      140      120      189      86       198      222      224      218      190      224      0        131      96       160      136      270      150      56       50       17       303      123      212      141      142      
27       66       225      339      45       326      308      103      203      220      243      171      137      132      178      200      320      9        179      292      195      87       238      138      328      306      311      131      0        214      215      13       195      124      145      166      118      391      252      238      229      119      
28       214      255      159      232      128      128      125      124      91       123      224      278      290      45       40       108      223      93       213      135      259      192      266      122      193      137      96       214      0        115      215      297      175      71       49       113      213      104      175      192      169      
29       180      150      132      209      136      239      114      17       202      28       300      214      330      137      76       156      221      41       324      234      218      77       199      151      307      104      160      215      115      0        209      211      113      104      121      172      180      219      59       293      112      
30       53       213      335      32       323      313      99       196      226      237      183      124      144      181      198      319      13       174      302      204      74       228      125      327      315      306      136      13       215      209      0        181      114      145      168      124      387      259      230      240      109      
31       131      85       334      151      346      423      188      194      354      230      362      63       320      288      260      367      192      208      459      355      116      163      57       362      459      308      270      195      297      211      181      0        123      237      268      267      371      382      180      404      130      
32       71       111      245      103      245      299      66       97       231      140      263      105      254      164      141      257      127      93       340      237      105      114      92       257      337      217      150      124      175      113      114      123      0        113      145      151      292      259      118      289      7        
33       144      210      202      161      182      187      55       103      118      126      196      211      237      50       55       174      154      64       234      136      188      167      200      183      226      175      56       145      71       104      145      237      113      0        31       69       256      145      156      194      107      
34       172      239      199      186      173      156      85       123      88       139      187      241      243      19       53       157      175      85       207      113      217      190      231      169      197      174      50       166      49       121      168      268      145      31       0        67       253      114      177      172      138      
35       148      260      265      151      240      190      85       170      101      196      127      226      176      69       118      222      127      132      191      87       189      231      219      236      195      240      17       118      113      172      124      267      151      69       67       0        320      134      221      138      143      
36       361      291      54       389      88       267      288      195      292      152      437      389      494      257      202      132      398      213      401      345      398      207      373      108      368      81       303      391      213      180      387      371      292      256      253      320      0        289      191      398      292      
37       277      352      240      284      200      60       196      227      32       227      183      352      280      94       142      159      261      192      114      79       320      295      342      182      89       225      123      252      104      219      259      382      259      145      114      134      289      0        279      116      252      
38       189      104      155      221      173      298      148      53       261      61       348      200      364      194      136      204      243      92       383      290      218      19       184      193      367      131      212      238      175      59       230      180      118      156      177      221      191      279      0        349      121      
39       278      398      347      272      310      166      223      295      105      310      88       358      200      157      221      273      237      256      66       59       313      361      353      294      96       328      141      229      192      293      240      404      289      194      172      138      398      116      349      0        282      
40       69       118      244      100      243      293      59       96       224      139      255      110      249      157      136      253      122      90       332      229      105      119      96       254      330      216      142      119      169      112      109      130      7        107      138      143      292      252      121      282      0        
;



Table delta(i,j)                 Distance
         0        1        2        3        4        5        6        7        8        9        10       11       12       13       14       15       16       17       18       19       20       21       22       23       24       25       26       27       28       29       30       31       32       33       34       35       36       37       38       39       40       
0        0        530      980      1210     910      1060     490      380      1030     810      1420     1080     390      820      810      290      140      830      190      1030     1140     260      1430     760      670      1500     1120     1170     1250     1160     400      1120     1510     980      1140     680      820      1620     410      1430     1290     
1        530      0        51       85       135      100      97       78       81       113      91       79       69       58       67       28       39       48       52       94       76       60       90       100      108      125      81       63       79       72       92       107      125      71       86       94       56       115      73       93       89       
2        980      51       0        108      161      144      130      128      118      129      45       43       120      98       111      69       87       83       102      137      30       111      70       112      133      84       111      39       27       20       138      152      83       41       117      146      38       117      125      45       107      
3        1210     85       108      0        213      65       171      119      33       196      117      150      106      41       50       109      108      39       107      57       138      108      76       185      187      193      15       79       126      122      149      70       191      145      19       111      135      50       110      124      11       
4        910      135      161      213      0        192      42       110      194      38       205      145      120      174      172      107      104      174      108      192      160      111      223      55       28       168      203      193      180      173      79       197      170      136      206      140      126      250      118      203      220      
5        1060     100      144      65       192      0        150      83       33       187      169      179      72       46       33       110      98       63       87       8        173      82       136      182      172      225      50       130      169      163      116      7        225      172      46       60       157      114      74       175      76       
6        490      97       130      171      42       150      0        70       152      45       176      125      79       132      130      69       63       132      65       150      137      68       187      51       23       157      161      158      154      146      41       155      159      115      163      101      102      210      77       175      178      
7        380      78       128      119      110      83       70       0        92       111      169      145      13       78       70       63       43       86       26       84       148      17       161      111      93       188      106      139      156      148      33       87       189      135      106      31       119      166      9        172      129      
8        1030     81       118      33       194      33       152      92       0        182      138      156      79       23       22       98       91       35       86       25       148      85       103      174      170      201      18       99       141      135      124      39       200      150      15       79       136      83       83       144      44       
9        810      113      129      196      38       187      45       111      182      0        172      108      118      160      162      86       91       156      100      185      125      106      195      17       22       130      188      164      146      139      86       193      132      100      192      143      92       228      117      169      201      
10       1420     91       45       117      205      169      176      169      138      172      0        70       160      123      137      113      130      106      143      161      51       152      50       154      177      93       125      38       27       32       182      176      91       75       132      183      79       106      164      8        112      
11       1080     79       43       150      145      179      125      145      156      108      70       0        141      135      145      82       102      121      119      173      19       129      110      91       119      46       151      81       42       38       145      186      45       10       157      169      26       159      144      65       149      
12       390      69       120      106      120      72       79       13       79       118      160      141      0        64       57       58       39       73       22       72       142      13       149      115      101      185      92       128      148      140      45       76       185      131      93       29       115      153      5        162      115      
13       820      58       98       41       174      46       132      78       23       160      123      135      64       0        14       75       70       16       67       39       127      67       95       151      149      180      29       85       123      116      108      53       179      128      31       73       114      88       69       128      50       
14       810      67       111      50       172      33       130      70       22       162      137      145      57       14       0        80       71       31       64       27       140      62       110      154      149      191      36       99       136      130      102      41       191      138      36       60       124      99       61       143      61       
15       290      28       69       109      107      110      69       63       98       86       113      82       58       75       80       0        19       70       36       106      86       46       118      76       80       126      102      90       96       87       69       117      126      72       106      87       56       143      62       114      114      
16       140      39       87       108      104      98       63       43       91       91       130      102      39       70       71       19       0        69       17       95       105      27       129      84       79       146      99       103      114      106      52       104      146      92       102      68       76       147      42       131      115      
17       830      48       83       39       174      63       132      86       35       156      106      121      73       16       31       70       69       0        70       55       112      73       80       146      148      166      33       68       106      101      113      70       165      115      38       86       102      80       78       112      46       
18       190      52       102      107      108      87       65       26       86       100      143      119      22       67       64       36       17       70       0        85       122      10       138      95       85       163      96       114      129      121      43       93       163      109      98       52       93       150      25       145      115      
19       1030     94       137      57       192      8        150      84       25       185      161      173      72       39       27       106      95       55       85       0        166      81       128      179      170      219      42       122      162      155      117      15       218      165      38       63       151      106      75       166      68       
20       1140     76       30       138      160      173      137      148      148      125      51       19       142      127      140      86       105      112      122      166      0        131      92       107      134      54       141      65       23       20       152      181      53       25       147      170      35       143      146      46       136      
21       260      60       111      108      111      82       68       17       85       106      152      129      13       67       62       46       27       73       10       81       131      0        145      102      89       173      97       122      139      131      40       87       173      119      98       42       103      153      15       154      117      
22       1430     90       70       76       223      136      187      161      103      195      50       110      149      95       110      118      129      80       138      128      92       145      0        179      195      142      87       31       71       72       181      142      140      110      93       166      108      55       154      58       68       
23       760      100      112      185      55       182      51       111      174      17       154      91       115      151      154      76       84       146      95       179      107      102      179      0        34       113      179      148      128      122      90       188      115      82       182      142      75       215      115      151      190      
24       670      108      133      187      28       172      23       93       170      22       177      119      101      149      149      80       79       148      85       170      134      89       195      34       0        146      178      165      153      146      65       177      148      110      181      124      100      223      100      175      194      
25       1500     125      84       193      168      225      157      188      201      130      93       46       185      180      191      126      146      166      163      219      54       173      142      113      146      0        195      118      71       72       184      232      2        54       201      214      70       196      188      86       191      
26       1120     81       111      15       203      50       161      106      18       188      125      151      92       29       36       102      99       33       96       42       141      97       87       179      178      195      0        87       131      127      137      56       194      146      6        96       134      65       97       132      26       
27       1170     63       39       79       193      130      158      139      99       164      38       81       128      85       99       90       103      68       114      122      65       122      31       148      165      118      87       0        48       46       156      137      116      81       93       148      77       78       133      45       75       
28       1250     79       27       126      180      169      154      156      141      146      27       42       148      123      136      96       114      106      129      162      23       139      71       128      153      71       131      48       0        8        164      176      69       47       138      174      53       125      153      23       123      
29       1160     72       20       122      173      163      146      148      135      139      32       38       140      116      130      87       106      101      121      155      20       131      72       122      146      72       127      46       8        0        156      170      70       42       133      166      46       124      145      29       119      
30       400      92       138      149      79       116      41       33       124      86       182      145      45       108      102      69       52       113      43       117      152      40       181      90       65       184      137      156      164      156      0        120      185      134      138      61       119      194      42       183      158      
31       1120     107      152      70       197      7        155      87       39       193      176      186      76       53       41       117      104      70       93       15       181      87       142      188      177      232      56       137      176      170      120      0        232      179      50       62       164      118      79       181      80       
32       1510     125      83       191      170      225      159      189      200      132      91       45       185      179      191      126      146      165      163      218      53       173      140      115      148      2        194      116      69       70       185      232      0        54       200      214      70       194      188      83       189      
33       980      71       41       145      136      172      115      135      150      100      75       10       131      128      138      72       92       115      109      165      25       119      110      82       110      54       146      81       47       42       134      179      54       0        152      160      16       158      134      70       146      
34       1140     86       117      19       206      46       163      106      15       192      132      157      93       31       36       106      102      38       98       38       147      98       93       182      181      201      6        93       138      133      138      50       200      152      0        94       139      68       97       138      30       
35       680      94       146      111      140      60       101      31       79       143      183      169      29       73       60       87       68       86       52       63       170      42       166      142      124      214      96       148      174      166      61       62       214      160      94       0        143      160      27       186      121      
36       820      56       38       135      126      157      102      119      136      92       79       26       115      114      124      56       76       102      93       151      35       103      108      75       100      70       134      77       53       46       119      164      70       16       139      143      0        152      118      76       136      
37       1620     115      117      50       250      114      210      166      83       228      106      159      153      88       99       143      147      80       150      106      143      153      55       215      223      196      65       78       125      124      194      118      194      158      68       160      152      0        157      114      39       
38       410      73       125      110      118      74       77       9        83       117      164      144      5        69       61       62       42       78       25       75       146      15       154      115      100      188      97       133      153      145      42       79       188      134      97       27       118      157      0        167      120      
39       1430     93       45       124      203      175      175      172      144      169      8        65       162      128      143      114      131      112      145      166      46       154      58       151      175      86       132      45       23       29       183      181      83       70       138      186      76       114      167      0        119      
40       1290     89       107      11       220      76       178      129      44       201      112      149      115      50       61       114      115      46       115      68       136      117      68       190      194      191      26       75       123      119      158      80       189      146      30       121      136      39       120      119      0        
;

