

sets
i        orders          /0*40/
k        routes          /1*40/
p        positions       /0*40/
;

alias(i,j)
alias(i,h)
alias(i,hh)
alias(i,jj)
alias(k,kk)
                            Parameters

rho(i)	Processing time
/
0	0
1	45
2	96
3	15
4	68
5	29
6	26
7	87
8	76
9	26
10	66
11	46
12	78
13	9
14	17
15	7
16	56
17	50
18	79
19	8
20	2
21	35
22	19
23	78
24	79
25	44
26	45
27	40
28	85
29	90
30	8
31	98
32	12
33	48
34	62
35	67
36	77
37	26
38	37
39	31
40	50
/

gamma(i)	Duedate
/
0	0
1	48
2	17
3	88
4	49
5	1
6	13
7	47
8	34
9	33
10	95
11	78
12	21
13	88
14	30
15	32
16	66
17	56
18	95
19	50
20	80
21	30
22	40
23	39
24	84
25	93
26	71
27	54
28	16
29	66
30	47
31	28
32	83
33	37
34	82
35	3
36	68
37	80
38	23
39	84
40	1
/

sigma(i)	Size
/
0	0
1	4
2	3
3	6
4	2
5	3
6	4
7	1
8	9
9	9
10	8
11	5
12	5
13	5
14	3
15	5
16	6
17	9
18	5
19	4
20	4
21	9
22	7
23	3
24	8
25	8
26	1
27	6
28	4
29	5
30	6
31	8
32	9
33	5
34	4
35	7
36	3
37	4
38	3
39	5
40	1
/

epsilon(i)	Priority
/
0	0
1	3
2	8
3	1
4	8
5	6
6	9
7	6
8	8
9	5
10	2
11	7
12	7
13	7
14	4
15	1
16	8
17	9
18	6
19	3
20	5
21	4
22	3
23	7
24	7
25	3
26	3
27	4
28	2
29	8
30	6
31	1
32	7
33	3
34	9
35	1
36	4
37	2
38	6
39	9
40	9
/

psi	Vehicle Capacity
/ 17 /
;

Table kappa(i,j)                 Setup
         0        1        2        3        4        5        6        7        8        9        10       11       12       13       14       15       16       17       18       19       20       21       22       23       24       25       26       27       28       29       30       31       32       33       34       35       36       37       38       39       40       
0        0        1349     469      543      1194     597      1348     440      447      666      782      882      1469     82       1144     1442     692      477      430      1098     491      1162     146      1201     1174     1241     1014     899      1413     779      1485     214      1181     651      411      1400     1140     879      532      1671     805      
1        1349     0        1386     1206     194      861      1621     915      1162     1886     1654     1634     1284     1407     1656     285      1122     1798     1706     375      1711     545      1345     350      428      1905     877      1741     1925     1644     1782     1287     1215     1149     1463     1023     322      1081     1551     902      824      
2        469      1386     0        202      1199     525      1793     563      864      523      1250     1350     1847     420      1605     1560     1097     558      827      1251     913      1021     323      1133     1356     1710     1341     1368     1879     1248     1937     269      1576     1064     880      1730     1100     1266     999      1931     1112     
3        543      1206     202      0        1015     357      1785     464      858      725      1309     1394     1785     522      1624     1397     1070     746      951      1105     1026     820      412      938      1216     1756     1260     1428     1909     1305     1938     331      1529     1044     942      1642     910      1222     1067     1809     1031     
4        1194     194      1199     1015     0        677      1624     754      1058     1705     1574     1569     1339     1247     1626     449      1056     1630     1571     380      1586     375      1177     188      476      1864     876      1669     1907     1564     1789     1115     1228     1076     1348     1091     135      1048     1446     1034     773      
5        597      861      525      357      677      0        1575     230      704      1029     1228     1282     1498     625      1460     1040     860      974      1022     749      1068     567      535      633      862      1635     962      1344     1754     1222     1737     459      1267     848      898      1328     588      975      1020     1463     740      
6        1348     1621     1793     1785     1624     1575     0        1359     931      1954     713      576      500      1421     280      1455     719      1690     1249     1254     1157     1891     1485     1777     1193     477      748      663      352      706      167      1524     407      741      986      718      1692     611      915      1106     886      
7        440      915      563      464      754      230      1359     0        474      999      1000     1052     1322     493      1233     1036     640      884      840      706      873      747      432      765      802      1405     796      1115     1527     993      1519     383      1073     624      680      1179     700      771      800      1368     566      
8        447      1162     864      858      1058     704      931      474      0        1108     539      578      1022     528      769      1171     245      886      593      830      569      1171     569      1135     870      931      596      649      1060     531      1081     597      734      205      306      968      1055     433      389      1274     423      
9        666      1886     523      725      1705     1029     1954     999      1108     0        1290     1419     2129     584      1715     2034     1352     279      745      1705     848      1544     585      1652     1797     1742     1681     1390     1947     1292     2073     616      1837     1308     968      2066     1615     1541     1049     2328     1467     
10       782      1654     1250     1309     1574     1228     713      1000     539      1290     0        137      1061     835      443      1607     537      1014     553      1293     454      1710     928      1667     1298     463      891      118      657      11       802      992      788      505      370      1142     1585     645      253      1527     838      
11       882      1634     1350     1394     1569     1282     576      1052     578      1419     137      0        942      941      305      1564     514      1145     687      1265     590      1734     1028     1676     1258     362      828      122      535      132      665      1087     680      493      475      1044     1592     583      371      1435     810      
12       1469     1284     1847     1785     1339     1498     500      1322     1022     2129     1061     942      0        1550     722      1065     777      1894     1512     961      1440     1667     1583     1516     866      963      537      1056     851      1051     607      1596     295      821      1207     268      1436     590      1183     616      759      
13       82       1407     420      522      1247     625      1421     493      528      584      835      941      1550     0        1211     1510     773      403      430      1168     504      1193     110      1244     1247     1296     1096     951      1475     833      1556     194      1262     732      466      1482     1186     961      582      1751     885      
14       1144     1656     1605     1624     1626     1460     280      1233     769      1715     443      305      722      1211     0        1534     610      1445     991      1281     895      1847     1287     1759     1244     263      787      383      295      437      360      1337     522      614      754      886      1673     578      666      1286     854      
15       1442     285      1560     1397     449      1040     1455     1036     1171     2034     1607     1564     1065     1510     1534     0        1071     1912     1751     347      1740     821      1466     627      308      1793     749      1679     1781     1596     1608     1420     1049     1108     1477     797      584      984      1546     622      773      
16       692      1122     1097     1070     1056     860      719      640      245      1352     537      514      777      773      610      1071     0        1123     784      757      737      1243     812      1169     763      820      394      619      905      526      879      834      489      48       472      739      1084     191      501      1073     301      
17       477      1798     558      746      1630     974      1690     884      886      279      1014     1145     1894     403      1445     1912     1123     0        466      1570     569      1530     453      1607     1650     1463     1477     1112     1670     1017     1804     517      1600     1077     707      1854     1557     1314     778      2143     1276     
18       430      1706     827      951      1571     1022     1249     840      593      745      553      687      1512     430      991      1751     784      466      0        1405     103      1582     540      1603     1457     997      1174     647      1205     556      1351     624      1218     736      312      1519     1535     968      337      1855     1017     
19       1098     375      1251     1105     380      749      1254     706      830      1705     1293     1265     961      1168     1281     347      757      1570     1405     0        1396     716      1129     555      120      1529     506      1375     1551     1282     1418     1089     853      788      1136     718      478      705      1212     732      455      
20       491      1711     913      1026     1586     1068     1157     873      569      848      454      590      1440     504      895      1740     737      569      103      1396     0        1619     614      1629     1440     894      1130     545      1104     458      1255     696      1148     689      268      1462     1558     913      257      1809     989      
21       1162     545      1021     820      375      567      1891     747      1171     1544     1710     1734     1667     1193     1847     821      1243     1530     1582     716      1619     0        1101     195      828      2062     1163     1818     2139     1702     2058     1022     1515     1250     1421     1432     246      1286     1535     1408     1006     
22       146      1345     323      412      1177     535      1485     432      569      585      928      1028     1583     110      1287     1466     812      453      540      1129     614      1101     0        1162     1216     1387     1106     1045     1558     925      1625     85       1300     774      557      1496     1108     993      677      1744     887      
23       1201     350      1133     938      188      633      1777     765      1135     1652     1667     1676     1516     1244     1759     627      1169     1607     1603     555      1629     195      1162     0        660      1987     1035     1768     2045     1658     1944     1090     1388     1183     1409     1272     85       1185     1515     1222     905      
24       1174     428      1356     1216     476      862      1193     802      870      1797     1298     1258     866      1247     1244     308      763      1650     1457     120      1440     828      1216     660      0        1499     458      1372     1504     1287     1354     1182     787      799      1175     614      586      681      1240     612      465      
25       1241     1905     1710     1756     1864     1635     477      1405     931      1742     463      362      963      1296     263      1793     820      1463     997      1529     894      2062     1387     1987     1499     0        1044     353      225      463      467      1447     783      812      830      1145     1902     823      716      1544     1090     
26       1014     877      1341     1260     876      962      748      796      596      1681     891      828      537      1096     787      749      394      1477     1174     506      1130     1163     1106     1035     458      1044     0        947      1047     880      913      1104     353      441      864      390      950      246      894      681      229      
27       899      1741     1368     1428     1669     1344     663      1115     649      1390     118      122      1056     951      383      1679     619      1112     647      1375     545      1818     1045     1768     1372     353      947      0        559      123      731      1110     800      593      488      1165     1686     702      369      1557     919      
28       1413     1925     1879     1909     1907     1754     352      1527     1060     1947     657      535      851      1475     295      1781     905      1670     1205     1551     1104     2139     1558     2045     1504     225      1047     559      0        655      276      1613     736      909      1010     1069     1959     860      905      1459     1139     
29       779      1644     1248     1305     1564     1222     706      993      531      1292     11       132      1051     833      437      1596     526      1017     556      1282     458      1702     925      1658     1287     463      880      123      655      0        797      989      777      495      368      1132     1576     634      253      1516     827      
30       1485     1782     1937     1938     1789     1737     167      1519     1081     2073     802      665      607      1556     360      1608     879      1804     1351     1418     1255     2058     1625     1944     1354     467      913      731      276      797      0        1668     566      897      1108     849      1858     778      1025     1224     1053     
31       214      1287     269      331      1115     459      1524     383      597      616      992      1087     1596     194      1337     1420     834      517      624      1089     696      1022     85       1090     1182     1447     1104     1110     1613     989      1668     0        1318     799      622      1495     1040     1009     744      1726     880      
32       1181     1215     1576     1529     1228     1267     407      1073     734      1837     788      680      295      1262     522      1049     489      1600     1218     853      1148     1515     1300     1388     787      783      353      800      736      777      566      1318     0        530      911      369      1304     309      891      768      533      
33       651      1149     1064     1044     1076     848      741      624      205      1308     505      493      821      732      614      1108     48       1077     736      788      689      1250     774      1183     799      812      441      593      909      495      897      799      530      0        425      787      1099     237      456      1120     335      
34       411      1463     880      942      1348     898      986      680      306      968      370      475      1207     466      754      1477     472      707      312      1136     268      1421     557      1409     1175     830      864      488      1010     368      1108     622      911      425      0        1206     1333     655      125      1545     721      
35       1400     1023     1730     1642     1091     1328     718      1179     968      2066     1142     1044     268      1482     886      797      739      1854     1519     718      1462     1432     1496     1272     614      1145     390      1165     1069     1132     849      1495     369      787      1206     0        1196     551      1210     400      618      
36       1140     322      1100     910      135      588      1692     700      1055     1615     1585     1592     1436     1186     1673     584      1084     1557     1535     478      1558     246      1108     85       586      1902     950      1686     1959     1576     1858     1040     1304     1099     1333     1196     0        1099     1438     1162     819      
37       879      1081     1266     1222     1048     975      611      771      433      1541     645      583      590      961      578      984      191      1314     968      705      913      1286     993      1185     681      823      246      702      860      634      778      1009     309      237      655      551      1099     0        666      902      280      
38       532      1551     999      1067     1446     1020     915      800      389      1049     253      371      1183     582      666      1546     501      778      337      1212     257      1535     677      1515     1240     716      894      369      905      253      1025     744      891      456      125      1210     1438     666      0        1567     777      
39       1671     902      1931     1809     1034     1463     1106     1368     1274     2328     1527     1435     616      1751     1286     622      1073     2143     1855     732      1809     1408     1744     1222     612      1544     681      1557     1459     1516     1224     1726     768      1120     1545     400      1162     902      1567     0        867      
40       805      824      1112     1031     773      740      886      566      423      1467     838      810      759      885      854      773      301      1276     1017     455      989      1006     887      905      465      1090     229      919      1139     827      1053     880      533      335      721      618      819      280      777      867      0        
;



Table delta(i,j)                 Distance
         0        1        2        3        4        5        6        7        8        9        10       11       12       13       14       15       16       17       18       19       20       21       22       23       24       25       26       27       28       29       30       31       32       33       34       35       36       37       38       39       40       
0        0        4560     8820     6390     9450     7680     8520     8490     8490     9960     5430     7290     9900     2280     8400     2790     7290     4230     3930     7380     5790     6690     8250     4020     3120     8070     9840     2250     3660     4410     6090     9000     4710     4470     2040     5370     8700     3750     5940     5820     6570     
1        4560     0        229      249      370      199      223      201      144      385      307      114      288      183      203      85       285      290      21       108      112      74       269      18       247      284      354      82       274      194      95       309      86       16       219      277      294      64       86       43       157      
2        8820     229      0        167      251      37       11       38       167      257      328      316      66       253      30       209      186      421      237      297      118      202      106      232      394      142      198      274      377      183      136      147      152      214      328      266      131      288      308      212      77       
3        6390     249      167      0        121      142      156      187      282      136      168      362      159      141      178      175      36       300      241      352      169      272      82       239      287      60       115      239      246      66       201      89       169      233      212      104      84       280      334      261      143      
4        9450     370      251      121      0        239      243      281      394      18       196      484      211      238      272      293      85       365      362      474      287      392      144      360      367      109      67       354      309      180      318      106      290      354      294      148      120      398      455      382      254      
5        7680     199      37       142      239      0        27       45       159      248      296      292      89       216      36       172      166      384      204      275      87       181      98       200      356      130      194      238      340      148      109      143      118      183      291      236      125      255      280      186      42       
6        8520     223      11       156      243      27       0        41       168      250      316      312      68       241      31       199      176      410      229      294      111      199      98       225      383      134      192      265      365      171      130      141      144      207      317      255      124      281      303      207      68       
7        8490     201      38       187      281      45       41       0        128      289      339      280      105      251      9        193      210      416      211      261      95       167      138      206      386      172      233      254      376      190      105      181      132      186      325      280      164      262      276      179      64       
8        8490     144      167      282      394      159      168      128      0        404      400      173      234      286      137      194      313      425      164      151      117      74       257      159      385      287      354      224      399      256      90       302      139      139      343      352      285      206      186      102      140      
9        9960     385      257      136      18       248      250      289      404      0        213      499      213      256      279      310      99       383      378      488      300      405      151      376      385      117      65       371      326      197      331      110      304      369      312      166      126      415      470      396      265      
10       5430     307      328      168      196      296      316      339      400      213      0        414      327      124      331      222      171      175      289      413      285      362      250      291      187      221      243      250      119      150      310      245      262      297      127      64       246      302      373      339      280      
11       7290     114      316      362      484      292      312      280      173      499      414      0        380      291      286      198      399      364      127      22       210      113      375      127      318      393      464      167      362      309      183      417      195      129      311      390      401      117      46       107      254      
12       9900     288      66       159      211      89       68       105      234      213      327      380      0        276      97       253      164      445      293      362      176      267      78       289      423      113      149      322      396      198      198      105      205      272      353      263      92       343      369      274      131      
13       2280     183      253      141      238      216      241      251      286      256      124      291      276      0        246      99       169      169      165      289      176      241      212      166      148      200      254      130      124      80       197      230      147      173      77       105      222      181      251      216      187      
14       8400     203      30       178      272      36       31       9        137      279      331      286      97       246      0        191      201      412      212      267      95       172      128      208      382      162      223      254      371      182      108      172      131      188      320      272      154      264      280      183      60       
15       2790     85       209      175      293      172      199      193      194      310      222      198      253      99       191      0        211      233      71       193      101      142      214      71       197      219      287      70       205      113      110      248      63       74       149      191      234      105      163      117      132      
16       7290     285      186      36       85       166      176      210      313      99       171      399      164      169      201      211      0        318      278      388      204      307      86       276      310      52       85       274      263      100      235      74       205      270      235      108      76       316      370      297      173      
17       4230     290      421      300      365      384      410      416      425      383      175      364      445      169      412      233      318      0        268      373      332      363      377      272      46       360      401      208      56       247      344      389      296      289      92       218      384      249      318      333      351      
18       3930     21       237      241      362      204      229      211      164      378      289      127      293      165      212      71       278      268      0        123      118      95       268      5        225      280      350      61       253      183      107      307      88       26       198      263      292      51       92       65       162      
19       7380     108      297      352      474      275      294      261      151      488      413      22       362      289      267      193      388      373      123      0        195      94       360      123      327      380      451      171      367      301      167      404      184      121      315      385      387      124      58       92       238      
20       5790     112      118      169      287      87       111      95       117      300      285      210      176      176      95       101      204      332      118      195      0        105      165      114      297      187      258      159      297      139      31       209      37       96       243      235      192      170      194      102      45       
21       6690     74       202      272      392      181      199      167      74       405      362      113      267      241      172      142      307      363      95       94       105      0        270      91       320      293      363      156      343      230      75       314      106      73       287      323      297      133      115      30       146      
22       8250     269      106      82       144      98       98       138      257      151      250      375      78       212      128      214      86       377      268      360      165      270      0        265      361      37       96       284      326      132      194      45       182      252      287      185      27       314      355      268      123      
23       4020     18       232      239      360      200      225      206      159      376      291      127      289      166      208      71       276      272      5        123      114      91       265      0        229      277      347      65       256      182      102      304      84       21       201      263      289      56       94       61       158      
24       3120     247      394      287      367      356      383      386      385      385      187      318      423      148      382      197      310      46       225      327      297      320      361      229      0        347      395      164      72       229      307      377      261      247      75       219      370      203      272      290      321      
25       8070     284      142      60       109      130      134      172      287      117      221      393      113      200      162      219      52       360      280      380      187      293      37       277      347      0        71       288      306      122      218      30       198      267      273      157      24       323      370      288      149      
26       9840     354      198      115      67       194      192      233      354      65       243      464      149      254      223      287      85       401      350      451      258      363      96       347      395      71       0        354      345      182      288      51       269      338      320      185      69       392      440      359      218      
27       2250     82       274      239      354      238      265      254      224      371      250      167      322      130      254      70       274      208      61       171      159      156      284      65       164      288      354      0        196      174      157      317      122      85       144      235      304      51       123      126      197      
28       3660     274      377      246      309      340      365      376      399      326      119      362      396      124      371      205      263      56       253      367      297      343      326      256      72       306      345      196      0        198      314      335      264      270      56       161      330      244      316      315      311      
29       4410     194      183      66       180      148      171      190      256      197      150      309      198      80       182      113      100      247      183      301      139      230      132      182      229      122      182      174      198      0        167      152      124      179      156      96       143      217      276      214      130      
30       6090     95       136      201      318      109      130      105      90       331      310      183      198      197      108      110      235      344      107      167      31       75       194      102      307      218      288      157      314      167      0        239      50       81       258      263      221      158      172      76       72       
31       9000     309      147      89       106      143      141      181      302      110      245      417      105      230      172      248      74       389      307      404      209      314      45       304      377      30       51       317      335      152      239      0        223      293      302      182      17       351      396      311      168      
32       4710     86       152      169      290      118      144      132      139      304      262      195      205      147      131      63       205      296      88       184      37       106      182      84       261      198      269      122      264      124      50       223      0        70       209      218      207      138      173      92       75       
33       4470     16       214      233      354      183      207      186      139      369      297      129      272      173      188      74       270      289      26       121      96       73       252      21       247      267      338      85       270      179      81       293      70       0        214      265      277      76       103      45       141      
34       2040     219      328      212      294      291      317      325      343      312      127      311      353      77       320      149      235      92       198      315      243      287      287      201      75       273      320      144      56       156      258      302      209      214      0        146      296      193      266      259      260      
35       5370     277      266      104      148      236      255      280      352      166      64       390      263      105      272      191      108      218      263      385      235      323      185      263      219      157      185      235      161      96       263      182      218      265      146      0        182      285      352      304      225      
36       8700     294      131      84       120      125      124      164      285      126      246      401      92       222      154      234      76       384      292      387      192      297      27       289      370      24       69       304      330      143      221      17       207      277      296      182      0        337      380      294      150      
37       3750     64       288      280      398      255      281      262      206      415      302      117      343      181      264      105      316      249      51       124      170      133      314      56       203      323      392      51       244      217      158      351      138      76       193      285      337      0        73       103      213      
38       5940     86       308      334      455      280      303      276      186      470      373      46       369      251      280      163      370      318      92       58       194      115      355      94       272      370      440      123      316      276      172      396      173      103      266      352      380      73       0        97       240      
39       5820     43       212      261      382      186      207      179      102      396      339      107      274      216      183      117      297      333      65       92       102      30       268      61       290      288      359      126      315      214      76       311      92       45       259      304      294      103      97       0        147      
40       6570     157      77       143      254      42       68       64       140      265      280      254      131      187      60       132      173      351      162      238      45       146      123      158      321      149      218      197      311      130      72       168      75       141      260      225      150      213      240      147      0        
;

