

sets
i        orders          /0*40/
k        routes          /1*40/
p        positions       /0*40/
;

alias(i,j)
alias(i,h)
alias(i,hh)
alias(i,jj)
alias(k,kk)
                            Parameters

rho(i)	Processing time
/
0	0
1	9
2	19
3	72
4	11
5	31
6	57
7	13
8	1
9	95
10	52
11	52
12	51
13	73
14	45
15	86
16	96
17	65
18	21
19	48
20	12
21	26
22	9
23	8
24	38
25	58
26	53
27	22
28	12
29	50
30	88
31	33
32	19
33	34
34	14
35	86
36	91
37	22
38	85
39	99
40	86
/

gamma(i)	Duedate
/
0	0
1	90
2	30
3	33
4	36
5	26
6	11
7	18
8	67
9	21
10	14
11	84
12	71
13	93
14	44
15	86
16	68
17	98
18	43
19	97
20	75
21	47
22	12
23	27
24	92
25	88
26	15
27	95
28	8
29	23
30	33
31	54
32	90
33	51
34	4
35	65
36	27
37	79
38	53
39	82
40	94
/

sigma(i)	Size
/
0	0
1	5
2	7
3	3
4	7
5	4
6	1
7	8
8	9
9	1
10	2
11	6
12	4
13	6
14	4
15	4
16	6
17	7
18	7
19	3
20	5
21	4
22	8
23	6
24	6
25	3
26	5
27	8
28	8
29	4
30	7
31	4
32	3
33	7
34	3
35	8
36	1
37	9
38	9
39	8
40	5
/

epsilon(i)	Priority
/
0	0
1	4
2	1
3	7
4	2
5	7
6	9
7	8
8	5
9	9
10	4
11	2
12	1
13	7
14	8
15	1
16	9
17	5
18	4
19	7
20	3
21	3
22	6
23	6
24	4
25	2
26	3
27	6
28	3
29	1
30	7
31	3
32	7
33	5
34	8
35	9
36	9
37	1
38	9
39	2
40	8
/

psi	Vehicle Capacity
/ 28 /
;

Table kappa(i,j)                 Setup
         0        1        2        3        4        5        6        7        8        9        10       11       12       13       14       15       16       17       18       19       20       21       22       23       24       25       26       27       28       29       30       31       32       33       34       35       36       37       38       39       40       
0        0        1445     933      729      608      310      165      764      1883     271      163      1704     1139     1560     1223     422      1856     992      1729     1017     1201     947      571      1992     1420     405      1583     225      1670     1426     1630     1559     1655     1499     1344     527      228      1187     1429     170      602      
1        1445     0        525      1746     860      1202     1295     725      640      1605     1608     480      1340     135      882      1520     962      628      547      574      991      1549     1210     893      278      1586     1657     1498     271      1468     1873     503      376      2061     1860     929      1623     581      464      1482     1093     
2        933      525      0        1243     400      724      793      331      980      1120     1095     892      980      651      652      999      1085     447      834      227      724      1104     706      1144     592      1063     1385     973      737      1186     1562     808      812      1668     1465     408      1101     404      694      991      590      
3        729      1746     1243     0        1122     977      837      1263     1966     943      709      2132     754      1880     1120     320      1759     1515     1814     1184     1035     411      537      1970     1831     323      1077     503      1893     989      1035     2029     2056     806      690      915      562      1267     1904     889      654      
4        608      860      400      1122     0        341      447      157      1379     745      769      1097     1126     965      949      820      1470     402      1234     580      986      1123     651      1543     812      862      1576     721      1107     1383     1708     957      1047     1721     1528     228      814      772      827      623      567      
5        310      1202     724      977      341      0        150      486      1704     403      456      1415     1210     1305     1165     656      1749     694      1555     865      1172     1102     647      1849     1141     668      1669     494      1446     1490     1757     1262     1373     1690     1515     373      538      1053     1133     284      619      
6        165      1295     793      837      447      150      0        602      1760     336      322      1541     1138     1407     1153     517      1766     826      1608     901      1146     994      564      1886     1259     522      1593     345      1528     1423     1664     1393     1493     1571     1403     400      390      1081     1264     205      561      
7        764      725      331      1263     157      486      602      0        1279     888      925      940      1194     821      952      968      1416     252      1140     545      1006     1231     768      1464     657      1013     1632     877      981      1435     1782     800      891      1824     1627     349      972      732      670      771      672      
8        1883     640      980      1966     1379     1704     1760     1279     0        2093     2039     976      1343     652      865      1826     473      1246     156      867      970      1653     1480     284      901      1904     1488     1869     392      1341     1732     1081     879      2025     1844     1361     2015     717      1082     1963     1377     
9        271      1605     1120     943      745      403      336      888      2093     0        235      1803     1410     1708     1480     664      2101     1077     1942     1238     1464     1206     842      2222     1537     627      1852     465      1848     1696     1891     1642     1767     1738     1592     736      382      1417     1515     131      867      
10       163      1608     1095     709      769      456      322      925      2039     235      0        1863     1223     1723     1354     442      1996     1147     1884     1172     1322     991      675      2140     1581     397      1652     252      1832     1507     1676     1715     1816     1507     1367     688      147      1337     1586     219      726      
11       1704     480      892      2132     1097     1415     1541     940      976      1803     1863     0        1805     370      1360     1871     1386     725      942      1015     1467     1984     1598     1259     301      1927     2137     1807     598      1946     2350     184      106      2521     2319     1243     1911     1055     294      1697     1482     
12       1139     1340     980      754      1126     1210     1138     1194     1343     1410     1223     1805     0        1472     491      807      1045     1404     1207     798      378      354      574      1283     1525     880      459      971      1390     286      588      1762     1707     721      522      910      1112     762      1661     1301     592      
13       1560     135      651      1880     965      1305     1407     821      652      1708     1723     370      1472     0        1009     1650     1026     690      590      710      1119     1685     1343     925      257      1715     1780     1621     260      1592     1999     434      264      2194     1993     1051     1744     711      430      1588     1226     
14       1223     882      652      1120     949      1165     1153     952      865      1480     1354     1360     491      1009     0        1037     657      1099     723      427      114      788      698      851      1102     1118     778      1133     903      585      990      1345     1258     1205     1010     796      1286     307      1259     1352     628      
15       422      1520     999      320      820      656      517      968      1826     664      442      1871     807      1650     1037     0        1694     1221     1671     988      979      549      347      1876     1571     80       1217     200      1698     1084     1233     1754     1802     1078     928      631      312      1109     1626     590      450      
16       1856     962      1085     1759     1470     1749     1766     1416     473      2101     1996     1386     1045     1026     657      1694     0        1466     447      891      726      1391     1354     263      1240     1775     1077     1785     790      963      1322     1457     1283     1657     1494     1377     1938     699      1426     1970     1276     
17       992      628      447      1515     402      694      826      252      1246     1077     1147     725      1404     690      1099     1221     1466     0        1126     672      1171     1470     1016     1468     473      1264     1826     1122     899      1626     1991     568      694      2058     1859     601      1209     834      439      972      914      
18       1729     547      834      1814     1234     1555     1608     1140     156      1942     1884     942      1207     590      723      1671     447      1126     0        712      831      1509     1324     347      821      1748     1384     1713     343      1226     1624     1024     839      1902     1716     1208     1858     561      1007     1811     1221     
19       1017     574      227      1184     580      865      901      545      867      1238     1172     1015     798      710      427      988      891      672      712      0        505      976      655      985      728      1061     1178     1007     712      979      1366     964      921      1507     1305     502      1150     192      864      1106     541      
20       1201     991      724      1035     986      1172     1146     1006     970      1464     1322     1467     378      1119     114      979      726      1171     831      505      0        687      652      938      1203     1059     677      1092     1018     481      882      1445     1365     1091     896      812      1244     411      1356     1339     598      
21       947      1549     1104     411      1123     1102     994      1231     1653     1206     991      1984     354      1685     788      549      1391     1470     1509     976      687      0        475      1620     1689     606      681      742      1646     578      685      1912     1895     598      413      895      860      1003     1798     1117     559      
22       571      1210     706      537      651      647      564      768      1480     842      675      1598     574      1343     698      347      1354     1016     1324     655      652      475      0        1529     1296     426      1029     439      1367     860      1110     1501     1519     1074     886      424      591      764      1379     728      117      
23       1992     893      1144     1970     1543     1849     1886     1464     284      2222     2140     1259     1283     925      851      1876     263      1468     347      985      938      1620     1529     0        1165     1955     1341     1946     667      1221     1586     1358     1161     1916     1749     1487     2097     805      1349     2091     1439     
24       1420     278      592      1831     812      1141     1259     657      901      1537     1581     301      1525     257      1102     1571     1240     473      821      728      1203     1689     1296     1165     0        1628     1879     1513     512      1684     2083     243      235      2235     2032     945      1621     794      186      1425     1181     
25       405      1586     1063     323      862      668      522      1013     1904     627      397      1927     880      1715     1118     80       1775     1264     1748     1061     1059     606      426      1955     1628     0        1282     181      1769     1154     1287     1806     1860     1110     970      684      256      1186     1677     566      526      
26       1583     1657     1385     1077     1576     1669     1593     1632     1488     1852     1652     2137     459      1780     778      1217     1077     1826     1384     1178     677      681      1029     1341     1879     1282     0        1399     1643     199      245      2122     2033     610      501      1365     1529     1085     2033     1748     1052     
27       225      1498     973      503      721      494      345      877      1869     465      252      1807     971      1621     1133     200      1785     1122     1713     1007     1092     742      439      1946     1513     181      1399     0        1699     1254     1427     1676     1747     1278     1128     572      153      1154     1546     390      509      
28       1670     271      737      1893     1107     1446     1528     981      392      1848     1832     598      1390     260      903      1698     790      899      343      712      1018     1646     1367     667      512      1769     1643     1699     0        1467     1874     691      497      2108     1913     1144     1833     643      691      1722     1253     
29       1426     1468     1186     989      1383     1490     1423     1435     1341     1696     1507     1946     286      1592     585      1084     963      1626     1226     979      481      578      860      1221     1684     1154     199      1254     1467     0        407      1927     1843     694      536      1176     1392     892      1836     1587     871      
30       1630     1873     1562     1035     1708     1757     1664     1782     1732     1891     1676     2350     588      1999     990      1233     1322     1991     1624     1366     882      685      1110     1586     2083     1287     245      1427     1874     407      0        2325     2248     403      365      1487     1542     1294     2230     1799     1156     
31       1559     503      808      2029     957      1262     1393     800      1081     1642     1715     184      1762     434      1345     1754     1457     568      1024     964      1445     1912     1501     1358     243      1806     2122     1676     691      1927     2325     0        223      2468     2265     1123     1772     1037     130      1540     1388     
32       1655     376      812      2056     1047     1373     1493     891      879      1767     1816     106      1707     264      1258     1802     1283     694      839      921      1365     1895     1519     1161     235      1860     2033     1747     497      1843     2248     223      0        2425     2223     1178     1856     954      293      1657     1403     
33       1499     2061     1668     806      1721     1690     1571     1824     2025     1738     1507     2521     721      2194     1205     1078     1657     2058     1902     1507     1091     598      1074     1916     2235     1110     610      1278     2108     694      403      2468     2425     0        202      1493     1363     1484     2360     1668     1155     
34       1344     1860     1465     690      1528     1515     1403     1627     1844     1592     1367     2319     522      1993     1010     928      1494     1859     1716     1305     896      413      886      1749     2032     970      501      1128     1913     536      365      2265     2223     202      0        1300     1226     1284     2157     1513     961      
35       527      929      408      915      228      373      400      349      1361     736      688      1243     910      1051     796      631      1377     601      1208     502      812      895      424      1487     945      684      1365     572      1144     1176     1487     1123     1178     1493     1300     0        694      684      995      604      339      
36       228      1623     1101     562      814      538      390      972      2015     382      147      1911     1112     1744     1286     312      1938     1209     1858     1150     1244     860      591      2097     1621     256      1529     153      1833     1392     1542     1772     1856     1363     1226     694      0        1302     1641     350      661      
37       1187     581      404      1267     772      1053     1081     732      717      1417     1337     1055     762      711      307      1109     699      834      561      192      411      1003     764      805      794      1186     1085     1154     643      892      1294     1037     954      1484     1284     684      1302     0        954      1286     660      
38       1429     464      694      1904     827      1133     1264     670      1082     1515     1586     294      1661     430      1259     1626     1426     439      1007     864      1356     1798     1379     1349     186      1677     2033     1546     691      1836     2230     130      293      2360     2157     995      1641     954      0        1411     1267     
39       170      1482     991      889      623      284      205      771      1963     131      219      1697     1301     1588     1352     590      1970     972      1811     1106     1339     1117     728      2091     1425     566      1748     390      1722     1587     1799     1540     1657     1668     1513     604      350      1286     1411     0        745      
40       602      1093     590      654      567      619      561      672      1377     867      726      1482     592      1226     628      450      1276     914      1221     541      598      559      117      1439     1181     526      1052     509      1253     871      1156     1388     1403     1155     961      339      661      660      1267     745      0        
;



Table delta(i,j)                 Distance
         0        1        2        3        4        5        6        7        8        9        10       11       12       13       14       15       16       17       18       19       20       21       22       23       24       25       26       27       28       29       30       31       32       33       34       35       36       37       38       39       40       
0        0        7950     7110     8640     8610     9960     4410     9390     8010     7020     10740    5070     7020     1560     4920     960      5820     6660     5130     1140     6840     990      8550     11130    6300     8460     8850     6240     11070    3180     6960     6150     5970     1740     7710     7980     4170     1980     10320    4650     4260     
1        7950     0        87       192      178      128      130      59       14       147      188      330      140      253      235      278      231      44       299      244      141      243      150      182      93       109      35       227      162      159      246      229      312      286      190      161      151      303      149      341      215      
2        7110     87       0        109      97       95       90       95       101      59       135      345      52       243      265      259      271      68       225      206      201      225      73       140      27       48       120      271      250      142      295      145      233      240      102      232      99       290      237      350      145      
3        8640     192      109      0        15       112      165      175      206      62       89       427      66       312      360      316      370      177      201      251      310      288      45       112      122      87       221      373      352      219      398      107      196      269      32       341      157      351      342      426      153      
4        8610     178      97       15       0        98       159      159      192      55       80       422      59       308      352      315      361      165      209      251      298      286      30       102      112      72       206      364      337      214      389      115      206      271      39       329      153      350      327      422      156      
5        9960     128      95       112      98       0        186      82       141      115      63       437      111      339      351      354      352      141      295      301      268      321      72       53       123      50       142      350      266      237      371      203      296      332      132      289      193      386      261      443      226      
6        4410     130      90       165      159      186      0        169      136      103      219      263      100      154      195      168      209      86       178      119      170      135      148      228      63       137      164      214      271      55       241      133      196      158      141      209      24       200      251      264      94       
7        9390     59       95       175      159      82       169      0        68       147      145      389      140      307      295      329      290      93       320      288      198      294      129      133      114      87       61       285      184      208      304      238      328      327      182      213      186      357      179      399      240      
8        8010     14       101      206      192      141      136      68       0        160      202      324      153      252      228      278      222      50       308      247      130      243      164      195      104      123      28       217      149      161      235      240      322      290      203      148      158      302      136      336      224      
9        7020     147      59       62       55       115      103      147      160      0        124      367      7        253      297      261      308      122      181      199      251      231      51       140      63       67       180      311      309      158      337      92       185      223      44       284      98       295      296      366      112      
10       10740    188      135      89       80       63       219      145      202      124      0        480      124      373      400      384      404      194      289      323      326      352      73       25       159      88       205      403      329      273      426      195      285      348      119      349      220      418      325      483      234      
11       5070     330      345      427      422      437      263      389      324      367      480      0        364      123      100      138      122      299      340      203      217      149      411      486      320      393      345      136      360      208      142      364      368      224      400      236      270      111      334      29       301      
12       7020     140      52       66       59       111      100      140      153      7        124      364      0        251      293      260      303      115      186      199      245      229      51       139      57       62       172      306      302      155      332      98       190      225      51       278      96       294      288      364      115      
13       1560     253      243      312      308      339      154      307      252      253      373      123      251      0        112      34       143      213      220      81       190      26       301      383      216      291      278      157      337      102      181      241      248      111      283      226      155      50       311      115      178      
14       4920     235      265      360      352      351      195      295      228      297      400      100      293      112      0        145      32       210      320      183      116      132      336      402      242      312      248      47       261      146      68       317      346      221      337      139      209      141      235      120      260      
15       960      278      259      316      315      354      168      329      278      261      384      138      260      34       145      0        176      236      202      69       224      34       311      396      231      305      305      190      369      120      213      236      230      86       286      259      164      35       343      123      174      
16       5820     231      271      370      361      352      209      290      222      308      404      122      303      143      32       176      0        211      345      211      99       161      343      404      250      316      238      15       237      164      38       336      371      251      349      114      226      173      212      146      281      
17       6660     44       68       177      165      141      86       93       50       122      194      299      115      213      210      236      211      0        258      200      134      201      140      193      60       106      78       209      194      116      232      194      273      241      167      164      108      263      177      308      174      
18       5130     299      225      201      209      295      178      320      308      181      289      340      186      220      320      202      345      258      0        139      340      194      226      311      208      249      335      355      449      191      382      94       28       119      170      380      153      233      429      325      84       
19       1140     244      206      251      251      301      119      288      247      199      323      203      199      81       183      69       211      200      139      0        228      55       250      337      180      250      276      223      362      88       249      166      167      46       219      268      107      104      338      191      104      
20       6840     141      201      310      298      268      170      198      130      251      326      217      245      190      116      224      99       134      340      228      0        195      274      322      188      240      142      91       148      149      106      303      361      274      295      40       193      235      122      236      261      
21       990      243      225      288      286      321      135      294      243      231      352      149      229      26       132      34       161      201      194      55       195      0        280      363      198      272      270      174      338      86       199      215      222      89       259      233      133      65       313      141      152      
22       8550     150      73       45       30       72       148      129      164      51       73       411      51       301      336      311      343      140      226      250      274      280      0        89       93       42       176      344      308      203      369      132      225      275      60       304      147      345      298      413      163      
23       11130    182      140      112      102      53       228      133      195      140      25       486      139      383      402      396      404      193      311      337      322      363      89       0        167      92       194      403      314      282      424      217      308      364      141      343      232      429      312      490      252      
24       6300     93       27       122      112      123      63       114      104      63       159      320      57       216      242      231      250      60       208      180      188      198      93       167      0        74       128      252      253      115      277      135      219      215      108      221      73       263      237      323      126      
25       8460     109      48       87       72       50       137      87       123      67       88       393      62       291      312      305      316      106      249      250      240      272      42       92       74       0        134      315      265      189      338      159      252      281      96       267      143      337      256      398      177      
26       8850     35       120      221      206      142      164      61       28       180      205      345      172      278      248      305      238      78       335      276      142      270      176      194      128      134      0        232      131      189      248      263      347      319      221      153      186      329      122      359      251      
27       6240     227      271      373      364      350      214      285      217      311      403      136      306      157      47       190      15       209      355      223      91       174      344      403      252      315      232      0        224      171      27       342      381      263      353      101      232      188      199      160      289      
28       11070    162      250      352      337      266      271      184      149      309      329      360      302      337      261      369      237      194      449      362      148      338      308      314      253      265      131      224      0        274      226      388      466      408      352      123      296      383      26       382      365      
29       3180     159      142      219      214      237      55       208      161      158      273      208      155      102      146      120      164      116      191      88       149      86       203      282      115      189      189      171      274      0        198      172      215      134      193      189      64       150      251      209      118      
30       6960     246      295      398      389      371      241      304      235      337      426      142      332      181      68       213      38       232      382      249      106      199      369      424      277      338      248      27       226      198      0        370      408      289      379      106      259      208      202      169      317      
31       6150     229      145      107      115      203      133      238      240      92       195      364      98       241      317      236      336      194      94       166      303      215      132      217      135      159      263      342      388      172      370      0        93       172      76       341      111      271      371      356      62       
32       5970     312      233      196      206      296      196      328      322      185      285      368      190      248      346      230      371      273      28       167      361      222      225      308      219      252      347      381      466      215      408      93       0        147      167      401      171      262      446      353      101      
33       1740     286      240      269      271      332      158      327      290      223      348      224      225      111      221      86       251      241      119      46       274      89       275      364      215      281      319      263      408      134      289      172      147      0        236      313      141      115      384      207      115      
34       7710     190      102      32       39       132      141      182      203      44       119      400      51       283      337      286      349      167      170      219      295      259      60       141      108      96       221      353      352      193      379      76       167      236      0        329      130      321      339      397      120      
35       7980     161      232      341      329      289      209      213      148      284      349      236      278      226      139      259      114      164      380      268      40       233      304      343      221      267      153      101      123      189      106      341      401      313      329      0        233      268      97       259      301      
36       4170     151      99       157      153      193      24       186      158      98       220      270      96       155      209      164      226      108      153      107      193      133      147      232      73       143      186      232      296      64       259      111      171      141      130      233      0        197      275      268      70       
37       1980     303      290      351      350      386      200      357      302      295      418      111      294      50       141      35       173      263      233      104      235      65       345      429      263      337      329      188      383      150      208      271      262      115      321      268      197      0        357      92       209      
38       10320    149      237      342      327      261      251      179      136      296      325      334      288      311      235      343      212      177      429      338      122      313      298      312      237      256      122      199      26       251      202      371      446      384      339      97       275      357      0        356      345      
39       4650     341      350      426      422      443      264      399      336      366      483      29       364      115      120      123      146      308      325      191      236      141      413      490      323      398      359      160      382      209      169      356      353      207      397      259      268      92       356      0        293      
40       4260     215      145      153      156      226      94       240      224      112      234      301      115      178      260      174      281      174      84       104      261      152      163      252      126      177      251      289      365      118      317      62       101      115      120      301      70       209      345      293      0        
;

