
sets
i        orders          /0*80/
k        routes          /1*80/
p        positions       /0*80/
;

alias(i,j)
alias(i,h)
alias(i,hh)
alias(i,jj)
alias(k,kk)
                
                    Parameters

rho(i)	Processing time
/
0	0
1	95
2	72
3	40
4	43
5	11
6	50
7	13
8	41
9	73
10	20
11	90
12	48
13	83
14	95
15	87
16	19
17	72
18	14
19	76
20	83
21	38
22	39
23	23
24	37
25	64
26	84
27	65
28	27
29	33
30	53
31	60
32	89
33	19
34	70
35	27
36	79
37	33
38	22
39	98
40	76
41	33
42	81
43	45
44	80
45	91
46	9
47	75
48	60
49	5
50	32
51	44
52	48
53	75
54	20
55	99
56	25
57	98
58	19
59	10
60	11
61	22
62	57
63	62
64	1
65	6
66	54
67	58
68	54
69	71
70	91
71	14
72	86
73	47
74	14
75	26
76	34
77	52
78	12
79	63
80	30
/

gamma(i)	Duedate
/
0	0
1	47
2	43
3	48
4	36
5	16
6	47
7	22
8	97
9	87
10	43
11	90
12	88
13	55
14	13
15	7
16	14
17	64
18	12
19	11
20	98
21	56
22	91
23	14
24	25
25	38
26	1
27	99
28	67
29	90
30	43
31	12
32	49
33	44
34	1
35	32
36	28
37	84
38	72
39	72
40	58
41	99
42	8
43	28
44	25
45	32
46	72
47	91
48	20
49	68
50	37
51	32
52	71
53	88
54	80
55	76
56	75
57	40
58	12
59	75
60	43
61	84
62	91
63	25
64	37
65	24
66	31
67	16
68	72
69	35
70	43
71	93
72	72
73	91
74	71
75	83
76	18
77	75
78	62
79	78
80	4
/

sigma(i)	Size
/
0	0
1	7
2	2
3	1
4	3
5	6
6	1
7	8
8	5
9	3
10	5
11	9
12	1
13	6
14	8
15	9
16	3
17	3
18	3
19	1
20	4
21	4
22	6
23	4
24	4
25	3
26	3
27	7
28	1
29	6
30	5
31	7
32	9
33	5
34	5
35	6
36	2
37	8
38	8
39	6
40	9
41	9
42	3
43	1
44	9
45	9
46	6
47	2
48	8
49	5
50	7
51	1
52	8
53	2
54	1
55	2
56	2
57	1
58	2
59	8
60	4
61	5
62	9
63	3
64	3
65	5
66	7
67	3
68	2
69	5
70	9
71	4
72	1
73	5
74	6
75	5
76	6
77	8
78	5
79	1
80	8
/

epsilon(i)	Priority
/
0	0
1	7
2	3
3	1
4	4
5	1
6	8
7	8
8	9
9	2
10	6
11	4
12	3
13	4
14	3
15	1
16	7
17	6
18	5
19	5
20	4
21	8
22	9
23	4
24	2
25	1
26	3
27	8
28	3
29	1
30	6
31	9
32	6
33	5
34	6
35	1
36	6
37	5
38	4
39	9
40	5
41	1
42	6
43	4
44	8
45	5
46	6
47	9
48	5
49	1
50	6
51	2
52	4
53	7
54	2
55	7
56	6
57	1
58	4
59	8
60	1
61	4
62	3
63	6
64	2
65	4
66	2
67	5
68	4
69	8
70	7
71	4
72	6
73	3
74	4
75	7
76	6
77	3
78	6
79	9
80	5
/

psi	Vehicle Capacity
/ 28 /
;

Table kappa(i,j)                 Setup
         0        1        2        3        4        5        6        7        8        9        10       11       12       13       14       15       16       17       18       19       20       21       22       23       24       25       26       27       28       29       30       31       32       33       34       35       36       37       38       39       40       41       42       43       44       45       46       47       48       49       50       51       52       53       54       55       56       57       58       59       60       61       62       63       64       65       66       67       68       69       70       71       72       73       74       75       76       77       78       79       80       
0        0        457      643      59       165      50       678      463      327      413      239      129      378      323      571      524      330      423      455      575      597      320      343      386      583      68       230      783      517      305      478      176      561      488      218      377      110      509      468      372      148      314      342      386      502      648      196      565      511      597      198      529      345      469      660      628      429      123      619      429      187      360      578      31       437      695      469      199      230      158      503      359      107      460      456      681      224      400      201      248      478      
1        457      0        226      399      579      454      335      609      213      212      241      330      187      342      233      383      517      309      119      216      169      241      122      539      296      423      228      434      392      542      170      535      134      424      395      240      552      148      231      417      450      418      537      631      493      289      288      274      318      162      549      383      299      325      207      364      398      443      382      298      271      229      230      488      522      413      86       451      305      534      271      599      352      253      353      315      252      303      562      228      165      
2        643      226      0        589      733      651      148      834      329      262      405      526      411      419      120      584      743      329      188      362      262      467      342      765      185      622      431      521      354      766      179      747      91       637      516      307      747      136      227      466      594      644      763      857      708      105      451      176      273      66       684      582      524      313      208      235      618      653      267      514      458      313      110      674      745      252      288      576      527      680      466      824      545      252      351      417      419      523      775      394      176      
3        59       399      589      0        216      64       632      447      281      368      189      69       319      297      523      475      313      389      402      516      537      264      284      367      540      49       171      725      488      297      429      190      505      445      206      336      158      457      424      357      160      280      328      386      466      600      151      521      474      541      233      480      294      435      601      589      386      111      582      377      131      318      529      89       410      655      410      205      178      196      447      356      47       418      426      623      174      349      219      197      428      
4        165      579      733      216      0        209      737      608      403      478      339      277      532      343      642      689      479      453      547      725      733      480      478      536      634      233      368      939      525      446      556      300      661      653      226      435      189      596      527      356      140      477      488      514      665      716      291      621      545      697      81       694      510      496      786      665      594      281      649      593      312      424      650      150      594      730      608      171      393      56       663      492      256      511      471      833      327      564      315      351      557      
5        50       454      651      64       209      0        696      413      346      433      253      125      355      358      587      486      280      453      465      554      585      293      335      336      605      33       226      756      550      255      493      131      565      445      259      401      98       520      489      413      196      268      292      338      456      664      216      586      539      601      248      491      310      499      652      654      386      74       647      395      193      382      593      58       388      720      457      246      199      207      473      310      105      483      488      658      238      364      158      261      492      
6        678      335      148      632      737      696      0        938      351      265      443      577      521      398      112      714      834      289      247      504      407      567      431      864      104      672      495      669      268      851      206      808      211      759      511      305      788      195      212      418      598      741      854      945      828      47       482      116      205      204      676      713      629      255      356      111      733      713      145      633      506      319      110      707      853      106      412      569      609      681      597      912      594      225      290      565      458      638      837      435      208      
7        463      609      834      447      608      413      938      0        645      721      560      444      423      718      828      323      134      782      692      547      636      371      507      82       875      403      471      643      888      161      741      310      744      244      650      708      423      743      771      791      605      201      121      125      182      894      552      853      847      769      660      328      310      823      725      939      230      341      945      334      495      687      828      464      94       999      550      652      346      618      414      128      445      778      827      602      548      316      301      558      737      
8        327      213      329      281      403      346      351      645      0        87       94       232      295      129      245      518      523      139      145      418      382      301      184      564      258      323      173      642      245      529      154      463      260      531      192      63       437      192      143      209      265      444      542      624      584      321      130      239      204      296      357      520      367      178      410      311      485      370      309      412      162      42       252      356      575      376      280      252      299      351      428      591      246      140      187      523      109      400      492      91       155      
9        413      212      262      368      478      433      265      721      87       0        181      318      343      158      164      565      603      96       105      429      373      363      232      641      171      411      252      646      186      611      84       550      211      588      255      44       523      131      55       217      338      520      622      707      647      239      217      152      127      243      423      566      431      117      382      225      547      457      225      464      249      54       172      442      646      290      294      315      376      423      465      673      333      57       141      527      196      457      579      177      87       
10       239      241      405      189      339      253      443      560      94       181      0        137      254      167      334      469      435      222      217      416      404      240      161      478      353      229      94       640      328      437      239      368      326      470      163      155      346      270      237      249      209      362      453      532      516      410      47       333      297      362      308      472      302      266      449      406      419      275      403      361      68       135      339      269      496      471      284      213      216      292      396      499      151      235      267      525      15       343      398      13       239      
11       129      330      526      69       277      125      577      444      232      318      137      0        254      275      467      427      313      354      341      449      468      205      214      362      490      96       102      661      457      308      371      231      440      405      209      291      223      396      374      346      192      259      330      402      436      543      112      470      433      475      281      431      245      398      531      543      348      138      540      324      70       272      472      159      394      609      340      227      130      249      387      370      22       372      395      557      122      297      261      142      371      
12       378      187      411      319      532      355      521      423      295      343      254      254      0        413      414      223      339      428      284      199      245      70       111      355      471      322      175      407      529      370      336      397      321      246      413      350      446      328      382      496      433      238      359      454      310      475      283      448      468      346      529      225      113      459      326      538      213      317      551      121      233      331      413      405      334      593      132      454      162      501      141      423      275      397      477      303      254      118      421      243      332      
13       323      342      419      297      343      358      398      718      129      158      167      275      413      0        312      633      588      110      256      548      510      407      307      636      294      346      262      771      194      583      242      488      368      637      117      114      431      289      195      82       207      524      606      677      684      381      166      282      202      401      278      636      469      153      532      322      587      405      307      526      224      116      321      347      659      388      410      172      380      286      552      645      280      174      133      653      175      510      516      175      245      
14       571      233      120      523      642      587      112      828      245      164      334      467      414      312      0        616      722      214      136      423      336      457      321      753      73       562      383      610      233      739      95       697      130      657      418      207      680      86       117      350      502      630      742      833      724      76       375      58       152      141      585      615      521      193      305      138      627      602      163      530      396      218      10       601      745      181      315      478      497      587      502      799      484      138      231      498      349      532      726      326      96       
15       524      383      584      475      689      486      714      323      518      565      469      427      223      633      616      0        316      652      496      243      344      231      334      294      680      457      378      324      751      365      549      466      503      78       618      573      554      532      601      716      619      242      328      412      147      667      489      658      687      518      706      6        182      682      431      748      115      422      764      107      432      554      613      543      232      797      301      649      298      672      118      391      442      618      700      280      465      129      478      459      544      
16       330      517      743      313      479      280      834      134      523      603      435      313      339      588      722      316      0        657      586      500      575      276      404      56       764      269      351      639      763      49       631      188      651      246      516      587      300      639      655      659      471      101      20       115      217      792      423      742      728      680      527      323      228      700      661      825      202      207      829      283      368      566      724      332      122      888      471      518      227      486      374      84       312      660      702      575      422      256      188      434      629      
17       423      309      329      389      453      453      289      782      139      96       222      354      428      110      214      652      657      0        199      525      469      439      317      700      185      436      310      742      106      659      165      579      295      668      227      78       533      213      103      136      317      582      676      754      723      277      242      175      91       324      387      653      506      46       473      212      624      490      198      548      290      98       224      449      714      278      390      282      436      397      556      722      363      77       48       624      235      538      608      224      170      
18       455      119      188      402      547      465      247      692      145      105      217      341      284      256      136      496      586      199      0        333      269      322      185      617      186      438      251      544      274      603      53       568      115      530      337      143      561      55       112      321      410      494      606      697      595      207      263      164      199      150      503      496      387      209      277      254      497      472      268      403      272      140      137      486      610      309      205      397      361      496      387      664      360      136      240      427      231      402      596      206      48       
19       575      216      362      516      725      554      504      547      418      429      416      449      199      548      423      243      500      525      333      0        104      265      255      498      494      521      358      224      608      540      382      590      295      312      579      454      645      350      446      627      615      402      517      611      386      457      455      474      531      300      714      239      279      542      189      561      317      515      584      218      416      441      417      603      453      599      138      628      360      690      133      584      471      469      570      109      420      244      612      402      377      
20       597      169      262      537      733      585      407      636      382      373      404      468      245      510      336      344      575      469      269      104      0        315      255      581      409      552      368      277      540      611      312      641      206      409      562      406      680      272      378      584      612      474      593      689      483      361      448      391      459      203      711      341      347      478      89       474      406      557      499      302      421      397      329      627      542      506      127      616      404      692      229      659      490      404      510      162      412      323      665      390      307      
21       320      241      467      264      480      293      567      371      301      363      240      205      70       407      457      231      276      439      322      265      315      0        137      298      507      260      148      463      544      304      372      327      376      230      387      361      381      372      409      489      393      177      296      391      284      523      258      485      491      403      485      234      67       475      395      573      184      249      582      123      201      341      457      345      288      631      199      420      95       454      183      359      223      420      488      365      235      103      351      232      368      
22       343      122      342      284      478      335      431      507      184      232      161      214      111      307      321      334      404      317      185      255      255      137      0        432      370      303      112      479      417      425      235      412      250      355      324      238      433      236      274      390      361      309      424      517      415      388      200      347      358      282      460      336      203      348      317      436      316      320      446      232      165      220      321      373      425      494      129      373      185      439      244      484      236      288      365      365      165      224      439      148      231      
23       386      539      765      367      536      336      864      82       564      641      478      362      355      636      753      294      56       700      617      498      581      298      432      0        798      324      391      619      807      97       664      244      674      218      568      628      356      668      692      709      526      123      51       117      176      821      470      776      767      700      584      300      242      742      669      861      186      263      866      280      413      607      754      389      75       922      486      572      265      542      367      98       363      699      746      565      466      258      241      476      661      
24       583      296      185      540      634      605      104      875      258      171      353      490      471      294      73       680      764      185      186      494      409      507      370      798      0        582      416      684      174      776      135      722      203      716      408      206      694      148      115      315      496      675      784      871      781      100      388      22       102      214      572      679      573      152      378      68       683      628      90       589      419      223      82       612      795      124      381      465      536      578      567      838      504      124      188      572      368      589      751      347      138      
25       68       423      622      49       233      33       672      403      323      411      229      96       322      346      562      457      269      436      438      521      552      260      303      324      582      0        195      723      536      250      467      142      536      420      255      380      129      493      467      406      202      246      282      337      434      639      196      563      520      571      265      462      280      482      620      633      361      63       628      364      166      361      567      87       371      699      424      250      167      225      441      308      78       462      474      625      214      334      171      236      466      
26       230      228      431      171      368      226      495      471      173      252      94       102      175      262      383      378      351      310      251      358      368      148      112      391      416      195      0        577      417      360      289      317      343      376      240      237      324      307      305      343      259      271      370      455      421      458      111      395      376      377      357      382      208      351      429      475      324      222      478      271      59       215      387      261      403      539      241      279      125      331      316      422      124      309      357      467      88       251      345      89       287      
27       783      434      521      725      939      756      669      643      642      646      640      661      407      771      610      324      639      742      544      224      277      463      479      619      684      723      577      0        817      686      589      768      480      401      803      674      840      549      655      849      836      554      652      737      461      626      678      666      737      472      934      318      453      754      313      746      436      706      773      371      635      663      602      808      555      773      361      851      556      907      284      715      682      680      785      118      644      403      786      627      584      
28       517      392      354      488      525      550      268      888      245      186      328      457      529      194      233      751      763      106      274      608      540      544      417      807      174      536      417      817      0        764      228      679      347      772      307      182      625      269      162      172      397      689      782      859      828      274      345      178      82       368      451      753      611      69       529      163      729      592      136      650      395      203      244      541      820      218      477      355      542      468      651      827      465      138      62       700      341      641      707      330      233      
29       305      542      766      297      446      255      851      161      529      611      437      308      370      583      739      365      49       659      603      540      611      304      425      97       776      250      360      686      764      0        646      148      674      295      503      592      262      657      665      651      451      138      46       95       266      810      420      754      733      704      500      371      263      703      695      835      250      186      837      325      369      571      741      304      170      899      502      499      242      458      417      62       304      668      702      619      424      297      143      438      643      
30       478      170      179      429      556      493      206      741      154      84       239      371      336      242      95       549      631      165      53       382      312      372      235      664      135      467      289      589      228      646      0        602      130      582      337      128      586      48       67       297      416      541      651      740      647      171      282      112      149      160      505      549      437      166      307      201      548      507      215      456      301      134      100      508      660      259      257      397      404      503      440      707      389      93       200      472      254      454      631      231      5        
31       176      535      747      190      300      131      808      310      463      550      368      231      397      488      697      466      188      579      568      590      641      327      412      244      722      142      317      768      679      148      602      0        658      408      391      522      113      623      606      545      324      224      193      215      397      772      338      702      662      692      359      472      316      625      718      774      353      95       770      397      302      502      701      166      310      840      519      375      237      317      485      192      218      603      617      685      353      365      29       374      600      
32       561      134      91       505      661      565      211      744      260      211      326      440      321      368      130      503      651      295      115      295      206      376      250      674      203      536      343      480      347      674      130      658      0        551      452      253      663      82       194      426      524      553      671      765      622      164      373      186      264      36       618      502      433      292      182      268      529      564      293      427      374      254      123      592      655      303      202      512      435      610      386      732      460      221      328      368      339      434      686      314      125      
33       488      424      637      445      653      445      759      244      531      588      470      405      246      637      657      78       246      668      530      312      409      230      355      218      716      420      376      401      772      295      582      408      551      0        607      590      505      571      628      719      597      185      256      336      74       713      483      694      713      570      679      84       168      702      498      784      59       377      797      126      423      570      655      504      154      837      349      632      275      642      180      316      418      643      717      358      464      130      418      462      578      
34       218      395      516      206      226      259      511      650      192      255      163      209      413      117      418      618      516      227      337      579      562      387      324      568      408      255      240      803      307      503      337      391      452      607      0        211      322      380      302      154      90       468      532      593      643      491      129      394      319      488      168      621      441      271      599      440      552      318      425      511      185      203      426      238      603      505      446      60       334      170      555      563      205      285      250      688      160      489      418      176      339      
35       377      240      307      336      435      401      305      708      63       44       155      291      350      114      207      573      587      78       143      454      406      361      238      628      206      380      237      674      182      592      128      522      253      590      211      0        488      175      93       178      295      508      606      687      645      281      184      189      142      287      379      575      428      114      420      252      546      430      248      469      224      21       215      405      638      319      317      271      362      380      478      654      304      82       127      556      169      459      551      153      131      
36       110      552      747      158      189      98       788      423      437      523      346      223      446      431      680      554      300      533      561      645      680      381      433      356      694      129      324      840      625      262      586      113      663      505      322      488      0        616      578      475      241      320      306      325      502      757      306      676      622      698      255      560      388      579      749      739      447      134      730      473      289      471      686      84       420      806      553      292      286      214      556      303      202      570      565      747      331      441      126      355      586      
37       509      148      136      457      596      520      195      743      192      131      270      396      328      289      86       532      639      213      55       350      272      372      236      668      148      493      307      549      269      657      48       623      82       571      380      175      616      0        112      345      457      545      659      751      638      153      315      126      187      112      548      532      435      211      261      216      541      528      235      445      327      178      85       540      659      265      233      441      415      544      419      717      415      139      246      434      285      446      652      260      44       
38       468      231      227      424      527      489      212      771      143      55       237      374      382      195      117      601      655      103      112      446      378      409      274      692      115      467      305      655      162      665      67       606      194      628      302      93       578      112      0        238      387      570      675      760      690      189      273      97       87       222      469      601      476      99       374      170      590      513      174      503      304      107      126      497      695      235      317      361      428      472      495      727      389      27       134      538      252      498      635      232      72       
39       372      417      466      357      356      413      418      791      209      217      249      346      496      82       350      716      659      136      321      627      584      489      390      709      315      406      343      849      172      651      297      545      426      719      154      178      475      345      238      0        236      601      676      742      764      411      241      308      213      457      280      718      551      163      598      327      668      468      304      608      301      187      360      392      736      387      489      189      458      300      634      711      347      213      128      731      255      592      572      257      301      
40       148      450      594      160      140      196      598      605      265      338      209      192      433      207      502      619      471      317      410      615      612      393      361      526      496      202      259      836      397      451      416      324      524      597      90       295      241      457      387      236      0        439      485      535      623      576      163      481      409      560      99       623      437      361      658      530      539      265      515      515      200      284      510      161      570      595      489      51       322      86       572      507      178      372      340      725      200      489      348      222      418      
41       314      418      644      280      477      268      741      201      444      520      362      259      238      524      630      242      101      582      494      402      474      177      309      123      675      246      271      554      689      138      541      224      553      185      468      508      320      545      570      601      439      0        120      216      188      698      359      653      646      581      511      248      127      623      560      738      129      195      744      188      300      487      631      326      135      799      370      481      146      471      280      185      265      577      629      482      351      159      236      359      538      
42       342      537      763      328      488      292      854      121      542      622      453      330      359      606      742      328      20       676      606      517      593      296      424      51       784      282      370      652      782      46       651      193      671      256      532      606      306      659      675      676      485      120      0        96       222      812      440      762      747      699      539      335      247      719      680      845      215      220      848      299      387      585      744      343      123      907      491      532      247      497      390      66       329      680      721      591      441      273      190      453      649      
43       386      631      857      386      514      338      945      125      624      707      532      402      454      677      833      412      115      754      697      611      689      391      517      117      871      337      455      737      859      95       740      215      765      336      593      687      325      751      760      742      535      216      96       0        288      904      514      849      829      794      574      418      343      798      776      931      303      275      932      393      464      666      835      380      186      994      587      585      336      532      482      33       397      763      797      682      519      368      199      533      738      
44       502      493      708      466      665      456      828      182      584      647      516      436      310      684      724      147      217      723      595      386      483      284      415      176      781      434      421      461      828      266      647      397      622      74       643      645      502      638      690      764      623      188      222      288      0        782      524      759      773      642      698      152      217      759      572      849      99       383      860      195      464      625      723      514      102      903      420      662      309      659      254      274      445      703      772      427      508      192      402      510      643      
45       648      289      105      600      716      664      47       894      321      239      410      543      475      381      76       667      792      277      207      457      361      523      388      821      100      639      458      626      274      810      171      772      164      713      491      281      757      153      189      411      576      698      812      904      782      0        452      102      201      158      658      666      585      249      313      134      688      677      167      587      472      293      71       678      809      147      365      550      568      661      550      871      560      207      286      520      426      592      801      402      172      
46       196      288      451      151      291      216      482      552      130      217      47       112      283      166      375      489      423      242      263      455      448      258      200      470      388      196      111      678      345      420      282      338      373      483      129      184      306      315      273      241      163      359      440      514      524      452      0        370      324      409      262      493      315      287      496      437      430      248      432      382      60       166      381      226      494      504      326      173      216      245      425      482      120      267      283      565      36       361      367      60       282      
47       565      274      176      521      621      586      116      853      239      152      333      470      448      282      58       658      742      175      164      474      391      485      347      776      22       563      395      666      178      754      112      702      186      694      394      189      676      126      97       308      481      653      762      849      759      102      370      0        100      199      560      657      550      146      364      90       661      607      109      567      399      205      68       594      773      146      360      453      514      565      546      816      485      109      184      553      348      567      731      327      116      
48       511      318      273      474      545      539      205      847      204      127      297      433      468      202      152      687      728      91       199      531      459      491      358      767      102      520      376      737      82       733      149      662      264      713      319      142      622      187      87       213      409      646      747      829      773      201      324      100      0        285      478      688      558      51       446      120      674      571      108      589      366      162      163      538      774      186      404      374      502      488      583      796      445      70       85       620      311      583      691      295      154      
49       597      162      66       541      697      601      204      769      296      243      362      475      346      401      141      518      680      324      150      300      203      403      282      700      214      571      377      472      368      704      160      692      36       570      488      287      698      112      222      457      560      581      699      794      642      158      409      199      285      0        654      516      459      317      164      274      551      598      303      447      410      288      132      628      679      303      222      548      467      647      400      762      496      248      354      363      376      457      720      351      157      
