

sets
i        orders          /0*20/
k        routes          /1*20/
p        positions       /0*20/
;

alias(i,j)
alias(i,h)
alias(i,hh)
alias(i,jj)
alias(k,kk)
                            Parameters

rho(i)	Processing time
/
0	0
1	16
2	40
3	99
4	40
5	72
6	13
7	10
8	89
9	44
10	84
11	70
12	75
13	32
14	30
15	29
16	11
17	31
18	23
19	6
20	46
/

gamma(i)	Duedate
/
0	0
1	25
2	77
3	91
4	45
5	86
6	22
7	39
8	77
9	20
10	14
11	94
12	99
13	58
14	59
15	61
16	28
17	93
18	62
19	38
20	41
/

sigma(i)	Size
/
0	0
1	2
2	2
3	5
4	5
5	7
6	5
7	7
8	6
9	1
10	6
11	4
12	9
13	4
14	5
15	3
16	7
17	9
18	9
19	8
20	4
/

epsilon(i)	Priority
/
0	0
1	8
2	8
3	2
4	9
5	8
6	6
7	8
8	8
9	4
10	5
11	6
12	1
13	3
14	8
15	9
16	1
17	4
18	3
19	9
20	8
/

psi	Vehicle Capacity
/ 30 /
;

Table kappa(i,j)                 Setup
         0        1        2        3        4        5        6        7        8        9        10       11       12       13       14       15       16       17       18       19       20       
0        0        824      706      723      616      601      803      520      640      1072     554      1050     647      412      1084     1111     236      724      796      942      685      
1        824      0        342      889      232      871      67       326      560      670      427      809      361      419      864      779      792      592      203      568      757      
2        706      342      0        552      202      552      387      405      224      425      158      507      59       332      560      510      776      250      159      295      419      
3        723      889      552      0        689      129      923      814      329      586      479      449      527      643      455      552      924      318      710      517      133      
4        616      232      202      689      0        654      245      208      370      621      210      710      183      204      762      711      630      426      193      495      562      
5        601      871      552      129      654      0        897      751      332      672      446      558      515      573      571      654      811      354      711      584      179      
6        803      67       387      923      245      897      0        290      596      733      451      867      398      408      922      841      753      636      261      629      793      
7        520      326      405      814      208      751      290      0        528      828      356      906      373      179      956      915      465      599      389      700      701      
8        640      560      224      329      370      332      596      528      0        435      171      421      198      383      463      471      775      86       383      313      197      
9        1072     670      425      586      621      672      733      828      435      0        535      198      468      749      244      116      1183     358      477      133      493      
10       554      427      158      479      210      446      451      356      171      535      0        568      99       222      615      598      647      245      291      402      354      
11       1050     809      507      449      710      558      867      906      421      198      568      0        532      791      55       110      1196     334      606      243      393      
12       647      361      59       527      183      515      398      373      198      468      99       532      0        281      583      545      722      243      200      336      395      
13       412      419      332      643      204      573      408      179      383      749      222      791      281      0        838      819      444      464      389      615      538      
14       1084     864      560      455      762      571      922      956      463      244      615      55       583      838      0        140      1237     376      661      297      414      
15       1111     779      510      552      711      654      841      915      471      116      598      110      545      819      140      0        1241     386      582      217      481      
16       236      792      776      924      630      811      753      465      775      1183     647      1196     722      444      1237     1241     0        862      823      1050     865      
17       724      592      250      318      426      354      636      599      86       358      245      334      243      464      376      386      862      0        401      244      187      
18       796      203      159      710      193      711      261      389      383      477      291      606      200      389      661      582      823      401      0        368      577      
19       942      568      295      517      495      584      629      700      313      133      402      243      336      615      297      217      1050     244      368      0        406      
20       685      757      419      133      562      179      793      701      197      493      354      393      395      538      414      481      865      187      577      406      0        
;



Table delta(i,j)                 Distance
         0        1        2        3        4        5        6        7        8        9        10       11       12       13       14       15       16       17       18       19       20       
0        0        2700     2580     5460     1800     5370     5910     3240     3570     5730     5850     5760     5700     3690     3420     5970     5190     4110     330      2400     2250     
1        2700     0        80       120      45       182      210      97       130      189      178      158      180      33       118      221      137      76       94       48       47       
2        2580     80       0        104      43       105      131      23       50       115      112      105      110      101      39       141      87       66       79       31       33       
3        5460     120      104      0        123      130      161      92       119      127      101      65       112      109      109      181      52       46       179      101      106      
4        1800     45       43       123      0        149      174      65       92       158      154      142      153      75       82       183      122      77       59       21       17       
5        5370     182      105      130      149      0        31       84       60       14       39       73       25       195      67       51       78       129      169      134      137      
6        5910     210      131      161      174      31       0        112      82       35       65       102      51       225      92       22       109      161      186      162      164      
7        3240     97       23       92       65       84       112      0        35       93       89       84       87       114      23       124      67       63       101      50       52       
8        3570     130      50       119      92       60       82       35       0        72       79       90       72       149      12       91       80       97       109      81       83       
9        5730     189      115      127      158      14       35       93       72       0        30       66       16       200      78       57       75       132      181      143      146      
10       5850     178      112      101      154      39       65       89       79       30       0        38       14       185      80       87       50       113      186      135      139      
11       5760     158      105      65       142      73       102      84       90       66       38       0        50       158      86       123      21       86       185      121      126      
12       5700     180      110      112      153      25       51       87       72       16       14       50       0        189      75       73       60       120      181      136      139      
13       3690     33       101      109      75       195      225      114      149      200      185      158      189      0        137      239      138      72       127      71       72       
14       3420     118      39       109      82       67       92       23       12       78       80       86       75       137      0        102      73       85       105      70       72       
15       5970     221      141      181      183      51       22       124      91       57       87       123      73       239      102      0        129      177      188      173      174      
16       5190     137      87       52       122      78       109      67       80       75       50       21       60       138      73       129      0        65       167      101      105      
17       4110     76       66       46       77       129      161      63       97       132      113      86       120      72       85       177      65       0        134      56       61       
18       330      94       79       179      59       169      186      101      109      181      186      185      181      127      105      188      167      134      0        78       73       
19       2400     48       31       101      21       134      162      50       81       143      135      121      136      71       70       173      101      56       78       0        5        
20       2250     47       33       106      17       137      164      52       83       146      139      126      139      72       72       174      105      61       73       5        0        
;

