
sets
i        orders          /0*40/
k        routes          /1*40/
p        positions       /0*40/
;

alias(i,j)
alias(i,h)
alias(i,hh)
alias(i,jj)
alias(k,kk)
                
                    Parameters

rho(i)	Processing time
/
0	0
1	50
2	94
3	29
4	10
5	41
6	97
7	63
8	72
9	94
10	56
11	79
12	13
13	82
14	14
15	43
16	78
17	17
18	6
19	64
20	35
21	34
22	75
23	33
24	30
25	59
26	25
27	10
28	57
29	37
30	39
31	61
32	7
33	25
34	41
35	40
36	58
37	90
38	97
39	70
40	30
/

gamma(i)	Duedate
/
0	0
1	7
2	62
3	11
4	95
5	67
6	34
7	54
8	67
9	27
10	3
11	24
12	52
13	90
14	84
15	69
16	39
17	74
18	63
19	74
20	41
21	29
22	93
23	82
24	33
25	91
26	52
27	48
28	35
29	81
30	84
31	9
32	2
33	56
34	67
35	46
36	1
37	72
38	20
39	29
40	18
/

sigma(i)	Size
/
0	0
1	8
2	9
3	1
4	7
5	4
6	5
7	1
8	3
9	7
10	6
11	6
12	5
13	4
14	5
15	8
16	4
17	2
18	2
19	7
20	8
21	7
22	7
23	7
24	4
25	4
26	3
27	9
28	8
29	1
30	5
31	5
32	2
33	1
34	8
35	3
36	9
37	2
38	3
39	1
40	8
/

epsilon(i)	Priority
/
0	0
1	4
2	7
3	1
4	6
5	8
6	7
7	1
8	4
9	1
10	6
11	7
12	8
13	9
14	9
15	9
16	5
17	2
18	2
19	9
20	7
21	5
22	8
23	6
24	3
25	9
26	4
27	4
28	2
29	6
30	1
31	2
32	8
33	1
34	4
35	7
36	8
37	2
38	4
39	8
40	3
/

psi	Vehicle Capacity
/ 13 /
;

Table kappa(i,j)                 Setup
         0        1        2        3        4        5        6        7        8        9        10       11       12       13       14       15       16       17       18       19       20       21       22       23       24       25       26       27       28       29       30       31       32       33       34       35       36       37       38       39       40       
0        0        178      76       419      351      233      372      234      358      367      281      220      97       307      40       30       211      373      394      124      186      190      338      314      196      187      261      81       315      349      409      126      318      406      409      284      368      449      213      375      219      
1        178      0        159      397      314      137      214      112      289      243      205      165      82       368      173      149      259      316      391      249      21       243      241      318      329      15       290      228      308      365      357      52       155      334      274      265      307      437      336      276      138      
2        76       159      0        343      274      169      321      177      283      302      209      148      84       245      38       57       141      297      319      90       159      120      268      239      170      162      189      72       239      277      333      111      273      330      347      207      292      374      179      305      152      
3        419      397      343      0        83       263      340      294      131      246      197      233      384      188      379      400      218      99       48       333      377      236      196      109      337      384      167      370      104      98       71       389      348      116      274      138      109      44       317      187      258      
4        351      314      274      83       0        179      267      210      63       177      114      151      306      184      312      329      168      41       94       280      294      182      122      76       303      301      126      311      58       106      61       309      269      80       214      68       46       126      286      124      175      
5        233      137      169      263      179      0        161      33       152      133      67       48       154      273      204      204      179      179      263      232      116      172      110      198      296      123      189      237      184      246      220      144      126      198      177      140      170      305      293      148      19       
6        372      214      321      340      267      161      0        144      209      95       175      205      278      416      352      342      335      241      361      393      196      330      145      321      458      199      332      393      302      365      273      254      59       231      88       266      231      384      454      154      181      
7        234      112      177      294      210      33       144      0        178      138      96       79       146      305      210      203      207      206      296      250      90       199      128      231      318      97       221      249      217      280      248      130      101      222      177      174      197      337      317      164      48       
8        358      289      283      131      63       152      209      178      0        116      85       141      298      241      322      333      204      32       154      308      268      214      64       134      343      275      173      333      114      168      71       294      218      47       151      101      22       176      330      61       155      
9        367      243      302      246      177      133      95       138      116      0        109      160      283      341      338      337      276      147      270      356      221      277      58       239      410      227      262      367      219      280      178      268      121      136      47       190      137      290      402      59       150      
10       281      205      209      197      114      67       175      96       85       109      0        61       214      241      247      253      167      111      203      251      184      168      60       148      301      191      157      266      131      195      152      209      162      132      156      91       102      241      293      96       69       
11       220      165      148      233      151      48       205      79       141      160      61       0        157      225      186      193      131      161      226      196      146      126      120      155      254      153      141      208      144      204      201      157      174      189      207      100      154      272      249      157      32       
12       97       82       84       384      306      154      278      146      298      283      214      157      0        317      91       68       209      319      369      173      89       189      264      290      253      89       250      148      285      334      359      30       222      346      323      246      312      421      263      302      144      
13       307      368      245      188      184      273      416      305      241      341      241      225      317      0        269      300      109      225      142      190      355      128      283      107      162      361      85       234      127      90       232      336      397      263      385      151      230      192      138      300      257      
14       40       173      38       379      312      204      352      210      322      338      247      186      91       269      0        34       171      335      354      93       177      150      306      274      171      179      221      58       275      309      371      121      301      369      382      244      331      409      185      343      188      
15       30       149      57       400      329      204      342      203      333      337      253      193      68       300      34       0        199      349      377      127      157      177      310      297      205      157      247      90       297      335      386      97       288      380      379      263      343      432      219      347      190      
16       211      259      141      218      168      179      335      207      204      276      167      131      209      109      171      199      0        203      185      115      248      21       223      109      139      254      51       152      116      138      229      227      305      242      322      104      202      242      127      250      160      
17       373      316      297      99       41       179      241      206      32       147      111      161      319      225      335      349      203      0        124      313      295      215      97       118      340      302      165      340      99       145      41       317      251      40       179      99       10       143      324      90       179      
18       394      391      319      48       94       263      361      296      154      270      203      226      369      142      354      377      185      124      0        298      373      205      216      80       295      380      134      338      84       53       110      377      362      152      304      126      133      56       274      214      255      
19       124      249      90       333      280      232      393      250      308      356      251      196      173      190      93       127      115      313      298      0        247      98       311      224      80       251      165      45       232      248      342      201      350      351      403      214      311      355      92       344      213      
20       186      21       159      377      294      116      196      90       268      221      184      146      89       355      177      157      248      295      373      247      0        232      219      301      325      7        276      230      290      349      336      61       138      313      254      247      286      418      331      254      119      
21       190      243      120      236      182      172      330      199      214      277      168      126      189      128      150      177      21       215      205      98       232      0        226      128      133      238      71       133      133      159      243      208      298      254      324      116      214      261      124      256      152      
22       338      241      268      196      122      110      145      128      64       58       60       120      264      283      306      310      223      97       216      311      219      226      0        181      359      225      205      327      161      222      134      255      154      99       101      132      87       240      350      37       120      
23       314      318      239      109      76       198      321      231      134      239      148      155      290      107      274      297      109      118      80       224      301      128      181      0        233      308      59       261      20       48       130      300      310      157      280      58       122      135      214      194      186      
24       196      329      170      337      303      296      458      318      343      410      301      254      253      162      171      205      139      340      295      80       325      133      359      233      0        329      176      115      246      242      362      281      419      380      457      242      341      349      24       389      277      
25       187      15       162      384      301      123      199      97       275      227      191      153      89       361      179      157      254      302      380      251      7        238      225      308      329      0        282      232      297      356      344      60       141      320      259      254      293      425      335      261      126      
26       261      290      189      167      126      189      332      221      173      262      157      141      250      85       221      247      51       165      134      165      276      71       205      59       176      282      0        203      70       87       185      264      312      205      307      73       167      190      159      226      173      
27       81       228      72       370      311      237      393      249      333      367      266      208      148      234      58       90       152      340      338      45       230      133      327      261      115      232      203      0        266      289      372      177      345      377      413      243      337      394      132      362      218      
28       315      308      239      104      58       184      302      217      114      219      131      144      285      127      275      297      116      99       84       232      290      133      161      20       246      297      70       266      0        64       115      293      293      139      260      43       103      135      229      174      174      
29       349      365      277      98       106      246      365      280      168      280      195      204      334      90       309      335      138      145      53       248      349      159      222      48       242      356      87       289      64       0        145      345      358      181      319      106      152      107      220      230      235      
30       409      357      333      71       61       220      273      248      71       178      152      201      359      232      371      386      229      41       110      342      336      243      134      130      362      344      185      372      115      145      0        358      288      45       204      129      50       113      344      119      220      
31       126      52       111      389      309      144      254      130      294      268      209      157      30       336      121      97       227      317      377      201      61       208      255      300      281      60       264      177      293      345      358      0        197      341      305      252      310      427      290      292      139      
32       318      155      273      348      269      126      59       101      218      121      162      174      222      397      301      288      305      251      362      350      138      298      154      310      419      141      312      345      293      358      288      197      0        251      134      253      240      393      418      175      145      
33       406      334      330      116      80       198      231      222      47       136      132      189      346      263      369      380      242      40       152      351      313      254      99       157      380      320      205      377      139      181      45       341      251      0        159      138      40       157      365      77       202      
34       409      274      347      274      214      177      88       177      151      47       156      207      323      385      382      379      322      179      304      403      254      324      101      280      457      259      307      413      260      319      204      305      134      159      0        234      170      317      449      89       194      
35       284      265      207      138      68       140      266      174      101      190      91       100      246      151      244      263      104      99       126      214      247      116      132      58       242      254      73       243      43       106      129      252      253      138      234      0        98       175      228      152      130      
36       368      307      292      109      46       170      231      197      22       137      102      154      312      230      331      343      202      10       133      311      286      214      87       122      341      293      167      337      103      152      50       310      240      40       170      98       0        153      326      81       171      
37       449      437      374      44       126      305      384      337      176      290      241      272      421      192      409      432      242      143      56       355      418      261      240      135      349      425      190      394      135      107      113      427      393      157      317      175      153      0        327      231      299      
38       213      336      179      317      286      293      454      317      330      402      293      249      263      138      185      219      127      324      274      92       331      124      350      214      24       335      159      132      229      220      344      290      418      365      449      228      326      327      0        377      274      
39       375      276      305      187      124      148      154      164      61       59       96       157      302      300      343      347      250      90       214      344      254      256      37       194      389      261      226      362      174      230      119      292      175      77       89       152      81       231      377      0        158      
40       219      138      152      258      175      19       181      48       155      150      69       32       144      257      188      190      160      179      255      213      119      152      120      186      277      126      173      218      174      235      220      139      145      202      194      130      171      299      274      158      0        
;



Table delta(i,j)                 Distance
         0        1        2        3        4        5        6        7        8        9        10       11       12       13       14       15       16       17       18       19       20       21       22       23       24       25       26       27       28       29       30       31       32       33       34       35       36       37       38       39       40       
0        0        8280     7890     9060     3330     5430     10320    4980     7890     7650     8460     7650     8010     2790     10530    1920     3870     6060     3330     7650     1530     9420     8310     7020     9390     420      1170     1470     2040     5490     6930     4650     4110     2370     8160     8640     2040     1830     2220     8250     9270     
1        8280     0        123      83       316      224      69       311      58       29       9        36       114      369      75       335      151      276      319      118      317      122      219      50       111      268      284      264      336      218      199      324      352      319      9        234      339      337      338      190      146      
2        7890     123      0        64       341      293      151      229      173      137      119      89       226      351      168      306      179      177      344      225      313      244      321      88       233      261      254      231      304      126      87       365      288      329      129      111      310      317      336      67       47       
3        9060     83       64       0        366      294      89       291      142      108      76       65       197      394      107      353      197      242      369      200      350      203      301      79       192      298      300      277      352      189      152      382      346      360      92       169      357      360      372      126      66       
4        3330     316      341      366      0        132      384      277      283      289      324      307      265      125      386      143      169      312      4        251      79       311      230      288      314      101      148      160      150      286      329      47       239      40       309      388      145      121      74       368      389      
5        5430     224      293      294      132      0        286      327      177      195      234      229      143      243      283      240      122      337      136      130      186      185      100      216      191      167      217      214      246      292      316      115      317      160      216      374      244      226      193      341      337      
6        10320    69       151      89       384      286      0        366      109      95       62       92       157      438      18       403      221      324      388      165      387      143      262      112      131      337      352      331      403      268      237      390      413      388      75       259      407      405      407      215      153      
7        4980     311      229      291      277      327      366      0        331      305      314      277      360      203      380      154      224      65       277      351      205      400      409      260      394      177      129      119      147      102      150      321      75       241      312      183      155      176      223      197      261      
8        7890     58       173      142      283      177      109      331      0        35       67       84       55       354      106      326      134      306      287      59       299      73       160      87       65       253      280      263      329      247      239      284      360      293      49       282      331      324      316      239      202      
9        7650     29       137      108      289      195      95       305      35       0        38       48       90       348      98       316      128      276      292      91       295      107      192      52       98       246      267      248      317      217      205      295      340      293      21       246      320      316      314      203      167      
10       8460     9        119      76       324      234      62       314      67       38       0        36       122      376      70       341      159      277      328      126      325      128      228      53       117      275      290      270      342      219      197      333      355      326      18       231      345      343      345      187      140      
11       7650     36       89       65       307      229      92       277      84       48       36       0        139      348      103      311      138      241      310      139      300      154      239      20       144      248      260      239      312      182      163      320      321      305      41       199      315      315      321      156      119      
12       8010     114      226      197      265      143      157      360      55       90       122      139      0        352      149      332      144      344      269      13       295      47       106      138      49       255      291      277      336      286      286      257      379      281      105      332      336      326      309      290      257      
13       2790     369      351      394      125      243      438      203      354      348      376      348      352      0        444      50       220      257      122      339      58       400      344      328      400      101      98       121      56       255      308      170      141      86       365      360      48       34       51       355      396      
14       10530    75       168      107      386      283      18       380      106      98       70       103      149      444      0        411      225      339      390      158      392      130      253      123      119      343      360      340      412      282      254      390      425      392      79       276      415      412      412      233      171      
15       1920     335      306      353      143      240      403      154      326      316      341      311      332      50       411      0        192      207      141      319      63       379      339      291      378      77       52       75       8        206      259      190      99       102      331      310      4        23       74       306      350      
16       3870     151      179      197      169      122      221      224      134      128      159      138      144      220      225      192      0        221      172      132      167      189      186      119      186      119      147      133      195      171      193      186      235      167      146      251      196      190      186      221      226      
17       6060     276      177      242      312      337      324      65       306      276      277      241      344      257      339      207      221      0        313      336      248      378      408      226      371      210      170      153      201      58       92       353      139      281      279      118      209      227      269      136      203      
18       3330     319      344      369      4        136      388      277      287      292      328      310      269      122      390      141      172      313      0        255      77       315      234      291      318      102      147      160      148      288      330      49       237      38       313      389      143      119      71       370      391      
19       7650     118      225      200      251      130      165      351      59       91       126      139      13       339      158      319      132      336      255      0        281      60       101      136      62       242      279      265      323      279      281      244      368      268      108      329      323      313      296      288      258      
20       1530     317      313      350      79       186      387      205      299      295      325      300      295      58       392      63       167      248      77       281      0        342      286      279      342      52       78       96       71       233      282      126      160      39       313      338      65       43       23       326      360      
21       9420     122      244      203      311      185      143      400      73       107      128      154      47       400      130      379      189      378      315      60       342      0        128      159      12       302      336      322      382      320      312      301      423      329      114      354      383      373      357      311      268      
22       8310     219      321      301      230      100      262      409      160      192      228      239      106      344      253      339      186      408      234      101      286      128      0        233      138      263      310      304      344      355      367      205      409      260      210      419      342      326      294      381      357      
23       7020     50       88       79       288      216      112      260      87       52       53       20       138      328      123      291      119      226      291      136      279      159      233      0        150      228      239      218      291      168      153      303      302      285      52       195      295      295      301      152      124      
24       9390     111      233      192      314      191      131      394      65       98       117      144      49       400      119      378      186      371      318      62       342      12       138      150      0        302      334      319      381      312      303      305      419      330      104      344      382      373      358      300      257      
25       420      268      261      298      101      167      337      177      253      246      275      248      255      101      343      77       119      210      102      242      52       302      263      228      302      0        51       59       82       187      234      144      151      73       263      291      81       71       75       276      308      
26       1170     284      254      300      148      217      352      129      280      267      290      260      291      98       360      52       147      170      147      279      78       336      310      239      334      51       0        23       51       159      210      193      100      113      282      264      56       64       99       257      299      
27       1470     264      231      277      160      214      331      119      263      248      270      239      277      121      340      75       133      153      160      265      96       322      304      218      319      59       23       0        74       137      188      203      105      128      262      243      79       87       118      234      275      
28       2040     336      304      352      150      246      403      147      329      317      342      312      336      56       412      8        195      201      148      323      71       382      344      291      381      82       51       74       0        202      255      197      91       110      333      305      8        31       82       302      348      
29       5490     218      126      189      286      292      268      102      247      217      219      182      286      255      282      206      171      58       288      279      233      320      355      168      312      187      159      137      202      0        53       323      165      261      220      105      209      222      256      102      160      
30       6930     199      87       152      329      316      237      150      239      205      197      163      286      308      254      259      193      92       330      281      282      312      367      153      303      234      210      188      255      53       0        362      218      307      204      59       262      274      305      48       111      
31       4650     324      365      382      47       115      390      321      284      295      333      320      257      170      390      190      186      353      49       244      126      301      205      303      305      144      193      203      197      323      362      0        285      87       316      421      192      168      119      398      412      
32       4110     352      288      346      239      317      413      75       360      340      355      321      379      141      425      99       235      139      237      368      160      423      409      302      419      151      100      105      91       165      218      285      0        199      351      256      98       122      173      266      325      
33       2370     319      329      360      40       160      388      241      293      293      326      305      281      86       392      102      167      281      38       268      39       329      260      285      330      73       113      128      110      261      307      87       199      0        313      365      104      81       34       349      376      
34       8160     9        129      92       309      216      75       312      49       21       18       41       105      365      79       331      146      279      313      108      313      114      210      52       104      263      282      262      333      220      204      316      351      313      0        240      336      333      332      197      154      
35       8640     234      111      169      388      374      259      183      282      246      231      199      332      360      276      310      251      118      389      329      338      354      419      195      344      291      264      243      305      105      59       421      256      365      240      0        313      327      361      44       110      
36       2040     339      310      357      145      244      407      155      331      320      345      315      336      48       415      4        196      209      143      323      65       383      342      295      382      81       56       79       8        209      262      192      98       104      336      313      0        24       75       309      354      
37       1830     337      317      360      121      226      405      176      324      316      343      315      326      34       412      23       190      227      119      313      43       373      326      295      373      71       64       87       31       222      274      168      122      81       333      327      24       0        51       321      362      
38       2220     338      336      372      74       193      407      223      316      314      345      321      309      51       412      74       186      269      71       296      23       357      294      301      358      75       99       118      82       256      305      119      173      34       332      361      75       51       0        349      383      
39       8250     190      67       126      368      341      215      197      239      203      187      156      290      355      233      306      221      136      370      288      326      311      381      152      300      276      257      234      302      102      48       398      266      349      197      44       309      321      349      0        71       
40       9270     146      47       66       389      337      153      261      202      167      140      119      257      396      171      350      226      203      391      258      360      268      357      124      257      308      299      275      348      160      111      412      325      376      154      110      354      362      383      71       0        
;

