
sets
i        orders          /0*40/
k        routes          /1*40/
p        positions       /0*40/
;

alias(i,j)
alias(i,h)
alias(i,hh)
alias(i,jj)
alias(k,kk)
                
                    Parameters

rho(i)	Processing time
/
0	0
1	24
2	53
3	78
4	73
5	43
6	16
7	6
8	77
9	8
10	23
11	83
12	2
13	52
14	89
15	80
16	3
17	32
18	85
19	33
20	19
21	21
22	61
23	13
24	86
25	46
26	61
27	55
28	31
29	52
30	61
31	11
32	83
33	46
34	55
35	96
36	98
37	36
38	27
39	92
40	1
/

gamma(i)	Duedate
/
0	0
1	54
2	15
3	7
4	33
5	26
6	22
7	48
8	89
9	8
10	40
11	65
12	66
13	7
14	98
15	68
16	60
17	62
18	66
19	20
20	98
21	28
22	69
23	71
24	77
25	50
26	66
27	25
28	15
29	6
30	96
31	31
32	8
33	74
34	59
35	78
36	8
37	49
38	93
39	89
40	89
/

sigma(i)	Size
/
0	0
1	7
2	8
3	4
4	9
5	6
6	6
7	1
8	3
9	3
10	7
11	8
12	6
13	4
14	4
15	9
16	1
17	6
18	3
19	7
20	8
21	5
22	2
23	4
24	2
25	6
26	6
27	4
28	6
29	6
30	5
31	2
32	3
33	5
34	9
35	3
36	2
37	2
38	3
39	9
40	5
/

epsilon(i)	Priority
/
0	0
1	5
2	1
3	9
4	4
5	4
6	2
7	8
8	6
9	7
10	5
11	3
12	6
13	3
14	4
15	3
16	3
17	5
18	5
19	5
20	2
21	1
22	6
23	6
24	8
25	6
26	5
27	9
28	2
29	3
30	6
31	5
32	9
33	7
34	8
35	7
36	2
37	2
38	3
39	1
40	9
/

psi	Vehicle Capacity
/ 11 /
;

Table kappa(i,j)                 Setup
         0        1        2        3        4        5        6        7        8        9        10       11       12       13       14       15       16       17       18       19       20       21       22       23       24       25       26       27       28       29       30       31       32       33       34       35       36       37       38       39       40       
0        0        302      115      249      179      209      211      336      81       333      266      75       102      320      156      88       144      216      104      349      117      183      258      327      376      122      296      200      336      223      118      99       141      221      355      79       86       129      155      63       184      
1        302      0        382      66       193      113      269      336      241      195      259      320      339      251      426      300      310      402      209      335      220      422      143      51       356      192      23       353      249      353      272      329      420      133      354      224      382      250      236      364      130      
2        115      382      0        320      211      274      195      302      195      354      256      179      199      319      44       199      254      122      212      318      163      70       297      394      342      190      382      133      337      160      120      56       39       327      317      166      57       244      271      75       283      
3        249      66       320      0        126      46       204      280      199      158      200      278      301      202      363      262      282      335      168      281      156      356      88       77       305      131      76       287      204      286      207      265      358      132      299      169      324      221      215      308      104      
4        179      193      211      126      0        81       84       191      174      154      107      238      266      147      251      233      276      209      155      199      62       236      85       190      226      72       201      160      160      161      91       155      250      206      212      114      232      223      233      223      156      
5        209      113      274      46       81       0        163      252      170      156      168      247      272      183      317      234      262      290      141      256      110      309      73       120      281      88       119      241      190      243      160      219      312      141      272      130      281      202      202      266      99       
6        211      269      195      204      84       163      0        125      234      167      61       282      310      124      224      285      334      147      223      138      113      193      136      258      165      141      280      95       142      86       93       144      231      289      145      171      234      289      303      234      239      
7        336      336      302      280      191      252      125      0        358      161      85       408      436      91       320      410      459      210      344      17       237      276      193      306      40       260      353      172      102      146      217      259      332      392      20       295      349      412      423      353      345      
8        81       241      195      199      174      170      234      358      0        316      278      79       102      321      237      64       101      281      31       369      121      259      234      274      396      102      230      254      334      272      155      166      222      143      379      63       167      57       79       143      113      
9        333      195      354      158      154      156      167      161      316      0        117      388      415      70       389      380      415      312      291      154      216      361      83       154      170      217      216      261      60       246      236      299      392      289      174      263      383      356      357      376      254      
10       266      259      256      200      107      168      61       85       278      117      0        334      362      63       284      334      380      196      262      92       158      250      116      236      119      178      274      146      81       129      151      205      292      307      105      215      294      330      340      293      259      
11       75       320      179      278      238      247      282      408      79       388      334      0        28       384      213      26       76       289      110      420      177      248      307      353      447      170      308      276      398      299      191      173      193      212      427      124      131      89       116      107      190      
12       102      339      199      301      266      272      310      436      102      415      362      28       0        412      230      39       64       313      133      449      206      269      334      375      476      197      326      302      426      325      219      199      210      225      456      152      148      97       122      125      209      
13       320      251      319      202      147      183      124      91       321      70       63       384      412      0        348      381      423      257      301      86       206      313      114      217      105      219      270      208      18       189      209      267      355      325      106      261      355      368      375      353      282      
14       156      426      44       363      251      317      224      320      237      389      284      213      230      348      0        235      289      121      256      337      206      52       336      437      359      234      426      148      366      174      160      97       21       371      334      211      82       285      312      106      328      
15       88       300      199      262      233      234      285      410      64       380      334      26       39       381      235      0        56       304      94       422      176      268      298      336      449      163      287      287      394      309      197      187      216      188      430      119      154      63       89       130      170      
16       144      310      254      282      276      262      334      459      101      415      380      76       64       423      289      56       0        361      123      470      222      324      331      351      498      204      294      343      435      364      250      243      269      184      479      164      207      61       74       183      181      
17       216      402      122      335      209      290      147      210      281      312      196      289      313      257      121      304      361      0        287      227      194      70       281      399      246      230      409      51       275      67       139      117      139      387      220      230      180      337      360      195      337      
18       104      209      212      168      155      141      223      344      31       291      262      110      133      301      256      94       123      287      0        354      110      272      208      242      381      84       199      255      312      270      153      176      242      117      365      57       190      67       80       168      82       
19       349      335      318      281      199      256      138      17       369      154      92       420      449      86       337      422      470      227      354      0        247      293      193      303      27       270      353      189      94       163      231      274      349      397      20       305      364      421      432      368      350      
20       117      220      163      156      62       110      113      237      121      216      158      177      206      206      206      176      222      194      110      247      0        202      143      231      275      35       222      154      221      165      55       109      202      193      257      58       174      175      190      163      142      
21       183      422      70       356      236      309      193      276      259      361      250      248      269      313      52       268      324      70       272      293      202      0        317      426      314      234      424      106      332      130      149      97       72       383      288      221      124      311      337      145      336      
22       258      143      297      88       85       73       136      193      234      83       116      307      334      114      336      298      331      281      208      193      143      317      0        122      216      138      160      229      118      223      176      240      336      212      211      183      316      273      274      306      172      
23       327      51       394      77       190      120      258      306      274      154      236      353      375      217      437      336      351      399      242      303      231      426      122      0        322      208      74       348      213      343      278      339      433      181      322      247      401      290      280      385      170      
24       376      356      342      305      226      281      165      40       396      170      119      447      476      105      359      449      498      246      381      27       275      314      216      322      0        297      374      211      109      185      258      300      372      422      26       333      389      449      459      394      376      
25       122      192      190      131      72       88       141      260      102      217      178      170      197      219      234      163      204      230      84       270      35       234      138      208      297      0        191      189      231      200      90       139      227      157      281      45       192      151      162      177      107      
26       296      23       382      76       201      119      280      353      230      216      274      308      326      270      426      287      294      409      199      353      222      424      160      74       374      191      0        361      269      362      276      330      418      113      371      220      378      234      220      359      118      
27       200      353      133      287      160      241      95       172      254      261      146      276      302      208      148      287      343      51       255      189      154      106      229      348      211      189      361      0        227      26       102      104      161      347      186      198      186      311      332      196      296      
28       336      249      337      204      160      190      142      102      334      60       81       398      426      18       366      394      435      275      312      94       221      332      118      213      109      231      269      227      0        208      226      284      373      330      114      274      373      380      385      370      289      
29       223      353      160      286      161      243      86       146      272      246      129      299      325      189      174      309      364      67       270      163      165      130      223      343      185      200      362      26       208      0        117      129      187      356      159      213      212      329      349      221      305      
30       118      272      120      207      91       160      93       217      155      236      151      191      219      209      160      197      250      139      153      231      55       149      176      278      258      90       276      102      226      117      0        64       159      247      236      96       147      212      231      143      197      
31       99       329      56       265      155      219      144      259      166      299      205      173      199      267      97       187      243      117      176      274      109      97       240      339      300      139      330      104      284      129      64       0        95       285      276      123      90       221      245      94       238      
32       141      420      39       358      250      312      231      332      222      392      292      193      210      355      21       216      269      139      242      349      202      72       336      433      372      227      418      161      373      187      159      95       0        359      346      201      62       268      295      86       317      
33       221      133      327      132      206      141      289      392      143      289      307      212      225      325      371      188      184      387      117      397      193      383      212      181      422      157      113      347      330      356      247      285      359      0        412      161      307      128      109      285      51       
34       355      354      317      299      212      272      145      20       379      174      105      427      456      106      334      430      479      220      365      20       257      288      211      322      26       281      371      186      114      159      236      276      346      412      0        315      365      432      444      370      365      
35       79       224      166      169      114      130      171      295      63       263      215      124      152      261      211      119      164      230      57       305      58       221      183      247      333      45       220      198      274      213      96       123      201      161      315      0        157      118      136      139      116      
36       86       382      57       324      232      281      234      349      167      383      294      131      148      355      82       154      207      180      190      364      174      124      316      401      389      192      378      186      373      212      147      90       62       307      365      157      0        208      236      25       269      
37       129      250      244      221      223      202      289      412      57       356      330      89       97       368      285      63       61       337      67       421      175      311      273      290      449      151      234      311      380      329      212      221      268      128      432      118      208      0        27       183      120      
38       155      236      271      215      233      202      303      423      79       357      340      116      122      375      312      89       74       360      80       432      190      337      274      280      459      162      220      332      385      349      231      245      295      109      444      136      236      27       0        211      111      
39       63       364      75       308      223      266      234      353      143      376      293      107      125      353      106      130      183      195      168      368      163      145      306      385      394      177      359      196      370      221      143      94       86       285      370      139      25       183      211      0        248      
40       184      130      283      104      156      99       239      345      113      254      259      190      209      282      328      170      181      337      82       350      142      336      172      170      376      107      118      296      289      305      197      238      317      51       365      116      269      120      111      248      0        
;



Table delta(i,j)                 Distance
         0        1        2        3        4        5        6        7        8        9        10       11       12       13       14       15       16       17       18       19       20       21       22       23       24       25       26       27       28       29       30       31       32       33       34       35       36       37       38       39       40       
0        0        10200    5700     9240     9480     8790     9660     540      3690     8760     9240     6960     9660     12420    12360    8970     10380    10890    7080     2880     14580    9390     13620    12900    8580     11400    3930     9870     5640     15570    3660     8820     1050     7830     6360     10590    9390     10050    10140    8130     10410    
1        10200    0        153      36       279      109      241      342      274      121      59       254      178      243      211      70       137      296      375      262      220      150      165      200      228      293      318      330      345      260      289      337      375      285      165      373      128      285      292      72       109      
2        5700     153      0        126      269      111      248      196      158      114      136      201      210      306      288      109      207      305      294      109      337      188      293      294      216      313      205      308      252      375      174      295      225      242      56       348      175      283      289      82       195      
3        9240     36       126      0        249      112      212      310      238      124      29       219      152      227      198      71       119      269      339      235      223      124      173      193      196      268      282      299      309      263      253      304      343      251      149      343      102      256      263      53       94       
4        9480     279      269      249      0        343      43       304      193      352      221      85       106      133      155      310      158      46       157      317      248      130      253      187      54       65       197      51       167      263      195      75       338      59       325      94       152      18       22       272      185      
5        8790     109      111      112      343      0        311      301      268      12       140      292      257      339      311      41       230      370      398      200      329      229      275      305      288      372      315      388      358      370      283      384      327      330      82       432      209      353      359      70       206      
6        9660     241      248      212      43       311      0        311      199      322      183      94       64       101      117      277      115      58       192      309      210      90       211      148      36       66       213      93       193      228      204      116      347      86       302      135      112      44       50       241      143      
7        540      342      196      310      304      301      311      0        112      301      307      220      314      405      404      305      342      350      218      108      481      307      450      424      275      368      114      314      171      512      109      278      36       247      222      338      308      322      325      275      344      
8        3690     274      158      238      193      268      199      112      0        272      226      108      207      295      296      257      240      239      144      142      377      203      353      318      163      256      47       209      97       407      15       178      147      139      208      238      209      211      215      219      248      
9        8760     121      114      124      352      12       322      301      272      0        152      300      268      351      322      53       242      380      404      198      341      240      287      317      298      383      319      398      364      382      288      393      326      338      80       441      221      363      370      81       218      
10       9240     59       136      29       221      140      183      307      226      152      0        196      123      198      171      100      90       240      318      242      203      94       156      168      169      238      269      271      291      242      241      278      342      226      168      315      73       228      234      75       67       
11       6960     254      201      219      85       292      94       220      108      300      196      0        121      194      203      266      168      131      123      235      292      131      280      230      61       148      119      110      108      316      111      93       255      40       258      147      146      103      107      226      187      
12       9660     178      210      152      106      257      64       314      207      268      123      121      0        97       89       220      53       117      239      290      172      28       159      111      66       115      233      157      229      200      216      174      351      133      261      199      50       108      114      187      79       
13       12420    243      306      227      133      339      101      405      295      351      198      194      97       0        37       299      108      106      290      388      121      118      143      67       133      87       313      170      295      131      302      206      442      187      354      202      133      120      123      272      134      
14       12360    211      288      198      155      311      117      404      296      322      171      203      89       37       0        270      82       136      309      377      93       102      107      33       141      120      320      198      308      113      305      230      441      203      332      233      112      146      150      246      104      
15       8970     70       109      71       310      41       277      305      257      53       100      266      220      299      270      0        190      335      378      212      289      192      235      264      256      336      304      358      342      329      272      357      334      302      102      401      171      320      326      40       166      
16       10380    137      207      119      158      230      115      342      240      242      90       168      53       108      82       190      0        163      290      301      139      38       113      87       118      157      273      209      276      173      252      228      378      184      250      251      34       159      165      164      29       
17       10890    296      305      269      46       370      58       350      239      380      240      131      117      106      136      335      163      0        195      361      227      145      241      169      89       21       243      65       210      235      241      105      385      105      360      97       167      27       25       299      192      
18       7080     375      294      339      157      398      192      218      144      404      318      123      239      290      309      378      290      195      0        284      402      253      398      340      173      216      109      133      49       420      132      90       243      107      347      136      269      172      171      338      309      
19       2880     262      109      235      317      200      309      108      142      198      242      235      290      388      377      212      301      361      284      0        438      274      397      389      274      374      176      343      235      474      151      317      128      272      118      377      267      335      339      191      294      
20       14580    220      337      223      248      329      210      481      377      341      203      292      172      121      93       289      139      227      402      438      0        174      57       62       232      209      406      291      399      40       388      323      517      295      371      323      173      239      243      276      143      
21       9390     150      188      124      130      229      90       307      203      240      94       131      28       118      102      192      38       145      253      274      174      0        151      117      84       144      235      181      238      205      214      195      344      149      236      225      21       135      141      159      57       
22       13620    165      293      173      253      275      211      450      353      287      156      280      159      143      107      235      113      241      398      397      57       151      0        75       224      227      386      300      388      97       365      327      486      291      322      338      144      247      252      226      106      
23       12900    200      294      193      187      305      148      424      318      317      168      230      111      67       33       264      87       169      340      389      62       117      75       0        169      153      345      231      337      88       328      262      461      233      334      266      121      179      183      243      101      
24       8580     228      216      196      54       288      36       275      163      298      169      61       66       133      141      256      118      89       173      274      232      84       224      169      0        100      180      102      167      254      169      111      311      67       272      146      104      67       73       218      141      
25       11400    293      313      268      65       372      66       368      256      383      238      148      115      87       120      336      157      21       216      374      209      144      227      153      100      0        263      87       231      215      259      127      403      125      367      115      165      47       46       302      186      
26       3930     318      205      282      197      315      213      114      47       319      269      119      233      313      320      304      273      243      109      176      406      235      386      345      180      263      0        201      60       432      31       164      145      138      253      223      243      216      218      266      284      
27       9870     330      308      299      51       388      93       314      209      398      271      110      157      170      198      358      209      65       133      343      291      181      300      231      102      87       201      0        158      301      207      43       346      71       365      43       203      52       48       319      236      
28       5640     345      252      309      167      358      193      171      97       364      291      108      229      295      308      342      276      210      49       235      399      238      388      337      167      231      60       158      0        421      84       116      197      109      303      172      251      184      185      302      292      
29       15570    260      375      263      263      370      228      512      407      382      242      316      200      131      113      329      173      235      420      474      40       205      97       88       254      215      432      301      421      0        416      337      549      315      411      330      207      251      254      316      180      
30       3660     289      174      253      195      283      204      109      15       288      241      111      216      302      305      272      252      241      132      151      388      214      365      328      169      259      31       207      84       416      0        174      143      139      222      234      221      213      216      235      260      
31       8820     337      295      304      75       384      116      278      178      393      278      93       174      206      230      357      228      105      90       317      323      195      327      262      111      127      164      43       116      337      174      0        309      54       352      60       215      85       83       317      252      
32       1050     375      225      343      338      327      347      36       147      326      342      255      351      442      441      334      378      385      243      128      517      344      486      461      311      403      145      346      197      549      143      309      0        281      246      367      345      357      360      306      380      
33       7830     285      242      251      59       330      86       247      139      338      226      40       133      187      203      302      184      105      107      272      295      149      291      233      67       125      138      71       109      315      139      54       281      0        298      107      168      77       79       263      207      
34       6360     165      56       149      325      82       302      222      208      80       168      258      261      354      332      102      250      360      347      118      371      236      322      334      272      367      253      365      303      411      222      352      246      298      0        405      221      339      345      96       233      
35       10590    373      348      343      94       432      135      338      238      441      315      147      199      202      233      401      251      97       136      377      323      225      338      266      146      115      223      43       172      330      234      60       367      107      405      0        246      92       86       362      278      
36       9390     128      175      102      152      209      112      308      209      221      73       146      50       133      112      171      34       167      269      267      173      21       144      121      104      165      243      203      251      207      221      215      345      168      221      246      0        157      163      140      41       
37       10050    285      283      256      18       353      44       322      211      363      228      103      108      120      146      320      159      27       172      335      239      135      247      179      67       47       216      52       184      251      213      85       357      77       339      92       157      0        6        283      186      
38       10140    292      289      263      22       359      50       325      215      370      234      107      114      123      150      326      165      25       171      339      243      141      252      183      73       46       218      48       185      254      216      83       360      79       345      86       163      6        0        289      193      
39       8130     72       82       53       272      70       241      275      219      81       75       226      187      272      246      40       164      299      338      191      276      159      226      243      218      302      266      319      302      316      235      317      306      263      96       362      140      283      289      0        142      
40       10410    109      195      94       185      206      143      344      248      218      67       187      79       134      104      166      29       192      309      294      143      57       106      101      141      186      284      236      292      180      260      252      380      207      233      278      41       186      193      142      0        
;

