

sets
i        orders          /0*10/
k        routes          /1*10/
p        positions       /0*10/
;

alias(i,j)
alias(i,h)
alias(i,hh)
alias(i,jj)
alias(k,kk)
                            Parameters

rho(i)	Processing time
/
0	0
1	67
2	73
3	12
4	98
5	30
6	43
7	81
8	93
9	5
10	61
/

gamma(i)	Duedate
/
0	0
1	45
2	19
3	87
4	4
5	91
6	42
7	74
8	19
9	6
10	48
/

sigma(i)	Size
/
0	0
1	3
2	7
3	2
4	7
5	5
6	4
7	6
8	4
9	2
10	5
/

epsilon(i)	Priority
/
0	0
1	9
2	1
3	5
4	9
5	5
6	2
7	1
8	3
9	1
10	9
/

psi	Vehicle Capacity
/ 48 /
;

Table kappa(i,j)                 Setup
         0        1        2        3        4        5        6        7        8        9        10       
0        0        328      573      137      379      885      294      874      407      376      636      
1        328      0        255      460      580      710      215      992      167      315      602      
2        573      255      0        697      742      565      352      1059     202      393      602      
3        137      460      697      0        312      947      384      814      517      439      655      
4        379      580      742      312      0        779      392      502      540      362      428      
5        885      710      565      947      779      0        594      784      544      510      367      
6        294      215      352      384      392      594      0        776      151      109      404      
7        874      992      1059     814      502      784      776      0        884      686      477      
8        407      167      202      517      540      544      151      884      0        201      457      
9        376      315      393      439      362      510      109      686      201      0        295      
10       636      602      602      655      428      367      404      477      457      295      0        
;



Table delta(i,j)                 Distance
         0        1        2        3        4        5        6        7        8        9        10       
0        0        2460     3210     2970     1950     2610     3240     1950     1470     3450     3450     
1        2460     0        41       21       24       47       54       56       62       37       40       
2        3210     41       0        23       64       28       90       97       101      20       15       
3        2970     21       23       0        45       39       67       77       83       17       19       
4        1950     24       64       45       0        62       49       33       38       61       64       
5        2610     47       28       39       62       0        101      95       93       46       42       
6        3240     54       90       67       49       101      0        47       64       77       82       
7        1950     56       97       77       33       95       47       0        17       93       96       
8        1470     62       101      83       38       93       64       17       0        100      103      
9        3450     37       20       17       61       46       77       93       100      0        5        
10       3450     40       15       19       64       42       82       96       103      5        0        
;

