

sets
i        orders          /0*10/
k        routes          /1*10/
p        positions       /0*10/
;

alias(i,j)
alias(i,h)
alias(i,hh)
alias(i,jj)
alias(k,kk)
                            Parameters

rho(i)	Processing time
/
0	0
1	79
2	16
3	96
4	38
5	68
6	19
7	40
8	2
9	14
10	79
/

gamma(i)	Duedate
/
0	0
1	52
2	78
3	23
4	91
5	36
6	86
7	86
8	15
9	58
10	38
/

sigma(i)	Size
/
0	0
1	7
2	3
3	4
4	5
5	7
6	1
7	4
8	9
9	7
10	3
/

epsilon(i)	Priority
/
0	0
1	5
2	7
3	7
4	7
5	5
6	2
7	8
8	6
9	8
10	4
/

psi	Vehicle Capacity
/ 89 /
;

Table kappa(i,j)                 Setup
         0        1        2        3        4        5        6        7        8        9        10       
0        0        102      475      972      436      242      198      1014     623      553      658      
1        102      0        458      935      357      139      281      923      602      575      609      
2        475      458      0        505      302      453      418      775      147      219      244      
3        972      935      505      0        635      883      921      669      363      573      336      
4        436      357      302      635      0        261      509      587      387      515      300      
5        242      139      453      883      261      0        402      796      583      615      548      
6        198      281      418      921      509      402      0        1094     557      416      647      
7        1014     923      775      669      587      796      1094     0        743      978      559      
8        623      602      147      363      387      583      557      743      0        248      184      
9        553      575      219      573      515      615      416      978      248      0        423      
10       658      609      244      336      300      548      647      559      184      423      0        
;



Table delta(i,j)                 Distance
         0        1        2        3        4        5        6        7        8        9        10       
0        0        420      1080     840      1770     1260     480      2100     1980     990      780      
1        420      0        30       40       71       49       16       80       75       25       34       
2        1080     30       0        45       95       38       46       72       65       6        62       
3        840      40       45       0        60       23       43       43       39       46       43       
4        1770     71       95       60       0        83       57       90       92       92       37       
5        1260     49       38       23       83       0        59       34       27       42       64       
6        480      16       46       43       57       59       0        86       82       41       20       
7        2100     80       72       43       90       34       86       0        8        76       84       
8        1980     75       65       39       92       27       82       8        0        69       82       
9        990      25       6        46       92       42       41       76       69       0        58       
10       780      34       62       43       37       64       20       84       82       58       0        
;

