

sets
i        orders          /0*5/
k        routes          /1*5/
p        positions       /0*5/
;

alias(i,j)
alias(i,h)
alias(i,hh)
alias(i,jj)
alias(k,kk)
                            Parameters

rho(i)	Processing time
/
0	0
1	97
2	79
3	5
4	63
5	24
/

gamma(i)	Duedate
/
0	0
1	77
2	77
3	84
4	96
5	86
/

sigma(i)	Size
/
0	0
1	2
2	7
3	5
4	9
5	5
/

epsilon(i)	Priority
/
0	0
1	7
2	9
3	3
4	2
5	9
/

psi	Vehicle Capacity
/ 50 /
;

Table kappa(i,j)                 Setup
         0        1        2        3        4        5        
0        0        185      326      299      456      480      
1        185      0        225      415      484      344      
2        326      225      0        379      324      162      
3        299      415      379      0        243      528      
4        456      484      324      243      0        416      
5        480      344      162      528      416      0        
;



Table delta(i,j)                 Distance
         0        1        2        3        4        5        
0        0        95       150      51       66       9        
1        95       0        223      138      30       96       
2        150      223      0        99       203      143      
3        51       138      99       0        113      46       
4        66       30       203      113      0        68       
5        9        96       143      46       68       0        
;

