

sets
i        orders          /0*20/
k        routes          /1*20/
p        positions       /0*20/
;

alias(i,j)
alias(i,h)
alias(i,hh)
alias(i,jj)
alias(k,kk)
                            Parameters

rho(i)	Processing time
/
0	0
1	8
2	6
3	5
4	4
5	91
6	60
7	46
8	97
9	61
10	50
11	1
12	79
13	74
14	52
15	65
16	63
17	74
18	72
19	93
20	89
/

gamma(i)	Duedate
/
0	0
1	12
2	47
3	7
4	15
5	77
6	20
7	58
8	4
9	17
10	51
11	27
12	53
13	14
14	24
15	43
16	69
17	87
18	79
19	78
20	42
/

sigma(i)	Size
/
0	0
1	1
2	3
3	1
4	1
5	6
6	8
7	7
8	3
9	1
10	6
11	4
12	4
13	1
14	2
15	2
16	2
17	4
18	5
19	9
20	7
/

epsilon(i)	Priority
/
0	0
1	7
2	3
3	1
4	2
5	1
6	1
7	5
8	3
9	8
10	6
11	8
12	4
13	1
14	5
15	4
16	9
17	1
18	5
19	9
20	4
/

psi	Vehicle Capacity
/ 82 /
;

Table kappa(i,j)                 Setup
         0        1        2        3        4        5        6        7        8        9        10       11       12       13       14       15       16       17       18       19       20       
0        0        662      625      674      680      305      779      327      848      660      182      989      776      491      739      856      793      739      605      170      486      
1        662      0        369      501      521      805      876      817      750      892      568      852      328      899      591      701      573      231      358      814      587      
2        625      369      0        812      830      882      1138     900      1064     1103     637      1183     693      1032     906      1028     906      598      22       795      808      
3        674      501      812      0        20       599      394      598      253      466      494      374      262      582      94       218      120      325      793      740      240      
4        680      521      830      20       0        596      375      594      234      450      499      357      280      572      76       202      112      344      812      742      236      
5        305      805      882      599      596      0        546      21       687      393      250      819      794      189      629      718      701      794      860      216      360      
6        779      876      1138     394      375      546      0        532      242      177      615      323      652      408      329      310      395      719      1117     756      336      
7        327      817      900      598      594      21       532      0        677      376      266      809      798      168      625      711      697      801      878      235      358      
8        848      750      1064     253      234      687      242      677      0        395      667      140      468      596      159      71       190      553      1045     872      362      
9        660      892      1103     466      450      393      177      376      395      0        516      497      726      234      431      455      508      774      1081     609      306      
10       182      568      637      494      499      250      615      266      667      516      0        808      620      397      557      674      612      597      615      266      306      
11       989      852      1183     374      357      819      323      809      140      497      808      0        546      714      280      155      280      639      1165     1009     503      
12       776      328      693      262      280      794      652      798      468      726      620      546      0        817      327      407      279      98       679      886      464      
13       491      899      1032     582      572      189      408      168      596      234      397      714      817      0        582      643      660      839      1009     400      352      
14       739      591      906      94       76       629      329      625      159      431      557      280      327      582      0        126      78       403      888      789      272      
15       856      701      1028     218      202      718      310      711      71       455      674      155      407      643      126      0        130      495      1010     893      375      
16       793      573      906      120      112      701      395      697      190      508      612      280      279      660      78       130      0        365      889      853      341      
17       739      231      598      325      344      794      719      801      553      774      597      639      98       839      403      495      365      0        585      863      492      
18       605      358      22       793      812      860      1117     878      1045     1081     615      1165     679      1009     888      1010     889      585      0        775      786      
19       170      814      795      740      742      216      756      235      872      609      266      1009     886      400      789      893      853      863      775      0        518      
20       486      587      808      240      236      360      336      358      362      306      306      503      464      352      272      375      341      492      786      518      0        
;



Table delta(i,j)                 Distance
         0        1        2        3        4        5        6        7        8        9        10       11       12       13       14       15       16       17       18       19       20       
0        0        2460     4650     3240     3570     1620     3030     2460     2970     2790     2130     3180     2430     2700     4530     3270     1350     2550     2880     3360     3960     
1        2460     0        230      167      119      116      172      33       44       162      152      186      125      143      221      170      60       30       169      39       206      
2        4650     230      0        189      178      114      58       237      255      69       120      52       119      100      24       72       172      218      152      265      25       
3        3240     167      189      0        226      146      160      144      153      160      73       141      178      178      199      183      153      183      37       177      178      
4        3570     119      178      226      0        89       127      147      163      116      172      157      63       80       158      106      79       89       208      155      154      
5        1620     116      114      146      89       0        56       127      146      46       83       76       32       36       104      56       57       103      121      153      89       
6        3030     172      58       160      127      56       0        181      199      11       87       33       64       47       49       28       113      160      126      208      33       
7        2460     33       237      144      147      127      181      0        18       172      143      188      143      159      231      184      78       63       152      33       213      
8        2970     44       255      153      163      146      199      18       0        190      158      206      161      177      249      202      96       75       164      25       231      
9        2790     162      69       160      116      46       11       172      190      0        88       42       53       36       58       23       103      149      128      199      44       
10       2130     152      120      73       172      83       87       143      158      88       0        69       114      110      127      111      113      156      40       177      106      
11       3180     186      52       141      157      76       33       188      206      42       69       0        93       78       58       61       130      178      104      219      37       
12       2430     125      119      178      63       32       64       143      161      53       114      93       0        19       103      49       65       105      153      164      94       
13       2700     143      100      178      80       36       47       159      177      36       110      78       19       0        84       29       82       124      150      181      75       
14       4530     221      24       199      158      104      49       231      249      58       127      58       103      84       0        54       161      206      162      257      21       
15       3270     170      72       183      106      56       28       184      202      23       111      61       49       29       54       0        110      153      151      208      48       
16       1350     60       172      153      79       57       113      78       96       103      113      130      65       82       161      110      0        47       141      98       147      
17       2550     30       218      183      89       103      160      63       75       149      156      178      105      124      206      153      47       0        179      66       193      
18       2880     169      152      37       208      121      126      152      164      128      40       104      153      150      162      151      141      179      0        186      141      
19       3360     39       265      177      155      153      208      33       25       199      177      219      164      181      257      208      98       66       186      0        241      
20       3960     206      25       178      154      89       33       213      231      44       106      37       94       75       21       48       147      193      141      241      0        
;

