

sets
i        orders          /0*20/
k        routes          /1*20/
p        positions       /0*20/
;

alias(i,j)
alias(i,h)
alias(i,hh)
alias(i,jj)
alias(k,kk)
                            Parameters

rho(i)	Processing time
/
0	0
1	66
2	15
3	30
4	81
5	30
6	91
7	90
8	96
9	99
10	70
11	22
12	90
13	74
14	51
15	80
16	38
17	57
18	90
19	17
20	68
/

gamma(i)	Duedate
/
0	0
1	76
2	39
3	68
4	16
5	37
6	94
7	57
8	47
9	7
10	97
11	88
12	36
13	58
14	76
15	73
16	75
17	97
18	89
19	42
20	3
/

sigma(i)	Size
/
0	0
1	9
2	2
3	3
4	7
5	8
6	5
7	3
8	9
9	5
10	7
11	2
12	2
13	5
14	4
15	4
16	7
17	6
18	6
19	6
20	9
/

epsilon(i)	Priority
/
0	0
1	8
2	8
3	2
4	2
5	5
6	1
7	4
8	9
9	1
10	3
11	7
12	1
13	9
14	3
15	8
16	6
17	6
18	3
19	3
20	1
/

psi	Vehicle Capacity
/ 174 /
;

Table kappa(i,j)                 Setup
         0        1        2        3        4        5        6        7        8        9        10       11       12       13       14       15       16       17       18       19       20       
0        0        1824     1616     1752     1625     1697     777      1163     2455     1338     1281     599      487      1481     965      1056     1689     1664     474      1989     851      
1        1824     0        1502     1300     1757     1810     1721     2009     1401     1246     762      1225     1574     1569     858      1218     1444     691      1496     1258     1187     
2        1616     1502     0        290      271      310      915      841      1024     349      842      1305     1129     175      1271     618      113      824      1701     553      863      
3        1752     1300     290      0        554      576      1122     1115     762      414      749      1352     1275     453      1237     699      184      608      1761     275      930      
4        1625     1757     271      554      0        76       866      670      1237     540      1062     1410     1145     205      1439     744      369      1090     1782     796      975      
5        1697     1810     310      576      76       0        935      717      1227     606      1126     1486     1219     276      1512     819      394      1135     1858     802      1050     
6        777      1721     915      1122     866      935      0        428      1879     735      981      782      346      754      1018     548      1009     1279     1044     1390     539      
7        1163     2009     841      1115     670      717      428      0        1865     834      1246     1202     772      666      1401     791      953      1459     1470     1388     890      
8        2455     1401     1024     762      1237     1227     1879     1865     0        1150     1253     1973     1997     1198     1752     1407     911      898      2377     489      1605     
9        1338     1246     349      414      540      606      735      834      1150     0        523      967      860      336      922      290      377      630      1370     665      530      
10       1281     762      842      749      1062     1126     981      1246     1253     523      0        734      906      860      508      456      824      387      1129     867      478      
11       599      1225     1305     1352     1410     1486     782      1202     1973     967      734      0        471      1221     367      686      1345     1120     410      1544     442      
12       487      1574     1129     1275     1145     1219     346      772      1997     860      906      471      0        995      775      589      1204     1266     698      1521     431      
13       1481     1569     175      453      205      276      754      666      1198     336      860      1221     995      0        1235     545      287      916      1604     723      782      
14       965      858      1271     1237     1439     1512     1018     1401     1752     922      508      367      775      1235     0        701      1280     859      676      1375     515      
15       1056     1218     618      699      744      819      548      791      1407     290      456      686      589      545      701      0        664      730      1084     934      244      
16       1689     1444     113      184      369      394      1009     953      911      377      824      1345     1204     287      1280     664      0        756      1747     440      907      
17       1664     691      824      608      1090     1135     1279     1459     898      630      387      1120     1266     916      859      730      756      0        1509     600      836      
18       474      1496     1701     1761     1782     1858     1044     1470     2377     1370     1129     410      698      1604     676      1084     1747     1509     0        1954     840      
19       1989     1258     553      275      796      802      1390     1388     489      665      867      1544     1521     723      1375     934      440      600      1954     0        1147     
20       851      1187     863      930      975      1050     539      890      1605     530      478      442      431      782      515      244      907      836      840      1147     0        
;



Table delta(i,j)                 Distance
         0        1        2        3        4        5        6        7        8        9        10       11       12       13       14       15       16       17       18       19       20       
0        0        47       38       47       22       51       57       57       30       77       24       16       10       28       71       53       41       38       49       63       47       
1        47       0        9        76       68       26       53       18       72       56       41       59       37       74       48       73       43       32       64       18       72       
2        38       9        0        68       59       27       50       24       63       57       35       50       28       65       49       66       39       29       58       26       65       
3        47       76       68       0        42       92       43       93       25       69       72       57       48       43       68       14       88       83       20       94       5        
4        22       68       59       42       0        72       68       79       17       91       42       19       31       6        87       53       58       58       52       85       44       
5        51       26       27       92       72       0        77       13       81       82       33       57       45       78       74       92       24       16       84       23       90       
6        57       53       50       43       68       77       0        72       58       26       74       73       50       72       25       31       85       76       22       69       37       
7        57       18       24       93       79       13       72       0        85       72       43       65       49       85       64       91       37       28       82       10       89       
8        30       72       63       25       17       81       58       85       0        83       54       34       36       18       79       37       71       69       39       89       27       
9        77       56       57       69       91       82       26       72       83       0        88       93       68       96       8        56       96       86       49       66       64       
10       24       41       35       72       42       33       74       43       54       88       0        24       25       47       81       77       17       17       71       51       71       
11       16       59       50       57       19       57       73       65       34       93       24       0        25       23       87       66       40       41       63       73       58       
12       10       37       28       48       31       45       50       49       36       68       25       25       0        37       62       52       40       34       46       54       47       
13       28       74       65       43       6        78       72       85       18       96       47       23       37       0        92       55       63       63       55       91       45       
14       71       48       49       68       87       74       25       64       79       8        81       87       62       92       0        56       88       78       47       58       62       
15       53       73       66       14       53       92       31       91       37       56       77       66       52       55       56       0        92       85       9        91       10       
16       41       43       39       88       58       24       85       37       71       96       17       40       40       63       88       92       0        10       86       47       87       
17       38       32       29       83       58       16       76       28       69       86       17       41       34       63       78       85       10       0        78       37       81       
18       49       64       58       20       52       84       22       82       39       49       71       63       46       55       47       9        86       78       0        82       15       
19       63       18       26       94       85       23       69       10       89       66       51       73       54       91       58       91       47       37       82       0        91       
20       47       72       65       5        44       90       37       89       27       64       71       58       47       45       62       10       87       81       15       91       0        
;

