

sets
i        orders          /0*20/
k        routes          /1*20/
p        positions       /0*20/
;

alias(i,j)
alias(i,h)
alias(i,hh)
alias(i,jj)
alias(k,kk)
                            Parameters

rho(i)	Processing time
/
0	0
1	45
2	88
3	10
4	36
5	48
6	45
7	77
8	22
9	92
10	65
11	97
12	35
13	12
14	50
15	63
16	40
17	84
18	41
19	94
20	84
/

gamma(i)	Duedate
/
0	0
1	31
2	41
3	47
4	79
5	58
6	40
7	2
8	17
9	25
10	99
11	43
12	44
13	12
14	75
15	82
16	46
17	45
18	90
19	16
20	48
/

sigma(i)	Size
/
0	0
1	7
2	8
3	8
4	5
5	9
6	8
7	2
8	6
9	6
10	5
11	4
12	4
13	4
14	2
15	4
16	2
17	3
18	6
19	2
20	3
/

epsilon(i)	Priority
/
0	0
1	1
2	3
3	6
4	2
5	6
6	8
7	1
8	9
9	8
10	6
11	4
12	1
13	7
14	2
15	8
16	7
17	6
18	2
19	3
20	5
/

psi	Vehicle Capacity
/ 119 /
;

Table kappa(i,j)                 Setup
         0        1        2        3        4        5        6        7        8        9        10       11       12       13       14       15       16       17       18       19       20       
0        0        927      840      1296     360      909      1443     766      1765     1137     2356     2044     2014     941      370      1723     989      1457     1310     854      1809     
1        927      0        319      638      1281     336      1147     577      1510     287      1576     1195     1119     137      1295     951      291      957      772      283      948      
2        840      319      0        476      1199     70       1436     786      1802     601      1873     1473     1367     206      1206     1259     599      1269     1083     37       1226     
3        1296     638      476      0        1648     406      1766     1207     2121     816      1898     1459     1291     510      1652     1362     913      1538     1360     477      1233     
4        360      1281     1199     1648     0        1267     1624     1029     1907     1473     2644     2360     2347     1300     29       2022     1312     1697     1572     1214     2132     
5        909      336      70       406      1267     0        1473     840      1838     607      1861     1453     1338     207      1274     1255     626      1294     1108     75       1207     
6        1443     1147     1436     1766     1624     1473     0        725      365      959      1244     1191     1331     1284     1652     832      857      315      431      1407     1092     
7        766      577      786      1207     1029     840      725      0        1080     577      1616     1355     1377     696      1052     1000     391      692      547      766      1144     
8        1765     1510     1802     2121     1907     1838     365      1080     0        1308     1291     1360     1539     1647     1936     1049     1219     604      766      1772     1320     
9        1137     287      601      816      1473     607      959      577      1308     0        1292     925      877      400      1490     663      186      721      543      564      681      
10       2356     1576     1873     1898     2644     1861     1244     1616     1291     1292     0        444      657      1667     2667     637      1387     1006     1083     1836     666      
11       2044     1195     1473     1459     2360     1453     1191     1355     1360     925      444      0        232      1269     2381     377      1055     890      889      1436     247      
12       2014     1119     1367     1291     2347     1338     1331     1377     1539     877      657      232      0        1171     2365     500      1035     1019     978      1332     247      
13       941      137      206      510      1300     207      1284     696      1647     400      1667     1269     1171     0        1311     1053     428      1092     907      169      1022     
14       370      1295     1206     1652     29       1274     1652     1052     1936     1490     2667     2381     2365     1311     0        2044     1331     1722     1596     1222     2152     
15       1723     951      1259     1362     2022     1255     832      1000     1049     663      637      377      500      1053     2044     0        749      522      511      1222     271      
16       989      291      599      913      1312     626      857      391      1219     186      1387     1055     1035     428      1331     749      0        669      484      566      821      
17       1457     957      1269     1538     1697     1294     315      692      604      721      1006     890      1019     1092     1722     522      669      0        185      1235     778      
18       1310     772      1083     1360     1572     1108     431      547      766      543      1083     889      978      907      1596     511      484      185      0        1050     730      
19       854      283      37       477      1214     75       1407     766      1772     564      1836     1436     1332     169      1222     1222     566      1235     1050     0        1189     
20       1809     948      1226     1233     2132     1207     1092     1144     1320     681      666      247      247      1022     2152     271      821      778      730      1189     0        
;



Table delta(i,j)                 Distance
         0        1        2        3        4        5        6        7        8        9        10       11       12       13       14       15       16       17       18       19       20       
0        0        61       23       79       20       29       70       86       49       70       43       55       56       80       18       32       41       44       48       61       50       
1        61       0        38       45       71       79       45       25       34       33       33       49       37       19       44       34       76       60       83       15       60       
2        23       38       0        59       37       43       52       62       34       49       24       41       37       58       5        16       51       38       54       38       42       
3        79       45       59       0        96       80       10       44       76       12       35       28       22       53       62       67       110      47       70       31       41       
4        20       71       37       96       0        46       88       96       47       86       60       75       74       88       34       37       22       64       68       74       71       
5        29       79       43       80       46       0        70       101      76       75       50       52       58       99       37       57       68       33       23       73       40       
6        70       45       52       10       88       70       0        49       73       13       28       18       14       56       54       61       103      37       60       30       31       
7        86       25       62       44       96       101      49       0        56       36       51       61       49       12       68       59       101      77       101      28       74       
8        49       34       34       76       47       76       73       56       0        64       50       69       61       46       39       18       46       72       89       46       75       
9        70       33       49       12       86       75       13       36       64       0        27       27       16       42       53       55       99       45       69       18       41       
10       43       33       24       35       60       50       28       51       50       27       0        19       13       51       26       35       75       26       50       23       26       
11       55       49       41       28       75       52       18       61       69       27       19       0        12       64       42       54       92       19       42       35       13       
12       56       37       37       22       74       58       14       49       61       16       13       12       0        52       40       48       89       29       53       23       25       
13       80       19       58       53       88       99       56       12       46       42       51       64       52       0        63       51       91       78       101      29       76       
14       18       44       5        62       34       37       54       68       39       53       26       42       40       63       0        20       50       36       50       43       41       
15       32       34       16       67       37       57       61       59       18       55       35       54       48       51       20       0        44       54       70       39       57       
16       41       76       51       110      22       68       103      101      46       99       75       92       89       91       50       44       0        84       89       84       90       
17       44       60       38       47       64       33       37       77       72       45       26       19       29       78       36       54       84       0        24       49       7        
18       48       83       54       70       68       23       60       101      89       69       50       42       53       101      50       70       89       24       0        73       29       
19       61       15       38       31       74       73       30       28       46       18       23       35       23       29       43       39       84       49       73       0        47       
20       50       60       42       41       71       40       31       74       75       41       26       13       25       76       41       57       90       7        29       47       0        
;

