

sets
i        orders          /0*20/
k        routes          /1*20/
p        positions       /0*20/
;

alias(i,j)
alias(i,h)
alias(i,hh)
alias(i,jj)
alias(k,kk)
                            Parameters

rho(i)	Processing time
/
0	0
1	60
2	92
3	23
4	10
5	67
6	6
7	57
8	73
9	21
10	37
11	51
12	62
13	49
14	96
15	68
16	89
17	9
18	79
19	17
20	51
/

gamma(i)	Duedate
/
0	0
1	58
2	26
3	26
4	23
5	12
6	31
7	58
8	8
9	94
10	28
11	48
12	7
13	68
14	76
15	8
16	65
17	55
18	99
19	27
20	64
/

sigma(i)	Size
/
0	0
1	4
2	8
3	7
4	9
5	1
6	1
7	9
8	5
9	1
10	5
11	7
12	4
13	7
14	2
15	3
16	7
17	6
18	2
19	4
20	1
/

epsilon(i)	Priority
/
0	0
1	1
2	8
3	7
4	2
5	2
6	2
7	4
8	8
9	1
10	8
11	7
12	2
13	2
14	6
15	1
16	3
17	4
18	3
19	7
20	2
/

psi	Vehicle Capacity
/ 62 /
;

Table kappa(i,j)                 Setup
         0        1        2        3        4        5        6        7        8        9        10       11       12       13       14       15       16       17       18       19       20       
0        0        1375     1074     366      1291     1332     878      314      495      1296     1052     1411     1243     1018     1456     525      905      449      1604     345      1464     
1        1375     0        1223     1667     279      813      1078     1688     1823     1092     348      138      928      1085     815      1687     1772     1132     692      1576     1526     
2        1074     1223     0        1071     1365     1758     227      1233     1526     306      935      1147     1772     140      1835     927      719      635      915      958      415      
3        366      1667     1071     0        1618     1697     931      203      512      1348     1326     1682     1610     1064     1819     220      657      576      1779     115      1403     
4        1291     279      1365     1618     0        534      1187     1605     1696     1285     429      416      650      1225     546      1674     1827     1137     962      1541     1709     
5        1332     813      1758     1697     534      0        1550     1620     1610     1742     877      950      165      1623     129      1816     2072     1359     1493     1651     2141     
6        878      1078     227      931      1187     1550     0        1071     1349     423      762      1022     1555     141      1632     823      730      429      904      815      642      
7        314      1688     1233     203      1605     1620     1071     0        312      1494     1360     1719     1517     1209     1746     423      860      674      1875     290      1584     
8        495      1823     1526     512      1696     1610     1349     312      0        1772     1520     1875     1483     1489     1739     730      1167     930      2099     601      1889     
9        1296     1092     306      1348     1285     1742     423      1494     1772     0        870      990      1784     284      1800     1220     1024     847      646      1232     436      
10       1052     348      935      1326     429      877      762      1360     1520     870      0        359      938      795      929      1340     1432     784      701      1232     1285     
11       1411     138      1147     1682     416      950      1022     1719     1875     990      359      0        1062     1012     954      1684     1735     1128     554      1585     1426     
12       1243     928      1772     1610     650      165      1555     1517     1483     1784     938      1062     0        1640     280      1744     2029     1322     1591     1574     2167     
13       1018     1085     140      1064     1225     1623     141      1209     1489     284      795      1012     1640     0        1697     944      799      570      819      948      531      
14       1456     815      1835     1819     546      129      1632     1746     1739     1800     929      954      280      1697     0        1933     2178     1464     1506     1771     2208     
15       525      1687     927      220      1674     1816     823      423      730      1220     1340     1684     1744     944      1933     0        437      556      1711     180      1223     
16       905      1772     719      657      1827     2072     730      860      1167     1024     1432     1735     2029     799      2178     437      0        713      1618     592      890      
17       449      1132     635      576      1137     1359     429      674      930      847      784      1128     1322     570      1464     556      713      0        1206     468      1040     
18       1604     692      915      1779     962      1493     904      1875     2099     646      701      554      1591     819      1506     1711     1618     1206     0        1667     1046     
19       345      1576     958      115      1541     1651     815      290      601      1232     1232     1585     1574     948      1771     180      592      468      1667     0        1297     
20       1464     1526     415      1403     1709     2141     642      1584     1889     436      1285     1426     2167     531      2208     1223     890      1040     1046     1297     0        
;



Table delta(i,j)                 Distance
         0        1        2        3        4        5        6        7        8        9        10       11       12       13       14       15       16       17       18       19       20       
0        0        75       25       58       7        60       86       110      80       50       58       84       82       5        22       81       67       35       71       89       70       
1        75       0        53       45       73       25       69       41       14       25       22       37       41       70       65       71       7        69       23       16       41       
2        25       53       0        33       28       46       63       86       62       29       34       72       57       20       31       59       46       22       46       69       44       
3        58       45       33       0        61       54       32       62       59       35       25       78       26       53       63       30       42       33       25       60       12       
4        7        73       28       61       0        56       91       111      78       48       58       79       85       9        15       86       65       41       72       87       73       
5        60       25       46       54       56       0        84       66       22       19       30       26       60       56       45       84       19       67       41       33       56       
6        86       69       63       32       91       84       0        67       83       66       54       106      30       82       94       7        69       53       46       81       28       
7        110      41       86       62       111      66       67       0        48       63       52       71       39       105      104      73       48       94       40       38       50       
8        80       14       62       59       78       22       83       48       0        32       34       24       55       76       67       86       17       81       37       10       56       
9        50       25       29       35       48       19       66       63       32       0        14       45       46       45       41       66       17       49       28       39       39       
10       58       22       34       25       58       30       54       52       34       14       0        53       32       53       53       54       17       48       14       38       26       
11       84       37       72       78       79       26       106      71       24       45       53       0        78       80       65       107      36       93       60       32       77       
12       82       41       57       26       85       60       30       39       55       46       32       78       0        78       83       35       43       59       19       51       13       
13       5        70       20       53       9        56       82       105      76       45       53       80       78       0        21       77       62       32       66       84       65       
14       22       65       31       63       15       45       94       104      67       41       53       65       83       21       0        90       57       50       68       77       73       
15       81       71       59       30       86       84       7        73       86       66       54       107      35       77       90       0        70       47       48       85       30       
16       67       7        46       42       65       19       69       48       17       17       17       36       43       62       57       70       0        64       23       22       41       
17       35       69       22       33       41       67       53       94       81       49       48       93       59       32       50       47       64       0        55       85       45       
18       71       23       46       25       72       41       46       40       37       28       14       60       19       66       68       48       23       55       0        36       18       
19       89       16       69       60       87       33       81       38       10       39       38       32       51       84       77       85       22       85       36       0        55       
20       70       41       44       12       73       56       28       50       56       39       26       77       13       65       73       30       41       45       18       55       0        
;

