

sets
i        orders          /0*20/
k        routes          /1*20/
p        positions       /0*20/
;

alias(i,j)
alias(i,h)
alias(i,hh)
alias(i,jj)
alias(k,kk)
                            Parameters

rho(i)	Processing time
/
0	0
1	26
2	16
3	13
4	59
5	34
6	83
7	58
8	49
9	37
10	43
11	58
12	99
13	56
14	93
15	80
16	57
17	66
18	48
19	59
20	69
/

gamma(i)	Duedate
/
0	0
1	6
2	99
3	56
4	95
5	85
6	72
7	14
8	9
9	30
10	67
11	19
12	35
13	82
14	18
15	54
16	6
17	76
18	17
19	17
20	8
/

sigma(i)	Size
/
0	0
1	6
2	3
3	6
4	6
5	5
6	1
7	1
8	6
9	1
10	9
11	2
12	6
13	3
14	5
15	4
16	1
17	1
18	6
19	3
20	9
/

epsilon(i)	Priority
/
0	0
1	8
2	3
3	7
4	5
5	9
6	6
7	7
8	7
9	5
10	8
11	1
12	9
13	7
14	6
15	3
16	2
17	1
18	2
19	4
20	4
/

psi	Vehicle Capacity
/ 24 /
;

Table kappa(i,j)                 Setup
         0        1        2        3        4        5        6        7        8        9        10       11       12       13       14       15       16       17       18       19       20       
0        0        105      59       70       149      95       68       62       133      70       130      109      68       73       77       78       121      147      135      87       96       
1        105      0        64       36       130      52       40       152      126      159      131      37       172      164      176      60       60       126      112      106      165      
2        59       64       0        31       98       36       26       90       85       96       86       53       118      132      116      18       62       95       82       49       100      
3        70       36       31       0        118      39       5        116      109      123      111      42       137      136      140      35       61       114      100      79       131      
4        149      130      98       118      0        80       114      142      19       142      26       94       184      221      169      84       73       5        18       63       116      
5        95       52       36       39       80       0        36       123      74       127      79       22       153      167      150      18       26       76       62       58       123      
6        68       40       26       5        114      36       0        112      104      118      107      42       134      135      136      30       60       110      96       74       126      
7        62       152      90       116      142      123      112      0        123      8        117      143      44       101      28       104      146      142      135      82       43       
8        133      126      85       109      19       74       104      123      0        122      8        91       165      204      150      74       73       20       21       45       97       
9        70       159      96       123      142      127      118      8        122      0        116      148      47       108      27       109      149      142      136      83       37       
10       130      131      86       111      26       79       107      117      8        116      0        96       160      201      144      76       79       28       29       43       90       
11       109      37       53       42       94       22       42       143      91       148      96       0        171      178      169      38       23       89       75       80       145      
12       68       172      118      137      184      153      134      44       165      47       160      171      0        68       26       135      179      184      176      122      84       
13       73       164      132      136      221      167      135      101      204      108      201      178      68       0        93       150      193      220      208      158      144      
14       77       176      116      140      169      150      136      28       150      27       144      169      26       93       0        131      173      169      163      110      61       
15       78       60       18       35       84       18       30       104      74       109      76       38       135      150      131      0        44       81       67       46       107      
16       121      60       62       61       73       26       60       146      73       149      79       23       179      193      173      44       0        68       55       73       141      
17       147      126      95       114      5        76       110      142      20       142      28       89       184      220      169      81       68       0        14       62       118      
18       135      112      82       100      18       62       96       135      21       136      29       75       176      208      163      67       55       14       0        53       114      
19       87       106      49       79       63       58       74       82       45       83       43       80       122      158      110      46       73       62       53       0        68       
20       96       165      100      131      116      123      126      43       97       37       90       145      84       144      61       107      141      118      114      68       0        
;



Table delta(i,j)                 Distance
         0        1        2        3        4        5        6        7        8        9        10       11       12       13       14       15       16       17       18       19       20       
0        0        326      175      71       507      457      331      573      347      288      627      600      346      147      514      459      544      495      571      448      51       
1        326      0        182      257      564      313      184      483      406      38       421      305      334      277      198      149      310      179      339      504      293      
2        175      182      0        125      582      423      278      575      411      151      568      485      371      212      381      330      466      330      495      519      164      
3        71       257      125      0        487      398      265      525      319      218      564      528      302      109      443      387      477      429      504      425      39       
4        507      564      582      487      0        324      386      239      170      542      439      593      229      378      608      567      459      713      463      62       467      
5        457      313      423      398      324      0        146      171      239      311      176      270      159      317      291      259      141      419      153      281      406      
6        331      184      278      265      386      146      0        306      241      172      299      291      159      207      249      197      213      329      240      328      281      
7        573      483      575      525      239      171      306      0        260      477      209      398      228      426      449      425      263      587      255      230      523      
8        347      406      411      319      170      239      241      260      0        380      402      498      87       210      484      436      378      568      392      108      302      
9        288      38       151      218      542      311      172      477      380      0        433      334      313      240      232      180      324      217      354      481      254      
10       627      421      568      564      439      176      299      209      402      433      0        216      331      491      306      307      114      461      87       415      576      
11       600      305      485      528      593      270      291      398      498      334      216      0        412      496      121      156      136      271      143      552      554      
12       346      334      371      302      229      159      159      228      87       313      331      412      0        199      398      351      295      488      311      170      296      
13       147      277      212      109      378      317      207      426      210      240      491      496      199      0        432      375      419      456      444      316      97       
14       514      198      381      443      608      291      249      449      484      232      306      121      398      432      0        56       198      156      220      558      474      
15       459      149      330      387      567      259      197      425      436      180      307      156      351      375      56       0        193      161      220      514      418      
16       544      310      466      477      459      141      213      263      378      324      114      136      295      419      198      193      0        351      29       421      495      
17       495      179      330      429      713      419      329      587      568      217      461      271      488      456      156      161      351      0        375      657      467      
18       571      339      495      504      463      153      240      255      392      354      87       143      311      444      220      220      29       375      0        428      521      
19       448      504      519      425      62       281      328      230      108      481      415      552      170      316      558      514      421      657      428      0        407      
20       51       293      164      39       467      406      281      523      302      254      576      554      296      97       474      418      495      467      521      407      0        
;

