

sets
i        orders          /0*20/
k        routes          /1*20/
p        positions       /0*20/
;

alias(i,j)
alias(i,h)
alias(i,hh)
alias(i,jj)
alias(k,kk)
                            Parameters

rho(i)	Processing time
/
0	0
1	82
2	11
3	43
4	67
5	52
6	88
7	97
8	72
9	53
10	2
11	6
12	60
13	37
14	50
15	98
16	8
17	52
18	53
19	99
20	84
/

gamma(i)	Duedate
/
0	0
1	6
2	86
3	51
4	94
5	47
6	22
7	48
8	98
9	28
10	39
11	61
12	12
13	31
14	19
15	22
16	80
17	1
18	95
19	9
20	22
/

sigma(i)	Size
/
0	0
1	9
2	2
3	8
4	5
5	2
6	9
7	8
8	5
9	2
10	6
11	8
12	4
13	3
14	5
15	5
16	5
17	8
18	4
19	1
20	8
/

epsilon(i)	Priority
/
0	0
1	3
2	6
3	4
4	6
5	5
6	6
7	4
8	6
9	7
10	4
11	2
12	5
13	5
14	9
15	5
16	6
17	1
18	9
19	7
20	3
/

psi	Vehicle Capacity
/ 64 /
;

Table kappa(i,j)                 Setup
         0        1        2        3        4        5        6        7        8        9        10       11       12       13       14       15       16       17       18       19       20       
0        0        61       144      83       150      190      143      114      43       104      91       33       186      110      169      122      66       96       114      85       192      
1        61       0        85       123      112      129      102      52       18       118      44       63       125      61       107      79       25       131      55       106      133      
2        144      85       0        207      133      67       122      39       101      192      57       134      50       90       37       54       98       213      30       185      88       
3        83       123      207      0        152      235      151      170      112      52       165      116      239      138      222      199      109      15       177      36       227      
4        150      112      133      152      0        114      11       101      124      107      141      169      131      52       120      169      90       148      121      116      93       
5        190      129      67       235      114      0        105      77       147      205      119      189      25       97       30       122      129      237      86       205      28       
6        143      102      122      151      11       105      0        90       115      109      129      160      122      41       110      157      81       148      109      116      86       
7        114      52       39       170      101      77       90       0        70       152      47       111      72       53       55       67       60       175      19       146      86       
8        43       18       101      112      124      147      115      70       0        115      52       46       142      76       125      86       34       122      70       100      151      
9        104      118      192      52       107      205      109      152      115      0        163      137      214      109      198      198      96       43       165      21       192      
10       91       44       57       165      141      119      129      47       52       163      0        76       106      88       91       35       68       174      33       150      132      
11       33       63       134      116      169      189      160      111      46       137      76       0        180      123      164      101      79       129      106      118      196      
12       186      125      50       239      131      25       122      72       142      214      106      180      0        105      17       103      130      242      74       211      53       
13       110      61       90       138      52       97       41       53       76       109      88       123      105      0        89       117      44       140      71       108      88       
14       169      107      37       222      120      30       110      55       125      198      91       164      17       89       0        91       113      225      58       195      53       
15       122      79       54       199      169      122      157      67       86       198      35       101      103      117      91       0        103      209      48       186      141      
16       66       25       98       109      90       129      81       60       34       96       68       79       130      44       113      103      0        115      69       87       127      
17       96       131      213      15       148      237      148      175      122      43       174      129      242      140      225      209      115      0        184      32       227      
18       114      55       30       177      121      86       109      19       70       165      33       106      74       71       58       48       69       184      0        157      99       
19       85       106      185      36       116      205      116      146      100      21       150      118      211      108      195      186      87       32       157      0        194      
20       192      133      88       227      93       28       86       86       151      192      132      196      53       88       53       141      127      227      99       194      0        
;



Table delta(i,j)                 Distance
         0        1        2        3        4        5        6        7        8        9        10       11       12       13       14       15       16       17       18       19       20       
0        0        421      388      330      469      215      383      273      286      585      132      327      355      421      230      261      282      545      460      339      386      
1        421      0        432      123      162      493      499      233      317      281      308      151      501      259      228      308      261      170      230      519      275      
2        388      432      0        451      580      596      82       496      135      708      412      285      105      202      443      541      525      422      624      141      166      
3        330      123      451      0        148      372      503      109      319      275      203      177      496      321      111      184      138      292      173      506      320      
4        469      162      580      148      0        467      639      207      454      130      338      295      636      420      240      263      217      307      79       649      432      
5        215      493      596      372      467      0        597      267      479      547      209      460      570      588      265      203      250      652      422      554      561      
6        383      499      82       503      639      597      0        534      185      769      432      348      35       282      478      570      560      501      677      70       244      
7        273      233      496      109      207      267      534      0        360      312      142      256      520      402      55       74       32       401      186      522      392      
8        286      317      135      319      454      479      185      360      0        584      284      166      183      156      307      407      389      351      493      202      113      
9        585      281      708      275      130      547      769      312      584      0        452      423      766      540      355      351      312      395      128      779      556      
10       132      308      412      203      338      209      432      142      284      452      0        251      412      379      98       145      154      453      328      408      354      
11       327      151      285      177      295      460      348      256      166      423      251      0        349      147      217      322      288      220      344      368      143      
12       355      501      105      496      636      570      35       520      183      766      412      349      0        297      464      552      545      515      669      36       257      
13       421      259      202      321      420      588      282      402      156      540      379      147      297      0        361      466      434      219      479      327      44       
14       230      228      443      111      240      265      478      55       307      355      98       217      464      361      0        105      82       387      233      466      347      
15       261      308      541      184      263      203      570      74       407      351      145      322      552      466      105      0        48       476      223      550      452      
16       282      261      525      138      217      250      560      32       389      312      154      288      545      434      82       48       0        430      184      546      424      
17       545      170      422      292      307      652      501      401      351      395      453      220      515      219      387      476      430      0        384      542      257      
18       460      230      624      173      79       422      677      186      493      128      328      344      669      479      233      223      184      384      0        678      486      
19       339      519      141      506      649      554      70       522      202      779      408      368      36       327      466      550      546      542      678      0        286      
20       386      275      166      320      432      561      244      392      113      556      354      143      257      44       347      452      424      257      486      286      0        
;

