

sets
i        orders          /0*80/
k        routes          /1*80/
p        positions       /0*80/
;

alias(i,j)
alias(i,h)
alias(i,hh)
alias(i,jj)
alias(k,kk)
                            Parameters

rho(i)	Processing time
/
0	0
1	3
2	65
3	55
4	62
5	78
6	51
7	85
8	48
9	96
10	85
11	42
12	3
13	57
14	36
15	78
16	31
17	2
18	99
19	4
20	21
21	47
22	36
23	94
24	83
25	8
26	82
27	54
28	61
29	83
30	68
31	75
32	65
33	27
34	44
35	24
36	36
37	48
38	75
39	59
40	31
41	96
42	61
43	21
44	59
45	4
46	9
47	30
48	68
49	42
50	39
51	87
52	88
53	4
54	38
55	89
56	79
57	69
58	5
59	14
60	35
61	74
62	87
63	43
64	71
65	85
66	35
67	32
68	23
69	28
70	10
71	79
72	32
73	4
74	80
75	27
76	79
77	32
78	87
79	94
80	16
/

gamma(i)	Duedate
/
0	0
1	39
2	87
3	15
4	57
5	86
6	66
7	40
8	14
9	91
10	18
11	49
12	94
13	82
14	77
15	57
16	83
17	80
18	38
19	92
20	20
21	69
22	6
23	90
24	34
25	11
26	62
27	40
28	8
29	47
30	76
31	50
32	79
33	87
34	50
35	73
36	11
37	66
38	60
39	38
40	63
41	40
42	53
43	1
44	99
45	18
46	80
47	60
48	41
49	52
50	49
51	38
52	7
53	10
54	60
55	96
56	18
57	96
58	2
59	42
60	34
61	81
62	42
63	13
64	87
65	42
66	58
67	15
68	60
69	5
70	62
71	22
72	86
73	54
74	42
75	96
76	88
77	92
78	62
79	53
80	14
/

sigma(i)	Size
/
0	0
1	4
2	2
3	7
4	5
5	9
6	1
7	8
8	8
9	3
10	6
11	7
12	8
13	7
14	7
15	5
16	6
17	5
18	4
19	7
20	9
21	2
22	2
23	7
24	4
25	9
26	2
27	1
28	8
29	6
30	9
31	6
32	8
33	4
34	1
35	4
36	7
37	4
38	2
39	1
40	9
41	2
42	2
43	3
44	3
45	4
46	8
47	2
48	5
49	6
50	3
51	3
52	2
53	1
54	6
55	4
56	2
57	7
58	9
59	5
60	1
61	5
62	6
63	4
64	1
65	5
66	2
67	8
68	7
69	6
70	1
71	1
72	1
73	6
74	6
75	9
76	9
77	4
78	4
79	2
80	4
/

epsilon(i)	Priority
/
0	0
1	8
2	8
3	3
4	2
5	7
6	3
7	8
8	1
9	8
10	5
11	2
12	8
13	8
14	2
15	6
16	7
17	3
18	4
19	3
20	7
21	4
22	1
23	8
24	6
25	8
26	6
27	3
28	1
29	9
30	8
31	8
32	2
33	7
34	2
35	5
36	1
37	6
38	1
39	7
40	7
41	2
42	8
43	8
44	7
45	2
46	2
47	5
48	3
49	7
50	2
51	7
52	2
53	6
54	8
55	1
56	2
57	6
58	3
59	4
60	1
61	4
62	5
63	7
64	1
65	4
66	6
67	5
68	6
69	7
70	9
71	1
72	5
73	4
74	3
75	9
76	9
77	6
78	5
79	6
80	7
/

psi	Vehicle Capacity
/ 83 /
;

Table kappa(i,j)                 Setup
         0        1        2        3        4        5        6        7        8        9        10       11       12       13       14       15       16       17       18       19       20       21       22       23       24       25       26       27       28       29       30       31       32       33       34       35       36       37       38       39       40       41       42       43       44       45       46       47       48       49       50       51       52       53       54       55       56       57       58       59       60       61       62       63       64       65       66       67       68       69       70       71       72       73       74       75       76       77       78       79       80       
0        0        807      850      640      29       1050     987      617      703      736      92       593      853      594      853      649      341      308      50       745      718      843      212      968      237      659      758      256      439      206      272      777      20       855      838      324      489      402      663      480      337      642      119      377      674      44       329      829      478      351      746      755      802      24       18       1044     490      484      761      768      602      774      540      778      766      686      811      664      752      577      963      149      404      951      912      903      516      862      430      517      675      
1        807      0        310      167      790      480      474      217      802      424      715      280      114      505      208      166      649      599      814      696      175      427      715      435      570      598      420      563      395      610      700      600      789      594      624      501      599      412      199      580      470      371      724      680      383      826      517      237      354      483      393      95       413      790      795      451      538      324      46       260      484      145      594      88       257      601      365      280      791      763      461      786      435      499      398      331      309      276      493      480      250      
2        850      310      0        360      826      213      177      441      578      179      769      513      210      333      109      384      579      564      838      448      461      126      690      142      629      381      162      597      554      695      650      333      836      301      339      621      465      536      233      455      542      219      806      586      198      853      652      72       523      501      149      389      130      840      834      198      419      453      308      90       313      175      435      392      93       371      78       551      548      582      159      775      586      190      93       52       362      41       432      366      523      
3        640      167      360      0        624      565      537      81       726      401      548      153      240      425      291      30       510      451      649      642      141      446      561      502      404      531      406      401      232      442      552      567      622      585      606      334      490      245      141      468      304      312      556      548      337      660      351      297      192      327      378      126      418      622      629      542      428      156      122      278      408      196      496      148      274      542      383      199      726      664      518      627      271      543      452      399      164      341      363      376      176      
4        29       790      826      624      0        1024     961      604      674      709      81       583      833      565      831      633      311      280      34       715      706      816      182      942      219      629      731      234      429      197      243      748      31       826      809      315      460      388      641      451      320      616      126      348      647      39       323      806      466      327      719      741      775      40       11       1018     461      469      743      744      574      753      511      763      742      657      785      655      723      548      936      123      395      923      886      878      496      838      403      489      666      
5        1050     480      213      565      1024     0        75       644      655      324      972      717      366      487      278      586      754      752      1033     514      648      216      875      81       836      493      301      800      767      904      829      397      1036     324      368      833      621      750      445      616      752      407      1013     752      377      1049     865      268      735      705      307      571      254      1041     1033     35       588      666      492      303      471      370      581      568      306      473      238      746      609      697      97       962      799      140      137      166      574      223      622      543      717      
6        987      474      177      537      961      75       0        618      580      254      912      690      363      416      266      561      685      686      969      440      634      146      808      38       779      417      232      741      726      850      761      322      975      250      295      785      549      704      408      545      699      345      956      680      313      985      818      244      697      647      241      559      186      980      970      95       518      624      479      263      401      349      508      559      267      397      179      727      535      621      24       895      757      66       85       143      527      200      557      476      699      
7        617      217      441      81       604      644      618      0        782      476      525      72       308      485      369      58       533      467      632      707      106      526      565      582      388      594      483      395      185      413      564      638      598      661      680      297      534      215      220      511      293      382      523      575      410      642      306      377      143      336      455      141      497      597      608      621      474      144      177      359      469      275      547      163      355      606      464      125      787      711      599      623      224      624      533      480      202      422      397      426      107      
8        703      802      578      726      674      655      580      782      0        401      676      827      749      302      668      755      377      443      660      140      867      469      492      591      621      205      416      569      746      693      432      259      701      333      290      715      268      690      610      290      616      431      746      331      422      675      754      623      747      528      434      834      450      710      685      674      318      675      772      565      320      668      239      849      567      208      499      903      62       126      562      558      749      515      560      609      581      617      410      357      889      
9        736      424      179      401      709      324      254      476      401      0        665      541      353      164      267      431      431      432      716      278      532      108      553      243      539      201      22       497      531      613      506      176      725      184      205      565      299      496      261      293      470      110      714      428      74       732      602      222      511      406      33       478      69       730      719      327      264      432      404      168      147      280      263      488      171      193      104      600      377      403      230      640      554      214      193      219      323      217      306      222      577      
10       92       715      769      548      81       972      912      525      676      665      0        502      763      531      767      556      300      250      113      701      626      769      189      891      146      607      686      172      348      116      245      721      73       795      782      234      440      309      575      428      246      566      72       345      599      120      242      745      386      268      672      663      729      74       83       965      431      392      669      684      537      686      490      685      683      634      734      574      720      552      888      164      314      879      835      822      428      779      361      450      585      
11       593      280      513      153      583      717      690      72       827      541      502      0        378      535      442      131      551      480      613      760      132      596      566      655      375      646      549      391      154      386      573      698      573      726      742      268      570      200      289      548      289      443      490      597      472      622      269      450      118      349      521      194      566      572      585      694      512      158      245      430      521      347      589      213      426      660      534      82       836      748      671      616      189      695      605      552      246      494      429      470      84       
12       853      114      210      240      833      366      363      308      749      353      763      378      0        464      102      251      652      612      854      632      287      334      736      325      617      544      344      600      471      667      711      526      836      507      541      567      577      476      196      560      517      328      782      675      329      867      588      140      432      511      320      207      328      838      840      337      519      385      134      185      443      90       562      202      182      542      276      390      729      727      352      813      509      394      292      222      338      172      492      459      360      
13       594      505      333      425      565      487      416      485      302      164      531      535      464      0        398      455      271      285      568      226      566      270      399      407      423      110      187      374      478      500      347      196      584      264      255      480      135      430      308      129      378      136      588      264      140      584      519      356      470      297      188      532      233      591      576      492      105      393      472      289      21       378      102      547      291      128      264      608      302      262      392      485      491      368      357      378      290      364      175      86       592      
14       853      208      109      291      831      278      266      369      668      267      767      442      102      398      0        311      616      587      848      544      371      234      714      227      622      465      254      597      509      680      682      434      837      408      444      592      522      503      195      507      527      267      794      632      258      862      618      44       474      503      234      294      232      840      838      252      468      413      215      109      377      95       500      293      108      460      179      468      644      658      253      796      545      293      191      123      341      70       460      410      439      
15       649      166      384      30       633      586      561      58       755      431      556      131      251      455      311      0        533      471      659      672      112      474      578      525      414      562      436      414      229      448      571      598      629      615      636      336      517      249      170      495      315      343      561      571      368      670      350      319      187      345      407      109      447      630      638      563      456      164      123      304      438      216      525      131      300      572      411      170      756      692      543      642      268      569      477      422      189      364      388      404      146      
16       341      649      579      510      311      754      685      533      377      431      300      551      652      271      616      533      0        76       307      404      637      539      132      673      252      320      453      203      427      319      76       440      335      521      501      363      150      369      459      145      279      360      369      52       383      322      399      581      444      202      448      637      500      343      322      756      167      394      606      512      284      562      201      658      512      347      522      634      420      257      661      216      417      639      621      630      346      602      159      213      630      
17       308      599      564      451      280      752      686      467      443      432      250      480      612      285      587      471      76       0        284      452      572      540      127      670      179      356      454      128      352      250      101      471      299      547      532      287      191      293      416      177      203      347      314      128      375      299      323      556      370      131      445      578      500      306      290      750      182      325      554      489      294      524      239      599      488      383      515      563      480      327      661      211      340      646      615      615      290      582      131      210      560      
18       50       814      838      649      34       1033     969      632      660      716      113      613      854      568      848      659      307      284      0        708      735      823      175      952      244      627      738      253      459      229      235      747      62       826      808      345      457      417      660      450      344      626      161      339      656      15       355      821      496      344      727      767      783      70       40       1029     463      494      767      758      578      772      508      789      756      654      795      686      711      534      944      103      426      930      896      891      516      852      411      494      696      
19       745      696      448      642      715      514      440      707      140      278      701      760      632      226      544      672      404      452      708      0        782      333      533      451      619      115      289      567      702      695      473      119      740      193      151      694      261      652      513      276      591      332      766      369      314      724      733      500      696      505      311      739      318      748      726      534      287      619      671      446      238      556      214      752      449      100      369      831      100      211      422      610      713      374      423      475      516      488      380      304      814      
20       718      175      461      141      706      648      634      106      867      532      626      132      287      566      371      112      637      572      735      782      0        564      671      596      493      672      535      501      280      512      670      703      699      714      738      395      628      318      272      606      399      450      620      678      473      745      399      390      240      442      506      80       541      698      709      621      567      250      156      391      549      286      637      92       386      682      500      106      867      804      618      729      317      650      553      491      298      433      497      516      76       
21       843      427      126      446      816      216      146      526      469      108      769      596      334      270      234      474      539      540      823      333      564      0        662      137      639      285      85       599      608      712      614      214      830      174      213      655      405      580      306      400      565      204      815      535      170      839      690      194      583      507      97       498      40       836      825      222      372      507      419      173      254      284      365      504      177      270      63       644      433      491      122      748      635      111      93       143      402      168      412      330      619      
22       212      715      690      561      182      875      808      565      492      553      189      566      736      399      714      578      132      127      175      533      671      662      0        794      205      452      576      175      422      247      60       572      209      653      633      330      282      367      539      276      277      472      261      165      499      191      357      683      450      234      568      687      622      217      194      874      293      421      670      616      410      649      333      708      615      480      639      647      540      367      783      86       400      765      740      742      406      709      257      332      649      
23       968      435      142      502      942      81       38       582      591      243      891      655      325      407      227      525      673      670      952      451      596      137      794      0        756      419      220      719      695      825      748      332      955      267      311      757      542      675      375      536      674      325      933      671      295      967      789      207      665      625      225      521      173      960      951      86       507      594      441      231      390      312      502      521      234      400      157      690      548      624      35       880      726      89       56       105      498      163      540      462      662      
24       237      570      629      404      219      836      779      388      621      539      146      375      617      423      622      414      252      179      244      619      493      639      205      756      0        513      559      52       224      77       234      619      219      685      678      124      360      175      429      343      100      435      177      304      469      256      153      601      257      132      542      523      599      221      224      826      333      250      524      543      424      539      405      545      541      539      600      453      656      507      755      241      197      750      699      681      281      636      247      337      459      
25       659      598      381      531      629      493      417      594      205      201      607      646      544      110      465      562      320      356      627      115      672      285      452      419      513      0        219      462      587      590      394      122      652      207      182      582      169      538      408      179      479      227      669      295      216      642      621      421      581      395      233      633      259      659      640      505      180      504      569      360      124      463      118      648      363      27       304      718      195      205      395      534      598      358      379      418      401      418      270      189      701      
26       758      420      162      406      731      301      232      483      416      22       686      549      344      187      254      436      453      454      738      289      535      85       576      220      559      219      0        517      544      632      528      181      746      179      204      582      321      511      265      315      488      126      734      450      91       753      618      210      523      426      28       478      47       752      740      305      286      444      402      161      170      276      284      487      164      209      85       606      389      422      207      662      568      193      171      200      336      201      327      244      582      
27       256      563      597      401      234      800      741      395      569      497      172      391      600      374      597      414      203      128      253      567      501      599      175      719      52       462      517      0        247      128      193      569      240      637      629      163      308      192      407      291      102      395      217      255      429      266      197      573      274      95       501      523      559      244      241      792      282      252      516      512      377      519      353      545      511      488      562      472      603      455      716      228      227      710      663      649      262      607      199      289      475      
28       439      395      554      232      429      767      726      185      746      531      348      154      471      478      509      229      427      352      459      702      280      608      422      695      224      587      544      247      0        233      437      663      419      708      715      115      478      58       322      456      150      422      339      477      456      468      122      504      41       227      519      326      572      418      431      749      428      101      352      464      469      415      507      348      461      607      553      229      765      651      704      465      39       716      641      601      207      546      335      399      237      
29       206      610      695      442      197      904      850      413      693      613      116      386      667      500      680      448      319      250      229      695      512      712      247      825      77       590      632      128      233      0        288      696      186      762      755      118      436      199      486      419      154      507      115      370      542      236      127      663      272      207      614      553      672      185      199      894      410      286      564      607      501      594      481      575      605      616      670      458      730      576      826      258      198      823      769      747      339      700      324      414      469      
30       272      700      650      552      243      829      761      564      432      506      245      573      711      347      682      571      76       101      235      473      670      614      60       748      234      394      528      193      437      288      0        515      269      597      576      356      225      380      515      221      288      431      317      104      456      250      387      648      460      228      522      678      575      278      254      830      242      421      655      580      360      622      275      700      580      422      596      656      480      308      736      140      420      715      695      701      391      671      221      286      655      
31       777      600      333      567      748      397      322      638      259      176      721      698      526      196      434      598      440      471      747      119      703      214      572      332      619      122      181      569      663      696      515      0        769      86       61       674      289      619      431      297      573      256      781      417      230      762      713      389      650      493      207      652      203      777      759      415      290      571      579      342      198      456      239      663      346      94       255      764      218      306      303      655      680      257      303      357      463      374      371      282      743      
32       20       789      836      622      31       1036     975      598      701      725      73       573      836      584      837      629      335      299      62       740      699      830      209      955      219      652      746      240      419      186      269      769      0        846      831      304      483      382      646      473      319      629      101      374      661      60       309      814      458      335      733      736      790      9        22       1030     481      465      742      752      592      757      533      758      751      679      798      644      750      576      950      153      384      939      899      888      499      847      419      506      655      
33       855      594      301      585      826      324      250      661      333      184      795      726      507      264      408      615      521      547      826      193      714      174      653      267      685      207      179      637      708      762      597      86       846      0        44       730      371      668      444      376      631      287      852      501      255      842      768      367      691      556      208      656      180      853      837      345      365      611      579      333      260      449      322      664      337      180      230      785      285      392      234      737      728      184      250      314      502      342      438      348      762      
34       838      624      339      606      809      368      295      680      290      205      782      742      541      255      444      636      501      532      808      151      738      213      633      311      678      182      204      629      715      755      576      61       831      44       0        730      350      673      466      358      630      300      842      477      270      824      769      402      700      551      232      682      213      838      820      389      351      621      607      363      255      479      300      692      367      154      265      804      241      355      279      716      733      228      292      354      511      380      431      341      782      
35       324      501      621      334      315      833      785      297      715      565      234      268      567      480      592      336      363      287      345      694      395      655      330      757      124      582      582      163      115      118      356      674      304      730      730      0        447      90       397      427      102      456      225      416      491      354      39       579      155      189      560      438      617      303      317      819      407      182      456      530      476      501      485      460      528      605      606      340      743      608      762      361      80       766      701      671      259      619      313      394      351      
36       489      599      465      490      460      621      549      534      268      299      440      570      577      135      522      517      150      191      457      261      628      405      282      542      360      169      321      308      478      436      225      289      483      371      350      447      0        422      400      22       347      255      505      132      268      473      486      481      482      259      322      609      368      490      471      626      61       414      561      413      153      487      50       627      414      197      399      650      296      177      525      366      480      498      492      512      331      494      143      119      639      
37       402      412      536      245      388      750      704      215      690      496      309      200      476      430      503      249      369      293      417      652      318      580      367      675      175      538      511      192      58       199      380      619      382      668      673      90       422      0        310      400      92       386      312      418      421      427      115      492      82       169      487      354      542      382      392      734      373      91       367      446      423      411      453      376      443      558      527      280      712      594      682      415      60       690      619      586      177      533      280      348      284      
38       663      199      233      141      641      445      408      220      610      261      575      289      196      308      195      170      459      416      660      513      272      306      539      375      429      408      265      407      322      486      515      431      646      444      466      397      400      310      0        380      332      181      600      485      201      674      425      182      290      316      237      225      277      649      648      427      339      222      163      144      289      111      395      239      140      415      245      341      603      564      387      617      355      407      322      279      147      224      300      280      317      
39       480      580      455      468      451      616      545      511      290      293      428      548      560      129      507      495      145      177      450      276      606      400      276      536      343      179      315      291      456      419      221      297      473      376      358      427      22       400      380      0        326      241      491      135      257      466      466      468      460      238      314      588      362      480      462      620      41       392      541      399      145      470      62       606      400      206      390      628      316      200      521      361      458      496      486      502      309      482      121      100      617      
40       337      470      542      304      320      752      699      293      616      470      246      289      517      378      527      315      279      203      344      591      399      565      277      674      100      479      488      102      150      154      288      573      319      631      630      102      347      92       332      326      0        362      267      329      397      356      141      509      173      88       468      424      525      321      325      741      305      151      423      454      374      442      384      446      451      502      520      370      643      513      676      330      138      676      617      594      185      546      211      292      372      
41       642      371      219      312      616      407      345      382      431      110      566      443      328      136      267      343      360      347      626      332      450      204      472      325      435      227      126      395      422      507      431      256      629      287      300      456      255      386      181      241      362      0        611      369      35       641      492      227      403      302      106      407      164      634      625      403      203      324      341      158      115      241      234      420      159      233      169      507      422      398      321      558      444      315      270      270      215      243      216      147      487      
42       119      724      806      556      126      1013     956      523      746      714      72       490      782      588      794      561      369      314      161      766      620      815      261      933      177      669      734      217      339      115      317      781      101      852      842      225      505      312      600      491      267      611      0        415      645      161      222      776      380      309      718      664      775      95       121      1003     490      401      678      719      592      709      554      686      717      696      777      556      789      623      931      233      302      926      876      858      453      812      414      504      570      
43       377      680      586      548      348      752      680      575      331      428      345      597      675      264      632      571      52       128      339      369      678      535      165      671      304      295      450      255      477      370      104      417      374      501      477      416      132      418      485      135      329      369      415      0        388      354      451      595      492      250      449      673      497      382      359      755      167      439      638      525      280      585      179      693      526      322      525      679      376      208      656      241      468      630      621      635      383      612      187      222      674      
44       674      383      198      337      647      377      313      410      422      74       599      472      329      140      258      368      383      375      656      314      473      170      499      295      469      216      91       429      456      542      456      230      661      255      270      491      268      421      201      257      397      35       645      388      0        672      527      216      437      336      72       425      130      666      657      374      221      358      356      149      119      246      242      438      151      218      140      535      408      400      288      585      479      281      240      246      249      226      245      169      513      
45       44       826      853      660      39       1049     985      642      675      732      120      622      867      584      862      670      322      299      15       724      745      839      191      967      256      642      753      266      468      236      250      762      60       842      824      354      473      427      674      466      356      641      161      354      672      0        362      836      505      358      743      778      799      67       40       1044     479      506      779      773      593      786      523      800      771      670      811      694      726      549      960      117      434      945      912      906      529      867      427      510      705      
46       329      517      652      351      323      865      818      306      754      602      242      269      588      519      618      350      399      323      355      733      399      690      357      789      153      621      618      197      122      127      387      713      309      768      769      39       486      115      425      466      141      492      222      451      527      362      0        608      163      228      596      448      652      307      324      849      446      205      472      561      515      526      524      470      558      644      640      335      782      646      795      381      82       801      733      701      291      649      352      433      348      
47       829      237      72       297      806      268      244      377      623      222      745      450      140      356      44       319      581      556      821      500      390      194      683      207      601      421      210      573      504      663      648      389      814      367      402      579      481      492      182      468      509      227      776      595      216      836      608      0        470      478      189      317      188      818      814      246      430      405      236      69       335      105      458      319      68       415      136      483      599      615      228      766      538      262      163      102      324      44       427      372      455      
48       478      354      523      192      466      735      697      143      747      511      386      118      432      470      474      187      444      370      496      696      240      583      450      665      257      581      523      274      41       272      460      650      458      691      700      155      482      82       290      460      173      403      380      492      437      505      163      470      0        242      497      285      548      457      469      716      429      79       311      434      460      378      508      306      430      599      526      197      763      658      676      497      81       690      611      569      188      513      338      395      202      
49       351      483      501      327      327      705      647      336      528      406      268      349      511      297      503      345      202      131      344      505      442      507      234      625      132      395      426      95       227      207      228      493      335      556      551      189      259      169      316      238      88       302      309      250      336      358      228      478      242      0        409      453      466      339      335      697      218      194      437      417      296      428      296      475      415      419      468      432      555      426      623      304      223      617      568      554      175      511      125      210      429      
