

sets
i        orders          /0*40/
k        routes          /1*40/
p        positions       /0*40/
;

alias(i,j)
alias(i,h)
alias(i,hh)
alias(i,jj)
alias(k,kk)
                            Parameters

rho(i)	Processing time
/
0	0
1	34
2	53
3	64
4	79
5	99
6	87
7	40
8	70
9	26
10	60
11	78
12	63
13	74
14	74
15	47
16	12
17	25
18	7
19	10
20	18
21	44
22	6
23	69
24	53
25	39
26	57
27	5
28	93
29	71
30	88
31	84
32	32
33	75
34	71
35	92
36	25
37	47
38	84
39	67
40	15
/

gamma(i)	Duedate
/
0	0
1	98
2	37
3	71
4	33
5	24
6	39
7	99
8	70
9	12
10	48
11	59
12	99
13	91
14	79
15	79
16	21
17	11
18	91
19	95
20	92
21	27
22	44
23	22
24	45
25	8
26	68
27	37
28	36
29	2
30	51
31	80
32	41
33	11
34	61
35	35
36	12
37	32
38	33
39	84
40	40
/

sigma(i)	Size
/
0	0
1	5
2	1
3	1
4	8
5	4
6	9
7	7
8	3
9	4
10	3
11	6
12	8
13	5
14	7
15	8
16	5
17	4
18	7
19	3
20	5
21	1
22	4
23	7
24	6
25	5
26	3
27	9
28	2
29	2
30	6
31	9
32	7
33	1
34	9
35	5
36	8
37	4
38	9
39	9
40	7
/

epsilon(i)	Priority
/
0	0
1	4
2	5
3	1
4	4
5	1
6	4
7	8
8	9
9	6
10	8
11	4
12	7
13	6
14	4
15	1
16	1
17	9
18	4
19	6
20	5
21	9
22	4
23	6
24	8
25	7
26	8
27	3
28	6
29	4
30	9
31	9
32	1
33	2
34	8
35	2
36	8
37	4
38	7
39	5
40	6
/

psi	Vehicle Capacity
/ 11 /
;

Table kappa(i,j)                 Setup
         0        1        2        3        4        5        6        7        8        9        10       11       12       13       14       15       16       17       18       19       20       21       22       23       24       25       26       27       28       29       30       31       32       33       34       35       36       37       38       39       40       
0        0        1397     1872     1090     927      506      707      509      1327     1291     797      1556     488      555      1693     368      1119     1472     711      208      583      1067     818      1077     733      1407     890      434      780      1078     808      72       1668     1321     720      966      1157     894      1559     459      1133     
1        1397     0        859      459      1276     954      912      1053     892      298      854      590      1311     1122     621      1522     793      474      901      1266     1380     474      881      472      1044     556      1133     1157     1153     387      670      1425     987      441      817      608      898      1288     338      1486     301      
2        1872     859      0        1280     2067     1587     1645     1719     644      688      1615     1419     1560     1814     239      2121     786      1316     1634     1824     2072     838      1078     1289     1794     471      1169     1482     1258     879      1078     1868     1828     1301     1537     1402     802      1298     522      2125     880      
3        1090     459      1280     0        817      592      480      654      1119     605      409      487      1161     701      1041     1132     943      387      470      919      948      595      874      14       596      882      1148     985      1122     492      607      1136     748      237      403      156      1052     1284     777      1077     438      
4        927      1276     2067     817      0        624      447      502      1758     1378     454      1044     1308     405      1834     687      1543     1033     456      727      383      1273     1330     804      299      1626     1549     1159     1469     1201     1122     999      936      925      551      672      1634     1629     1585     572      1187     
5        506      954      1587     592      624      0        234      140      1174     926      311      1050     723      247      1375     568      954      969      234      327      489      750      713      579      336      1119     924      556      846      715      539      560      1179     818      216      460      1034     1008     1181     545      741      
6        707      912      1645     480      447      234      0        202      1310     959      91       880      957      222      1418     663      1096     817      11       506      469      831      893      466      151      1192     1128     788      1059     768      675      769      960      674      107      325      1188     1224     1189     598      766      
7        509      1053     1719     654      502      140      202      0        1314     1050     294      1079     814      108      1503     478      1094     1011     209      305      353      884      849      640      237      1253     1052     658      968      843      679      574      1159     864      250      506      1173     1127     1299     433      861      
8        1327     892      644      1119     1758     1174     1310     1314     0        595      1316     1463     947      1421     589      1630     221      1340     1301     1329     1656     524      510      1122     1460     371      530      903      628      627      639      1308     1831     1255     1208     1179     173      653      701      1661     693      
9        1291     298      688      605      1378     926      959      1050     595      0        927      873      1112     1139     458      1484     503      752      948      1200     1400     239      641      614      1107     282      869      978      905      215      492      1306     1256     684      853      716      604      1025     268      1472     193      
10       797      854      1615     409      454      311      91       294      1316     927      0        790      1027     306      1384     751      1106     730      85       597      540      820      924      394      189      1172     1170     854      1107     747      690      858      872      589      121      252      1203     1274     1145     681      735      
11       1556     590      1419     487      1044     1050     880      1079     1463     873      790      0        1648     1094     1189     1540     1329     123      872      1370     1302     977      1326     496      940      1144     1599     1472     1587     868      1066     1607     409      252      839      590      1439     1744     904      1463     785      
12       488      1311     1560     1161     1308     723      957      814      947      1112     1027     1648     0        904      1425     854      774      1540     956      614      1026     873      492      1153     1048     1131     441      178      329      931      641      436      1863     1395     913      1091     774      410      1368     936      1012     
13       555      1122     1814     701      405      247      222      108      1421     1139     306      1094     904      0        1595     445      1201     1037     232      347      261      982      957      687      180      1351     1157     754      1072     935      784      625      1135     895      305      546      1281     1229     1382     376      948      
14       1693     621      239      1041     1834     1375     1418     1503     589      458      1384     1189     1425     1595     0        1921     667      1083     1406     1628     1855     634      933      1051     1565     294      1072     1327     1147     660      887      1697     1596     1063     1311     1166     714      1215     286      1917     651      
15       368      1522     2121     1132     687      568      663      478      1630     1484     751      1540     854      445      1921     0        1413     1481     672      301      303      1287     1123     1118     609      1649     1237     778      1130     1269     1044     430      1559     1337     728      982      1467     1255     1744     119      1304     
16       1119     793      786      943      1543     954      1096     1094     221      503      1106     1329     774      1201     667      1413     0        1206     1087     1111     1435     355      302      945      1244     385      408      706      481      464      421      1105     1676     1104     995      986      110      557      687      1441     543      
17       1472     474      1316     387      1033     969      817      1011     1340     752      730      123      1540     1037     1083     1481     1206     0        808      1294     1259     853      1207     398      895      1025     1479     1366     1469     745      948      1521     514      151      765      509      1316     1625     797      1411     662      
18       711      901      1634     470      456      234      11       209      1301     948      85       872      956      232      1406     672      1087     808      0        511      480      821      886      455      162      1181     1122     786      1054     757      666      773      957      665      97       314      1179     1220     1178     608      755      
19       208      1266     1824     919      727      327      506      305      1329     1200     597      1370     614      347      1628     301      1111     1294     511      0        412      994      823      906      524      1353     956      503      853      984      746      278      1464     1144     531      785      1168     991      1464     341      1027     
20       583      1380     2072     948      383      489      469      353      1656     1400     540      1302     1026     261      1855     303      1435     1259     480      412      0        1237     1173     934      363      1606     1344     905      1248     1195     1027     656      1277     1125     563      791      1508     1394     1644     189      1209     
21       1067     474      838      595      1273     750      831      884      524      239      820      977      873      982      634      1287     355      853      821      994      1237     0        411      598      983      369      658      739      680      108      259      1077     1321     749      724      659      465      813      502      1287     192      
22       818      881      1078     874      1330     713      893      849      510      641      924      1326     492      957      933      1123     302      1207     886      823      1173     411      0        871      1032     639      274      404      271      495      266      803      1622     1079     804      868      344      418      885      1160     584      
23       1077     472      1289     14       804      579      466      640      1122     614      394      496      1153     687      1051     1118     945      398      455      906      934      598      871      0        582      889      1144     976      1117     496      604      1124     751      247      389      142      1054     1280     788      1062     444      
24       733      1044     1794     596      299      336      151      237      1460     1107     189      940      1048     180      1565     609      1244     895      162      524      363      983      1032     582      0        1343     1257     888      1181     919      823      802      956      761      259      439      1334     1344     1331     523      914      
25       1407     556      471      882      1626     1119     1192     1253     371      282      1172     1144     1131     1351     294      1649     385      1025     1181     1353     1606     369      639      889      1343     0        793      1033     861      425      606      1407     1534     965      1084     981      451      941      330      1654     448      
26       890      1133     1169     1148     1549     924      1128     1052     530      869      1170     1599     441      1157     1072     1237     408      1479     1122     956      1344     658      274      1144     1257     793      0        459      112      754      540      853      1895     1353     1048     1136     366      156      1085     1297     843      
27       434      1157     1482     985      1159     556      788      658      903      978      854      1472     178      754      1327     778      706      1366     786      503      905      739      404      976      888      1033     459      0        352      785      492      406      1686     1220     739      913      731      489      1241     841      861      
28       780      1153     1258     1122     1469     846      1059     968      628      905      1107     1587     329      1072     1147     1130     481      1469     1054     853      1248     680      271      1117     1181     861      112      352      0        767      521      742      1864     1337     985      1095     458      167      1137     1193     855      
29       1078     387      879      492      1201     715      768      843      627      215      747      868      931      935      660      1269     464      745      757      984      1195     108      495      496      919      425      754      785      767      0        293      1095     1213     640      660      567      574      907      482      1259     89       
30       808      670      1078     607      1122     539      675      679      639      492      690      1066     641      784      887      1044     421      948      666      746      1027     259      266      604      823      606      540      492      521      293      0        817      1355     816      576      606      513      679      759      1055     370      
31       72       1425     1868     1136     999      560      769      574      1308     1306     858      1607     436      625      1697     430      1105     1521     773      278      656      1077     803      1124     802      1407     853      406      742      1095     817      0        1730     1369     776      1017     1137     846      1574     526      1154     
32       1668     987      1828     748      936      1179     960      1159     1831     1256     872      409      1863     1135     1596     1559     1676     514      957      1464     1277     1321     1622     751      956      1534     1895     1686     1864     1213     1355     1730     0        575      966      775      1787     2029     1311     1460     1139     
33       1321     441      1301     237      925      818      674      864      1255     684      589      252      1395     895      1063     1337     1104     151      665      1144     1125     749      1079     247      761      965      1353     1220     1337     640      816      1369     575      0        616      360      1215     1496     779      1271     564      
34       720      817      1537     403      551      216      107      250      1208     853      121      839      913      305      1311     728      995      765      97       531      563      724      804      389      259      1084     1048     739      985      660      576      776      966      616      0        256      1089     1152     1086     676      660      
35       966      608      1402     156      672      460      325      506      1179     716      252      590      1091     546      1166     982      986      509      314      785      791      659      868      142      439      981      1136     913      1095     567      606      1017     775      360      256      0        1092     1262     913      923      532      
36       1157     898      802      1052     1634     1034     1188     1173     173      604      1203     1439     774      1281     714      1467     110      1316     1179     1168     1508     465      344      1054     1334     451      366      731      458      574      513      1137     1787     1215     1089     1092     0        502      769      1503     654      
37       894      1288     1298     1284     1629     1008     1224     1127     653      1025     1274     1744     410      1229     1215     1255     557      1625     1220     991      1394     813      418      1280     1344     941      156      489      167      907      679      846      2029     1496     1152     1262     502      0        1239     1327     996      
38       1559     338      522      777      1585     1181     1189     1299     701      268      1145     904      1368     1382     286      1744     687      797      1178     1464     1644     502      885      788      1331     330      1085     1241     1137     482      759      1574     1311     779      1086     913      769      1239     0        1726     440      
39       459      1486     2125     1077     572      545      598      433      1661     1472     681      1463     936      376      1917     119      1441     1411     608      341      189      1287     1160     1062     523      1654     1297     841      1193     1259     1055     526      1460     1271     676      923      1503     1327     1726     0        1286     
40       1133     301      880      438      1187     741      766      861      693      193      735      785      1012     948      651      1304     543      662      755      1027     1209     192      584      444      914      448      843      861      855      89       370      1154     1139     564      660      532      654      996      440      1286     0        
;



Table delta(i,j)                 Distance
         0        1        2        3        4        5        6        7        8        9        10       11       12       13       14       15       16       17       18       19       20       21       22       23       24       25       26       27       28       29       30       31       32       33       34       35       36       37       38       39       40       
0        0        183      155      73       153      24       158      208      82       123      143      60       174      219      214      202      45       169      79       201      220      226      142      272      173      213      195      204      118      306      18       298      207      201      208      267      141      262      156      167      283      
1        183      0        247      200      90       164      91       158      135      119      194      156      198      391      223      335      160      13       127      313      237      219      303      388      207      124      368      257      296      290      182      327      351      80       264      218      309      301      32       349      391      
2        155      247      0        228      271      172      165      151      120      128      57       113      77       192      100      94       194      234      131      66       97       120      268      140      67       186      291      58       150      180      137      150      118      305      59       178      258      114      215      239      144      
3        73       200      228      0        136      63       207      268      145      182      215      129      245      260      285      267      48       189      137      271      292      295      103      340      245      264      173      277      158      376      92       372      267      187      281      331      113      336      181      168      352      
4        153      90       271      136      0        128      155      229      151      160      230      159      246      373      279      344      113      87       140      332      291      281      238      408      252      203      309      299      271      358      162      382      354      51       305      293      248      351      94       302      414      
5        24       164      172      63       128      0        150      207      82       120      153      66       182      244      222      225      22       151      75       222      229      232      148      295      182      207      207      217      142      313      38       311      231      177      222      269      150      276      138      185      305      
6        158      91       165      207      155      150      0        73       80       42       109      106      107      333      132      258      159      82       80       231      145      129      298      303      117      57       353      167      250      204      149      235      278      166      174      138      299      209      65       320      304      
7        208      158      151      268      229      207      73       0        125      86       98       148      74       340      75       244      221      152      131      210      89       64       350      274      85       43       396      127      274      131      194      172      269      237      133      65       347      153      138      355      270      
8        82       135      120      145      151      82       80       125      0        41       81       26       104      259      143      201      98       121      11       183      152      151      225      259      107      131      275      150      171      232      70       239      216      185      156      186      223      206      103      240      264      
9        123      119      128      182      160      120      42       86       41       0        76       67       86       290      120      219      134      106      45       195      131      123      266      269      92       90       316      141      208      204      112      221      238      183      148      150      265      191      87       281      272      
10       143      194      57       215      230      153      109      98       81       76       0        87       33       242      72       151      173      182      92       122      76       87       276      195      30       129      312      69       180      163      126      158      174      258      75       138      270      125      163      265      196      
11       60       156      113      129      159      66       106      148      26       67       87       0        115      235      155      185      86       142      29       172      162      166      202      248      116      157      249      153      145      246      46       245      198      198      158      206      199      210      125      214      255      
12       174      198      77       245      246      182      107      74       104      86       33       115      0        268      40       170      201      188      114      135      47       53       309      202      10       113      345      59       212      131      157      136      195      268      66       106      303      105      170      298      200      
13       219      391      192      260      373      244      333      340      259      290      242      235      268      0        292      118      261      377      265      156      286      312      218      165      259      369      187      241      102      361      213      307      90       421      238      370      198      277      360      131      184      
14       214      223      100      285      279      222      132      75       143      120      72       155      40       292      0        185      241      214      153      147      14       20       348      203      42       119      382      56       246      91       197      103      212      298      62       78       342      79       197      334      197      
15       202      335      94       267      344      225      258      244      201      219      151      185      170      118      185      0        247      321      210      39       176      205      271      73       159      280      269      129      131      245      187      189      28       384      125      263      256      159      302      211      88       
16       45       160      194      48       113      22       159      221      98       134      173      86       201      261      241      247      0        147      90       244      249      250      144      317      202      216      208      239      158      331      60       332      252      163      243      284      149      297      138      192      327      
17       169      13       234      189      87       151      82       152      121      106      182      142      188      377      214      321      147      0        113      300      228      211      291      375      196      120      356      246      282      283      169      318      338      85       253      213      297      292      19       336      378      
18       79       127      131      137      140      75       80       131      11       45       92       29       114      265      153      210      90       113      0        194      162      160      221      270      118      133      273      161      174      242      69       250      225      174      167      193      220      217      95       240      275      
19       201      313      66       271      332      222      231      210      183      195      122      172      135      156      147      39       244      300      194      0        138      167      289      76       125      248      295      91       153      205      184      151      68       368      86       225      275      120      281      238      83       
20       220      237      97       292      291      229      145      89       152      131      76       162      47       286      14       176      249      228      162      138      0        30       352      191      47       133      383      47       245      87       203      90       204      311      52       87       344      65       210      333      185      
21       226      219      120      295      281      232      129      64       151      123      87       166      53       312      20       205      250      211      160      167      30       0        363      221      58       108      398      76       264      81       209      108      232      295      82       58       357      89       194      351      215      
22       142      303      268      103      238      148      298      350      225      266      276      202      309      218      348      271      144      291      221      289      352      363      0        343      306      354      72       325      140      439      155      419      261      289      327      408      19       382      282      92       359      
23       272      388      140      340      408      295      303      274      259      269      195      248      202      165      203      73       317      375      270      76       191      221      343      0        191      315      336      147      203      237      257      166      84       444      140      275      327      149      356      278      19       
24       173      207      67       245      252      182      117      85       107      92       30       116      10       259      42       159      202      196      118      125      47       58       306      191      0        123      340      50       206      133      156      132      184      276      57       113      299      99       178      292      190      
25       213      124      186      264      203      207      57       43       131      90       129      157      113      369      119      280      216      120      133      248      133      108      354      315      123      0        406      169      295      168      202      215      304      204      176      94       354      197      109      370      312      
26       195      368      291      173      309      207      353      396      275      316      312      249      345      187      382      269      208      356      273      295      383      398      72       336      340      406      0        350      143      470      204      438      252      360      350      449      60       403      345      58       354      
27       204      257      58       277      299      217      167      127      150      141      69       153      59       241      56       129      239      246      161      91       47       76       325      147      50       169      350      0        208      123      186      94       157      325      7        134      316      58       228      297      143      
28       118      296      150      158      271      142      250      274      171      208      180      145      212      102      246      131      158      282      174      153      245      264      140      203      206      295      143      208      0        330      114      295      121      320      208      318      124      260      266      89       219      
29       306      290      180      376      358      313      204      131      232      204      163      246      131      361      91       245      331      283      242      205      87       81       439      237      133      168      470      123      330      0        289      75       273      368      124      76       432      88       269      419      225      
30       18       182      137      92       162      38       149      194      70       112      126      46       157      213      197      187      60       169      69       184      203      209      155      257      156      202      204      186      114      289      0        280      194      208      189      252      153      244      154      172      267      
31       298      327      150      372      382      311      235      172      239      221      158      245      136      307      103      189      332      318      250      151      90       108      419      166      132      215      438      94       295      75       280      0        216      401      91       138      408      36       301      383      152      
32       207      351      118      267      354      231      278      269      216      238      174      198      195      90       212      28       252      338      225      68       204      232      261      84       184      304      252      157      121      273      194      216      0        396      153      290      244      187      319      193      102      
33       201      80       305      187      51       177      166      237      185      183      258      198      268      421      298      384      163      85       174      368      311      295      289      444      276      204      360      325      320      368      208      401      396      0        332      298      300      374      100      353      450      
34       208      264      59       281      305      222      174      133      156      148      75       158      66       238      62       125      243      253      167      86       52       82       327      140      57       176      350      7        208      124      189      91       153      332      0        139      318      55       235      297      136      
35       267      218      178      331      293      269      138      65       186      150      138      206      106      370      78       263      284      213      193      225      87       58       408      275      113      94       449      134      318      76       252      138      290      298      139      0        403      133      200      404      267      
36       141      309      258      113      248      150      299      347      223      265      270      199      303      198      342      256      149      297      220      275      344      357      19       327      299      354      60       316      124      432      153      408      244      300      318      403      0        372      287      73       344      
37       262      301      114      336      351      276      209      153      206      191      125      210      105      277      79       159      297      292      217      120      65       89       382      149      99       197      403      58       260      88       244      36       187      374      55       133      372      0        274      348      138      
38       156      32       215      181      94       138      65       138      103      87       163      125      170      360      197      302      138      19       95       281      210      194      282      356      178      109      345      228      266      269      154      301      319      100      235      200      287      274      0        323      359      
39       167      349      239      168      302      185      320      355      240      281      265      214      298      131      334      211      192      336      240      238      333      351      92       278      292      370      58       297      89       419      172      383      193      353      297      404      73       348      323      0        296      
40       283      391      144      352      414      305      304      270      264      272      196      255      200      184      197      88       327      378      275      83       185      215      359      19       190      312      354      143      219      225      267      152      102      450      136      267      344      138      359      296      0        
;

