

sets
i        orders          /0*80/
k        routes          /1*80/
p        positions       /0*80/
;

alias(i,j)
alias(i,h)
alias(i,hh)
alias(i,jj)
alias(k,kk)
                            Parameters

rho(i)	Processing time
/
0	0
1	47
2	12
3	19
4	87
5	89
6	2
7	93
8	60
9	65
10	3
11	72
12	88
13	95
14	76
15	76
16	23
17	17
18	8
19	66
20	24
21	94
22	13
23	61
24	73
25	80
26	10
27	33
28	44
29	36
30	50
31	91
32	45
33	23
34	78
35	55
36	7
37	99
38	78
39	30
40	48
41	55
42	42
43	73
44	60
45	49
46	55
47	76
48	66
49	74
50	33
51	42
52	50
53	74
54	32
55	89
56	76
57	65
58	92
59	31
60	25
61	60
62	13
63	90
64	62
65	66
66	94
67	50
68	78
69	75
70	36
71	97
72	49
73	55
74	62
75	21
76	80
77	21
78	19
79	21
80	17
/

gamma(i)	Duedate
/
0	0
1	53
2	48
3	78
4	8
5	57
6	80
7	47
8	32
9	54
10	92
11	51
12	22
13	18
14	68
15	92
16	20
17	19
18	40
19	58
20	19
21	24
22	11
23	60
24	36
25	63
26	8
27	15
28	58
29	71
30	55
31	19
32	24
33	62
34	65
35	90
36	80
37	93
38	49
39	72
40	63
41	27
42	12
43	74
44	93
45	56
46	77
47	92
48	42
49	36
50	66
51	6
52	63
53	99
54	58
55	33
56	65
57	45
58	29
59	65
60	51
61	59
62	75
63	3
64	68
65	59
66	68
67	93
68	60
69	97
70	82
71	56
72	66
73	37
74	31
75	88
76	32
77	36
78	17
79	56
80	38
/

sigma(i)	Size
/
0	0
1	4
2	8
3	5
4	6
5	7
6	6
7	9
8	7
9	2
10	2
11	4
12	3
13	7
14	3
15	6
16	8
17	7
18	7
19	2
20	7
21	4
22	4
23	2
24	1
25	5
26	9
27	4
28	1
29	3
30	3
31	9
32	7
33	1
34	5
35	5
36	4
37	4
38	4
39	6
40	9
41	3
42	5
43	5
44	1
45	8
46	4
47	2
48	5
49	7
50	9
51	2
52	9
53	6
54	7
55	5
56	5
57	5
58	4
59	6
60	7
61	5
62	4
63	1
64	8
65	9
66	8
67	4
68	6
69	1
70	1
71	5
72	4
73	6
74	9
75	7
76	6
77	2
78	5
79	2
80	2
/

epsilon(i)	Priority
/
0	0
1	1
2	1
3	5
4	1
5	8
6	7
7	2
8	3
9	1
10	5
11	3
12	8
13	2
14	2
15	9
16	8
17	7
18	7
19	2
20	8
21	6
22	4
23	8
24	4
25	5
26	4
27	9
28	3
29	5
30	3
31	9
32	4
33	4
34	8
35	4
36	6
37	5
38	9
39	8
40	8
41	9
42	4
43	6
44	5
45	7
46	5
47	5
48	7
49	2
50	9
51	3
52	2
53	9
54	9
55	2
56	1
57	9
58	9
59	6
60	6
61	9
62	6
63	5
64	6
65	5
66	1
67	8
68	1
69	6
70	7
71	1
72	4
73	4
74	6
75	7
76	4
77	2
78	9
79	2
80	3
/

psi	Vehicle Capacity
/ 26 /
;

Table kappa(i,j)                 Setup
         0        1        2        3        4        5        6        7        8        9        10       11       12       13       14       15       16       17       18       19       20       21       22       23       24       25       26       27       28       29       30       31       32       33       34       35       36       37       38       39       40       41       42       43       44       45       46       47       48       49       50       51       52       53       54       55       56       57       58       59       60       61       62       63       64       65       66       67       68       69       70       71       72       73       74       75       76       77       78       79       80       
0        0        557      966      2715     1271     3688     4490     3787     740      1330     5503     5935     1258     6901     4213     2904     2528     5423     6711     4817     1696     2919     2511     6359     3386     4515     1655     2971     3799     5043     4485     5159     6910     3337     1503     2353     5451     5004     3625     1863     5236     1070     4047     4522     3625     2809     5238     4507     6406     1870     3732     1907     5776     2743     3527     4838     3367     256      1687     1693     5151     3985     2787     5972     4977     2220     2186     3764     2241     4051     4477     6149     1342     2866     1944     2113     1105     2115     2252     2084     2813     
1        557      0        678      2160     1474     3651     4202     3644     1297     1667     5216     5636     1614     6393     4150     3248     2508     5291     6190     4907     1596     3412     1966     5850     2838     4611     2212     3348     3256     4667     4108     4996     6453     3635     1159     2910     4911     5124     3864     1550     4765     574      3640     4370     3121     3168     4680     4433     5996     2340     3372     2456     5281     3295     2974     4283     3417     732      1815     2242     5133     3433     2349     5418     4463     2577     1671     3359     2797     3668     4086     5701     926      2314     2281     2657     1605     2615     2104     2156     3292     
2        966      678      0        2042     1098     4316     4739     4276     1601     1428     5745     6151     1407     6574     4808     3853     3181     5919     6334     5585     943      3328     2095     6036     2902     5289     2476     3930     3014     5108     3519     5611     6753     4265     536      3097     4636     5802     4518     905      4297     1059     4054     4993     3359     3763     4581     5087     6380     2833     3849     2592     5506     3427     2993     4121     4095     1217     2486     2565     5799     3261     2748     5388     4095     2283     1357     2799     3037     3084     4515     6025     426      2160     1978     2992     1645     2575     1429     2834     3179     
3        2715     2160     2042     0        3093     4464     3965     4102     3455     3460     4843     5165     3445     4693     4806     5075     3606     5563     4409     5971     2522     5369     757      4172     1021     5719     4370     5234     1150     3915     2951     5182     5080     5339     1784     5054     2792     6263     5415     1862     3018     1795     2889     4674     1793     5028     2546     5015     4929     4417     2950     4576     3725     5419     1025     2123     4528     2884     3422     4402     5833     1273     1867     3347     2491     4267     806      2198     4954     2561     3342     4432     1652     181      3967     4815     3658     4615     2606     3565     5217     
4        1271     1474     1098     3093     0        4959     5674     5047     1381     416      6688     7109     447      7672     5484     3920     3799     6687     7429     6049     867      2313     3193     7134     3993     5745     1964     3926     3964     6130     3904     6415     7839     4405     1340     2398     5522     6218     4756     1466     4935     2022     5091     5781     4452     3805     5601     5778     7437     2695     4843     1871     6603     2631     4074     5107     4623     1465     2935     2139     6418     4255     3788     6437     4886     1186     2340     3310     2421     3511     5544     7105     1443     3192     882      2533     980      1635     1360     3344     2147     
5        3688     3651     4316     4464     4959     0        1995     706      3836     4958     2684     3111     4877     5892     544      2479     1160     1855     5935     1536     5247     5955     3722     5445     4186     1330     4170     2732     5470     3031     7309     1720     5243     2225     4711     4760     6858     1856     1868     5094     7467     3334     2761     1147     3573     2569     5960     845      4348     3236     2258     4678     4806     5191     4413     5923     620      3503     2073     3974     1483     5355     2727     6213     6844     5763     4643     6524     4511     6882     2820     4518     4423     4633     5532     4072     4480     5252     5743     1650     5941     
6        4490     4202     4739     3965     5674     1995     0        1298     4921     5814     1014     1446     5746     3952     1821     4342     2472     1770     4042     3209     5657     7231     3242     3543     3268     3125     5525     4597     4664     1044     6905     1365     3247     4175     4950     6213     5710     3548     3857     5268     6685     3687     1235     1167     2420     4407     4602     1794     2369     4780     1015     5996     2931     6662     3463     4740     2570     4401     3336     5378     2513     4416     2150     4624     5930     6710     4471     6163     5985     6526     1012     2529     4661     4090     6431     5591     5518     6452     6033     2997     7171     
7        3787     3644     4276     4102     5047     706      1298     0        4062     5104     2072     2514     5027     5188     739      3081     1382     1646     5236     2112     5220     6289     3345     4744     3693     1959     4524     3337     5032     2327     7018     1374     4543     2883     4609     5165     6335     2449     2559     4976     7057     3237     2093     735      3003     3156     5375     913      3663     3670     1608     5020     4108     5608     3916     5384     1273     3639     2332     4349     1737     4877     2271     5574     6389     5955     4393     6239     4924     6603     2120     3814     4315     4261     5702     4503     4695     5547     5678     1933     6255     
8        740      1297     1601     3455     1381     3836     4921     4062     0        1205     5921     6364     1119     7577     4378     2538     2708     5652     7401     4768     2090     2327     3236     7035     4114     4463     915      2547     4531     5571     5056     5430     7524     3028     2120     1618     6179     4909     3397     2436     5898     1780     4620     4791     4305     2423     5978     4679     6965     1329     4258     1198     6439     2020     4261     5578     3413     624      1764     969      5238     4725     3409     6706     5682     1929     2902     4371     1500     4633     5027     6754     2014     3605     1716     1394     644      1534     2647     2186     2253     
9        1330     1667     1428     3460     416      4958     5814     5104     1205     0        6828     7258     86       7984     5493     3715     3805     6731     7754     5964     1277     1917     3506     7445     4329     5659     1627     3698     4362     6329     4302     6477     8106     4218     1735     2002     5932     6112     4599     1880     5349     2239     5308     5839     4740     3594     5984     5791     7664     2452     5027     1478     6899     2219     4421     5499     4578     1466     2898     1822     6393     4644     4015     6807     5301     909      2726     3721     2042     3915     5752     7361     1809     3566     618      2194     664      1220     1743     3317     1759     
10       5503     5216     5745     4843     6688     2684     1014     2072     5921     6828     0        449      6760     3795     2332     5145     3390     1610     3986     3551     6656     8221     4152     3498     4045     3551     6497     5400     5421     1133     7745     1308     2834     4908     5938     7171     6278     3868     4528     6246     7400     4695     1968     1581     3164     5224     5084     2176     1840     5707     1940     6976     2985     7618     4216     5322     3301     5411     4295     6341     2654     5128     3099     4925     6606     7723     5408     7026     6937     7384     1557     2267     5652     4951     7445     6531     6524     7448     7019     3933     8166     
11       5935     5636     6151     5165     7109     3111     1446     2514     6364     7258     449      0        7191     3660     2734     5581     3840     1863     3893     3891     7055     8667     4496     3421     4322     3914     6945     5836     5676     1309     8034     1627     2608     5332     6327     7620     6437     4198     4941     6626     7625     5108     2276     1988     3439     5662     5213     2555     1603     6156     2318     7424     2969     8068     4481     5494     3731     5848     4744     6790     2954     5364     3472     4975     6814     8155     5761     7330     7387     7685     1830     2139     6045     5263     7876     6981     6963     7892     7404     4382     8611     
12       1258     1614     1407     3445     447      4877     5746     5027     1119     86       6760     7191     0        7950     5412     3631     3725     6652     7723     5878     1315     1925     3473     7409     4302     5573     1556     3615     4363     6270     4348     6401     8059     4133     1737     1953     5941     6026     4513     1900     5381     2187     5252     5762     4699     3510     5975     5710     7609     2369     4967     1427     6860     2184     4399     5496     4494     1388     2815     1748     6310     4639     3963     6793     5320     968      2721     3758     1984     3958     5694     7312     1797     3555     685      2124     585      1206     1795     3235     1772     
13       6901     6393     6574     4693     7672     5892     3952     5188     7577     7984     3795     3660     7950     0        5773     7971     5980     5396     420      7155     7204     9805     4480     542      3701     7077     8416     8213     4384     2917     6670     5056     1234     7929     6443     9151     4122     7492     7694     6555     5690     5834     3258     5094     3276     8001     2932     5732     2109     8000     3768     8775     1163     9580     3667     3497     6403     6954     6550     8352     6375     3971     4203     2149     4855     8858     5499     6216     8977     6485     3081     1529     6255     4661     8553     8685     7996     9007     7292     6369     9682     
14       4213     4150     4808     4806     5484     544      1821     739      4378     5493     2332     2734     5412     5773     0        2939     1688     1320     5854     1410     5745     6496     4053     5357     4430     1305     4711     3187     5760     2862     7699     1229     5027     2627     5183     5292     7074     1751     2211     5561     7780     3803     2791     751      3741     3039     6108     301      4089     3766     2326     5219     4734     5720     4653     6123     1100     4034     2614     4512     1032     5613     2998     6283     7121     6304     5050     6916     5042     7277     2758     4337     4892     4969     6071     4600     5022     5796     6230     2191     6483     
15       2904     3248     3853     5075     3920     2479     4342     3081     2538     3715     5145     5581     3631     7971     2939     0        1990     4222     7927     2630     4568     3978     4522     7469     5298     2355     2315     255      6224     5307     7355     4169     7519     529      4382     2655     7840     2655     1011     4758     7957     3341     4712     3626     5045     135      7270     3203     6704     1292     4206     2788     6819     3020     5508     7039     1859     2648     1664     2078     3416     6275     4006     7775     7551     4254     4840     6607     2404     6916     4943     6755     4173     5255     4124     1959     3070     3454     5130     1659     4025     
16       2528     2508     3181     3606     3799     1160     2472     1382     2708     3805     3390     3840     3725     5980     1688     1990     0        2943     5941     2450     4103     4908     2918     5480     3555     2169     3142     2234     4697     3365     6322     2729     5555     1997     3602     3791     6211     2707     1902     3991     6621     2243     2722     2095     3148     2025     5475     1986     4783     2317     2217     3638     4830     4236     3779     5330     951      2345     955      2969     2631     4655     2140     5888     6074     4625     3649     5536     3553     5886     2963     4785     3320     3785     4387     3141     3349     4172     4610     551      4876     
17       5423     5291     5919     5563     6687     1855     1770     1646     5652     6731     1610     1863     6652     5396     1320     4222     2943     0        5568     2094     6863     7809     4811     5074     4977     2178     6024     4463     6369     2578     8513     404      4439     3862     6239     6613     7476     2376     3401     6598     8401     4874     3001     929      4161     4329     6371     1030     3438     5086     2696     6532     4522     7041     5184     6507     2415     5265     3893     5829     1109     6147     3695     6353     7668     7566     5950     7747     6362     8112     2759     3873     5944     5706     7322     5921     6293     7098     7313     3474     7791     
18       6711     6190     6334     4409     7429     5935     4042     5236     7401     7754     3986     3893     7723     420      5854     7927     5941     5568     0        7251     6929     9598     4250     499      3439     7157     8257     8165     4031     3032     6284     5213     1603     7913     6176     8992     3707     7590     7703     6269     5282     5640     3234     5201     3098     7950     2532     5835     2398     7888     3751     8600     1130     9415     3385     3106     6421     6777     6459     8205     6511     3620     4072     1731     4450     8616     5215     5851     8826     6111     3116     1757     6001     4365     8311     8550     7796     8804     6992     6303     9470     
19       4817     4907     5585     5971     6049     1536     3209     2112     4768     5964     3551     3891     5878     7155     1410     2630     2450     2094     7251     0        6478     6574     5240     6753     5723     304      4835     2821     6999     4237     8763     2263     6347     2143     6034     5268     8393     340      1635     6425     8985     4690     4197     2063     5094     2761     7477     1423     5377     3799     3721     5336     6136     5648     5949     7456     1502     4593     3132     4607     1006     6891     4263     7685     8375     6663     6089     7977     5014     8330     4167     5690     5758     6144     6477     4563     5392     5980     7008     2754     6603     
20       1696     1596     943      2522     867      5247     5657     5220     2090     1277     6656     7055     1315     7204     5745     4568     4103     6863     6929     6478     0        3102     2804     6676     3503     6178     2796     4608     3243     5970     3042     6554     7494     5021     775      3264     4738     6680     5322     693      4074     1996     4906     5937     4096     4464     4929     6026     7194     3417     4741     2737     6191     3496     3543     4402     4999     1945     3352     2952     6729     3571     3611     5801     4063     1847     1719     2444     3278     2645     5374     6793     1025     2583     1575     3360     1821     2481     562      3725     2922     
21       2919     3412     3328     5369     2313     5955     7231     6289     2327     1917     8221     8667     1925     9805     6496     3978     4908     7809     9598     6574     3102     0        5354     9263     6203     6283     1786     3839     6277     7898     5956     7630     9826     4502     3651     1332     7828     6628     4987     3763     7133     3975     6939     7001     6533     3843     7900     6796     9289     2784     6586     1277     8690     1074     6310     7417     5439     2912     3958     1993     7233     6562     5702     8716     7165     1318     4643     5481     1576     5617     7352     9061     3723     5481     1538     2019     1814     804      3436     4359     196      
22       2511     1966     2095     757      3193     3722     3242     3345     3236     3506     4152     4496     3473     4480     4053     4522     2918     4811     4250     5240     2804     5354     0        3941     878      4995     4136     4702     1779     3288     3702     4432     4691     4739     2028     4854     3329     5538     4772     2235     3745     1460     2232     3918     1291     4489     2811     4258     4415     4014     2231     4418     3414     5253     1041     2520     3819     2622     2858     4129     5078     1760     1116     3478     3158     4379     1272     2939     4721     3304     2699     3989     1803     916      4073     4519     3565     4566     3022     2940     5221     
23       6359     5850     6036     4172     7134     5445     3543     4744     7035     7445     3498     3421     7409     542      5357     7469     5480     5074     499      6753     6676     9263     3941     0        3173     6660     7876     7709     3920     2533     6251     4717     1312     7443     5913     8612     3808     7092     7224     6033     5337     5291     2763     4702     2734     7496     2570     5336     1975     7471     3279     8233     650      9040     3148     3103     5938     6412     6027     7814     6012     3508     3667     1894     4491     8320     4977     5764     8439     6045     2625     1301     5721     4147     8015     8150     7453     8464     6776     5856     9140     
24       3386     2838     2902     1021     3993     4186     3268     3693     4114     4329     4045     4322     4302     3701     4430     5298     3555     4977     3439     5723     3503     6203     878      3173     0        5504     5015     5492     1396     3031     3713     4579     4059     5471     2741     5732     2677     6039     5451     2865     3424     2338     2081     4151     882      5276     1975     4591     3940     4870     2282     5293     2706     6130     227      1774     4389     3501     3645     5006     5419     1185     1462     2601     2705     5179     1813     3027     5599     3374     2495     3420     2561     1040     4875     5394     4428     5422     3623     3670     6065     
25       4515     4611     5289     5719     5745     1330     3125     1959     4463     5659     3551     3914     5573     7077     1305     2355     2169     2178     7157     304      6178     6283     4995     6660     5504     0        4538     2555     6762     4165     8490     2297     6312     1883     5742     4982     8180     543      1376     6134     8737     4405     4052     2012     4903     2484     7290     1381     5357     3505     3563     5041     6035     5366     5731     7250     1219     4290     2830     4311     1150     6665     4042     7528     8140     6359     5816     7704     4728     8055     4053     5635     5468     5894     6173     4276     5088     5682     6710     2456     6309     
26       1655     2212     2476     4370     1964     4170     5525     4524     915      1627     6497     6945     1556     8416     4711     2315     3142     6024     8257     4835     2796     1786     4136     7876     5015     4538     0        2232     5442     6265     5830     5852     8297     2844     2971     735      7087     4916     3298     3251     6749     2676     5369     5226     5159     2182     6891     5010     7680     1040     4967     510      7267     1172     5166     6493     3654     1514     2204     237      5456     5639     4219     7611     6570     1963     3804     5182     586      5420     5749     7520     2898     4519     1878     568      984      1147     3322     2591     1784     
27       2971     3348     3930     5234     3926     2732     4597     3337     2547     3698     5400     5836     3615     8213     3187     255      2234     4463     8165     2821     4608     3839     4702     7709     5492     2555     2232     0        6384     5559     7445     4417     7770     680      4464     2509     8009     2823     1187     4833     8085     3478     4955     3878     5263     217      7466     3447     6958     1248     4451     2684     7060     2854     5698     7221     2112     2716     1847     1995     3636     6447     4222     7987     7700     4189     4966     6706     2262     7008     5191     7006     4266     5412     4076     1828     3043     3354     5170     1879     3897     
28       3799     3256     3014     1150     3964     5470     4664     5032     4531     4362     5421     5676     4363     4384     5760     6224     4697     6369     4031     6999     3243     6277     1779     3920     1396     6762     5442     6384     0        4371     2423     5972     5036     6480     2627     6100     1655     7303     6539     2550     2034     2937     3468     5529     2261     6178     1716     5940     5114     5552     3676     5603     3630     6441     1206     1161     5595     3988     4569     5493     6768     412      2762     2628     1379     5081     1657     1850     6020     2153     3864     4512     2592     973      4796     5912     4659     5565     3138     4695     6111     
29       5043     4667     5108     3915     6130     3031     1044     2327     5571     6329     1133     1309     6270     2917     2862     5307     3365     2578     3032     4237     5970     7898     3288     2533     3031     4165     6265     5559     4371     0        6744     2202     2223     5177     5216     6979     5152     4574     4882     5484     6316     4107     1066     2177     2153     5361     3951     2815     1426     5615     1313     6708     1951     7427     3181     4200     3588     5000     4138     6143     3479     4055     2361     3810     5507     7238     4560     6053     6764     6404     596      1487     4946     4001     6946     6397     6124     7101     6271     3850     7818     
30       4485     4108     3519     2951     3904     7309     6905     7018     5056     4302     7745     8034     4348     6670     7699     7355     6322     8513     6284     8763     3042     5956     3702     6251     3713     8490     5830     7445     2423     6744     0        8133     7428     7739     2983     6302     2834     9029     7938     2628     1407     4128     5776     7617     4595     7271     3767     7925     7538     6343     5891     5775     6025     6509     3567     3179     7272     4737     5863     5972     8731     2807     4817     4664     1965     4638     2674     786      6321     441      6205     6931     3183     2817     4443     6388     4862     5458     2566     6131     5762     
31       5159     4996     5611     5182     6415     1720     1365     1374     5430     6477     1308     1627     6401     5056     1229     4169     2729     404      5213     2263     6554     7630     4432     4717     4579     2297     5852     4417     5972     2202     8133     0        4140     3849     5912     6466     7072     2572     3415     6265     8003     4559     2596     638      3758     4267     5967     985      3149     4947     2297     6355     4152     6901     4784     6102     2321     5013     3685     5666     1345     5746     3316     5958     7266     7329     5589     7371     6219     7736     2358     3542     5617     5322     7076     5784     6066     6901     6992     3273     7603     
32       6910     6453     6753     5080     7839     5243     3247     4543     7524     8106     2834     2608     8059     1234     5027     7519     5555     4439     1603     6347     7494     9826     4691     1312     4059     6312     8297     7770     5036     2223     7428     4140     0        7400     6719     9026     5100     6674     7102     6897     6597     5878     2932     4299     3401     7568     3843     4934     1005     7742     3377     8704     1406     9469     4094     4342     5810     6918     6262     8200     5485     4634     4124     3207     5746     9007     5860     6885     8828     7188     2600     779      6492     5091     8704     8491     8015     9021     7670     6013     9723     
33       3337     3635     4265     5339     4405     2225     4175     2883     3028     4218     4908     5332     4133     7929     2627     529      1997     3862     7913     2143     5021     4502     4739     7443     5471     1883     2844     680      6480     5177     7739     3849     7400     0        4785     3176     8068     2143     508      5169     8276     3662     4680     3350     5136     664      7425     2866     6544     1817     4164     3318     6792     3531     5687     7233     1613     3082     1924     2607     2985     6500     4111     7877     7829     4778     5171     6979     2926     7298     4863     6650     4560     5520     4642     2484     3580     3984     5582     1803     4552     
34       1503     1159     536      1784     1340     4711     4950     4609     2120     1735     5938     6327     1737     6443     5183     4382     3602     6239     6176     6034     775      3651     2028     5913     2741     5742     2971     4464     2627     5216     2983     5912     6719     4785     0        3559     4209     6262     5023     393      3781     1380     4150     5309     3320     4294     4264     5452     6424     3369     4009     3042     5420     3862     2793     3767     4534     1753     2971     3075     6192     2915     2865     5109     3621     2491     1004     2264     3519     2548     4620     6017     294      1866     2195     3501     2085     2942     1085     3297     3487     
35       2353     2910     3097     5054     2398     4760     6213     5165     1618     2002     7171     7620     1953     9151     5292     2655     3791     6613     8992     5268     3264     1332     4854     8612     5732     4982     735      2509     6100     6979     6302     6466     9026     3176     3559     0        7733     5309     3666     3798     7304     3396     6097     5850     5893     2520     7588     5587     8398     1527     5687     527      8003     449      5878     7174     4209     2234     2878     836      5969     6316     4955     8324     7179     2007     4448     5700     255      5909     6471     8249     3523     5197     2035     707      1477     1026     3746     3242     1405     
36       5451     4911     4636     2792     5522     6858     5710     6335     6179     5932     6278     6437     5941     4122     7074     7840     6211     7476     3707     8393     4738     7828     3329     3808     2677     8180     7087     8009     1655     5152     2834     7072     5100     8068     4209     7733     0        8713     8091     4065     1607     4587     4475     6723     3348     7800     1273     7214     5487     7206     4818     7229     3794     8061     2450     969      7064     5643     6177     7144     8037     1568     4139     1983     869      6583     3285     2697     7661     2818     4767     4798     4210     2620     6313     7564     6277     7148     4519     6269     7654     
37       5004     5124     5802     6263     6218     1856     3548     2449     4909     6112     3868     4198     6026     7492     1751     2655     2707     2376     7590     340      6680     6628     5538     7092     6039     543      4916     2823     7303     4574     9029     2572     6674     2143     6262     5309     8713     0        1644     6655     9280     4935     4536     2398     5423     2789     7808     1759     5699     3876     4058     5410     6476     5673     6266     7779     1756     4773     3327     4684     1269     7203     4578     8023     8681     6782     6356     8243     5057     8593     4507     6023     5991     6438     6608     4610     5523     6064     7217     2968     6667     
38       3625     3864     4518     5415     4756     1868     3857     2559     3397     4599     4528     4941     4513     7694     2211     1011     1902     3401     7703     1635     5322     4987     4772     7224     5451     1376     3298     1187     6539     4882     7938     3415     7102     508      5023     3666     8091     1644     0        5413     8396     3819     4473     2952     5040     1145     7377     2430     6217     2259     3955     3783     6575     4030     5673     7225     1295     3376     2074     3062     2490     6527     4042     7774     7905     5205     5321     7167     3414     7497     4614     6366     4781     5596     5053     2968     3977     4443     5877     1852     5030     
39       1863     1550     905      1862     1466     5094     5268     4976     2436     1880     6246     6626     1900     6555     5561     4758     3991     6598     6269     6425     693      3763     2235     6033     2865     6134     3251     4833     2550     5484     2628     6265     6897     5169     393      3798     4065     6655     5413     0        3507     1760     4417     5668     3518     4667     4236     5827     6651     3715     4309     3274     5568     4072     2888     3709     4925     2118     3364     3373     6573     2877     3154     5111     3420     2534     1055     1936     3778     2199     4888     6214     671      1909     2254     3796     2322     3101     788      3690     3589     
40       5236     4765     4297     3018     4935     7467     6685     7057     5898     5349     7400     7625     5381     5690     7780     7957     6621     8401     5282     8985     4074     7133     3745     5337     3424     8737     6749     8085     2034     6316     1407     8003     6597     8276     3781     7304     1607     9280     8396     3507     0        4618     5473     7563     4268     7892     2767     7967     6873     7098     5706     6779     5235     7565     3222     2259     7547     5468     6353     6857     8794     2275     4785     3574     851      5825     3118     1652     7285     1579     5844     6211     3895     2843     5595     7283     5830     6555     3696     6545     6944     
41       1070     574      1059     1795     2022     3334     3687     3237     1780     2239     4695     5108     2187     5834     3803     3341     2243     4874     5640     4690     1996     3975     1460     5291     2338     4405     2676     3478     2937     4107     4128     4559     5878     3662     1380     3396     4587     4935     3819     1760     4618     0        3073     3946     2558     3280     4241     4072     5426     2622     2823     2970     4715     3800     2494     3887     3188     1163     1748     2671     4813     3058     1776     4937     4224     3147     1508     3351     3261     3688     3523     5127     1089     1966     2849     3067     2162     3174     2440     2003     3859     
42       4047     3640     4054     2889     5091     2761     1235     2093     4620     5308     1968     2276     5252     3258     2791     4712     2722     3001     3234     4197     4906     6939     2232     2763     2081     4052     5369     4955     3468     1066     5776     2596     2932     4680     4150     6097     4475     4536     4473     4417     5473     3073     0        2295     1207     4744     3387     2857     2359     4820     518      5787     2112     6541     2262     3506     3202     4028     3344     5269     3648     3198     1306     3493     4704     6217     3503     5060     5897     5417     470      2153     3882     2989     5921     5559     5143     6137     5204     3126     6848     
43       4522     4370     4993     4674     5781     1147     1167     735      4791     5839     1581     1988     5762     5094     751      3626     2095     929      5201     2063     5937     7001     3918     4702     4151     2012     5226     3878     5529     2177     7617     638      4299     3350     5309     5850     6723     2398     2952     5668     7563     3946     2295     0        3377     3716     5678     639      3348     4338     1905     5728     4096     6288     4366     5758     1766     4374     3050     5044     1358     5333     2809     5763     6855     6690     5033     6847     5605     7211     2166     3628     5014     4823     6438     5175     5427     6267     6384     2642     6971     
44       3625     3121     3359     1793     4452     3573     2420     3003     4305     4740     3164     3439     4699     3276     3741     5045     3148     4161     3098     5094     4096     6533     1291     2734     882      4903     5159     5263     2261     2153     4595     3758     3401     5136     3320     5893     3348     5423     5040     3518     4268     2558     1207     3377     0        5045     2387     3868     3148     4834     1474     5503     2161     6316     1054     2387     3872     3681     3462     5110     4689     1996     1041     2741     3510     5630     2511     3900     5729     4251     1612     2698     3090     1860     5325     5463     4721     5732     4301     3386     6413     
45       2809     3168     3763     5028     3805     2569     4407     3156     2423     3594     5224     5662     3510     8001     3039     135      2025     4329     7950     2761     4464     3843     4489     7496     5276     2484     2182     217      6178     5361     7271     4267     7568     664      4294     2520     7800     2789     1145     4667     7892     3280     4744     3716     5045     0        7250     3306     6763     1163     4242     2653     6847     2888     5483     7008     1951     2553     1633     1944     3537     6237     4004     7769     7498     4123     4773     6527     2269     6833     4985     6802     4089     5207     3996     1824     2946     3319     5026     1662     3890     
46       5238     4680     4581     2546     5601     5960     4602     5375     5978     5984     5084     5213     5975     2932     6108     7270     5475     6371     2532     7477     4929     7900     2811     2570     1975     7290     6891     7466     1716     3951     3767     5967     3843     7425     4264     7588     1273     7808     7377     4236     2767     4241     3387     5678     2387     7250     0        6214     4214     6826     3792     7118     2520     7961     1777     601      6248     5385     5619     6906     7022     1358     3336     927      1925     6749     3261     3399     7477     3626     3620     3524     4177     2421     6457     7308     6204     7157     4853     5631     7743     
47       4507     4433     5087     5015     5778     845      1794     913      4679     5791     2176     2555     5710     5732     301      3203     1986     1030     5835     1423     6026     6796     4258     5336     4591     1381     5010     3447     5940     2815     7925     985      4934     2866     5452     5587     7214     1759     2430     5827     7967     4072     2857     639      3868     3306     6214     0        3975     4060     2421     5519     4725     6013     4812     6256     1385     4331     2915     4810     828      5776     3182     6347     7292     6604     5289     7145     5336     7508     2774     4268     5160     5174     6370     4893     5322     6096     6506     2492     6784     
48       6406     5996     6380     4929     7437     4348     2369     3663     6965     7664     1840     1603     7609     2109     4089     6704     4783     3438     2398     5377     7194     9289     4415     1975     3940     5357     7680     6958     5114     1426     7538     3149     1005     6544     6424     8398     5487     5699     6217     6651     6873     5426     2359     3348     3148     6763     4214     3975     0        7042     2713     8116     1713     8845     4029     4627     4937     6381     5564     7563     4495     4738     3650     3756     6026     8573     5658     6921     8186     7250     1937     706      6172     4976     8276     7822     7500     8489     7438     5275     9202     
49       1870     2340     2833     4417     2695     3236     4780     3670     1329     2452     5707     6156     2369     8000     3766     1292     2317     5086     7888     3799     3417     2784     4014     7471     4870     3505     1040     1248     5552     5615     6343     4947     7742     1817     3369     1527     7206     3876     2259     3715     7098     2622     4820     4338     4834     1163     6826     4060     7042     0        4366     1537     6837     1955     5053     6503     2682     1630     1480     808      4452     5679     3820     7455     6799     2961     4010     5633     1275     5913     5149     6963     3210     4586     2834     837      1795     2188     3976     1783     2805     
