

sets
i        orders          /0*20/
k        routes          /1*20/
p        positions       /0*20/
;

alias(i,j)
alias(i,h)
alias(i,hh)
alias(i,jj)
alias(k,kk)
                            Parameters

rho(i)	Processing time
/
0	0
1	91
2	39
3	85
4	81
5	75
6	79
7	20
8	85
9	46
10	49
11	87
12	43
13	79
14	14
15	2
16	14
17	96
18	39
19	94
20	16
/

gamma(i)	Duedate
/
0	0
1	69
2	58
3	17
4	83
5	85
6	9
7	15
8	13
9	94
10	60
11	75
12	34
13	11
14	62
15	7
16	56
17	2
18	94
19	53
20	71
/

sigma(i)	Size
/
0	0
1	4
2	9
3	8
4	9
5	6
6	6
7	3
8	1
9	5
10	3
11	6
12	8
13	8
14	2
15	8
16	5
17	5
18	3
19	2
20	1
/

epsilon(i)	Priority
/
0	0
1	3
2	3
3	3
4	6
5	5
6	7
7	1
8	4
9	6
10	4
11	4
12	1
13	9
14	1
15	8
16	1
17	6
18	5
19	4
20	2
/

psi	Vehicle Capacity
/ 32 /
;

Table kappa(i,j)                 Setup
         0        1        2        3        4        5        6        7        8        9        10       11       12       13       14       15       16       17       18       19       20       
0        0        616      554      709      810      790      348      632      1103     624      719      525      1021     778      423      887      373      709      460      670      751      
1        616      0        727      957      590      1098     296      1003     768      292      366      339      1147     418      824      1057     809      473      458      941      405      
2        554      727      0        230      432      374      490      318      718      496      520      398      480      543      258      358      299      413      269      217      522      
3        709      957      230      0        597      150      713      186      845      720      731      627      330      745      304      190      361      612      499      43       727      
4        810      590      432      597      0        745      540      741      301      301      229      321      637      198      677      597      706      124      350      609      197      
5        790      1098     374      150      745      0        842      169      981      869      882      773      351      895      366      234      419      763      641      157      877      
6        348      296      490      713      540      842      0        727      806      291      392      219      955      455      536      844      516      421      246      688      429      
7        632      1003     318      186      741      169      727      0        1009     805      837      698      493      862      211      359      259      731      560      151      840      
8        1103     768      718      845      301      981      806      1009     0        525      424      589      780      362      971      789      1003     394      646      865      383      
9        624      292      496      720      301      869      291      805      525      0        102      116      869      165      664      791      669      181      251      713      141      
10       719      366      520      731      229      882      392      837      424      102      0        196      840      63       717      777      729      130      310      730      40       
11       525      339      398      627      321      773      219      698      589      116      196      0        809      253      549      717      553      201      138      615      225      
12       1021     1147     480      330      637      351      955      493      780      869      840      809      0        829      633      139      690      710      713      373      820      
13       778      418      543      745      198      895      455      862      362      165      63       253      829      0        754      775      770      132      356      747      27       
14       423      824      258      304      677      366      536      211      971      664      717      549      633      754      0        493      57       633      413      261      729      
15       887      1057     358      190      597      234      844      359      789      791      777      717      139      775      493      0        550      648      608      234      763      
16       373      809      299      361      706      419      516      259      1003     669      729      553      690      770      57       550      0        653      420      318      744      
17       709      473      413      612      124      763      421      731      394      181      130      201      710      132      633      648      653      0        257      615      115      
18       460      458      269      499      350      641      246      560      646      251      310      138      713      356      413      608      420      257      0        484      329      
19       670      941      217      43       609      157      688      151      865      713      730      615      373      747      261      234      318      615      484      0        728      
20       751      405      522      727      197      877      429      840      383      141      40       225      820      27       729      763      744      115      329      728      0        
;



Table delta(i,j)                 Distance
         0        1        2        3        4        5        6        7        8        9        10       11       12       13       14       15       16       17       18       19       20       
0        0        119      422      500      257      278      53       487      534      336      172      93       253      108      255      407      550      309      322      323      565      
1        119      0        335      567      154      247      74       549      512      227      96       158      273      224      156      490      549      196      300      223      502      
2        422      335      0        607      184      210      371      580      311      144      250      382      321      526      180      591      399      180      225      118      196      
3        500      567      607      0        586      415      507      28       407      647      518      416      317      492      576      117      325      650      383      603      583      
4        257      154      184      586      0        184      203      563      418      81       92       246      269      365      11       535      479      66       234      69       366      
5        278      247      210      415      184      0        239      390      265      233      155      206      111      363      173      385      305      241      54       188      295      
6        53       74       371      507      203      239      0        491      501      283      120      91       233      161      202      423      525      257      287      270      519      
7        487      549      580      28       563      390      491      0        379      622      497      401      294      484      552      122      298      626      356      578      555      
8        534      512      311      407      418      265      501      379      0        429      417      450      295      604      408      451      100      454      214      385      192      
9        336      227      144      647      81       233      283      622      429      0        173      327      333      444      86       605      502      37       276      46       339      
10       172      96       250      518      92       155      120      497      417      173      0        154      205      278      87       456      460      155      209      152      407      
11       93       158      382      416      246      206      91       401      450      327      154      0        162      157      241      332      460      309      243      301      501      
12       253      273      321      317      269      111      233      294      295      333      205      162      0        310      259      274      297      333      111      291      381      
13       108      224      526      492      365      363      161      484      604      444      278      157      310      0        363      385      604      417      400      430      657      
14       255      156      180      576      11       173      202      552      408      86       87       241      259      363      0        526      468      75       223      68       359      
15       407      490      591      117      535      385      423      122      451      605      456      332      274      385      526      0        387      601      367      565      606      
16       550      549      399      325      479      305      525      298      100      502      460      460      297      604      468      387      0        523      251      456      293      
17       309      196      180      650      66       241      257      626      454      37       155      309      333      417      75       601      523      0        288      70       374      
18       322      300      225      383      234      54       287      356      214      276      209      243      111      400      223      367      251      288      0        229      271      
19       323      223      118      603      69       188      270      578      385      46       152      301      291      430      68       565      456      70       229      0        308      
20       565      502      196      583      366      295      519      555      192      339      407      501      381      657      359      606      293      374      271      308      0        
;

