

sets
i        orders          /0*40/
k        routes          /1*40/
p        positions       /0*40/
;

alias(i,j)
alias(i,h)
alias(i,hh)
alias(i,jj)
alias(k,kk)
                            Parameters

rho(i)	Processing time
/
0	0
1	29
2	1
3	20
4	73
5	49
6	25
7	5
8	2
9	54
10	19
11	71
12	37
13	51
14	68
15	47
16	48
17	18
18	9
19	98
20	40
21	91
22	82
23	58
24	14
25	26
26	81
27	26
28	67
29	32
30	1
31	55
32	64
33	65
34	99
35	5
36	2
37	59
38	73
39	12
40	36
/

gamma(i)	Duedate
/
0	0
1	33
2	9
3	93
4	95
5	38
6	15
7	94
8	92
9	49
10	78
11	25
12	22
13	59
14	68
15	54
16	16
17	50
18	26
19	85
20	71
21	53
22	48
23	81
24	54
25	89
26	38
27	2
28	97
29	96
30	11
31	99
32	97
33	13
34	84
35	50
36	54
37	54
38	90
39	79
40	19
/

sigma(i)	Size
/
0	0
1	8
2	2
3	1
4	6
5	7
6	5
7	3
8	5
9	8
10	1
11	6
12	1
13	1
14	1
15	5
16	2
17	3
18	3
19	2
20	1
21	6
22	3
23	3
24	6
25	5
26	5
27	3
28	1
29	6
30	7
31	1
32	3
33	7
34	3
35	5
36	4
37	2
38	5
39	2
40	2
/

epsilon(i)	Priority
/
0	0
1	5
2	3
3	6
4	7
5	4
6	2
7	6
8	2
9	5
10	7
11	2
12	9
13	2
14	8
15	6
16	4
17	2
18	1
19	3
20	3
21	7
22	4
23	3
24	9
25	7
26	7
27	8
28	8
29	5
30	2
31	1
32	2
33	1
34	1
35	2
36	8
37	6
38	8
39	9
40	9
/

psi	Vehicle Capacity
/ 17 /
;

Table kappa(i,j)                 Setup
         0        1        2        3        4        5        6        7        8        9        10       11       12       13       14       15       16       17       18       19       20       21       22       23       24       25       26       27       28       29       30       31       32       33       34       35       36       37       38       39       40       
0        0        52       127      187      278      237      135      133      128      158      51       110      219      191      249      96       91       179      167      323      128      136      191      147      272      195      248      187      316      72       189      142      194      253      97       215      271      59       117      283      160      
1        52       0        124      239      305      289      152      91       138      155      101      60       268      196      280      128      136      231      203      375      169      110      235      187      282      247      300      223      332      81       234      91       205      263      148      249      321      52       106      335      183      
2        127      124      0        233      201      290      262      102      32       277      166      165      314      315      187      223      125      252      136      361      247      234      303      265      159      251      291      310      213      55       298      151      86       140      166      165      291      172      22       327      90       
3        187      239      233      0        219      57       237      302      205      293      150      298      125      302      181      191      112      50       123      136      159      307      157      164      280      25       61       201      290      199      148      326      227      267      90       151      88       234      241      97       172      
4        278      305      201      219      0        259      397      304      174      434      282      358      343      461      37       347      200      267      120      281      341      413      366      355      99       244      243      399      77       224      358      352      120      101      233      72       207      337      223      268      121      
5        237      289      290      57       259      0        262      357      263      322      193      346      106      323      223      221      168      63       177      89       180      346      155      180      330      42       24       206      334      255      147      378      282      319      141      197      76       278      299      47       227      
6        135      152      262      237      397      262      0        241      263      60       114      169      187      66       363      50       196      199      277      350      82       113      133      87       405      229      283      94       444      208      137      222      327      386      169      327      325      100      250      309      286      
7        133      91       102      302      304      357      241      0        132      233      185      88       352      276      289      219      190      306      230      437      259      171      324      277      252      315      363      314      309      105      322      51       187      234      217      265      374      140      81       399      191      
8        128      138      32       205      174      263      263      132      0        285      158      186      295      320      156      220      104      228      104      331      237      249      289      255      145      225      262      301      194      58       283      178      67       126      147      133      260      180      51       298      58       
9        158      155      277      293      434      322      60       233      285      0        156      148      248      44       403      102      236      258      318      410      142      72       193      148      430      286      341      150      475      227      198      202      352      411      217      368      381      105      261      368      318      
10       51       101      166      150      282      193      114      185      158      156      0        154      167      178      249      65       81       133      163      282      81       158      141      100      294      152      207      144      331      111      138      192      218      275      63       213      237      84       160      241      173      
11       110      60       165      298      358      346      169      88       186      148      154      0        315      193      336      161      197      287      261      433      209      82       276      225      324      304      358      254      378      135      276      54       251      305      207      306      381      78       143      393      237      
12       219      268      314      125      343      106      187      352      295      248      167      315      0        238      305      161      191      76       238      177      111      291      58       101      397      101      131      109      413      265      51       358      334      382      148      274      183      238      315      141      278      
13       191      196      315      302      461      323      66       276      320      44       178      193      238      0        428      116      260      262      342      409      144      116      181      143      464      292      345      132      506      263      187      246      386      445      235      392      388      143      300      368      348      
14       249      280      187      181      37       223      363      289      156      403      249      336      305      428      0        313      167      229      85       250      305      385      329      318      119      206      207      362      111      201      320      334      115      115      198      36       175      309      207      234      99       
15       96       128      223      191      347      221      50       219      220      102      65       161      161      116      313      0        146      157      227      310      50       130      115      64       359      185      240      95       397      168      117      211      282      340      118      277      279      83       214      268      239      
16       91       136      125      112      200      168      196      190      104      236      81       197      191      260      167      146      0        126      81       247      146      227      189      163      220      128      173      209      252      86       182      217      149      203      43       132      186      149      131      209      97       
17       179      231      252      50       267      63       199      306      228      258      133      287      76       262      229      157      126      0        162      153      118      283      107      120      321      31       83       152      336      209      98       322      261      307      89       197      127      216      256      111      205      
18       167      203      136      123      120      177      277      230      104      318      163      261      238      342      85       227      81       162      0        232      222      303      252      236      159      147      170      281      178      129      244      269      105      145      113      50       159      226      152      203      53       
19       323      375      361      136      281      89       350      437      331      410      282      433      177      409      250      310      247      153      232      0        267      436      234      265      368      129      75       286      358      333      226      462      335      360      226      235      76       366      372      41       285      
20       128      169      247      159      341      180      82       259      237      142      81       209      111      144      305      50       146      118      222      267      0        180      67       19       367      148      201      63       398      192      67       256      293      349      108      269      244      131      241      226      244      
21       136      110      234      307      413      346      113      171      249      72       158      82       291      116      385      130      227      283      303      436      180      0        241      191      393      307      363      207      443      192      244      133      316      373      220      352      396      78       215      394      292      
22       191      235      303      157      366      155      133      324      289      193      141      276      58       181      329      115      189      107      252      234      67       241      0        51       407      137      180      52       431      250      8        323      338      390      145      294      230      198      300      196      284      
23       147      187      265      164      355      180      87       277      255      148      100      225      101      143      318      64       163      120      236      265      19       191      51       0        383      151      202      46       413      211      53       273      310      366      122      283      247      147      260      224      260      
24       272      282      159      280      99       330      405      252      145      430      294      324      397      464      119      359      220      321      159      368      367      393      407      383      0        305      319      429      59       203      400      304      78       19       262      134      292      326      180      348      123      
25       195      247      251      25       244      42       229      315      225      286      152      304      101      292      206      185      128      31       147      129      148      307      137      151      305      0        55       184      316      214      128      336      251      292      99       176      96       237      258      88       195      
26       248      300      291      61       243      24       283      363      262      341      207      358      131      345      207      240      173      83       170      75       201      363      180      202      319      55       0        230      319      259      171      387      275      308      151      185      52       292      301      36       222      
27       187      223      310      201      399      206      94       314      301      150      144      254      109      132      362      95       209      152      281      286      63       207      52       46       429      184      230      0        459      254      60       305      356      412      168      327      279      178      303      247      306      
28       316      332      213      290      77       334      444      309      194      475      331      378      413      506      111      397      252      336      178      358      398      443      431      413      59       316      319      459      0        251      423      360      127      75       290      139      284      372      234      344      158      
29       72       81       55       199      224      255      208      105      58       227      111      135      265      263      201      168      86       209      129      333      192      192      250      211      203      214      259      254      251      0        246      139      125      184      120      171      269      122      50       296      102      
30       189      234      298      148      358      147      137      322      283      198      138      276      51       187      320      117      182      98       244      226      67       244      8        53       400      128      171      60       423      246      0        323      331      383      139      286      221      198      296      187      277      
31       142      91       151      326      352      378      222      51       178      202      192      54       358      246      334      211      217      322      269      462      256      133      323      273      304      336      387      305      360      139      323      0        236      286      237      308      404      127      129      423      235      
32       194      205      86       227      120      282      327      187      67       352      218      251      334      386      115      282      149      261      105      335      293      316      338      310      78       251      275      356      127      125      331      236      0        58       192      106      260      248      108      309      56       
33       253      263      140      267      101      319      386      234      126      411      275      305      382      445      115      340      203      307      145      360      349      373      390      366      19       292      308      412      75       184      383      286      58       0        245      124      284      306      161      339      105      
34       97       148      166      90       233      141      169      217      147      217      63       207      148      235      198      118      43       89       113      226      108      220      145      122      262      99       151      168      290      120      139      237      192      245      0        162      176      145      168      186      139      
35       215      249      165      151      72       197      327      265      133      368      213      306      274      392      36       277      132      197      50       235      269      352      294      283      134      176      185      327      139      171      286      308      106      124      162      0        159      275      184      214      74       
36       271      321      291      88       207      76       325      374      260      381      237      381      183      388      175      279      186      127      159      76       244      396      230      247      292      96       52       279      284      269      221      404      260      284      176      159      0        321      304      62       211      
37       59       52       172      234      337      278      100      140      180      105      84       78       238      143      309      83       149      216      226      366      131      78       198      147      326      237      292      178      372      122      198      127      248      306      145      275      321      0        156      325      218      
38       117      106      22       241      223      299      250      81       51       261      160      143      315      300      207      214      131      256      152      372      241      215      300      260      180      258      301      303      234      50       296      129      108      161      168      184      304      156      0        337      110      
39       283      335      327      97       268      47       309      399      298      368      241      393      141      368      234      268      209      111      203      41       226      394      196      224      348      88       36       247      344      296      187      423      309      339      186      214      62       325      337      0        256      
40       160      183      90       172      121      227      286      191      58       318      173      237      278      348      99       239      97       205      53       285      244      292      284      260      123      195      222      306      158      102      277      235      56       105      139      74       211      218      110      256      0        
;



Table delta(i,j)                 Distance
         0        1        2        3        4        5        6        7        8        9        10       11       12       13       14       15       16       17       18       19       20       21       22       23       24       25       26       27       28       29       30       31       32       33       34       35       36       37       38       39       40       
0        0        389      120      65       348      47       395      144      254      422      202      92       111      347      303      136      362      222      166      121      217      151      244      149      269      161      276      154      335      160      226      215      139      138      240      328      214      173      42       182      295      
1        389      0        271      374      54       429      6        247      137      42       251      309      283      291      252      252      70       339      350      276      174      383      148      241      244      304      277      290      339      337      185      176      370      339      233      66       349      221      394      290      359      
2        120      271      0        130      228      158      277      23       134      306      104      73       14       258      207      26       252      216      179      62       109      150      124      52       171      142      190      78       263      165      133      96       133      150      137      209      170      76       123      106      283      
3        65       374      130      0        341      107      380      149      249      403      230      66       128      382      334      133      336      159      102      97       199      209      239      135      298      106      312      190      379      98       196      213      196      76       266      319      265      152      107      219      231      
4        348      54       228      341      0        386      58       205      94       96       198      275      240      240      199      212      97       328      331      243      143      332      104      205      189      283      223      239      286      317      166      132      318      316      179      22       295      189      350      237      359      
5        47       429      158      107      386      0        435      181      293      464      223      139      146      358      319      177      406      266      209      168      261      141      282      193      287      208      289      173      339      205      272      254      134      183      261      367      213      218      39       196      338      
6        395      6        277      380      58       435      0        253      143      39       256      315      289      292      254      258      74       345      356      283      180      388      154      247      247      310      280      295      341      343      191      181      374      346      237      71       353      227      400      294      364      
7        144      247      23       149      205      181      253      0        111      283      95       87       36       247      195      20       230      218      186      68       88       164      100      42       159      146      182      82       257      172      117      72       147      159      125      185      174      62       147      106      283      
8        254      137      134      249      94       293      143      111      0        176      126      183      146      225      172      118      135      261      252      152      62       250      10       114      147      204      182      156      257      237      100      38       235      233      122      74       228      102      257      161      306      
9        422      42       306      403      96       464      39       283      176      0        293      339      319      331      293      286      73       352      370      306      205      424      186      272      286      325      319      330      380      357      208      213      410      362      275      106      391      251      430      331      364      
10       202      251      104      230      198      223      256      95       126      293      0        177      102      153      104      115      261      314      282      163      150      134      118      136      68       241      86       50       161      268      190      104      123      253      38       186      102      149      184      38       376      
11       92       309      73       66       275      139      315      87       183      339      177      0        76       331      280      70       275      154      109      32       134      194      173      69       244      82       263      146      335      97       136      147      178      79       211      253      232      87       119      175      226      
12       111      283      14       128      240      146      289      36       146      319      102      76       0        256      206      40       266      225      185      71       123      136      135      66       170      151      186      70       258      172      147      107      119      155      138      220      160      90       111      99       293      
13       347      291      258      382      240      358      292      247      225      331      153      331      256      0        54       267      333      462      434      315      277      230      224      285      88       392      70       193      54       420      319      227      229      406      122      242      155      292      320      165      520      
14       303      252      207      334      199      319      254      195      172      293      104      280      206      54       0        215      287      408      381      263      222      203      170      231      36       338      37       149      88       367      264      173      198      354      69       197      135      238      281      123      465      
15       136      252      26       133      212      177      258      20       118      286      115      70       40       267      215      0        230      198      166      48       85       176      108      26       179      126      202      99       277      152      107      80       159      139      145      192      192      50       145      125      263      
16       362      70       252      336      97       406      74       230      135      73       261      275      266      333      287      230      0        279      297      242      145      384      144      212      271      253      306      290      376      285      140      166      368      291      253      91       363      188      375      297      292      
17       222      339      216      159      328      266      345      218      261      352      314      154      225      462      408      198      279      0        57       153      198      348      256      177      374      73       399      294      476      61       164      241      332      83       340      307      384      170      261      322      73       
18       166      350      179      102      331      209      356      186      252      370      282      109      185      434      381      166      297      57       0        118      190      299      245      151      346      48       368      255      442      14       166      225      284      31       312      309      342      152      206      284      129      
19       121      276      62       97       243      168      283      68       152      306      163      32       71       315      263      48       242      153      118      0        102      203      143      39       227      80       249      140      324      104      105      118      186      91       193      222      231      55       143      168      222      
20       217      174      109      199      143      261      180      88       62       205      150      134      123      277      222      85       145      198      190      102      0        250      58       68       192      142      224      161      302      176      42       49       234      173      161      121      248      46       230      177      246      
21       151      383      150      209      332      141      388      164      250      424      134      194      136      230      203      176      384      348      299      203      250      0        240      202      177      276      166      94       203      289      281      218      17       268      164      317      76       226      111      96       420      
22       244      148      124      239      104      282      154      100      10       186      118      173      135      224      170      108      144      256      245      143      58       240      0        104      144      197      178      146      254      230      97       28       225      225      117      84       220      94       246      153      303      
23       149      241      52       135      205      193      247      42       114      272      136      69       66       285      231      26       212      177      151      39       68       202      104      0        196      107      221      124      298      136      83       79       185      126      162      184      217      25       164      149      240      
24       269      244      171      298      189      287      247      159      147      286      68       244      170      88       36       179      271      374      346      227      192      177      144      196      0        303      35       115      110      332      234      142      170      318      34       184      117      204      248      90       432      
25       161      304      142      106      283      208      310      146      204      325      241      82       151      392      338      126      253      73       48       80       142      276      197      107      303      0        327      220      403      34       119      178      260      38       269      261      311      105      197      248      144      
26       276      277      190      312      223      289      280      182      182      319      86       263      186      70       37       202      306      399      368      249      224      166      178      221      35       327      0        123      78       354      266      174      163      339      62       219      97       232      251      94       460      
27       154      290      78       190      239      173      295      82       156      330      50       146      70       193      149      99       290      294      255      140      161      94       146      124      115      220      123      0        190      242      196      124      79       225      88       224      92       144      134      30       362      
28       335      339      263      379      286      339      341      257      257      380      161      335      258      54       88       277      376      476      442      324      302      203      254      298      110      403      78       190      0        429      344      252      205      413      140      285      127      309      304      160      538      
29       160      337      165      98       317      205      343      172      237      357      268      97       172      420      367      152      285      61       14       104      176      289      230      136      332      34       354      242      429      0        152      210      274      22       298      295      330      137      199      271      135      
30       226      185      133      196      166      272      191      117      100      208      190      136      147      319      264      107      140      164      166      105      42       281      97       83       234      119      266      196      344      152      0        91       264      154      203      144      285      57       245      214      206      
31       215      176      96       213      132      254      181      72       38       213      104      147      107      227      173      80       166      241      225      118      49       218      28       79       142      178      174      124      252      210      91       0        202      203      112      113      205      72       219      135      293      
32       139      370      133      196      318      134      374      147      235      410      123      178      119      229      198      159      368      332      284      186      234      17       225      185      170      260      163      79       205      274      264      202      0        253      154      304      78       209      102      85       404      
33       138      339      150      76       316      183      346      159      233      362      253      79       155      406      354      139      291      83       31       91       173      268      225      126      318      38       339      225      413      22       154      203      253      0        284      294      311      131      177      254      157      
34       240      233      137      266      179      261      237      125      122      275      38       211      138      122      69       145      253      340      312      193      161      164      117      162      34       269      62       88       140      298      203      112      154      284      0        170      116      171      222      69       399      
35       328      66       209      319      22       367      71       185      74       106      186      253      220      242      197      192      91       307      309      222      121      317      84       184      184      261      219      224      285      295      144      113      304      294      170      0        285      167      331      224      340      
36       214      349      170      265      295      213      353      174      228      391      102      232      160      155      135      192      363      384      342      231      248      76       220      217      117      311      97       92       127      330      285      205      78       311      116      285      0        236      179      70       453      
37       173      221      76       152      189      218      227      62       102      251      149      87       90       292      238      50       188      170      152      55       46       226      94       25       204      105      232      144      309      137      57       72       209      131      171      167      236      0        189      167      228      
38       42       394      123      107      350      39       400      147      257      430      184      119      111      320      281      145      375      261      206      143      230      111      246      164      248      197      251      134      304      199      245      219      102      177      222      331      179      189      0        158      334      
39       182      290      106      219      237      196      294      106      161      331      38       175      99       165      123      125      297      322      284      168      177      96       153      149      90       248      94       30       160      271      214      135      85       254      69       224      70       167      158      0        388      
40       295      359      283      231      359      338      364      283      306      364      376      226      293      520      465      263      292      73       129      222      246      420      303      240      432      144      460      362      538      135      206      293      404      157      399      340      453      228      334      388      0        
;

