
sets
i        orders          /0*5/
k        routes          /1*5/
p        positions       /0*5/
;

alias(i,j)
alias(i,h)
alias(i,hh)
alias(i,jj)
alias(k,kk)
                
                    Parameters

rho(i)	Processing time
/
0	0
1	87
2	31
3	24
4	55
5	58
/

gamma(i)	Duedate
/
0	0
1	52
2	73
3	96
4	53
5	45
/

sigma(i)	Size
/
0	0
1	8
2	3
3	6
4	4
5	2
/

epsilon(i)	Priority
/
0	0
1	9
2	9
3	1
4	9
5	4
/

psi	Vehicle Capacity
/ 23 /
;

Table kappa(i,j)                 Setup
         0        1        2        3        4        5        
0        0        101      129      119      101      73       
1        101      0        27       25       39       42       
2        129      27       0        21       51       65       
3        119      25       21       0        31       50       
4        101      39       51       31       0        28       
5        73       42       65       50       28       0        
;



Table delta(i,j)                 Distance
         0        1        2        3        4        5        
0        0        1360     1500     1280     1270     790      
1        1360     0        43       52       48       129      
2        1500     43       0        95       25       163      
3        1280     52       95       0        94       92       
4        1270     48       25       94       0        148      
5        790      129      163      92       148      0        
;

