

sets
i        orders          /0*10/
k        routes          /1*10/
p        positions       /0*10/
;

alias(i,j)
alias(i,h)
alias(i,hh)
alias(i,jj)
alias(k,kk)
                            Parameters

rho(i)	Processing time
/
0	0
1	25
2	36
3	51
4	17
5	56
6	26
7	89
8	30
9	3
10	67
/

gamma(i)	Duedate
/
0	0
1	3
2	60
3	6
4	48
5	14
6	10
7	81
8	49
9	88
10	89
/

sigma(i)	Size
/
0	0
1	6
2	8
3	4
4	8
5	6
6	6
7	6
8	6
9	7
10	6
/

epsilon(i)	Priority
/
0	0
1	3
2	3
3	9
4	6
5	4
6	8
7	4
8	7
9	8
10	6
/

psi	Vehicle Capacity
/ 36 /
;

Table kappa(i,j)                 Setup
         0        1        2        3        4        5        6        7        8        9        10       
0        0        498      725      361      311      447      497      242      385      163      608      
1        498      0        413      858      240      113      783      727      393      605      190      
2        725      413      0        1062     605      522      730      884      787      746      230      
3        361      858      1062     0        651      797      579      192      653      322      967      
4        311      240      605      651      0        150      725      553      187      456      412      
5        447      113      522      797      150      0        802      687      281      577      303      
6        497      783      730      579      725      802      0        404      861      348      770      
7        242      727      884      192      553      687      404      0        608      138      812      
8        385      393      787      653      187      281      861      608      0        548      580      
9        163      605      746      322      456      577      348      138      548      0        677      
10       608      190      230      967      412      303      770      812      580      677      0        
;



Table delta(i,j)                 Distance
         0        1        2        3        4        5        6        7        8        9        10       
0        0        1290     780      1410     900      720      960      1470     870      1380     720      
1        1290     0        44       41       37       26       13       36       19       13       26       
2        780      44       0        24       9        40       40       29       41       39       18       
3        1410     41       24       0        17       51       44       7        49       30       26       
4        900      37       9        17       0        38       35       20       38       31       13       
5        720      26       40       51       38       0        13       50       7        36       26       
6        960      13       40       44       35       13       0        41       7        23       22       
7        1470     36       29       7        20       50       41       0        47       24       26       
8        870      19       41       49       38       7        7        47       0        30       25       
9        1380     13       39       30       31       36       23       24       30       0        24       
10       720      26       18       26       13       26       22       26       25       24       0        
;

