

sets
i        orders          /0*40/
k        routes          /1*40/
p        positions       /0*40/
;

alias(i,j)
alias(i,h)
alias(i,hh)
alias(i,jj)
alias(k,kk)
                            Parameters

rho(i)	Processing time
/
0	0
1	84
2	32
3	77
4	34
5	82
6	72
7	92
8	60
9	16
10	24
11	80
12	33
13	87
14	97
15	31
16	77
17	70
18	38
19	1
20	47
21	88
22	32
23	75
24	67
25	54
26	66
27	60
28	72
29	82
30	4
31	92
32	35
33	75
34	37
35	81
36	10
37	71
38	55
39	35
40	73
/

gamma(i)	Duedate
/
0	0
1	8
2	46
3	95
4	88
5	31
6	29
7	14
8	26
9	46
10	37
11	18
12	16
13	69
14	36
15	35
16	66
17	56
18	54
19	11
20	77
21	57
22	81
23	79
24	44
25	18
26	43
27	69
28	37
29	71
30	78
31	37
32	90
33	81
34	28
35	82
36	86
37	46
38	25
39	37
40	53
/

sigma(i)	Size
/
0	0
1	3
2	9
3	7
4	9
5	9
6	2
7	9
8	3
9	4
10	8
11	4
12	5
13	6
14	8
15	5
16	6
17	3
18	1
19	8
20	5
21	1
22	7
23	5
24	1
25	6
26	4
27	8
28	8
29	2
30	7
31	9
32	2
33	1
34	2
35	3
36	9
37	5
38	1
39	6
40	5
/

epsilon(i)	Priority
/
0	0
1	6
2	9
3	8
4	1
5	2
6	8
7	7
8	7
9	9
10	4
11	8
12	2
13	7
14	5
15	9
16	9
17	5
18	3
19	5
20	9
21	1
22	7
23	7
24	5
25	8
26	3
27	8
28	4
29	3
30	6
31	1
32	7
33	7
34	5
35	9
36	8
37	8
38	3
39	6
40	9
/

psi	Vehicle Capacity
/ 17 /
;

Table kappa(i,j)                 Setup
         0        1        2        3        4        5        6        7        8        9        10       11       12       13       14       15       16       17       18       19       20       21       22       23       24       25       26       27       28       29       30       31       32       33       34       35       36       37       38       39       40       
0        0        2202     2962     3000     3332     644      3264     997      1649     2195     3604     2247     241      3260     2460     3096     1625     788      695      3943     3731     3625     3461     2439     2943     3346     288      3366     3247     727      1609     2883     2258     3220     1633     1316     2655     995      884      3290     1744     
1        2202     0        760      800      1235     2526     1773     2271     833      1412     1468     45       2304     1834     2488     1290     748      1581     1512     2673     1839     2472     2262     1672     2246     2437     2282     1250     2199     1946     1232     720      1650     1103     1498     1668     1944     1379     2093     2394     729      
2        2962     760      0        67       695      3268     1664     2971     1495     1815     825      715      3061     1752     2921     1098     1449     2322     2272     2539     1403     2426     2226     1998     2468     2535     3039     674      2272     2674     1849     295      2046     547      2080     2327     2222     2112     2803     2505     1388     
3        3000     800      67       0        731      3295     1612     2988     1512     1882     839      756      3095     1702     2989     1157     1502     2350     2312     2483     1337     2374     2176     2066     2535     2600     3082     705      2336     2698     1909     360      2113     480      2083     2385     2290     2138     2823     2569     1444     
4        3332     1235     695      731      0        3729     2326     3504     2060     1695     289      1192     3469     2418     2728     607      1714     2794     2639     3171     1932     3087     2893     1778     2109     2072     3355     63       1808     3168     1951     529      1887     1127     2699     2443     1934     2602     3324     2053     1608     
5        644      2526     3268     3295     3729     0        3242     567      1815     2775     3984     2571     402      3219     3104     3571     2082     945      1157     3803     3815     3471     3334     3035     3563     3958     895      3754     3844     615      2175     3240     2861     3434     1540     1940     3266     1158     590      3901     2213     
6        3264     1773     1664     1612     2326     3242     0        2736     1684     3185     2350     1766     3237     99       4253     2755     2412     2475     2739     904      776      762      568      3440     3995     4135     3468     2288     3880     2655     2941     1938     3423     1214     1702     3295     3705     2273     2655     4098     2446     
7        997      2271     2971     2988     3504     567      2736     0        1476     2811     3738     2315     800      2705     3328     3437     1986     775      1187     3253     3354     2919     2788     3096     3668     4035     1286     3521     3887     409      2215     2990     2939     3060     1049     2102     3352     919      195      3979     2121     
8        1649     833      1495     1512     2060     1815     1684     1476     0        1876     2277     873      1681     1702     2791     2099     938      895      1060     2482     2083     2204     2009     2174     2784     3057     1816     2070     2848     1204     1433     1535     2085     1618     683      1678     2459     673      1313     3007     1037     
9        2195     1412     1815     1882     1695     2775     3185     2811     1876     0        1976     1419     2407     3245     1108     1182     944      2045     1641     4085     3171     3876     3667     301      911      1231     2090     1754     1077     2404     601      1550     239      2340     2506     943      584      1965     2618     1176     838      
10       3604     1468     825      839      289      3984     2350     3738     2277     1976     0        1424     3735     2446     2992     846      1993     3044     2909     3156     1868     3103     2917     2045     2339     2264     3634     242      2004     3413     2240     748      2162     1136     2893     2732     2185     2846     3562     2251     1890     
11       2247     45       715      756      1192     2571     1766     2315     873      1419     1424     0        2350     1829     2501     1259     782      1627     1556     2668     1814     2471     2262     1675     2244     2428     2325     1206     2187     1991     1257     675      1658     1068     1534     1699     1944     1424     2137     2385     756      
12       241      2304     3061     3095     3469     402      3237     800      1681     2407     3735     2350     0        3226     2701     3265     1780     787      838      3875     3746     3550     3395     2658     3173     3573     506      3499     3468     609      1813     3002     2480     3283     1565     1547     2881     1008     720      3517     1905     
13       3260     1834     1752     1702     2418     3219     99       2705     1702     3245     2446     1829     3226     0        4307     2840     2456     2472     2751     839      864      673      474      3504     4064     4211     3470     2381     3957     2638     2986     2023     3483     1309     1679     3331     3771     2274     2630     4173     2495     
14       2460     2488     2921     2989     2728     3104     4253     3328     2791     1108     2992     2501     2701     4307     0        2150     1878     2654     2173     5144     4278     4914     4707     950      853      1244     2240     2790     1328     2934     1359     2650     875      3448     3329     1238     832      2658     3153     1201     1818     
15       3096     1290     1098     1157     607      3571     2755     3437     2099     1182     846      1259     3265     2840     2150     0        1489     2680     2428     3637     2468     3514     3311     1210     1502     1479     3069     670      1213     3064     1567     816      1341     1623     2779     2038     1339     2518     3247     1456     1360     
16       1625     748      1449     1502     1714     2082     2412     1986     938      944      1993     782      1780     2456     1878     1489     0        1214     942      3285     2575     3043     2838     1245     1855     2153     1641     1751     1965     1596     530      1303     1147     1850     1563     922      1528     1083     1792     2101     135      
17       788      1581     2322     2350     2794     945      2475     775      895      2045     3044     1627     787      2472     2654     2680     1214     0        483      3167     2960     2853     2683     2335     2918     3274     1010     2817     3119     384      1456     2298     2185     2507     875      1416     2598     221      580      3219     1349     
18       695      1512     2272     2312     2639     1157     2739     1187     1060     1641     2909     1556     838      2751     2173     2428     942      483      0        3500     3125     3202     3019     1917     2481     2854     782      2671     2718     779      1040     2187     1755     2556     1289     935      2167     550      999      2798     1067     
19       3943     2673     2539     2483     3171     3803     904      3253     2482     4085     3156     2668     3875     839      5144     3637     3285     3167     3500     0        1332     336      483      4343     4900     5036     4177     3128     4779     3268     3815     2823     4323     2044     2312     4142     4610     2988     3217     5000     3329     
20       3731     1839     1403     1337     1932     3815     776      3354     2083     3171     1868     1814     3746     864      4278     2468     2575     2960     3125     1332     0        1368     1233     3382     3871     3932     3896     1880     3668     3205     3071     1698     3409     856      2305     3497     3618     2742     3244     3904     2568     
21       3625     2472     2426     2374     3087     3471     762      2919     2204     3876     3103     2471     3550     673      4914     3514     3043     2853     3202     336      1368     0        209      4144     4714     4874     3863     3048     4622     2943     3572     2697     4111     1969     1991     3877     4416     2681     2886     4835     3096     
22       3461     2262     2226     2176     2893     3334     568      2788     2009     3667     2917     2262     3395     474      4707     3311     2838     2683     3019     483      1233     209      0        3934     4505     4666     3694     2856     4414     2790     3367     2495     3902     1781     1831     3678     4206     2505     2745     4627     2889     
23       2439     1672     1998     2066     1778     3035     3440     3096     2174     301      2045     1675     2658     3504     950      1210     1245     2335     1917     4343     3382     4144     3934     0        610      939      2311     1840     809      2687     880      1718     191      2536     2808     1144     284      2261     2903     884      1137     
24       2943     2246     2468     2535     2109     3563     3995     3668     2784     911      2339     2244     3173     4064     853      1502     1855     2918     2481     4900     3871     4714     4505     610      0        425      2780     2173     476      3259     1463     2175     733      3015     3418     1626     327      2857     3477     373      1747     
25       3346     2437     2535     2600     2072     3958     4135     4035     3057     1231     2264     2428     3573     4211     1244     1479     2153     3274     2854     5036     3932     4874     4666     939      425      0        3193     2134     265      3626     1819     2241     1100     3078     3713     2031     691      3196     3842     56       2034     
26       288      2282     3039     3082     3355     895      3468     1286     1816     2090     3634     2325     506      3470     2240     3069     1641     1010     782      4177     3896     3863     3694     2311     2780     3193     0        3392     3113     1007     1530     2933     2124     3338     1878     1168     2507     1197     1172     3137     1747     
27       3366     1250     674      705      63       3754     2288     3521     2070     1754     242      1206     3499     2381     2790     670      1751     2817     2671     3128     1880     3048     2856     1840     2173     2134     3392     0        1870     3189     2000     535      1947     1084     2702     2493     1997     2622     3342     2116     1648     
28       3247     2199     2272     2336     1808     3844     3880     3887     2848     1077     2004     2187     3468     3957     1328     1213     1965     3119     2718     4779     3668     4622     4414     809      476      265      3113     1870     0        3480     1678     1978     990      2814     3513     1945     620      3028     3693     246      1840     
29       727      1946     2674     2698     3168     615      2655     409      1204     2404     3413     1991     609      2638     2934     3064     1596     384      779      3268     3205     2943     2790     2687     3259     3626     1007     3189     3480     0        1807     2666     2530     2820     964      1702     2943     567      220      3570     1731     
30       1609     1232     1849     1909     1951     2175     2941     2215     1433     601      2240     1257     1813     2986     1359     1567     530      1456     1040     3815     3071     3572     3367     880      1463     1819     1530     2000     1678     1807     0        1644     729      2306     2001     493      1141     1396     2022     1764     505      
31       2883     720      295      360      529      3240     1938     2990     1535     1550     748      675      3002     2023     2650     816      1303     2298     2187     2823     1698     2697     2495     1718     2175     2241     2933     535      1978     2666     1644     0        1776     841      2169     2133     1935     2099     2813     2210     1220     
32       2258     1650     2046     2113     1887     2861     3423     2939     2085     239      2162     1658     2480     3483     875      1341     1147     2185     1755     4323     3409     4111     3902     191      733      1100     2124     1947     990      2530     729      1776     0        2574     2699     956      413      2124     2748     1044     1052     
33       3220     1103     547      480      1127     3434     1214     3060     1618     2340     1136     1068     3283     1309     3448     1623     1850     2507     2556     2044     856      1969     1781     2536     3015     3078     3338     1084     2814     2820     2306     841      2574     0        2070     2763     2766     2286     2913     3049     1816     
34       1633     1498     2080     2083     2699     1540     1702     1049     683      2506     2893     1534     1565     1679     3329     2779     1563     875      1289     2312     2305     1991     1831     2808     3418     3713     1878     2702     3513     964      2001     2169     2699     2070     0        2132     3090     739      953      3662     1679     
35       1316     1668     2327     2385     2443     1940     3295     2102     1678     943      2732     1699     1547     3331     1238     2038     922      1416     935      4142     3497     3877     3678     1144     1626     2031     1168     2493     1945     1702     493      2133     956      2763     2132     0        1342     1432     1922     1975     947      
36       2655     1944     2222     2290     1934     3266     3705     3352     2459     584      2185     1944     2881     3771     832      1339     1528     2598     2167     4610     3618     4416     4206     284      327      691      2507     1997     620      2943     1141     1935     413      2766     3090     1342     0        2533     3161     635      1421     
37       995      1379     2112     2138     2602     1158     2273     919      673      1965     2846     1424     1008     2274     2658     2518     1083     221      550      2988     2742     2681     2505     2261     2857     3196     1197     2622     3028     567      1396     2099     2124     2286     739      1432     2533     0        729      3142     1217     
38       884      2093     2803     2823     3324     590      2655     195      1313     2618     3562     2137     720      2630     3153     3247     1792     580      999      3217     3244     2886     2745     2903     3477     3842     1172     3342     3693     220      2022     2813     2748     2913     953      1922     3161     729      0        3787     1927     
39       3290     2394     2505     2569     2053     3901     4098     3979     3007     1176     2251     2385     3517     4173     1201     1456     2101     3219     2798     5000     3904     4835     4627     884      373      56       3137     2116     246      3570     1764     2210     1044     3049     3662     1975     635      3142     3787     0        1982     
40       1744     729      1388     1444     1608     2213     2446     2121     1037     838      1890     756      1905     2495     1818     1360     135      1349     1067     3329     2568     3096     2889     1137     1747     2034     1747     1648     1840     1731     505      1220     1052     1816     1679     947      1421     1217     1927     1982     0        
;



Table delta(i,j)                 Distance
         0        1        2        3        4        5        6        7        8        9        10       11       12       13       14       15       16       17       18       19       20       21       22       23       24       25       26       27       28       29       30       31       32       33       34       35       36       37       38       39       40       
0        0        711      202      634      542      310      1126     1146     829      620      592      1053     487      537      1208     735      1067     297      815      360      217      508      797      593      85       941      664      1228     1099     122      846      645      372      363      127      888      341      174      697      462      993      
1        711      0        885      644      706      420      791      682      1145     93       441      880      993      203      1008     677      1006     585      1023     942      740      792      585      169      797      566      903      1131     409      735      1263     617      423      395      839      282      437      539      903      254      326      
2        202      885      0        660      538      505      1181     1234     713      797      679      1070     340      696      1220     760      1051     493      739      198      374      465      855      749      136      1023     600      1209     1253     152      695      681      496      561      122      1027     471      350      640      630      1142     
3        634      644      660      0        139      615      526      614      521      612      202      419      522      476      573      101      450      788      382      567      823      252      217      482      680      407      284      607      825      545      668      34       354      662      712      582      376      536      271      501      711      
4        542      706      538      139      0        588      660      753      439      659      286      531      384      518      681      228      525      739      335      431      746      114      356      538      576      545      198      685      937      439      564      170      342      643      604      691      354      477      206      520      821      
5        310      420      505      615      588      0        1006     973      984      327      478      998      714      288      1150     700      1063     197      918      619      324      616      699      343      394      791      769      1216     825      373      1050     609      261      62       434      643      240      165      788      204      729      
6        1126     791      1181     526      660      1006     0        205      892      824      541      232      1031     748      262      432      406      1202     721      1092     1285     766      330      711      1185     227      726      440      681      1055     1071     501      775      1029     1221     543      805      991      691      819      614      
7        1146     682      1234     614      753      973      205      0        1052     735      557      429      1137     692      465      539      604      1170     881      1175     1277     866      397      644      1215     211      860      645      494      1095     1226     583      776      984      1254     407      807      992      829      772      445      
8        829      1145     713      521      439      984      892      1052     0        1097     715      676      378      956      772      542      549      1095     171      519      1046     371      695      977      818      876      242      665      1344     706      181      554      766      1045     826      1103     771      840      249      952      1231     
9        620      93       797      612      659      327      824      735      1097     0        413      889      921      140      1025     658      1003     494      985      863      647      735      585      133      706      597      857      1136     500      648      1206     589      352      303      747      350      362      449      861      170      412      
10       592      441      679      202      286      478      541      557      715      413      0        521      641      283      671      247      604      670      583      644      744      392      221      281      658      349      473      749      653      537      850      176      234      513      697      407      264      450      467      323      536      
11       1053     880      1070     419      531      998      232      429      676      889      521      0        867      783      154      318      175      1185     508      950      1237     619      307      761      1099     347      543      254      864      963      857      408      743      1034     1130     680      770      945      503      839      778      
12       487      993      340      522      384      714      1031     1137     378      921      641      867      0        789      1002     603      802      777      438      142      696      270      740      829      458      930      330      950      1290     369      360      554      569      777      458      1046     559      551      373      754      1173     
13       537      203      696      476      518      288      748      692      956      140      283      783      789      0        926      530      883      482      845      741      609      595      475      57       621      524      716      1024     562      543      1066     456      220      292      663      358      236      363      720      83       456      
14       1208     1008     1220     573      681      1150     262      465      772      1025     671      154      1002     926      0        472      224      1338     612      1092     1392     763      454      900      1252     451      672      185      942      1116     952      563      896      1184     1283     786      924      1100     630      986      869      
15       735      677      760      101      228      700      432      539      542      658      247      318      603      530      472      0        363      879      384      659      921      334      154      526      782      343      325      516      806      647      704      92       439      742      814      571      463      631      299      567      696      
16       1067     1006     1051     450      525      1063     406      604      549      1003     604      175      802      883      224      363      0        1238     392      905      1267     585      421      870      1101     509      471      160      1030     964      728      453      801      1106     1127     833      824      984      429      927      938      
17       297      585      493      788      739      197      1202     1170     1095     494      670      1185     777      482      1338     879      1238     0        1053     656      174      742      891      535      359      988      900      1394     994      408      1132     787      442      194      387      830      416      262      926      399      906      
18       815      1023     739      382      335      918      721      881      171      985      583      508      438      845      612      384      392      1053     0        563      1031     311      534      858      823      710      153      525      1191     696      350      412      677      975      839      953      688      791      130      854      1080     
19       360      942      198      567      431      619      1092     1175     519      863      644      950      142      741      1092     659      905      656      563      0        561      331      780      787      321      964      437      1058     1272     252      498      595      522      681      317      1033     505      454      479      692      1157     
20       217      740      374      823      746      324      1285     1277     1046     647      744      1237     696      609      1392     921      1267     174      1031     561      0        723      961      665      240      1083     879      1426     1148     339      1056     829      510      346      253      967      480      294      911      525      1053     
21       508      792      465      252      114      616      766      866      371      735      392      619      270      595      763      334      585      742      311      331      723      0        469      623      526      660      158      743      1045     393      471      284      395      675      547      799      399      481      188      584      928      
22       797      585      855      217      356      699      330      397      695      585      221      307      740      475      454      154      421      891      534      780      961      469      0        455      855      191      478      550      661      726      858      186      453      731      891      434      482      666      454      532      554      
23       593      169      749      482      538      343      711      644      977      133      281      761      829      57       900      526      870      535      858      787      665      623      455      0        677      485      735      1006     506      596      1094     458      265      343      719      301      284      419      736      139      399      
24       85       797      136      680      576      394      1185     1215     818      706      658      1099     458      621      1252     782      1101     359      823      321      240      526      855      677      0        1008     675      1261     1183     136      817      695      446      446      42       969      417      258      711      547      1076     
25       941      566      1023     407      545      791      227      211      876      597      349      347      930      524      451      343      509      988      710      964      1083     660      191      485      1008     0        667      599      521      885      1044     375      576      809      1046     336      606      793      641      598      430      
26       664      903      600      284      198      769      726      860      242      857      473      543      330      716      672      325      471      900      153      437      879      158      478      735      675      667      0        622      1110     546      384      319      534      826      693      867      542      639      42       717      996      
27       1228     1131     1209     607      685      1216     440      645      665      1136     749      254      950      1024     185      516      160      1394     525      1058     1426     743      550      1006     1261     599      622      0        1109     1124     838      607      955      1257     1286     934      980      1143     580      1072     1028     
28       1099     409      1253     825      937      825      681      494      1344     500      653      864      1290     562      942      806      1030     994      1191     1272     1148     1045     661      506      1183     521      1110     1109     0        1101     1494     791      760      803      1225     246      783      924      1095     637      116      
29       122      735      152      545      439      373      1055     1095     706      648      537      963      369      543      1116     647      964      408      696      252      339      393      726      596      136      885      546      1124     1101     0        726      561      344      433      167      875      318      210      580      480      990      
30       846      1263     695      668      564      1050     1071     1226     181      1206     850      857      360      1066     952      704      728      1132     350      498      1056     471      858      1094     817      1044     384      838      1494     726      0        703      860      1112     815      1250     859      893      404      1050     1379     
31       645      617      681      34       170      609      501      583      554      589      176      408      554      456      563      92       453      787      412      595      829      284      186      458      695      375      319      607      791      561      703      0        348      653      728      548      372      539      305      485      677      
32       372      423      496      354      342      261      775      776      766      352      234      743      569      220      896      439      801      442      677      522      510      395      453      265      446      576      534      955      760      344      860      348      0        308      487      531      30       217      547      189      647      
33       363      395      561      662      643      62       1029     984      1045     303      513      1034     777      292      1184     742      1106     194      975      681      346      675      731      343      446      809      826      1257     803      433      1112     653      308      0        484      636      290      227      845      212      713      
34       127      839      122      712      604      434      1221     1254     826      747      697      1130     458      663      1283     814      1127     387      839      317      253      547      891      719      42       1046     693      1286     1225     167      815      728      487      484      0        1011     458      301      731      589      1118     
35       888      282      1027     582      691      643      543      407      1103     350      407      680      1046     358      786      571      833      830      953      1033     967      799      434      301      969      336      867      934      246      875      1250     548      531      636      1011     0        557      715      853      441      129      
36       341      437      471      376      354      240      805      807      771      362      264      770      559      236      924      463      824      416      688      505      480      399      482      284      417      606      542      980      783      318      859      372      30       290      458      557      0        186      558      194      671      
37       174      539      350      536      477      165      991      992      840      449      450      945      551      363      1100     631      984      262      791      454      294      481      666      419      258      793      639      1143     924      210      893      539      217      227      301      715      186      0        664      288      819      
38       697      903      640      271      206      788      691      829      249      861      467      503      373      720      630      299      429      926      130      479      911      188      454      736      711      641      42       580      1095     580      404      305      547      845      731      853      558      664      0        726      982      
39       462      254      630      501      520      204      819      772      952      170      323      839      754      83       986      567      927      399      854      692      525      584      532      139      547      598      717      1072     637      480      1050     485      189      212      589      441      194      288      726      0        535      
40       993      326      1142     711      821      729      614      445      1231     412      536      778      1173     456      869      696      938      906      1080     1157     1053     928      554      399      1076     430      996      1028     116      990      1379     677      647      713      1118     129      671      819      982      535      0        
;

