

sets
i        orders          /0*40/
k        routes          /1*40/
p        positions       /0*40/
;

alias(i,j)
alias(i,h)
alias(i,hh)
alias(i,jj)
alias(k,kk)
                            Parameters

rho(i)	Processing time
/
0	0
1	31
2	54
3	26
4	17
5	54
6	44
7	32
8	11
9	21
10	13
11	20
12	76
13	32
14	60
15	49
16	35
17	73
18	84
19	66
20	64
21	46
22	33
23	34
24	41
25	99
26	91
27	44
28	78
29	66
30	76
31	66
32	43
33	9
34	62
35	25
36	89
37	44
38	17
39	67
40	16
/

gamma(i)	Duedate
/
0	0
1	93
2	45
3	63
4	86
5	16
6	89
7	23
8	47
9	26
10	69
11	86
12	38
13	91
14	98
15	6
16	82
17	80
18	8
19	41
20	87
21	25
22	92
23	67
24	55
25	18
26	96
27	41
28	45
29	28
30	75
31	71
32	91
33	46
34	15
35	6
36	92
37	86
38	13
39	84
40	30
/

sigma(i)	Size
/
0	0
1	4
2	3
3	7
4	2
5	1
6	9
7	3
8	1
9	8
10	8
11	6
12	7
13	7
14	6
15	1
16	5
17	2
18	4
19	1
20	2
21	4
22	1
23	3
24	5
25	7
26	8
27	3
28	8
29	2
30	1
31	8
32	4
33	5
34	5
35	6
36	7
37	7
38	9
39	2
40	1
/

epsilon(i)	Priority
/
0	0
1	7
2	7
3	3
4	6
5	5
6	6
7	3
8	3
9	6
10	4
11	5
12	4
13	6
14	7
15	9
16	2
17	3
18	3
19	8
20	9
21	4
22	7
23	6
24	9
25	2
26	9
27	5
28	6
29	7
30	4
31	1
32	7
33	8
34	2
35	1
36	9
37	8
38	9
39	2
40	4
/

psi	Vehicle Capacity
/ 16 /
;

Table kappa(i,j)                 Setup
         0        1        2        3        4        5        6        7        8        9        10       11       12       13       14       15       16       17       18       19       20       21       22       23       24       25       26       27       28       29       30       31       32       33       34       35       36       37       38       39       40       
0        0        2886     2192     2114     3064     570      1053     738      2907     2398     3525     3369     1223     613      1540     382      1924     1233     2698     2475     1213     1432     1870     973      1114     1494     1549     1551     2922     2816     1927     2339     1256     3426     1023     3882     3424     3569     2044     1090     2264     
1        2886     0        1952     1894     2525     3446     2494     3438     256      2756     3276     1690     1931     3033     1819     3205     1582     1970     224      639      1686     2806     2757     2091     2533     3584     3001     3672     1071     697      4353     575      2195     723      2375     1021     780      3109     2902     1973     1157     
2        2192     1952     0        97       3849     2699     2600     2930     1772     3634     4551     3428     1029     2695     2361     2302     494      2230     1930     2099     1406     3082     3322     1265     1185     3547     3278     3624     2772     1375     4106     1794     2487     2674     2472     2562     1956     4469     1007     2071     2381     
3        2114     1894     97       0        3756     2628     2505     2850     1723     3537     4457     3348     939      2608     2264     2234     401      2133     1864     2020     1309     2987     3225     1178     1128     3458     3183     3534     2693     1339     4024     1715     2390     2618     2377     2537     1934     4376     1034     1974     2292     
4        3064     2525     3849     3756     0        3368     2026     3070     2768     873      752      1156     3104     2691     1645     3435     3355     1920     2349     1956     2601     1820     1384     3038     3611     2529     1862     2593     1498     3127     3271     2220     1815     2315     2040     3240     3280     621      4450     2110     1508     
5        570      3446     2699     2628     3368     0        1357     417      3474     2612     3736     3811     1774     679      1980     421      2471     1685     3253     3010     1781     1592     2057     1527     1551     1331     1642     1360     3414     3386     1531     2892     1635     3964     1381     4447     3994     3816     2398     1576     2756     
6        1053     2494     2600     2505     2026     1357     0        1126     2605     1350     2473     2488     1590     703      723      1414     2176     525      2273     1927     1216     487      846      1398     1863     1099     678      1187     2172     2684     1860     1920     324      2852     134      3512     3188     2517     2814     581      1542     
7        738      3438     2930     2850     3070     417      1126     0        3497     2276     3385     3614     1944     430      1819     782      2644     1550     3232     2945     1842     1258     1718     1693     1839     913      1275     943      3276     3463     1193     2868     1438     3896     1186     4455     4044     3482     2738     1485     2628     
8        2907     256      1772     1723     2768     3474     2605     3497     0        2964     3520     1946     1875     3104     1960     3207     1444     2080     425      845      1695     2947     2930     2058     2455     3703     3147     3791     1326     454      4458     700      2319     920      2481     976      592      3357     2747     2060     1362     
9        2398     2756     3634     3537     873      2612     1350     2276     2964     0        1129     1841     2737     1935     1273     2746     3152     1450     2544     2121     2257     1021     557      2608     3143     1662     1018     1723     1920     3229     2398     2301     1248     2769     1409     3641     3536     1206     4058     1638     1601     
10       3525     3276     4551     4457     752      3736     2473     3385     3520     1129     0        1812     3747     3061     2259     3875     4058     2497     3101     2708     3248     2143     1679     3651     4209     2681     2111     2724     2239     3878     3320     2966     2335     3033     2522     3961     4027     257      5090     2690     2248     
11       3369     1690     3428     3348     1156     3811     2488     3614     1946     1841     1812     0        2963     3189     1835     3750     2962     2138     1587     1329     2502     2501     2181     2992     3562     3319     2621     3397     659      2378     4115     1635     2182     1259     2438     2180     2348     1589     4229     2282     1171     
12       1223     1931     1029     939      3104     1774     1590     1944     1875     2737     3747     2963     0        1675     1489     1423     701      1288     1796     1743     503      2078     2361     251      619      2518     2268     2595     2364     1678     3099     1496     1522     2594     1468     2837     2312     3706     1346     1108     1799     
13       613      3033     2695     2608     2691     679      703      430      3104     1935     3061     3189     1675     0        1388     860      2359     1121     2824     2524     1490     918      1381     1430     1700     888      990      953      2845     3099     1431     2460     1009     3473     756      4054     3663     3137     2647     1067     2198     
14       1540     1819     2361     2264     1645     1980     723      1819     1960     1273     2259     1835     1489     1388     0        1922     1881     307      1595     1222     994      988      1024     1397     1967     1775     1186     1863     1457     2113     2562     1260     400      2131     636      2824     2552     2228     2831     478      818      
15       382      3205     2302     2234     3435     421      1414     782      3207     2746     3875     3750     1423     860      1922     0        2106     1615     3026     2826     1518     1753     2206     1187     1138     1665     1846     1707     3294     3078     1946     2673     1634     3772     1396     4184     3700     3929     1978     1468     2638     
16       1924     1582     494      401      3355     2471     2176     2644     1444     3152     4058     2962     701      2359     1881     2106     0        1771     1522     1639     962      2650     2861     952      1104     3176     2850     3257     2312     1125     3789     1338     2034     2301     2045     2335     1757     3975     1323     1624     1892     
17       1233     1970     2230     2133     1920     1685     525      1550     2080     1450     2497     2138     1288     1121     307      1615     1771     0        1750     1417     825      917      1092     1160     1712     1623     1123     1712     1733     2171     2383     1395     270      2356     405      2989     2664     2486     2609     193      1080     
18       2698     224      1930     1864     2349     3253     2273     3232     425      2544     3101     1587     1796     2824     1595     3026     1522     1750     0        423      1511     2581     2533     1938     2409     3361     2776     3450     940      799      4133     364      1972     800      2155     1238     994      2943     2845     1759     942      
19       2475     639      2099     2020     1956     3010     1927     2945     845      2121     2708     1329     1743     2524     1222     2826     1639     1417     423      0        1362     2198     2122     1835     2363     2997     2388     3085     673      1170     3782     306      1614     954      1818     1608     1416     2562     2931     1459     519      
20       1213     1686     1406     1309     2601     1781     1216     1842     1695     2257     3248     2502     503      1490     994      1518     962      825      1511     1362     0        1688     1916     490      1062     2247     1888     2330     1932     1621     2912     1167     1080     2278     1083     2670     2215     3203     1849     665      1331     
21       1432     2806     3082     2987     1820     1592     487      1258     2947     1021     2143     2501     2078     918      988      1753     2650     917      2581     2198     1688     0        464      1885     2338     832      206      917      2310     3077     1637     2248     649      3069     610      3806     3538     2227     3294     1030     1743     
22       1870     2757     3322     3225     1384     2057     846      1718     2930     557      1679     2181     2361     1381     1024     2206     2861     1092     2533     2122     1916     464      0        2198     2698     1162     478      1233     2098     3125     1941     2234     840      2911     932      3716     3520     1763     3639     1257     1621     
23       973      2091     1265     1178     3038     1527     1398     1693     2058     2608     3651     2992     251      1430     1397     1187     952      1160     1938     1835     490      1885     2198     0        581      2284     2069     2359     2421     1894     2850     1615     1369     2725     1283     3030     2522     3626     1450     970      1820     
24       1114     2533     1185     1128     3611     1551     1863     1839     2455     3143     4209     3562     619      1700     1967     1138     1104     1712     2409     2363     1062     2338     2698     581      0        2588     2503     2652     2976     2205     3032     2115     1895     3208     1766     3399     2844     4194     960      1519     2392     
25       1494     3584     3547     3458     2529     1331     1099     913      3703     1662     2681     3319     2518     888      1775     1665     3176     1623     3361     2997     2247     832      1162     2284     2588     0        698      88       3142     3779     804      3013     1389     3891     1227     4597     4287     2822     3535     1668     2563     
26       1549     3001     3278     3183     1862     1642     678      1275     3147     1018     2111     2621     2268     990      1186     1846     2850     1123     2776     2388     1888     206      478      2069     2503     698      0        776      2469     3282     1495     2447     855      3244     807      3996     3738     2218     3462     1234     1922     
27       1551     3672     3624     3534     2593     1360     1187     943      3791     1723     2724     3397     2595     953      1863     1707     3257     1712     3450     3085     2330     917      1233     2359     2652     88       776      0        3227     3867     721      3102     1477     3978     1315     4685     4376     2872     3595     1756     2651     
28       2922     1071     2772     2693     1498     3414     2172     3276     1326     1920     2239     659      2364     2845     1457     3294     2312     1733     940      673      1932     2310     2098     2421     2976     3142     2469     3227     0        1739     3947     977      1849     851      2093     1754     1792     2055     3595     1840     658      
29       2816     697      1375     1339     3127     3386     2684     3463     454      3229     3878     2378     1678     3099     2113     3078     1125     2171     799      1170     1621     3077     3125     1894     2205     3779     3282     3867     1739     0        4499     932      2430     1369     2553     1211     638      3731     2373     2111     1655     
30       1927     4353     4106     4024     3271     1531     1860     1193     4458     2398     3320     4115     3099     1431     2562     1946     3789     2383     4133     3782     2912     1637     1941     2850     3032     804      1495     721      3947     4499     0        3779     2168     4688     1979     5372     5035     3493     3921     2400     3362     
31       2339     575      1794     1715     2220     2892     1920     2868     700      2301     2966     1635     1496     2460     1260     2673     1338     1395     364      306      1167     2248     2234     1615     2115     3013     2447     3102     977      932      3779     0        1626     1112     1800     1597     1292     2833     2640     1397     726      
32       1256     2195     2487     2390     1815     1635     324      1438     2319     1248     2335     2182     1522     1009     400      1634     2034     270      1972     1614     1080     649      840      1369     1895     1389     855      1477     1849     2430     2168     1626     0        2531     255      3208     2908     2348     2817     417      1218     
33       3426     723      2674     2618     2315     3964     2852     3896     920      2769     3033     1259     2594     3473     2131     3772     2301     2356     800      954      2278     3069     2911     2725     3208     3891     3244     3978     851      1369     4688     1112     2531     0        2751     928      1136     2827     3623     2411     1327     
34       1023     2375     2472     2377     2040     1381     134      1186     2481     1409     2522     2438     1468     756      636      1396     2045     405      2155     1818     1083     610      932      1283     1766     1227     807      1315     2093     2553     1979     1800     255      2751     0        3394     3062     2552     2711     447      1452     
35       3882     1021     2562     2537     3240     4447     3512     4455     976      3641     3961     2180     2837     4054     2824     4184     2335     2989     1238     1608     2670     3806     3716     3030     3399     4597     3996     4685     1754     1211     5372     1597     3208     928      3394     0        611      3755     3569     2994     2095     
36       3424     780      1956     1934     3280     3994     3188     4044     592      3536     4027     2348     2312     3663     2552     3700     1757     2664     994      1416     2215     3538     3520     2522     2844     4287     3738     4376     1792     638      5035     1292     2908     1136     3062     611      0        3847     2963     2634     1936     
37       3569     3109     4469     4376     621      3816     2517     3482     3357     1206     257      1589     3706     3137     2228     3929     3975     2486     2943     2562     3203     2227     1763     3626     4194     2822     2218     2872     2055     3731     3493     2833     2348     2827     2552     3755     3847     0        5052     2679     2127     
38       2044     2902     1007     1034     4450     2398     2814     2738     2747     4058     5090     4229     1346     2647     2831     1978     1323     2609     2845     2931     1849     3294     3639     1450     960      3535     3462     3595     3595     2373     3921     2640     2817     3623     2711     3569     2963     5052     0        2420     3097     
39       1090     1973     2071     1974     2110     1576     581      1485     2060     1638     2690     2282     1108     1067     478      1468     1624     193      1759     1459     665      1030     1257     970      1519     1668     1234     1756     1840     2111     2400     1397     417      2411     447      2994     2634     2679     2420     0        1181     
40       2264     1157     2381     2292     1508     2756     1542     2628     1362     1601     2248     1171     1799     2198     818      2638     1892     1080     942      519      1331     1743     1621     1820     2392     2563     1922     2651     658      1655     3362     726      1218     1327     1452     2095     1936     2127     3097     1181     0        
;



Table delta(i,j)                 Distance
         0        1        2        3        4        5        6        7        8        9        10       11       12       13       14       15       16       17       18       19       20       21       22       23       24       25       26       27       28       29       30       31       32       33       34       35       36       37       38       39       40       
0        0        625      948      358      405      557      384      416      794      590      159      485      799      868      630      282      1018     472      498      802      307      567      373      819      279      302      293      476      315      304      314      810      421      543      901      292      404      145      841      479      822      
1        625      0        1093     746      1031     156      317      239      740      736      764      229      219      1360     1218     471      1048     1059     1052     1178     931      1024     694      782      853      914      545      946      585      429      411      1346     903      719      1028     339      989      482      1423     150      1065     
2        948      1093     0        1306     1060     937      1136     1091     389      384      883      1167     1065     703      907      1152     191      852      761      408      985      565      575      352      1168     912      1202     1399     1238     774      784      804      1345     423      65       1011     1239     925      984      1054     179      
3        358      746      1306     0        520      751      429      508      1131     944      456      527      959      1148     839      276      1373     707      769      1137     481      889      731      1160     245      529      201      202      161      607      610      1062     169      898      1259     447      336      416      1037     603      1178     
4        405      1031     1060     520      0        956      772      817      1048     799      285      879      1200     676      330      638      1189     240      330      760      106      515      578      1061     274      161      606      461      601      671      686      567      427      753      1033     696      234      550      518      884      892      
5        557      156      937      751      956      0        346      264      589      582      676      301      244      1225     1110     477      896      953      936      1031     852      890      557      630      814      824      554      942      598      307      289      1220     894      566      872      307      948      412      1310     173      910      
6        384      317      1136     429      772      346      0        83       855      751      542      108      532      1226     1013     157      1144     855      872      1107     683      902      614      893      558      686      228      630      268      362      351      1183     589      716      1076     129      691      273      1224     180      1058     
7        416      239      1091     508      817      264      83       0        793      708      569      82       451      1229     1038     232      1088     878      887      1090     723      899      593      832      620      717      307      707      348      328      314      1194     664      677      1029     127      754      286      1248     97       1024     
8        794      740      389      1131     1048     589      855      793      0        256      797      859      683      944      1018     916      307      907      836      662      951      678      471      42       1062     886      981      1270     1023     528      530      1004     1215     298      326      747      1167     715      1159     734      448      
9        590      736      384      944      799      582      751      708      256      0        562      787      755      728      764      770      428      651      581      476      704      432      230      262      840      638      824      1060     862      389      400      770      1005     48       326      626      934      547      914      679      328      
10       159      764      883      456      285      676      542      569      797      562      0        641      921      716      471      440      981      312      341      680      178      433      332      815      284      150      440      516      456      386      401      652      463      514      844      442      371      285      682      622      738      
11       485      229      1167     527      879      301      108      82       859      787      641      0        448      1309     1112     263      1158     952      964      1173     788      980      676      899      666      787      329      729      365      409      395      1273     691      757      1105     204      799      362      1322     129      1104     
12       799      219      1065     959      1200     244      532      451      683      755      921      448      0        1443     1350     683      983      1194     1172     1225     1096     1111     779      724      1048     1069     758      1158     799      547      529      1448     1113     752      1000     532      1183     654      1546     356      1074     
13       868      1360     703      1148     676      1225     1226     1229     944      728      716      1309     1443     0        363      1150     891      446      380      297      673      336      668      928      919      619      1156     1133     1171     932      950      136      1093     712      721      1106     910      953      314      1249     537      
14       630      1218     907      839      330      1110     1013     1038     1018     764      471      1112     1350     363      0        904      1071     160      186      532      360      351      600      1017     596      332      891      791      895      803      821      241      757      728      900      911      562      752      210      1084     728      
15       282      471      1152     276      638      477      157      232      916      770      440      263      683      1150     904      0        1186     749      781      1067     557      842      594      950      406      572      77       475      121      390      386      1092     432      729      1097     181      537      229      1114     327      1052     
16       1018     1048     191      1373     1189     896      1144     1088     307      428      981      1158     983      891      1071     1186     0        999      912      593      1105     721      652      265      1263     1033     1245     1487     1284     796      802      986      1432     475      173      1028     1349     969      1164     1036     356      
17       472      1059     852      707      240      953      855      878      907      651      312      952      1194     446      160      749      999      0        94       524      228      290      462      911      473      182      741      688      749      647      665      354      647      610      834      751      470      592      369      924      678      
18       498      1052     761      769      330      936      872      887      836      581      341      964      1172     380      186      781      912      94       0        430      301      197      413      838      544      241      781      767      794      629      647      311      723      544      746      761      555      602      374      924      585      
19       802      1178     408      1137     760      1031     1107     1090     662      476      680      1173     1225     297      532      1067     593      524      430      0        715      253      497      642      942      644      1093     1174     1118     768      784      397      1126     473      423      979      976      845      579      1090     239      
20       307      931      985      481      106      852      683      723      951      704      178      788      1096     673      360      557      1105     228      301      715      0        463      479      965      245      73       535      466      537      565      580      581      422      657      954      600      262      449      565      786      823      
21       567      1024     565      889      515      890      902      899      678      432      433      980      1111     336      351      842      721      290      197      253      463      0        333      673      689      391      860      921      881      596      614      343      873      405      552      779      725      631      482      915      388      
22       373      694      575      731      578      557      614      593      471      230      332      676      779      668      600      594      652      462      413      497      479      333      0        486      611      416      635      834      668      272      289      669      779      182      527      485      703      365      780      595      458      
23       819      782      352      1160     1061     630      893      832      42       262      815      899      724      928      1017     950      265      911      838      642      965      673      486      0        1084     899      1014     1295     1056     561      564      993      1240     308      289      783      1186     746      1152     774      421      
24       279      853      1168     245      274      814      558      620      1062     840      284      666      1048     919      596      406      1263     473      544      942      245      689      611      1084     0        304      357      234      342      583      593      825      183      791      1128     517      135      409      792      703      1020     
25       302      914      912      529      161      824      686      717      886      638      150      787      1069     619      332      572      1033     182      241      644      73       391      416      899      304      0        559      532      566      528      544      536      486      591      881      591      334      435      542      773      750      
26       293      545      1202     201      606      554      228      307      981      824      440      329      758      1156     891      77       1245     741      781      1093     535      860      635      1014     357      559      0        401      44       453      451      1090     361      781      1148     256      482      277      1099     403      1094     
27       476      946      1399     202      461      942      630      707      1270     1060     516      729      1158     1133     791      475      1487     688      767      1174     466      921      834      1295     234      532      401      0        364      764      769      1029     55       1012     1357     635      230      574      970      802      1254     
28       315      585      1238     161      601      598      268      348      1023     862      456      365      799      1171     895      121      1284     749      794      1118     537      881      668      1056     342      566      44       364      0        495      493      1101     327      818      1185     301      462      315      1102     444      1126     
29       304      429      774      607      671      307      362      328      528      389      386      409      547      932      803      390      796      647      629      768      565      596      272      561      583      528      453      764      495      0        18       918      710      354      716      236      708      191      1002     322      697      
30       314      411      784      610      686      289      351      314      530      400      401      395      529      950      821      386      802      665      647      784      580      614      289      564      593      544      451      769      493      18       0        936      716      365      725      227      719      195      1021     305      710      
31       810      1346     804      1062     567      1220     1183     1194     1004     770      652      1273     1448     136      241      1092     986      354      311      397      581      343      669      993      825      536      1090     1029     1101     918      936      0        992      746      814      1069     802      911      185      1225     630      
32       421      903      1345     169      427      894      589      664      1215     1005     463      691      1113     1093     757      432      1432     647      723      1126     422      873      779      1240     183      486      361      55       327      710      716      992      0        957      1303     587      203      521      941      757      1201     
33       543      719      423      898      753      566      716      677      298      48       514      757      752      712      728      729      475      610      544      473      657      405      182      308      791      591      781      1012     818      354      365      746      957      0        367      590      885      504      885      653      349      
34       901      1028     65       1259     1033     872      1076     1029     326      326      844      1105     1000     721      900      1097     173      834      746      423      954      552      527      289      1128     881      1148     1357     1185     716      725      814      1303     367      0        952      1205     871      991      991      184      
35       292      339      1011     447      696      307      129      127      747      626      442      204      532      1106     911      181      1028     751      761      979      600      779      485      783      517      591      256      635      301      236      227      1069     587      590      952      0        652      159      1121     189      930      
36       404      989      1239     336      234      948      691      754      1167     934      371      799      1183     910      562      537      1349     470      555      976      262      725      703      1186     135      334      482      230      462      708      719      802      203      885      1205     652      0        540      740      838      1082     
37       145      482      925      416      550      412      273      286      715      547      285      362      654      953      752      229      969      592      602      845      449      631      365      746      409      435      277      574      315      191      195      911      521      504      871      159      540      0        961      338      823      
38       841      1423     984      1037     518      1310     1224     1248     1159     914      682      1322     1546     314      210      1114     1164     369      374      579      565      482      780      1152     792      542      1099     970      1102     1002     1021     185      941      885      991      1121     740      961      0        1292     808      
39       479      150      1054     603      884      173      180      97       734      679      622      129      356      1249     1084     327      1036     924      924      1090     786      915      595      774      703      773      403      802      444      322      305      1225     757      653      991      189      838      338      1292     0        1002     
40       822      1065     179      1178     892      910      1058     1024     448      328      738      1104     1074     537      728      1052     356      678      585      239      823      388      458      421      1020     750      1094     1254     1126     697      710      630      1201     349      184      930      1082     823      808      1002     0        
;

