

sets
i        orders          /0*20/
k        routes          /1*20/
p        positions       /0*20/
;

alias(i,j)
alias(i,h)
alias(i,hh)
alias(i,jj)
alias(k,kk)
                            Parameters

rho(i)	Processing time
/
0	0
1	95
2	7
3	55
4	30
5	53
6	45
7	79
8	43
9	94
10	88
11	16
12	20
13	41
14	2
15	87
16	76
17	43
18	98
19	66
20	17
/

gamma(i)	Duedate
/
0	0
1	16
2	20
3	86
4	15
5	84
6	73
7	85
8	45
9	7
10	18
11	97
12	32
13	16
14	56
15	47
16	31
17	43
18	30
19	61
20	81
/

sigma(i)	Size
/
0	0
1	5
2	3
3	3
4	9
5	4
6	1
7	7
8	8
9	1
10	1
11	4
12	2
13	3
14	3
15	2
16	7
17	2
18	2
19	1
20	6
/

epsilon(i)	Priority
/
0	0
1	7
2	7
3	5
4	9
5	7
6	5
7	7
8	8
9	6
10	5
11	2
12	9
13	8
14	8
15	3
16	4
17	2
18	2
19	5
20	6
/

psi	Vehicle Capacity
/ 74 /
;

Table kappa(i,j)                 Setup
         0        1        2        3        4        5        6        7        8        9        10       11       12       13       14       15       16       17       18       19       20       
0        0        161      148      186      149      135      126      202      53       166      98       162      208      165      78       61       89       50       33       122      142      
1        161      0        199      187      132      107      48       182      123      217      97       25       127      210      187      100      152      119      156      60       32       
2        148      199      0        58       76       94       151      83       180      19       106      181      141      17       77       158      64       172      115      139      166      
3        186      187      58       0        55       82       144      25       205      60       113      165      95       52       127      177      97       196      154      133      155      
4        149      132      76       55       0        26       89       59       157      90       61       111      71       82       111      128      69       149      120      77       100      
5        135      107      94       82       26       0        62       84       136      111      39       87       74       104      111      105      68       128      109      51       75       
6        126      48       151      144      89       62       0        144      102      169      48       38       105      163      140      72       103      96       115      12       18       
7        202      182      83       25       59       84       144      0        216      85       120      159      76       77       149      187      115      207      171      134      152      
8        53       123      180      205      157      136      102      216      0        199      97       132      202      197      122      31       116      8        74       103      113      
9        166      217      19       60       90       111      169      85       199      0        125      198      150      8        92       178      83       191      133      157      184      
10       98       97       106      113      61       39       48       120      97       125      0        85       110      120      93       67       55       89       77       37       65       
11       162      25       181      165      111      87       38       159      132      198      85       0        102      192      178      105      139      127      153      48       21       
12       208      127      141      95       71       74       105      76       202      150      110      102      0        142      181      171      139      194      184      100      105      
13       165      210      17       52       82       104      163      77       197      8        120      192      142      0        93       174      81       189      132      151      178      
14       78       187      77       127      111      111      140      149      122      92       93       178      181      93       0        111      43       115      48       130      158      
15       61       100      158      177      128      105      72       187      31       178      67       105      171      174      111      0        95       24       67       72       85       
16       89       152      64       97       69       68       103      115      116      83       55       139      139      81       43       95       0        108      56       92       121      
17       50       119      172      196      149      128      96       207      8        191      89       127      194      189      115      24       108      0        68       96       108      
18       33       156      115      154      120      109      115      171      74       133      77       153      184      132      48       67       56       68       0        108      132      
19       122      60       139      133      77       51       12       134      103      157      37       48       100      151      130      72       92       96       108      0        28       
20       142      32       166      155      100      75       18       152      113      184      65       21       105      178      158      85       121      108      132      28       0        
;



Table delta(i,j)                 Distance
         0        1        2        3        4        5        6        7        8        9        10       11       12       13       14       15       16       17       18       19       20       
0        0        2520     9390     14250    11100    17190    19080    9870     9900     1590     15750    2790     9240     10620    5520     16920    13380    14610    19050    14070    1770     
1        2520     0        257      442      285      501      558      270      257      40       492      64       231      277      184      481      371      408      558      392      68       
2        9390     257      0        207      247      279      364      426      365      263      252      220      122      358      188      343      439      438      356      446      254      
3        14250    442      207      0        435      310      417      633      571      436      49       389      321      561      300      458      637      626      397      640      417      
4        11100    285      247      435      0        299      313      251      172      320      472      305      125      146      367      206      203      192      323      204      335      
5        17190    501      279      310      299      0        106      551      472      520      315      483      272      445      467      184      480      441      87       470      519      
6        19080    558      364      417      313      106      0        558      478      582      421      550      327      446      552      131      460      410      26       444      586      
7        9870     270      426      633      251      551      558      0        79       308      677      330      321      112      443      437      152      214      571      180      337      
8        9900     257      365      571      172      472      478      79       0        297      613      308      252      36       412      359      115      164      491      139      324      
9        1590     40       263      436      320      520      582      308      297      0        486      46       255      318      159      511      411      448      581      432      30       
10       15750    492      252      49       472      315      421      677      613      486      0        439      361      602      349      475      674      660      398      676      467      
11       2790     64       220      389      305      483      550      330      308      46       439      0        225      324      119      487      419      449      548      438      36       
12       9240     231      122      321      125      272      327      321      252      255      361      225      0        241      256      264      318      315      327      323      260      
13       10620    277      358      561      146      445      446      112      36       318      602      324      241      0        422      325      94       133      460      114      343      
14       5520     184      188      300      367      467      552      443      412      159      349      119      256      422      0        516      516      537      544      531      132      
15       16920    481      343      458      206      184      131      437      359      511      475      487      264      325      516      0        331      279      152      314      521      
16       13380    371      439      637      203      480      460      152      115      411      674      419      318      94       516      331      0        65       478      28       437      
17       14610    408      438      626      192      441      410      214      164      448      660      449      315      133      537      279      65       0        430      39       472      
18       19050    558      356      397      323      87       26       571      491      581      398      548      327      460      544      152      478      430      0        463      584      
19       14070    392      446      640      204      470      444      180      139      432      676      438      323      114      531      314      28       39       463      0        458      
20       1770     68       254      417      335      519      586      337      324      30       467      36       260      343      132      521      437      472      584      458      0        
;

