
sets
i        orders          /0*40/
k        routes          /1*40/
p        positions       /0*40/
;

alias(i,j)
alias(i,h)
alias(i,hh)
alias(i,jj)
alias(k,kk)
                
                    Parameters

rho(i)	Processing time
/
0	0
1	60
2	78
3	69
4	69
5	97
6	32
7	66
8	77
9	66
10	28
11	89
12	6
13	62
14	75
15	91
16	76
17	11
18	51
19	17
20	95
21	50
22	17
23	96
24	24
25	18
26	22
27	68
28	49
29	95
30	86
31	84
32	64
33	92
34	32
35	55
36	52
37	28
38	22
39	13
40	58
/

gamma(i)	Duedate
/
0	0
1	35
2	94
3	82
4	91
5	90
6	43
7	94
8	34
9	14
10	31
11	84
12	99
13	98
14	37
15	1
16	75
17	5
18	19
19	69
20	44
21	94
22	75
23	83
24	62
25	81
26	58
27	52
28	28
29	83
30	42
31	28
32	2
33	80
34	54
35	15
36	74
37	57
38	66
39	92
40	5
/

sigma(i)	Size
/
0	0
1	4
2	6
3	7
4	1
5	7
6	1
7	2
8	4
9	7
10	5
11	3
12	3
13	3
14	6
15	6
16	7
17	9
18	5
19	3
20	2
21	6
22	9
23	5
24	3
25	7
26	1
27	8
28	7
29	3
30	5
31	2
32	7
33	9
34	6
35	6
36	6
37	1
38	7
39	5
40	4
/

epsilon(i)	Priority
/
0	0
1	6
2	2
3	1
4	9
5	8
6	8
7	2
8	4
9	2
10	1
11	4
12	8
13	3
14	6
15	1
16	7
17	4
18	7
19	4
20	4
21	4
22	7
23	5
24	6
25	3
26	2
27	2
28	3
29	9
30	6
31	9
32	2
33	1
34	4
35	6
36	3
37	6
38	6
39	4
40	8
/

psi	Vehicle Capacity
/ 28 /
;

Table kappa(i,j)                 Setup
         0        1        2        3        4        5        6        7        8        9        10       11       12       13       14       15       16       17       18       19       20       21       22       23       24       25       26       27       28       29       30       31       32       33       34       35       36       37       38       39       40       
0        0        816      76       826      640      952      464      388      386      301      393      878      281      641      418      804      909      535      194      313      313      538      515      783      561      537      624      235      609      531      775      675      328      357      807      316      1029     914      563      693      779      
1        816      0        770      315      920      823      628      507      436      944      1200     871      607      981      619      444      731      1178     1001     791      1046     1106     338      884      560      485      452      1051     215      1215     221      937      1117     690      724      821      1023     824      460      935      1014     
2        76       770      0        760      690      875      484      380      352      372      430      804      286      578      342      732      832      513      230      362      308      501      457      710      485      536      551      293      559      519      748      608      351      387      731      252      955      838      491      741      713      
3        826      315      760      0        1126     514      814      650      527      1039     1163     579      714      767      485      139      422      1043     979      915      970      950      326      616      364      698      245      1053     307      1094     522      706      1066     836      434      708      720      521      292      1152     764      
4        640      920      690      1126     0        1461     312      486      623      402      896      1426     472      1264     945      1181     1392     1163     763      328      930      1178     828      1356     1044     437      1039     713      818      1145     734      1283     891      330      1316     939      1590     1434     988      54       1390     
5        952      823      875      514      1461     0        1160     982      845      1240     1146     132      991      498      539      378      92       873      1020     1175     923      759      658      249      417      1090     436      1117     732      941      1008     415      1044     1133     147      678      210      46       478      1500     398      
6        464      628      484      814      312      1160     0        178      316      386      819      1135     205      1018     665      869      1088     996      640      220      778      984      517      1077     748      150      732      631      507      996      470      1025     779      118      1017     709      1302     1137     683      343      1130     
7        388      507      380      650      486      982      178      0        137      437      777      959      113      864      496      695      910      888      581      283      689      860      342      904      570      158      554      600      350      899      404      862      717      188      839      570      1126     959      505      520      967      
8        386      436      352      527      623      845      316      137      0        522      777      825      188      755      374      562      772      828      577      389      652      785      208      775      435      262      416      618      244      849      397      746      703      311      702      486      992      822      367      658      848      
9        301      944      372      1039     402      1240     386      437      522      0        494      1175     337      940      701      1046     1190     777      370      167      543      808      713      1083     834      522      874      312      767      752      831      976      492      276      1094     616      1328     1205     814      456      1080     
10       393      1200     430      1163     896      1146     819      777      777      494      0        1039     665      697      691      1110     1132     377      200      617      223      462      880      921      836      917      932      189      988      323      1169     766      103      702      1020     482      1154     1102     875      950      847      
11       878      871      804      579      1426     132      1135     959      825      1175     1039     0        953      371      483      440      188      749      926      1125     816      635      658      122      389      1081     444      1025     751      818      1038     289      938      1096     147      586      167      89       471      1468     265      
12       281      607      286      714      472      991      205      113      188      337      665      953      0        814      474      740      926      799      471      202      590      781      390      886      574      255      581      487      430      804      517      824      609      142      845      503      1118     964      526      515      930      
13       641      981      578      767      1264     498      1018     864      755      940      697      371      814      0        389      649      519      378      624      939      481      264      672      249      422      1014     539      723      797      447      1084     82       601      944      416      326      459      451      521      1313     150      
14       418      619      342      485      945      539      665      496      374      701      691      483      474      389      0        419      491      568      523      642      487      488      290      412      148      637      243      611      418      613      698      372      590      615      392      223      645      505      192      989      473      
15       804      444      732      139      1181     378      869      695      562      1046     1110     440      740      649      419      0        286      951      937      940      904      851      353      481      277      770      181      1019     383      1006     637      582      1009     873      295      637      582      383      241      1212     632      
16       909      731      832      422      1392     92       1088     910      772      1190     1132     188      926      519      491      286      0        883      993      1115     910      771      579      282      357      1011     357      1087     646      949      918      438      1028     1068     112      654      301      107      404      1430     442      
17       535      1178     513      1043     1163     873      996      888      828      777      377      749      799      378      568      951      883      0        406      843      233      114      840      627      679      1046     797      484      967      70       1217     459      309      892      774      357      832      826      756      1216     514      
18       194      1001     230      979      763      1020     640      581      577      370      200      926      471      624      523      937      993      406      0        455      174      447      685      816      671      726      756      99       789      383      969      679      139      525      884      342      1059     978      697      817      774      
19       313      791      362      915      328      1175     220      283      389      167      617      1125     202      939      642      940      1115     843      455      0        613      852      592      1046     758      355      778      427      628      831      667      962      591      109      1027     613      1286     1144     720      379      1069     
20       313      1046     308      970      930      923      778      689      652      543      223      816      590      481      487      904      910      233      174      613      0        276      712      699      627      844      730      260      831      219      1049     546      121      669      798      268      934      878      677      984      632      
21       538      1106     501      950      1178     759      984      860      785      808      462      635      781      264      488      851      771      114      447      852      276      0        771      512      586      1018     705      536      900      183      1162     345      379      888      663      299      719      712      669      1231     402      
22       515      338      457      326      828      658      517      342      208      713      880      658      390      672      290      353      579      840      685      592      712      771      0        631      279      431      222      748      128      877      412      642      791      520      523      483      824      641      186      861      733      
23       783      884      710      616      1356     249      1077     904      775      1083     921      122      886      249      412      481      282      627      816      1046     699      512      631      0        352      1037     436      916      738      695      1030     167      821      1026     196      480      245      203      447      1401     161      
24       561      560      485      364      1044     417      748      570      435      834      836      389      574      422      148      277      357      679      671      758      627      586      279      352      0        692      120      759      390      732      684      376      735      716      271      359      557      390      101      1084     460      
25       537      485      536      698      437      1090     150      158      262      522      917      1081     255      1014     637      770      1011     1046     726      355      844      1018     431      1037     692      0        654      734      391      1056     320      1008     864      246      952      727      1248     1071     613      457      1110     
26       624      452      551      245      1039     436      732      554      416      874      932      444      581      539      243      181      357      797      756      778      730      705      222      436      120      654      0        838      306      848      596      487      832      720      304      466      608      420      61       1075     562      
27       235      1051     293      1053     713      1117     631      600      618      312      189      1025     487      723      611      1019     1087     484      99       427      260      536      748      916      759      734      838      0        844      450      999      779      182      513      979      439      1159     1075     778      767      873      
28       609      215      559      307      818      732      507      350      244      767      988      751      430      797      418      383      646      967      789      628      831      900      128      738      390      391      306      844      0        1002     293      762      903      539      608      610      913      722      290      844      850      
29       531      1215     519      1094     1145     941      996      899      849      752      323      818      804      447      613      1006     949      70       383      831      219      183      877      695      732      1056     848      450      1002     0        1242     528      269      888      839      395      902      894      804      1199     584      
30       775      221      748      522      734      1008     470      404      397      831      1169     1038     517      1084     698      637      918      1217     969      667      1049     1162     412      1030     684      320      596      999      293      1242     0        1054     1098     558      893      864      1198     1002     584      741      1143     
31       675      937      608      706      1283     415      1025     862      746      976      766      289      824      82       372      582      438      459      679      962      546      345      642      167      376      1008     487      779      762      528      1054     0        668      959      336      360      387      369      478      1331     106      
32       328      1117     351      1066     891      1044     779      717      703      492      103      938      609      601      590      1009     1028     309      139      591      121      379      791      821      735      864      832      182      903      269      1098     668      0        664      917      379      1055     999      777      945      752      
33       357      690      387      836      330      1133     118      188      311      276      702      1096     142      944      615      873      1068     892      525      109      669      888      520      1026     716      246      720      513      539      888      558      959      664      0        987      625      1260     1106     665      374      1065     
34       807      724      731      434      1316     147      1017     839      702      1094     1020     147      845      416      392      295      112      774      884      1027     798      663      523      196      271      952      304      979      608      839      893      336      917      987      0        544      305      119      339      1355     357      
35       316      821      252      708      939      678      709      570      486      616      482      586      503      326      223      637      654      357      342      613      268      299      483      480      359      727      466      439      610      395      864      360      379      625      544      0        725      636      416      989      463      
36       1029     1023     955      720      1590     210      1302     1126     992      1328     1154     167      1118     459      645      582      301      832      1059     1286     934      719      824      245      557      1248     608      1159     913      902      1198     387      1055     1260     305      725      0        199      638      1633     318      
37       914      824      838      521      1434     46       1137     959      822      1205     1102     89       964      451      505      383      107      826      978      1144     878      712      641      203      390      1071     420      1075     722      894      1002     369      999      1106     119      636      199      0        458      1474     353      
38       563      460      491      292      988      478      683      505      367      814      875      471      526      521      192      241      404      756      697      720      677      669      186      447      101      613      61       778      290      804      584      478      777      665      339      416      638      458      0        1025     561      
39       693      935      741      1152     54       1500     343      520      658      456      950      1468     515      1313     989      1212     1430     1216     817      379      984      1231     861      1401     1084     457      1075     767      844      1199     741      1331     945      374      1355     989      1633     1474     1025     0        1438     
40       779      1014     713      764      1390     398      1130     967      848      1080     847      265      930      150      473      632      442      514      774      1069     632      402      733      161      460      1110     562      873      850      584      1143     106      752      1065     357      463      318      353      561      1438     0        
;



Table delta(i,j)                 Distance
         0        1        2        3        4        5        6        7        8        9        10       11       12       13       14       15       16       17       18       19       20       21       22       23       24       25       26       27       28       29       30       31       32       33       34       35       36       37       38       39       40       
0        0        5580     12580    8980     27780    19340    6160     14800    17540    12780    15640    17500    21720    10180    7400     20500    6060     2880     3920     18720    6280     12420    13480    22080    19000    13100    14980    21780    8860     12200    21400    14260    22460    5020     12640    4140     26540    6960     12480    23360    7000     
1        5580     0        521      352      1170     744      207      739      627      645      613      611      904      511      328      750      471      318      268      702      373      342      444      940      752      402      606      852      167      375      897      441      881      88       429      281      1109     121      361      964      205      
2        12580    521      0        871      828      458      728      305      955      262      201      889      485      227      260      751      923      754      749      466      360      549      315      485      389      393      135      601      481      322      461      516      646      605      882      430      768      406      717      593      318      
3        8980     352      871      0        1431     1019     157      1087     535      991      941      577      1212     855      675      887      379      352      263      965      692      512      734      1259     1051     662      945      1099     424      667      1211     638      1118     277      245      583      1373     465      376      1251     558      
4        27780    1170     828      1431     0        425      1346     1003     1163     1032     631      1063     358      1051     1062     657      1641     1480     1438     470      1180     922      725      407      445      776      693      333      1026     794      394      796      322      1253     1299     1223     61       1059     1092     236      1039     
5        19340    744      458      1019     425      0        924      711      838      705      262      744      239      685      658      415      1215     1054     1013     66       781      521      300      320      110      357      339      142      605      369      261      403      188      828      913      810      364      633      706      233      617      
6        6160     207      728      157      1346     924      0        933      594      836      816      612      1101     700      520      856      337      244      154      876      535      452      628      1141     944      569      812      1019     319      559      1095     573      1043     124      328      426      1286     327      373      1151     411      
7        14800    739      305      1087     1003     711      933      0        1249     101      456      1188     645      235      412      1049     1042     883      908      737      426      845      620      603      616      697      377      849      749      625      609      821      895      810      1145     537      950      645      999      774      539      
8        17540    627      955      535      1163     838      594      1249     0        1176     908      99       1075     1062     895      512      909      839      748      771      980      405      669      1150     920      577      954      848      522      638      1092     466      845      627      291      904      1116     651      268      1056     751      
9        12780    645      262      991      1032     705      836      101      1176     0        443      1120     673      136      317      1013     941      781      807      722      325      776      572      643      620      642      365      846      667      567      640      764      893      714      1058     436      976      556      921      797      450      
10       15640    613      201      941      631      262      816      456      908      443      0        827      304      428      433      606      1060     892      870      281      548      519      241      327      188      334      78       404      519      289      288      442      450      702      899      600      571      492      707      398      438      
11       17500    611      889      577      1063     744      612      1188     99       1120     827      0        982      1012     852      413      940      854      766      677      946      344      592      1058     829      502      878      750      485      568      1000     385      746      625      342      879      1017     616      251      959      711      
12       21720    904      485      1212     358      239      1101     645      1075     673      304      982      0        700      735      646      1361     1193     1167     305      845      738      479      87       163      558      350      297      788      545      39       628      335      992      1132     903      305      785      927      131      740      
13       10180    511      227      855      1051     685      700      235      1062     136      428      1012     700      0        183      945      812      650      673      689      196      669      499      686      616      555      358      827      545      479      672      674      872      578      929      303      992      428      802      815      321      
14       7400     328      260      675      1062     658      520      412      895      317      433      852      735      183      0        841      669      501      509      644      125      515      408      742      616      437      387      794      373      366      714      544      835      397      747      170      1000     249      630      831      144      
15       20500    750      751      887      657      415      856      1049     512      1013     606      413      646      945      841      0        1190     1060     989      356      962      411      446      731      523      403      679      368      583      474      673      313      352      808      698      941      615      685      512      588      734      
16       6060     471      923      379      1641     1215     337      1042     909      941      1060     940      1361     812      669      1190     0        169      205      1174     616      782      915      1386     1215     873      1035     1324     628      846      1349     897      1353     393      622      510      1579     582      709      1430     622      
17       2880     318      754      352      1480     1054     244      883      839      781      892      854      1193     650      501      1060     169      0        92       1016     456      649      755      1218     1049     720      866      1167     483      687      1181     757      1198     252      569      347      1418     421      608      1266     453      
18       3920     268      749      263      1438     1013     154      908      748      807      870      766      1167     673      509      989      205      92       0        970      486      579      712      1197     1017     668      852      1119     423      643      1157     693      1148     188      477      373      1377     382      523      1231     435      
19       18720    702      466      965      470      66       876      737      771      722      281      677      305      689      644      356      1174     1016     970      0        769      462      262      385      166      306      359      153      556      329      326      341      191      784      852      789      410      595      644      294      590      
20       6280     373      360      692      1180     781      535      426      980      325      548      946      845      196      125      962      616      456      486      769      0        619      533      845      734      559      494      918      460      490      822      660      960      421      803      113      1119     329      711      946      239      
21       12420    342      549      512      922      521      452      845      405      776      519      344      738      669      515      411      782      649      579      462      619      0        278      800      575      187      556      589      179      236      745      126      606      397      394      569      865      300      191      755      379      
22       13480    444      315      734      725      300      628      620      669      572      241      592      479      499      408      446      915      755      712      262      533      278      0        531      317      93       286      414      311      69       479      208      449      529      665      537      664      334      468      523      332      
23       22080    940      485      1259     407      320      1141     603      1150     643      327      1058     87       686      742      731      1386     1218     1197     385      845      800      531      0        229      616      355      384      835      594      58       695      422      1028     1193     912      360      819      990      203      764      
24       19000    752      389      1051     445      110      944      616      920      620      188      829      163      616      616      523      1215     1049     1017     166      734      575      317      229      0        395      259      234      628      385      172      467      280      839      969      778      384      634      765      217      600      
25       13100    402      393      662      776      357      569      697      577      642      334      502      558      555      437      403      873      720      668      306      559      187      93       616      395      0        377      451      250      75       562      123      479      481      577      544      716      306      377      588      334      
26       14980    606      135      945      693      339      812      377      954      365      78       878      350      358      387      679      1035     866      852      359      494      556      286      355      259      377      0        481      532      321      327      493      527      693      923      557      634      485      740      457      416      
27       21780    852      601      1099     333      142      1019     849      848      846      404      750      297      827      794      368      1324     1167     1119     153      918      589      414      384      234      451      481      0        701      481      331      463      46       932      967      942      277      747      760      220      743      
28       8860     167      481      424      1026     605      319      749      522      667      519      485      788      545      373      583      628      483      423      556      460      179      311      835      628      250      532      701      0        243      786      274      727      235      401      397      966      131      257      833      228      
29       12200    375      322      667      794      369      559      625      638      567      289      568      545      479      366      474      846      687      643      329      490      236      69       594      385      75       321      481      243      0        544      197      513      459      609      483      733      266      419      592      274      
30       21400    897      461      1211     394      261      1095     609      1092     640      288      1000     39       672      714      673      1349     1181     1157     326      822      745      479      58       172      562      327      331      786      544      0        639      370      985      1139     883      341      776      935      170      727      
31       14260    441      516      638      796      403      573      821      466      764      442      385      628      674      544      313      897      757      693      341      660      126      208      695      467      123      493      463      274      197      639      0        480      506      511      631      739      371      303      635      425      
32       22460    881      646      1118     322      188      1043     895      845      893      450      746      335      872      835      352      1353     1198     1148     191      960      606      449      422      280      479      527      46       727      513      370      480      0        960      977      981      271      779      771      245      780      
33       5020     88       605      277      1253     828      124      810      627      714      702      625      992      578      397      808      393      252      188      784      421      397      529      1028     839      481      693      932      235      459      985      506      960      0        396      317      1192     209      373      1050     287      
34       12640    429      882      245      1299     913      328      1145     291      1058     899      342      1132     929      747      698      622      569      477      852      803      394      665      1193     969      577      923      967      401      609      1139     511      977      396      0        707      1244     501      207      1146     608      
35       4140     281      430      583      1223     810      426      537      904      436      600      879      903      303      170      941      510      347      373      789      113      569      537      912      778      544      557      942      397      483      883      631      981      317      707      0        1161     269      636      995      209      
36       26540    1109     768      1373     61       364      1286     950      1116     976      571      1017     305      992      1000     615      1579     1418     1377     410      1119     865      664      360      384      716      634      277      966      733      341      739      271      1192     1244     1161     0        997      1037     178      977      
37       6960     121      406      465      1059     633      327      645      651      556      492      616      785      428      249      685      582      421      382      595      329      300      334      819      634      306      485      747      131      266      776      371      779      209      501      269      997      0        383      848      106      
38       12480    361      717      376      1092     706      373      999      268      921      707      251      927      802      630      512      709      608      523      644      711      191      468      990      765      377      740      760      257      419      935      303      771      373      207      636      1037     383      0        938      485      
39       23360    964      593      1251     236      233      1151     774      1056     797      398      959      131      815      831      588      1430     1266     1231     294      946      755      523      203      217      588      457      220      833      592      170      635      245      1050     1146     995      178      848      938      0        818      
40       7000     205      318      558      1039     617      411      539      751      450      438      711      740      321      144      734      622      453      435      590      239      379      332      764      600      334      416      743      228      274      727      425      780      287      608      209      977      106      485      818      0        
;

