
sets
i        orders          /0*40/
k        routes          /1*40/
p        positions       /0*40/
;

alias(i,j)
alias(i,h)
alias(i,hh)
alias(i,jj)
alias(k,kk)
                
                    Parameters

rho(i)	Processing time
/
0	0
1	12
2	99
3	77
4	90
5	58
6	54
7	51
8	19
9	8
10	27
11	18
12	52
13	79
14	48
15	86
16	60
17	53
18	73
19	18
20	87
21	84
22	66
23	26
24	4
25	29
26	40
27	91
28	6
29	75
30	4
31	20
32	44
33	44
34	83
35	53
36	2
37	96
38	31
39	94
40	76
/

gamma(i)	Duedate
/
0	0
1	97
2	9
3	19
4	63
5	32
6	49
7	25
8	74
9	23
10	75
11	18
12	43
13	77
14	61
15	45
16	3
17	73
18	70
19	17
20	9
21	97
22	6
23	27
24	24
25	46
26	1
27	51
28	56
29	71
30	58
31	94
32	81
33	82
34	31
35	38
36	5
37	75
38	14
39	43
40	64
/

sigma(i)	Size
/
0	0
1	9
2	9
3	2
4	8
5	5
6	9
7	3
8	8
9	4
10	8
11	1
12	2
13	4
14	8
15	1
16	8
17	5
18	9
19	9
20	1
21	7
22	3
23	7
24	4
25	8
26	1
27	5
28	4
29	6
30	8
31	1
32	6
33	7
34	2
35	9
36	3
37	3
38	4
39	3
40	4
/

epsilon(i)	Priority
/
0	0
1	3
2	7
3	3
4	1
5	6
6	2
7	6
8	8
9	9
10	9
11	3
12	6
13	1
14	4
15	7
16	2
17	4
18	3
19	5
20	3
21	5
22	3
23	6
24	4
25	1
26	9
27	6
28	7
29	5
30	6
31	8
32	1
33	8
34	5
35	1
36	6
37	6
38	1
39	8
40	4
/

psi	Vehicle Capacity
/ 43 /
;

Table kappa(i,j)                 Setup
         0        1        2        3        4        5        6        7        8        9        10       11       12       13       14       15       16       17       18       19       20       21       22       23       24       25       26       27       28       29       30       31       32       33       34       35       36       37       38       39       40       
0        0        458      412      1060     759      695      1459     139      941      716      1134     961      1302     275      371      733      567      638      465      965      1006     1092     1173     787      143      943      230      751      5        992      947      431      1279     1286     411      1098     1269     683      1044     185      672      
1        458      0        626      915      846      619      1249     556      891      673      1039     973      1105     661      644      302      618      370      710      1003     559      978      967      606      315      539      230      325      454      984      1107     596      1167     1035     346      780      1127     951      1085     492      249      
2        412      626      0        747      355      402      1158     525      581      390      782      570      1003     243      76       772      220      539      84       564      1033     755      892      552      427      899      455      779      408      607      539      60       927      1031     317      927      936      325      641      226      716      
3        1060     915      747      0        490      366      411      1198     215      358      154      339      257      987      824      773      528      547      774      397      866      86       170      309      982      671      939      757      1055     299      673      693      253      325      665      424      215      838      425      904      766      
4        759      846      355      490      0        300      883      880      281      239      471      222      738      586      420      874      229      593      340      209      1085     465      658      452      745      909      745      871      755      265      276      328      608      812      501      810      636      348      286      574      834      
5        695      619      402      366      300      0        772      832      275      64       447      358      615      634      478      586      186      305      449      396      784      399      495      165      625      608      591      580      689      365      574      343      589      629      313      544      574      589      474      539      552      
6        1459     1249     1158     411      883      772      0        1598     602      769      420      690      157      1399     1235     1037     939      884      1185     739      1026     417      288      676      1369     854      1315     1016     1453     642      1009     1104     320      236      1053     532      256      1228     729      1310     1052     
7        139      556      525      1198     880      832      1598     0        1074     852      1269     1087     1441     339      472      845      698      772      565      1087     1114     1228     1312     926      260      1065     343      866      144      1120     1047     553      1414     1425     550      1233     1406     762      1165     307      786      
8        941      891      581      215      281      275      602      1074     0        231      200      137      457      824      656      821      377      553      593      195      972      184      385      328      888      779      861      810      936      114      462      534      345      541      585      597      360      628      247      769      798      
9        716      673      390      358      239      64       769      852      231      0        417      299      613      630      467      650      170      369      427      334      847      377      502      215      657      669      630      645      711      311      511      335      562      644      354      587      557      544      414      551      616      
10       1134     1039     782      154      471      447      420      1269     200      417      0        269      294      1025     857      919      574      678      793      318      1020     68       277      437      1071     825      1037     904      1128     222      593      734      145      420      760      574      166      811      319      965      908      
11       961      973      570      339      222      358      690      1087     137      299      269      0        558      806      638      934      397      658      562      58       1100     285      507      449      927      910      913      925      956      47       333      534      395      662      645      734      435      545      118      779      906      
12       1302     1105     1003     257      738      615      157      1441     457      613      294      558      0        1243     1080     909      783      737      1032     611      928      275      138      522      1214     746      1162     888      1297     512      886      948      239      165      897      432      155      1086     613      1153     918      
13       275      661      243      987      586      634      1399     339      824      630      1025     806      1243     0        169      882      459      703      248      795      1157     998      1128     770      371      1052     439      895      275      845      717      294      1170     1262     454      1132     1179     423      867      170      822      
14       371      644      76       824      420      478      1235     472      656      467      857      638      1080     169      0        815      297      596      94       629      1081     831      969      625      411      956      452      824      368      677      577      134      1001     1107     361      998      1012     324      703      193      757      
15       733      302      772      773      874      586      1037     845      821      650      919      934      909      882      815      0        673      281      855      978      275      851      775      494      590      241      504      24       728      930      1151     724      1024     807      455      524      967      1077     1052     714      61       
16       567      618      220      528      229      186      939      698      377      170      574      397      783      459      297      673      0        402      263      410      907      541      672      346      530      748      521      674      562      425      492      165      720      811      272      726      722      423      493      392      627      
17       638      370      539      547      593      305      884      772      553      369      678      658      737      703      596      281      402      0        616      699      505      615      599      241      517      359      448      277      632      658      870      483      800      679      249      461      758      819      776      551      248      
18       465      710      84       774      340      449      1185     565      593      427      793      562      1032     248      94       855      263      616      0        548      1114     773      928      607      498      975      533      861      462      603      483      132      936      1071     400      987      953      242      619      285      799      
19       965      1003     564      397      209      396      739      1087     195      334      318      58       611      795      629      978      410      699      548      0        1151     340      564      499      940      962      931      970      960      99       277      534      436      718      669      792      482      508      83       781      948      
20       1006     559      1033     866      1085     784      1026     1114     972      847      1020     1100     928      1157     1081     275      907      505      1114     1151     0        952      812      652      863      195      776      261      1001     1085     1359     981      1096     790      719      497      1025     1325     1217     989      337      
21       1092     978      755      86       465      399      417      1228     184      377      68       285      275      998      831      851      541      615      773      340      952      0        229      373      1024     756      986      836      1087     240      618      704      191      380      709      509      181      811      356      928      842      
22       1173     967      892      170      658      495      288      1312     385      502      277      507      138      1128     969      775      672      599      928      564      812      229      0        388      1081     624      1027     755      1167     465      841      835      294      155      765      325      215      1005     585      1030     782      
23       787      606      552      309      452      165      676      926      328      215      437      449      522      770      625      494      346      241      607      499      652      373      388      0        692      465      640      482      781      439      716      492      560      500      377      380      522      754      567      653      475      
24       143      315      427      982      745      625      1369     260      888      657      1071     927      1214     371      411      590      530      517      498      940      863      1024     1081     692      0        805      87       609      139      952      964      427      1214     1183     317      978      1196     735      1022     222      530      
25       943      539      899      671      909      608      854      1065     779      669      825      910      746      1052     956      241      748      359      975      962      195      756      624      465      805      0        721      217      937      893      1179     843      903      618      600      322      834      1171     1026     892      290      
26       230      230      455      939      745      591      1315     343      861      630      1037     913      1162     439      452      504      521      448      533      931      776      986      1027     640      87       721      0        523      225      934      980      443      1177     1122     277      906      1153     775      1014     277      444      
27       751      325      779      757      871      580      1016     866      810      645      904      925      888      895      824      24       674      277      861      970      261      836      755      482      609      217      523      0        746      920      1148     730      1007     785      463      501      949      1081     1044     727      79       
28       5        454      408      1055     755      689      1453     144      936      711      1128     956      1297     275      368      728      562      632      462      960      1001     1087     1167     781      139      937      225      746      0        987      944      427      1273     1280     405      1093     1264     681      1040     182      667      
29       992      984      607      299      265      365      642      1120     114      311      222      47       512      845      677      930      425      658      603      99       1085     240      465      439      952      893      934      920      987      0        377      568      348      619      663      704      387      592      134      812      905      
30       947      1107     539      673      276      574      1009     1047     462      511      593      333      886      717      577      1151     492      870      483      277      1359     618      841      716      964      1179     980      1148     944      377      0        538      696      996      761      1050     752      325      282      764      1110     
31       431      596      60       693      328      343      1104     553      534      335      734      534      948      294      134      724      165      483      132      534      981      704      835      492      427      843      443      730      427      568      538      0        880      973      271      867      885      359      613      247      669      
32       1279     1167     927      253      608      589      320      1414     345      562      145      395      239      1170     1001     1024     720      800      936      436      1096     191      294      560      1214     903      1177     1007     1273     348      696      880      0        398      900      619      85       940      414      1111     1019     
33       1286     1035     1031     325      812      629      236      1425     541      644      420      662      165      1262     1107     807      811      679      1071     718      790      380      155      500      1183     618      1122     785      1280     619      996      973      398      0        875      295      313      1158     735      1153     825      
34       411      346      317      665      501      313      1053     550      585      354      760      645      897      454      361      455      272      249      400      669      719      709      765      377      317      600      277      463      405      663      761      271      900      875      0        697      879      630      752      302      399      
35       1098     780      927      424      810      544      532      1233     597      587      574      734      432      1132     998      524      726      461      987      792      497      509      325      380      978      322      906      501      1093     704      1050     867      619      295      697      0        541      1131     837      997      551      
36       1269     1127     936      215      636      574      256      1406     360      557      166      435      155      1179     1012     967      722      758      953      482      1025     181      215      522      1196     834      1153     949      1264     387      752      885      85       313      879      541      0        977      473      1108     967      
37       683      951      325      838      348      589      1228     762      628      544      811      545      1086     423      324      1077     423      819      242      508      1325     811      1005     754      735      1171     775      1081     681      592      325      359      940      1158     630      1131     977      0        554      515      1025     
38       1044     1085     641      425      286      474      729      1165     247      414      319      118      613      867      703      1052     493      776      619      83       1217     356      585      567      1022     1026     1014     1044     1040     134      282      613      414      735      752      837      473      554      0        860      1024     
39       185      492      226      904      574      539      1310     307      769      551      965      779      1153     170      193      714      392      551      285      781      989      928      1030     653      222      892      277      727      182      812      764      247      1111     1153     302      997      1108     515      860      0        653      
40       672      249      716      766      834      552      1052     786      798      616      908      906      918      822      757      61       627      248      799      948      337      842      782      475      530      290      444      79       667      905      1110     669      1019     825      399      551      967      1025     1024     653      0        
;



Table delta(i,j)                 Distance
         0        1        2        3        4        5        6        7        8        9        10       11       12       13       14       15       16       17       18       19       20       21       22       23       24       25       26       27       28       29       30       31       32       33       34       35       36       37       38       39       40       
0        0        15640    18500    7900     13760    4200     12520    3380     10280    10960    7600     20700    13800    940      17660    10320    19440    1020     12000    19020    8940     10400    12800    13480    13820    14340    18600    18760    19340    13600    10380    10600    5820     14280    15020    10100    5920     15340    13720    7960     13640    
1        15640    0        311      996      590      993      379      613      857      587      867      433      593      744      885      838      255      732      207      655      394      287      408      161      609      85       571      310      923      1050     310      702      709      359      726      404      1034     86       685      1164     772      
2        18500    311      0        1021     895      1124     325      764      811      524      876      128      898      879      695      790      132      879      475      396      642      417      712      458      914      385      305      18       707      972      408      982      937      669      566      431      1118     398      551      1259     1070     
3        7900     996      1021     0        1064     367      696      479      271      508      146      1099     1067     386      680      289      1110     423      865      883      768      709      984      939      1070     956      901      1038     765      335      686      924      686      1043     614      608      211      1012     569      326      1076     
4        13760    590      895      1064     0        850      805      588      1077     918      998      1021     2        683      1297     1067     843      648      433      1172     351      597      184      437      19       511      1103     897      1360     1278     635      218      420      239      1129     731      981      509      1067     1059     195      
5        4200     993      1124     367      850      0        815      380      583      701      429      1230     852      250      987      592      1178     261      810      1109     650      727      830      883      850      928      1101     1139     1074     699      723      664      431      909      880      696      173      977      820      208      806      
6        12520    379      325      696      805      815      0        481      503      217      553      416      808      579      519      482      417      586      387      378      472      208      633      425      821      389      327      342      568      684      173      819      706      632      353      122      796      438      307      938      941      
7        3380     613      764      479      588      380      481      0        508      450      411      878      591      133      818      502      805      119      433      831      296      353      506      508      596      548      800      777      897      701      356      477      271      571      668      359      442      599      601      559      629      
8        10280    857      811      271      1077     583      503      508      0        288      153      871      1079     481      413      22       918      515      776      620      737      588      955      842      1087     838      648      830      499      205      555      985      770      995      345      452      463      893      306      592      1136     
9        10960    587      524      508      918      701      217      450      288      0        361      592      921      502      383      267      629      522      547      408      568      349      766      601      932      582      405      542      455      467      310      882      715      786      221      200      643      635      155      785      1021     
10       7600     867      876      146      998      429      553      411      153      361      0        953      1000     354      564      165      969      391      752      742      677      583      897      823      1006     833      757      894      650      300      556      882      655      948      479      471      312      890      430      447      1035     
11       20700    433      128      1099     1021     1230     416      878      871      592      953      0        1024     989      691      849      207      991      603      363      769      537      838      584      1040     510      278      124      688      1014     525      1110     1062     792      587      533      1212     518      587      1354     1197     
12       13800    593      898      1067     2        852      808      591      1079     921      1000     1024     0        685      1300     1069     845      650      436      1175     353      600      186      439      17       513      1106     899      1363     1281     638      218      421      241      1132     734      983      511      1070     1060     193      
13       940      744      879      386      683      250      579      133      481      502      354      989      685      0        841      482      929      37       566      904      422      477      623      641      688      681      883      893      924      654      475      538      303      694      707      458      313      732      642      426      691      
14       17660    885      695      680      1297     987      519      818      413      383      564      691      1300     841      0        399      826      869      902      338      947      709      1137     944      1312     906      413      712      86       422      669      1265     1089     1147     168      566      876      953      229      1004     1404     
15       10320    838      790      289      1067     592      482      502      22       267      165      849      1069     482      399      0        896      515      760      599      726      571      943      825      1078     820      626      808      485      219      537      979      767      981      325      434      477      875      285      608      1130     
16       19440    255      132      1110     843      1178     417      805      918      629      969      207      845      929      826      896      0        924      452      527      635      452      663      416      862      340      436      116      839      1088     455      957      944      607      692      505      1189     334      673      1327     1027     
17       1020     732      879      423      648      261      586      119      515      522      391      991      650      37       869      515      924      0        548      920      397      471      593      622      652      666      896      893      951      691      472      501      266      665      731      464      342      715      665      448      654      
18       12000    207      475      865      433      810      387      433      776      547      752      603      436      566      902      760      452      548      0        742      187      198      252      75       451      125      670      480      956      980      237      508      502      245      734      346      871      168      679      993      596      
19       19020    655      396      883      1172     1109     378      831      620      408      742      363      1175     904      338      599      527      920      742      0        849      584      994      760      1190     702      90       410      325      713      551      1198     1076     978      280      485      1043     736      314      1184     1317     
20       8940     394      642      768      351      650      472      296      737      568      677      769      353      422      947      726      635      397      187      849      0        265      219      249      364      312      789      649      1013     942      298      351      314      276      780      385      735      349      718      845      468      
21       10400    287      417      709      597      727      208      353      588      349      583      537      600      477      709      571      452      471      198      584      265      0        429      256      613      251      525      428      766      789      39       615      527      439      540      148      752      308      483      885      732      
22       12800    408      712      984      184      830      633      506      955      766      897      838      186      623      1137     943      663      593      252      994      219      429      0        253      202      327      922      713      1196     1160     468      318      427      88       969      571      935      330      910      1033     364      
23       13480    161      458      939      437      883      425      508      842      601      823      584      439      641      944      825      416      622      75       760      249      256      253      0        456      76       682      460      993      1044     292      541      561      219      777      402      946      100      726      1067     613      
24       13820    609      914      1070     19       850      821      596      1087     932      1006     1040     17       688      1312     1078     862      652      451      1190     364      613      202      456      0        530      1120     916      1375     1288     651      210      419      258      1144     747      984      528      1082     1059     177      
25       14340    85       385      956      511      928      389      548      838      582      833      510      513      681      906      820      340      666      125      702      312      251      327      76       530      0        622      386      950      1037     283      617      627      286      742      388      979      56       695      1105     689      
26       18600    571      305      901      1103     1101     327      800      648      405      757      278      1106     883      413      626      436      896      670      90       789      525      922      682      1120     622      0        319      411      763      495      1140     1033     902      326      444      1048     653      343      1190     1254     
27       18760    310      18       1038     897      1139     342      777      830      542      894      124      899      893      712      808      116      893      480      410      649      428      713      460      916      386      319      0        723      991      421      987      946      669      584      447      1134     396      569      1275     1072     
28       19340    923      707      765      1360     1074     568      897      499      455      650      688      1363     924      86       485      839      951      956      325      1013     766      1196     993      1375     950      411      723      0        496      728      1337     1167     1201     234      628      962      994      300      1090     1474     
29       13600    1050     972      335      1278     699      684      701      205      467      300      1014     1281     654      422      219      1088     691      980      713      942      789      1160     1044     1288     1037     763      991      496      0        755      1177     954      1200     436      649      546      1092     427      647      1330     
30       10380    310      408      686      635      723      173      356      555      310      556      525      638      475      669      537      455      472      237      551      298      39       468      292      651      283      495      421      728      755      0        646      547      479      501      110      739      338      443      875      767      
31       10600    702      982      924      218      664      819      477      985      882      882      1110     218      538      1265     979      957      501      508      1198     351      615      318      541      210      617      1140     987      1337     1177     646      0        240      403      1103     721      810      633      1037     871      153      
32       5820     709      937      686      420      431      706      271      770      715      655      1062     421      303      1089     767      944      266      502      1076     314      527      427      561      419      627      1033     946      1167     954      547      240      0        514      936      591      571      662      869      639      391      
33       14280    359      669      1043     239      909      632      571      995      786      948      792      241      694      1147     981      607      665      245      978      276      439      88       219      258      286      902      669      1201     1200     479      403      514      0        978      587      1007     274      922      1110     431      
34       15020    726      566      614      1129     880      353      668      345      221      479      587      1132     707      168      325      692      731      734      280      780      540      969      777      1144     742      326      584      234      436      501      1103     936      978      0        398      790      790      67       927      1240     
35       10100    404      431      608      731      696      122      359      452      200      471      533      734      458      566      434      505      464      346      485      385      148      571      402      747      388      444      447      628      649      110      721      591      587      398      0        687      443      338      828      851      
36       5920     1034     1118     211      981      173      796      442      463      643      312      1212     983      313      876      477      1189     342      871      1043     735      752      935      946      984      979      1048     1134     962      546      739      810      571      1007     790      687      0        1032     737      143      958      
37       15340    86       398      1012     509      977      438      599      893      635      890      518      511      732      953      875      334      715      168      736      349      308      330      100      528      56       653      396      994      1092     338      633      662      274      790      443      1032     0        745      1157     694      
38       13720    685      551      569      1067     820      307      601      306      155      430      587      1070     642      229      285      673      665      679      314      718      483      910      726      1082     695      343      569      300      427      443      1037     869      922      67       338      737      745      0        876      1175     
39       7960     1164     1259     326      1059     208      938      559      592      785      447      1354     1060     426      1004     608      1327     448      993      1184     845      885      1033     1067     1059     1105     1190     1275     1090     647      875      871      639      1110     927      828      143      1157     876      0        1011     
40       13640    772      1070     1076     195      806      941      629      1136     1021     1035     1197     193      691      1404     1130     1027     654      596      1317     468      732      364      613      177      689      1254     1072     1474     1330     767      153      391      431      1240     851      958      694      1175     1011     0        
;

