
sets
i        orders          /0*40/
k        routes          /1*40/
p        positions       /0*40/
;

alias(i,j)
alias(i,h)
alias(i,hh)
alias(i,jj)
alias(k,kk)
                
                    Parameters

rho(i)	Processing time
/
0	0
1	4
2	25
3	36
4	85
5	89
6	94
7	55
8	75
9	7
10	99
11	61
12	13
13	74
14	51
15	29
16	73
17	42
18	31
19	81
20	77
21	75
22	80
23	75
24	30
25	90
26	23
27	21
28	27
29	25
30	46
31	46
32	47
33	29
34	66
35	87
36	74
37	6
38	75
39	8
40	35
/

gamma(i)	Duedate
/
0	0
1	28
2	19
3	77
4	70
5	31
6	97
7	39
8	25
9	96
10	56
11	31
12	27
13	36
14	2
15	9
16	6
17	79
18	41
19	59
20	23
21	97
22	52
23	16
24	30
25	78
26	74
27	1
28	46
29	57
30	11
31	30
32	65
33	37
34	32
35	26
36	76
37	76
38	17
39	53
40	64
/

sigma(i)	Size
/
0	0
1	3
2	9
3	5
4	2
5	8
6	2
7	2
8	6
9	1
10	7
11	6
12	6
13	7
14	8
15	7
16	4
17	3
18	3
19	9
20	2
21	3
22	8
23	5
24	6
25	6
26	2
27	6
28	6
29	4
30	7
31	4
32	8
33	7
34	2
35	9
36	8
37	9
38	3
39	5
40	3
/

epsilon(i)	Priority
/
0	0
1	5
2	1
3	6
4	2
5	5
6	2
7	9
8	3
9	5
10	5
11	5
12	4
13	2
14	9
15	6
16	6
17	6
18	4
19	4
20	1
21	7
22	2
23	5
24	4
25	5
26	6
27	4
28	7
29	9
30	9
31	5
32	5
33	8
34	1
35	2
36	7
37	4
38	2
39	9
40	9
/

psi	Vehicle Capacity
/ 40 /
;

Table kappa(i,j)                 Setup
         0        1        2        3        4        5        6        7        8        9        10       11       12       13       14       15       16       17       18       19       20       21       22       23       24       25       26       27       28       29       30       31       32       33       34       35       36       37       38       39       40       
0        0        980      489      732      446      986      559      886      1010     898      909      303      1139     1190     878      776      439      1108     1118     109      347      1249     745      998      1239     1003     594      287      489      492      404      705      640      843      674      652      540      231      1105     557      295      
1        980      0        494      702      839      516      973      166      495      458      152      693      357      498      597      269      880      563      550      943      633      586      418      393      502      543      408      991      526      1015     1053     562      1045     519      1081     353      989      789      457      683      719      
2        489      494      0        479      423      654      585      398      595      555      421      199      712      800      529      338      457      697      702      467      152      816      393      612      837      679      177      563      90       594      600      451      752      541      793      168      590      297      663      341      270      
3        732      702      479      0        313      1078     345      536      375      983      552      491      1038     1162     190      723      343      444      462      781      564      600      837      999      1181     1105     631      941      392      425      518      923      1206     991      1247     436      371      512      499      178      685      
4        446      839      423      313      0        1077     166      691      662      978      713      303      1119     1218     492      754      41       744      760      518      414      899      814      1032     1251     1101     600      696      344      176      226      854      1010     959      1049     494      167      266      778      178      501      
5        986      516      654      1078     1077     0        1240     630      987      98       631      808      284      235      1039     355      1110     1067     1058     901      697      1103     263      130      295      28       477      847      738      1245     1236     286      719      145      742      641      1244     897      969      981      694      
6        559      973      585      345      166      1240     0        817      720      1141     837      467      1270     1374     535      910      142      788      806      647      579      944      978      1191     1405     1264     763      831      503      92       205      1020     1159     1124     1197     640      29       418      843      290      661      
7        886      166      398      536      691      630      817      0        357      554      23       586      515      651      435      308      733      439      432      865      549      500      467      520      661      658      372      942      405      864      911      603      1053     599      1091     234      834      677      351      527      654      
8        1010     495      595      375      662      987      720      357      0        910      357      718      851      994      188      654      699      102      108      1028     737      240      808      876      995      1015     662      1152     545      797      882      934      1337     949      1377     450      746      779      124      488      863      
9        898      458      555      983      978      98       1141     554      910      0        558      711      302      299      951      265      1011     994      986      816      601      1040     164      128      354      124      378      775      639      1146     1139     212      684      83       711      547      1145     800      900      883      603      
10       909      152      421      552      713      631      837      23       357      558      0        609      506      644      444      317      754      436      427      887      571      490      477      519      651      659      391      963      429      885      933      614      1069     605      1107     257      854      700      343      548      676      
11       303      693      199      491      303      808      467      586      718      711      609      0        901      978      604      527      326      817      826      310      114      953      546      786      1019     830      348      452      185      449      428      562      724      679      764      352      463      97       806      316      203      
12       1139     357      712      1038     1119     284      1270     515      851      302      506      901      0        146      950      374      1157     913      899      1071     807      913      404      173      145      299      554      1057     777      1295     1311     507      986      386      1013     630      1280     998      801      986      845      
13       1190     498      800      1162     1218     235      1374     651      994      299      644      978      146      0        1085     464      1254     1058     1044     1112     875      1059     444      193      60       236      630      1074     873      1392     1399     511      954      372      976      740      1383     1072     947      1096     894      
14       878      597      529      190      492      1039     535      435      188      951      444      604      950      1085     0        686      526      255      272      911      650      411      824      942      1096     1067     642      1054     458      615      705      933      1281     975      1322     425      562      649      313      328      777      
15       776      269      338      723      754      355      910      308      654      265      317      527      374      464      686      0        790      744      738      720      436      807      159      282      498      383      183      741      409      928      939      299      776      294      812      287      919      624      660      637      491      
16       439      880      457      343      41       1110     142      733      699      1011     754      326      1157     1254     526      790      0        779      795      518      439      934      847      1068     1288     1134     634      699      381      138      186      882      1020     990      1059     534      137      277      816      217      519      
17       1108     563      697      444      744      1067     788      439      102      994      436      817      913      1058     255      744      779      0        22       1128     839      156      900      952      1054     1095     761      1254     647      869      960      1029     1438     1037     1479     551      815      876      118      575      965      
18       1118     550      702      462      760      1058     806      432      108      986      427      826      899      1044     272      738      795      22       0        1136     845      139      894      941      1039     1085     760      1260     653      887      977      1025     1440     1030     1480     553      833      887      100      589      970      
19       109      943      467      781      518      901      647      865      1028     816      887      310      1071     1112     911      720      518      1128     1136     0        316      1262     670      923      1163     916      542      184      487      587      506      616      532      756      567      636      630      268      1114     603      228      
20       347      633      152      564      414      697      579      549      737      601      571      114      807      875      650      436      439      839      845      316      0        964      438      683      919      719      253      415      193      564      541      447      641      566      682      321      577      199      812      398      127      
21       1249     586      816      600      899      1103     944      500      240      1040     490      953      913      1059     411      807      934      156      139      1262     964      0        967      980      1047     1129     855      1379     776      1026     1116     1103     1539     1093     1579     659      972      1018     155      727      1087     
22       745      418      393      837      814      263      978      467      808      164      477      546      404      444      824      159      847      900      894      670      438      967      0        252      493      286      216      654      479      982      974      143      634      154      668      405      982      637      818      726      450      
23       998      393      612      999      1032     130      1191     520      876      128      519      786      173      193      942      282      1068     952      941      923      683      980      252      0        240      153      439      895      688      1206     1209     336      812      212      839      567      1199     880      850      919      703      
24       1239     502      837      1181     1251     295      1405     661      995      354      651      1019     145      60       1096     498      1288     1054     1039     1163     919      1047     493      240      0        296      671      1130     907      1426     1437     567      1014     430      1036     767      1414     1115     941      1124     943      
25       1003     543      679      1105     1101     28       1264     658      1015     124      659      830      299      236      1067     383      1134     1095     1085     916      719      1129     286      153      296      0        502      857      763      1269     1259     300      718      159      739      668      1269     918      996      1007     711      
26       594      408      177      631      600      477      763      372      662      378      391      348      554      630      642      183      634      761      760      542      253      855      216      439      671      502      0        584      262      770      769      293      684      367      723      218      767      444      700      511      315      
27       287      991      563      941      696      847      831      942      1152     775      963      452      1057     1074     1054     741      699      1254     1260     184      415      1379     654      895      1130     857      584      0        607      772      690      563      357      703      388      727      814      436      1226     763      292      
28       489      526      90       392      344      738      503      405      545      639      429      185      777      873      458      409      381      647      653      487      193      776      479      688      907      763      262      607      0        519      537      541      825      629      866      174      510      271      626      251      321      
29       492      1015     594      425      176      1245     92       864      797      1146     885      449      1295     1392     615      928      138      869      887      587      564      1026     982      1206     1426     1269     770      772      519      0        114      1011     1110     1123     1147     671      63       384      918      339      630      
30       404      1053     600      518      226      1236     205      911      882      1139     933      428      1311     1399     705      939      186      960      977      506      541      1116     974      1209     1437     1259     769      690      537      114      0        986      1038     1107     1073     702      177      345      1001     404      585      
31       705      562      451      923      854      286      1020     603      934      212      614      562      507      511      933      299      882      1029     1025     616      447      1103     143      336      567      300      293      563      541      1011     986      0        496      141      528      507      1020     641      953      793      418      
32       640      1045     752      1206     1010     719      1159     1053     1337     684      1069     724      986      954      1281     776      1020     1438     1440     532      641      1539     634      812      1014     718      684      357      825      1110     1038     496      0        600      40       887      1146     744      1384     1037     522      
33       843      519      541      991      959      145      1124     599      949      83       605      679      386      372      975      294      990      1037     1030     756      566      1093     154      212      430      159      367      703      629      1123     1107     141      600      0        627      559      1127     764      949      878      553      
34       674      1081     793      1247     1049     742      1197     1091     1377     711      1107     764      1013     976      1322     812      1059     1479     1480     567      682      1579     668      839      1036     739      723      388      866      1147     1073     528      40       627      0        927      1184     782      1424     1077     562      
35       652      353      168      436      494      641      640      234      450      547      257      352      630      740      425      287      534      551      553      636      321      659      405      567      767      668      218      727      174      671      702      507      887      559      927      0        652      444      504      356      435      
36       540      989      590      371      167      1244     29       834      746      1145     854      463      1280     1383     562      919      137      815      833      630      577      972      982      1199     1414     1269     767      814      510      63       177      1020     1146     1127     1184     652      0        409      869      306      653      
37       231      789      297      512      266      897      418      677      779      800      700      97       998      1072     649      624      277      876      887      268      199      1018     637      880      1115     918      444      436      271      384      345      641      744      764      782      444      409      0        876      334      246      
38       1105     457      663      499      778      969      843      351      124      900      343      806      801      947      313      660      816      118      100      1114     812      155      818      850      941      996      700      1226     626      918      1001     953      1384     949      1424     504      869      876      0        602      934      
39       557      683      341      178      178      981      290      527      488      883      548      316      986      1096     328      637      217      575      589      603      398      727      726      919      1124     1007     511      763      251      339      404      793      1037     878      1077     356      306      334      602      0        514      
40       295      719      270      685      501      694      661      654      863      603      676      203      845      894      777      491      519      965      970      228      127      1087     450      703      943      711      315      292      321      630      585      418      522      553      562      435      653      246      934      514      0        
;



Table delta(i,j)                 Distance
         0        1        2        3        4        5        6        7        8        9        10       11       12       13       14       15       16       17       18       19       20       21       22       23       24       25       26       27       28       29       30       31       32       33       34       35       36       37       38       39       40       
0        0        19900    25140    15500    13860    22020    13040    1560     16100    12300    20440    18360    11640    16760    17060    18280    6040     10880    10200    10960    21200    15340    10700    13360    17520    18940    4860     15100    18220    19240    9500     6560     16840    23000    5880     10060    10100    3920     16400    25380    20640    
1        19900    0        800      838      302      240      1084     983      414      555      736      463      548      896      947      145      737      1020     576      794      321      236      1181     415      452      326      786      954      878      278      851      666      425      345      711      793      832      984      916      632      580      
2        25140    800      0        549      837      1030     863      1296     530      657      243      1236     698      530      559      687      964      888      1137     734      1121     772      1063     680      1212     1113     1020     654      446      532      823      1026     489      1136     1001     773      1404     1117     563      223      257      
3        15500    838      549      0        670      1066     325      830      424      337      309      1121     371      75       118      692      528      339      851      228      1108     660      515      465      1083     1045     570      129      136      600      302      646      419      1164     588      273      1068     605      81       659      421      
4        13860    302      837      670      0        451      851      683      317      337      687      452      313      741      788      238      440      771      324      559      458      85       915      205      416      379      486      764      752      347      596      364      353      531      409      545      598      687      752      739      581      
5        22020    240      1030     1066     451      0        1290     1073     646      762      976      332      747      1127     1178     381      884      1217     616      997      117      420      1366     619      344      202      924      1177     1114     518      1043     782      662      106      843      990      824      1128     1145     848      819      
6        13040    1084     863      325      851      1290     0        725      692      530      631      1271     543      333      310      945      527      110      923      293      1310     870      210      672      1230     1226     538      209      419      884      266      675      701      1379     597      307      1074     456      300      985      745      
7        1560     983      1296     830      683      1073     725      0        825      645      1065     871      609      897      914      911      332      616      468      602      1025     761      613      682      830      910      275      819      966      972      535      322      864      1115     307      557      433      270      880      1296     1063     
8        16100    414      530      424      317      646      692      825      0        204      371      753      227      482      533      268      503      647      607      421      700      270      823      154      722      654      562      544      469      194      497      522      41       747      518      434      875      718      502      475      272      
9        12300    555      657      337      337      762      530      645      204      0        443      785      42       410      455      419      314      466      530      239      789      342      633      142      747      716      372      427      435      392      302      371      234      853      344      242      772      515      418      654      418      
10       20440    736      243      309      687      976      631      1065     371      443      0        1122     485      302      341      600      736      647      956      491      1048     639      825      500      1092     1016     790      423      227      459      580      813      338      1082     779      531      1212     876      335      363      171      
11       18360    463      1236     1121     452      332      1271     871      753      785      1122     0        755      1193     1239     549      780      1178     408      988      223      483      1295     658      43       141      802      1209     1204     704      1006     644      784      304      721      966      535      998      1202     1089     993      
12       11640    548      698      371      313      747      543      609      227      42       485      755      0        446      489      418      279      472      489      250      769      327      633      133      716      692      339      454      474      407      302      329      261      836      305      244      730      492      451      687      456      
13       16760    896      530      75       741      1127     333      897      482      410      302      1193     446      0        51       750      600      370      927      296      1174     727      536      535      1156     1114     641      124      86       648      363      721      472      1227     662      341      1143     663      33       664      439      
14       17060    947      559      118      788      1178     310      914      533      455      341      1239     489      51       0        801      627      361      965      320      1223     776      518      583      1202     1162     665      108      114      699      379      753      523      1277     691      364      1176     672      38       704      485      
15       18280    145      687      692      238      381      945      911      268      419      600      549      418      750      801      0        636      886      555      658      448      154      1051     286      528      426      689      810      733      155      720      589      281      485      621      661      827      879      770      545      452      
16       6040     737      964      528      440      884      527      332      503      314      736      780      279      600      627      636      0        421      401      307      869      500      516      371      737      767      59       548      660      667      271      148      539      951      70       265      557      247      590      967      732      
17       10880    1020     888      339      771      1217     110      616      647      466      647      1178     472      370      361      886      421      0        820      228      1229     798      182      604      1136     1141     429      253      457      842      175      569      662      1301     491      227      964      348      341      987      740      
18       10200    576      1137     851      324      616      923      468      607      530      956      408      489      927      965      555      401      820      0        666      558      407      912      459      366      443      409      909      963      671      659      253      648      649      333      633      274      595      927      1059     880      
19       10960    794      734      228      559      997      293      602      421      239      491      988      250      296      320      658      307      228      666      0        1017     577      401      380      947      936      344      244      364      615      89       438      438      1086     372      44       859      386      284      797      547      
20       21200    321      1121     1108     458      117      1310     1025     700      789      1048     223      769      1174     1223     448      869      1229     558      1017     0        449      1368     648      242      116      904      1213     1169     597      1054     753      721      91       821      1004     740      1107     1189     949      899      
21       15340    236      772      660      85       420      870      761      270      342      639      483      327      727      776      154      500      798      407      577      449      0        952      200      452      388      551      764      728      267      625      440      301      510      478      570      681      747      741      662      520      
22       10700    1181     1063     515      915      1366     210      613      823      633      825      1295     633      536      518      1051     516      182      912      401      1368     952      0        766      1252     1273     503      413      623      1017     330      659      840      1445     579      391      1011     350      505      1168     922      
23       13360    415      680      465      205      619      672      682      154      142      500      658      133      535      583      286      371      604      459      380      648      200      766      0        622      579      429      565      546      295      435      371      196      710      375      377      723      604      547      628      424      
24       17520    452      1212     1083     416      344      1230     830      722      747      1092     43       716      1156     1202     528      737      1136     366      947      242      452      1252     622      0        143      759      1170     1168     682      964      600      754      328      677      924      503      955      1165     1071     967      
25       18940    326      1113     1045     379      202      1226     910      654      716      1016     141      692      1114     1162     426      767      1141     443      936      116      388      1273     579      143      0        798      1143     1116     581      966      645      680      207      715      919      627      1000     1127     957      877      
26       4860     786      1020     570      486      924      538      275      562      372      790      802      339      641      665      689      59       429      409      344      904      551      503      429      759      798      0        580      704      724      296      158      598      988      82       300      536      203      629      1026     790      
27       15100    954      654      129      764      1177     209      819      544      427      423      1209     454      124      108      810      548      253      909      244      1213     764      413      565      1170     1143     580      0        210      725      286      683      543      1273     615      284      1104     570      92       782      549      
28       18220    878      446      136      752      1114     419      966      469      435      227      1204     474      86       114      733      660      457      963      364      1169     728      623      546      1168     1116     704      210      0        618      439      771      452      1216     718      409      1191     740      118      591      379      
29       19240    278      532      600      347      518      884      972      194      392      459      704      407      648      699      155      667      842      671      615      597      267      1017     295      682      581      724      725      618      0        690      654      183      624      668      628      946      896      672      397      302      
30       9500     851      823      302      596      1043     266      535      497      302      580      1006     302      363      379      720      271      175      659      89       1054     625      330      435      964      966      296      286      439      690      0        415      518      1127     341      62       828      302      346      886      636      
31       6560     666      1026     646      364      782      675      322      522      371      813      644      329      721      753      589      148      569      253      438      753      440      659      371      600      645      158      683      771      654      415      0        563      839      80       399      423      356      715      997      779      
32       16840    425      489      419      353      662      701      864      41       234      338      784      261      472      523      281      539      662      648      438      721      301      840      196      754      680      598      543      452      183      518      563      0        764      557      455      917      749      495      434      231      
33       23000    345      1136     1164     531      106      1379     1115     747      853      1082     304      836      1227     1277     485      951      1301     649      1086     91       510      1445     710      328      207      988      1273     1216     624      1127     839      764      0        905      1075     829      1191     1244     951      925      
34       5880     711      1001     588      409      843      597      307      518      344      779      721      305      662      691      621      70       491      333      372      821      478      579      375      677      715      82       615      718      668      341      80       557      905      0        331      488      285      654      990      762      
35       10060    793      773      273      545      990      307      557      434      242      531      966      244      341      364      661      265      227      633      44       1004     570      391      377      924      919      300      284      409      628      62       399      455      1075     331      0        820      344      328      828      579      
36       10100    832      1404     1068     598      824      1074     433      875      772      1212     535      730      1143     1176     827      557      964      274      859      740      681      1011     723      503      627      536      1104     1191     946      828      423      917      829      488      820      0        663      1138     1333     1148     
37       3920     984      1117     605      687      1128     456      270      718      515      876      998      492      663      672      879      247      348      595      386      1107     747      350      604      955      1000     203      570      740      896      302      356      749      1191     285      344      663      0        642      1158     911      
38       16400    916      563      81       752      1145     300      880      502      418      335      1202     451      33       38       770      590      341      927      284      1189     741      505      547      1165     1127     629      92       118      672      346      715      495      1244     654      328      1138     642      0        697      470      
39       25380    632      223      659      739      848      985      1296     475      654      363      1089     687      664      704      545      967      987      1059     797      949      662      1168     628      1071     957      1026     782      591      397      886      997      434      951      990      828      1333     1158     697      0        249      
40       20640    580      257      421      581      819      745      1063     272      418      171      993      456      439      485      452      732      740      880      547      899      520      922      424      967      877      790      549      379      302      636      779      231      925      762      579      1148     911      470      249      0        
;

