

sets
i        orders          /0*40/
k        routes          /1*40/
p        positions       /0*40/
;

alias(i,j)
alias(i,h)
alias(i,hh)
alias(i,jj)
alias(k,kk)
                            Parameters

rho(i)	Processing time
/
0	0
1	20
2	26
3	26
4	10
5	49
6	52
7	82
8	72
9	51
10	23
11	82
12	16
13	39
14	3
15	51
16	61
17	69
18	34
19	39
20	55
21	3
22	3
23	89
24	12
25	81
26	4
27	93
28	41
29	40
30	70
31	63
32	13
33	93
34	19
35	33
36	50
37	24
38	30
39	16
40	66
/

gamma(i)	Duedate
/
0	0
1	59
2	40
3	64
4	90
5	77
6	96
7	98
8	92
9	51
10	37
11	62
12	47
13	73
14	90
15	21
16	72
17	43
18	75
19	42
20	82
21	99
22	34
23	90
24	38
25	21
26	40
27	17
28	24
29	61
30	6
31	92
32	79
33	81
34	97
35	58
36	9
37	62
38	46
39	21
40	32
/

sigma(i)	Size
/
0	0
1	8
2	4
3	6
4	3
5	3
6	4
7	7
8	5
9	2
10	3
11	9
12	4
13	4
14	4
15	7
16	6
17	1
18	8
19	3
20	5
21	6
22	1
23	3
24	8
25	8
26	6
27	9
28	4
29	5
30	6
31	7
32	4
33	5
34	9
35	8
36	9
37	6
38	5
39	2
40	9
/

epsilon(i)	Priority
/
0	0
1	7
2	8
3	9
4	6
5	9
6	5
7	1
8	5
9	6
10	4
11	3
12	7
13	1
14	7
15	3
16	7
17	2
18	9
19	9
20	6
21	5
22	3
23	7
24	8
25	8
26	2
27	5
28	5
29	4
30	3
31	8
32	3
33	6
34	1
35	5
36	9
37	1
38	1
39	6
40	8
/

psi	Vehicle Capacity
/ 85 /
;

Table kappa(i,j)                 Setup
         0        1        2        3        4        5        6        7        8        9        10       11       12       13       14       15       16       17       18       19       20       21       22       23       24       25       26       27       28       29       30       31       32       33       34       35       36       37       38       39       40       
0        0        1205     617      911      1167     617      414      839      1243     646      902      189      258      508      463      749      691      37       776      623      569      534      384      96       786      950      282      948      1044     886      866      631      1127     453      1159     785      662      659      513      1114     1239     
1        1205     0        692      1632     2162     1024     851      1329     1412     1783     584      1202     1307     765      769      1874     1701     1168     438      1689     708      680      1271     1168     1933     602      1336     1318     1495     351      2072     1600     1541     900      536      1953     1677     1747     1394     2145     1340     
2        617      692      0        1359     1471     359      473      695      928      1109     287      702      640      466      173      1361     1010     581      279      1003     465      181      582      623      1402     770      844      726      894      494      1455     908      959      579      542      1286     1234     1260     702      1453     884      
3        911      1632     1359     0        1877     1502     893      1751     2147     1306     1627     730      1146     935      1188     664      1482     923      1344     1384     972      1191     1291     834      747      1074     637      1857     1955     1291     1124     1462     2038     797      1849     1331     420      554      1404     1799     2136     
4        1167     2162     1471     1877     0        1152     1557     935      1224     572      1635     1325     937      1642     1430     1305     485      1189     1741     543      1694     1527     910      1260     1252     2088     1319     1027     914      1929     904      573      947      1616     1849     570      1470     1355     772      90       1292     
5        617      1024     359      1502     1152     0        705      340      652      885      484      777      490      740      417      1337     725      594      636      747      762      493      359      675      1357     1112     897      394      548      853      1312     620      620      810      715      1071     1279     1266     420      1145     634      
6        414      851      473      893      1557     705      0        1025     1351     1058     734      355      620      96       313      1022     1072     383      472      1019     158      299      679      345      1082     537      485      1099     1240     507      1249     994      1317     108      959      1199     837      898      828      1512     1321     
7        839      1329     695      1751     935      340      1025     0        430      848      753      1022     626      1070     754      1469     617      828      968      684      1097     833      470      919      1471     1453     1118     128      215      1189     1332     527      295      1125     933      1025     1469     1427     409      952      455      
8        1243     1412     928      2147     1224     652      1351     430      0        1261     843      1417     1049     1374     1046     1899     1015     1227     1156     1096     1386     1101     893      1313     1901     1690     1525     304      317      1377     1753     938      276      1458     909      1430     1889     1853     839      1265     85       
9        646      1783     1109     1306     572      885      1058     848      1261     0        1342     778      476      1151     1014     775      257      675      1345     165      1209     1106     537      729      740      1595     753      975      959      1498     495      323      1029     1097     1591     185      907      802      474      501      1300     
10       902      584      287      1627     1635     484      734      753      843      1342     0        989      893      704      458      1648     1206     866      348      1218     684      436      804      911      1688     888      1131     734      910      550      1722     1101     957      834      259      1525     1521     1548     896      1629     778      
11       189      1202     702      730      1325     777      355      1022     1417     778      989      0        445      449      531      679      861      194      799      783      511      575      573      103      733      855      142      1127     1230     862      899      809      1313     347      1239     891      532      564      702      1266     1407     
12       258      1307     640      1146     937      490      620      626      1049     476      893      445      0        705      538      858      452      267      868      403      759      630      156      354      872      1152     508      746      817      1025     833      379      900      683      1150     647      843      804      259      893      1058     
13       508      765      466      935      1642     740      96       1070     1374     1151     704      449      705      0        328      1109     1156     476      410      1107     62       284      753      441      1171     447      575      1135     1283     417      1345     1075     1359     142      914      1294     913      982      902      1599     1338     
14       463      769      173      1188     1430     417      313      754      1046     1014     458      531      538      328      0        1198     952      426      331      928      345      96       520      458      1242     705      673      810      965      499      1321     857      1037     421      708      1183     1063     1093     660      1401     1011     
15       749      1874     1361     664      1305     1337     1022     1469     1899     775      1648     679      858      1109     1198     0        1010     783      1478     904      1168     1252     1012     740      84       1447     539      1595     1638     1527     466      1031     1718     981      1904     734      268      139      1064     1219     1914     
16       691      1701     1010     1482     485      725      1072     617      1015     257      1206     861      452      1156     952      1010     0        710      1271     105      1209     1049     432      787      983      1603     878      740      707      1451     752      105      775      1134     1441     414      1106     1017     310      449      1059     
17       37       1168     581      923      1189     594      383      828      1227     675      866      194      267      476      426      783      710      0        738      646      536      496      382      92       821      920      302      934      1036     850      904      645      1119     427      1123     818      688      690      517      1138     1220     
18       776      438      279      1344     1741     636      472      968      1156     1345     348      799      868      410      331      1478     1271     738      0        1254     372      243      839      749      1531     543      939      988      1160     223      1642     1172     1220     552      513      1514     1307     1360     969      1718     1100     
19       623      1689     1003     1384     543      747      1019     684      1096     165      1218     783      403      1107     928      904      105      646      1254     0        1162     1023     420      716      879      1554     789      811      793      1423     660      158      865      1073     1460     341      1004     912      327      493      1135     
20       569      708      465      972      1694     762      158      1097     1386     1209     684      511      759      62       345      1168     1209     536      372      1162     0        285      799      503      1231     394      636      1156     1309     358      1407     1125     1382     192      883      1355     969      1040     948      1653     1346     
21       534      680      181      1191     1527     493      299      833      1101     1106     436      575      630      284      96       1252     1049     496      243      1023     285      0        617      515      1301     620      718      881      1040     402      1399     954      1111     402      671      1273     1100     1140     756      1498     1060     
22       384      1271     582      1291     910      359      679      470      893      537      804      573      156      753      520      1012     432      382      839      420      799      617      0        474      1022     1191     654      589      665      1020     952      336      749      759      1054     721      999      960      149      881      902      
23       96       1168     623      834      1260     675      345      919      1313     729      911      103      354      441      458      740      787      92       749      716      503      515      474      0        786      873      227      1023     1127     837      909      727      1210     368      1165     860      620      636      607      1206     1304     
24       786      1933     1402     747      1252     1357     1082     1471     1901     740      1688     733      872      1171     1242     84       983      821      1531     879      1231     1301     1022     786      0        1521     597      1597     1631     1589     391      1013     1710     1047     1945     682      352      221      1062     1165     1920     
25       950      602      770      1074     2088     1112     537      1453     1690     1595     888      855      1152     447      705      1447     1603     920      543      1554     394      620      1191     873      1521     0        954      1495     1659     346      1750     1519     1727     508      1001     1733     1210     1310     1340     2046     1638     
26       282      1336     844      637      1319     897      485      1118     1525     753      1131     142      508      575      673      539      878      302      939      789      636      718      654      227      597      954      0        1229     1319     992      797      841      1402     457      1381     840      393      422      767      1252     1521     
27       948      1318     726      1857     1027     394      1099     128      304      975      734      1127     746      1135     810      1595     740      934      988      811      1156     881      589      1023     1597     1495     1229     0        176      1211     1461     653      232      1202     883      1150     1587     1549     537      1052     326      
28       1044     1495     894      1955     914      548      1240     215      317      959      910      1230     817      1283     965      1638     707      1036     1160     793      1309     1040     665      1127     1631     1659     1319     176      0        1382     1454     638      83       1340     1053     1121     1658     1606     576      951      378      
29       886      351      494      1291     1929     853      507      1189     1377     1498     550      862      1025     417      499      1527     1451     850      223      1423     358      402      1020     837      1589     346      992      1211     1382     0        1747     1356     1444     549      656      1658     1326     1399     1158     1900     1319     
30       866      2072     1455     1124     904      1312     1249     1332     1753     495      1722     899      833      1345     1321     466      752      904      1642     660      1407     1399     952      909      391      1750     797      1461     1454     1747     0        816      1525     1246     1980     360      709      571      935      814      1787     
31       631      1600     908      1462     573      620      994      527      938      323      1101     809      379      1075     857      1031     105      645      1172     158      1125     954      336      727      1013     1519     841      653      638      1356     816      0        711      1062     1335     497      1103     1024     206      545      977      
32       1127     1541     959      2038     947      620      1317     295      276      1029     957      1313     900      1359     1037     1718     775      1119     1220     865      1382     1111     749      1210     1710     1727     1402     232      83       1444     1525     711      0        1418     1083     1187     1741     1688     658      991      350      
33       453      900      579      797      1616     810      108      1125     1458     1097     834      347      683      142      421      981      1134     427      552      1073     192      402      759      368      1047     508      457      1202     1340     549      1246     1062     1418     0        1052     1227     777      851      907      1566     1428     
34       1159     536      542      1849     1849     715      959      933      909      1591     259      1239     1150     914      708      1904     1441     1123     513      1460     883      671      1054     1165     1945     1001     1381     883      1053     656      1980     1335     1083     1052     0        1775     1769     1801     1135     1851     831      
35       785      1953     1286     1331     570      1071     1199     1025     1430     185      1525     891      647      1294     1183     734      414      818      1514     341      1355     1273     721      860      682      1733     840      1150     1121     1658     360      497      1187     1227     1775     0        915      793      659      484      1472     
36       662      1677     1234     420      1470     1279     837      1469     1889     907      1521     532      843      913      1063     268      1106     688      1307     1004     969      1100     999      620      352      1210     393      1587     1658     1326     709      1103     1741     777      1769     915      0        137      1085     1389     1892     
37       659      1747     1260     554      1355     1266     898      1427     1853     802      1548     564      804      982      1093     139      1017     690      1360     912      1040     1140     960      636      221      1310     422      1549     1606     1399     571      1024     1688     851      1801     793      137      0        1030     1273     1862     
38       513      1394     702      1404     772      420      828      409      839      474      896      702      259      902      660      1064     310      517      969      327      948      756      149      607      1062     1340     767      537      576      1158     935      206      658      907      1135     659      1085     1030     0        750      862      
39       1114     2145     1453     1799     90       1145     1512     952      1265     501      1629     1266     893      1599     1401     1219     449      1138     1718     493      1653     1498     881      1206     1165     2046     1252     1052     951      1900     814      545      991      1566     1851     484      1389     1273     750      0        1330     
40       1239     1340     884      2136     1292     634      1321     455      85       1300     778      1407     1058     1338     1011     1914     1059     1220     1100     1135     1346     1060     902      1304     1920     1638     1521     326      378      1319     1787     977      350      1428     831      1472     1892     1862     862      1330     0        
;



Table delta(i,j)                 Distance
         0        1        2        3        4        5        6        7        8        9        10       11       12       13       14       15       16       17       18       19       20       21       22       23       24       25       26       27       28       29       30       31       32       33       34       35       36       37       38       39       40       
0        0        5790     9700     11610    7670     8120     5480     11330    10800    4340     3820     6390     10730    4420     9490     5250     1700     1510     650      2620     12220    8030     4500     10820    11200    3490     4660     6610     1390     9070     4290     1720     2970     7480     10480    7110     840      2890     7070     2370     9430     
1        5790     0        493      939      261      921      612      914      912      683      336      821      509      138      576      481      533      651      621      377      1032     228      884      688      544      601      732      119      699      375      660      553      776      825      885      326      627      579      128      407      370      
2        9700     493      0        585      232      872      676      567      615      843      598      870      272      597      192      564      982      1082     988      711      687      336      1100     231      376      810      881      374      1051     155      819      1002     1053     785      601      264      1039     825      433      739      473      
3        11610    939      585      0        726      579      636      27       115      814      811      698      848      976      402      636      1253     1308     1144     926      102      881      1047     376      951      850      822      841      1174     729      801      1270     1084     548      138      614      1245     899      942      939      1050     
4        7670     261      232      726      0        853      590      703      722      724      420      803      323      368      334      457      761      867      793      518      825      161      967      434      399      669      769      142      863      140      699      781      893      757      700      154      830      670      219      548      357      
5        8120     921      872      579      853      0        317      561      464      378      620      179      1127     872      704      440      959      960      768      677      578      1003     524      787      1224     465      354      884      762      945      382      969      615      96       442      699      890      524      998      670      1205     
6        5480     612      676      636      590      317      0        609      542      188      302      214      897      555      556      136      673      699      520      367      683      725      446      675      985      215      214      592      541      707      170      687      452      228      511      446      632      267      701      366      925      
7        11330    914      567      27       703      561      609      0        99       788      784      676      832      949      382      609      1225     1280     1117     898      122      858      1023     363      936      823      798      816      1147     709      775      1242     1058     526      118      588      1217     872      918      911      1030     
8        10800    912      615      115      722      464      542      99       0        714      746      587      885      933      423      560      1182     1228     1058     855      142      882      939      431      989      757      719      823      1083     746      702      1198     984      435      31       593      1164     809      930      866      1063     
9        4340     683      843      814      724      378      188      788      714      0        346      204      1043     591      738      279      587      581      389      347      853      838      261      860      1123     97       49       693      388      852      24       596      270      322      684      595      512      152      792      330      1030     
10       3820     336      598      811      420      620      302      784      746      346      0        497      743      255      566      198      443      514      391      121      885      506      559      699      809      267      396      357      453      560      323      461      474      530      716      334      459      255      448      145      690      
11       6390     821      870      698      803      179      214      676      587      204      497      0        1104     752      727      351      791      785      592      530      716      940      358      832      1194     297      176      806      583      914      213      801      437      153      560      655      715      355      915      519      1139     
12       10730    509      272      848      323      1127     897      832      885      1043     743      1104     0        643      464      770      1042     1158     1105     834      949      281      1289     476      104      992      1087     412      1178     191      1018     1062     1216     1037     873      451      1129     994      394      865      283      
13       4420     138      597      976      368      872      555      949      933      591      255      752      643      0        646      436      399      514      485      259      1063     365      769      769      682      501      640      236      564      497      569      419      652      779      904      384      488      470      265      286      503      
14       9490     576      192      402      334      704      556      382      423      738      566      727      464      646      0        470      994      1078     954      688      504      481      999      133      568      725      769      464      1006     326      716      1013     977      623      409      262      1026     754      554      711      647      
15       5250     481      564      636      457      440      136      609      560      279      198      351      770      436      470      0        621      671      512      295      702      589      537      598      854      255      319      455      552      579      255      637      506      346      529      319      608      286      565      305      788      
16       1700     533      982      1253     761      959      673      1225     1182     587      443      791      1042     399      994      621      0        126      234      327      1323     762      620      1125     1074     494      623      635      298      895      578      20       466      887      1151     739      139      436      654      316      872      
17       1510     651      1082     1308     867      960      699      1280     1228     581      514      785      1158     514      1078     671      126      0        193      392      1371     879      561      1211     1194     499      610      748      227      1004     578      110      406      898      1197     831      69       440      774      372      997      
18       650      621      988      1144     793      768      520      1117     1058     389      391      592      1105     485      954      512      234      193      0        277      1200     840      386      1087     1157     312      417      695      80       934      387      235      232      709      1027     726      124      254      749      248      989      
19       2620     377      711      926      518      677      367      898      855      347      121      530      834      259      688      295      327      392      277      0        995      579      510      821      893      251      395      430      345      659      328      344      398      593      824      450      338      213      502      30       747      
20       12220    1032     687      102      825      578      683      122      142      853      885      716      949      1063     504      702      1323     1371     1200     995      0        981      1072     476      1052     898      855      937      1225     831      842      1339     1123     563      173      708      1306     951      1040     1007     1152     
21       8030     228      336      881      161      1003     725      858      882      838      506      940      281      365      481      589      762      879      840      579      981      0        1065     562      317      771      886      149      916      186      813      781      974      907      861      311      854      761      115      610      201      
22       4500     884      1100     1047     967      524      446      1023     939      261      559      358      1289     769      999      537      620      561      386      510      1072     1065     0        1121     1364     297      233      916      333      1100     283      621      155      510      911      847      499      305      1004     483      1247     
23       10820    688      231      376      434      787      675      363      431      860      699      832      476      769      133      598      1125     1211     1087     821      476      562      1121     0        578      853      889      572      1139     386      839      1145     1105     715      427      388      1159     884      650      844      703      
24       11200    544      376      951      399      1224     985      936      989      1123     809      1194     104      682      568      854      1074     1194     1157     893      1052     317      1364     578      0        1066     1168     462      1232     280      1098     1094     1283     1132     977      538      1170     1063     419      923      246      
25       3490     601      810      850      669      465      215      823      757      97       267      297      992      501      725      255      494      499      312      251      898      771      297      853      1066     0        144      623      326      803      84       505      251      398      726      552      430      59       715      233      957      
26       4660     732      881      822      769      354      214      798      719      49       396      176      1087     640      769      319      623      610      417      395      855      886      233      889      1168     144      0        741      407      896      73       631      270      309      689      637      541      194      841      377      1078     
27       6610     119      374      841      142      884      592      816      823      693      357      806      412      236      464      455      635      748      695      430      937      149      916      572      462      623      741      0        770      261      669      655      824      788      798      229      717      612      115      461      337      
28       1390     699      1051     1174     863      762      541      1147     1083     388      453      583      1178     564      1006     552      298      227      80       345      1225     916      333      1139     1232     326      407      770      0        1004     392      295      178      711      1052     787      167      275      827      315      1067     
29       9070     375      155      729      140      945      707      709      746      852      560      914      191      497      326      579      895      1004     934      659      831      186      1100     386      280      803      896      261      1004     0        828      915      1032     853      729      260      968      807      292      689      322      
30       4290     660      819      801      699      382      170      775      702      24       323      213      1018     569      716      255      578      578      387      328      842      813      283      839      1098     84       73       669      392      828      0        588      283      321      672      570      509      142      768      312      1005     
31       1720     553      1002     1270     781      969      687      1242     1198     596      461      801      1062     419      1013     637      20       110      235      344      1339     781      621      1145     1094     505      631      655      295      915      588      0        466      899      1167     759      132      445      674      332      891      
32       2970     776      1053     1084     893      615      452      1058     984      270      474      437      1216     652      977      506      466      406      232      398      1123     974      155      1105     1283     251      270      824      178      1032     283      466      0        579      954      791      344      227      901      368      1145     
33       7480     825      785      548      757      96       228      526      435      322      530      153      1037     779      623      346      887      898      709      593      563      907      510      715      1132     398      309      788      711      853      321      899      579      0        409      604      829      458      901      589      1109     
34       10480    885      601      138      700      442      511      118      31       684      716      560      873      904      409      529      1151     1197     1027     824      173      861      911      427      977      726      689      798      1052     729      672      1167     954      409      0        568      1132     777      907      835      1044     
35       7110     326      264      614      154      699      446      588      593      595      334      655      451      384      262      319      739      831      726      450      708      311      847      388      538      552      637      229      787      260      570      759      791      604      568      0        784      563      339      477      510      
36       840      627      1039     1245     830      890      632      1217     1164     512      459      715      1129     488      1026     608      139      69       124      338      1306     854      499      1159     1170     430      541      717      167      968      509      132      344      829      1132     784      0        371      753      316      982      
37       2890     579      825      899      670      524      267      872      809      152      255      355      994      470      754      286      436      440      254      213      951      761      305      884      1063     59       194      612      275      807      142      445      227      458      777      563      371      0        698      190      942      
38       7070     128      433      942      219      998      701      918      930      792      448      915      394      265      554      565      654      774      749      502      1040     115      1004     650      419      715      841      115      827      292      768      674      901      901      907      339      753      698      0        532      244      
39       2370     407      739      939      548      670      366      911      866      330      145      519      865      286      711      305      316      372      248      30       1007     610      483      844      923      233      377      461      315      689      312      332      368      589      835      477      316      190      532      0        777      
40       9430     370      473      1050     357      1205     925      1030     1063     1030     690      1139     283      503      647      788      872      997      989      747      1152     201      1247     703      246      957      1078     337      1067     322      1005     891      1145     1109     1044     510      982      942      244      777      0        
;

