

sets
i        orders          /0*40/
k        routes          /1*40/
p        positions       /0*40/
;

alias(i,j)
alias(i,h)
alias(i,hh)
alias(i,jj)
alias(k,kk)
                            Parameters

rho(i)	Processing time
/
0	0
1	77
2	96
3	73
4	93
5	88
6	68
7	20
8	39
9	77
10	45
11	99
12	90
13	57
14	17
15	72
16	63
17	68
18	46
19	52
20	37
21	97
22	6
23	97
24	34
25	11
26	33
27	24
28	73
29	3
30	23
31	92
32	67
33	65
34	72
35	5
36	69
37	53
38	18
39	70
40	25
/

gamma(i)	Duedate
/
0	0
1	7
2	56
3	27
4	81
5	5
6	31
7	56
8	48
9	48
10	99
11	7
12	61
13	63
14	73
15	92
16	18
17	56
18	95
19	28
20	73
21	16
22	59
23	90
24	35
25	10
26	89
27	63
28	13
29	8
30	6
31	48
32	94
33	58
34	90
35	60
36	82
37	8
38	7
39	34
40	32
/

sigma(i)	Size
/
0	0
1	5
2	6
3	6
4	5
5	4
6	7
7	4
8	7
9	3
10	8
11	9
12	9
13	6
14	2
15	5
16	7
17	7
18	8
19	8
20	5
21	8
22	1
23	2
24	7
25	3
26	8
27	3
28	9
29	3
30	3
31	5
32	3
33	2
34	1
35	5
36	6
37	6
38	9
39	6
40	4
/

epsilon(i)	Priority
/
0	0
1	7
2	1
3	4
4	5
5	5
6	4
7	3
8	4
9	6
10	5
11	7
12	3
13	6
14	1
15	5
16	4
17	5
18	5
19	8
20	9
21	8
22	7
23	3
24	6
25	5
26	5
27	4
28	9
29	5
30	6
31	7
32	1
33	2
34	8
35	7
36	2
37	5
38	9
39	9
40	7
/

psi	Vehicle Capacity
/ 51 /
;

Table kappa(i,j)                 Setup
         0        1        2        3        4        5        6        7        8        9        10       11       12       13       14       15       16       17       18       19       20       21       22       23       24       25       26       27       28       29       30       31       32       33       34       35       36       37       38       39       40       
0        0        1001     681      1297     1025     201      720      1286     759      1436     696      1604     502      1163     709      1108     1296     1152     331      1251     666      1351     324      450      1225     808      911      1432     930      1147     1614     1098     904      1438     1277     307      856      1393     1077     1025     950      
1        1001     0        678      717      764      1061     976      310      578      1234     1438     2111     1157     1304     701      276      1910     1374     876      577      1325     852      903      1439     231      1009     1716     1442     1767     193      903      1757     552      1189     575      1230     1597     1797     1758     913      1330     
2        681      678      0        1308     1198     604      1143     838      120      1693     1350     2213     546      1586     37       924      1933     1615     375      1194     1288     1420     395      1104     891      1216     1587     1806     1610     871      1553     1742     256      1668     654      746      1516     1955     1727     1288     1473     
3        1297     717      1308     0        349      1446     801      875      1238     590      1375     1734     1654     857      1340     446      1639     959      1350     150      1239     142      1372     1625     662      765      1638     871      1709     579      326      1550     1251     530      1270     1597     1489     1398     1568     486      1042     
4        1025     764      1198     349      0        1197     453      1014     1157     497      1027     1436     1443     571      1234     564      1310     660      1146     409      891      342      1165     1307     813      416      1289     678      1360     707      666      1208     1211     470      1338     1333     1140     1103     1224     165      705      
5        201      1061     604      1446     1197     0        918      1320     703      1625     866      1785     303      1364     624      1209     1468     1353     229      1385     853      1512     208      508      1291     1006     1054     1631     1060     1225     1755     1267     851      1624     1244     169      1019     1586     1243     1211     1150     
6        720      976      1143     801      453      918      0        1277     1148     734      573      1139     1207     456      1180     885      937      473      951      837      438      788      961      894      1113     88       840      714      910      1004     1120     800      1250     748      1494     1016     695      840      808      364      358      
7        1286     310      838      875      1014     1320     1277     0        720      1445     1748     2405     1368     1576     850      453      2214     1653     1115     724      1635     1017     1142     1731     212      1304     2026     1685     2076     309      960      2064     630      1392     435      1487     1906     2085     2066     1173     1627     
8        759      578      120      1238     1157     703      1148     720      0        1655     1404     2245     666      1580     129      836      1976     1617     474      1117     1333     1356     497      1194     784      1217     1651     1788     1679     771      1469     1790     147      1626     542      853      1572     1976     1777     1261     1490     
9        1436     1234     1693     590      497      1625     734      1445     1655     0        1206     1252     1895     452      1729     995      1250     555      1610     733      1082     457      1626     1619     1233     650      1411     313      1490     1138     741      1225     1707     67       1809     1740     1260     928      1255     419      749      
10       696      1438     1350     1375     1027     866      573      1748     1404     1206     0        922      1160     783      1382     1414     602      712      1026     1406     135      1356     1020     526      1616     617      280      1053     341      1512     1693     402      1539     1241     1867     865      168      767      381      919      476      
11       1604     2111     2213     1734     1436     1785     1139     2405     2245     1252     922      0        2082     877      2248     1981     341      777      1926     1836     938      1641     1924     1416     2224     1102     827      945      875      2114     1973     536      2363     1318     2633     1786     789      335      571      1271     782      
12       502      1157     546      1654     1443     303      1207     1368     666      1895     1160     2082     0        1658     548      1355     1760     1652     305      1574     1154     1737     282      739      1386     1294     1327     1921     1324     1341     1946     1558     798      1888     1193     318      1307     1889     1532     1476     1452     
13       1163     1304     1586     857      571      1364     456      1576     1580     452      783      877      1658     0        1623     1133     813      108      1408     962      671      769      1417     1247     1381     373      965      279      1045     1273     1109     773      1668     503      1864     1446     817      541      803      406      309      
14       709      701      37       1340     1234     624      1180     850      129      1729     1382     2248     548      1623     0        952      1967     1652     396      1225     1322     1453     416      1127     911      1254     1617     1844     1639     894      1582     1775     250      1704     646      762      1548     1991     1760     1325     1509     
15       1108     276      924      446      564      1209     885      453      836      995      1414     1981     1355     1133     952      0        1818     1216     1057     302      1288     585      1083     1515     249      895      1693     1231     1753     144      632      1685     825      944      825      1374     1560     1655     1693     727      1216     
16       1296     1910     1933     1639     1310     1468     937      2214     1976     1250     602      341      1760     813      1967     1818     0        704      1624     1719     644      1570     1620     1078     2050     923      486      977      536      1940     1915     202      2102     1308     2400     1458     455      384      232      1155     606      
17       1152     1374     1615     959      660      1353     473      1653     1617     555      712      777      1652     108      1652     1216     704      0        1414     1059     610      875      1422     1197     1463     400      874      342      954      1354     1216     670      1712     608      1926     1424     729      443      701      495      237      
18       331      876      375      1350     1146     229      951      1115     474      1610     1026     1926     305      1408     396      1057     1624     1414     0        1269     987      1433     27       730      1107     1036     1241     1660     1257     1053     1641     1427     621      1600     1015     383      1188     1698     1407     1191     1235     
19       1251     577      1194     150      409      1385     837      724      1117     733      1406     1836     1574     962      1225     302      1719     1059     1269     0        1273     292      1293     1609     511      816      1677     1003     1746     430      372      1615     1120     675      1122     1542     1533     1502     1630     568      1115     
20       666      1325     1288     1239     891      853      438      1635     1333     1082     135      938      1154     671      1322     1288     644      610      987      1273     0        1220     985      591      1496     482      407      947      473      1391     1557     457      1462     1114     1775     878      272      737      447      784      372      
21       1351     852      1420     142      342      1512     788      1017     1356     457      1356     1641     1737     769      1453     585      1570     875      1433     292      1220     0        1455     1649     804      738      1609     750      1683     720      346      1496     1377     394      1410     1656     1458     1306     1517     440      986      
22       324      903      395      1372     1165     208      961      1142     497      1626     1020     1924     282      1417     416      1083     1620     1422     27       1293     985      1455     0        712      1135     1047     1231     1671     1245     1080     1665     1421     644      1616     1039     358      1181     1700     1401     1207     1239     
23       450      1439     1104     1625     1307     508      894      1731     1194     1619     526      1416     739      1247     1127     1515     1078     1197     730      1609     591      1649     712      0        1657     971      609      1527     593      1571     1951     880      1342     1639     1723     420      628      1292     846      1254     961      
24       1225     231      891      662      813      1291     1113     212      784      1233     1616     2224     1386     1381     911      249      2050     1463     1107     511      1496     804      1135     1657     0        1130     1896     1478     1951     110      766      1910     729      1179     626      1460     1769     1900     1915     976      1453     
25       808      1009     1216     765      416      1006     88       1304     1217     650      617      1102     1294     373      1254     895      923      400      1036     816      482      738      1047     971      1130     0        873      626      946      1020     1077     801      1313     667      1542     1104     724      791      814      302      323      
26       911      1716     1587     1638     1289     1054     840      2026     1651     1411     280      827      1327     965      1617     1693     486      874      1241     1677     407      1609     1231     609      1896     873      0        1212     80       1792     1950     305      1790     1453     2131     1013     152      780      265      1168     661      
27       1432     1442     1806     871      678      1631     714      1685     1788     313      1053     945      1921     279      1844     1231     977      342      1660     1003     947      750      1671     1527     1478     626      1212     0        1292     1376     1053     984      1862     381      2015     1720     1070     629      1019     536      577      
28       930      1767     1610     1709     1360     1060     910      2076     1679     1490     341      875      1324     1045     1639     1753     536      954      1257     1746     473      1683     1245     593      1951     946      80       1292     0        1849     2024     369      1820     1532     2168     1007     230      849      327      1243     741      
29       1147     193      871      579      707      1225     1004     309      771      1138     1512     2114     1341     1273     894      144      1940     1354     1053     430      1391     720      1080     1571     110      1020     1792     1376     1849     0        723      1801     737      1086     692      1394     1664     1790     1807     868      1343     
30       1614     903      1553     326      666      1755     1120     960      1469     741      1693     1973     1946     1109     1582     632      1915     1216     1641     372      1557     346      1665     1951     766      1077     1950     1053     2024     723      0        1842     1455     673      1391     1910     1800     1640     1864     784      1332     
31       1098     1757     1742     1550     1208     1267     800      2064     1790     1225     402      536      1558     773      1775     1685     202      670      1427     1615     457      1496     1421     880      1910     801      305      984      369      1801     1842     0        1919     1276     2228     1256     253      481      42       1064     510      
32       904      552      256      1251     1211     851      1250     630      147      1707     1539     2363     798      1668     250      825      2102     1712     621      1120     1462     1377     644      1342     729      1313     1790     1862     1820     737      1455     1919     0        1673     398      1000     1707     2085     1908     1328     1599     
33       1438     1189     1668     530      470      1624     748      1392     1626     67       1241     1318     1888     503      1704     944      1308     608      1600     675      1114     394      1616     1639     1179     667      1453     381      1532     1086     673      1276     1673     0        1762     1744     1302     991      1305     413      792      
34       1277     575      654      1270     1338     1244     1494     435      542      1809     1867     2633     1193     1864     646      825      2400     1926     1015     1122     1775     1410     1039     1723     626      1542     2131     2015     2168     692      1391     2228     398      1762     0        1396     2034     2333     2222     1482     1852     
35       307      1230     746      1597     1333     169      1016     1487     853      1740     865      1786     318      1446     762      1374     1458     1424     383      1542     878      1656     358      420      1460     1104     1013     1720     1007     1394     1910     1256     1000     1744     1396     0        1002     1615     1227     1332     1207     
36       856      1597     1516     1489     1140     1019     695      1906     1572     1260     168      789      1307     817      1548     1560     455      729      1188     1533     272      1458     1181     628      1769     724      152      1070     230      1664     1800     253      1707     1302     2034     1002     0        683      225      1017     511      
37       1393     1797     1955     1398     1103     1586     840      2085     1976     928      767      335      1889     541      1991     1655     384      443      1698     1502     737      1306     1700     1292     1900     791      780      629      849      1790     1640     481      2085     991      2333     1615     683      0        523      938      486      
38       1077     1758     1727     1568     1224     1243     808      2066     1777     1255     381      571      1532     803      1760     1693     232      701      1407     1630     447      1517     1401     846      1915     814      265      1019     327      1807     1864     42       1908     1305     2222     1227     225      523      0        1082     531      
39       1025     913      1288     486      165      1211     364      1173     1261     419      919      1271     1476     406      1325     727      1155     495      1191     568      784      440      1207     1254     976      302      1168     536      1243     868      784      1064     1328     413      1482     1332     1017     938      1082     0        555      
40       950      1330     1473     1042     705      1150     358      1627     1490     749      476      782      1452     309      1509     1216     606      237      1235     1115     372      986      1239     961      1453     323      661      577      741      1343     1332     510      1599     792      1852     1207     511      486      531      555      0        
;



Table delta(i,j)                 Distance
         0        1        2        3        4        5        6        7        8        9        10       11       12       13       14       15       16       17       18       19       20       21       22       23       24       25       26       27       28       29       30       31       32       33       34       35       36       37       38       39       40       
0        0        6010     3040     7220     4000     8870     3760     6910     2430     10380    10340    10000    6750     5630     8260     7260     8080     7870     7620     9860     9060     6060     880      8560     3690     3890     7940     9970     9270     10020    3520     8130     8030     1690     6790     2170     3720     5110     3920     8950     2590     
1        6010     0        424      592      834      398      294      1041     440      778      679      449      238      1000     322      170      814      760      1143     793      444      170      516      260      496      721      795      627      393      590      908      264      327      728      876      814      239      173      725      733      555      
2        3040     424      0        802      410      799      368      964      62       1080     1028     739      596      856      558      493      957      920      1046     1058     834      356      230      640      507      635      940      981      662      963      657      683      528      353      898      462      203      273      303      975      132      
3        7220     592      802      0        1112     450      434      653      767      321      371      984      383      714      903      748      236      177      756      264      418      753      692      756      354      484      219      358      951      403      808      521      915      891      410      905      629      708      1063     175      879      
4        4000     834      410      1112     0        1197     715      1036     399      1420     1395     1115     988      879      933      894      1209     1187     1085     1377     1227     755      420      1044     765      775      1195     1353     1036     1345     602      1089     896      252      1069     325      604      680      136      1287     279      
5        8870     398      799      450      1197     0        511      1079     798      460      317      610      213      1103     598      469      678      620      1185     520      57       555      818      396      615      831      663      265      605      208      1112     150      627      1044     851      1104     596      571      1103     500      920      
6        3760     294      368      434      715      511      0        752      339      715      679      743      299      705      601      459      608      565      852      689      530      395      310      550      208      427      590      637      683      633      631      447      596      536      609      592      203      318      646      606      458      
7        6910     1041     964      653      1036     1079     752      0        904      905      1010     1490     937      175      1353     1210     505      542      106      801      1059     1143     741      1282     545      336      508      1007     1434     1056     454      1104     1347     789      251      716      916      1058     1070     727      950      
8        2430     440      62       767      399      798      339      904      0        1055     1011     784      591      794      604      527      913      878      984      1027     830      394      167      671      458      576      896      966      708      953      596      691      576      306      843      411      205      304      309      942      122      
9        10380    778      1080     321      1420     460      715      905      1055     0        168      1071     539      999      1042     899      401      363      999      109      405      948      1000     852      673      797      397      207      1061     279      1125     597      1066     1208     654      1226     888      930      1360     179      1173     
10       10340    679      1028     371      1395     317      679      1010     1011     168      0        925      446      1084     914      779      524      475      1110     263      260      847      983      714      688      852      515      53       922      116      1171     464      942      1202     760      1236     827      843      1321     297      1133     
11       10000    449      739      984      1115     610      743      1490     784      1071     925      0        601      1448     183      285      1219     1161     1592     1122     667      394      912      227      945      1170     1201     873      79       810      1334     479      219      1090     1315     1194     632      489      983      1087     865      
12       6750     238      596      383      988      213      299      937      591      539      446      601      0        936      525      372      618      560      1043     558      239      409      604      374      428      656      600      395      568      368      914      168      542      831      733      892      392      397      898      504      713      
13       5630     1000     856      714      879      1103     705      175      794      999      1084     1448     936      0        1297     1163     616      640      206      903      1091     1079     626      1253     513      282      614      1072     1386     1113     284      1104     1286     638      362      555      841      988      925      820      822      
14       8260     322      558      903      933      598      601      1353     604      1042     914      183      525      1297     0        154      1131     1075     1452     1077     654      221      738      213      808      1025     1113     861      104      806      1166     449      43       910      1197     1015     464      317      801      1029     682      
15       7260     170      493      748      894      469      459      1210     527      899      779      285      372      1163     154      0        976      921      1311     929      524      139      638      151      664      886      958      726      224      677      1053     319      169      831      1046     928      354      222      771      877      624      
16       8080     814      957      236      1209     678      608      505      913      401      524      1219     618      616      1131     976      0        59       598      296      640      967      802      991      456      471      18       532      1184     592      789      757      1141     967      257      953      811      911      1184     228      1011     
17       7870     760      920      177      1187     620      565      542      878      363      475      1161     560      640      1075     921      59       0        638      263      582      916      775      934      426      470      44       480      1127     538      794      698      1086     950      291      942      767      862      1157     185      980      
18       7620     1143     1046     756      1085     1185     852      106      984      999      1110     1592     1043     206      1452     1311     598      638      0        894      1164     1240     818      1386     647      429      602      1108     1535     1159     487      1210     1445     843      350      761      1009     1153     1130     823      1021     
19       9860     793      1058     264      1377     520      689      801      1027     109      263      1122     558      903      1077     929      296      263      894      0        468      963      956      898      617      716      293      292      1106     363      1044     643      1098     1155     552      1164     875      933      1326     92       1141     
20       9060     444      834      418      1227     57       530      1059     830      405      260      667      239      1091     654      524      640      582      1164     468      0        604      839      453      615      824      626      208      662      152      1114     205      683      1065     825      1121     630      616      1137     453      953      
21       6060     170      356      753      755      555      395      1143     394      948      847      394      409      1079     221      139      967      916      1240     963      604      0        518      290      603      811      949      794      320      754      945      410      206      700      1002     801      243      96       632      900      487      
22       880      516      230      692      420      818      310      741      167      1000     983      912      604      626      738      638      802      775      818      956      839      518      0        769      348      420      786      944      839      943      435      736      716      226      700      298      285      423      382      867      218      
23       8560     260      640      756      1044     396      550      1282     671      852      714      227      374      1253     213      151      991      934      1386     898      453      290      769      0        742      972      974      661      209      602      1168     255      251      972      1097     1064     485      367      922      860      773      
24       3690     496      507      354      765      615      208      545      458      673      688      945      428      513      808      664      456      426      647      617      615      603      348      742      0        231      440      658      889      677      499      595      804      538      407      553      392      523      730      525      554      
25       3890     721      635      484      775      831      427      336      576      797      852      1170     656      282      1025     886      471      470      429      716      824      811      420      972      231      0        461      832      1110     863      327      824      1016     524      293      490      580      723      781      625      637      
26       7940     795      940      219      1195     663      590      508      896      397      515      1201     600      614      1113     958      18       44       602      293      626      949      786      974      440      461      0        522      1166     581      781      741      1122     954      258      941      793      892      1169     221      995      
27       9970     627      981      358      1353     265      637      1007     966      207      53       873      395      1072     861      726      532      480      1108     292      208      794      944      661      658      832      522      0        870      72       1148     411      889      1165     758      1202     779      792      1276     311      1089     
28       9270     393      662      951      1036     605      683      1434     708      1061     922      79       568      1386     104      224      1184     1127     1535     1106     662      320      839      209      889      1110     1166     870      0        810      1264     464      140      1014     1267     1118     561      416      904      1065     786      
29       10020    590      963      403      1345     208      633      1056     953      279      116      810      368      1113     806      677      592      538      1159     363      152      754      943      602      677      863      581      72       810      0        1173     358      836      1167     811      1211     760      760      1262     377      1076     
30       3520     908      657      808      602      1112     631      454      596      1125     1171     1334     914      284      1166     1053     789      794      487      1044     1114     945      435      1168     499      327      781      1148     1264     1173     0        1074     1147     374      569      277      703      849      663      953      591      
31       8130     264      683      521      1089     150      447      1104     691      597      464      479      168      1104     449      319      757      698      1210     643      205      410      736      255      595      824      741      411      464      358      1074     0        478      959      894      1031     485      437      986      609      810      
32       8030     327      528      915      896      627      596      1347     576      1066     942      219      542      1286     43       169      1141     1086     1445     1098     683      206      716      251      804      1016     1122     889      140      836      1147     478      0        881      1198     987      448      300      764      1046     649      
33       1690     728      353      891      252      1044     536      789      306      1208     1202     1090     831      638      910      831      967      950      843      1155     1065     700      226      972      538      524      954      1165     1014     1167     374      959      881      0        818      116      490      609      289      1063     246      
34       6790     876      898      410      1069     851      609      251      843      654      760      1315     733      362      1197     1046     257      291      350      552      825      1002     700      1097     407      293      258      758      1267     811      569      894      1198     818      0        777      800      927      1071     476      919      
35       2170     814      462      905      325      1104     592      716      411      1226     1236     1194     892      555      1015     928      953      942      761      1164     1121     801      298      1064     553      490      941      1202     1118     1211     277      1031     987      116      777      0        579      707      392      1072     361      
36       3720     239      203      629      604      596      203      916      205      888      827      632      392      841      464      354      811      767      1009     875      630      243      285      485      392      580      793      779      561      760      703      485      448      490      800      579      0        148      506      797      325      
37       5110     173      273      708      680      571      318      1058     304      930      843      489      397      988      317      222      911      862      1153     933      616      96       423      367      523      723      892      792      416      760      849      437      300      609      927      707      148      0        563      864      405      
38       3920     725      303      1063     136      1103     646      1070     309      1360     1321     983      898      925      801      771      1184     1157     1130     1326     1137     632      382      922      730      781      1169     1276     904      1262     663      986      764      289      1071     392      506      563      0        1239     188      
39       8950     733      975      175      1287     500      606      727      942      179      297      1087     504      820      1029     877      228      185      823      92       453      900      867      860      525      625      221      311      1065     377      953      609      1046     1063     476      1072     797      864      1239     0        1054     
40       2590     555      132      879      279      920      458      950      122      1173     1133     865      713      822      682      624      1011     980      1021     1141     953      487      218      773      554      637      995      1089     786      1076     591      810      649      246      919      361      325      405      188      1054     0        
;

