

sets
i        orders          /0*10/
k        routes          /1*10/
p        positions       /0*10/
;

alias(i,j)
alias(i,h)
alias(i,hh)
alias(i,jj)
alias(k,kk)
                            Parameters

rho(i)	Processing time
/
0	0
1	78
2	64
3	16
4	68
5	39
6	44
7	6
8	75
9	34
10	18
/

gamma(i)	Duedate
/
0	0
1	71
2	97
3	35
4	9
5	65
6	54
7	90
8	43
9	96
10	96
/

sigma(i)	Size
/
0	0
1	5
2	2
3	9
4	4
5	6
6	2
7	5
8	1
9	4
10	3
/

epsilon(i)	Priority
/
0	0
1	1
2	9
3	4
4	3
5	7
6	2
7	2
8	9
9	9
10	7
/

psi	Vehicle Capacity
/ 46 /
;

Table kappa(i,j)                 Setup
         0        1        2        3        4        5        6        7        8        9        10       
0        0        189      426      383      486      539      468      151      449      75       560      
1        189      0        487      356      350      406      353      56       401      215      426      
2        426      487      0        213      469      490      413      434      257      351      504      
3        383      356      213      0        256      280      200      316      72       323      296      
4        486      350      469      256      0        55       58       349      224      458      76       
5        539      406      490      280      55       0        83       404      235      509      21       
6        468      353      413      200      58       83       0        342      165      433      101      
7        151      56       434      316      349      404      342      0        368      164      425      
8        449      401      257      72       224      235      165      368      0        392      248      
9        75       215      351      323      458      509      433      164      392      0        530      
10       560      426      504      296      76       21       101      425      248      530      0        
;



Table delta(i,j)                 Distance
         0        1        2        3        4        5        6        7        8        9        10       
0        0        2940     6780     5700     990      8310     6270     5790     10350    8970     8670     
1        2940     0        227      234      120      286      223      115      294      236      252      
2        6780     227      0        101      204      59       33       180      173      174      107      
3        5700     234      101      0        158      116      68       237      275      268      208      
4        990      120      204      158      0        252      184      199      336      296      277      
5        8310     286      59       116      252      0        68       237      190      210      131      
6        6270     223      33       68       184      68       0        194      206      204      140      
7        5790     115      180      237      199      237      194      0        186      122      158      
8        10350    294      173      275      336      190      206      186      0        69       66       
9        8970     236      174      268      296      210      204      122      69       0        82       
10       8670     252      107      208      277      131      140      158      66       82       0        
;

