

sets
i        orders          /0*80/
k        routes          /1*80/
p        positions       /0*80/
;

alias(i,j)
alias(i,h)
alias(i,hh)
alias(i,jj)
alias(k,kk)
                            Parameters

rho(i)	Processing time
/
0	0
1	45
2	65
3	83
4	57
5	1
6	51
7	8
8	7
9	73
10	85
11	85
12	82
13	24
14	50
15	58
16	20
17	28
18	22
19	55
20	43
21	39
22	14
23	34
24	59
25	59
26	65
27	41
28	75
29	75
30	22
31	24
32	89
33	65
34	11
35	99
36	63
37	48
38	92
39	66
40	62
41	47
42	84
43	71
44	16
45	82
46	46
47	48
48	85
49	84
50	15
51	4
52	98
53	72
54	28
55	6
56	54
57	34
58	72
59	76
60	99
61	5
62	11
63	66
64	1
65	56
66	72
67	12
68	39
69	71
70	25
71	84
72	25
73	77
74	52
75	53
76	7
77	22
78	23
79	99
80	12
/

gamma(i)	Duedate
/
0	0
1	85
2	80
3	99
4	71
5	67
6	63
7	5
8	49
9	82
10	92
11	26
12	91
13	33
14	56
15	3
16	8
17	15
18	62
19	94
20	77
21	7
22	18
23	15
24	93
25	36
26	50
27	2
28	73
29	40
30	25
31	55
32	12
33	38
34	24
35	40
36	90
37	97
38	93
39	7
40	18
41	35
42	16
43	84
44	91
45	37
46	33
47	30
48	11
49	39
50	71
51	95
52	1
53	68
54	88
55	96
56	24
57	45
58	23
59	13
60	43
61	96
62	98
63	54
64	98
65	87
66	54
67	19
68	83
69	66
70	31
71	97
72	45
73	3
74	25
75	97
76	1
77	34
78	76
79	58
80	42
/

sigma(i)	Size
/
0	0
1	2
2	9
3	8
4	3
5	1
6	7
7	3
8	3
9	8
10	2
11	7
12	7
13	9
14	5
15	7
16	6
17	4
18	2
19	7
20	6
21	9
22	2
23	4
24	5
25	5
26	6
27	8
28	6
29	1
30	6
31	3
32	4
33	3
34	9
35	9
36	6
37	5
38	9
39	2
40	4
41	4
42	3
43	7
44	5
45	9
46	9
47	3
48	7
49	6
50	2
51	5
52	4
53	2
54	3
55	4
56	7
57	4
58	8
59	8
60	4
61	1
62	3
63	2
64	4
65	9
66	2
67	9
68	7
69	1
70	5
71	8
72	6
73	7
74	6
75	7
76	5
77	2
78	1
79	4
80	7
/

epsilon(i)	Priority
/
0	0
1	6
2	5
3	3
4	7
5	2
6	3
7	9
8	1
9	6
10	9
11	5
12	8
13	3
14	5
15	8
16	1
17	1
18	1
19	2
20	8
21	4
22	6
23	6
24	8
25	2
26	7
27	2
28	8
29	2
30	6
31	5
32	7
33	3
34	8
35	5
36	3
37	5
38	6
39	7
40	7
41	4
42	9
43	9
44	8
45	1
46	1
47	9
48	1
49	6
50	2
51	4
52	6
53	9
54	1
55	6
56	1
57	9
58	6
59	3
60	8
61	7
62	1
63	2
64	2
65	8
66	7
67	2
68	1
69	1
70	4
71	4
72	4
73	3
74	3
75	6
76	4
77	7
78	5
79	5
80	4
/

psi	Vehicle Capacity
/ 19 /
;

Table kappa(i,j)                 Setup
         0        1        2        3        4        5        6        7        8        9        10       11       12       13       14       15       16       17       18       19       20       21       22       23       24       25       26       27       28       29       30       31       32       33       34       35       36       37       38       39       40       41       42       43       44       45       46       47       48       49       50       51       52       53       54       55       56       57       58       59       60       61       62       63       64       65       66       67       68       69       70       71       72       73       74       75       76       77       78       79       80       
0        0        2671     2767     909      1701     588      674      1488     2493     2541     1228     2598     2005     1448     1570     943      2025     1360     2241     2578     2112     1408     1462     1528     1875     2038     2390     2369     2853     1257     2485     854      2880     1403     3272     674      3140     2852     1606     1227     2808     1424     2261     1550     1689     2872     3148     798      1704     1357     3091     473      2441     2291     1271     2514     2050     2711     2628     2997     1562     997      737      1192     3408     989      1907     1041     712      3274     1666     2263     3431     266      872      1774     2028     2300     2054     1797     879      
1        2671     0        1718     2637     2856     2165     2006     1922     1019     1483     1682     1627     1753     1791     2168     2477     3664     1315     930      208      802      1758     3780     1208     3077     2660     1403     1456     3001     2415     2260     1867     4253     1482     1628     3340     1880     2882     3076     1611     1487     3677     1361     1750     1197     1597     4248     2039     4035     1339     2450     2761     1133     1743     1567     1002     3112     1267     883      3919     2644     1815     1950     1604     1912     2458     1358     2538     3036     1379     1582     1491     1880     2767     1813     909      1187     400      2867     876      3290     
2        2767     1718     0        2168     1866     2566     2198     2941     2609     287      1567     3184     781      2788     1354     3143     2646     1935     918      1516     2171     1358     3200     1538     2005     1445     443      2953     1406     1756     743      2357     2959     2388     628      3374     373      1268     2169     2393     266      3071     2823     1218     2279     204      2825     2588     3410     1709     732      2558     621      3171     1570     2602     1943     460      837      2468     1741     2456     2329     1661     658      1975     917      3246     2706     832      1107     2939     694      2695     2242     1594     890      1799     1658     1765     2927     
3        909      2637     2168     0        792      1207     924      2122     2804     2005     955      3082     1391     2029     824      1771     1247     1517     1931     2486     2328     940      1151     1439     973      1157     1883     2825     1974     428      1716     1295     2064     1810     2753     1303     2530     1989     730      1660     2282     1042     2694     1026     2008     2318     2284     1400     1401     1352     2331     482      2027     2837     1071     2819     1143     2250     2294     2105     665      1493     1155     1048     2826     200      1483     1881     540      2834     1198     2736     2862     692      1223     1756     1653     2345     1151     1865     762      
4        1701     2856     1866     792      0        1943     1598     2802     3265     1804     1321     3640     1213     2689     688      2539     824      2013     1989     2670     2759     1131     1399     1787     235      488      1736     3377     1246     561      1219     1964     1446     2403     2494     2031     2179     1291     308      2280     2058     1268     3238     1109     2533     2054     1572     2113     1576     1781     1789     1259     1964     3442     1446     3275     364      2104     2278     1345     223      2158     1837     1473     2487     755      1517     2651     1204     2656     1274     3302     2535     1477     1868     2093     1700     2654     385      2249     1325     
5        588      2165     2566     1207     1943     0        396      943      1908     2307     1012     2019     1870     880      1595     627      2439     857      1888     2099     1546     1268     2017     1129     2153     2166     2146     1785     2944     1406     2444     298      3270     818      2993     1203     2931     2914     1935     643      2553     1964     1675     1416     1111     2634     3486     217      2268     940      3014     936      2134     1723     995      1930     2307     2418     2264     3286     1756     411      245      904      3169     1189     1654     740      1229     2945     1474     1680     3182     801      367      1309     1730     1778     2240     1291     1436     
6        674      2006     2198     924      1598     396      0        1209     1945     1948     631      2168     1483     1108     1203     1022     2171     713      1585     1907     1510     876      1904     855      1819     1785     1790     1915     2553     1045     2049     372      2976     897      2655     1348     2566     2520     1630     739      2203     1828     1789     1025     1129     2278     3162     521      2162     683      2622     807      1806     1913     637      1963     1961     2084     1970     2943     1399     570      238      549      2815     859      1297     1135     1108     2632     1095     1821     2833     767      301      1103     1394     1646     1872     1139     1349     
7        1488     1922     2941     2122     2802     943      1209     0        1249     2655     1615     1149     2406     152      2325     726      3367     1013     2079     1950     1127     1891     2947     1413     3026     2938     2497     961      3649     2243     3038     839      4183     552      3208     1972     3265     3591     2838     574      2843     2900     893      2019     743      2945     4370     731      3193     1265     3530     1879     2379     815      1529     1276     3163     2656     2381     4143     2596     644      972      1456     3440     2069     2059     728      2169     3069     1997     847      3436     1730     935      1371     2051     1533     3052     1233     2364     
8        2493     1019     2609     2804     3265     1908     1945     1249     0        2339     1947     608      2401     1178     2623     1953     3998     1287     1706     1165     510      2145     3849     1484     3500     3211     2218     461      3727     2733     3005     1646     4712     1090     2626     3094     2833     3629     3411     1265     2414     3771     411      2207     816      2527     4792     1711     4107     1489     3321     2750     1988     766      1820     27       3585     2193     1822     4499     3042     1497     1778     1803     2904     2672     1974     1972     3052     2392     2087     528      2878     2675     1658     1202     1859     810      3388     1028     3289     
9        2541     1483     287      2005     1804     2307     1948     2655     2339     0        1323     2907     622      2502     1219     2873     2612     1652     637      1277     1892     1139     3082     1256     1970     1433     162      2673     1550     1611     826      2088     3006     2102     750      3165     626      1421     2097     2111     277      2956     2541     1009     1991     331      2911     2319     3303     1431     983      2364     355      2887     1313     2333     1934     312      625      2561     1651     2180     2067     1404     868      1807     652      2974     2536     855      875      2657     890      2487     1975     1306     606      1531     1653     1478     2767     
10       1228     1682     1567     955      1321     1012     631      1615     1947     1323     0        2327     859      1479     726      1620     2060     701      1041     1533     1444     277      2101     493      1556     1344     1168     2064     2033     789      1455     854      2767     1133     2045     1877     1937     1979     1469     1046     1585     1995     1923     416      1219     1655     2872     1074     2354     460      2006     1142     1215     2153     127      1957     1653     1483     1424     2603     1098     1006     790      163      2192     779      680      1729     1385     2050     463      1995     2212     1214     735      813      803      1400     1487     945      1639     
11       2598     1627     3184     3082     3640     2019     2168     1149     608      2907     2327     0        2902     1154     3041     1868     4316     1628     2270     1771     1018     2562     4032     1919     3875     3650     2777     263      4229     3087     3525     1816     5079     1272     3230     3120     3424     4140     3746     1430     3001     3972     404      2647     1108     3113     5200     1803     4285     1873     3883     2936     2563     357      2207     625      3980     2782     2418     4927     3419     1630     1959     2170     3506     2980     2482     1851     3237     3000     2552     346      3481     2820     1866     1685     2389     1398     3809     1499     3454     
12       2005     1753     781      1391     1213     1870     1483     2406     2401     622      859      2902     0        2259     596      2479     2035     1403     829      1551     1902     609      2459     1020     1402     917      527      2647     1328     990      638      1706     2521     1875     1365     2597     1151     1238     1494     1833     897      2333     2507     461      1856     926      2495     1930     2682     1142     1148     1777     752      2806     902      2403     1398     901      1070     2166     1042     1840     1649     989      1438     1196     427      2587     1927     1474     412      2605     1472     1919     1587     1217     571      1654     1132     1403     2153     
13       1448     1791     2788     2029     2689     880      1108     152      1178     2502     1479     1154     2259     0        2195     774      3276     863      1926     1811     1006     1753     2896     1262     2916     2810     2344     941      3510     2128     2893     735      4084     399      3056     1972     3113     3451     2737     433      2690     2844     854      1878     602      2792     4260     663      3146     1117     3381     1814     2226     843      1389     1204     3048     2504     2231     4026     2480     537      874      1318     3288     1965     1908     798      2109     2920     1851     829      3284     1679     822      1219     1898     1399     2929     1083     2314     
14       1570     2168     1354     824      688      1595     1203     2325     2623     1219     726      3041     596      2195     0        2222     1504     1423     1309     1982     2112     480      1863     1138     910      618      1119     2778     1350     402      918      1520     2107     1859     1957     2094     1710     1319     931      1764     1492     1736     2636     426      1937     1515     2169     1715     2085     1169     1530     1258     1315     2877     838      2630     967      1494     1618     1885     482      1695     1421     889      2009     642      833      2336     1365     2070     586      2713     2048     1431     1407     1430     1017     1975     768      1596     1577     
15       943      2477     3143     1771     2539     627      1022     726      1953     2873     1620     1868     2479     774      2222     0        2958     1282     2392     2458     1735     1884     2377     1638     2739     2788     2711     1687     3570     2019     3066     785      3808     995      3524     1286     3500     3541     2499     874      3105     2352     1616     2032     1292     3193     4053     555      2606     1452     3626     1404     2664     1521     1585     1979     2901     2950     2748     3874     2364     714      829      1495     3720     1786     2226     113      1655     3442     2074     1573     3728     1209     901      1734     2277     2076     2853     1658     1804     
16       2025     3664     2646     1247     824      2439     2171     3367     3998     2612     2060     4316     2035     3276     1504     2958     0        2716     2812     3483     3501     1914     1012     2548     643      1203     2553     4057     1699     1273     1945     2542     857      3049     3274     2092     2932     1800     593      2903     2856     911      3923     1914     3225     2843     1180     2641     1060     2511     2439     1555     2787     4081     2188     4010     720      2917     3102     1151     1023     2740     2402     2195     3236     1336     2338     3061     1340     3457     2086     3972     3290     1761     2468     2864     2521     3440     997      3005     1301     
17       1360     1315     1935     1517     2013     857      713      1013     1287     1652     701      1628     1403     863      1423     1282     2716     0        1117     1241     814      949      2591     400      2248     2039     1492     1364     2685     1464     2039     563      3455     472      2255     2026     2271     2615     2134     458      1858     2505     1225     1055     519      1954     3572     764      2850     265      2517     1511     1402     1455     585      1302     2351     1687     1466     3304     1791     568      635      541      2467     1385     1045     1370     1805     2161     1002     1294     2470     1480     498      459      1045     939      2187     438      2053     
18       2241     930      918      1931     1989     1888     1585     2079     1706     637      1041     2270     829      1926     1309     2392     2812     1117     0        724      1254     991      3076     761      2198     1745     512      2036     2080     1622     1340     1628     3347     1529     1138     2906     1200     1967     2239     1567     771      2960     1905     929      1381     878      3323     1852     3320     951      1615     2181     306      2254     973      1701     2214     577      386      2991     1791     1679     1643     1049     1361     1734     476      2484     2411     1057     749      2021     1359     2253     1527     707      292      903      1957     863      2661     
19       2578     208      1516     2486     2670     2099     1907     1950     1165     1277     1533     1771     1551     1811     1982     2458     3483     1241     724      0        866      1587     3634     1078     2888     2461     1195     1582     2793     2245     2052     1803     4058     1472     1461     3252     1691     2674     2898     1584     1290     3528     1475     1570     1209     1401     4046     1990     3887     1228     2247     2637     925      1855     1425     1151     2919     1069     685      3715     2461     1773     1873     1469     1741     2302     1163     2526     2904     1231     1397     1604     1713     2657     1738     804      988      425      2670     812      3159     
20       2112     802      2171     2328     2759     1546     1510     1127     510      1892     1444     1018     1902     1006     2112     1735     3501     814      1254     866      0        1636     3404     974      2993     2700     1760     781      3230     2232     2515     1259     4205     758      2271     2749     2428     3135     2912     918      2000     3319     652      1696     449      2112     4282     1376     3663     990      2865     2316     1552     1016     1317     517      3075     1785     1438     3988     2535     1148     1376     1306     2535     2185     1477     1782     2614     2074     1578     774      2517     2266     1245     693      1373     442      2877     517      2859     
21       1408     1758     1358     940      1131     1268     876      1891     2145     1139     277      2562     609      1753     480      1884     1914     949      991      1587     1636     0        2085     661      1363     1090     995      2298     1757     657      1183     1128     2572     1399     1883     2025     1731     1702     1322     1320     1412     1970     2157     149      1459     1469     2648     1345     2330     691      1746     1235     1099     2405     368      2153     1439     1342     1354     2365     909      1283     1056     434      2002     743      548      1995     1436     1924     270      2236     2028     1348     1010     962      713      1527     1249     1121     1682     
22       1462     3780     3200     1151     1399     2017     1904     2947     3849     3082     2101     4032     2459     2896     1863     2377     1012     2591     3076     3634     3404     2085     0        2574     1377     1887     2978     3791     2579     1478     2611     2224     1772     2785     3816     1243     3540     2652     1099     2615     3355     131      3673     2156     3033     3373     2158     2234     259      2467     3188     1101     3151     3740     2212     3867     1542     3352     3431     2163     1469     2403     2083     2178     3845     1343     2618     2461     798      3932     2334     3690     3890     1217     2194     2886     2794     3472     1746     2978     583      
23       1528     1208     1538     1439     1787     1129     855      1413     1484     1256     493      1919     1020     1262     1138     1638     2548     400      761      1078     974      661      2574     0        2021     1735     1095     1657     2327     1275     1658     867      3232     867      1886     2202     1879     2249     1955     856      1471     2474     1516     729      839      1565     3308     1093     2830     189      2120     1559     1025     1793     369      1492     2100     1312     1134     3020     1564     931      885      395      2085     1270     646      1734     1828     1818     637      1604     2091     1584     767      319      650      908      1905     461      2083     
24       1875     3077     2005     973      235      2153     1819     3026     3500     1970     1556     3875     1402     2916     910      2739     643      2248     2198     2888     2993     1363     1377     2021     0        567      1915     3612     1205     792      1317     2187     1211     2635     2634     2147     2298     1275     309      2509     2213     1248     3473     1335     2768     2200     1344     2330     1521     2016     1846     1417     2154     3674     1682     3510     186      2276     2472     1134     458      2382     2058     1708     2604     965      1729     2850     1319     2814     1496     3537     2656     1637     2094     2326     1910     2883     381      2483     1402     
25       2038     2660     1445     1157     488      2166     1785     2938     3211     1433     1344     3650     917      2810     618      2788     1203     2039     1745     2461     2700     1090     1887     1735     567      0        1397     3387     817      784      750      2122     1603     2477     2071     2452     1731     834      790      2381     1663     1755     3246     1006     2550     1643     1595     2306     2058     1781     1302     1639     1653     3494     1454     3216     501      1744     1975     1288     498      2303     2014     1507     2037     1048     1304     2902     1640     2263     1127     3326     2089     1846     2012     2009     1473     2520     220      2183     1789     
26       2390     1403     443      1883     1736     2146     1790     2497     2218     162      1168     2777     527      2344     1119     2711     2553     1492     512      1195     1760     995      2978     1095     1915     1397     0        2539     1601     1501     863      1926     2989     1945     887      3020     788      1479     2020     1950     418      2853     2406     872      1841     488      2919     2157     3204     1269     1105     2227     277      2746     1154     2214     1893     375      591      2574     1570     2018     1906     1245     1025     1683     493      2812     2408     954      727      2519     1043     2344     1813     1156     446      1415     1617     1330     2643     
27       2369     1456     2953     2825     3377     1785     1915     961      461      2673     2064     263      2647     941      2778     1687     4057     1364     2036     1582     781      2298     3791     1657     3612     3387     2539     0        3973     2824     3273     1569     4816     1017     3030     2913     3206     3885     3485     1180     2779     3727     141      2385     844      2891     4936     1572     4045     1609     3644     2692     2333     307      1943     485      3716     2562     2206     4663     3155     1388     1711     1906     3301     2720     2230     1683     2994     2813     2292     114      3279     2583     1614     1431     2142     1187     3546     1245     3215     
28       2853     3001     1406     1974     1246     2944     2553     3649     3727     1550     2033     4229     1328     3510     1350     3570     1699     2685     2080     2793     3230     1757     2579     2327     1205     817      1601     3973     0        1595     740      2864     1688     3148     1937     3263     1530     144      1502     3077     1672     2452     3832     1634     3167     1601     1464     3064     2707     2419     862      2456     1877     4121     2121     3728     1037     1839     2175     1104     1310     3033     2770     2192     1792     1863     1753     3684     2443     2207     1690     3927     1854     2663     2749     2545     1874     2962     861      2730     2571     
29       1257     2415     1756     428      561      1406     1045     2243     2733     1611     789      3087     990      2128     402      2019     1273     1464     1622     2245     2232     657      1478     1275     792      784      1501     2824     1595     0        1288     1406     1992     1842     2354     1723     2113     1595     680      1718     1887     1355     2686     693      1982     1914     2134     1565     1710     1244     1903     888      1674     2882     916      2744     920      1874     1962     1900     354      1598     1282     930      2412     271      1152     2132     966      2456     873      2747     2450     1081     1307     1591     1333     2171     834      1733     1174     
30       2485     2260     743      1716     1219     2444     2049     3038     3005     826      1455     3525     638      2893     918      3066     1945     2039     1340     2052     2515     1183     2611     1658     1317     750      863      3273     740      1288     0        2310     2216     2511     1350     3007     987      627      1528     2464     993      2479     3134     1038     2492     947      2092     2528     2796     1777     614      2171     1140     3440     1518     3004     1228     1130     1444     1738     1151     2457     2239     1600     1291     1551     1043     3177     2248     1575     1041     3235     1345     2349     2191     1843     1146     2228     948      2028     2436     
31       854      1867     2357     1295     1964     298      372      839      1646     2088     854      1816     1706     735      1520     785      2542     563      1628     1803     1259     1128     2224     867      2187     2122     1926     1569     2864     1406     2310     0        3348     562      2750     1494     2715     2820     2002     390      2323     2158     1448     1271     836      2409     3531     230      2480     677      2854     1123     1889     1548     805      1666     2325     2175     1996     3306     1760     198      143      716      2939     1231     1440     889      1426     2685     1296     1470     2948     1030     119      1019     1495     1480     2223     994      1653     
32       2880     4253     2959     2064     1446     3270     2976     4183     4712     3006     2767     5079     2521     4084     2107     3808     857      3455     3347     4058     4205     2572     1772     3232     1211     1603     2989     4816     1688     1992     2216     3348     0        3827     3557     2934     3167     1826     1346     3692     3206     1699     4679     2533     3974     3164     436      3465     1730     3227     2544     2408     3253     4866     2893     4721     1143     3318     3574     659      1670     3546     3212     2917     3451     2119     2895     3912     2198     3792     2685     4738     3512     2616     3265     3534     3070     4083     1389     3693     2148     
33       1403     1482     2388     1810     2403     818      897      552      1090     2102     1133     1272     1875     399      1859     995      3049     472      1529     1472     758      1399     2785     867      2635     2477     1945     1017     3148     1842     2511     562      3827     0        2663     2012     2713     3082     2486     175      2291     2716     891      1514     308      2393     3974     628      3041     734      2987     1683     1828     1039     1030     1112     2754     2107     1843     3722     2186     407      701      969      2891     1714     1513     1056     1986     2536     1472     925      2888     1592     597      824      1499     1082     2612     701      2215     
34       3272     1628     628      2753     2494     2993     2655     3208     2626     750      2045     3230     1365     3056     1957     3524     3274     2255     1138     1461     2271     1883     3816     1886     2634     2071     887      3030     1937     2354     1350     2750     3557     2663     0        3907     412      1793     2796     2706     472      3687     2914     1757     2489     443      3392     2978     4030     2073     1120     3113     861      3286     2018     2612     2567     575      838      3031     2364     2814     2749     2106     287      2556     1365     3619     3285     311      1614     3039     252      3231     2643     1839     1263     1842     2283     1977     3516     
35       674      3340     3374     1303     2031     1203     1348     1972     3094     3165     1877     3120     2597     1972     2094     1286     2092     2026     2906     3252     2749     2025     1243     2202     2147     2452     3020     2913     3263     1723     3007     1494     2934     2012     3907     0        3746     3286     1843     1840     3438     1268     2820     2158     2312     3494     3271     1384     1425     2031     3622     836      3092     2787     1933     3117     2334     3355     3292     3191     1954     1606     1394     1857     4025     1457     2549     1341     829      3926     2292     2802     4053     678      1531     2448     2681     2964     2414     2464     791      
36       3140     1880     373      2530     2179     2931     2566     3265     2833     626      1937     3424     1151     3113     1710     3500     2932     2271     1200     1691     2428     1731     3540     1879     2298     1731     788      3206     1530     2113     987      2715     3167     2713     412      3746     0        1385     2487     2730     430      3410     3081     1591     2581     322      2989     2946     3742     2056     709      2928     894      3441     1935     2823     2216     643      1011     2628     2072     2806     2692     2026     307      2339     1277     3601     3070     707      1479     3202     358      3068     2601     1902     1229     2027     1935     2063     3287     
37       2852     2882     1268     1989     1291     2914     2520     3591     3629     1421     1979     4140     1238     3451     1319     3541     1800     2615     1967     2674     3135     1702     2652     2249     1275     834      1479     3885     144      1595     627      2820     1826     3082     1793     3286     1385     0        1563     3018     1534     2523     3745     1572     3089     1461     1608     3026     2790     2350     720      2469     1754     4041     2062     3628     1117     1705     2047     1248     1332     2984     2731     2136     1647     1866     1658     3654     2474     2064     1615     3843     1710     2672     2704     2455     1771     2855     913      2640     2614     
38       1606     3076     2169     730      308      1935     1630     2838     3411     2097     1469     3746     1494     2737     931      2499     593      2134     2239     2898     2912     1322     1099     1955     309      790      2020     3485     1502     680      1528     2002     1346     2486     2796     1843     2487     1563     0        2348     2355     968      3349     1328     2647     2356     1554     2124     1268     1922     2092     1139     2237     3524     1596     3422     495      2392     2546     1391     452      2200     1866     1607     2794     773      1763     2608     1017     2951     1503     3403     2843     1359     1919     2271     1947     2847     650      2413     1092     
39       1227     1611     2393     1660     2280     643      739      574      1265     2111     1046     1430     1833     433      1764     874      2903     458      1567     1584     918      1320     2615     856      2509     2381     1950     1180     3077     1718     2464     390      3692     175      2706     1840     2730     3018     2348     0        2315     2548     1058     1446     473      2413     3852     458      2871     696      2963     1514     1857     1178     956      1287     2635     2141     1902     3609     2066     233      532      885      2923     1574     1497     947      1816     2598     1423     1084     2924     1418     437      878      1504     1212     2505     785      2043     
40       2808     1487     266      2282     2058     2553     2203     2843     2414     277      1585     3001     897      2690     1492     3105     2856     1858     771      1290     2000     1412     3355     1471     2213     1663     418      2779     1672     1887     993      2323     3206     2291     472      3438     430      1534     2355     2315     0        3227     2653     1285     2152     112      3083     2553     3573     1654     979      2641     465      3012     1566     2405     2164     222      604      2727     1914     2402     2311     1656     616      2084     906      3203     2813     600      1145     2774     629      2761     2212     1475     827      1605     1880     1634     3044     
41       1424     3677     3071     1042     1268     1964     1828     2900     3771     2956     1995     3972     2333     2844     1736     2352     911      2505     2960     3528     3319     1970     131      2474     1248     1755     2853     3727     2452     1355     2479     2158     1699     2716     3687     1268     3410     2523     968      2548     3227     0        3607     2037     2957     3244     2073     2181     360      2372     3057     1035     3029     3686     2109     3789     1415     3228     3312     2062     1338     2341     2016     2079     3715     1230     2499     2440     735      3806     2216     3628     3760     1170     2122     2787     2676     3375     1616     2885     548      
42       2261     1361     2823     2694     3238     1675     1789     893      411      2541     1923     404      2507     854      2636     1616     3923     1225     1905     1475     652      2157     3673     1516     3473     3246     2406     141      3832     2686     3134     1448     4679     891      2914     2820     3081     3745     3349     1058     2653     3607     0        2243     705      2765     4796     1464     3928     1468     3510     2572     2204     381      1803     438      3576     2437     2086     4522     3016     1272     1590     1766     3182     2586     2090     1621     2875     2703     2150     129      3162     2469     1488     1291     2004     1071     3405     1105     3099     
43       1550     1750     1218     1026     1109     1416     1025     2019     2207     1009     416      2647     461      1878     426      2032     1914     1055     929      1570     1696     149      2156     729      1335     1006     872      2385     1634     693      1038     1271     2533     1514     1757     2158     1591     1572     1328     1446     1285     2037     2243     0        1554     1337     2586     1490     2396     791      1597     1355     1001     2505     489      2213     1392     1230     1274     2292     894      1421     1202     565      1866     826      462      2142     1540     1814     180      2327     1894     1480     1152     1009     640      1549     1181     1179     1780     
44       1689     1197     2279     2008     2533     1111     1129     743      816      1991     1219     1108     1856     602      1937     1292     3225     519      1381     1209     449      1459     3033     839      2768     2550     1841     844      3167     1982     2492     836      3974     308      2489     2312     2581     3089     2647     473      2152     2957     705      1554     0        2259     4091     931      3291     768      2921     1934     1687     953      1100     835      2871     1953     1654     3821     2311     706      964      1061     2733     1889     1458     1345     2236     2335     1477     776      2724     1861     842      685      1407     800      2704     518      2473     
45       2872     1597     204      2318     2054     2634     2278     2945     2527     331      1655     3113     926      2792     1515     3193     2843     1954     878      1401     2112     1469     3373     1565     2200     1643     488      2891     1601     1914     947      2409     3164     2393     443      3494     322      1461     2356     2413     112      3244     2765     1337     2259     0        3028     2640     3586     1745     879      2689     572      3123     1643     2518     2142     334      715      2670     1921     2494     2393     1733     537      2121     981      3293     2852     628      1206     2885     559      2816     2298     1580     916      1717     1858     1741     3079     
46       3148     4248     2825     2284     1572     3486     3162     4370     4792     2911     2872     5200     2495     4260     2169     4053     1180     3572     3323     4046     4282     2648     2158     3308     1344     1595     2919     4936     1464     2134     2092     3531     436      3974     3392     3271     2989     1608     1554     3852     3083     2073     4796     2586     4091     3028     0        3669     2139     3329     2324     2675     3192     5012     2993     4799     1221     3220     3510     360      1787     3727     3400     3030     3256     2304     2897     4162     2497     3648     2720     4865     3319     2891     3438     3595     3062     4116     1405     3765     2480     
47       798      2039     2588     1400     2113     217      521      731      1711     2319     1074     1803     1930     663      1715     555      2641     764      1852     1990     1376     1345     2234     1093     2330     2306     2157     1572     3064     1565     2528     230      3465     628      2978     1384     2946     3026     2124     458      2553     2181     1464     1490     931      2640     3669     0        2485     904      3079     1151     2117     1505     1032     1734     2477     2403     2217     3459     1919     228      294      943      3169     1365     1671     659      1446     2908     1523     1465     3178     1018     346      1224     1725     1644     2394     1178     1653     
48       1704     4035     3410     1401     1576     2268     2162     3193     4107     3303     2354     4285     2682     3146     2085     2606     1060     2850     3320     3887     3663     2330     259      2830     1521     2058     3204     4045     2707     1710     2796     2480     1730     3041     4030     1425     3742     2790     1268     2871     3573     360      3928     2396     3291     3586     2139     2485     0        2725     3359     1358     3385     3990     2467     4125     1672     3579     3670     2188     1670     2657     2340     2435     4048     1590     2858     2686     1055     4156     2574     3943     4094     1466     2451     3143     3035     3729     1900     3236     831      
49       1357     1339     1709     1352     1781     940      683      1265     1489     1431     460      1873     1142     1117     1169     1452     2511     265      951      1228     990      691      2467     189      2016     1781     1269     1609     2419     1244     1777     677      3227     734      2073     2031     2056     2350     1922     696      1654     2372     1468     791      768      1745     3329     904      2725     0        2266     1422     1212     1715     335      1500     2111     1499     1323     3054     1558     749      696      315      2269     1199     802      1549     1703     2008     738      1544     2276     1430     577      430      828      1006     1936     513      1956     
