

sets
i        orders          /0*10/
k        routes          /1*10/
p        positions       /0*10/
;

alias(i,j)
alias(i,h)
alias(i,hh)
alias(i,jj)
alias(k,kk)
                            Parameters

rho(i)	Processing time
/
0	0
1	42
2	28
3	45
4	8
5	92
6	84
7	42
8	23
9	34
10	30
/

gamma(i)	Duedate
/
0	0
1	21
2	61
3	34
4	32
5	74
6	63
7	10
8	1
9	17
10	91
/

sigma(i)	Size
/
0	0
1	7
2	4
3	6
4	3
5	3
6	9
7	2
8	9
9	1
10	1
/

epsilon(i)	Priority
/
0	0
1	5
2	7
3	3
4	1
5	5
6	2
7	1
8	3
9	8
10	1
/

psi	Vehicle Capacity
/ 75 /
;

Table kappa(i,j)                 Setup
         0        1        2        3        4        5        6        7        8        9        10       
0        0        326      420      296      386      338      238      308      465      133      438      
1        326      0        440      277      257      326      224      329      472      308      116      
2        420      440      0        167      209      114      236      124      45       287      472      
3        296      277      167      0        112      53       72       53       205      175      327      
4        386      257      209      112      0        120      149      149      230      278      266      
5        338      326      114      53       120      0        125      36       152      209      366      
6        238      224      236      72       149      125      0        113      276      134      295      
7        308      329      124      53       149      36       113      0        167      177      380      
8        465      472      45       205      230      152      276      167      0        332      496      
9        133      308      287      175      278      209      134      177      332      0        403      
10       438      116      472      327      266      366      295      380      496      403      0        
;



Table delta(i,j)                 Distance
         0        1        2        3        4        5        6        7        8        9        10       
0        0        390      1170     1050     1830     3240     2940     960      2460     2220     2430     
1        390      0        38       22       49       96       86       19       70       64       70       
2        1170     38       0        41       51       101      85       48       91       50       99       
3        1050     22       41       0        27       73       64       10       51       46       58       
4        1830     49       51       27       0        50       37       36       45       23       63       
5        3240     96       101      73       50       0        20       78       43       56       67       
6        2940     86       85       64       37       20       0        71       50       37       74       
7        960      19       48       10       36       78       71       0        50       56       52       
8        2460     70       91       51       45       43       50       50       0        66       24       
9        2220     64       50       46       23       56       37       56       66       0        85       
10       2430     70       99       58       63       67       74       52       24       85       0        
;

