

sets
i        orders          /0*10/
k        routes          /1*10/
p        positions       /0*10/
;

alias(i,j)
alias(i,h)
alias(i,hh)
alias(i,jj)
alias(k,kk)
                            Parameters

rho(i)	Processing time
/
0	0
1	69
2	75
3	12
4	94
5	8
6	53
7	31
8	70
9	74
10	6
/

gamma(i)	Duedate
/
0	0
1	60
2	72
3	89
4	90
5	77
6	87
7	27
8	82
9	2
10	34
/

sigma(i)	Size
/
0	0
1	5
2	9
3	1
4	7
5	8
6	5
7	4
8	6
9	7
10	7
/

epsilon(i)	Priority
/
0	0
1	2
2	8
3	8
4	6
5	9
6	3
7	1
8	9
9	9
10	3
/

psi	Vehicle Capacity
/ 33 /
;

Table kappa(i,j)                 Setup
         0        1        2        3        4        5        6        7        8        9        10       
0        0        390      541      454      382      95       318      56       348      271      328      
1        390      0        248      353      493      464      516      431      61       214      93       
2        541      248      0        222      445      582      514      561      305      452      235      
3        454      353      222      0        231      460      316      452      386      489      278      
4        382      493      445      231      0        340      103      352      500      543      400      
5        95       464      582      460      340      0        257      39       428      365      390      
6        318      516      514      316      103      257      0        277      510      522      422      
7        56       431      561      452      352      39       277      0        393      326      361      
8        348      61       305      386      500      428      510      393      0        153      108      
9        271      214      452      489      543      365      522      326      153      0        226      
10       328      93       235      278      400      390      422      361      108      226      0        
;



Table delta(i,j)                 Distance
         0        1        2        3        4        5        6        7        8        9        10       
0        0        1440     1950     990      2640     2190     1380     150      2430     1140     510      
1        1440     0        37       19       98       40       73       46       82       54       46       
2        1950     37       0        50       71       9        63       60       51       44       53       
3        990      19       50       0        101      56       68       31       87       51       37       
4        2640     98       71       101      0        77       45       84       21       51       72       
5        2190     40       9        56       77       0        72       69       56       53       62       
6        1380     73       63       68       45       72       0        43       46       20       32       
7        150      46       60       31       84       69       43       0        76       33       12       
8        2430     82       51       87       21       56       46       76       0        43       64       
9        1140     54       44       51       51       53       20       33       43       0        21       
10       510      46       53       37       72       62       32       12       64       21       0        
;

