

sets
i        orders          /0*80/
k        routes          /1*80/
p        positions       /0*80/
;

alias(i,j)
alias(i,h)
alias(i,hh)
alias(i,jj)
alias(k,kk)
                            Parameters

rho(i)	Processing time
/
0	0
1	5
2	38
3	42
4	77
5	6
6	94
7	56
8	15
9	27
10	35
11	78
12	36
13	82
14	54
15	49
16	17
17	47
18	40
19	37
20	5
21	79
22	26
23	97
24	5
25	69
26	70
27	62
28	24
29	93
30	19
31	2
32	23
33	53
34	14
35	1
36	2
37	40
38	20
39	16
40	63
41	8
42	21
43	10
44	64
45	49
46	27
47	15
48	29
49	97
50	76
51	91
52	58
53	32
54	85
55	13
56	29
57	67
58	25
59	81
60	83
61	58
62	38
63	65
64	34
65	59
66	13
67	48
68	18
69	82
70	86
71	69
72	63
73	97
74	51
75	32
76	77
77	12
78	35
79	46
80	47
/

gamma(i)	Duedate
/
0	0
1	67
2	35
3	70
4	65
5	93
6	55
7	22
8	6
9	93
10	57
11	2
12	83
13	72
14	78
15	49
16	94
17	13
18	28
19	23
20	53
21	16
22	80
23	39
24	17
25	44
26	86
27	81
28	31
29	41
30	67
31	7
32	64
33	35
34	9
35	29
36	99
37	81
38	33
39	92
40	36
41	73
42	23
43	62
44	54
45	3
46	18
47	14
48	53
49	97
50	99
51	74
52	57
53	28
54	98
55	40
56	6
57	93
58	94
59	70
60	46
61	49
62	93
63	21
64	26
65	47
66	42
67	60
68	59
69	88
70	8
71	14
72	32
73	88
74	68
75	24
76	7
77	98
78	39
79	6
80	58
/

sigma(i)	Size
/
0	0
1	4
2	5
3	9
4	1
5	4
6	9
7	8
8	6
9	2
10	4
11	5
12	6
13	8
14	2
15	3
16	1
17	9
18	6
19	2
20	5
21	7
22	6
23	4
24	1
25	3
26	8
27	6
28	3
29	9
30	5
31	2
32	2
33	6
34	4
35	8
36	1
37	4
38	7
39	3
40	2
41	4
42	9
43	8
44	5
45	1
46	3
47	8
48	2
49	8
50	3
51	2
52	1
53	5
54	9
55	1
56	1
57	8
58	1
59	4
60	5
61	6
62	7
63	1
64	9
65	5
66	2
67	3
68	4
69	1
70	9
71	4
72	3
73	4
74	3
75	8
76	9
77	2
78	6
79	1
80	1
/

epsilon(i)	Priority
/
0	0
1	8
2	3
3	9
4	6
5	8
6	1
7	1
8	8
9	8
10	1
11	3
12	6
13	5
14	4
15	3
16	4
17	5
18	8
19	4
20	2
21	7
22	8
23	9
24	6
25	8
26	5
27	5
28	5
29	7
30	4
31	9
32	7
33	5
34	8
35	5
36	2
37	5
38	2
39	4
40	1
41	4
42	1
43	6
44	8
45	9
46	4
47	9
48	1
49	4
50	8
51	5
52	4
53	5
54	8
55	4
56	2
57	5
58	7
59	7
60	6
61	3
62	1
63	1
64	4
65	3
66	1
67	5
68	4
69	7
70	6
71	6
72	7
73	1
74	1
75	4
76	7
77	2
78	6
79	5
80	9
/

psi	Vehicle Capacity
/ 45 /
;

Table kappa(i,j)                 Setup
         0        1        2        3        4        5        6        7        8        9        10       11       12       13       14       15       16       17       18       19       20       21       22       23       24       25       26       27       28       29       30       31       32       33       34       35       36       37       38       39       40       41       42       43       44       45       46       47       48       49       50       51       52       53       54       55       56       57       58       59       60       61       62       63       64       65       66       67       68       69       70       71       72       73       74       75       76       77       78       79       80       
0        0        3375     1604     2274     1657     1011     1569     1278     3420     1822     2335     2532     3556     891      2038     3405     3640     2479     1865     2934     2046     1624     2316     660      1355     1128     2863     3640     598      3398     1384     1845     1729     2049     3640     364      2715     3748     3207     1783     3437     2500     2102     1087     2359     3632     3383     1007     764      1289     486      1368     1805     2628     1203     1946     3241     3581     2471     1942     1980     3021     1791     1294     2823     1740     3214     3465     3390     2759     1814     1951     720      3451     3710     3460     1005     1866     642      514      2068     
1        3375     0        4270     2932     4605     3235     1921     2274     1664     2424     1464     2439     1236     2729     4842     1437     3121     945      2612     3858     3290     4647     1132     3026     2604     2447     1446     2665     3463     96       2417     2666     3296     1787     3058     3209     863      3284     3203     2445     680      3602     1814     2873     1760     3670     648      4053     2997     3334     3573     4238     4794     2973     2318     1824     2889     3403     2541     1655     4516     3781     4326     4359     2021     3120     2525     1519     71       2845     3899     1964     3091     769      3007     688      3058     1560     3599     3886     1470     
2        1604     4270     0        1873     455      1050     2374     2029     3646     3360     2880     2414     3974     1623     571      3732     3175     3551     3434     1946     1410     571      3438     2251     2907     2588     3236     3405     1060     4324     1853     1772     1167     2533     3208     1416     3846     3219     2640     1919     4080     1618     3501     1404     2704     2882     4040     663      2356     2881     1984     302      621      2167     2005     3326     2849     2961     2300     3242     377      2094     211      579      2903     3344     3014     3758     4308     2375     652      3382     2322     4059     3314     4100     1228     2742     971      1540     3305     
3        2274     2932     1873     0        2323     1320     1536     1414     1857     3214     1485     587      2267     1474     2366     1991     1399     2551     3378     986      476      2425     2533     2594     2914     2494     1588     1542     1814     3010     1113     493      721      1225     1413     1910     2860     1489     933      700      2527     670      3009     1193     1171     1375     2503     2107     2670     3322     2752     2026     2494     356      1470     2842     1022     1307     464      2648     1936     968      1808     2287     1112     3573     1141     1994     2989     525      1263     2979     2705     2479     1503     2542     1274     1778     1891     2623     2599     
4        1657     4605     455      2323     0        1372     2688     2336     4072     3473     3255     2855     4382     1897     403      4148     3631     3837     3522     2379     1863     130      3710     2317     3009     2736     3641     3859     1223     4653     2200     2192     1610     2908     3664     1565     4122     3674     3095     2321     4458     2068     3687     1735     3103     3327     4415     653      2420     2870     1949     367      189      2622     2300     3517     3304     3413     2743     3460     621      2533     592      374      3334     3366     3464     4177     4639     2829     1105     3553     2370     4441     3770     4478     1548     3055     1100     1449     3544     
5        1011     3235     1050     1320     1372     0        1326     979      2799     2459     1893     1698     3057     589      1617     2845     2717     2500     2568     1923     1039     1424     2389     1502     2043     1667     2317     2798     493      3285     828      977      718      1549     2728     662      2797     2810     2247     1023     3095     1489     2508     362      1775     2643     3049     898      1600     2226     1496     1006     1562     1676     955      2330     2331     2616     1611     2222     1351     2010     1147     1167     2101     2597     2374     2885     3270     1835     919      2406     1601     3082     2811     3115     178      1695     576      1304     2271     
6        1569     1921     2374     1536     2688     1326     0        352      1913     1721     783      1405     1993     811      2943     1865     2550     1189     1903     2507     1683     2727     1103     1475     1507     1112     1334     2373     1549     1965     559      1074     1557     572      2524     1330     1496     2697     2290     839      1879     2123     1473     970      905      2799     1826     2134     1504     2090     1899     2321     2876     1784     401      1306     2162     2636     1416     1114     2651     2504     2452     2438     1457     2194     1985     1933     1952     1797     2093     1445     1577     1887     2555     1901     1148     368      1685     2078     1084     
7        1278     2274     2029     1414     2336     979      352      0        2146     1803     1061     1424     2282     462      2596     2126     2584     1522     1964     2340     1466     2374     1420     1308     1505     1087     1585     2477     1201     2318     308      922      1290     772      2568     1005     1823     2719     2257     727      2211     1931     1669     630      1092     2750     2160     1782     1359     1990     1657     1969     2524     1710     79       1492     2185     2621     1404     1335     2317     2360     2116     2085     1596     2177     2066     2187     2305     1765     1784     1608     1418     2213     2614     2233     801      718      1336     1775     1344     
8        3420     1664     3646     1857     4072     2799     1913     2146     0        3355     1141     1270     505      2546     4180     230      1503     1960     3558     2557     2325     4155     2083     3387     3303     2963     583      1012     3214     1760     2062     1879     2488     1374     1434     3116     2149     1659     1717     1777     1009     2445     2857     2484     1062     2113     1026     3697     3411     3964     3798     3733     4255     1717     2224     2765     1361     1827     1393     2531     3769     2435     3620     3947     750      3967     981      169      1736     1522     3092     2936     3488     925      1366     1010     2659     1769     3335     3903     2372     
9        1822     2424     3360     3214     3473     2459     1721     1803     3355     0        2283     3124     3220     1916     3843     3221     4258     1534     204      4139     3246     3446     1357     1175     468      791      2795     4028     2299     2395     2110     2724     3021     2240     4227     1943     1563     4408     4010     2517     2836     3722     612      2249     2542     4518     2776     2820     1079     1021     1686     3162     3626     3492     1754     618      3876     4357     3137     837      3722     4163     3520     3115     3105     697      3669     3309     2400     3517     3378     461      1152     2893     4247     2856     2329     1650     2398     2182     1016     
10       2335     1464     2880     1485     3255     1893     783      1061     1141     2283     0        1068     1221     1505     3448     1082     2051     1140     2482     2445     1826     3315     1181     2250     2180     1826     557      1756     2227     1537     1072     1203     1841     347      2007     2064     1428     2212     1942     991      1203     2154     1861     1538     342      2452     1160     2774     2271     2826     2682     2893     3445     1583     1133     1736     1710     2230     1145     1503     3093     2390     2911     3059     848      2855     1432     1151     1517     1501     2453     1903     2349     1188     2007     1223     1727     643      2358     2836     1377     
11       2532     2439     2414     587      2855     1698     1405     1424     1270     3124     1068     0        1684     1654     2930     1405     1160     2202     3308     1420     1056     2948     2222     2719     2899     2489     1034     1111     2172     2524     1186     721      1246     919      1144     2180     2496     1299     902      751      1978     1210     2816     1462     725      1417     1959     2561     2777     3413     2984     2536     3033     533      1498     2665     763      1233     123      2447     2509     1342     2369     2776     524      3582     684      1407     2501     434      1832     2819     2830     1923     1195     1991     1600     1533     2272     2948     2360     
12       3556     1236     3974     2267     4382     3057     1993     2282     505      3220     1221     1684     0        2720     4525     293      2005     1729     3423     3032     2718     4455     1882     3428     3238     2943     741      1505     3430     1330     2264     2205     2843     1532     1935     3284     1856     2160     2216     2061     556      2888     2672     2717     1283     2619     590      3953     3437     3936     3890     4031     4569     2171     2354     2608     1864     2333     1806     2383     4130     2917     3969     4223     1163     3872     1483     336      1307     1987     3459     2775     3521     467      1863     550      2902     1764     3558     4057     2206     
13       891      2729     1623     1474     1897     589      811      462      2546     1916     1505     1654     2720     0        2180     2547     2786     1941     2044     2286     1372     1927     1818     1121     1532     1130     2005     2756     738      2771     493      1002     1114     1190     2781     570      2229     2905     2390     903      2671     1853     1923     335      1484     2849     2621     1324     1200     1853     1329     1532     2082     1814     411      1744     2385     2763     1603     1633     1939     2338     1733     1630     1932     2145     2332     2602     2758     1919     1484     1827     1231     2671     2843     2693     428      1169     874      1357     1684     
14       2038     4842     571      2366     403      1617     2943     2596     4180     3843     3448     2930     4525     2180     0        4277     3592     4115     3900     2253     1891     494      3999     2698     3381     3091     3790     3870     1560     4895     2424     2319     1691     3101     3632     1912     4408     3617     3050     2479     4646     2001     4026     1974     3262     3223     4606     1031     2802     3268     2348     682      356      2630     2570     3854     3296     3341     2812     3782     447      2416     560      775      3432     3759     3496     4298     4879     2843     1103     3900     2756     4622     3744     4665     1795     3311     1449     1852     3854     
15       3405     1437     3732     1991     4148     2845     1865     2126     230      3221     1082     1405     293      2547     4277     0        1731     1786     3426     2740     2449     4226     1920     3328     3198     2876     542      1243     3239     1533     2075     1960     2588     1358     1662     3116     1956     1888     1925     1833     778      2603     2704     2516     1074     2334     796      3744     3345     3876     3763     3802     4334     1882     2202     2621     1574     2050     1528     2390     3875     2624     3718     4005     881      3851     1193     91       1509     1696     3201     2791     3425     694      1597     779      2696     1681     3363     3898     2223     
16       3640     3121     3175     1399     3631     2717     2550     2584     1503     4258     2051     1160     2005     2786     3592     1731     0        3164     4446     1450     1790     3744     3227     3873     4054     3647     1722     522      3210     3216     2337     1795     2095     2019     73       3279     3423     165      542      1891     2500     1592     3900     2552     1738     657      2509     3492     3935     4573     4107     3372     3785     1048     2658     3762     402      371      1187     3534     3145     1284     3065     3648     1207     4738     625      1670     3191     884      2526     3923     3985     2420     187      2504     2658     2626     3290     4015     3423     
17       2479     945      3551     2551     3837     2500     1189     1522     1960     1534     1140     2202     1729     1941     4115     1786     3164     0        1733     3534     2804     3863     188      2088     1666     1503     1481     2811     2644     945      1744     2165     2724     1327     3115     2355     313      3328     3083     1923     1304     3199     952      2152     1481     3592     1245     3244     2055     2396     2642     3473     4022     2701     1545     917      2842     3365     2269     722      3838     3496     3638     3557     1958     2219     2539     1877     942      2636     3280     1075     2149     1365     3100     1324     2323     833      2778     2983     534      
18       1865     2612     3434     3378     3522     2568     1903     1964     3558     204      2482     3308     3423     2044     3900     3426     4446     1733     0        4292     3392     3488     1557     1206     529      914      2998     4225     2374     2581     2269     2887     3156     2431     4417     2021     1750     4596     4189     2685     3036     3870     798      2379     2737     4695     2977     2871     1104     921      1676     3223     3669     3664     1911     819      4063     4539     3317     1040     3801     4320     3601     3158     3301     523      3862     3513     2587     3695     3487     658      1164     3094     4439     3056     2447     1847     2465     2186     1219     
19       2934     3858     1946     986      2379     1923     2507     2340     2557     4139     2445     1420     3032     2286     2253     2740     1450     3534     4292     0        914      2505     3519     3383     3801     3386     2447     1862     2374     3942     2032     1434     1209     2207     1507     2584     3842     1430     940      1667     3385     436      3978     1958     2115     975      3371     2435     3472     4118     3418     2204     2504     887      2385     3808     1282     1134     1317     3622     1813     169      1787     2496     1892     4431     1616     2718     3920     1046     1319     3937     3490     3325     1629     3397     1960     2763     2401     3162     3580     
20       2046     3290     1410     476      1863     1039     1683     1466     2325     3246     1826     1056     2718     1372     1891     2449     1790     2804     3392     914      0        1970     2757     2470     2894     2481     2016     1995     1517     3363     1160     640      328      1519     1816     1689     3117     1854     1273     881      2940     481      3130     1044     1548     1618     2911     1710     2558     3206     2532     1585     2030     759      1501     2955     1444     1625     934      2785     1459     980      1334     1858     1576     3518     1608     2457     3343     965      787      3074     2577     2899     1917     2956     1054     1986     1568     2325     2767     
21       1624     4647     571      2425     130      1424     2727     2374     4155     3446     3315     2948     4455     1927     494      4226     3744     3863     3488     2505     1970     0        3731     2281     2980     2722     3713     3964     1229     4692     2252     2276     1708     2969     3776     1561     4143     3790     3210     2395     4517     2188     3680     1785     3174     3450     4473     638      2383     2811     1889     424      181      2730     2334     3513     3414     3532     2838     3464     751      2658     720      331      3421     3313     3566     4257     4679     2935     1223     3543     2329     4503     3882     4538     1596     3092     1101     1380     3554     
22       2316     1132     3438     2533     3710     2389     1103     1420     2083     1357     1181     2222     1882     1818     3999     1920     3227     188      1557     3519     2757     3731     0        1907     1478     1320     1577     2897     2506     1130     1662     2124     2657     1322     3182     2207     412      3390     3115     1881     1478     3169     789      2049     1514     3628     1419     3107     1872     2208     2464     3348     3893     2706     1434     738      2891     3411     2281     536      3735     3489     3533     3421     2020     2037     2605     2011     1127     2656     3195     901      1966     1536     3173     1499     2214     770      2640     2815     348      
23       660      3026     2251     2594     2317     1502     1475     1308     3387     1175     2250     2719     3428     1121     2698     3328     3873     2088     1206     3383     2470     2281     1907     0        707      594      2806     3785     1205     3033     1536     2115     2182     2036     3862     871      2274     4001     3502     1983     3211     2947     1530     1429     2369     3969     3152     1667     105      735      568      2026     2463     2930     1230     1395     3471     3874     2685     1448     2625     3447     2430     1952     2898     1108     3373     3400     3029     3023     2389     1366     111      3240     3914     3233     1428     1665     1280     1018     1606     
24       1355     2604     2907     2914     3009     2043     1507     1505     3303     468      2180     2899     3238     1532     3381     3198     4054     1666     529      3801     2894     2980     1478     707      0        419      2724     3876     1847     2591     1800     2420     2646     2068     4030     1493     1776     4197     3759     2233     2920     3375     900      1868     2391     4256     2860     2356     613      730      1232     2702     3160     3216     1444     809      3661     4118     2895     949      3274     3839     3073     2649     2954     686      3492     3280     2592     3265     2960     725      690      2966     4062     2942     1926     1537     1940     1719     1134     
25       1128     2447     2588     2494     2736     1667     1112     1087     2963     791      1826     2489     2943     1130     3091     2876     3647     1503     914      3386     2481     2722     1320     594      419      0        2380     3486     1533     2449     1381     2000     2242     1681     3625     1179     1681     3788     3342     1814     2676     2961     973      1465     2011     3838     2617     2085     552      1000     1161     2409     2899     2797     1024     822      3252     3703     2482     855      2945     3421     2741     2392     2569     1093     3095     2954     2446     2849     2586     824      646      2713     3660     2699     1538     1195     1642     1575     1012     
26       2863     1446     3236     1588     3641     2317     1334     1585     583      2795     557      1034     741      2005     3790     542      1722     1481     2998     2447     2016     3713     1577     2806     2724     2380     0        1333     2700     1537     1535     1472     2116     815      1666     2573     1715     1887     1757     1319     943      2241     2326     1981     542      2232     925      3215     2829     3381     3228     3289     3828     1560     1661     2220     1452     1973     1149     1985     3402     2355     3236     3482     575      3393     1103     602      1513     1412     2735     2390     2906     891      1637     957      2164     1188     2826     3356     1836     
27       3640     2665     3405     1542     3859     2798     2373     2477     1012     4028     1756     1111     1505     2756     3870     1243     522      2811     4225     1862     1995     3964     2897     3785     3876     3486     1333     0        3278     2760     2274     1826     2263     1808     448      3290     3047     662      923      1856     2021     1912     3616     2573     1489     1175     2036     3637     3835     4452     4085     3568     4025     1241     2555     3492     591      884      1187     3259     3427     1708     3322     3828     924      4562     426      1174     2736     1030     2774     3659     3895     1937     359      2022     2708     2378     3374     4059     3129     
28       598      3463     1060     1814     1223     493      1549     1201     3214     2299     2227     2172     3430     738      1560     3239     3210     2644     2374     2374     1517     1229     2506     1205     1847     1533     2700     3278     0        3501     1165     1452     1190     1898     3220     355      2918     3304     2740     1462     3406     1947     2468     732      2164     3130     3357     600      1310     1882     1061     879      1398     2170     1148     2297     2823     3109     2091     2237     1427     2473     1229     914      2544     2311     2853     3286     3489     2327     1216     2339     1286     3404     3301     3428     573      1903     136      812      2324     
29       3398     96       4324     3010     4653     3285     1965     2318     1760     2395     1537     2524     1330     2771     4895     1533     3216     945      2581     3942     3363     4692     1130     3033     2591     2449     1537     2760     3501     0        2471     2736     3362     1854     3153     3241     832      3379     3294     2512     774      3681     1783     2924     1839     3763     743      4094     3001     3320     3584     4286     4841     3058     2360     1803     2982     3497     2624     1643     4575     3866     4383     4401     2112     3092     2619     1615     24       2932     3962     1938     3095     863      3103     781      3107     1601     3637     3907     1460     
30       1384     2417     1853     1113     2200     828      559      308      2062     2110     1072     1186     2264     493      2424     2075     2337     1744     2269     2032     1160     2252     1662     1536     1800     1381     1535     2274     1165     2471     0        619      1004     734      2326     1059     2053     2465     1980     448      2269     1623     1970     468      1003     2465     2223     1702     1599     2244     1812     1834     2390     1421     357      1794     1935     2348     1149     1629     2110     2052     1915     1988     1438     2463     1853     2125     2455     1493     1535     1914     1647     2259     2381     2289     657      913      1293     1847     1624     
31       1845     2666     1772     493      2192     977      1074     922      1879     2724     1203     721      2205     1002     2319     1960     1795     2165     2887     1434     640      2276     2124     2115     2420     2000     1472     1826     1452     2736     619      0        648      883      1795     1485     2478     1907     1388     243      2360     1051     2544     759      958      1856     2326     1849     2188     2839     2312     1855     2377     814      977      2373     1396     1761     638      2188     1929     1442     1763     2079     1148     3080     1400     1986     2716     918      1268     2504     2227     2327     1866     2378     882      1355     1551     2238     2154     
32       1729     3296     1167     721      1610     718      1557     1290     2488     3021     1841     1246     2843     1114     1691     2588     2095     2724     3156     1209     328      1708     2657     2182     2646     2242     2116     2263     1190     3362     1004     648      0        1509     2117     1376     3037     2168     1589     851      3008     772      2956     778      1607     1946     2974     1397     2273     2915     2215     1305     1786     1050     1311     2778     1735     1947     1133     2626     1287     1291     1131     1565     1741     3250     1859     2607     3344     1242     619      2885     2286     2976     2213     3026     754      1893     1240     1998     2628     
33       2049     1787     2533     1225     2908     1549     572      772      1374     2240     347      919      1532     1190     3101     1358     2019     1327     2431     2207     1519     2969     1322     2036     2068     1681     815      1808     1898     1854     734      883      1509     0        1987     1758     1635     2172     1821     657      1550     1881     1899     1197     333      2336     1507     2435     2071     2663     2426     2547     3098     1384     850      1751     1644     2144     964      1530     2749     2169     2566     2716     887      2754     1431     1416     1835     1345     2115     1909     2141     1534     2007     1570     1385     615      2027     2540     1441     
34       3640     3058     3208     1413     3664     2728     2524     2568     1434     4227     2007     1144     1935     2781     3632     1662     73       3115     4417     1507     1816     3776     3182     3862     4030     3625     1666     448      3220     3153     2326     1795     2117     1987     0        3280     3371     226      587      1883     2433     1635     3861     2554     1699     731      2443     3513     3922     4558     4105     3401     3820     1067     2642     3725     399      443      1178     3496     3185     1343     3102     3674     1161     4715     576      1601     3128     892      2561     3887     3973     2352     121      2437     2664     2590     3302     4022     3382     
35       364      3209     1416     1910     1565     662      1330     1005     3116     1943     2064     2180     3284     570      1912     3116     3279     2355     2021     2584     1689     1561     2207     871      1493     1179     2573     3290     355      3241     1059     1485     1376     1758     3280     0        2617     3386     2843     1436     3209     2149     2121     726      2054     3268     3156     922      974      1576     847      1230     1734     2264     937      1952     2881     3217     2116     1905     1781     2666     1580     1236     2492     1979     2864     3172     3230     2397     1519     1989     961      3214     3352     3231     642      1661     464      788      2003     
36       2715     863      3846     2860     4122     2797     1496     1823     2149     1563     1428     2496     1856     2229     4408     1956     3423     313      1750     3842     3117     4143     412      2274     1776     1681     1715     3047     2918     832      2053     2478     3037     1635     3371     2617     0        3588     3367     2236     1370     3511     952      2453     1771     3873     1315     3518     2230     2500     2838     3760     4305     3002     1841     976      3114     3639     2567     838      4140     3800     3938     3833     2223     2260     2798     2047     837      2930     3589     1106     2324     1444     3350     1388     2620     1144     3051     3209     669      
37       3748     3284     3219     1489     3674     2810     2697     2719     1659     4408     2212     1299     2160     2905     3617     1888     165      3328     4596     1430     1854     3790     3390     4001     4197     3788     1887     662      3304     3379     2465     1907     2168     2172     226      3386     3588     0        582      2017     2660     1617     4058     2661     1896     555      2670     3563     4064     4706     4220     3427     3823     1134     2792     3918     536      299      1316     3692     3170     1261     3100     3707     1371     4881     789      1826     3355     989      2568     4079     4112     2579     304      2663     2759     2781     3379     4112     3582     
38       3207     3203     2640     933      3095     2247     2290     2257     1717     4010     1942     902      2216     2390     3050     1925     542      3083     4189     940      1273     3210     3115     3502     3759     3342     1757     923      2740     3294     1980     1388     1589     1821     587      2843     3367     582      0        1534     2644     1050     3718     2124     1603     515      2641     2983     3573     4222     3684     2845     3247     579      2325     3565     362      374      873      3349     2603     784      2525     3124     1183     4434     736      1885     3270     494      1989     3718     3614     2573     704      2652     2207     2435     2810     3551     3262     
39       1783     2445     1919     700      2321     1023     839      727      1777     2517     991      751      2061     903      2479     1833     1891     1923     2685     1667     881      2395     1881     1983     2233     1814     1319     1856     1462     2512     448      243      851      657      1883     1436     2236     2017     1534     0        2172     1292     2313     733      784      2023     2134     1920     2048     2693     2232     1970     2508     982      792      2144     1489     1900     704      1954     2108     1665     1932     2173     1082     2903     1431     1868     2493     1045     1462     2279     2094     2145     1942     2190     893      1112     1574     2213     1915     
40       3437     680      4080     2527     4458     3095     1879     2211     1009     2836     1203     1978     556      2671     4646     778      2500     1304     3036     3385     2940     4517     1478     3211     2920     2676     943      2021     3406     774      2269     2360     3008     1550     2433     3209     1370     2660     2644     2172     0        3183     2255     2737     1402     3084     60       3968     3204     3641     3716     4096     4648     2501     2273     2217     2309     2806     2092     2008     4280     3288     4104     4257     1496     3513     1933     853      751      2343     3627     2378     3293     88       2372     22       2926     1575     3540     3950     1822     
41       2500     3602     1618     670      2068     1489     2123     1931     2445     3722     2154     1210     2888     1853     2001     2603     1592     3199     3870     436      481      2188     3169     2947     3375     2961     2241     1912     1947     3681     1623     1051     772      1881     1635     2149     3511     1617     1050     1292     3183     0        3586     1524     1841     1267     3162     2048     3036     3682     2985     1851     2211     731      1972     3413     1323     1346     1092     3235     1554     527      1486     2140     1725     3999     1586     2595     3659     939      968      3537     3053     3132     1750     3197     1524     2402     1980     2742     3205     
42       2102     1814     3501     3009     3687     2508     1473     1669     2857     612      1861     2816     2672     1923     4026     2704     3900     952      798      3978     3130     3680     789      1530     900      973      2326     3616     2468     1783     1970     2544     2956     1899     3861     2121     952      4058     3718     2313     2255     3586     0        2229     2162     4232     2196     3041     1458     1589     2092     3347     3855     3245     1644     179      3538     4043     2850     368      3841     3977     3636     3352     2708     1309     3289     2793     1789     3234     3403     174      1547     2317     3866     2275     2352     1283     2586     2540     489      
43       1087     2873     1404     1193     1735     362      970      630      2484     2249     1538     1462     2717     335      1974     2516     2552     2152     2379     1958     1044     1785     2049     1429     1868     1465     1981     2573     732      2924     468      759      778      1197     2554     726      2453     2661     2124     733      2737     1524     2229     0        1441     2563     2691     1238     1515     2165     1561     1369     1924     1544     617      2050     2155     2498     1392     1922     1687     2017     1485     1520     1813     2476     2146     2560     2909     1671     1176     2142     1538     2726     2626     2758     189      1338     850      1486     1954     
44       2359     1760     2704     1171     3103     1775     905      1092     1062     2542     342      725      1283     1484     3262     1074     1738     1481     2737     2115     1548     3174     1514     2369     2391     2011     542      1489     2164     1839     1003     958      1607     333      1699     2054     1771     1896     1603     784      1402     1841     2162     1441     0        2114     1369     2673     2405     2996     2749     2749     3291     1245     1171     2025     1382     1898     806      1797     2885     2053     2713     2940     565      3076     1131     1122     1818     1158     2226     2188     2474     1368     1709     1419     1623     894      2288     2841     1686     
45       3632     3670     2882     1375     3327     2643     2799     2750     2113     4518     2452     1417     2619     2849     3223     2334     657      3592     4695     975      1618     3450     3628     3969     4256     3838     2232     1175     3130     3763     2465     1856     1946     2336     731      3268     3873     555      515      2023     3084     1267     4232     2563     2114     0        3086     3304     4044     4695     4115     3119     3461     1043     2815     4079     781      291      1385     3864     2780     808      2738     3407     1668     4927     1151     2283     3739     1002     2235     4231     4080     3007     840      3089     2627     2950     3186     3941     3777     
46       3383     648      4040     2503     4415     3049     1826     2160     1026     2776     1160     1959     590      2621     4606     796      2509     1245     2977     3371     2911     4473     1419     3152     2860     2617     925      2036     3357     743      2223     2326     2974     1507     2443     3156     1315     2670     2641     2134     60       3162     2196     2691     1369     3086     0        3921     3145     3581     3659     4052     4604     2485     2221     2158     2309     2810     2072     1948     4243     3276     4065     4211     1485     3453     1935     875      719      2331     3592     2319     3234     130      2385     82       2880     1519     3491     3896     1762     
47       1007     4053     663      2107     653      898      2134     1782     3697     2820     2774     2561     3953     1324     1031     3744     3492     3244     2871     2435     1710     638      3107     1667     2356     2085     3215     3637     600      4094     1702     1849     1397     2435     3513     922      3518     3563     2983     1920     3968     2048     3041     1238     2673     3304     3921     0        1771     2249     1337     379      814      2446     1735     2874     3128     3334     2463     2827     1032     2564     872      314      2990     2731     3220     3784     4082     2632     1128     2905     1724     3961     3607     3989     1051     2493     467      877      2920     
48       764      2997     2356     2670     2420     1600     1504     1359     3411     1079     2271     2777     3437     1200     2802     3345     3935     2055     1104     3472     2558     2383     1872     105      613      552      2829     3835     1310     3001     1599     2188     2273     2071     3922     974      2230     4064     3573     2048     3204     3036     1458     1515     2405     4044     3145     1771     0        652      634      2131     2565     3003     1282     1330     3533     3944     2748     1398     2730     3533     2535     2054     2941     1005     3425     3419     2998     3090     2491     1291     94       3236     3971     3226     1521     1673     1385     1106     1561     
49       1289     3334     2881     3322     2870     2226     2090     1990     3964     1021     2826     3413     3936     1853     3268     3876     4573     2396     921      4118     3206     2811     2208     735      730      1000     3381     4452     1882     3320     2244     2839     2915     2663     4558     1576     2500     4706     4222     2693     3641     3682     1589     2165     2996     4695     3581     2249     652      0        921      2626     2990     3654     1915     1526     4173     4592     3389     1678     3259     4182     3074     2496     3546     529      4050     3955     3321     3737     3091     1417     629      3684     4603     3663     2161     2196     1931     1436     1864     
