
sets
i        orders          /0*40/
k        routes          /1*40/
p        positions       /0*40/
;

alias(i,j)
alias(i,h)
alias(i,hh)
alias(i,jj)
alias(k,kk)
                
                    Parameters

rho(i)	Processing time
/
0	0
1	3
2	81
3	76
4	88
5	95
6	34
7	37
8	52
9	63
10	93
11	41
12	94
13	90
14	24
15	93
16	46
17	3
18	89
19	68
20	52
21	99
22	31
23	10
24	66
25	20
26	91
27	85
28	90
29	44
30	63
31	54
32	49
33	51
34	82
35	16
36	79
37	12
38	46
39	41
40	84
/

gamma(i)	Duedate
/
0	0
1	75
2	91
3	89
4	21
5	75
6	71
7	3
8	58
9	54
10	81
11	83
12	59
13	32
14	14
15	75
16	70
17	33
18	32
19	49
20	33
21	9
22	70
23	28
24	64
25	91
26	69
27	13
28	82
29	80
30	44
31	24
32	70
33	59
34	18
35	3
36	99
37	38
38	4
39	52
40	74
/

sigma(i)	Size
/
0	0
1	6
2	7
3	8
4	5
5	2
6	7
7	7
8	2
9	1
10	1
11	4
12	1
13	7
14	9
15	9
16	4
17	3
18	9
19	4
20	4
21	5
22	2
23	2
24	8
25	3
26	1
27	7
28	3
29	8
30	2
31	6
32	5
33	6
34	9
35	4
36	9
37	3
38	9
39	3
40	2
/

epsilon(i)	Priority
/
0	0
1	4
2	6
3	9
4	9
5	6
6	9
7	9
8	7
9	4
10	6
11	4
12	9
13	6
14	7
15	3
16	7
17	3
18	7
19	4
20	3
21	1
22	7
23	7
24	1
25	4
26	3
27	8
28	4
29	1
30	4
31	6
32	9
33	5
34	5
35	4
36	7
37	4
38	8
39	7
40	9
/

psi	Vehicle Capacity
/ 40 /
;

Table kappa(i,j)                 Setup
         0        1        2        3        4        5        6        7        8        9        10       11       12       13       14       15       16       17       18       19       20       21       22       23       24       25       26       27       28       29       30       31       32       33       34       35       36       37       38       39       40       
0        0        859      132      872      689      1104     1016     697      612      447      1169     449      596      612      1057     21       1181     953      356      78       910      445      115      893      650      309      1036     306      423      966      776      1277     926      882      1089     863      834      222      758      861      949      
1        859      0        970      1130     326      857      952      282      1051     412      984      458      806      1021     604      840      628      762      661      834      801      1077     748      1113     1223     901      590      609      525      394      1011     882      1026     408      1096     1181     892      751      943      70       720      
2        132      970      0        821      770      1123     1012     785      548      559      1175     577      589      555      1109     143      1240     975      399      136      921      350      243      847      550      262      1089     383      497      1040     738      1310     900      951      1069     801      824      260      733      977      977      
3        872      1130     821      0        803      582      374      848      279      906      542      1050     349      266      781      860      917      510      619      796      428      508      890      45       404      565      771      728      706      886      122      797      186      802      324      78       268      682      187      1184     551      
4        689      326      770      803      0        603      653      45       736      303      719      448      483      704      422      667      517      479      394      639      499      795      597      787      918      633      403      387      274      281      685      694      706      211      791      855      570      517      616      381      444      
5        1104     857      1123     582      603      0        212      640      743      872      129      1031     547      709      286      1084     381      151      749      1030     205      940      1058     539      933      879      290      826      728      481      534      217      396      449      331      660      353      882      481      927      165      
6        1016     952      1012     374      653      212      0        697      566      871      178      1032     423      536      458      998      577      198      678      939      153      781      991      330      745      754      455      772      696      618      343      423      187      558      146      452      189      795      304      1018     244      
7        697      282      785      848      45       640      697      0        776      291      758      426      525      744      446      676      531      520      419      651      543      826      601      832      955      661      427      401      292      286      729      722      751      229      835      899      615      536      661      336      484      
8        612      1051     548      279      736      743      566      776      0        744      745      867      264      36       862      603      1006     625      433      540      546      230      649      312      199      303      846      534      553      903      228      959      403      808      572      253      390      449      264      1093     652      
9        447      412      559      906      303      872      871      291      744      0        974      161      556      722      724      428      820      731      312      423      726      709      338      905      883      525      704      223      200      577      785      990      867      514      991      936      737      358      731      419      706      
10       1169     984      1175     542      719      129      178      758      745      974      0        1135     587      714      414      1151     498      244      821      1093     261      958      1134     497      923      922      419      906      817      611      521      277      358      576      244      619      362      947      482      1053     274      
11       449      458      577      1050     448      1031     1032     426      867      161      1135     0        703      848      871      434      956      891      437      452      887      796      334      1052     985      613      851      332      349      707      931      1142     1022     655      1150     1074     894      439      881      439      866      
12       596      806      589      349      483      547      423      525      264      556      587      703      0        229      612      579      756      407      282      518      341      404      583      349      461      335      595      390      356      639      228      750      338      544      495      384      237      379      180      853      422      
13       612      1021     555      266      704      709      536      744      36       722      714      848      229      0        825      602      970      590      412      538      511      252      642      295      236      303      810      516      528      868      202      924      377      773      547      250      357      439      231      1064     616      
14       1057     604      1109     781      422      286      458      446      862      724      414      871      612      825      0        1035     144      274      710      992      353      1013     984      746      1062     903      20       753      638      210      698      282      612      218      599      855      515      850      630      675      230      
15       21       840      143      860      667      1084     998      676      603      428      1151     434      579      602      1035     0        1159     933      336      64       891      442      100      880      647      299      1015     285      402      944      762      1257     910      861      1073     852      817      203      743      842      929      
16       1181     628      1240     917      517      381      577      531      1006     820      498      956      756      970      144      1159     0        407      840      1120     489      1156     1102     880      1206     1042     161      875      758      251      839      283      743      307      710      992      654      980      771      697      367      
17       953      762      975      510      479      151      198      520      625      731      244      891      407      590      274      933      407      0        598      880      83       808      907      473      821      735      266      675      579      420      436      343      338      362      344      585      249      732      373      829      47       
18       356      661      399      619      394      749      678      419      433      312      821      437      282      412      710      336      840      598      0        285      559      416      313      626      575      242      689      108      135      648      503      921      619      556      769      638      507      140      462      690      593      
19       78       834      136      796      639      1030     939      651      540      423      1093     452      518      538      992      64       1120     880      285      0        834      386      130      816      591      236      972      251      367      912      698      1207     847      825      1011     788      756      148      680      842      877      
20       910      801      921      428      499      205      153      543      546      726      261      887      341      511      353      891      489      83       559      834      0        735      872      392      741      674      344      645      559      483      353      414      260      414      295      503      166      687      291      866      123      
21       445      1077     350      508      795      940      781      826      230      709      958      796      404      252      1013     442      1156     808      416      386      735      0        513      542      204      184      995      486      552      1013     455      1150     629      916      799      471      595      357      477      1106     826      
22       115      748      243      890      597      1058     991      601      649      338      1134     334      583      642      984      100      1102     907      313      130      872      513      0        905      716      351      964      234      346      878      784      1219     920      798      1077     891      816      208      757      747      898      
23       893      1113     847      45       787      539      330      832      312      905      497      1052     349      295      746      880      880      473      626      816      392      542      905      0        447      588      736      734      705      857      122      753      143      775      280      122      237      696      175      1169     515      
24       650      1223     550      404      918      933      745      955      199      883      923      985      461      236      1062     647      1206     821      575      591      741      204      716      447      0        374      1046     662      707      1100     402      1150     568      1004     726      344      580      546      452      1259     850      
25       309      901      262      565      633      879      754      661      303      525      922      613      335      303      903      299      1042     735      242      236      674      184      351      588      374      0        884      302      376      873      476      1076     637      778      806      553      565      174      470      926      744      
26       1036     590      1089     771      403      290      455      427      846      704      419      851      595      810      20       1015     161      266      689      972      344      995      964      736      1046     884      0        732      617      198      686      298      604      200      597      845      504      829      617      661      221      
27       306      609      383      728      387      826      772      401      534      223      906      332      390      516      753      285      875      675      108      251      645      486      234      734      662      302      732      0        117      661      612      984      724      576      871      746      608      142      570      628      664      
28       423      525      497      706      274      728      696      292      553      200      817      349      356      528      638      402      758      579      135      367      559      552      346      705      707      376      617      117      0        544      585      876      673      459      806      736      547      244      532      555      564      
29       966      394      1040     886      281      481      618      286      903      577      611      707      639      868      210      944      251      420      648      912      483      1013     878      857      1100     873      198      661      544      0        784      487      739      96       764      953      620      781      712      465      373      
30       776      1011     738      122      685      534      343      729      228      785      521      931      228      202      698      762      839      436      503      698      353      455      784      122      402      476      686      612      585      784      0        751      175      696      344      171      186      576      72       1064     472      
31       1277     882      1310     797      694      217      423      722      959      990      277      1142     750      924      282      1257     283      343      921      1207     414      1150     1219     753      1150     1076     298      984      876      487      751      0        610      498      520      875      570      1059     698      953      333      
32       926      1026     900      186      706      396      187      751      403      867      358      1022     338      377      612      910      743      338      619      847      260      629      920      143      568      637      604      724      673      739      175      610      0        664      170      264      135      714      167      1086     382      
33       882      408      951      802      211      449      558      229      808      514      576      655      544      773      218      861      307      362      556      825      414      916      798      775      1004     778      200      576      459      96       696      498      664      0        704      867      539      691      624      477      317      
34       1089     1096     1069     324      791      331      146      835      572      991      244      1150     495      547      599      1073     710      344      769      1011     295      799      1077     280      726      806      597      871      806      764      344      520      170      704      0        397      263      874      336      1161     391      
35       863      1181     801      78       855      660      452      899      253      936      619      1074     384      250      855      852      992      585      638      788      503      471      891      122      344      553      845      746      736      953      171      875      264      867      397      0        340      685      243      1233     626      
36       834      892      824      268      570      353      189      615      390      737      362      894      237      357      515      817      654      249      507      756      166      595      816      237      580      565      504      608      547      620      186      570      135      539      263      340      0        615      127      951      287      
37       222      751      260      682      517      882      795      536      449      358      947      439      379      439      850      203      980      732      140      148      687      357      208      696      546      174      829      142      244      781      576      1059     714      691      874      685      615      0        549      770      729      
38       758      943      733      187      616      481      304      661      264      731      482      881      180      231      630      743      771      373      462      680      291      477      757      175      452      470      617      570      532      712      72       698      167      624      336      243      127      549      0        996      406      
39       861      70       977      1184     381      927      1018     336      1093     419      1053     439      853      1064     675      842      697      829      690      842      866      1106     747      1169     1259     926      661      628      555      465      1064     953      1086     477      1161     1233     951      770      996      0        787      
40       949      720      977      551      444      165      244      484      652      706      274      866      422      616      230      929      367      47       593      877      123      826      898      515      850      744      221      664      564      373      472      333      382      317      391      626      287      729      406      787      0        
;



Table delta(i,j)                 Distance
         0        1        2        3        4        5        6        7        8        9        10       11       12       13       14       15       16       17       18       19       20       21       22       23       24       25       26       27       28       29       30       31       32       33       34       35       36       37       38       39       40       
0        0        359      769      883      645      452      242      781      574      879      849      634      423      689      241      810      488      1096     871      627      975      982      541      350      352      973      666      607      84       843      61       171      1103     1142     1030     1137     1228     301      660      877      1016     
1        359      0        544      1127     334      465      581      644      219      965      688      782      430      478      315      1034     154      1324     835      386      1137     987      681      78       142      1170     315      286      322      865      352      476      1198     1133     950      1038     1163     659      983      706      1138     
2        769      544      0        1116     264      433      880      200      430      739      188      714      433      80       548      1007     409      1255     468      158      988      636      651      485      444      1070     394      310      784      575      800      770      934      735      493      548      695      993      1155     187      925      
3        883      1127     1116     0        1212     731      671      956      1260     484      1025     402      753      1061     811      109      1163     215      773      1088     286      710      481      1065     1014     182      1315     1209     967      637      940      712      527      813      929      1028     999      709      375      1060     417      
4        645      334      264      1212     0        480      819      436      168      915      447      817      460      234      481      1106     180      1380     689      148      1140     858      731      302      294      1203     135      51       633      770      657      704      1132     976      747      811      955      919      1166     451      1102     
5        452      465      433      731      480      0        477      359      542      500      436      341      36       360      217      626      450      904      419      363      684      546      250      389      327      733      587      479      507      413      505      380      732      702      578      686      776      593      722      470      673      
6        242      581      880      671      819      477      0        836      781      774      912      510      462      800      341      613      687      887      850      763      810      924      440      552      532      786      866      790      319      786      287      115      976      1083     1026     1139     1203     116      418      945      876      
7        781      644      200      956      436      359      836      0        586      547      78       563      376      201      540      847      538      1078     267      294      802      435      520      572      516      892      571      472      816      378      824      737      735      541      315      394      527      953      1045     114      731      
8        574      219      430      1260     168      542      781      586      0        1019     607      883      514      389      471      1160     99       1444     824      292      1225     990      788      228      257      1276     96       120      542      889      571      670      1244     1119     901      971      1112     868      1164     614      1202     
9        879      965      739      484      915      500      774      547      1019     0        601      263      535      708      690      392      936      549      309      770      261      226      341      889      826      365      1042     931      953      174      940      737      232      350      448      543      522      869      733      631      187      
10       849      688      188      1025     447      436      912      78       607      601      0        636      451      219      610      917      571      1139     303      317      859      464      596      619      567      953      580      489      880      428      889      811      774      551      304      364      508      1028     1123     36       780      
11       634      782      714      402      817      341      510      563      883      263      636      0        369      658      477      294      789      563      428      688      355      442      101      711      653      392      928      819      713      317      695      482      471      593      607      718      741      605      518      671      381      
12       423      430      433      753      460      36       462      376      514      535      451      369      0        357      185      649      420      930      452      351      715      581      275      354      292      761      562      456      474      449      474      360      768      737      607      714      808      578      727      484      708      
13       689      478      80       1061     234      360      800      201      389      708      219      658      357      0        467      952      352      1208     459      98       949      628      588      414      369      1025     370      271      706      551      720      689      914      742      514      582      723      913      1082     231      895      
14       241      315      548      811      481      217      341      540      471      690      610      477      185      467      0        718      371      1009     637      422      833      761      376      256      213      858      545      457      289      625      289      227      921      918      791      897      993      449      694      640      848      
15       810      1034     1007     109      1106     626      613      847      1160     392      917      294      649      952      718      0        1063     291      669      981      240      618      375      970      917      176      1212     1105     894      536      869      639      472      732      831      932      913      667      387      952      358      
16       488      154      409      1163     180      450      687      538      99       936      571      789      420      352      371      1063     0        1348     760      254      1134     922      693      138      158      1182     179      131      465      813      492      574      1164     1057     852      931      1065     777      1065     583      1117     
17       1096     1324     1255     215      1380     904      887      1078     1444     549      1139     563      930      1208     1009     291      1348     0        858      1248     290      756      655      1259     1205     186      1491     1383     1180     721      1154     924      494      822      990      1074     1014     923      569      1172     410      
18       871      835      468      773      689      419      850      267      824      309      303      428      452      459      637      669      760      858      0        542      570      169      436      757      694      673      824      718      926      137      924      775      471      298      181      295      358      962      947      329      480      
19       627      386      158      1088     148      363      763      294      292      770      317      688      351      98       422      981      254      1248     542      0        1000     710      608      327      290      1069     282      177      635      622      653      649      984      831      609      680      820      872      1076     328      957      
20       975      1137     988      286      1140     684      810      802      1225     261      859      355      715      949      833      240      1134     290      570      1000     0        466      457      1065     1005     117      1261     1150     1056     434      1035     811      240      543      699      785      734      880      627      891      133      
21       982      987      636      710      858      546      924      435      990      226      464      442      581      628      761      618      922      756      169      710      466      0        486      908      845      580      992      886      1046     140      1039     866      318      160      235      319      301      1030     947      486      353      
22       541      681      651      481      731      250      440      520      788      341      596      101      275      588      376      375      693      655      436      608      457      486      0        611      554      490      837      730      617      350      602      396      562      644      617      731      774      544      528      632      478      
23       350      78       485      1065     302      389      552      572      228      889      619      711      354      414      256      970      138      1259     757      327      1065     908      611      0        63       1101     317      260      331      787      356      442      1121     1055     874      964      1087     640      940      639      1062     
24       352      142      444      1014     294      327      532      516      257      826      567      653      292      369      213      917      158      1205     694      290      1005     845      554      63       0        1044     335      259      347      723      368      419      1058     992      815      907      1027     628      907      588      1000     
25       973      1170     1070     182      1203     733      786      892      1276     365      953      392      761      1025     858      176      1182     186      673      1069     117      580      490      1101     1044     0        1319     1209     1056     536      1033     804      352      661      810      899      851      843      548      986      250      
26       666      315      394      1315     135      587      866      571      96       1042     580      928      562      370      545      1212     179      1491     824      282      1261     992      837      317      335      1319     0        111      637      901      665      754      1262     1112     882      942      1088     957      1240     581      1228     
27       607      286      310      1209     51       479      790      472      120      931      489      819      456      271      457      1105     131      1383     718      177      1150     886      730      260      259      1209     111      0        591      792      616      675      1152     1009     785      853      995      887      1148     494      1117     
28       84       322      784      967      633      507      319      816      542      953      880      713      474      706      289      894      465      1180     926      635      1056     1046     617      331      347      1056     637      591      0        908      34       255      1179     1205     1080     1184     1282     363      738      907      1094     
29       843      865      575      637      770      413      786      378      889      174      428      317      449      551      625      536      813      721      137      622      434      140      350      787      723      536      901      792      908      0        901      726      363      300      297      404      425      893      833      457      352      
30       61       352      800      940      657      505      287      824      571      940      889      695      474      720      289      869      492      1154     924      653      1035     1039     602      356      368      1033     665      616      34       901      0        229      1164     1199     1081     1187     1281     328      705      917      1077     
31       171      476      770      712      704      380      115      737      670      737      811      482      360      689      227      639      574      924      775      649      811      866      396      442      419      804      754      675      255      726      229      0        953      1026     947      1058     1132     223      508      844      861      
32       1103     1198     934      527      1132     732      976      735      1244     232      774      471      768      914      921      472      1164     494      471      984      240      318      562      1121     1058     352      1262     1152     1179     363      1164     953      0        335      546      608      527      1062     856      800      113      
33       1142     1133     735      813      976      702      1083     541      1119     350      551      593      737      742      918      732      1057     822      298      831      543      160      644      1055     992      661      1112     1009     1205     300      1199     1026     335      0        258      286      192      1188     1083     564      413      
34       1030     950      493      929      747      578      1026     315      901      448      304      607      607      514      791      831      852      990      181      609      699      235      617      874      815      810      882      785      1080     297      1081     947      546      258      0        113      213      1140     1126     312      588      
35       1137     1038     548      1028     811      686      1139     394      971      543      364      718      714      582      897      932      931      1074     295      680      785      319      731      964      907      899      942      853      1184     404      1187     1058     608      286      113      0        155      1253     1237     361      666      
36       1228     1163     695      999      955      776      1203     527      1112     522      508      741      808      723      993      913      1065     1014     358      820      734      301      774      1087     1027     851      1088     995      1282     425      1281     1132     527      192      213      155      0        1313     1249     510      605      
37       301      659      993      709      919      593      116      953      868      869      1028     605      578      913      449      667      777      923      962      872      880      1030     544      640      628      843      957      887      363      893      328      223      1062     1188     1140     1253     1313     0        402      1062     958      
38       660      983      1155     375      1166     722      418      1045     1164     733      1123     518      727      1082     694      387      1065     569      947      1076     627      947      528      940      907      548      1240     1148     738      833      705      508      856      1083     1126     1237     1249     402      0        1159     742      
39       877      706      187      1060     451      470      945      114      614      631      36       671      484      231      640      952      583      1172     329      328      891      486      632      639      588      986      581      494      907      457      917      844      800      564      312      361      510      1062     1159     0        808      
40       1016     1138     925      417      1102     673      876      731      1202     187      780      381      708      895      848      358      1117     410      480      957      133      353      478      1062     1000     250      1228     1117     1094     352      1077     861      113      413      588      666      605      958      742      808      0        
;

