
sets
i        orders          /0*40/
k        routes          /1*40/
p        positions       /0*40/
;

alias(i,j)
alias(i,h)
alias(i,hh)
alias(i,jj)
alias(k,kk)
                
                    Parameters

rho(i)	Processing time
/
0	0
1	68
2	53
3	97
4	1
5	35
6	19
7	31
8	47
9	71
10	74
11	79
12	11
13	39
14	22
15	96
16	90
17	22
18	60
19	90
20	7
21	41
22	85
23	7
24	87
25	43
26	67
27	68
28	30
29	71
30	43
31	43
32	87
33	73
34	76
35	90
36	8
37	52
38	25
39	98
40	35
/

gamma(i)	Duedate
/
0	0
1	75
2	64
3	3
4	32
5	20
6	78
7	48
8	12
9	32
10	39
11	67
12	82
13	34
14	94
15	68
16	33
17	60
18	30
19	58
20	4
21	17
22	54
23	28
24	66
25	60
26	6
27	5
28	31
29	2
30	76
31	69
32	41
33	17
34	53
35	30
36	51
37	78
38	65
39	26
40	98
/

sigma(i)	Size
/
0	0
1	8
2	7
3	1
4	5
5	3
6	4
7	1
8	4
9	1
10	9
11	8
12	1
13	9
14	5
15	9
16	4
17	1
18	1
19	1
20	1
21	5
22	5
23	2
24	9
25	8
26	4
27	9
28	7
29	6
30	7
31	5
32	1
33	1
34	1
35	4
36	6
37	4
38	6
39	7
40	4
/

epsilon(i)	Priority
/
0	0
1	9
2	7
3	4
4	8
5	1
6	7
7	2
8	6
9	4
10	1
11	6
12	7
13	4
14	2
15	7
16	6
17	2
18	8
19	1
20	7
21	6
22	9
23	7
24	7
25	6
26	3
27	9
28	5
29	2
30	1
31	6
32	5
33	2
34	6
35	6
36	4
37	6
38	1
39	3
40	6
/

psi	Vehicle Capacity
/ 24 /
;

Table kappa(i,j)                 Setup
         0        1        2        3        4        5        6        7        8        9        10       11       12       13       14       15       16       17       18       19       20       21       22       23       24       25       26       27       28       29       30       31       32       33       34       35       36       37       38       39       40       
0        0        1080     804      584      1132     466      661      949      1116     1237     332      1002     671      1139     594      1328     489      565      1561     999      722      1099     1168     1332     570      842      919      227      1124     1010     391      1458     1132     1170     696      804      261      1340     1013     1078     530      
1        1080     0        740      1139     103      746      906      217      630      1104     991      1174     799      1337     1281     1045     605      584      1174     315      438      72       1441     1123     1287     428      980      858      1575     1422     1148     994      53       956      642      807      820      1155     774      1112     934      
2        804      740      0        488      710      349      223      522      352      490      512      440      143      608      643      539      476      359      764      452      360      701      706      564      662      312      249      694      837      684      606      654      766      384      155      67       616      582      208      409      332      
3        584      1139     488      0        1139     421      265      934      836      742      275      446      364      562      155      874      622      575      1107     904      700      1120     583      846      175      736      438      630      560      432      209      1055     1177     727      509      440      572      844      650      554      205      
4        1132     103      710      1139     0        766      894      205      556      1039     1014     1135     786      1293     1286     969      647      607      1085     263      450      37       1400     1050     1295     407      941      915      1547     1395     1167     904      79       890      632      778      870      1083     718      1062     936      
5        466      746      349      421      766      0        288      562      650      822      249      667      240      832      546      887      205      163      1114     574      315      740      899      906      548      403      523      346      949      802      402      999      791      730      230      366      268      920      556      697      224      
6        661      906      223      265      894      288      0        693      573      575      337      379      107      543      421      675      482      395      910      649      479      879      614      671      439      486      257      611      689      536      396      830      940      518      263      180      536      678      400      423      135      
7        949      217      522      934      205      562      693      0        450      903      811      957      585      1121     1080     861      460      406      1014     129      246      186      1224     932      1089     210      763      740      1358     1205     962      841      247      758      429      590      688      963      567      899      731      
8        1116     630      352      836      556      650      573      450      0        486      854      650      493      785      990      415      693      579      568      323      472      566      899      494      1011     338      476      965      1085     943      958      404      632      339      419      396      891      527      212      546      684      
9        1237     1104     490      742      1039     822      575      903      486      0        911      332      583      376      862      166      966      849      373      788      825      1045     488      105      893      728      320      1168     715      609      936      384      1112     148      645      457      1089     103      340      196      708      
10       332      991      512      275      1014     249      337      811      854      911      0        670      370      811      346      1012     407      408      1247     819      564      988      849      1008     337      647      591      356      835      707      161      1158     1037     854      446      497      302      1014     717      746      202      
11       1002     1174     440      446      1135     667      379      957      650      332      670      0        446      170      544      492      854      755      705      872      796      1130     266      436      576      750      194      985      435      300      653      703      1197     384      576      375      912      424      440      139      484      
12       671      799      143      364      786      240      107      585      493      583      370      446      0        616      519      658      410      309      889      543      375      771      697      669      534      379      286      584      789      636      464      790      832      499      156      132      506      682      346      459      190      
13       1139     1337     608      562      1293     832      543      1121     785      376      811      170      616      0        625      542      1023     925      721      1030     966      1290     115      463      658      916      360      1140     339      252      770      760      1357     478      746      545      1069     440      583      239      638      
14       594      1281     643      155      1286     546      421      1080     990      862      346      544      519      625      0        1004     738      707      1232     1056     842      1266     618      967      33       886      575      692      533      437      208      1193     1322     863      660      594      647      960      800      667      349      
15       1328     1045     539      874      969      887      675      861      415      166      1012     492      658      542      1004     0        1004     884      235      737      829      981      653      96       1033     714      436      1233     881      775      1057     217      1046     158      683      525      1155     131      345      352      810      
16       489      605      476      622      647      205      482      460      693      966      407      854      410      1023     738      1004     0        119      1217     516      242      615      1096     1038     735      375      693      288      1154     1006     569      1080     654      855      322      515      228      1057     660      866      429      
17       565      584      359      575      607      163      395      406      579      849      408      755      309      925      707      884      119      0        1097     436      163      580      1005     920      710      277      585      388      1081     930      564      962      629      735      204      402      318      939      540      757      372      
18       1561     1174     764      1107     1085     1114     910      1014     568      373      1247     705      889      721      1232     235      1217     1097     0        885      1024     1104     820      269      1263     898      671      1458     1056     968      1293     182      1164     392      901      757      1380     284      561      569      1045     
19       999      315      452      904      263      574      649      129      323      788      819      872      543      1030     1056     737      516      436      885      0        276      261      1137     811      1069     173      678      804      1287     1135     960      712      328      641      396      519      744      842      459      801      709      
20       722      438      360      700      450      315      479      246      472      825      564      796      375      966      842      829      242      163      1024     276      0        426      1059     880      849      137      609      530      1164     1011     716      872      479      694      223      421      468      904      490      769      495      
21       1099     72       701      1120     37       740      879      186      566      1045     988      1130     771      1290     1266     981      615      580      1104     261      426      0        1396     1060     1273     393      935      881      1538     1386     1142     924      67       897      615      769      838      1093     720      1062     916      
22       1168     1441     706      583      1400     899      614      1224     899      488      849      266      697      115      618      653      1096     1005     820      1137     1059     1396     0        570      651      1016     461      1191     236      195      786      870      1463     594      836      640      1123     544      695      354      692      
23       1332     1123     564      846      1050     906      671      932      494      105      1008     436      669      463      967      96       1038     920      269      811      880      1060     570      0        998      773      419      1253     802      704      1039     302      1126     185      716      540      1174     35       389      301      805      
24       570      1287     662      175      1295     548      439      1089     1011     893      337      576      534      658      33       1033     735      710      1263     1069     849      1273     651      998      0        897      603      677      561      468      190      1221     1329     891      672      615      634      992      824      699      359      
25       842      428      312      736      407      403      486      210      338      728      647      750      379      916      886      714      375      277      898      173      137      393      1016     773      897      0        556      661      1147     994      787      741      457      590      226      379      594      800      388      701      538      
26       919      980      249      438      941      523      257      763      476      320      591      194      286      360      575      436      693      585      671      678      609      935      461      419      603      556      0        862      616      469      622      618      1002     288      394      188      785      423      264      173      389      
27       227      858      694      630      915      346      611      740      965      1168     356      985      584      1140     692      1233     288      388      1458     804      530      881      1191     1253     677      661      862      0        1191     1060     487      1336     910      1077     560      713      78       1266     898      1033     502      
28       1124     1575     837      560      1547     949      689      1358     1085     715      835      435      789      339      533      881      1154     1081     1056     1287     1164     1538     236      802      561      1147     616      1191     0        153      733      1099     1603     806      942      769      1132     778      874      556      726      
29       1010     1422     684      432      1395     802      536      1205     943      609      707      300      636      252      437      775      1006     930      968      1135     1011     1386     195      704      468      994      469      1060     153      0        621      991      1450     682      789      616      997      684      731      432      581      
30       391      1148     606      209      1167     402      396      962      958      936      161      653      464      770      208      1057     569      564      1293     960      716      1142     786      1039     190      787      622      487      733      621      0        1225     1193     904      573      575      447      1039     796      754      274      
31       1458     994      654      1055     904      999      830      841      404      384      1158     703      790      760      1193     217      1080     962      182      712      872      924      870      302      1221     741      618      1336     1099     991      1225     0        983      331      775      661      1259     333      445      563      963      
32       1132     53       766      1177     79       791      940      247      632      1112     1037     1197     832      1357     1322     1046     654      629      1164     328      479      67       1463     1126     1329     457      1002     910      1603     1450     1193     983      0        964      676      834      872      1159     787      1129     973      
33       1170     956      384      727      890      730      518      758      339      148      854      384      499      478      863      158      855      735      392      641      694      897      594      185      891      590      288      1077     806      682      904      331      964      0        532      367      999      210      203      250      653      
34       696      642      155      509      632      230      263      429      419      645      446      576      156      746      660      683      322      204      901      396      223      615      836      716      672      226      394      560      942      789      573      775      676      532      0        206      483      735      341      561      313      
35       804      807      67       440      778      366      180      590      396      457      497      375      132      545      594      525      515      402      757      519      421      769      640      540      615      379      188      713      769      616      575      661      834      367      206      0        634      553      222      355      304      
36       261      820      616      572      870      268      536      688      891      1089     302      912      506      1069     647      1155     228      318      1380     744      468      838      1123     1174     634      594      785      78       1132     997      447      1259     872      999      483      634      0        1188     820      957      431      
37       1340     1155     582      844      1083     920      678      963      527      103      1014     424      682      440      960      131      1057     939      284      842      904      1093     544      35       992      800      423      1266     778      684      1039     333      1159     210      735      553      1188     0        414      293      811      
38       1013     774      208      650      718      556      400      567      212      340      717      440      346      583      800      345      660      540      561      459      490      720      695      389      824      388      264      898      874      731      796      445      787      203      341      222      820      414      0        346      526      
39       1078     1112     409      554      1062     697      423      899      546      196      746      139      459      239      667      352      866      757      569      801      769      1062     354      301      699      701      173      1033     556      432      754      563      1129     250      561      355      957      293      346      0        548      
40       530      934      332      205      936      224      135      731      684      708      202      484      190      638      349      810      429      372      1045     709      495      916      692      805      359      538      389      502      726      581      274      963      973      653      313      304      431      811      526      548      0        
;



Table delta(i,j)                 Distance
         0        1        2        3        4        5        6        7        8        9        10       11       12       13       14       15       16       17       18       19       20       21       22       23       24       25       26       27       28       29       30       31       32       33       34       35       36       37       38       39       40       
0        0        1108     449      347      965      962      1382     1113     1026     1041     833      1200     1210     995      1462     995      544      331      309      870      739      1232     404      521      702      572      1047     527      1051     371      793      1063     574      763      771      1339     1365     1143     1131     476      1185     
1        1108     0        803      771      230      154      417      968      911      362      693      227      260      256      523      609      758      818      827      446      378      902      732      827      544      545      493      654      854      737      536      707      588      741      991      346      491      388      327      683      555      
2        449      803      0        204      606      687      986      684      595      633      383      962      830      790      1053     549      94       148      394      755      434      788      399      93       630      294      614      498      610      300      362      613      492      316      396      955      949      730      946      142      1081     
3        347      771      204      0        617      631      1035     874      784      697      545      889      862      694      1116     682      277      76       191      614      396      959      198      298      467      227      715      312      789      100      465      765      323      493      601      991      1021     800      843      141      944      
4        965      230      606      617      0        214      427      752      689      175      463      447      247      385      519      393      548      650      719      517      235      707      635      616      546      394      295      595      637      610      308      498      531      511      762      376      442      252      512      504      727      
5        962      154      687      631      214      0        545      958      891      387      646      278      370      171      650      603      655      684      675      322      253      921      580      723      397      410      509      500      843      590      476      710      434      679      924      478      599      448      306      557      514      
6        1382     417      986      1035     427      545      0        833      813      353      708      585      182      674      105      540      909      1057     1146     861      662      699      1062     969      939      817      414      1015     741      1036     629      585      949      785      1011     73       120      264      721      910      947      
7        1113     968      684      874      752      958      833      0        90       609      354      1194     796      1126     829      359      598      832      1064     1207     804      182      1040     598      1158     809      480      1096     115      952      515      265      1059     383      370      856      726      620      1262     747      1470     
8        1026     911      595      784      689      891      813      90       0        558      269      1136     758      1056     821      305      508      742      974      1129     724      232      950      509      1074     722      434      1009     74       862      436      229      973      294      299      829      714      583      1196     657      1400     
9        1041     362      633      697      175      387      353      609      558      0        380      589      220      557      422      253      555      712      830      692      366      542      756      616      711      494      130      738      497      713      276      345      677      448      690      330      323      103      674      565      895      
10       833      693      383      545      463      646      708      354      269      380      0        908      600      805      750      185      288      518      729      864      458      414      694      320      805      455      295      743      252      612      173      230      705      81       310      701      639      446      952      408      1145     
11       1200     227      962      889      447      278      585      1194     1136     589      908      0        464      209      687      835      933      948      899      391      529      1129     801      1001     542      678      720      695      1080     833      743      934      635      948      1196     513      681      612      147      829      362      
12       1210     260      830      862      247      370      182      796      758      220      600      464      0        512      282      458      761      890      966      690      482      696      880      825      759      641      325      832      690      858      488      532      766      668      910      128      232      175      584      743      813      
13       995      256      790      694      385      171      674      1126     1056     557      805      209      512      0        779      773      774      758      691      199      371      1092     593      841      335      497      680      485      1011     631      632      880      426      830      1068     602      744      613      156      651      344      
14       1462     523      1053     1116     519      650      105      829      821      422      750      687      282      779      0        571      972      1134     1236     966      754      679      1154     1029     1042     904      456      1113     747      1123     692      597      1047     829      1043     178      111      323      825      987      1049     
15       995      609      549      682      393      603      540      359      305      253      185      835      458      773      571      0        455      669      853      873      483      328      802      497      849      540      133      825      245      732      224      109      775      267      472      543      460      288      905      541      1117     
16       544      758      94       277      548      655      909      598      508      555      288      933      761      774      972      455      0        235      469      764      406      694      459      69       655      296      526      542      519      363      280      518      525      223      340      882      866      649      931      169      1083     
17       331      818      148      76       650      684      1057     832      742      712      518      948      890      758      1134     669      235      0        249      687      440      929      272      241      542      274      716      388      754      175      462      744      398      457      540      1018     1035     813      909      147      1017     
18       309      827      394      191      719      675      1146     1064     974      830      729      899      966      691      1236     853      469      249      0        561      484      1142     97       487      394      335      869      218      977      120      629      942      266      681      789      1094     1148     932      823      320      878      
19       870      446      755      614      517      322      861      1207     1129     692      864      391      690      199      966      873      764      687      561      0        405      1201     469      823      169      467      803      343      1094     531      693      983      300      870      1088     791      921      765      277      612      330      
20       739      378      434      396      235      253      662      804      724      366      458      529      482      371      754      483      406      440      484      405      0        811      400      474      366      168      442      371      692      377      288      591      311      469      699      610      672      464      527      306      697      
21       1232     902      788      959      707      921      699      182      232      542      414      1129     696      1092     679      328      694      929      1142     1201     811      0        1105     710      1177     853      413      1142     183      1025     538      219      1096     471      531      733      584      524      1215     822      1434     
22       404      732      399      198      635      580      1062     1040     950      756      694      801      880      593      1154     802      459      272      97       469      400      1105     0        490      304      267      805      130      946      99       577      897      170      656      793      1008     1070     857      727      294      791      
23       521      827      93       298      616      723      969      598      509      616      320      1001     825      841      1029     497      69       241      487      823      474      710      490      0        708      356      579      585      530      392      340      549      574      244      303      945      921      708      997      216      1145     
24       702      544      630      467      546      397      939      1158     1074     711      805      542      759      335      1042     849      655      542      394      169      366      1177     304      708      0        365      803      176      1049     376      645      957      144      796      992      874      981      798      442      492      486      
25       572      545      294      227      394      410      817      809      722      494      455      678      641      497      904      540      296      274      335      467      168      853      267      356      365      0        538      289      706      219      317      640      250      435      627      770      814      597      652      153      789      
26       1047     493      614      715      295      509      414      480      434      130      295      720      325      680      456      133      526      716      869      803      442      413      805      579      803      538      0        807      369      748      254      215      750      373      598      412      346      156      802      575      1021     
27       527      654      498      312      595      500      1015     1096     1009     738      743      695      832      485      1113     825      542      388      218      343      371      1142     130      585      176      289      807      0        995      214      604      927      66       718      883      956      1038     835      609      373      661      
28       1051     854      610      789      637      843      741      115      74       497      252      1080     690      1011     747      245      519      754      977      1094     692      183      946      530      1049     706      369      995      0        861      405      158      955      296      355      758      640      515      1147     657      1355     
29       371      737      300      100      610      590      1036     952      862      713      612      833      858      631      1123     732      363      175      120      531      377      1025     99       392      376      219      748      214      861      0        509      823      233      568      695      987      1034     816      774      204      859      
30       793      536      362      465      308      476      629      515      436      276      173      743      488      632      692      224      280      462      629      693      288      538      577      340      645      317      254      604      405      509      0        323      558      205      455      606      586      369      780      324      972      
31       1063     707      613      765      498      710      585      265      229      345      230      934      532      880      597      109      518      744      942      983      591      219      897      549      957      640      215      927      158      823      323      0        880      305      459      600      488      357      1010     625      1224     
32       574      588      492      323      531      434      949      1059     973      677      705      635      766      426      1047     775      525      398      266      300      311      1096     170      574      144      250      750      66       955      233      558      880      0        685      865      889      973      773      557      358      627      
33       763      741      316      493      511      679      785      383      294      448      81       948      668      830      829      267      223      457      681      870      469      471      656      244      796      435      373      718      296      568      205      305      685      0        250      774      718      521      981      363      1165     
34       771      991      396      601      762      924      1011     370      299      690      310      1196     910      1068     1043     472      340      540      789      1088     699      531      793      303      992      627      598      883      355      695      455      459      865      250      0        1009     931      753      1222     509      1396     
35       1339     346      955      991      376      478      73       856      829      330      701      513      128      602      178      543      882      1018     1094     791      610      733      1008     945      874      770      412      956      758      987      606      600      889      774      1009     0        177      256      648      871      874      
36       1365     491      949      1021     442      599      120      726      714      323      639      681      232      744      111      460      866      1035     1148     921      672      584      1070     921      981      814      346      1038     640      1034     586      488      973      718      931      177      0        221      810      888      1038     
37       1143     388      730      800      252      448      264      620      583      103      446      612      175      613      323      288      649      813      932      765      464      524      857      708      798      597      156      835      515      816      369      357      773      521      753      256      221      0        713      667      940      
38       1131     327      946      843      512      306      721      1262     1196     674      952      147      584      156      825      905      931      909      823      277      527      1215     727      997      442      652      802      609      1147     774      780      1010     557      981      1222     648      810      713      0        806      228      
39       476      683      142      141      504      557      910      747      657      565      408      829      743      651      987      541      169      147      320      612      306      822      294      216      492      153      575      373      657      204      324      625      358      363      509      871      888      667      806      0        938      
40       1185     555      1081     944      727      514      947      1470     1400     895      1145     362      813      344      1049     1117     1083     1017     878      330      697      1434     791      1145     486      789      1021     661      1355     859      972      1224     627      1165     1396     874      1038     940      228      938      0        
;

