
sets
i        orders          /0*20/
k        routes          /1*20/
p        positions       /0*20/
;

alias(i,j)
alias(i,h)
alias(i,hh)
alias(i,jj)
alias(k,kk)
                
                    Parameters

rho(i)	Processing time
/
0	0
1	31
2	42
3	1
4	52
5	67
6	72
7	64
8	61
9	90
10	15
11	40
12	41
13	35
14	7
15	25
16	23
17	66
18	11
19	32
20	86
/

gamma(i)	Duedate
/
0	0
1	87
2	63
3	8
4	16
5	10
6	65
7	61
8	9
9	71
10	80
11	19
12	93
13	99
14	61
15	60
16	81
17	29
18	42
19	5
20	56
/

sigma(i)	Size
/
0	0
1	2
2	3
3	4
4	8
5	5
6	3
7	3
8	7
9	5
10	3
11	4
12	1
13	9
14	5
15	5
16	7
17	5
18	9
19	5
20	6
/

epsilon(i)	Priority
/
0	0
1	6
2	4
3	2
4	8
5	9
6	4
7	5
8	3
9	7
10	9
11	5
12	2
13	6
14	4
15	8
16	9
17	4
18	8
19	7
20	5
/

psi	Vehicle Capacity
/ 32 /
;

Table kappa(i,j)                 Setup
         0        1        2        3        4        5        6        7        8        9        10       11       12       13       14       15       16       17       18       19       20       
0        0        169      260      346      142      652      571      325      587      334      296      313      52       130      415      113      585      540      77       244      621      
1        169      0        204      293      52       509      548      159      454      337      347      305      198      223      248      139      427      393      237      341      488      
2        260      204      0        91       246      426      344      298      350      146      196      112      242      188      362      147      396      327      279      246      383      
3        346      293      91       0        337      392      256      367      309      111      195      86       321      255      418      233      390      310      354      275      339      
4        142      52       246      337      0        560      589      185      506      370      368      340      182      226      274      151      474      444      217      348      540      
5        652      509      426      392      560      0        483      436      85       498      587      478      653      614      400      554      128      115      693      664      65       
6        571      548      344      256      589      483      0        618      405      237      304      258      533      451      657      465      544      458      554      400      418      
7        325      159      298      367      185      436      618      0        405      445      479      411      357      378      89       292      327      324      396      491      435      
8        587      454      350      309      506      85       405      405      0        414      504      395      583      538      387      484      155      89       622      582      34       
9        334      337      146      111      370      498      237      445      414      0        94       34       295      214      508      233      501      421      317      187      442      
10       296      347      196      195      368      587      304      479      504      94       0        109      249      166      551      218      581      504      260      98       533      
11       313      305      112      86       340      478      258      411      395      34       109      0        277      200      474      207      474      396      303      193      424      
12       52       198      242      321      182      653      533      357      583      295      249      277      0        83       447      99       595      543      41       191      617      
13       130      223      188      255      226      614      451      378      538      214      166      200      83       0        463      85       571      510      103      122      571      
14       415      248      362      418      274      400      657      89       387      508      551      474      447      463      0        377      279      299      486      572      413      
15       113      139      147      233      151      554      465      292      484      233      218      207      99       85       377      0        499      445      139      202      517      
16       585      427      396      390      474      128      544      327      155      501      581      474      595      571      279      499      0        86       637      643      164      
17       540      393      327      310      444      115      458      324      89       421      504      396      543      510      299      445      86       0        584      572      113      
18       77       237      279      354      217      693      554      396      622      317      260      303      41       103      486      139      637      584      0        188      656      
19       244      341      246      275      348      664      400      491      582      187      98       193      191      122      572      202      643      572      188      0        613      
20       621      488      383      339      540      65       418      435      34       442      533      424      617      571      413      517      164      113      656      613      0        
;



Table delta(i,j)                 Distance
         0        1        2        3        4        5        6        7        8        9        10       11       12       13       14       15       16       17       18       19       20       
0        0        1600     1940     2720     2000     380      1040     1760     1160     2900     1840     2640     220      1980     2700     2940     1820     1600     1880     1620     1880     
1        1600     0        113      114      72       74       120      124      124      145      125      54       91       80       89       66       171      110      111      112      122      
2        1940     113      0        217      57       114      146      27       152      237      190      134      96       179      200      159      147      21       188      178      16       
3        2720     114      217      0        185      117      129      217      127      42       80       146      145      38       41       137      199      206      59       77       220      
4        2000     72       57       185      0        109      152      79       158      213      180      78       105      150      160      103      178      66       172      167      71       
5        380      74       114      117      109      0        46       106      51       126      76       128      28       80       118      140      100      98       75       64       112      
6        1040     120      146      129      152      46       0        131      6        123      59       174      50       100      143      184      70       126      72       54       139      
7        1760     124      27       217      79       106      131      0        137      233      180      152      84       179      206      176      123      14       182      170      11       
8        1160     124      152      127      158      51       6        137      0        119      55       178      56       100      144      188      72       133      70       51       146      
9        2900     145      237      42       213      126      123      233      119      0        64       184      153      65       83       178      190      223      52       69       237      
10       1840     125      190      80       180      76       59       180      55       64       0        176      97       66       108      178      125      173      22       13       187      
11       2640     54       134      146      78       128      174      152      178      184      176      0        142      121      110      25       222      139      159      163      147      
12       220      91       96       145      105      28       50       84       56       153      97       142      0        109      146      158      80       77       101      87       91       
13       1980     80       179      38       150      80       100      179      100      65       66       121      109      0        43       117      170      168      44       58       182      
14       2700     89       200      41       160      118      143      206      144      83       108      110      146      43       0        97       212      193      85       101      206      
15       2940     66       159      137      103      140      184      176      188      178      178      25       158      117      97       0        238      162      159      166      171      
16       1820     171      147      199      178      100      70       123      72       190      125      222      80       170      212      238      0        126      142      123      134      
17       1600     110      21       206      66       98       126      14       133      223      173      139      77       168      193      162      126      0        173      162      14       
18       1880     111      188      59       172      75       72       182      70       52       22       159      101      44       85       159      142      173      0        19       187      
19       1620     112      178      77       167      64       54       170      51       69       13       163      87       58       101      166      123      162      19       0        176      
20       1880     122      16       220      71       112      139      11       146      237      187      147      91       182      206      171      134      14       187      176      0        
;

