
sets
i        orders          /0*20/
k        routes          /1*20/
p        positions       /0*20/
;

alias(i,j)
alias(i,h)
alias(i,hh)
alias(i,jj)
alias(k,kk)
                
                    Parameters

rho(i)	Processing time
/
0	0
1	61
2	65
3	9
4	69
5	47
6	94
7	65
8	89
9	98
10	16
11	23
12	33
13	36
14	26
15	66
16	65
17	61
18	84
19	11
20	72
/

gamma(i)	Duedate
/
0	0
1	97
2	85
3	72
4	86
5	22
6	70
7	12
8	5
9	82
10	44
11	72
12	49
13	46
14	97
15	84
16	1
17	42
18	83
19	49
20	82
/

sigma(i)	Size
/
0	0
1	9
2	2
3	7
4	6
5	1
6	2
7	3
8	7
9	7
10	2
11	2
12	5
13	1
14	4
15	9
16	1
17	9
18	9
19	8
20	3
/

epsilon(i)	Priority
/
0	0
1	7
2	5
3	2
4	3
5	8
6	3
7	4
8	8
9	3
10	8
11	8
12	5
13	7
14	6
15	7
16	7
17	6
18	6
19	9
20	9
/

psi	Vehicle Capacity
/ 13 /
;

Table kappa(i,j)                 Setup
         0        1        2        3        4        5        6        7        8        9        10       11       12       13       14       15       16       17       18       19       20       
0        0        481      96       404      361      646      432      496      297      337      189      380      327      127      544      459      516      154      193      264      218      
1        481      0        571      170      154      217      586      97       331      315      315      189      294      475      159      308      327      500      305      223      505      
2        96       571      0        501      457      742      492      579      389      390      266      454      385      197      641      553      570      213      272      358      278      
3        404      170      501      0        61       246      418      257      175      379      295      278      354      358      142      148      456      376      282      154      365      
4        361      154      457      61       0        285      438      225      178      318      236      223      293      331      185      201      405      353      224      100      353      
5        646      217      742      246      285      0        608      294      409      532      509      407      510      604      103      291      527      621      497      384      603      
6        432      586      492      418      438      608      0        664      264      670      508      629      648      305      521      317      813      280      500      428      215      
7        496      97       579      257      225      294      664      0        402      261      313      140      245      514      254      401      235      543      306      263      558      
8        297      331      389      175      178      409      264      402      0        424      279      368      400      210      307      164      553      218      268      169      194      
9        337      315      390      379      318      532      670      261      424      0        168      126      25       417      460      515      179      451      173      259      494      
10       189      315      266      295      236      509      508      313      279      168      0        191      150      250      416      403      337      284      12       142      326      
11       380      189      454      278      223      407      629      140      368      126      191      0        107      424      340      424      186      456      187      201      485      
12       327      294      385      354      293      510      648      245      400      25       150      107      0        400      436      490      189      434      154      234      476      
13       127      475      197      358      331      604      305      514      210      417      250      424      400      0        500      374      586      34       247      254      91       
14       544      159      641      142      185      103      521      254      307      460      416      340      436      500      0        206      486      517      404      285      501      
15       459      308      553      148      201      291      317      401      164      515      403      424      490      374      206      0        604      379      391      265      343      
16       516      327      570      456      405      527      813      235      553      179      337      186      189      586      486      604      0        620      339      385      657      
17       154      500      213      376      353      621      280      543      218      451      284      456      434      34       517      379      620      0        281      281      65       
18       193      305      272      282      224      497      500      306      268      173      12       187      154      247      404      391      339      281      0        129      321      
19       264      223      358      154      100      384      428      263      169      259      142      201      234      254      285      265      385      281      129      0        296      
20       218      505      278      365      353      603      215      558      194      494      326      485      476      91       501      343      657      65       321      296      0        
;



Table delta(i,j)                 Distance
         0        1        2        3        4        5        6        7        8        9        10       11       12       13       14       15       16       17       18       19       20       
0        0        2760     640      1480     3540     2280     3800     4240     1940     2620     1520     2600     1740     2140     700      2520     1260     1580     1540     640      3000     
1        2760     0        163      64       45       136      52       76       65       46       135      10       69       67       102      63       79       69       102      107      81       
2        640      163      0        99       199      146      215      239      128      161      68       157      119      139      64       158      85       109      83       56       161      
3        1480     64       99       0        103      111      116      140      47       68       84       57       40       59       39       73       18       30       56       43       92       
4        3540     45       199      103      0        180      34       61       110      86       158      55       114      111      142      104      114      113      126      145      73       
5        2280     136      146      111      180      0        172      181      73       95       177      127      74       69       102      78       121      81       160      114      200      
6        3800     52       215      116      34       172      0        28       108      77       183      59       114      105      154      94       130      117      150      159      107      
7        4240     76       239      140      61       181      28       0        124      90       210      82       132      119      176      104      155      136      178      183      134      
8        1940     65       128      47       110      73       108      124      0        35       130      55       9        12       65       29       64       20       104      75       128      
9        2620     46       161      68       86       95       77       90       35       0        152      38       44       29       97       18       87       52       123      106      124      
10       1520     135      68       84       158      177      183      210      130      152      0        132      121      142      75       157      66       110      32       63       102      
11       2600     10       157      57       55       127      59       82       55       38       132      0        59       57       94       54       73       59       100      100      87       
12       1740     69       119      40       114      74       114      132      9        44       121      59       0        21       55       39       56       11       96       66       126      
13       2140     67       139      59       111      69       105      119      12       29       142      57       21       0        76       18       76       32       116      87       135      
14       700      102      64       39       142      102      154      176      65       97       75       94       55       76       0        94       32       45       61       12       122      
15       2520     63       158      73       104      78       94       104      29       18       157      54       39       18       94       0        91       49       129      105      139      
16       1260     79       85       18       114      121      130      155      64       87       66       73       56       76       32       91       0        45       40       31       91       
17       1580     69       109      30       113      81       117      136      20       52       110      59       11       32       45       49       45       0        86       55       119      
18       1540     102      83       56       126      160      150      178      104      123      32       100      96       116      61       129      40       86       0        52       77       
19       640      107      56       43       145      114      159      183      75       106      63       100      66       87       12       105      31       55       52       0        119      
20       3000     81       161      92       73       200      107      134      128      124      102      87       126      135      122      139      91       119      77       119      0        
;

