
sets
i        orders          /0*20/
k        routes          /1*20/
p        positions       /0*20/
;

alias(i,j)
alias(i,h)
alias(i,hh)
alias(i,jj)
alias(k,kk)
                
                    Parameters

rho(i)	Processing time
/
0	0
1	46
2	78
3	68
4	13
5	4
6	63
7	81
8	91
9	75
10	52
11	74
12	42
13	72
14	59
15	22
16	24
17	54
18	41
19	92
20	59
/

gamma(i)	Duedate
/
0	0
1	6
2	70
3	3
4	85
5	85
6	21
7	27
8	33
9	18
10	31
11	46
12	23
13	8
14	23
15	12
16	45
17	49
18	18
19	42
20	12
/

sigma(i)	Size
/
0	0
1	2
2	4
3	6
4	8
5	4
6	2
7	4
8	1
9	8
10	7
11	7
12	8
13	5
14	2
15	1
16	8
17	7
18	6
19	1
20	9
/

epsilon(i)	Priority
/
0	0
1	1
2	5
3	2
4	3
5	5
6	2
7	9
8	2
9	9
10	2
11	9
12	3
13	6
14	4
15	7
16	6
17	7
18	2
19	4
20	3
/

psi	Vehicle Capacity
/ 22 /
;

Table kappa(i,j)                 Setup
         0        1        2        3        4        5        6        7        8        9        10       11       12       13       14       15       16       17       18       19       20       
0        0        484      228      166      139      658      296      22       180      290      260      100      481      252      43       631      247      377      366      576      492      
1        484      0        309      501      439      293      223      487      399      425      436      485      102      286      523      399      293      508      593      92       156      
2        228      309      0        192      134      431      226      220      90       147      142      286      348      234      254      407      236      252      307      392      273      
3        166      501      192      0        66       598      375      144      102      156      123      266      530      354      154      531      352      221      200      584      455      
4        139      439      134      66       0        556      309      121      50       150      120      231      465      290      145      507      289      240      245      525      405      
5        658      293      431      598      556      0        483      652      506      458      486      697      393      540      686      171      547      486      590      258      175      
6        296      223      226      375      309      483      0        306      291      374      367      272      188      62       340      535      69       478      530      313      311      
7        22       487      220      144      121      652      306      0        165      272      241      122      488      265      36       619      261      357      344      578      488      
8        180      399      90       102      50       506      291      165      0        115      91       262      434      283      192      457      283      215      242      482      356      
9        290      425      147      156      150      458      374      272      115      0        33       377      482      379      294      376      380      106      168      495      339      
10       260      436      142      123      120      486      367      241      91       33       0        349      487      367      262      408      367      124      165      510      360      
11       100      485      286      266      231      697      272      122      262      377      349      0        460      214      129      692      208      471      466      577      524      
12       481      102      348      530      465      393      188      488      434      482      487      460      0        247      523      501      254      575      650      155      257      
13       252      286      234      354      290      540      62       265      283      379      367      214      247      0        296      581      7        485      525      375      366      
14       43       523      254      154      145      686      340      36       192      294      262      129      523      296      0        649      291      373      350      614      523      
15       631      399      407      531      507      171      535      619      457      376      408      692      501      581      649      0        586      369      472      396      244      
16       247      293      236      352      289      547      69       261      283      380      367      208      254      7        291      586      0        487      525      382      372      
17       377      508      252      221      240      486      478      357      215      106      124      471      575      485      373      369      487      0        104      569      399      
18       366      593      307      200      245      590      530      344      242      168      165      466      650      525      350      472      525      104      0        660      496      
19       576      92       392      584      525      258      313      578      482      495      510      577      155      375      614      396      382      569      660      0        180      
20       492      156      273      455      405      175      311      488      356      339      360      524      257      366      523      244      372      399      496      180      0        
;



Table delta(i,j)                 Distance
         0        1        2        3        4        5        6        7        8        9        10       11       12       13       14       15       16       17       18       19       20       
0        0        2180     3680     2060     1900     3120     3820     3760     3180     3220     1780     3800     4460     2780     1280     2960     4460     3760     4680     3380     2040     
1        2180     0        86       6        140      107      109      231      204      188      43       138      156      52       124      187      155      178      179      160      110      
2        3680     86       0        91       176      82       40       244      223      197      96       93       90       46       175      206      89       160      121      149      136      
3        2060     6        91       0        137      108      113      228      201      186      41       140      159      56       120      185      159      178      182      160      108      
4        1900     140      176      137      0        109      162      97       67       66       98       134      172      134      31       54       173      103      172      86       41       
5        3120     107      82       108      109      0        55       162      144      115      79       35       67       62       120      127      68       79       79       67       69       
6        3820     109      40       113      162      55       0        216      199      170      102      55       51       57       167      182      50       126      81       118      121      
7        3760     231      244      228      97       162      216      0        29       46       187      168      203      210      125      43       204      99       186      99       120      
8        3180     204      223      201      67       144      199      29       0        33       160      155      192      187      96       17       193      94       180      88       94       
9        3220     188      197      186      66       115      170      46       33       0        144      123      160      164      97       23       161      61       147      55       78       
10       1780     43       96       41       98       79       102      187      160      144      0        114      140      50       85       144      140      140      158      121      66       
11       3800     138      93       140      134      35       55       168      155      123      114      0        38       89       150      140      39       72       44       68       98       
12       4460     156      90       159      172      67       51       203      192      160      140      38       0        103      187      178      1        104      32       104      135      
13       2780     52       46       56       134      62       57       210      187      164      50       89       103      0        130      170      103      140      128      125      95       
14       1280     124      175      120      31       120      167      125      96       97       85       150      187      130      0        84       187      130      191      112      51       
15       2960     187      206      185      54       127      182      43       17       23       144      140      178      170      84       0        179      82       167      74       77       
16       4460     155      89       159      173      68       50       204      193      161      140      39       1        103      187      179      0        105      33       106      136      
17       3760     178      160      178      103      79       126      99       94       61       140      72       104      140      130      82       105      0        87       19       87       
18       4680     179      121      182      172      79       81       186      180      147      158      44       32       128      191      167      33       87       0        93       139      
19       3380     160      149      160      86       67       118      99       88       55       121      68       104      125      112      74       106      19       93       0        67       
20       2040     110      136      108      41       69       121      120      94       78       66       98       135      95       51       77       136      87       139      67       0        
;

