

sets
i        orders          /0*5/
k        routes          /1*5/
p        positions       /0*5/
;

alias(i,j)
alias(i,h)
alias(i,hh)
alias(i,jj)
alias(k,kk)
                            Parameters

rho(i)	Processing time
/
0	0
1	85
2	85
3	47
4	24
5	22
/

gamma(i)	Duedate
/
0	0
1	77
2	72
3	72
4	63
5	90
/

sigma(i)	Size
/
0	0
1	7
2	1
3	3
4	4
5	4
/

epsilon(i)	Priority
/
0	0
1	3
2	6
3	4
4	3
5	9
/

psi	Vehicle Capacity
/ 14 /
;

Table kappa(i,j)                 Setup
         0        1        2        3        4        5        
0        0        123      261      253      198      69       
1        123      0        162      130      158      144      
2        261      162      0        123      119      241      
3        253      130      123      0        208      266      
4        198      158      119      208      0        152      
5        69       144      241      266      152      0        
;



Table delta(i,j)                 Distance
         0        1        2        3        4        5        
0        0        120      114      53       156      182      
1        120      0        54       127      58       145      
2        114      54       0        97       46       94       
3        53       127      97       0        143      140      
4        156      58       46       143      0        100      
5        182      145      94       140      100      0        
;

