
sets
i        orders          /0*20/
k        routes          /1*20/
p        positions       /0*20/
;

alias(i,j)
alias(i,h)
alias(i,hh)
alias(i,jj)
alias(k,kk)
                
                    Parameters

rho(i)	Processing time
/
0	0
1	89
2	48
3	96
4	34
5	62
6	72
7	11
8	26
9	6
10	53
11	96
12	89
13	91
14	35
15	64
16	26
17	17
18	50
19	62
20	74
/

gamma(i)	Duedate
/
0	0
1	3
2	96
3	85
4	7
5	3
6	28
7	59
8	84
9	50
10	84
11	80
12	26
13	91
14	63
15	59
16	26
17	11
18	39
19	52
20	49
/

sigma(i)	Size
/
0	0
1	5
2	4
3	6
4	9
5	7
6	4
7	4
8	7
9	7
10	3
11	5
12	4
13	3
14	4
15	9
16	4
17	2
18	7
19	5
20	5
/

epsilon(i)	Priority
/
0	0
1	1
2	8
3	2
4	1
5	9
6	6
7	3
8	8
9	2
10	6
11	8
12	4
13	6
14	1
15	8
16	5
17	9
18	8
19	9
20	2
/

psi	Vehicle Capacity
/ 32 /
;

Table kappa(i,j)                 Setup
         0        1        2        3        4        5        6        7        8        9        10       11       12       13       14       15       16       17       18       19       20       
0        0        113      455      394      414      128      348      352      106      435      377      347      155      294      41       472      262      94       342      353      257      
1        113      0        353      289      304      33       274      238      24       326      332      275      70       277      80       373      207      99       250      297      218      
2        455      353      0        67       103      328      167      188      373      75       266      172      300      337      414      26       251      380      369      225      285      
3        394      289      67       0        63       266      152      128      308      56       263      158      241      314      354      92       216      325      308      216      253      
4        414      304      103      63       0        286      215      91       319      32       326      221      267      371      376      130      270      355      269      279      307      
5        128      33       328      266      286      0        241      229      57       307      299      242      37       247      90       347      174      86       265      263      186      
6        348      274      167      152      215      241      0        247      298      207      111      6        205      170      308      167      97       258      403      63       125      
7        352      238      188      128      91       229      247      0        249      123      356      252      220      375      317      215      270      309      181      307      305      
8        106      24       373      308      319      57       298      249      0        342      356      299      94       299      81       393      231      112      243      321      242      
9        435      326      75       56       32       307      207      123      342      0        316      213      285      370      396      101      272      371      301      270      309      
10       377      332      266      263      326      299      111      356      356      316      0        106      262      108      341      259      124      283      502      49       120      
11       347      275      172      158      221      242      6        252      299      213      106      0        205      164      307      173      94       257      407      57       121      
12       155      70       300      241      267      37       205      220      94       285      262      205      0        216      114      317      137      89       282      226      152      
13       294      277      337      314      371      247      170      375      299      370      108      164      216      0        263      337      105      204      490      120      71       
14       41       80       414      354      376      90       308      317      81       396      341      307      114      263      0        431      223      59       323      315      221      
15       472      373      26       92       130      347      167      215      393      101      259      173      317      337      431      0        257      394      396      221      290      
16       262      207      251      216      270      174      97       270      231      272      124      94       137      105      223      257      0        168      392      92       37       
17       94       99       380      325      355      86       258      309      112      371      283      257      89       204      59       394      168      0        348      259      163      
18       342      250      369      308      269      265      403      181      243      301      502      407      282      490      323      396      392      348      0        455      420      
19       353      297      225      216      279      263      63       307      321      270      49       57       226      120      315      221      92       259      455      0        101      
20       257      218      285      253      307      186      125      305      242      309      120      121      152      71       221      290      37       163      420      101      0        
;



Table delta(i,j)                 Distance
         0        1        2        3        4        5        6        7        8        9        10       11       12       13       14       15       16       17       18       19       20       
0        0        1480     4880     8140     10120    380      6660     8340     6120     7780     2920     2720     8940     6480     2120     8540     8640     3640     1480     9900     6780     
1        1480     0        174      338      442      60       320      346      245      315      179      208      373      261      176      365      365      159      7        438      268      
2        4880     174      0        163      270      226      415      249      228      151      343      364      211      96       329      197      299      167      177      279      185      
3        8140     338      163      0        116      388      545      257      319      81       504      520      109      94       485      74       325      291      341      158      236      
4        10120    442      270      116      0        487      661      356      434      189      613      607      186      181      573      80       425      364      446      79       348      
5        380      60       226      388      487      0        340      406      299      372      161      148      431      306      116      408      423      165      61       476      327      
6        6660     320      415      545      661      340      0        371      238      479      219      427      512      509      413      602      328      478      313      689      329      
7        8340     346      249      257      356      406      371      0        143      175      437      554      172      288      522      331      69       413      344      413      78       
8        6120     245      228      319      434      299      238      143      0        246      299      441      275      306      413      385      130      358      240      472      91       
9        7780     315      151      81       189      372      479      175      246      0        465      514      60       132      479      156      243      309      317      239      159      
10       2920     179      343      504      613      161      219      437      299      465      0        208      517      435      199      539      428      325      173      615      366      
11       2720     208      364      520      607      148      427      554      441      514      208      0        573      430      34       526      568      247      210      582      475      
12       8940     373      211      109      186      431      512      172      275      60       517      573      0        184      539      179      241      369      375      251      183      
13       6480     261      96       94       181      306      509      288      306      132      435      430      184      0        396      103      349      197      265      182      242      
14       2120     176      329      485      573      116      413      522      413      479      199      34       539      396      0        493      538      216      178      549      444      
15       8540     365      197      74       80       408      602      331      385      156      539      526      179      103      493      0        399      283      369      87       306      
16       8640     365      299      325      425      423      328      69       130      243      428      568      241      349      538      399      0        455      362      482      114      
17       3640     159      167      291      364      165      478      413      358      309      325      247      369      197      216      283      455      0        166      334      342      
18       1480     7        177      341      446      61       313      344      240      317      173      210      375      265      178      369      362      166      0        443      266      
19       9900     438      279      158      79       476      689      413      472      239      615      582      251      182      549      87       482      334      443      0        393      
20       6780     268      185      236      348      327      329      78       91       159      366      475      183      242      444      306      114      342      266      393      0        
;

