

sets
i        orders          /0*20/
k        routes          /1*20/
p        positions       /0*20/
;

alias(i,j)
alias(i,h)
alias(i,hh)
alias(i,jj)
alias(k,kk)
                            Parameters

rho(i)	Processing time
/
0	0
1	85
2	81
3	69
4	8
5	30
6	29
7	79
8	76
9	99
10	7
11	82
12	20
13	56
14	64
15	35
16	48
17	69
18	23
19	2
20	58
/

gamma(i)	Duedate
/
0	0
1	39
2	54
3	82
4	79
5	65
6	15
7	77
8	68
9	64
10	99
11	40
12	77
13	18
14	41
15	72
16	98
17	27
18	25
19	1
20	57
/

sigma(i)	Size
/
0	0
1	8
2	2
3	4
4	4
5	3
6	9
7	9
8	2
9	4
10	8
11	5
12	8
13	3
14	4
15	8
16	9
17	9
18	1
19	6
20	2
/

epsilon(i)	Priority
/
0	0
1	6
2	6
3	2
4	7
5	3
6	8
7	4
8	3
9	4
10	1
11	6
12	8
13	4
14	6
15	2
16	5
17	2
18	1
19	3
20	2
/

psi	Vehicle Capacity
/ 28 /
;

Table kappa(i,j)                 Setup
         0        1        2        3        4        5        6        7        8        9        10       11       12       13       14       15       16       17       18       19       20       
0        0        265      626      334      486      543      215      269      357      214      266      825      221      336      675      276      158      709      453      329      687      
1        265      0        810      583      751      734      355      237      592      478      280      846      147      87       900      312      365      719      488      473      768      
2        626      810      0        663      489      83       455      895      719      496      554      536      837      831      194      894      469      511      1050     339      326      
3        334      583      663      0        263      587      461      465      55       207      571      1041     482      663      611      404      370      944      472      517      859      
4        486      751      489      263      0        431      501      694      309      273      637      963      687      817      381      647      427      893      735      492      759      
5        543      734      83       587      431      0        378      813      642      414      486      553      756      759      209      811      387      509      967      268      342      
6        215      355      455      461      501      378      0        466      502      263      138      614      394      384      553      488      91       502      668      123      471      
7        269      237      895      465      694      813      466      0        453      451      455      1042     93       318      938      84       427      917      250      588      931      
8        357      592      719      55       309      642      502      453      0        256      605      1091     481      675      666      386      411      992      433      565      911      
9        214      478      496      207      273      414      263      451      256      0        387      834      426      544      495      424      174      737      560      309      656      
10       266      280      554      571      637      486      138      455      605      387      0        586      367      281      676      499      213      463      688      218      489      
11       825      846      536      1041     963      553      614      1042     1091     834      586      0        953      811      729      1083     695      128      1271     526      211      
12       221      147      837      482      687      756      394      93       481      426      367      953      0        232      896      165      368      828      343      517      849      
13       336      87       831      663      817      759      384      318      675      544      281      811      232      0        937      396      413      683      567      492      754      
14       675      900      194      611      381      209      553      938      666      495      676      729      896      937      0        919      536      704      1051     460      520      
15       276      312      894      404      647      811      488      84       386      424      499      1083     165      396      919      0        434      961      188      605      959      
16       158      365      469      370      427      387      91       427      411      174      213      695      368      413      536      434      0        587      606      177      539      
17       709      719      511      944      893      509      502      917      992      737      463      128      828      683      704      961      587      0        1149     428      198      
18       453      488      1050     472      735      967      668      250      433      560      688      1271     343      567      1051     188      606      1149     0        781      1140     
19       329      473      339      517      492      268      123      588      565      309      218      526      517      492      460      605      177      428      781      0        362      
20       687      768      326      859      759      342      471      931      911      656      489      211      849      754      520      959      539      198      1140     362      0        
;



Table delta(i,j)                 Distance
         0        1        2        3        4        5        6        7        8        9        10       11       12       13       14       15       16       17       18       19       20       
0        0        1010     830      1500     1560     1590     1260     700      1230     610      1420     1740     1890     600      690      2170     1980     1510     2140     1440     1700     
1        1010     0        69       144      56       176      69       111      101      135      63       160      204      47       52       143      125      166      147      121      105      
2        830      69       0        81       118      108      45       49       43       82       68       102      137      39       90       135      117      98       131      66       87       
3        1500     144      81       0        180      42       82       82       43       114      107      25       62       120      171      123      112      35       110      27       88       
4        1560     56       118      180      0        218      98       165      138      191      76       190      243      103      96       136      122      208      146      154      114      
5        1590     176      108      42       218      0        121      88       80       109      148      53       30       144      195      163      154      9        149      69       131      
6        1260     69       45       82       98       121      0        91       41       127      28       93       144      70       112      90       72       111      88       55       43       
7        700      111      49       82       165      88       91       0        67       37       117      107      119      68       113      174      158      80       167      83       128      
8        1230     101      43       43       138      80       41       67       0        104      68       60       104      81       131      108      93       70       100      23       63       
9        610      135      82       114      191      109      127      37       104      0        151      139      138      88       122      211      194      102      204      119      165      
10       1420     63       68       107      76       148      28       117      68       151      0        115      170      82       113      80       62       139      83       80       42       
11       1740     160      102      25       190      53       93       107      60       139      115      0        61       141      191      113      105      49       98       38       87       
12       1890     204      137      62       243      30       144      119      104      138      170      61       0        174      225      173      166      39       158      90       147      
13       600      47       39       120      103      144      70       68       81       88       82       141      174      0        51       159      141      135      158      104      114      
14       690      52       90       171      96       195      112      113      131      122      113      191      225      51       0        194      176      185      196      154      152      
15       2170     143      135      123      136      163      90       174      108      211      80       113      173      159      194      0        18       157      16       100      47       
16       1980     125      117      112      122      154      72       158      93       194      62       105      166      141      176      18       0        147      23       87       30       
17       1510     166      98       35       208      9        111      80       70       102      139      49       39       135      185      157      147      0        144      61       123      
18       2140     147      131      110      146      149      88       167      100      204      83       98       158      158      196      16       23       144      0        89       44       
19       1440     121      66       27       154      69       55       83       23       119      80       38       90       104      154      100      87       61       89       0        62       
20       1700     105      87       88       114      131      43       128      63       165      42       87       147      114      152      47       30       123      44       62       0        
;

