
sets
i        orders          /0*5/
k        routes          /1*5/
p        positions       /0*5/
;

alias(i,j)
alias(i,h)
alias(i,hh)
alias(i,jj)
alias(k,kk)
                
                    Parameters

rho(i)	Processing time
/
0	0
1	83
2	53
3	6
4	90
5	74
/

gamma(i)	Duedate
/
0	0
1	22
2	55
3	69
4	77
5	37
/

sigma(i)	Size
/
0	0
1	3
2	9
3	4
4	7
5	4
/

epsilon(i)	Priority
/
0	0
1	7
2	9
3	4
4	3
5	8
/

psi	Vehicle Capacity
/ 20 /
;

Table kappa(i,j)                 Setup
         0        1        2        3        4        5        
0        0        123      106      111      41       119      
1        123      0        22       38       158      138      
2        106      22       0        46       143      117      
3        111      38       46       0        139      159      
4        41       158      143      139      0        157      
5        119      138      117      159      157      0        
;



Table delta(i,j)                 Distance
         0        1        2        3        4        5        
0        0        860      580      420      100      560      
1        860      0        48       47       46       29       
2        580      48       0        7        25       50       
3        420      47       7        0        17       44       
4        100      46       25       17       0        33       
5        560      29       50       44       33       0        
;

