

sets
i        orders          /0*20/
k        routes          /1*20/
p        positions       /0*20/
;

alias(i,j)
alias(i,h)
alias(i,hh)
alias(i,jj)
alias(k,kk)
                            Parameters

rho(i)	Processing time
/
0	0
1	21
2	33
3	11
4	82
5	12
6	77
7	2
8	1
9	97
10	10
11	89
12	80
13	44
14	53
15	83
16	23
17	87
18	13
19	41
20	65
/

gamma(i)	Duedate
/
0	0
1	1
2	44
3	10
4	97
5	7
6	42
7	39
8	48
9	30
10	84
11	26
12	91
13	78
14	17
15	38
16	87
17	30
18	91
19	20
20	57
/

sigma(i)	Size
/
0	0
1	9
2	7
3	4
4	3
5	9
6	9
7	1
8	9
9	5
10	9
11	8
12	2
13	6
14	9
15	8
16	6
17	7
18	2
19	4
20	2
/

epsilon(i)	Priority
/
0	0
1	2
2	7
3	5
4	5
5	4
6	3
7	7
8	5
9	9
10	9
11	7
12	7
13	5
14	8
15	1
16	2
17	5
18	9
19	8
20	3
/

psi	Vehicle Capacity
/ 14 /
;

Table kappa(i,j)                 Setup
         0        1        2        3        4        5        6        7        8        9        10       11       12       13       14       15       16       17       18       19       20       
0        0        1964     1010     1294     1159     104      1114     553      1466     1443     889      1019     809      997      1286     1257     1111     1024     1066     1661     403      
1        1964     0        1653     1047     840      1947     1815     1570     1849     982      1489     1026     1831     968      1699     1037     1351     1749     2104     328      2100     
2        1010     1653     0        1593     1196     1089     186      1201     2163     1702     1491     710      269      989      1953     1546     307      96       1948     1472     1399     
3        1294     1047     1593     0        446      1229     1778     753      825      149      509      930      1617     616      656      47       1401     1677     1071     738      1251     
4        1159     840      1196     446      0        1128     1383     730      1224     520      694      500      1266     214      1030     404      975      1286     1325     517      1260     
5        104      1947     1089     1229     1128     0        1201     479      1365     1379     804      1035     899      980      1188     1194     1168     1108     962      1637     311      
6        1114     1815     186      1778     1383     1201     0        1361     2334     1888     1662     895      309      1176     2125     1731     464      106      2096     1647     1513     
7        553      1570     1201     753      730      479      1361     0        990      902      347      835      1108     646      789      720      1154     1256     766      1246     533      
8        1466     1849     2163     825      1224     1365     2334     990      0        866      671      1628     2095     1323     211      850      2054     2227     572      1556     1191     
9        1443     982      1702     149      520      1379     1888     902      866      0        649      1019     1741     714      723      186      1494     1788     1179     696      1398     
10       889      1489     1491     509      694      804      1662     347      671      649      0        992      1430     716      462      493      1393     1556     631      1162     760      
11       1019     1026     710      930      500      1035     895      835      1628     1019     992      0        828      317      1419     885      474      804      1580     788      1272     
12       809      1831     269      1617     1266     899      309      1108     2095     1741     1430     828      0        1052     1889     1571     537      235      1816     1616     1210     
13       997      968      989      616      214      980      1176     646      1323     714      716      317      1052     0        1117     570      785      1077     1333     665      1153     
14       1286     1699     1953     656      1030     1188     2125     789      211      723      462      1419     1889     1117     0        674      1844     2018     524      1394     1044     
15       1257     1037     1546     47       404      1194     1731     720      850      186      493      885      1571     570      674      0        1355     1629     1072     723      1225     
16       1111     1351     307      1401     975      1168     464      1154     2054     1494     1393     474      537      785      1844     1355     0        400      1921     1186     1463     
17       1024     1749     96       1677     1286     1108     106      1256     2227     1788     1556     804      235      1077     2018     1629     400      0        1993     1568     1419     
18       1066     2104     1948     1071     1325     962      2096     766      572      1179     631      1580     1816     1333     524      1072     1921     1993     0        1781     709      
19       1661     328      1472     738      517      1637     1647     1246     1556     696      1162     788      1616     665      1394     723      1186     1568     1781     0        1777     
20       403      2100     1399     1251     1260     311      1513     533      1191     1398     760      1272     1210     1153     1044     1225     1463     1419     709      1777     0        
;



Table delta(i,j)                 Distance
         0        1        2        3        4        5        6        7        8        9        10       11       12       13       14       15       16       17       18       19       20       
0        0        77       72       30       68       55       45       69       108      47       46       76       35       34       16       68       63       103      87       60       73       
1        77       0        87       65       13       84       32       9        40       48       35       93       48       75       90       17       38       33       50       19       25       
2        72       87       0        44       90       18       78       80       89       98       84       5        53       37       87       93       49       90       52       71       104      
3        30       65       44       0        61       29       42       56       86       57       46       48       17       10       46       62       39       83       60       46       72       
4        68       13       90       61       0        84       22       13       54       35       23       96       44       71       79       4        42       46       59       18       15       
5        55       84       18       29       84       0        68       75       94       86       73       21       42       20       69       86       49       93       59       66       97       
6        45       32       78       42       22       68       0        25       69       23       6        84       26       53       57       22       39       62       62       19       30       
7        69       9        80       56       13       75       25       0        44       44       29       85       39       66       82       17       30       37       46       10       27       
8        108      40       89       86       54       94       69       44       0        88       73       94       73       93       123      58       47       8        37       49       65       
9        47       48       98       57       35       86       23       44       88       0        17       103      45       67       52       32       62       81       85       42       32       
10       46       35       84       46       23       73       6        29       73       17       0        89       31       57       56       22       45       67       68       25       28       
11       76       93       5        48       96       21       84       85       94       103      89       0        58       41       90       99       55       95       57       77       110      
12       35       48       53       17       44       42       26       39       73       45       31       58       0        27       51       45       28       69       52       29       55       
13       34       75       37       10       71       20       53       66       93       67       57       41       27       0        50       73       45       91       63       56       82       
14       16       90       87       46       79       69       57       82       123      52       56       90       51       50       0        78       80       118      103      74       82       
15       68       17       93       62       4        86       22       17       58       32       22       99       45       73       78       0        46       50       63       21       11       
16       63       38       49       39       42       49       39       30       47       62       45       55       28       45       80       46       0        45       24       24       57       
17       103      33       90       83       46       93       62       37       8        81       67       95       69       91       118      50       45       0        39       44       57       
18       87       50       52       60       59       59       62       46       37       85       68       57       52       63       103      63       24       39       0        44       74       
19       60       19       71       46       18       66       19       10       49       42       25       77       29       56       74       21       24       44       44       0        33       
20       73       25       104      72       15       97       30       27       65       32       28       110      55       82       82       11       57       57       74       33       0        
;

