

sets
i        orders          /0*40/
k        routes          /1*40/
p        positions       /0*40/
;

alias(i,j)
alias(i,h)
alias(i,hh)
alias(i,jj)
alias(k,kk)
                            Parameters

rho(i)	Processing time
/
0	0
1	33
2	13
3	54
4	32
5	93
6	19
7	40
8	60
9	4
10	92
11	6
12	23
13	1
14	43
15	91
16	15
17	66
18	92
19	86
20	69
21	13
22	38
23	11
24	13
25	38
26	95
27	93
28	31
29	26
30	28
31	67
32	76
33	7
34	66
35	41
36	68
37	88
38	31
39	81
40	94
/

gamma(i)	Duedate
/
0	0
1	61
2	47
3	22
4	56
5	52
6	58
7	10
8	50
9	22
10	46
11	79
12	60
13	10
14	90
15	42
16	63
17	99
18	94
19	74
20	15
21	59
22	41
23	50
24	16
25	33
26	20
27	68
28	30
29	34
30	58
31	70
32	90
33	11
34	48
35	31
36	17
37	44
38	90
39	41
40	33
/

sigma(i)	Size
/
0	0
1	4
2	6
3	8
4	3
5	9
6	7
7	1
8	1
9	4
10	3
11	6
12	7
13	9
14	7
15	4
16	5
17	4
18	5
19	8
20	9
21	1
22	1
23	7
24	8
25	4
26	5
27	3
28	7
29	1
30	6
31	3
32	9
33	4
34	4
35	5
36	1
37	1
38	1
39	9
40	7
/

epsilon(i)	Priority
/
0	0
1	2
2	5
3	8
4	1
5	4
6	5
7	3
8	7
9	8
10	6
11	2
12	2
13	1
14	7
15	8
16	6
17	8
18	7
19	3
20	9
21	5
22	4
23	6
24	1
25	3
26	7
27	2
28	1
29	5
30	3
31	4
32	7
33	2
34	3
35	3
36	6
37	8
38	1
39	6
40	1
/

psi	Vehicle Capacity
/ 80 /
;

Table kappa(i,j)                 Setup
         0        1        2        3        4        5        6        7        8        9        10       11       12       13       14       15       16       17       18       19       20       21       22       23       24       25       26       27       28       29       30       31       32       33       34       35       36       37       38       39       40       
0        0        196      260      57       311      369      169      360      182      149      370      172      265      330      280      400      291      173      285      225      317      235      184      216      225      96       219      113      172      94       277      332      160      289      234      342      129      114      241      353      203      
1        196      0        248      147      117      240      57       206      94       131      232      171      102      185      84       361      122      339      252      51       196      39       100      128      53       119      249      270      191      178      289      325      321      141      336      155      69       81       263      345      57       
2        260      248      0        267      283      184      284      217      325      134      198      94       200      189      298      140      214      255      32       217      149      272      147      123      214      279      56       215      388      327      46       79       239      181      164      275      246      234      44       100      194      
3        57       147      267      0        264      346      113      330      125      139      345      173      229      302      228      406      254      228      288      184      295      184      161      196      184      38       236      164      129      60       292      345      214      259      274      300      78       68       258      366      166      
4        311      117      283      264      0        188      165      135      190      211      173      238      82       133      53       357      72       438      273      90       166      84       163      166      91       236      306      371      293      293      329      348      420      109      411      47       186      197      313      364      118      
5        369      240      184      346      188      0        296      57       334      221      19       213      139      57       232      188      125      425      156      188      52       235      186      153      186      336      235      371      429      397      222      211      407      98       348      151      285      284      228      220      190      
6        169      57       284      113      165      296      0        263      41       155      289      197      159      242      120      407      180      330      293      108      251      80       140      173      110      77       275      262      134      129      322      364      314      198      348      208      48       67       293      385      109      
7        360      206      217      330      135      57       263      0        299      219      39       222      104      31       183      244      83       439      193      155      68       194      176      150      154      314      261      380      398      375      260      258      421      71       376      95       261      263      259      269      164      
8        182      94       325      125      190      334      41       299      0        193      326      236      196      280      140      448      215      351      334      146      290      108      181      214      148      86       313      285      103      120      361      404      336      236      380      235      81       98       331      425      149      
9        149      131      134      139      211      221      155      219      193      0        224      42       140      188      203      268      165      230      150      123      169      165      48       69       121      145      120      165      254      198      168      214      211      152      206      226      113      99       137      235      94       
10       370      232      198      345      173      19       289      39       326      224      0        219      130      46       218      207      114      433      171      180      55       225      186      154      178      333      247      378      423      394      237      228      416      90       361      134      281      281      241      238      184      
11       172      171      94       173      238      213      197      222      236      42       219      0        160      190      237      232      183      217      115      154      163      202      76       77       153      184      78       158      293      233      126      173      199      161      173      246      155      141      95       194      126      
12       265      102      200      229      82       139      159      104      196      140      130      160      0        83       104      284      26       370      192      50       100      97       91       85       49       210      224      305      293      271      246      267      352      41       332      86       157      161      231      284      62       
13       330      185      189      302      133      57       242      31       280      188      46       190      83       0        175      229      68       407      167      134      41       179      146      118      132      288      231      348      376      350      233      235      389      44       345      101      236      237      229      248      139      
14       280      84       298      228      53       232      120      183      140      203      218      237      104      175      0        389      107      421      293      83       202      44       161      175      85       196      311      352      243      249      343      369      403      141      409      101      151      165      322      387      110      
15       400      361      140      406      357      188      407      244      448      268      207      232      284      229      389      0        285      373      117      318      191      375      267      234      316      414      187      346      521      465      134      80       360      249      260      331      375      365      166      67       303      
16       291      122      214      254      72       125      180      83       215      165      114      183      26       68       107      285      0        395      201      73       95       111      117      106      72       235      243      330      314      296      260      276      376      36       353      63       182      186      247      292      88       
17       173      339      255      228      438      425      330      439      351      230      433      217      370      407      421      373      395      0        287      348      378      378      278      292      347      265      198      69       343      265      241      293      18       378      121      456      283      265      214      309      320      
18       285      252      32       288      273      156      293      193      334      150      171      115      192      167      293      117      201      287      0        215      126      271      154      124      213      296      89       247      404      348      66       75       272      167      195      259      259      248      76       94       195      
19       225      51       217      184      90       188      108      155      146      123      180      154      50       134      83       318      73       348      215      0        146      56       78       93       2        162      228      280      242      223      261      290      330      90       327      117      109      115      239      309      28       
20       317      196      149      295      166      52       251      68       290      169      55       163      100      41       202      191      95       378      126      146      0        197      134      101      143      286      194      322      382      347      192      193      360      60       309      141      236      234      191      206      142      
21       235      39       272      184      84       235      80       194      108      165      225      202      97       179      44       375      111      378      271      56       197      0        128      148      58       153      279      309      210      209      315      347      360      138      371      128      106      120      292      366      78       
22       184      100      147      161      163      186      140      176      181      48       186      76       91       146      161      267      117      278      154      78       134      128      0        36       76       155      151      213      258      214      189      226      260      106      249      177      110      103      164      246      50       
23       216      128      123      196      166      153      173      150      214      69       154      77       85       118      175      234      106      292      124      93       101      148      36       0        91       192      140      230      294      251      168      198      274      85       247      169      146      140      148      217      71       
24       225      53       214      184      91       186      110      154      148      121      178      153      49       132      85       316      72       347      213      2        143      58       76       91       0        163      226      280      244      224      259      288      329      88       326      116      110      116      237      307      27       
25       96       119      279      38       236      336      77       314      86       145      333      184      210      288      196      414      235      265      296      162      286      153      155      192      163      0        254      200      109      61       308      358      250      244      304      274      53       52       275      379      149      
26       219      249      56       236      306      235      275      261      313      120      247      78       224      231      311      187      243      198      89       228      194      279      151      140      226      254      0        160      363      296      57       113      182      214      114      306      232      216      22       134      202      
27       113      270      215      164      371      371      262      380      285      165      378      158      305      348      352      346      330      69       247      280      322      309      213      230      280      200      160      0        286      208      213      269      51       315      128      390      214      196      180      287      253      
28       172      191      388      129      293      429      134      398      103      254      423      293      293      376      243      521      314      343      404      242      382      210      258      294      244      109      363      286      0        78       417      467      331      332      402      338      148      156      383      488      239      
29       94       178      327      60       293      397      129      375      120      198      394      233      271      350      249      465      296      265      348      223      347      209      214      251      224      61       296      208      78       0        352      405      253      305      326      333      114      113      317      426      210      
30       277      289      46       292      329      222      322      260      361      168      237      126      246      233      343      134      260      241      66       261      192      315      189      168      259      308      57       213      417      352      0        56       227      227      135      321      281      267      35       76       237      
31       332      325      79       345      348      211      364      258      404      214      228      173      267      235      369      80       276      293      75       290      193      347      226      198      288      358      113      269      467      405      56       0        281      240      181      332      326      313      91       21       270      
32       160      321      239      214      420      407      314      421      336      211      416      199      352      389      403      360      376      18       272      330      360      360      260      274      329      250      182      51       331      253      227      281      0        359      113      438      266      248      199      297      302      
33       289      141      181      259      109      98       198      71       236      152      90       161      41       44       141      249      36       378      167      90       60       138      106      85       88       244      214      315      332      305      227      240      359      0        327      93       191      193      217      256      94       
34       234      336      164      274      411      348      348      376      380      206      361      173      332      345      409      260      353      121      195      327      309      371      249      247      326      304      114      128      402      326      135      181      113      327      0        416      300      282      120      194      299      
35       342      155      275      300      47       151      208      95       235      226      134      246      86       101      101      331      63       456      259      117      141      128      177      169      116      274      306      390      338      333      321      332      438      93       416      0        222      231      310      346      140      
36       129      69       246      78       186      285      48       261      81       113      281      155      157      236      151      375      182      283      259      109      236      106      110      146      110      53       232      214      148      114      281      326      266      191      300      222      0        18       250      347      96       
37       114      81       234      68       197      284      67       263      98       99       281      141      161      237      165      365      186      265      248      115      234      120      103      140      116      52       216      196      156      113      267      313      248      193      282      231      18       0        235      335      99       
38       241      263      44       258      313      228      293      259      331      137      241      95       231      229      322      166      247      214      76       239      191      292      164      148      237      275      22       180      383      317      35       91       199      217      120      310      250      235      0        112      214      
39       353      345      100      366      364      220      385      269      425      235      238      194      284      248      387      67       292      309      94       309      206      366      246      217      307      379      134      287      488      426      76       21       297      256      194      346      347      335      112      0        289      
40       203      57       194      166      118      190      109      164      149      94       184      126      62       139      110      303      88       320      195      28       142      78       50       71       27       149      202      253      239      210      237      270      302      94       299      140      96       99       214      289      0        
;



Table delta(i,j)                 Distance
         0        1        2        3        4        5        6        7        8        9        10       11       12       13       14       15       16       17       18       19       20       21       22       23       24       25       26       27       28       29       30       31       32       33       34       35       36       37       38       39       40       
0        0        58       30       82       26       73       48       35       77       130      80       90       91       42       103      47       107      67       78       70       108      80       79       80       85       121      44       125      10       137      116      81       57       104      126      109      45       57       112      90       85       
1        58       0        77       27       77       58       101      31       33       119      129      123      132      59       151      104      104      108      118      101      90       21       136      102      104      126      103      168      66       185      86       95       92       162      177      162      92       25       170      129      139      
2        30       77       0        95       48       67       60       62       84       160      52       61       61       72       75       52       137      88       98       41       138      96       80       107      112      150      40       96       20       147      145      109      28       95       134      114      16       83       109      60       93       
3        82       27       95       0        104      53       128      58       18       139      143      131      143      87       165      129      126      135      146      109      109      12       161      129      130      149      126      179      88       213      100      121      103      186      204      189      109      49       195      139      165      
4        26       77       48       104      0        100      24       48       101      118      88       108      103      35       109      29       95       41       51       90       102      99       59       59       65       104      36       134      30       111      115      63       76       90       101      85       60       68       93       104      61       
5        73       58       67       53       100      0        120      74       35       176      103      82       98       102      122      116      158      140      151      63       147      62       147      146      149      179      106      131      72       209      145      142      61       162      198      179      74       81       176      93       156      
6        48       101      60       128      24       120      0        72       124      129      86       113      104      55       104      13       105      32       40       99       117      123      36       62       68       109      28       131      47       89       132      71       86       69       78       61       67       91       70       106      37       
7        35       31       62       58       48       74       72       0        60       105      114      119      123      29       137      76       86       77       87       96       79       52       107      74       76       105      78       158      44       154      84       69       84       136      146      132      78       22       141      121      108      
8        77       33       84       18       101      35       124      60       0        152      130      114      128      90       150      124      137      136      147      93       122      28       156      135      136      159      119      162      80       212      115      128      88       177      202      186      96       58       188      123      162      
9        130      119      160      139      118      176      129      105      152      0        206      220      220      87       228      141      23       102      103      199      30       127      157      69       63       32       153      253      139      158      46       57       186      194      160      159      175      95       187      220      144      
10       80       129      52       143      88       103      86       114      130      206      0        39       21       120      22       73       183      118      126      43       187      146      84       146      152      192      57       46       70       153      197      152      42       76       138      117      36       136      96       25       103      
11       90       123      61       131      108      82       113      119      114      220      39       0        20       133      46       102      198      145      154      22       197      137      119      167      173      211      86       49       81       189      203      170      34       115      175      154      47       137      135      15       137      
12       91       132      61       143      103      98       104      123      128      220      21       20       0        133      26       92       197      137      145      35       199      148      105      162      168      208      76       35       81       174      206      167      40       96       160      138      45       143      117      5        124      
13       42       59       72       87       35       102      55       29       90       87       120      133      133      0        142      63       65       49       59       112      67       79       91       44       47       80       71       166      51       128      79       41       99       124      121      110      87       41       125      132      87       
14       103      151      75       165      109      122      104      137      150      228      22       46       26       142      0        91       205      137      144      59       209      168      96       166      172      212      76       27       93       163      219      172      62       79       148      127      59       159      101      31       116      
15       47       104      52       129      29       116      13       76       124      141      73       102      92       63       91       0        117      45       53       89       127      125      32       75       81       121      16       118      43       94       142      83       76       61       82       63       56       97       66       94       41       
16       107      104      137      126      95       158      105      86       137      23       183      198      197      65       205      117      0        79       81       177      25       114      135      47       41       25       130      230      117      140      48       34       165      171      141      139      152      79       165      197      122      
17       67       108      88       135      41       140      32       77       136      102      118      145      137      49       137      45       79       0        11       129      96       128      55       33       39       78       61       164      71       78       115      45       116      91       72       63       97       91       85       138      43       
18       78       118      98       146      51       151      40       87       147      103      126      154      145      59       144      53       81       11       0        139      100      138      56       34       40       76       69       171      82       68       120      48       126      92       64       58       107      101      83       147      41       
19       70       101      41       109      90       63       99       96       93       199      43       22       35       112      59       89       177      129      139      0        175      115      111      149      154      191      73       69       61       181      180      151      13       114      167      146      32       115      132      30       127      
20       108      90       138      109      102      147      117      79       122      30       187      197      199      67       209      127      25       96       100      175      0        97       149      66       61       50       138      233      118      163      22       52       163      185      162      158      154      66       181      198      139      
21       80       21       96       12       99       62       123      52       28       127      146      137      148      79       168      125      114      128      138      115      97       0        158      120      120      138      124      183      86       206      88       111      107      184      198      184      111      39       191      144      160      
22       79       136      80       161      59       147      36       107      156      157      84       119      105      91       96       32       135      55       56       111      149      158      0        88       94       133      40       123      76       70       166      100      101      36       55       34       80       128      34       108      19       
23       80       102      107      129      59       146      62       74       135      69       146      167      162      44       166      75       47       33       34       149      66       120      88       0        6        46       89       192      87       98       86       14       135      124      96       92       119      80       117      163      75       
24       85       104      112      130      65       149      68       76       136      63       152      173      168      47       172      81       41       39       40       154      61       120      94       6        0        40       95       198      92       102      82       10       140      131      101      98       125      81       123      169      81       
25       121      126      150      149      104      179      109      105      159      32       192      211      208      80       212      121      25       78       76       191      50       138      133      46       40       0        136      238      129      126      71       40       178      169      129      130      164      101      160      208      118      
26       44       103      40       126      36       106      28       78       119      153      57       86       76       71       76       16       130      61       69       73       138      124      40       89       95       136      0        102      38       107      151      96       62       59       94       74       41       100      69       78       53       
27       125      168      96       179      134      131      131      158      162      253      46       49       35       166      27       118      230      164      171      69       233      183      123      192      198      238      102      0        115      189      241      198      76       104      174      153      79       179      126      39       143      
28       10       66       20       88       30       72       47       44       80       139      70       81       81       51       93       43       117      71       82       61       118      86       76       87       92       129      38       115      0        137      126      89       48       97       125      107      36       67       107      80       84       
29       137      185      147      213      111      209      89       154      212      158      153      189      174      128      163      94       140      78       68       181      163      206      70       98       102      126      107      189      137      0        184      112      170      86       15       36       149      169      65       178      54       
30       116      86       145      100      115      145      132      84       115      46       197      203      206      79       219      142      48       115      120      180      22       88       166      86       82       71       151      241      126      184      0        72       169      201      183      178      162      66       199      205      158      
31       81       95       109      121      63       142      71       69       128      57       152      170      167      41       172      83       34       45       48       151      52       111      100      14       10       40       96       198      89       112      72       0        137      136      110      106      123      71       130      167      88       
32       57       92       28       103      76       61       86       84       88       186      42       34       40       99       62       76       165      116      126      13       163      107      101      135      140      178      62       76       48       170      169      137      0        106      156      135      20       104      124      37       116      
33       104      162      95       186      90       162      69       136      177      194      76       115      96       124      79       61       171      91       92       114      185      184      36       124      131      169      59       104      97       86       201      136      106      0        71       52       88       158      22       101      52       
34       126      177      134      204      101      198      78       146      202      160      138      175      160      121      148      82       141      72       64       167      162      198      55       96       101      129      94       174      125      15       183      110      156      71       0        21       136      162      50       163      41       
35       109      162      114      189      85       179      61       132      186      159      117      154      138      110      127      63       139      63       58       146      158      184      34       92       98       130      74       153      107      36       178      106      135      52       21       0        115      150      33       142      23       
36       45       92       16       109      60       74       67       78       96       175      36       47       45       87       59       56       152      97       107      32       154      111      80       119      125      164      41       79       36       149      162      123      20       88       136      115      0        100      104      44       95       
37       57       25       83       49       68       81       91       22       58       95       136      137      143      41       159      97       79       91       101      115      66       39       128      80       81       101      100      179      67       169      66       71       104      158      162      150      100      0        162      141      127      
38       112      170      109      195      93       176      70       141      188      187      96       135      117      125      101      66       165      85       83       132      181      191      34       117      123      160      69       126      107      65       199      130      124      22       50       33       104      162      0        122      42       
39       90       129      60       139      104      93       106      121      123      220      25       15       5        132      31       94       197      138      147      30       198      144      108      163      169      208      78       39       80       178      205      167      37       101      163      142      44       141      122      0        127      
40       85       139      93       165      61       156      37       108      162      144      103      137      124      87       116      41       122      43       41       127      139      160      19       75       81       118      53       143      84       54       158      88       116      52       41       23       95       127      42       127      0        
;

