

sets
i        orders          /0*40/
k        routes          /1*40/
p        positions       /0*40/
;

alias(i,j)
alias(i,h)
alias(i,hh)
alias(i,jj)
alias(k,kk)
                            Parameters

rho(i)	Processing time
/
0	0
1	20
2	55
3	68
4	60
5	78
6	94
7	67
8	7
9	73
10	14
11	43
12	38
13	30
14	75
15	33
16	82
17	49
18	69
19	33
20	45
21	79
22	31
23	16
24	9
25	15
26	89
27	66
28	88
29	3
30	71
31	95
32	67
33	6
34	36
35	43
36	11
37	82
38	93
39	16
40	37
/

gamma(i)	Duedate
/
0	0
1	50
2	20
3	84
4	16
5	9
6	55
7	63
8	94
9	71
10	65
11	19
12	13
13	63
14	8
15	34
16	82
17	41
18	57
19	48
20	1
21	10
22	55
23	21
24	49
25	44
26	86
27	26
28	52
29	9
30	97
31	76
32	53
33	20
34	66
35	29
36	58
37	24
38	85
39	4
40	7
/

sigma(i)	Size
/
0	0
1	6
2	5
3	8
4	3
5	8
6	3
7	4
8	5
9	1
10	8
11	5
12	8
13	9
14	6
15	5
16	2
17	1
18	7
19	1
20	9
21	5
22	6
23	3
24	4
25	1
26	3
27	8
28	9
29	2
30	7
31	2
32	8
33	1
34	3
35	5
36	8
37	7
38	8
39	4
40	3
/

epsilon(i)	Priority
/
0	0
1	1
2	5
3	9
4	3
5	8
6	3
7	8
8	7
9	4
10	4
11	2
12	5
13	2
14	8
15	3
16	7
17	6
18	4
19	6
20	9
21	8
22	1
23	2
24	1
25	1
26	1
27	4
28	1
29	5
30	1
31	7
32	3
33	7
34	2
35	5
36	7
37	6
38	5
39	8
40	3
/

psi	Vehicle Capacity
/ 33 /
;

Table kappa(i,j)                 Setup
         0        1        2        3        4        5        6        7        8        9        10       11       12       13       14       15       16       17       18       19       20       21       22       23       24       25       26       27       28       29       30       31       32       33       34       35       36       37       38       39       40       
0        0        320      55       316      192      297      244      346      297      154      55       388      94       305      333      395      215      222      195      112      344      103      373      24       99       179      362      56       28       220      119      301      228      128      216      165      292      359      164      318      272      
1        320      0        291      94       419      94       134      35       133      165      295      358      397      282      69       83       345      312      155      288      149      219      311      304      410      237      383      323      299      156      396      152      94       317      257      232      263      364      195      15       50       
2        55       291      0        274      165      255      199      313      251      129      5        333      106      250      294      361      166      169      188      59       297      94       318      64       119      197      309      32       28       173      110      252      205      80       161      182      237      305      167      287      246      
3        316      94       274      0        370      18       77       79       44       173      277      265      376      195      32       105      281      245      202      252      57       229      218      306      391      286      295      302      290      104      365      62       132      275      190      277      178      275      236      78       110      
4        192      419      165      370      0        353      295      431      332      278      160      293      124      245      398      472      106      142      348      135      368      257      304      214      139      362      245      140      182      268      83       324      348      103      186      347      244      253      332      410      383      
5        297      94       255      18       353      0        59       86       39       155      258      264      357      189      44       119      267      231      187      234      67       210      217      287      373      271      289      283      271      87       347      58       118      258      176      262      171      270      220      79       101      
6        244      134      199      77       295      59       0        138      54       116      202      242      299      157      103      177      212      178      170      175      101      167      202      237      315      247      257      226      217      27       288      62       112      198      123      236      137      240      195      122      118      
7        346      35       313      79       431      86       138      0        123      191      317      344      419      274      47       50       350      316      189      304      128      247      295      331      432      272      374      344      323      163      415      141      124      331      260      267      256      354      229      28       83       
8        297      133      251      44       332      39       54       123      0        168      253      224      349      151      77       148      239      202      213      221      47       221      178      291      365      294      251      276      270      77       334      18       148      241      149      284      133      231      242      118      138      
9        154      165      129      173      278      155      116      191      168      0        134      336      234      245      183      241      235      215      77       143      214      56       303      139      246      136      334      162      134      104      239      178      75       176      173      123      226      322      84       163      118      
10       55       295      5        277      160      258      202      317      253      134      0        332      101      249      297      365      163      167      193      57       299      99       318      67       115      202      307      27       30       176      106      254      210      76       161      187      236      303      173      291      250      
11       388      358      333      265      293      264      242      344      224      336      332      0        384      91       296      356      193      170      406      275      219      366      50       396      403      472      58       339      361      238      348      205      355      268      174      458      109      42       421      342      358      
12       94       397      106      376      124      357      299      419      349      234      101      384      0        314      398      466      192      213      286      129      393      191      381      118      19       273      345      74       102      272      41       347      310      120      232      260      306      348      258      393      352      
13       305      282      250      195      245      189      157      274      151      245      249      91       314      0        227      295      138      104      316      195      161      276      68       310      333      381      101      260      277      149      283      133      267      194      88       366      19       83       330      267      275      
14       333      69       294      32       398      44       103      47       77       183      297      296      398      227      0        74       312      276      200      277      81       240      247      321      413      285      327      323      308      130      390      94       130      301      221      278      210      307      237      54       99       
15       395      83       361      105      472      119      177      50       148      241      365      356      466      295      74       0        386      350      238      348      137      297      306      381      480      320      392      391      373      204      460      163      175      374      295      316      279      371      279      79       133      
16       215      345      166      281      106      267      212      350      239      235      163      193      192      138      312      386      0        38       312      109      270      236      199      230      210      350      154      160      193      188      155      228      291      87       91       334      138      156      308      333      317      
17       222      312      169      245      142      231      178      316      202      215      167      170      213      104      276      350      38       0        292      110      232      225      169      233      233      338      140      170      197      156      181      191      265      98       55       323      102      137      293      300      288      
18       195      155      188      202      348      187      170      189      213      77       193      406      286      316      200      238      312      292      0        216      254      95       370      174      293      84       409      220      183      168      299      228      70       248      249      78       296      395      41       161      106      
19       112      288      59       252      135      234      175      304      221      143      57       275      129      195      277      348      109      110      216      0        264      130      263      123      147      243      250      65       87       147      113      218      213      32       107      227      183      246      205      281      249      
20       344      149      297      57       368      67       101      128      47       214      299      219      393      161      81       137      270      232      254      264      0        267      169      338      410      337      255      321      317      123      376      45       186      282      181      327      147      234      285      133      167      
21       103      219      94       229      257      210      167      247      221      56       99       366      191      276      240      297      236      225      95       130      267      0        339      86       200      114      356      125      89       150      204      229      125      161      194      98       258      347      75       218      169      
22       373      311      318      218      304      217      202      295      178      303      318      50       381      68       247      306      199      169      370      263      169      339      0        379      400      440      98       329      346      201      350      159      314      262      156      427      82       77       388      295      314      
23       24       304      64       306      214      287      237      331      291      139      67       396      118      310      321      381      230      233      174      123      338      86       379      0        122      155      374      75       36       215      143      296      211      143      222      141      296      369      141      303      255      
24       99       410      119      391      139      373      315      432      365      246      115      403      19       333      413      480      210      233      293      147      410      200      400      122      0        276      364      89       112      289      58       364      321      139      250      262      325      366      263      406      364      
25       179      237      197      286      362      271      247      272      294      136      202      472      273      381      285      320      350      338      84       243      337      114      440      155      276      0        467      223      181      240      297      308      154      272      304      15       362      456      52       244      189      
26       362      383      309      295      245      289      257      374      251      334      307      58       345      101      327      392      154      140      409      250      255      356      98       374      364      467      0        310      337      246      308      233      365      237      162      452      120      21       418      368      375      
27       56       323      32       302      140      283      226      344      276      162      27       339      74       260      323      391      160      170      220      65       321      125      329      75       89       223      310      0        42       199      79       276      237      73       173      208      249      308      197      318      278      
28       28       299      28       290      182      271      217      323      270      134      30       361      102      277      308      373      193      197      183      87       317      89       346      36       112      181      337      42       0        193      118      273      210      106      189      166      264      333      157      296      252      
29       220      156      173      104      268      87       27       163      77       104      176      238      272      149      130      204      188      156      168      147      123      150      201      215      289      240      246      199      193      0        260      81       119      171      101      227      129      230      188      145      134      
30       119      396      110      365      83       347      288      415      334      239      106      348      41       283      390      460      155      181      299      113      376      204      350      143      58       297      308      79       118      260      0        331      314      94       206      283      277      311      275      390      354      
31       301      152      252      62       324      58       62       141      18       178      254      205      347      133      94       163      228      191      228      218      45       229      159      296      364      308      233      276      273      81       331      0        164      237      138      296      116      213      255      137      156      
32       228      94       205      132      348      118      112      124      148      75       210      355      310      267      130      175      291      265      70       213      186      125      314      211      321      154      365      237      210      119      314      164      0        245      214      147      247      350      107      96       43       
33       128      317      80       275      103      258      198      331      241      176      76       268      120      194      301      374      87       98       248      32       282      161      262      143      139      272      237      73       106      171      94       237      245      0        112      257      186      235      236      309      280      
34       216      257      161      190      186      176      123      260      149      173      161      174      232      88       221      295      91       55       249      107      181      194      156      222      250      304      162      173      189      101      206      138      214      112      0        289      75       152      256      245      235      
35       165      232      182      277      347      262      236      267      284      123      187      458      260      366      278      316      334      323      78       227      327      98       427      141      262      15       452      208      166      227      283      296      147      257      289      0        348      441      41       239      184      
36       292      263      237      178      244      171      137      256      133      226      236      109      306      19       210      279      138      102      296      183      147      258      82       296      325      362      120      249      264      129      277      116      247      186      75       348      0        102      311      249      255      
37       359      364      305      275      253      270      240      354      231      322      303      42       348      83       307      371      156      137      395      246      234      347      77       369      366      456      21       308      333      230      311      213      350      235      152      441      102      0        406      349      358      
38       164      195      167      236      332      220      195      229      242      84       173      421      258      330      237      279      308      293      41       205      285      75       388      141      263      52       418      197      157      188      275      255      107      236      256      41       311      406      0        200      146      
39       318      15       287      78       410      79       122      28       118      163      291      342      393      267      54       79       333      300      161      281      133      218      295      303      406      244      368      318      296      145      390      137      96       309      245      239      249      349      200      0        55       
40       272      50       246      110      383      101      118      83       138      118      250      358      352      275      99       133      317      288      106      249      167      169      314      255      364      189      375      278      252      134      354      156      43       280      235      184      255      358      146      55       0        
;



Table delta(i,j)                 Distance
         0        1        2        3        4        5        6        7        8        9        10       11       12       13       14       15       16       17       18       19       20       21       22       23       24       25       26       27       28       29       30       31       32       33       34       35       36       37       38       39       40       
0        0        63       69       14       115      89       104      93       47       87       91       76       58       61       95       41       68       14       109      87       107      81       50       111      128      46       118      140      97       138      110      60       107      75       72       24       61       144      59       107      121      
1        63       0        57       68       91       152      148      49       59       147      62       85       122      88       74       75       131      70       66       98       68       134      13       72       70       107      88       88       45       95       146      121      80       81       110      58       114      89       116      149      93       
2        69       57       0        82       46       142      107      106      25       125      118      130      117      45       128      104      128      65       46       43       125      103      51       46       78       112      49       80       101      73       98       127      136      126      139      84       131      89       93       105      149      
3        14       68       82       0        128      87       113      91       61       90       85       64       56       75       88       27       64       26       119      101      102      89       56       122      136      39       131      149      96       149      122      53       99       64       58       15       49       153      65       118      113      
4        115      91       46       128      0        182      129      137      69       161      153      173      160      77       165      150      172      110      36       55       156      135      91       29       72       157      10       59       129      41       113      172      170      169      185      130      177      71       130      124      182      
5        89       152      142      87       182      0        88       178      117      32       169      134      31       105      169      100      25       83       188      133      188      60       139      188      213      50       188      221      183      215      108      45       181      136      96       102      68       228      52       96       193      
6        104      148      107      113      129      88       0        192      90       56       193      178      89       62       199      140      97       90       150      73       208      30       136      147      185      103      138      183      192      169      22       112      210      178      157      128      132      193      51       8        224      
7        93       49       106      91       137      178      192      0        107      180      21       67       147      135      34       81       153      105      106      147      18       174      57       113      94       128      133      118      12       131      193      138      35       62       108      76       123      114      152      194      45       
8        47       59       25       61       69       117      90       107      0        101      114      116      92       29       122      86       103      40       71       44       124      81       49       71       100      87       74       105      104      98       87       102      131      113      119      66       108      112      68       90       145      
9        87       147      125      90       161      32       56       180      101      0        176      147      43       83       178      110      46       77       172      108      193      29       134      171      201      63       168      206      184      197      77       65       190      149      116      106      88       214      32       64       203      
10       91       62       118      85       153      169      193      21       114      176      0        48       139      140      13       70       144      104      125      157      19       173      66       131      115      119      149      138      34       151      197      127      18       43       91       69       110      135      150      196      31       
11       76       85       130      64       173      134      178      67       116      147      48       0        106      136      41       38       108      90       152      160      67       152      82       157      152      85       172      173      79       181      186      88       52       5        44       51       68       172      128      182      62       
12       58       122      117      56       160      31       89       147      92       43       139      106      0        86       139      70       11       54       162      116      157      59       109      163      185      20       165      195      152      190      106      23       151      108      73       71       45       200      40       96       164      
13       61       88       45       75       77       105      62       135      29       83       140      136      86       0        148      102      97       49       91       30       152      58       78       89       124      88       85       125      133      114      58       102      158      135      131      85       114      134      53       61       172      
14       95       74       128      88       165      169      199      34       122      178      13       41       139      148      0        69       143      109      137      166      27       177      76       144      128      119      162      151      46       164      204      125      12       36       85       72       107      148      153      202      25       
15       41       75       104      27       150      100      140      81       86       110      70       38       70       102      69       0        74       54       136      128      89       114      66       140      146      50       151      162      89       166      149      57       81       39       36       20       42       164      90       144      93       
16       68       131      128      64       172      25       97       153      103      46       144      108      11       97       143      74       0        65       173      127      163      67       118      174      195      25       177      206      159      201      115      20       155      110      71       77       43       211      50       104      167      
17       14       70       65       26       110      83       90       105      40       77       104      90       54       49       109      54       65       0        108      77       120      68       57       109      130      46       114      140      108      136      96       62       120      89       82       38       67       146      46       93       134      
18       109      66       46       119      36       188      150      106      71       172      125      152      162      91       137      136      173      108      0        79       125      149      70       7        37       154      28       34       97       29       139      169      141      147      172      116      169      42       140      147      152      
19       87       98       43       101      55       133      73       147      44       108      157      160      116      30       166      128      127      77       79       0        166      80       90       75       115      118      64       110      143      95       60       132      175      158      159      109      143      121      80       69       188      
20       107      68       125      102      156      188      208      18       124      193      19       67       157      152      27       89       163      120      125      166      0        189      75       131      110      138      151      134      27       148      210      146      21       61       110      87       129      129      166      210      28       
21       81       134      103      89       135      60       30       174      81       29       173      152      59       58       177      114      67       68       149      80       189      0        122      148      181      74       143      183      176      172      49       82       188      153      128      104      102      192      24       37       202      
22       50       13       51       56       91       139      136      57       49       134      66       82       109      78       76       66       118      57       70       90       75       122      0        75       80       95       90       96       55       100      136      109      84       78       102      48       103      98       103      138      98       
23       111      72       46       122      29       188      147      113      71       171      131      157      163      89       144      140      174      109      7        75       131      148      75       0        43       156      21       35       104      27       135      171      148      152      176      120      172      46       139      144      159      
24       128      70       78       136      72       213      185      94       100      201      115      152      185      124      128      146      195      130      37       115      110      181      80       43       0        174      62       24       83       43       175      188      129      147      181      128      184      19       168      183      138      
25       46       107      112      39       157      50       103      128      87       63       119      85       20       88       119      50       25       46       154      118      138      74       95       156      174      0        161      186      134      183      118      15       131      87       54       52       28       190      52       110      143      
26       118      88       49       131      10       188      138      133      74       168      149      172      165      85       162      151      177      114      28       64       151      143      90       21       62       161      0        49       124      31       123      176      166      168      187      131      180      61       137      133      178      
27       140      88       80       149      59       221      183      118      105      206      138      173      195      125      151      162      206      140      34       110      134      183      96       35       24       186      49       0        107      22       170      200      153      168      198      144      199      12       174      180      162      
28       97       45       101      96       129      183      192      12       104      184      34       79       152      133      46       89       159      108      97       143      27       176      55       104      83       134      124      107      0        121      191      145      46       73       118      81       132      102      155      193      55       
29       138      95       73       149      41       215      169      131      98       197      151      181      190      114      164      166      201      136      29       95       148      172      100      27       43       183      31       22       121      0        154      198      166      176      202      146      199      34       165      165      176      
30       110      146      98       122      113      108      22       193      87       77       197      186      106      58       204      149      115      96       139      60       210      49       136      135      175      118      123      170      191      154      0        129      214      186      170      135      147      181      66       14       228      
31       60       121      127      53       172      45       112      138      102      65       127      88       23       102      125      57       20       62       169      132      146      82       109      171      188      15       176      200      145      198      129      0        137      91       51       64       22       205      62       119      149      
32       107      80       136      99       170      181      210      35       131      190      18       52       151      158      12       81       155      120      141      175      21       188      84       148      129      131      166      153      46       166      214      137      0        47       96       84       119      148      165      213      14       
33       75       81       126      64       169      136      178      62       113      149      43       5        108      135      36       39       110      89       147      158      61       153      78       152      147      87       168      168      73       176      186      91       47       0        49       50       72       167      129      182      58       
34       72       110      139      58       185      96       157      108      119      116      91       44       73       131      85       36       71       82       172      159      110      128      102      176      181      54       187      198      118      202      170      51       96       49       0        55       28       200      105      163      106      
35       24       58       84       15       130      102      128      76       66       106      69       51       71       85       72       20       77       38       116      109      87       104      48       120      128      52       131      144      81       146      135      64       84       50       55       0        55       147      81       132      97       
36       61       114      131      49       177      68       132      123      108      88       110      68       45       114      107      42       43       67       169      143      129      102      103      172      184      28       180      199      132      199      147      22       119      72       28       55       0        202      80       138      130      
37       144      89       89       153      71       228      193      114      112      214      135      172      200      134      148      164      211      146      42       121      129      192      98       46       19       190      61       12       102      34       181      205      148      167      200      147      202      0        181      190      157      
38       59       116      93       65       130      52       51       152      68       32       150      128      40       53       153      90       50       46       140      80       166      24       103      139      168      52       137      174      155      165      66       62       165      129      105      81       80       181      0        58       179      
39       107      149      105      118      124      96       8        194      90       64       196      182      96       61       202      144      104      93       147      69       210      37       138      144      183      110      133      180      193      165      14       119      213      182      163      132      138      190      58       0        227      
40       121      93       149      113      182      193      224      45       145      203      31       62       164      172      25       93       167      134      152      188      28       202      98       159      138      143      178      162      55       176      228      149      14       58       106      97       130      157      179      227      0        
;

