

sets
i        orders          /0*40/
k        routes          /1*40/
p        positions       /0*40/
;

alias(i,j)
alias(i,h)
alias(i,hh)
alias(i,jj)
alias(k,kk)
                            Parameters

rho(i)	Processing time
/
0	0
1	65
2	24
3	81
4	73
5	5
6	86
7	74
8	19
9	11
10	55
11	54
12	24
13	21
14	61
15	39
16	13
17	41
18	77
19	9
20	48
21	73
22	14
23	95
24	45
25	1
26	43
27	58
28	33
29	36
30	64
31	88
32	79
33	1
34	20
35	29
36	21
37	62
38	94
39	13
40	88
/

gamma(i)	Duedate
/
0	0
1	87
2	16
3	91
4	42
5	13
6	54
7	95
8	46
9	89
10	90
11	70
12	98
13	63
14	28
15	82
16	21
17	84
18	42
19	48
20	32
21	15
22	41
23	50
24	44
25	14
26	10
27	47
28	16
29	53
30	76
31	19
32	89
33	30
34	68
35	18
36	59
37	47
38	88
39	7
40	34
/

sigma(i)	Size
/
0	0
1	5
2	8
3	6
4	9
5	4
6	3
7	2
8	9
9	4
10	2
11	1
12	4
13	5
14	2
15	8
16	7
17	8
18	4
19	6
20	5
21	2
22	1
23	5
24	3
25	9
26	6
27	2
28	8
29	2
30	7
31	2
32	5
33	7
34	2
35	9
36	3
37	5
38	2
39	4
40	5
/

epsilon(i)	Priority
/
0	0
1	5
2	9
3	9
4	8
5	7
6	2
7	1
8	5
9	2
10	1
11	9
12	3
13	3
14	3
15	3
16	9
17	4
18	8
19	6
20	7
21	2
22	3
23	2
24	4
25	7
26	2
27	6
28	5
29	5
30	9
31	1
32	4
33	6
34	2
35	3
36	7
37	6
38	9
39	7
40	1
/

psi	Vehicle Capacity
/ 29 /
;

Table kappa(i,j)                 Setup
         0        1        2        3        4        5        6        7        8        9        10       11       12       13       14       15       16       17       18       19       20       21       22       23       24       25       26       27       28       29       30       31       32       33       34       35       36       37       38       39       40       
0        0        109      433      258      191      193      386      250      244      351      119      235      280      366      427      96       330      274      333      322      265      318      268      73       158      63       320      291      205      412      331      349      435      384      396      128      168      142      275      85       308      
1        109      0        324      154      112      106      284      210      184      244      140      149      217      263      318      86       222      224      224      245      186      215      223      56       80       79       222      266      117      306      227      242      344      278      304      90       166      135      169      91       199      
2        433      324      0        209      269      258      186      333      285      148      405      281      276      172      19       367      141      312      127      230      236      130      324      365      317      397      152      381      283      56       174      88       174      66       166      341      388      374      160      380      138      
3        258      154      209      0        179      162      131      291      245      93       282      74       263      109      211      229      76       289      85       257      214      157      295      208      114      208      186      352      74       215      73       154      303      189      269      218      292      264      114      239      71       
4        191      112      269      179      0        16       299      114      75       245      136      217      106      274      258      104      216      119      210      134      75       141      122      118      174      186      133      176      188      235      239      180      243      209      204      73       124      105      114      118      182      
5        193      106      258      162      16       0        282      130      89       229      147      202      117      257      247      111      200      133      195      139      80       131      137      120      163      183      127      191      174      225      223      169      242      200      202      83       139      119      100      125      166      
6        386      284      186      131      299      282      0        403      354      58       412      161      364      25       200      360      87       395      99       341      313      221      404      339      232      331      256      463      184      224      60       191      341      210      318      347      418      393      202      370      123      
7        250      210      333      291      114      130      403      0        50       347      141      331      60       378      316      155      317      30       308      117      97       206      19       189      283      270      180      61       302      285      346      250      240      267      208      128      95       109      203      164      281      
8        244      184      285      245      75       89       354      50       0        297      153      291      35       329      270      148      268      44       258      85       49       157      50       175      250      252      133      109      263      239      297      201      209      220      174      116      116      118      153      160      231      
9        351      244      148      93       245      229      58       347      297      0        365      147      306      33       158      315      29       338      41       283      256      163      347      298      205      301      199      406      161      177      28       136      289      158      263      298      367      343      144      325      66       
10       119      140      405      282      136      147      412      141      153      365      0        290      186      389      394      54       338      170      335      238      190      276      161      89       219      161      265      173      257      370      352      316      361      345      324      67       49       35       248      50       307      
11       235      149      281      74       217      202      161      331      291      147      290      0        315      148      284      235      141      336      153      319      268      228      339      204      77       175      256      393      32       290      120      229      375      264      340      234      311      281      183      241      145      
12       280      217      276      263      106      117      364      60       35       306      186      315      0        339      259      183      277      35       266      57       50       154      48       211      280      287      124      105      289      226      309      197      181      210      148      152      146      151      162      195      241      
13       366      263      172      109      274      257      25       378      329      33       389      148      339      0        185      337      62       370      75       317      288      197      378      317      214      312      232      438      167      207      36       169      321      190      296      323      394      368      177      347      98       
14       427      318      19       211      258      247      200      316      270      158      394      284      259      185      0        358      148      295      133      212      221      117      307      357      316      393      137      363      284      36       183      78       155      50       146      330      375      362      151      371      140      
15       96       86       367      229      104      111      360      155      148      315      54       235      183      337      358      0        289      178      288      228      173      242      172      38       165      118      237      201      202      337      301      279      345      311      306      32       85       54       207      13       260      
16       330      222      141      76       216      200      87       317      268      29       338      141      277      62       148      289      0        308      16       255      226      136      317      273      190      282      171      377      149      161      39       113      267      140      240      271      338      315      115      300      36       
17       274      224      312      289      119      133      395      30       44       338      170      336      35       370      295      178      308      0        298      89       82       189      13       209      293      289      160      70       308      262      339      232      210      246      180      148      124      136      193      188      272      
18       333      224      127      85       210      195      99       308      258      41       335      153      266      75       133      288      16       298      0        242      216      122      307      274      198      288      157      367      159      145      55       97       252      124      224      268      334      311      105      299      28       
19       322      245      230      257      134      139      341      117      85       283      238      319      57       317      212      228      255      89       242      0        59       121      102      250      297      321      86       153      297      177      291      159      125      165      91       195      201      203      145      241      220      
20       265      186      236      214      75       80       313      97       49       256      190      268      50       288      221      173      226      82       216      59       0        109      92       192      240      261      84       152      244      190      258      152      173      171      134      140      160      155      111      186      190      
21       318      215      130      157      141      131      221      206      157      163      276      228      154      197      117      242      136      189      122      121      109      0        200      246      233      293      35       259      215      94       174      43       147      68       112      214      258      245      49       256      103      
22       268      223      324      295      122      137      404      19       50       347      161      339      48       378      307      172      317      13       307      102      92       200      0        205      295      286      172      60       311      274      347      243      224      258      193      144      114      128      202      182      281      
23       73       56       365      208      118      120      339      189      175      298      89       204      211      317      357      38       273      209      274      250      192      246      205      0        131      81       246      238      172      340      281      279      362      313      322      61       124      93       206      38       248      
24       158      80       317      114      174      163      232      283      250      205      219      77       280      214      316      165      190      293      198      297      240      233      295      131      0        99       252      342      48       313      181      248      377      285      338      171      247      215      184      169      179      
25       63       79       397      208      186      183      331      270      252      301      161      175      287      312      393      118      282      289      288      321      261      293      286      81       99       0        302      319      147      383      278      318      423      355      383      142      203      173      246      114      265      
26       320      222      152      186      133      127      256      180      133      199      265      256      124      232      137      237      171      160      157      86       84       35       172      246      252      302      0        229      240      107      209      73       124      87       86       206      241      231      73       251      138      
27       291      266      381      352      176      191      463      61       109      406      173      393      105      438      363      201      377      70       367      153      152      259      60       238      342      319      229      0        363      329      406      302      265      315      240      179      123      149      262      208      340      
28       205      117      283      74       188      174      184      302      263      161      257      32       289      167      284      202      149      308      159      297      244      215      311      172      48       147      240      363      0        286      135      222      362      258      325      202      279      248      168      208      145      
29       412      306      56       215      235      225      224      285      239      177      370      290      226      207      36       337      161      262      145      177      190      94       274      340      313      383      107      329      286      0        200      65       120      28       109      308      348      337      136      351      145      
30       331      227      174      73       239      223      60       346      297      28       352      120      309      36       183      301      39       339      55       291      258      174      347      281      181      278      209      406      135      200      0        153      307      179      279      287      358      333      148      310      71       
31       349      242      88       154      180      169      191      250      201      136      316      229      197      169      78       279      113      232      97       159      152      43       243      279      248      318      73       302      222      65       153      0        154      37       127      252      300      285      73       292      88       
32       435      344      174      303      243      242      341      240      209      289      361      375      181      321      155      345      267      210      252      125      173      147      224      362      377      423      124      265      362      120      307      154      0        131      39       313      326      326      194      359      242      
33       384      278      66       189      209      200      210      267      220      158      345      264      210      190      50       311      140      246      124      165      171      68       258      313      285      355      87       315      258      28       179      37       131      0        111      283      326      313      108      324      120      
34       396      304      166      269      204      202      318      208      174      263      324      340      148      296      146      306      240      180      224      91       134      112      193      322      338      383      86       240      325      109      279      127      39       111      0        274      290      289      158      320      211      
35       128      90       341      218      73       83       347      128      116      298      67       234      152      323      330      32       271      148      268      195      140      214      144      61       171      142      206      179      202      308      287      252      313      283      274      0        77       47       182      46       240      
36       168      166      388      292      124      139      418      95       116      367      49       311      146      394      375      85       338      124      334      201      160      258      114      124      247      203      241      123      279      348      358      300      326      326      290      77       0        31       237      89       305      
37       142      135      374      264      105      119      393      109      118      343      35       281      151      368      362      54       315      136      311      203      155      245      128      93       215      173      231      149      248      337      333      285      326      313      289      47       31       0        219      59       282      
38       275      169      160      114      114      100      202      203      153      144      248      183      162      177      151      207      115      193      105      145      111      49       202      206      184      246      73       262      168      136      148      73       194      108      158      182      237      219      0        220      78       
39       85       91       380      239      118      125      370      164      160      325      50       241      195      347      371      13       300      188      299      241      186      256      182      38       169      114      251      208      208      351      310      292      359      324      320      46       89       59       220      0        271      
40       308      199      138      71       182      166      123      281      231      66       307      145      241      98       140      260      36       272      28       220      190      103      281      248      179      265      138      340      145      145      71       88       242      120      211      240      305      282      78       271      0        
;



Table delta(i,j)                 Distance
         0        1        2        3        4        5        6        7        8        9        10       11       12       13       14       15       16       17       18       19       20       21       22       23       24       25       26       27       28       29       30       31       32       33       34       35       36       37       38       39       40       
0        0        83       55       54       48       110      115      155      126      164      100      92       50       142      41       102      44       20       64       132      144      98       63       124      75       40       151      156      71       58       93       81       15       99       117      167      109      64       115      119      137      
1        83       0        106      118      48       135      132      99       45       99       75       56       35       59       51       82       61       101      65       98       66       125      39       81       31       70       74       92       43       136      143      124      70       149      64       112      81       134      114      69       84       
2        55       106      0        106      57       56       62       138      137      201      149      80       72       163      55       152      94       44       48       105      172      44       105      169      113      35       154      146      70       96       40       25       52       46       158      148      84       110      72       106      121      
3        54       118      106      0        98       162      167      205      163      171      94       143      94       168      91       92       57       62       118      185      165      150      83       122      95       95       192      203      121      30       138      130      67       143      124      217      162      18       170      169      187      
4        48       48       57       98       0        93       92       107      84       145      101      44       16       107      7        107      57       59       25       87       115      81       55       117      60       22       106      108      23       106      95       76       32       101      104      119      64       111      82       71       89       
5        110      135      56       162      93       0        12       125      152      234      194      88       109      185      95       199      144      100      70       86       198      12       148      211      153      77       158      138      92       151      39       34       103      40       197      130      74       165      40       103      112      
6        115      132      62       167      92       12       0        114      145      230      194      82       108      179      95       199      146      106      68       75       193      18       148      209      152      79       149      128      89       159      50       43       106      52       195      119      65       172      29       94       102      
7        155      99       138      205      107      125      114      0        71       167      173      63       110      104      114      180      154      163      95       39       123      122      137      172      130      119      52       17       84       213      156      139      140      160      154      13       55       218      85       36       17       
8        126      45       137      163      84       152      145      71       0        97       107      64       75       36       89       115      106      142      90       87       53       144      82       102      72       105      30       58       66       180      169      150      111      175      84       83       82       179      120      56       63       
9        164      99       201      171      145      234      230      167      97       0        77       151      129      63       146      81       122      184      164      184      44       224      101      49       89       166      117      152      142      199      241      222      156      247      47       178      174      189      210      152      160      
10       100      75       149      94       101      194      194      173      107      77       0        129      86       94       99       7        55       120      126      173      83       182      46       28       45       117      138      163      111      123      189      173      97       195      33       186      154      112      182      144      159      
11       92       56       80       143      44       88       82       63       64       151      129      0        51       97       51       136      97       100      33       45       111      80       86       137      84       56       74       66       22       150      107      88       77       113      121      74       25       156      59       27       45       
12       50       35       72       94       16       109      108      110      75       129      86       51       0        94       17       91       45       66       40       96       101      97       39       101      43       36       101      108      29       107      111      92       35       117      88       123      74       109      96       75       93       
13       142      59       163      168      107      185      179      104      36       63       94       97       94       0        111      101      111      160      119      124      19       176      85       80       72       129      55       89       95       190      199      179      129      205      63       115      117      186      155      92       98       
14       41       51       55       91       7        95       95       114      89       146      99       51       17       111      0        104      52       53       30       94       117      83       53       116      59       20       112      115      30       99       94       76       25       100      104      126      71       104      87       78       96       
15       102      82       152      92       107      199      199      180      115      81       7        136      91       101      104      0        58       122      132      180      89       187      51       31       52       122      145      171      117      122      193      177      100      199      39       193      161      110      188      151      167      
16       44       61       94       57       57       144      146      154      106      122      55       97       45       111      52       58       0        64       82       142      109      131      25       80       38       66       135      150      75       79       134      119      42       140      75       167      120      75       139      119      137      
17       20       101      44       62       59       100      106      163      142      184      120      100      66       160      53       122      64       0        68       136      163      88       83       145      95       44       165      166      81       54       78       68       31       83       138      174      113      66       112      127      145      
18       64       65       48       118      25       70       68       95       90       164      126      33       40       119      30       132      82       68       0        68       130      59       80       141      83       24       106      100      24       121      79       60       50       86       127      106      44       129      57       60       77       
19       132      98       105      185      87       86       75       39       87       184      173      45       96       124      94       180      142      136      68       0        141      83       130      178      128      93       81       53       67       189      118      102      118      122      161      44       23       197      46       31       29       
20       144      66       172      165      115      198      193      123      53       44       83       111      101      19       117      89       109      163      130      141      0        188      84       65       71       137      74       108      106      189      209      190      133      215      50       134      133      183      170      109      117      
21       98       125      44       150      81       12       18       122      144      224      182      80       97       176      83       187      131      88       59       83       188      0        136      199      141      65       152      134      82       140      35       25       91       39       186      128      69       154      39       97       108      
22       63       39       105      83       55       148      148      137      82       101      46       86       39       85       53       51       25       83       80       130      84       136      0        64       13       72       113      131      66       105      145      128      55       152      54       150      111      100      136      105      122      
23       124      81       169      122      117      211      209      172      102      49       28       137      101      80       116      31       80       145      141      178      65       199      64       0        57       136      130      160      122      151      210      192      119      216      18       184      162      140      194      147      161      
24       75       31       113      95       60       153      152      130      72       89       45       84       43       72       59       52       38       95       83       128      71       141      13       57       0        79       102      123      66       118      153      135      66       159      45       143      109      113      137      100      116      
25       40       70       35       95       22       77       79       119      105      166      117      56       36       129      20       122      66       44       24       93       137      65       72       136      79       0        124      122      39       96       74       56       28       80       124      130      69       104      76       83       101      
26       151      74       154      192      106      158      149      52       30       117      138      74       101      55       112      145      135      165      106      81       74       152      113      130      102      124      0        35       85       208      181      163      136      187      112      61       83       208      122      55       52       
27       156      92       146      203      108      138      128      17       58       152      163      66       108      89       115      171      150      166      100      53       108      134      131      160      123      122      35       0        85       214      167      149      141      172      142      25       65       218      99       39       26       
28       71       43       70       121      23       92       89       84       66       142      111      22       29       95       30       117      75       81       24       67       106      82       66       122      66       39       85       85       0        129      104      84       56       110      106      96       45       134      71       48       66       
29       58       136      96       30       106      151      159      213      180      199      123      150      107      190      99       122      79       54       121      189      189      140      105      151      118      96       208      214      129      0        123      118      73       127      151      225      166      18       167      177      196      
30       93       143      40       138      95       39       50       156      169      241      189      107      111      199      94       193      134      78       79       118      209      35       145      210      153      74       181      167      104      123      0        19       92       6        198      163      102      139      75       129      141      
31       81       124      25       130      76       34       43       139      150      222      173      88       92       179      76       177      119      68       60       102      190      25       128      192      135      56       163      149      84       118      19       0        77       25       181      147      84       132      62       111      124      
32       15       70       52       67       32       103      106      140      111      156      97       77       35       129      25       100      42       31       50       118      133      91       55       119      66       28       136      141      56       73       92       77       0        98       110      152      94       79       104      104      122      
33       99       149      46       143      101      40       52       160      175      247      195      113      117      205      100      199      140      83       86       122      215      39       152      216      159      80       187      172      110      127      6        25       98       0        205      167      107      143      78       134      146      
34       117      64       158      124      104      197      195      154      84       47       33       121      88       63       104      39       75       138      127      161      50       186      54       18       45       124      112      142      106      151      198      181      110      205      0        166      146      142      178      130      143      
35       167      112      148      217      119      130      119      13       83       178      186      74       123      115      126      193      167      174      106      44       134      128      150      184      143      130      61       25       96       225      163      147      152      167      166      0        63       230      90       48       29       
36       109      81       84       162      64       74       65       55       82       174      154      25       74       117      71       161      120      113      44       23       133      69       111      162      109      69       83       65       45       166      102      84       94       107      146      63       0        173      38       28       39       
37       64       134      110      18       111      165      172      218      179      189      112      156      109      186      104      110      75       66       129      197      183      154      100      140      113      104      208      218      134      18       139      132      79       143      142      230      173      0        178      182      200      
38       115      114      72       170      82       40       29       85       120      210      182      59       96       155      87       188      139      112      57       46       170      39       136      194      137      76       122      99       71       167      75       62       104      78       178      90       38       178      0        67       73       
39       119      69       106      169      71       103      94       36       56       152      144      27       75       92       78       151      119      127      60       31       109      97       105      147      100      83       55       39       48       177      129      111      104      134      130      48       28       182      67       0        18       
40       137      84       121      187      89       112      102      17       63       160      159      45       93       98       96       167      137      145      77       29       117      108      122      161      116      101      52       26       66       196      141      124      122      146      143      29       39       200      73       18       0        
;

