
sets
i        orders          /0*80/
k        routes          /1*80/
p        positions       /0*80/
;

alias(i,j)
alias(i,h)
alias(i,hh)
alias(i,jj)
alias(k,kk)
                
                    Parameters

rho(i)	Processing time
/
0	0
1	95
2	82
3	21
4	39
5	92
6	73
7	61
8	1
9	73
10	26
11	82
12	23
13	61
14	8
15	89
16	36
17	79
18	84
19	35
20	32
21	99
22	22
23	98
24	6
25	80
26	44
27	18
28	64
29	86
30	60
31	28
32	56
33	94
34	60
35	60
36	49
37	2
38	36
39	44
40	62
41	97
42	32
43	21
44	67
45	45
46	23
47	5
48	52
49	79
50	41
51	75
52	37
53	78
54	50
55	45
56	48
57	3
58	12
59	42
60	78
61	65
62	73
63	48
64	8
65	18
66	63
67	64
68	5
69	90
70	97
71	38
72	70
73	24
74	16
75	5
76	57
77	73
78	60
79	7
80	60
/

gamma(i)	Duedate
/
0	0
1	79
2	20
3	76
4	89
5	38
6	22
7	36
8	73
9	64
10	97
11	4
12	48
13	31
14	68
15	75
16	87
17	35
18	48
19	31
20	59
21	70
22	64
23	78
24	12
25	58
26	2
27	5
28	26
29	92
30	66
31	38
32	71
33	5
34	69
35	26
36	15
37	40
38	76
39	69
40	44
41	8
42	86
43	51
44	72
45	26
46	68
47	15
48	18
49	87
50	87
51	78
52	9
53	36
54	51
55	98
56	4
57	93
58	83
59	27
60	36
61	58
62	37
63	79
64	91
65	76
66	62
67	65
68	89
69	99
70	9
71	7
72	79
73	11
74	25
75	2
76	51
77	28
78	20
79	27
80	51
/

sigma(i)	Size
/
0	0
1	3
2	3
3	9
4	4
5	7
6	1
7	7
8	8
9	7
10	8
11	3
12	8
13	5
14	9
15	1
16	6
17	4
18	1
19	9
20	4
21	8
22	2
23	3
24	9
25	9
26	8
27	6
28	6
29	3
30	5
31	3
32	7
33	7
34	6
35	5
36	7
37	3
38	7
39	7
40	2
41	2
42	3
43	4
44	3
45	2
46	8
47	9
48	4
49	2
50	4
51	2
52	8
53	7
54	2
55	3
56	6
57	1
58	4
59	1
60	3
61	6
62	1
63	8
64	9
65	4
66	4
67	7
68	8
69	8
70	4
71	9
72	4
73	9
74	6
75	8
76	7
77	9
78	6
79	4
80	1
/

epsilon(i)	Priority
/
0	0
1	1
2	4
3	9
4	6
5	6
6	1
7	3
8	9
9	1
10	1
11	5
12	6
13	1
14	7
15	3
16	4
17	8
18	5
19	3
20	7
21	4
22	2
23	7
24	5
25	4
26	1
27	9
28	9
29	2
30	8
31	8
32	3
33	4
34	7
35	4
36	5
37	9
38	1
39	7
40	8
41	1
42	1
43	6
44	7
45	9
46	1
47	6
48	1
49	9
50	7
51	2
52	7
53	7
54	1
55	8
56	8
57	1
58	6
59	9
60	4
61	6
62	7
63	6
64	5
65	9
66	8
67	6
68	8
69	9
70	9
71	3
72	2
73	5
74	4
75	6
76	5
77	3
78	7
79	2
80	1
/

psi	Vehicle Capacity
/ 26 /
;

Table kappa(i,j)                 Setup
         0        1        2        3        4        5        6        7        8        9        10       11       12       13       14       15       16       17       18       19       20       21       22       23       24       25       26       27       28       29       30       31       32       33       34       35       36       37       38       39       40       41       42       43       44       45       46       47       48       49       50       51       52       53       54       55       56       57       58       59       60       61       62       63       64       65       66       67       68       69       70       71       72       73       74       75       76       77       78       79       80       
0        0        272      655      115      165      334      280      107      532      321      186      170      264      313      389      565      169      231      531      397      113      203      239      410      218      487      179      378      511      447      40       533      346      390      289      581      349      92       514      483      216      484      199      319      215      52       474      324      557      401      475      573      64       188      539      337      459      379      577      210      460      239      232      412      209      569      112      417      289      326      351      258      227      178      86       295      371      303      205      162      561      
1        272      0        406      387      259      500      397      358      324      175      425      380      506      568      116      304      249      488      398      280      247      460      406      348      263      303      423      154      415      456      305      327      604      127      113      320      525      244      460      327      487      226      470      490      337      241      212      53       398      398      351      301      270      120      278      207      193      265      482      113      318      338      59       310      131      297      376      395      90       81       90       223      485      448      278      552      426      226      432      124      291      
2        655      406      0        759      665      744      798      754      165      522      826      785      907      966      312      113      655      883      654      344      582      855      681      419      523      532      757      432      703      813      693      169      1000     279      366      104      931      648      775      581      853      181      836      742      607      610      332      356      619      505      632      210      669      466      336      547      323      590      753      517      593      589      465      362      449      205      738      480      365      409      378      452      880      832      624      948      584      593      750      529      172      
3        115      387      759      0        245      295      315      98       626      429      149      174      204      232      503      674      253      155      625      475      183      132      220      469      276      593      106      492      597      505      92       627      258      501      392      690      336      185      588      584      100      593      83       279      235      150      590      438      657      440      571      687      147      294      654      442      574      478      660      324      560      264      348      484      309      683      36       461      395      441      466      333      152      81       140      212      389      401      143      277      674      
4        165      259      665      245      0        500      146      161      576      208      196      138      268      339      360      560      11       268      380      485      257      245      403      523      350      361      337      293      352      283      159      579      376      386      334      575      266      73       349      345      331      484      318      484      371      194      410      309      414      534      326      535      104      250      467      211      401      237      416      149      319      392      200      508      279      533      260      545      322      271      302      365      266      263      245      326      520      161      367      144      536      
5        334      500      744      295      500      0        603      389      583      623      444      468      486      488      595      698      503      432      850      401      267      416      99       341      244      785      192      648      838      781      348      580      500      564      433      713      631      426      847      793      300      626      292      16       163      313      707      535      868      267      795      756      397      380      773      647      686      697      906      503      774      167      496      389      371      750      263      296      451      579      591      308      429      355      259      470      182      624      153      449      726      
6        280      397      798      315      146      603      0        217      719      297      193      143      227      298      487      689      152      257      386      631      387      247      514      666      487      412      420      393      335      198      256      722      332      520      480      703      142      204      299      379      371      617      364      587      496      322      515      443      433      673      341      649      217      396      562      285      510      281      385      283      350      519      337      654      424      648      343      685      466      392      423      508      256      293      367      293      650      228      456      289      657      
7        107      358      754      98       161      389      217      0        636      362      79       79       157      212      473      659      171      130      540      504      217      102      305      515      321      521      203      436      507      408      67       638      247      482      391      675      253      120      493      506      170      579      158      372      303      159      545      411      576      500      487      656      87       291      607      369      532      398      569      272      480      330      308      519      314      653      126      518      389      397      426      365      127      103      182      195      461      322      239      236      649      
8        532      324      165      626      576      583      719      636      0        478      713      680      793      846      272      168      568      763      659      182      444      735      524      254      372      540      611      407      696      772      571      6        878      217      246      177      841      544      758      583      716      157      698      581      452      482      346      286      636      340      625      279      558      345      379      508      328      561      756      437      586      432      383      197      322      271      601      315      254      358      334      302      759      704      487      827      419      542      600      432      232      
9        321      175      522      429      208      623      297      362      478      0        404      346      475      546      212      409      196      476      232      455      356      453      524      522      409      166      499      96       240      295      337      483      584      262      288      421      439      245      286      169      525      346      510      610      467      318      218      195      244      565      180      354      283      263      266      31       214      89       309      119      152      477      140      486      285      354      433      565      265      119      146      386      474      465      369      534      583      72       520      174      367      
10       186      425      826      149      196      444      193      79       713      404      0        61       80       144      538      730      208      73       557      583      295      54       369      593      399      554      252      487      516      392      146      715      182      552      467      745      187      181      490      533      179      650      174      427      375      238      602      479      598      576      506      719      157      368      660      406      590      426      572      330      505      403      373      598      391      716      184      595      463      457      487      444      71       101      259      130      532      354      291      302      715      
11       170      380      785      174      138      468      143      79       680      346      61       0        130      200      489      685      150      134      496      561      284      114      384      580      389      493      280      431      456      339      136      682      238      508      433      700      178      137      433      472      228      606      221      451      378      222      547      433      537      572      445      668      123      336      605      346      537      365      514      279      444      405      325      579      362      666      205      588      427      404      435      426      132      151      254      188      536      294      317      256      667      
12       264      506      907      204      268      486      227      157      793      475      80       130      0        73       617      810      280      54       609      660      369      72       422      666      471      618      296      561      562      420      223      795      110      632      548      825      162      261      526      592      194      730      197      470      438      315      677      559      654      643      561      797      237      448      735      474      667      487      613      408      564      467      452      674      471      795      240      663      544      534      565      519      57       131      330      66       593      419      334      382      794      
13       313      568      966      232      339      488      298      212      846      546      144      200      73       0        682      871      351      82       682      703      410      111      436      701      507      691      306      632      634      487      274      846      37       694      602      887      213      325      595      666      188      791      197      472      464      363      746      622      727      670      634      864      298      502      805      546      735      560      683      475      637      493      517      714      523      861      265      693      601      602      631      562      86       150      369      19       613      492      342      445      859      
14       389      116      312      503      360      595      487      473      272      212      538      489      617      682      0        202      350      602      390      299      357      575      506      382      351      275      535      135      424      507      421      277      718      58       166      216      623      357      486      314      604      133      586      587      433      356      115      65       373      449      353      184      385      225      178      241      93       290      485      212      315      429      165      331      226      180      492      439      145      96       66       296      599      565      390      666      495      281      542      237      177      
15       565      304      113      674      560      698      689      659      168      409      730      685      810      871      202      0        550      790      543      315      505      762      624      399      462      421      685      318      591      699      602      175      907      177      286      16       824      549      662      470      772      81       754      693      548      524      220      252      511      484      519      115      573      380      232      434      210      476      643      411      480      534      361      340      368      108      656      463      279      298      267      393      786      744      545      854      554      480      682      428      69       
16       169      249      655      253      11       503      152      171      568      196      208      150      280      351      350      550      0        280      371      479      257      257      407      519      349      350      343      281      344      281      166      571      388      376      327      565      275      77       344      335      341      474      327      488      372      196      398      299      405      532      317      523      110      244      455      200      389      227      410      138      309      392      190      503      273      521      268      542      314      260      291      361      278      274      247      338      519      151      372      136      525      
17       231      488      883      155      268      432      257      130      763      476      73       134      54       82       602      790      280      0        629      622      329      28       370      623      428      627      243      558      586      454      191      764      116      612      520      806      214      246      556      606      140      709      142      416      390      281      670      541      670      596      578      785      217      419      730      479      658      499      641      398      578      419      437      634      440      782      191      617      518      524      553      481      3        78       289      64       543      427      281      365      779      
18       531      398      654      625      380      850      386      540      659      232      557      496      609      682      390      543      371      629      0        674      584      611      750      747      642      122      710      259      67       244      536      665      717      449      510      550      513      442      147      76       711      506      698      836      697      539      323      402      56       795      55       448      479      495      323      205      336      153      99       349      80       708      372      705      517      452      637      794      487      325      338      617      627      640      592      675      815      227      736      402      482      
19       397      280      344      475      485      401      631      504      182      455      583      561      660      703      299      315      479      622      674      0        293      595      346      87       203      567      443      416      694      728      437      179      733      244      167      328      735      434      740      599      555      259      538      400      276      344      408      271      666      169      628      400      438      235      462      487      386      545      761      372      594      254      325      32       206      392      445      150      189      348      337      141      619      556      334      684      241      502      427      346      360      
20       113      247      582      183      257      267      387      217      444      356      295      284      369      410      357      505      257      329      584      293      0        302      167      298      104      518      180      386      575      539      150      444      439      341      219      521      463      186      591      525      272      425      254      254      117      65       459      292      601      288      529      535      171      132      526      380      440      431      644      236      507      135      232      305      137      529      157      303      227      321      337      151      326      263      42       391      263      360      185      182      514      
21       203      460      855      132      245      416      247      102      735      453      54       114      72       111      575      762      257      28       611      595      302      0        350      597      402      606      225      533      571      445      163      736      145      584      491      777      220      219      544      586      133      681      132      399      367      253      644      513      652      572      560      758      189      391      705      457      632      478      627      371      558      396      410      607      412      754      168      592      490      498      527      454      24       61       262      93       521      406      263      338      751      
22       239      406      681      220      403      99       514      305      524      524      369      384      422      436      506      624      407      370      750      346      167      350      0        305      161      686      130      551      739      686      257      522      455      478      348      639      555      330      749      693      253      548      241      86       75       214      615      443      768      249      695      673      303      286      681      547      594      597      807      404      674      92       398      341      280      667      184      275      364      483      496      230      367      292      160      417      179      525      97       350      646      
23       410      348      419      469      523      341      666      515      254      522      593      580      666      701      382      399      519      623      747      87       298      597      305      0        195      645      419      493      763      782      448      250      727      329      236      412      758      463      804      673      539      346      523      343      246      358      493      348      742      86       699      487      460      278      549      553      471      612      831      428      666      219      386      59       250      480      436      63       260      422      415      158      619      551      335      682      167      562      396      393      447      
24       218      263      523      276      350      244      487      321      372      409      399      389      471      507      351      462      349      428      642      203      104      402      161      195      0        561      240      416      643      626      255      371      535      319      189      478      568      283      668      577      352      386      336      237      86       168      464      293      651      185      589      513      274      148      529      437      443      493      712      295      562      77       271      208      132      507      244      199      207      344      352      70       425      358      140      488      175      429      228      246      485      
25       487      303      532      593      361      785      412      521      540      166      554      493      618      691      275      421      350      627      122      567      518      606      686      645      561      0        666      151      174      322      501      545      728      334      410      428      551      408      252      51       687      385      673      772      626      484      201      296      98       700      106      328      446      413      205      151      214      131      221      283      72       632      290      599      431      331      599      696      386      223      229      526      625      624      534      681      729      200      686      338      360      
26       179      423      757      106      337      192      420      203      611      499      252      280      296      306      535      685      343      243      710      443      180      225      130      419      240      666      0        548      688      607      177      610      324      522      399      701      439      268      685      663      123      605      110      175      172      186      634      470      737      373      655      715      233      312      700      517      616      559      753      385      640      200      396      445      318      710      77       398      408      489      510      308      240      165      145      287      309      483      38       332      695      
27       378      154      432      492      293      648      393      436      407      96       487      431      561      632      135      318      281      558      259      416      386      533      551      493      416      151      548      0        289      380      401      412      669      192      258      329      535      316      351      183      591      263      575      637      486      362      121      145      249      549      219      257      352      269      173      117      117      158      351      168      181      490      154      448      284      257      490      544      234      72       79       377      555      537      408      618      580      168      564      217      272      
28       511      415      703      597      352      838      335      507      696      240      516      456      562      634      424      591      344      586      67       694      575      571      739      763      643      174      688      289      0        178      511      701      668      481      528      599      455      419      81       123      678      548      666      824      691      525      371      426      123      805      72       502      454      500      379      209      381      151      69       348      111      704      379      725      524      505      613      806      505      348      366      625      585      604      579      628      818      215      716      397      533      
29       447      456      813      505      283      781      198      408      772      295      392      339      420      487      507      699      281      454      244      728      539      445      686      782      626      322      607      380      178      0        433      777      518      556      562      710      290      356      114      274      568      641      560      765      654      477      490      486      299      806      220      629      383      503      517      266      493      223      206      355      249      674      404      756      532      630      529      813      543      414      441      628      454      491      529      485      800      231      641      388      651      
30       40       305      693      92       159      348      256      67       571      337      146      136      223      274      421      602      166      191      536      437      150      163      257      448      255      501      177      401      511      433      0        573      307      426      328      618      314      93       508      493      190      521      174      332      243      92       502      358      566      436      481      606      56       227      566      350      487      387      576      233      469      269      261      451      249      602      101      453      327      354      380      297      188      143      118      256      401      310      208      189      595      
31       533      327      169      627      579      580      722      638      6        483      715      682      795      846      277      175      571      764      665      179      444      736      522      250      371      545      610      412      701      777      573      0        879      222      248      183      843      546      763      588      716      163      698      579      451      483      352      290      642      336      630      285      560      347      386      513      334      566      761      440      592      430      386      193      324      277      601      311      257      363      339      302      760      705      487      828      415      546      599      435      239      
32       346      604      1000     258      376      500      332      247      878      584      182      238      110      37       718      907      388      116      717      733      439      145      455      727      535      728      324      669      668      518      307      879      0        729      636      922      238      361      628      702      202      826      214      484      487      395      784      658      763      693      670      900      333      535      842      584      772      597      717      512      674      516      553      743      555      897      291      716      635      638      668      591      120      176      398      52       633      529      358      481      895      
33       390      127      279      501      386      564      520      482      217      262      552      508      632      694      58       177      376      612      449      244      341      584      478      329      319      334      522      192      481      556      426      222      729      0        130      193      652      371      541      372      600      98       583      556      404      351      164      77       432      399      411      195      396      210      222      291      142      344      543      238      373      397      186      276      204      189      486      387      115      142      117      258      609      568      378      677      450      327      524      251      173      
34       289      113      366      392      334      433      480      391      246      288      467      433      548      602      166      286      327      520      510      167      219      491      348      236      189      410      399      258      528      562      328      248      636      130      0        302      596      297      573      437      487      206      470      426      273      243      281      116      507      290      463      325      312      100      344      320      259      378      595      208      430      266      158      197      82       319      372      285      24       187      183      130      516      466      259      584      329      335      397      191      299      
35       581      320      104      690      575      713      703      675      177      421      745      700      825      887      216      16       565      806      550      328      521      777      639      412      478      428      701      329      599      710      618      183      922      193      302      0        839      564      671      477      788      97       770      709      564      540      228      267      517      497      527      114      589      396      236      446      219      487      650      426      488      550      376      352      384      108      673      476      295      311      280      408      802      760      561      870      568      492      698      444      71       
36       349      525      931      336      266      631      142      253      841      439      187      178      162      213      623      824      275      214      513      735      463      220      555      758      568      551      439      535      455      290      314      843      238      652      596      839      0        301      403      515      353      749      352      614      556      400      657      574      564      750      472      789      297      504      705      428      651      421      495      414      486      583      466      754      531      788      371      767      586      529      561      602      215      280      432      217      714      371      478      408      796      
37       92       244      648      185      73       426      204      120      544      245      181      137      261      325      357      549      77       246      442      434      186      219      330      463      283      408      268      316      419      356      93       546      361      371      297      564      301      0        421      399      279      469      264      411      299      122      425      297      472      468      387      538      37       202      486      257      412      293      485      152      375      320      191      455      230      535      195      481      290      278      307      306      243      221      172      309      449      216      296      120      534      
38       514      460      775      588      349      847      299      493      758      286      490      433      526      595      486      662      344      556      147      740      591      544      749      804      668      252      685      351      81       114      508      763      628      541      573      671      403      421      0        200      660      613      651      832      708      536      443      479      203      839      146      577      453      532      457      254      451      198      92       378      183      724      418      770      558      580      608      842      551      402      424      659      555      584      589      592      844      242      716      422      606      
39       483      327      581      584      345      793      379      506      583      169      533      472      592      666      314      470      335      606      76       599      525      586      693      673      577      51       663      183      123      274      493      588      702      372      437      477      515      399      200      0        675      430      662      779      637      485      249      327      75       724      55       379      437      429      256      146      261      108      174      289      28       645      305      631      449      382      593      722      413      251      262      548      604      608      537      657      748      184      686      343      410      
40       216      487      853      100      331      300      371      170      716      525      179      228      194      188      604      772      341      140      711      555      272      133      253      539      352      687      123      591      678      568      190      716      202      600      487      788      353      279      660      675      0        691      17       284      293      248      690      539      746      497      657      788      241      391      755      536      675      568      738      423      650      322      449      561      405      783      115      521      493      542      567      416      138      77       230      170      433      491      156      377      773      
41       484      226      181      593      484      626      617      579      157      346      650      606      730      791      133      81       474      709      506      259      425      681      548      346      386      385      605      263      548      641      521      163      826      98       206      97       749      469      613      430      691      0        673      621      473      443      189      175      481      427      476      141      493      299      223      374      172      421      604      335      437      461      284      287      287      133      575      409      198      230      200      319      706      663      464      774      491      415      603      349      102      
42       199      470      836      83       318      292      364      158      698      510      174      221      197      197      586      754      327      142      698      538      254      132      241      523      336      673      110      575      666      560      174      698      214      583      470      770      352      264      651      662      17       673      0        276      278      231      674      521      733      482      645      770      226      373      738      521      658      554      728      407      636      307      432      544      387      766      98       506      475      525      550      399      140      73       212      178      420      478      145      360      756      
43       319      490      742      279      484      16       587      372      581      610      427      451      470      472      587      693      488      416      836      400      254      399      86       343      237      772      175      637      824      765      332      579      484      556      426      709      614      411      832      779      284      621      276      0        153      298      698      526      855      271      781      750      382      370      764      633      677      683      892      490      760      160      484      389      362      743      246      300      443      568      581      302      413      339      245      454      188      610      136      436      720      
44       215      337      607      235      371      163      496      303      452      467      375      378      438      464      433      548      372      390      697      276      117      367      75       246      86       626      172      486      691      654      243      451      487      404      273      564      556      299      708      637      293      473      278      153      0        177      544      372      712      206      643      598      279      217      610      493      523      545      760      348      619      29       335      275      208      592      199      228      290      416      428      155      387      314      128      444      158      476      151      295      571      
45       52       241      610      150      194      313      322      159      482      318      238      222      315      363      356      524      196      281      539      344      65       253      214      358      168      484      186      362      525      477      92       483      395      351      243      540      400      122      536      485      248      443      231      298      177      0        450      291      560      353      483      540      106      144      516      338      432      386      593      200      464      198      210      360      161      535      135      367      245      304      326      205      277      223      53       344      328      312      203      147      524      
46       474      212      332      590      410      707      515      545      346      218      602      547      677      746      115      220      398      670      323      408      459      644      615      493      464      201      634      121      371      490      502      352      784      164      281      228      657      425      443      249      690      189      674      698      544      450      0        171      293      563      299      139      458      330      66       235      22       266      422      273      260      542      241      440      335      140      583      552      259      148      124      411      668      643      489      732      610      289      644      313      162      
47       324      53       356      438      309      535      443      411      286      195      479      433      559      622      65       252      299      541      402      271      292      513      443      348      293      296      470      145      426      486      358      290      658      77       116      267      574      297      479      327      539      175      521      526      372      291      171      0        394      407      358      249      324      160      237      226      151      281      491      160      323      370      108      303      163      244      426      400      92       78       67       243      538      501      324      605      445      255      477      177      237      
48       557      398      619      657      414      868      433      576      636      244      598      537      654      727      373      511      405      670      56       666      601      652      768      742      651      98       737      249      123      299      566      642      763      432      507      517      564      472      203      75       746      481      733      855      712      560      293      394      0        796      93       410      509      503      284      221      308      179      142      364      96       720      379      698      523      415      666      792      483      320      328      620      669      677      613      719      821      255      761      418      447      
49       401      398      505      440      534      267      673      500      340      565      576      572      643      670      449      484      532      596      795      169      288      572      249      86       185      700      373      549      805      806      436      336      693      399      290      497      750      468      839      724      497      427      482      271      206      353      563      407      796      0        745      568      459      307      621      596      541      653      874      461      714      176      425      144      281      560      405      28       314      476      473      180      592      520      318      651      86       597      345      419      529      
