

sets
i        orders          /0*20/
k        routes          /1*20/
p        positions       /0*20/
;

alias(i,j)
alias(i,h)
alias(i,hh)
alias(i,jj)
alias(k,kk)
                            Parameters

rho(i)	Processing time
/
0	0
1	2
2	33
3	86
4	45
5	5
6	64
7	86
8	55
9	16
10	77
11	84
12	56
13	36
14	6
15	37
16	64
17	57
18	94
19	35
20	78
/

gamma(i)	Duedate
/
0	0
1	31
2	32
3	81
4	17
5	83
6	49
7	26
8	94
9	76
10	3
11	27
12	91
13	91
14	37
15	80
16	5
17	68
18	93
19	69
20	74
/

sigma(i)	Size
/
0	0
1	3
2	9
3	1
4	8
5	7
6	8
7	2
8	2
9	4
10	6
11	8
12	4
13	6
14	2
15	7
16	6
17	5
18	3
19	3
20	9
/

epsilon(i)	Priority
/
0	0
1	5
2	8
3	7
4	8
5	6
6	4
7	8
8	1
9	2
10	2
11	4
12	8
13	7
14	4
15	6
16	9
17	6
18	6
19	3
20	2
/

psi	Vehicle Capacity
/ 71 /
;

Table kappa(i,j)                 Setup
         0        1        2        3        4        5        6        7        8        9        10       11       12       13       14       15       16       17       18       19       20       
0        0        917      613      771      686      371      561      359      342      293      651      417      847      95       462      493      592      724      392      432      363      
1        917      0        377      251      929      545      378      626      1012     1088     268      1199     434      981      776      973      514      354      661      1179     708      
2        613      377      0        402      572      275      88       446      642      730      220      834      271      657      666      596      151      119      290      810      338      
3        771      251      402      0        968      423      347      433      944      993      185      1115     586      850      542      953      551      452      622      1104     662      
4        686      929      572      968      0        645      622      816      411      543      783      558      558      645      1032     228      422      575      397      511      384      
5        371      545      275      423      645      0        202      189      526      569      281      691      542      438      418      564      329      395      249      682      274      
6        561      378      88       347      622      202      0        361      635      710      162      821      357      614      578      615      214      202      289      802      334      
7        359      626      446      433      816      189      361      0        621      626      365      754      717      449      229      702      518      563      421      757      433      
8        342      1012     642      944      411      526      635      621      0        132      779      195      786      268      784      184      542      716      352      167      304      
9        293      1088     730      993      543      569      710      626      132      0        841      127      899      201      755      314      648      816      444      139      397      
10       651      268      220      185      783      281      162      365      779      841      0        958      439      719      543      773      368      290      444      943      486      
11       417      1199     834      1115     558      691      821      754      195      127      958      0        980      322      879      336      737      911      543      49       496      
12       847      434      271      586      558      542      357      717      786      899      439      980      0        873      936      678      258      156      469      945      511      
13       95       981      657      850      645      438      614      449      268      201      719      322      873      0        556      436      615      761      405      340      368      
14       462      776      666      542      1032     418      578      229      784      755      543      879      936      556      0        895      747      780      642      893      648      
15       493      973      596      953      228      564      615      702      184      314      773      336      678      436      895      0        466      643      331      291      293      
16       592      514      151      551      422      329      214      518      542      648      368      737      258      615      747      466      0        177      211      707      254      
17       724      354      119      452      575      395      202      563      716      816      290      911      156      761      780      643      177      0        372      882      419      
18       392      661      290      622      397      249      289      421      352      444      444      543      469      405      642      331      211      372      0        519      47       
19       432      1179     810      1104     511      682      802      757      167      139      943      49       945      340      893      291      707      882      519      0        471      
20       363      708      338      662      384      274      334      433      304      397      486      496      511      368      648      293      254      419      47       471      0        
;



Table delta(i,j)                 Distance
         0        1        2        3        4        5        6        7        8        9        10       11       12       13       14       15       16       17       18       19       20       
0        0        9510     3690     10530    8070     4320     6510     14070    11850    10860    9330     3750     15960    8790     12180    10980    6600     7470     7530     6330     12810    
1        9510     0        339      261      461      313      271      162      88       392      261      440      215      94       159      159      239      96       513      275      127      
2        3690     339      0        447      153      265      328      465      399      249      231      151      550      349      464      331      150      248      174      323      422      
3        10530    261      447      0        599      237      145      388      332      605      489      464      365      168      169      419      429      311      602      153      370      
4        8070     461      153      599      0        414      481      560      503      201      267      236      659      489      602      406      229      365      114      476      518      
5        4320     313      265      237      414      0        92       476      401      488      410      233      508      249      343      419      324      286      387      84       440      
6        6510     271      328      145      481      92       0        429      358      524      427      322      444      189      264      403      350      273      468      7        398      
7        14070    162      465      388      560      476      429      0        75       435      308      586      116      241      232      160      332      222      633      434      42       
8        11850    88       399      332      503      401      358      75       0        399      267      514      155      174      193      128      274      151      569      362      40       
9        10860    392      249      605      201      488      524      435      399      0        132      392      548      456      550      275      176      305      314      522      399      
10       9330     261      231      489      267      410      427      308      267      132      0        382      418      331      420      147      90       179      362      427      270      
11       3750     440      151      464      236      233      322      586      514      392      382      0        655      419      531      468      297      364      167      315      543      
12       15960    215      550      365      659      508      444      116      155      548      418      655      0        259      195      272      430      302      723      450      148      
13       8790     94       349      168      489      249      189      241      174      456      331      419      259      0        115      251      286      152      521      194      214      
14       12180    159      464      169      602      343      264      232      193      550      420      531      195      115      0        309      390      248      636      271      225      
15       10980    159      331      419      406      419      403      160      128      275      147      468      272      251      309      0        184      132      488      405      123      
16       6600     239      150      429      229      324      350      332      274      176      90       297      430      286      390      184      0        143      303      348      290      
17       7470     96       248      311      365      286      273      222      151      305      179      364      302      152      248      132      143      0        421      274      179      
18       7530     513      174      602      114      387      468      633      569      314      362      167      723      521      636      488      303      421      0        462      590      
19       6330     275      323      153      476      84       7        434      362      522      427      315      450      194      271      405      348      274      462      0        402      
20       12810    127      422      370      518      440      398      42       40       399      270      543      148      214      225      123      290      179      590      402      0        
;

