

sets
i        orders          /0*80/
k        routes          /1*80/
p        positions       /0*80/
;

alias(i,j)
alias(i,h)
alias(i,hh)
alias(i,jj)
alias(k,kk)
                            Parameters

rho(i)	Processing time
/
0	0
1	81
2	75
3	5
4	40
5	20
6	94
7	62
8	54
9	31
10	11
11	51
12	49
13	54
14	94
15	53
16	76
17	58
18	92
19	68
20	81
21	23
22	15
23	63
24	61
25	88
26	26
27	52
28	17
29	20
30	99
31	29
32	90
33	60
34	99
35	44
36	72
37	26
38	67
39	29
40	36
41	28
42	92
43	51
44	77
45	43
46	46
47	84
48	53
49	52
50	37
51	61
52	26
53	91
54	69
55	33
56	25
57	60
58	22
59	25
60	13
61	77
62	44
63	61
64	80
65	33
66	60
67	8
68	9
69	60
70	28
71	93
72	76
73	22
74	37
75	40
76	25
77	91
78	47
79	2
80	92
/

gamma(i)	Duedate
/
0	0
1	25
2	49
3	69
4	51
5	10
6	54
7	62
8	77
9	33
10	38
11	37
12	95
13	22
14	59
15	89
16	53
17	7
18	13
19	40
20	13
21	21
22	80
23	47
24	89
25	76
26	55
27	40
28	23
29	6
30	22
31	53
32	86
33	42
34	91
35	30
36	8
37	29
38	69
39	80
40	58
41	12
42	96
43	11
44	38
45	39
46	60
47	86
48	49
49	13
50	11
51	66
52	91
53	80
54	91
55	71
56	91
57	66
58	57
59	34
60	43
61	48
62	76
63	10
64	33
65	10
66	85
67	80
68	97
69	13
70	80
71	87
72	46
73	14
74	61
75	38
76	70
77	67
78	36
79	3
80	40
/

sigma(i)	Size
/
0	0
1	2
2	4
3	6
4	4
5	3
6	7
7	5
8	1
9	5
10	7
11	7
12	1
13	1
14	6
15	8
16	3
17	4
18	9
19	9
20	8
21	3
22	1
23	9
24	9
25	8
26	8
27	2
28	8
29	8
30	2
31	2
32	3
33	7
34	2
35	1
36	5
37	1
38	8
39	4
40	8
41	3
42	1
43	8
44	8
45	6
46	6
47	8
48	9
49	7
50	3
51	9
52	7
53	4
54	8
55	2
56	4
57	7
58	7
59	1
60	4
61	5
62	8
63	7
64	6
65	7
66	7
67	1
68	2
69	4
70	4
71	7
72	4
73	4
74	4
75	4
76	8
77	2
78	7
79	8
80	4
/

epsilon(i)	Priority
/
0	0
1	6
2	2
3	2
4	1
5	9
6	4
7	6
8	9
9	7
10	6
11	1
12	8
13	6
14	4
15	3
16	7
17	2
18	6
19	6
20	1
21	4
22	3
23	8
24	6
25	8
26	6
27	8
28	4
29	1
30	4
31	3
32	1
33	5
34	8
35	9
36	4
37	6
38	2
39	8
40	8
41	1
42	4
43	5
44	5
45	8
46	6
47	3
48	3
49	9
50	5
51	8
52	7
53	6
54	1
55	4
56	1
57	6
58	8
59	2
60	8
61	5
62	1
63	2
64	5
65	4
66	1
67	3
68	4
69	5
70	3
71	5
72	9
73	6
74	8
75	1
76	1
77	8
78	5
79	9
80	6
/

psi	Vehicle Capacity
/ 19 /
;

Table kappa(i,j)                 Setup
         0        1        2        3        4        5        6        7        8        9        10       11       12       13       14       15       16       17       18       19       20       21       22       23       24       25       26       27       28       29       30       31       32       33       34       35       36       37       38       39       40       41       42       43       44       45       46       47       48       49       50       51       52       53       54       55       56       57       58       59       60       61       62       63       64       65       66       67       68       69       70       71       72       73       74       75       76       77       78       79       80       
0        0        2532     3345     5187     6470     3523     840      1904     5099     4724     2517     3077     4589     3105     6427     5149     6308     3731     3599     2280     5029     2521     4517     4297     3958     2661     4161     1221     2045     7458     3017     4113     3134     5638     3621     794      5096     5931     3147     6012     1526     7002     3086     3102     4642     3699     3685     4995     2463     5590     3006     2127     3223     1786     2262     7341     1236     1046     4639     2353     3718     3695     3394     1481     2001     2657     288      3937     1992     4622     2145     5744     2654     1696     6417     6350     6639     6363     3128     3723     2302     
1        2532     0        5859     7045     6804     2941     2436     1629     6257     5203     5032     3963     4281     3942     6133     4700     8598     1984     2894     4631     3965     4885     6270     2890     5874     537      3579     2263     4215     7514     1424     4896     5652     5331     5810     2995     2936     6644     2346     8220     3779     7138     5550     1503     3980     6190     4669     5903     4747     5766     5416     1644     2383     2735     326      7359     2278     2042     2280     258      5978     4240     875      1424     1794     1988     2288     4738     4237     6903     4531     6293     3229     2039     6812     6870     7300     6901     3562     2364     4326     
2        3345     5859     0        3533     6982     5812     3547     5074     4812     5536     828      4196     6300     4266     7692     6843     3390     6672     5952     2200     7291     2100     3358     6944     2711     6005     6241     3892     2109     8139     6031     4784     213      7078     1821     2927     8125     6062     5721     3330     2271     7659     559      6098     6657     448      4302     5132     2386     6505     1855     5283     5793     3911     5570     8087     3889     3971     7817     5660     1599     4864     6730     4604     5107     5354     3615     4668     1971     2007     1511     6149     4409     4395     6863     6645     6676     6630     4723     6458     2325     
3        5187     7045     3533     0        4332     5359     4749     7063     2076     3607     3711     3402     5030     3460     5603     5395     2434     6827     5522     5415     6379     5413     806      6607     1228     7424     5401     4802     3156     5446     6453     3094     3604     5298     1826     4406     8180     3284     5636     1826     3678     5016     3123     6475     5616     3215     2892     2684     5660     4344     5323     7284     5679     4322     6719     5455     4786     5063     8234     6790     1958     3656     7854     5628     7178     5550     5456     3117     3245     1769     3312     3598     4097     5025     4179     3876     3692     3840     4044     6359     2885     
4        6470     6804     6982     4332     0        3913     5653     7757     2306     1746     6679     3400     2649     3366     1642     2490     6738     5413     4003     8001     3756     8128     3912     4653     4394     7334     3394     5369     5299     1161     5529     2403     6937     1929     5257     5812     6201     1049     4498     6124     5594     695      6430     5485     3188     6862     2888     1854     8265     1052     8306     7926     4478     4722     6556     1136     5349     5651     6688     6577     5548     2786     7280     5817     7934     4816     6605     2571     5474     5895     5875     832      3877     5135     160      492      956      541      3421     4825     4944     
5        3523     2941     5812     5359     3913     0        2739     4156     3906     2475     5122     1982     1339     1917     3214     1794     7485     1610     164      5686     1536     5899     4561     1258     4465     3479     680      2320     3706     4572     1615     2457     5657     2404     4855     3245     2831     3924     596      6964     3601     4203     5310     1572     1149     5957     2487     3387     5907     2862     6293     4283     566      1966     2732     4417     2307     2480     3019     2737     5127     1774     3366     2294     4343     1024     3512     2357     3840     5950     4306     3508     1442     1828     3939     4042     4518     4080     1324     1050     3549     
6        840      2436     3547     4749     5653     2739     0        2372     4403     3906     2741     2278     3756     2300     5587     4319     6164     3180     2830     2957     4266     3179     4019     3623     3536     2725     3356     423      1780     6626     2504     3323     3352     4800     3384     624      4611     5156     2424     5799     1353     6173     3172     2578     3836     3830     2921     4242     3171     4757     3608     2585     2501     947      2118     6507     433      424      4269     2203     3543     2870     3305     1068     2514     1963     952      3147     1802     4468     2124     4945     1815     955      5605     5552     5862     5567     2289     3071     1919     
7        1904     1629     5074     7063     7757     4156     2372     0        6750     6044     4271     4531     5455     4536     7354     5948     8189     3556     4158     3399     5414     3649     6363     4407     5836     1342     4835     2487     3944     8609     2904     5566     4860     6539     5526     2660     4560     7400     3601     7911     3428     8190     4904     2995     5286     5471     5218     6535     3451     6772     4198     222      3659     3138     1609     8469     2508     2189     3864     1661     5617     5007     2198     1943     187      3131     1621     5392     3896     6513     4031     7128     3906     2623     7735     7731     8095     7753     4343     3841     4180     
8        5099     6257     4812     2076     2306     3906     4403     6750     0        1671     4639     2295     3214     2315     3531     3476     4510     5502     4057     6149     4597     6231     1607     5061     2134     6728     3743     4268     3447     3455     5313     1451     4798     3283     3022     4330     6697     1287     4339     3900     3865     3000     4280     5308     3842     4641     1588     644      6414     2282     6318     6954     4358     3635     5951     3442     4247     4565     6922     6002     3299     2145     6947     4964     6903     4424     5308     1572     3608     3590     3923     1531     3030     4264     2162     1891     1863     1865     2756     4957     3080     
9        4724     5203     5536     3607     1746     2475     3906     6044     1671     0        5123     1661     1558     1624     2175     1810     6010     4078     2604     6329     2938     6471     2943     3505     3210     5719     2161     3628     3675     2774     4038     754      5460     1707     3965     4077     5143     1457     3005     5416     3915     2301     4976     4011     2192     5490     1248     1040     6590     975      6693     6221     3003     2977     4932     2679     3608     3913     5462     4963     4269     1043     5768     4116     6218     3231     4858     890      3852     4821     4285     1095     2143     3421     1702     1689     2097     1714     1701     3501     3340     
10       2517     5032     828      3711     6679     5122     2741     4271     4639     5123     0        3652     5723     3719     7233     6280     4036     5893     5254     1711     6629     1702     3356     6212     2679     5178     5595     3101     1494     7818     5238     4370     620      6571     1887     2118     7340     5827     4986     3881     1526     7336     695      5308     6030     1199     3874     4863     1950     6098     1684     4483     5059     3181     4743     7750     3100     3163     7009     4833     1781     4347     5902     3790     4313     4595     2789     4235     1329     2477     857      5850     3760     3617     6572     6386     6481     6377     4117     5708     1791     
11       3077     3963     4196     3402     3400     1982     2278     4531     2295     1661     3652     0        2108     73       3611     2647     5507     3428     2146     4707     3232     4864     2598     3240     2486     4433     2175     2051     2159     4430     3108     1046     4081     2920     2951     2415     4782     2883     2236     4982     2307     3961     3649     3118     2525     4247     708      2005     4964     2584     5128     4724     2277     1394     3656     4327     2030     2348     4844     3707     3240     705      4673     2681     4695     2200     3229     870      2329     4009     2795     2668     748      1976     3342     3275     3588     3289     659      2958     1878     
12       4589     4281     6300     5030     2649     1339     3756     5455     3214     1558     5723     2108     0        2036     1899     571      7359     2764     1395     6585     1383     6773     4294     2036     4401     4818     746      3371     4231     3235     2929     1936     6179     1085     5004     4145     3645     2862     1935     6787     4285     2877     5756     2876     635      6355     2231     2596     6827     1603     7101     5593     1899     2844     4071     3078     3354     3594     4059     4076     5302     1496     4671     3543     5641     2342     4634     1934     4394     6000     4867     2393     2030     2966     2697     2851     3363     2896     1613     2176     3976     
13       3105     3942     4266     3460     3366     1917     2300     4536     2315     1624     3719     73       2036     0        3552     2577     5575     3375     2081     4761     3159     4920     2657     3175     2554     4416     2103     2062     2225     4388     3066     1033     4151     2856     3024     2454     4722     2871     2182     5048     2364     3921     3720     3074     2452     4319     726      2006     5017     2537     5187     4727     2221     1403     3637     4283     2041     2357     4792     3687     3313     647      4643     2674     4701     2159     3252     857      2395     4081     2861     2644     717      1967     3311     3251     3573     3266     593      2899     1947     
14       6427     6133     7692     5603     1642     3214     5587     7354     3531     2175     7233     3611     1899     3552     0        1432     8038     4432     3242     8299     2480     8466     5031     3547     5366     6670     2555     5223     5753     1550     4738     2915     7606     814      6140     5910     4922     2507     3799     7429     5916     1389     7133     4673     2168     7661     3390     2922     8551     1268     8740     7490     3754     4648     5942     1374     5205     5462     5530     5941     6444     2905     6437     5442     7540     4232     6494     3024     5927     6965     6381     2066     3790     4849     1785     2099     2598     2153     3324     3879     5441     
15       5149     4700     6843     5395     2490     1794     4319     5948     3476     1810     6280     2647     571      2577     1432     0        7766     3035     1812     7156     1274     7344     4691     2197     4853     5237     1124     3928     4787     2884     3308     2336     6727     647      5497     4715     3711     2912     2371     7183     4852     2585     6296     3244     751      6885     2693     2836     7398     1518     7671     6077     2324     3412     4512     2718     3912     4143     4225     4510     5798     1999     5018     4059     6134     2817     5185     2366     4951     6464     5424     2421     2601     3508     2570     2781     3312     2831     2180     2468     4523     
16       6308     8598     3390     2434     6738     7485     6164     8189     4510     6010     4036     5507     7359     5575     8038     7766     0        8804     7648     5590     8663     5478     3075     8742     3020     8875     7640     6360     4384     7823     8316     5433     3575     7712     2796     5647     10228    5690     7653     613      4845     7411     3347     8356     7911     2942     5144     5117     5769     6777     5157     8409     7707     6056     8277     7846     6348     6557     10153    8360     2621     5910     9461     7192     8258     7460     6596     5425     4374     1697     4163     6027     6097     6725     6581     6268     6025     6229     6166     8409     4291     
17       3731     1984     6672     6827     5413     1610     3180     3556     5502     4078     5893     3428     2764     3375     4432     3035     8804     0        1474     6010     2063     6253     6021     942      5826     2468     2019     2794     4668     5920     721      4051     6489     3682     6062     3798     1460     5517     1193     8324     4403     5608     6237     631      2284     6903     4025     4996     6185     4364     6729     3606     1158     2820     1947     5753     2794     2780     1424     1898     6302     3358     2035     2250     3734     1357     3596     3939     4762     7186     5180     5085     2738     2278     5457     5592     6086     5633     2811     588      4619     
18       3599     2894     5952     5522     4003     164      2830     4158     4057     2604     5254     2146     1395     2081     3242     1812     7648     1474     0        5784     1435     6000     4725     1094     4629     3432     687      2408     3848     4629     1534     2611     5795     2437     5014     3351     2670     4047     560      7128     3731     4271     5453     1485     1128     6103     2649     3531     6002     2951     6402     4278     512      2087     2700     4472     2397     2554     2873     2699     5285     1931     3282     2329     4345     1035     3577     2513     3980     6110     4444     3624     1597     1903     4035     4147     4630     4186     1488     903      3698     
19       2280     4631     2200     5415     8001     5686     2957     3399     6149     6329     1711     4707     6585     4761     8299     7156     5590     6010     5784     0        7219     255      5008     6559     4333     4597     6277     3381     2724     9097     5295     5608     2023     7560     3589     2454     7358     7250     5378     5514     2414     8619     2369     5380     6750     2648     5116     6271     265      7283     800      3571     5455     3764     4414     9008     3390     3286     6851     4502     3493     5408     5428     3760     3369     4904     2429     5450     2554     4143     2235     7197     4556     3907     7914     7770     7935     7769     4997     5991     3090     
20       5029     3965     7291     6379     3756     1536     4266     5414     4597     2938     6629     3232     1383     3159     2480     1274     8663     2063     1435     7219     0        7434     5623     1125     5666     4482     1061     3844     5182     4023     2546     3289     7146     1845     6184     4781     2463     4167     1901     8105     5118     3785     6772     2463     764      7406     3520     3978     7438     2792     7830     5505     1829     3498     3850     3849     3833     3983     3050     3824     6471     2753     4098     3703     5600     2404     4994     3262     5326     7232     5798     3680     2882     3334     3841     4056     4587     4105     2610     1601     4989     
21       2521     4885     2100     5413     8128     5899     3179     3649     6231     6471     1702     4864     6773     4920     8466     7344     5478     6253     6000     255      7434     0        5041     6790     4363     4851     6481     3603     2833     9233     5538     5743     1938     7736     3589     2658     7606     7355     5603     5428     2560     8753     2326     5624     6952     2544     5248     6377     293      7431     549      3818     5680     3965     4668     9147     3612     3517     7104     4756     3472     5567     5683     4002     3616     5133     2677     5587     2660     4077     2308     7317     4742     4132     8037     7884     8034     7881     5177     6225     3195     
22       4517     6270     3358     806      3912     4561     4019     6363     1607     2943     3356     2598     4294     2657     5031     4691     3075     6021     4725     5008     5623     5041     0        5813     677      6662     4627     4043     2535     5063     5649     2361     3382     4650     1537     3725     7378     2892     4831     2494     3046     4607     2868     5670     4863     3124     2113     2126     5265     3762     5028     6582     4874     3538     5944     5049     4025     4312     7428     6013     1773     2881     7069     4859     6487     4745     4776     2364     2650     1983     2809     3119     3291     4241     3769     3496     3417     3469     3243     5556     2224     
23       4297     2890     6944     6607     4653     1258     3623     4407     5061     3505     6212     3240     2036     3175     3547     2197     8742     942      1094     6559     1125     6790     5813     0        5723     3392     1344     3205     4861     5064     1502     3636     6777     2833     6093     4204     1640     4887     1226     8223     4688     4781     6465     1412     1466     7123     3722     4497     6756     3625     7231     4478     1153     3034     2810     4893     3199     3272     2034     2773     6359     2981     2974     2863     4590     1659     4211     3556     4981     7196     5433     4426     2671     2668     4715     4885     5399     4930     2581     586      4741     
24       3958     5874     2711     1228     4394     4465     3536     5836     2134     3210     2679     2486     4401     2554     5366     4853     3020     5826     4629     4333     5666     4363     677      5723     0        6233     4630     3615     1932     5555     5387     2532     2722     4900     894      3178     7230     3413     4656     2504     2453     5087     2205     5418     4924     2510     2170     2551     4589     4108     4352     6057     4707     3182     5547     5526     3600     3865     7205     5621     1164     2921     6701     4450     5950     4503     4227     2487     2029     1615     2147     3575     3095     3881     4261     4012     3990     3991     3146     5406     1656     
25       2661     537      6005     7424     7334     3479     2725     1342     6728     5719     5178     4433     4818     4416     6670     5237     8875     2468     3432     4597     4482     4851     6662     3392     6233     0        4116     2621     4497     8051     1951     5389     5794     5869     6106     3231     3272     7154     2883     8523     4031     7674     5739     2027     4515     6360     5140     6394     4685     6298     5394     1291     2921     3152     788      7897     2638     2368     2538     757      6254     4743     859      1806     1474     2518     2390     5228     4500     7177     4752     6812     3709     2474     7339     7392     7816     7422     4062     2883     4643     
26       4161     3579     6241     5401     3394     680      3356     4835     3743     2161     5595     2175     746      2103     2555     1124     7640     2019     687      6277     1061     6481     4627     1344     4630     4116     0        2945     4134     3960     2200     2349     6100     1752     5125     3823     2981     3549     1247     7092     4097     3616     5718     2142     481      6348     2514     3163     6506     2345     6853     4959     1200     2517     3387     3799     2931     3127     3337     3386     5412     1746     3933     2973     5022     1703     4166     2293     4283     6182     4757     3096     1836     2477     3439     3581     4084     3624     1548     1431     3932     
27       1221     2263     3892     4802     5369     2320     423      2487     4268     3628     3101     2051     3371     2062     5223     3928     6360     2794     2408     3381     3844     3603     4043     3205     3615     2621     2945     0        2002     6310     2139     3095     3703     4427     3564     1009     4238     4933     2002     5964     1643     5864     3486     2207     3426     4150     2731     4050     3594     4443     4029     2687     2078     658      1937     6185     20       298      3940     2015     3750     2585     3110     839      2647     1546     1272     2919     2055     4673     2427     4690     1496     537      5331     5297     5634     5315     1965     2659     2072     
28       2045     4215     2109     3156     5299     3706     1780     3944     3447     3675     1494     2159     4231     2225     5753     4787     4384     4668     3848     2724     5182     2833     2535     4861     1932     4497     4134     2002     0        6415     4079     2932     1966     5079     1611     1295     6128     4526     3648     4027     523      5933     1606     4135     4557     2262     2434     3547     2989     4647     3018     4166     3717     1853     3896     6336     1993     2178     5911     3979     1763     2857     5081     2819     4046     3320     2324     2785     176      2688     637      4484     2300     2432     5205     5050     5211     5048     2631     4399     367      
29       7458     7514     8139     5446     1161     4572     6626     8609     3455     2774     7818     4430     3235     4388     1550     2884     7823     5920     4629     9097     4023     9233     5063     5064     5555     8051     3960     6310     6415     0        6159     3489     8091     2238     6419     6841     6472     2174     5168     7210     6683     482      7585     6103     3636     8023     3985     3015     9359     1868     9431     8764     5134     5681     7295     176      6290     6578     7068     7304     6710     3767     7890     6667     8791     5553     7570     3647     6591     7044     7004     1991     4817     6016     1295     1573     1821     1606     4345     5351     6066     
30       3017     1424     6031     6453     5529     1615     2504     2904     5313     4038     5238     3108     2929     3066     4738     3308     8316     721      1534     5295     2546     5538     5649     1502     5387     1951     2200     2139     4079     6159     0        3878     5842     3947     5541     3127     2107     5496     1038     7862     3774     5806     5617     93       2573     6282     3765     4866     5467     4478     6020     2976     1051     2266     1310     6000     2141     2093     1841     1279     5765     3185     1751     1536     3087     908      2876     3743     4158     6667     4557     5101     2371     1650     5553     5648     6113     5684     2558     947      4067     
31       4113     4896     4784     3094     2403     2457     3323     5566     1451     754      4370     1046     1936     1033     2915     2336     5433     4051     2611     5608     3289     5743     2361     3636     2532     5389     2349     3095     2932     3489     3878     0        4706     2376     3243     3422     5264     1837     2891     4855     3196     3010     4224     3868     2524     4745     498      1006     5871     1728     5951     5756     2909     2436     4603     3405     3074     3390     5471     4646     3548     696      5544     3686     5733     3002     4273     176      3109     4148     3536     1635     1689     2978     2330     2239     2541     2250     1341     3508     2592     
32       3134     5652     213      3604     6937     5657     3352     4860     4798     5460     620      4081     6179     4151     7606     6727     3575     6489     5795     2023     7146     1938     3382     6777     2722     5794     6100     3703     1966     8091     5842     4706     0        6978     1846     2730     7940     6034     5553     3493     2094     7610     519      5910     6522     642      4219     5094     2220     6432     1736     5069     5625     3742     5364     8035     3701     3775     7621     5454     1651     4758     6521     4405     4894     5177     3404     4585     1819     2143     1351     6105     4265     4211     6822     6612     6660     6598     4592     6284     2204     
33       5638     5331     7078     5298     1929     2404     4800     6539     3283     1707     6571     2920     1085     2856     814      647      7712     3682     2437     7560     1845     7736     4650     2833     4900     5869     1752     4427     5079     2238     3947     2376     6978     0        5616     5148     4307     2511     2992     7115     5203     1952     6522     3886     1398     7080     2808     2640     7809     1083     8031     6676     2949     3868     5134     2071     4410     4661     4853     5135     5920     2223     5663     4628     6725     3419     5696     2451     5250     6515     5714     2020     3021     4042     2029     2278     2812     2331     2565     3115     4786     
34       3621     5810     1821     1826     5257     4855     3384     5526     3022     3965     1887     2951     5004     3024     6140     5497     2796     6062     5014     3589     6184     3589     1537     6093     894      6106     5125     3564     1611     6419     5541     3243     1846     5616     0        2902     7506     4295     4945     2416     2106     5946     1337     5586     5471     1618     2815     3405     3834     4901     3522     5749     5005     3275     5488     6382     3553     3768     7382     5570     304      3508     6670     4399     5617     4707     3907     3166     1633     1126     1557     4431     3421     3933     5128     4889     4882     4870     3585     5708     1495     
35       794      2995     2927     4406     5812     3245     624      2660     4330     4077     2118     2415     4145     2454     5910     4715     5647     3798     3351     2454     4781     2658     3725     4204     3178     3231     3823     1009     1295     6841     3127     3422     2730     5148     2902     0        5233     5214     2989     5314     802      6375     2567     3200     4296     3220     2970     4261     2687     4984     3051     2881     3065     1310     2687     6734     1012     1045     4891     2775     3030     3078     3870     1678     2772     2550     1051     3249     1275     3950     1535     5058     2127     1543     5748     5659     5921     5669     2586     3665     1521     
36       5096     2936     8125     8180     6201     2831     4611     4560     6697     5143     7340     4782     3645     4722     4922     3711     10228    1460     2670     7358     2463     7606     7378     1640     7230     3272     2981     4238     6128     6472     2107     5264     7940     4307     7506     5233     0        6507     2575     9734     5859     6247     7696     2033     3037     8362     5318     6137     7515     5202     8102     4550     2523     4279     3039     6296     4240     4200     842      2963     7752     4596     2526     3625     4716     2813     4929     5177     6222     8628     6638     6038     4135     3731     6277     6469     6992     6517     4136     1825     6074     
37       5931     6644     6062     3284     1049     3924     5156     7400     1287     1457     5827     2883     2862     2871     2507     2912     5690     5517     4047     7250     4167     7355     2892     4887     3413     7154     3549     4933     4526     2174     5496     1837     6034     2511     4295     5214     6507     0        4462     5076     4881     1733     5519     5469     3482     5911     2247     978      7516     1429     7487     7586     4459     4274     6366     2173     4912     5228     6882     6401     4577     2418     7224     5501     7568     4684     6102     2014     4697     4871     5062     493      3502     4796     894      604      708      578      3100     4934     4161     
38       3147     2346     5721     5636     4498     596      2424     3601     4339     3005     4986     2236     1935     2182     3799     2371     7653     1193     560      5378     1901     5603     4831     1226     4656     2883     1247     2002     3648     5168     1038     2891     5553     2992     4945     2989     2575     4462     0        7159     3462     4799     5249     1007     1685     5909     2836     3861     5585     3449     6030     3718     76       1810     2142     5013     1994     2104     2614     2143     5199     2194     2785     1805     3788     503      3098     2768     3763     6061     4210     4063     1560     1471     4519     4610     5075     4646     1620     763      3548     
39       6012     8220     3330     1826     6124     6964     5799     7911     3900     5416     3881     4982     6787     5048     7429     7183     613      8324     7128     5514     8105     5428     2494     8223     2504     8523     7092     5964     4027     7210     7862     4855     3493     7115     2416     5314     9734     5076     7159     0        4514     6798     3186     7898     7349     2891     4585     4511     5713     6171     5160     8133     7211     5617     7896     7233     5951     6178     9691     7977     2294     5354     9074     6802     7992     6991     6300     4854     4040     1417     3885     5414     5599     6300     5968     5655     5416     5616     5642     7911     3894     
40       1526     3779     2271     3678     5594     3601     1353     3428     3865     3915     1526     2307     4285     2364     5916     4852     4845     4403     3731     2414     5118     2560     3046     4688     2453     4031     4097     1643     523      6683     3774     3196     2094     5203     2106     802      5859     4881     3462     4514     0        6205     1844     3837     4544     2509     2706     3905     2675     4872     2828     3651     3535     1655     3466     6593     1638     1771     5583     3552     2228     3012     4652     2418     3527     3083     1807     3036     474      3148     784      4797     2276     2128     5511     5380     5578     5382     2671     4190     829      
41       7002     7138     7659     5016     695      4203     6173     8190     3000     2301     7336     3961     2877     3921     1389     2585     7411     5608     4271     8619     3785     8753     4607     4781     5087     7674     3616     5864     5933     482      5806     3010     7610     1952     5946     6375     6247     1733     4799     6798     6205     0        7105     5753     3329     7548     3505     2541     8881     1423     8949     8350     4769     5230     6910     441      5844     6136     6805     6923     6238     3307     7548     6247     8371     5164     7119     3169     6110     6590     6522     1515     4369     5586     840      1143     1475     1182     3900     5029     5584     
42       3086     5550     559      3123     6430     5310     3172     4904     4280     4976     695      3649     5756     3720     7133     6296     3347     6237     5453     2369     6772     2326     2868     6465     2205     5739     5718     3486     1606     7585     5617     4224     519      6522     1337     2567     7696     5519     5249     3186     1844     7105     0        5680     6126     665      3743     4583     2593     5945     2199     5119     5319     3444     5249     7532     3482     3597     7426     5338     1165     4312     6425     4240     4956     4902     3368     4109     1486     1785     1060     5597     3892     3969     6312     6099     6142     6085     4190     5995     1789     
43       3102     1503     6098     6475     5485     1572     2578     2995     5308     4011     5308     3118     2876     3074     4673     3244     8356     631      1485     5380     2463     5624     5670     1412     5418     2027     2142     2207     4135     6103     93       3868     5910     3886     5586     3200     2033     5469     1007     7898     3837     5753     5680     0        2507     6346     3767     4852     5554     4433     6103     3065     1014     2313     1398     5942     2209     2169     1796     1365     5813     3174     1796     1621     3178     924      2964     3736     4217     6712     4620     5069     2386     1711     5512     5611     6080     5648     2556     862      4116     
44       4642     3980     6657     5616     3188     1149     3836     5286     3842     2192     6030     2525     635      2452     2168     751      7911     2284     1128     6750     764      6952     4863     1466     4924     4515     481      3426     4557     3636     2573     2524     6522     1398     5471     4296     3037     3482     1685     7349     4544     3329     6126     2507     0        6747     2767     3229     6980     2168     7317     5404     1630     2987     3807     3469     3412     3609     3500     3799     5763     2004     4270     3444     5473     2161     4647     2501     4710     6502     5185     3006     2271     2959     3253     3434     3955     3480     1937     1717     4337     
45       3699     6190     448      3215     6862     5957     3830     5471     4641     5490     1199     4247     6355     4319     7661     6885     2942     6903     6103     2648     7406     2544     3124     7123     2510     6360     6348     4150     2262     8023     6282     4745     642      7080     1618     3220     8362     5911     5909     2891     2509     7548     665      6346     6747     0        4279     5008     2832     6448     2274     5683     5979     4106     5893     7981     4146     4255     8089     5982     1352     4890     7063     4896     5511     5567     3977     4643     2148     1603     1725     6032     4531     4635     6737     6503     6500     6485     4810     6657     2417     
46       3685     4669     4302     2892     2888     2487     2921     5218     1588     1248     3874     708      2231     726      3390     2693     5144     4025     2649     5116     3520     5248     2113     3722     2170     5140     2514     2731     2434     3985     3765     498      4219     2808     2815     2970     5318     2247     2836     4585     2706     3505     3743     3767     2767     4279     0        1322     5379     2223     5452     5415     2867     2081     4363     3902     2710     3030     5449     4413     3118     769      5366     3387     5379     2864     3861     365      2610     3773     3038     2100     1443     2683     2808     2695     2955     2702     1217     3516     2093     
47       4995     5903     5132     2684     1854     3387     4242     6535     644      1040     4863     2005     2596     2006     2922     2836     5117     4996     3531     6271     3978     6377     2126     4497     2551     6394     3163     4050     3547     3015     4866     1006     5094     2640     3405     4261     6137     978      3861     4511     3905     2541     4583     4852     3229     5008     1322     0        6537     1659     6516     6729     3873     3396     5609     2977     4029     4348     6405     5652     3697     1684     6547     4678     6697     4001     5178     1166     3718     4095     4088     1026     2689     3970     1730     1523     1673     1514     2346     4435     3182     
48       2463     4747     2386     5660     8265     5907     3171     3451     6414     6590     1950     4964     6827     5017     8551     7398     5769     6185     6002     265      7438     293      5265     6756     4589     4685     6506     3594     2989     9359     5467     5871     2220     7809     3834     2687     7515     7516     5585     5713     2675     8881     2593     5554     6980     2832     5379     6537     0        7542     786      3612     5662     3998     4544     9269     3605     3486     6988     4631     3729     5663     5526     3936     3407     5106     2591     5711     2819     4355     2498     7461     4799     4116     8178     8035     8201     8034     5244     6185     3355     
49       5590     5766     6505     4344     1052     2862     4757     6772     2282     975      6098     2584     1603     2537     1268     1518     6777     4364     2951     7283     2792     7431     3762     3625     4108     6298     2345     4443     4647     1868     4478     1728     6432     1083     4901     4984     5202     1429     3449     6171     4872     1423     5945     4433     2168     6448     2223     1659     7542     0        7662     6935     3428     3812     5525     1752     4423     4713     5656     5543     5203     1905     6229     4829     6952     3781     5701     1863     4823     5700     5260     936      2948     4164     1094     1268     1796     1316     2478     3776     4314     
