

sets
i        orders          /0*80/
k        routes          /1*80/
p        positions       /0*80/
;

alias(i,j)
alias(i,h)
alias(i,hh)
alias(i,jj)
alias(k,kk)
                            Parameters

rho(i)	Processing time
/
0	0
1	3
2	33
3	92
4	33
5	24
6	15
7	62
8	24
9	6
10	41
11	97
12	6
13	58
14	62
15	6
16	86
17	32
18	8
19	80
20	39
21	32
22	69
23	19
24	90
25	5
26	76
27	38
28	81
29	27
30	3
31	60
32	57
33	66
34	94
35	25
36	33
37	88
38	19
39	39
40	18
41	75
42	64
43	3
44	68
45	23
46	66
47	32
48	45
49	29
50	38
51	63
52	73
53	76
54	71
55	46
56	27
57	59
58	33
59	56
60	11
61	89
62	82
63	74
64	27
65	21
66	50
67	27
68	35
69	11
70	26
71	31
72	49
73	5
74	84
75	62
76	7
77	92
78	15
79	77
80	34
/

gamma(i)	Duedate
/
0	0
1	83
2	41
3	8
4	42
5	3
6	6
7	35
8	42
9	45
10	71
11	44
12	74
13	92
14	38
15	15
16	79
17	4
18	34
19	25
20	35
21	7
22	22
23	2
24	28
25	56
26	3
27	47
28	41
29	38
30	52
31	50
32	33
33	94
34	39
35	37
36	48
37	28
38	17
39	61
40	28
41	26
42	91
43	12
44	6
45	76
46	83
47	51
48	92
49	44
50	78
51	52
52	54
53	72
54	88
55	32
56	56
57	23
58	5
59	16
60	65
61	9
62	47
63	93
64	54
65	46
66	27
67	26
68	94
69	82
70	10
71	24
72	45
73	84
74	25
75	24
76	51
77	10
78	51
79	81
80	72
/

sigma(i)	Size
/
0	0
1	2
2	5
3	6
4	4
5	1
6	3
7	5
8	6
9	8
10	3
11	8
12	3
13	9
14	4
15	1
16	1
17	5
18	4
19	6
20	6
21	9
22	8
23	4
24	3
25	8
26	1
27	5
28	4
29	2
30	6
31	2
32	4
33	7
34	3
35	7
36	4
37	7
38	8
39	6
40	3
41	2
42	9
43	8
44	9
45	9
46	2
47	2
48	3
49	1
50	5
51	4
52	2
53	5
54	4
55	9
56	1
57	2
58	3
59	9
60	9
61	3
62	3
63	7
64	2
65	5
66	2
67	9
68	4
69	7
70	7
71	2
72	4
73	5
74	3
75	4
76	7
77	5
78	2
79	1
80	1
/

epsilon(i)	Priority
/
0	0
1	1
2	4
3	1
4	8
5	2
6	2
7	7
8	2
9	6
10	6
11	8
12	3
13	2
14	1
15	1
16	9
17	4
18	7
19	9
20	6
21	5
22	5
23	8
24	4
25	5
26	9
27	7
28	4
29	9
30	6
31	9
32	8
33	9
34	6
35	4
36	8
37	8
38	9
39	3
40	4
41	5
42	3
43	7
44	1
45	6
46	6
47	2
48	8
49	6
50	2
51	6
52	1
53	8
54	5
55	5
56	6
57	2
58	6
59	4
60	6
61	4
62	5
63	3
64	4
65	9
66	2
67	6
68	3
69	3
70	6
71	1
72	8
73	3
74	7
75	8
76	3
77	8
78	3
79	5
80	2
/

psi	Vehicle Capacity
/ 34 /
;

Table kappa(i,j)                 Setup
         0        1        2        3        4        5        6        7        8        9        10       11       12       13       14       15       16       17       18       19       20       21       22       23       24       25       26       27       28       29       30       31       32       33       34       35       36       37       38       39       40       41       42       43       44       45       46       47       48       49       50       51       52       53       54       55       56       57       58       59       60       61       62       63       64       65       66       67       68       69       70       71       72       73       74       75       76       77       78       79       80       
0        0        5439     584      2774     2461     4753     1488     5717     4734     2486     797      2525     2722     5155     4128     1234     4178     4295     2493     2512     4311     2917     5748     6759     6136     2083     2817     1127     7435     2353     2039     2878     2951     3640     2231     3300     4919     3377     5545     3260     6614     1567     3601     3193     2793     2845     3384     5649     2801     2997     766      4385     4271     2175     2592     4324     3181     3130     1709     3117     3207     1783     5241     5267     4095     2665     4821     1521     4345     1375     4991     2134     1779     3861     4443     3049     360      1694     3277     7284     4048     
1        5439     0        6013     3310     6347     1945     6000     870      1058     7921     5051     2921     5053     1727     3255     4446     5079     5296     3860     4089     6156     7510     2448     1547     1974     6852     5386     5956     2055     3463     7438     5426     8013     5206     3991     6178     1183     6329     1397     3466     1333     6622     6749     4744     3369     5391     5443     5655     4216     4535     6092     5328     1330     3631     3315     5626     2433     6822     6460     7371     2509     6296     2038     5816     2419     2931     4309     6946     3735     6687     2930     4217     5316     2746     6238     5754     5556     4310     2281     1900     6221     
2        584      6013     0        3238     2547     5256     1568     6301     5318     1908     1277     3094     3092     5737     4537     1703     4573     4468     2895     3016     4359     2521     6226     7343     6717     1928     2920     1173     8016     2924     1530     2975     2431     3801     2635     3270     5504     3556     6129     3670     7173     1351     3484     3608     3351     3162     3497     5846     3122     3259     312      4760     4855     2745     3075     4453     3766     2943     1392     2795     3735     1788     5737     5424     4579     3250     5297     937      4855     828      5426     2502     2096     4425     4488     3087     518      2222     3827     7864     4295     
3        2774     3310     3238     0        4732     2053     3959     3912     3076     5036     2837     1226     4101     3880     1422     1543     5071     2592     550      3214     3208     4229     2988     4837     4736     4739     2121     3722     5353     2382     4769     2170     4817     2209     710      2936     3364     5276     4032     644      4210     4298     3500     4210     2796     4401     2311     3609     995      1374     3196     5347     2641     2385     233      2832     2157     3517     3269     4064     823      4296     2515     3457     1349     2022     5060     4078     4391     3706     2225     929      3682     3339     3321     2505     2721     2722     1134     5199     5629     
4        2461     6347     2547     4732     0        6368     986      6282     5375     3324     1954     3902     1482     5373     6153     3416     2696     6700     4649     2279     6770     4968     7440     7287     6267     1054     5270     1379     8055     2919     2494     5333     4603     6060     4407     5753     5430     1081     5883     5337     7666     1450     6017     2043     2986     1257     5831     8018     5081     5344     2857     2770     5018     2774     4505     6758     3934     5489     3931     5305     4817     783      6866     7677     5854     3488     3780     2871     3640     3165     6890     4386     1088     3868     6903     5510     2786     2147     4720     7920     1913     
5        4753     1945     5256     2053     6368     0        5749     2791     2418     7085     4649     2467     5389     3340     1384     3554     5919     3420     2529     4383     4323     6172     1075     3418     3864     6580     3808     5580     3720     3547     6781     3834     6831     3433     2746     4534     2705     6673     3204     1880     2343     6204     5097     5285     3731     5726     3733     3710     2682     2913     5238     6196     2247     3650     2186     3760     2718     5291     5299     5937     1580     6081     500      3876     725      2987     5481     6122     4815     5759     1016     2948     5280     3664     4392     4137     4745     4223     1650     3576     6812     
6        1488     6000     1568     3959     986      5749     0        6069     5111     2652     1123     3304     1794     5278     5375     2537     3249     5766     3806     2177     5799     4035     6803     7105     6228     854      4305     395      7846     2548     1865     4366     3756     5117     3553     4769     5218     1994     5752     4531     7282     763      5030     2381     2779     1750     4871     7104     4197     4434     1880     3390     4702     2372     3744     5808     3570     4507     2958     4348     4170     337      6249     6741     5173     3068     4170     2013     3874     2238     6167     3505     850      3803     5931     4534     1804     1692     4131     7703     2764     
7        5717     870      6301     3912     6282     2791     6069     0        983      8199     5224     3282     4893     1102     4053     4851     4671     6075     4456     4004     6905     8015     3312     1046     1106     6906     6028     6082     1779     3531     7646     6073     8442     5934     4549     6835     854      6116     622      4163     1793     6745     7404     4499     3315     5215     6140     6501     4869     5212     6419     4898     1447     3714     3874     6396     2553     7422     6906     7921     3088     6340     2908     6641     3197     3077     3762     7238     3267     7029     3790     4773     5316     2465     6994     6407     5881     4386     2803     1640     5897     
8        4734     1058     5318     3076     5375     2418     5111     983      0        7216     4244     2323     4035     927      3477     3892     4022     5420     3604     3099     6191     7082     3215     2029     1661     5954     5196     5110     2741     2565     6665     5246     7481     5199     3669     6012     305      5296     955      3419     2377     5775     6574     3699     2390     4368     5364     6017     4062     4425     5440     4273     474      2745     3006     5722     1572     6546     5953     7011     2260     5390     2695     6082     2618     2095     3292     6255     2694     6052     3429     3888     4379     1689     6290     5581     4903     3422     1943     2595     5166     
9        2486     7921     1908     5036     3324     7085     2652     8199     7216     0        3037     5001     4447     7591     6221     3553     5893     5680     4617     4682     5277     2332     8007     9243     8570     2288     4119     2398     9922     4759     830      4153     1555     5033     4372     4108     7392     4393     8005     5377     9071     1921     4052     5031     5138     4388     4648     7047     4709     4735     1856     6019     6756     4574     4900     5561     5654     3399     2082     2826     5607     2620     7551     6543     6385     5133     6815     978      6476     1340     7141     4198     3472     6216     5387     4119     2378     3976     5720     9770     5236     
10       797      5051     1277     2837     1954     4649     1123     5224     4244     3037     0        2237     1943     4559     4254     1462     3384     4763     2704     1739     4902     3714     5694     6270     5536     1932     3393     936      6980     1726     2424     3457     3707     4135     2458     3968     4395     2729     4986     3415     6294     1586     4318     2397     2106     2095     3935     6068     3127     3395     1531     3596     3802     1541     2620     4840     2672     3886     2505     3910     3068     1460     5148     5739     4057     2149     4033     2137     3577     2106     5045     2432     1062     3185     5035     3673     1147     953      3054     6832     3332     
11       2525     2921     3094     1226     3902     2467     3304     3282     2323     5001     2237     0        3024     2956     2460     1569     3869     3810     1574     2068     4366     4768     3537     4304     3897     4148     3104     3172     4943     1208     4545     3164     5160     3381     1527     3912     2561     4272     3230     1844     4095     3821     4446     3050     1579     3347     3417     4824     2130     2518     3172     4147     1849     1255     1026     4034     1009     4321     3629     4723     930      3631     2966     4684     1978     795      3836     4025     3171     3772     3047     1714     2815     2156     4486     3491     2635     1763     827      4789     4523     
12       2722     5053     3092     4101     1482     5389     1794     4893     4035     4447     1943     3024     0        3933     5463     3170     1486     6441     4190     1011     6717     5606     6459     5872     4803     2391     5224     2081     6648     1846     3655     5290     5468     5864     3995     5864     4051     1297     4454     4744     6386     2544     6244     594      1715     342      5728     7647     4712     5045     3388     1669     3730     1770     3868     6573     2743     5828     4424     5837     3947     1884     5869     7398     4990     2401     2386     3753     2168     3884     6067     4050     1009     2438     6850     5538     3081     1413     3765     6519     1531     
13       5155     1727     5737     3880     5373     3340     5278     1102     927      7591     4559     2956     3933     0        4394     4480     3584     6307     4383     3129     7050     7704     4087     1955     980      6087     5977     5346     2739     2833     6969     6030     8018     6052     4414     6795     635      5107     535      4282     2878     5995     7348     3490     2503     4240     6190     6941     4875     5250     5899     3805     1258     3018     3779     6601     2019     7268     6530     7678     3090     5521     3592     6995     3539     2504     2660     6660     2171     6516     4353     4625     4477     1505     7153     6365     5373     3650     2755     2620     4833     
14       4128     3255     4537     1422     6153     1384     5375     4053     3477     6221     4254     2460     5463     4394     0        2899     6306     2046     1643     4527     2939     4995     1894     4773     5067     6141     2540     5125     5104     3668     6056     2556     5739     2061     1904     3208     3781     6671     4372     868      3714     5679     3759     5511     4010     5775     2385     2561     1539     1657     4445     6585     3164     3706     1648     2382     3160     4013     4273     4705     1607     5712     1632     2607     863      3207     6117     5304     5435     4882     929      2041     5099     4301     3009     2832     4022     4117     1903     4958     6977     
15       1234     4446     1703     1543     3416     3554     2537     4851     3892     3553     1462     1569     3170     4480     2899     0        4448     3318     1278     2553     3547     3224     4527     5868     5440     3257     2062     2248     6489     1989     3231     2128     3591     2710     1020     2760     4124     4147     4788     2034     5535     2781     3213     3473     2497     3402     2557     4608     1666     1937     1696     4697     3418     1871     1372     3419     2465     2941     2061     3230     2055     2867     4033     4292     2877     2028     4798     2579     4208     2259     3757     971      2472     3432     3680     2397     1191     1789     2188     6335     4668     
16       4178     5079     4573     5071     2696     5919     3249     4671     4022     5893     3384     3869     1486     3584     6306     4448     0        7577     5283     1913     7964     7081     6941     5509     4249     3725     6506     3559     6289     2691     5084     6572     6953     7052     5129     7200     3926     1893     4115     5706     6375     3973     7617     992      2296     1506     6970     8681     5836     6199     4866     279      3874     2713     4850     7750     3218     7241     5887     7295     4705     3284     6354     8500     5681     3099     1197     5234     1419     5369     6750     5227     2494     2352     8094     6845     4532     2666     4443     6182     1318     
17       4295     5296     4468     2592     6700     3420     5766     6075     5420     5680     4763     3810     6441     6307     2046     3318     7577     0        2294     5673     948      3826     3665     6819     7053     6358     1579     5421     7138     4898     5795     1536     4730     668      2455     1727     5724     7466     6349     2049     5713     5803     2131     6657     5351     6697     1031     1384     1741     1395     4252     7845     5050     4863     2784     347      4744     2626     3599     3397     3258     6074     3587     977      2881     4602     7646     4943     6980     4453     2676     2391     5791     5928     991      1574     4036     5028     3600     6995     7961     
18       2493     3860     2895     550      4649     2529     3806     4456     3604     4617     2704     1574     4190     4383     1643     1278     5283     2294     0        3383     2793     3690     3392     5387     5259     4536     1594     3526     5902     2605     4416     1647     4305     1814     262      2412     3887     5293     4558     775      4742     4054     2971     4372     3066     4467     1847     3457     563      947      2811     5552     3159     2569     604      2486     2568     2968     2770     3515     1368     4138     2964     3223     1806     2344     5382     3680     4727     3278     2537     423      3646     3730     2913     1982     2379     2779     1663     5748     5721     
19       2512     4089     3016     3214     2279     4383     2177     4004     3099     4682     1739     2068     1011     3129     4527     2553     1913     5673     3383     0        6051     5412     5452     5016     4062     2962     4602     2310     5779     862      3970     4667     5446     5140     3220     5314     3151     2308     3624     3857     5417     2923     5754     996      721      1353     5058     6811     3931     4290     3266     2175     2759     829      2985     5839     1735     5421     4187     5559     2973     2398     4861     6606     4007     1396     2320     3843     1838     3845     5087     3314     1351     1634     6181     4948     2837     832      2771     5643     2459     
20       4311     6156     4359     3208     6770     4323     5799     6905     6191     5277     4902     4366     6717     7050     2939     3547     7964     948      2793     6051     0        3198     4613     7692     7844     6287     1508     5426     8043     5346     5522     1444     4139     1000     2881     1170     6492     7630     7136     2772     6638     5710     1365     7006     5829     6941     994      1920     2238     1849     4099     8222     5793     5281     3361     606      5351     1969     3259     2721     3962     6082     4518     1355     3738     5134     8160     4662     7513     4169     3619     2749     5961     6521     133      1272     4002     5331     4301     7897     8204     
21       2917     7510     2521     4229     4968     6172     4035     8015     7082     2332     3714     4768     5606     7704     4995     3224     7081     3826     3690     5412     3198     0        6889     9002     8660     4116     2486     3651     9565     5100     2874     2488     947      3272     3527     2103     7329     6024     7998     4295     8431     3565     1855     6104     5588     5683     2856     5093     3498     3339     2219     7276     6610     4945     4198     3617     5689     1229     1226     510      5002     4185     6559     4543     5449     5239     7730     2153     7227     1803     5909     3303     4617     6604     3285     2298     2577     4581     5238     9409     6796     
22       5748     2448     6226     2988     7440     1075     6803     3312     3215     8007     5694     3537     6459     4087     1894     4527     6941     3665     3392     5452     4613     6889     0        3655     4418     7626     4431     6620     3733     4621     7757     4444     7619     3866     3635     5065     3465     7746     3836     2653     2218     7232     5600     6341     4790     6797     4229     3542     3411     3551     6180     7214     3153     4725     3156     4012     3766     5896     6128     6597     2634     7137     592      3856     1653     4058     6426     7059     5776     6669     1011     3815     6352     4641     4654     4709     5709     5297     2725     3611     7870     
23       6759     1547     7343     4837     7287     3418     7105     1046     2029     9243     6270     4304     5872     1955     4773     5868     5509     6819     5387     5016     7692     9002     3655     0        1359     7938     6928     7125     783      4574     8693     6969     9458     6750     5503     7723     1887     7062     1423     5013     1596     7788     8294     5443     4340     6185     6991     7081     5759     6082     7456     5714     2487     4757     4824     7153     3600     8354     7914     8885     4023     7372     3393     7288     3953     4123     4492     8280     4089     8064     4341     5728     6341     3433     7772     7299     6918     5427     3765     674      6778     
24       6136     1974     6717     4736     6267     3864     6228     1106     1661     8570     5536     3897     4803     980      5067     5440     4249     7053     5259     4062     7844     8660     4418     1359     0        7024     6853     6310     2095     3811     7941     6903     8992     6856     5312     7670     1371     5913     707      5074     2737     6954     8230     4315     3465     5092     7026     7560     5723     6086     6879     4435     2100     3996     4658     7363     2989     8183     7496     8619     3922     6460     4008     7671     4203     3482     3175     7641     2843     7496     4873     5528     5413     2427     7941     7239     6352     4620     3601     2014     5548     
25       2083     6852     1928     4739     1054     6580     854      6906     5954     2288     1932     4148     2391     6087     6141     3257     3725     6358     4536     2962     6287     4116     7626     7938     7024     0        4835     1016     8685     3396     1459     4892     3646     5696     4277     5193     6053     2107     6571     5284     8137     584      5375     2982     3600     2240     5410     7723     4880     5080     2202     3814     5551     3222     4531     6364     4421     4796     3208     4503     4999     566      7079     7324     5987     3922     4762     1966     4550     2345     6960     4203     1610     4596     6416     5015     2321     2543     4973     8543     2952     
26       2817     5386     2920     2121     5270     3808     4305     6028     5196     4119     3393     3104     5224     5977     2540     2062     6506     1579     1594     4602     1508     2486     4431     6928     6853     4835     0        3940     7397     3949     4215     66       3307     917      1579     818      5481     6122     6151     1951     6134     4268     1378     5535     4448     5439     576      2963     1170     896      2687     6758     4754     3864     2198     1533     4114     1482     2037     2165     2944     4597     4149     2510     3107     3816     6783     3363     6158     2874     3437     1393     4452     5241     1642     389      2523     3852     3253     7245     6700     
27       1127     5956     1173     3722     1379     5580     395      6082     5110     2398     936      3172     2081     5346     5125     2248     3559     5421     3526     2310     5426     3651     6620     7125     6310     1016     3940     0        7851     2550     1659     4000     3406     4767     3269     4384     5239     2386     5801     4270     7214     666      4638     2651     2845     2081     4509     6770     3889     4108     1485     3716     4683     2367     3514     5452     3547     4112     2564     3957     4000     657      6078     6394     4976     3031     4423     1675     4080     1862     5943     3204     1082     3902     5558     4158     1424     1701     3991     7706     3144     
28       7435     2055     8016     5353     8055     3720     7846     1779     2741     9922     6980     4943     6648     2739     5104     6489     6289     7138     5902     5779     8043     9565     3733     783      2095     8685     7397     7851     0        5304     9397     7434     10065    7136     6042     8173     2633     7844     2205     5454     1518     8516     8743     6225     5094     6963     7408     7256     6229     6527     8113     6491     3178     5485     5367     7480     4309     8851     8513     9418     4562     8119     3591     7517     4336     4831     5258     8952     4870     8715     4548     6267     7095     4210     8112     7756     7575     6161     4335     155      7561     
29       2353     3463     2924     2382     2919     3547     2548     3531     2565     4759     1726     1208     1846     2833     3668     1989     2691     4898     2605     862      5346     5100     4621     4574     3811     3396     3949     2550     5304     0        4143     4014     5281     4401     2472     4707     2689     3125     3263     3021     4765     3213     5187     1843     508      2180     4360     5991     3164     3538     3113     2965     2154     185      2159     5088     1029     4930     3880     5173     2111     2836     4033     5812     3148     574      2834     3836     2223     3727     4227     2598     1859     1517     5473     4316     2609     856      1918     5160     3322     
30       2039     7438     1530     4769     2494     6781     1865     7646     6665     830      2424     4545     3655     6969     6056     3231     5084     5795     4416     3970     5522     2874     7757     8693     7941     1459     4215     1659     9397     4143     0        4260     2254     5130     4158     4362     6819     3563     7407     5191     8640     1112     4411     4245     4481     3578     4778     7179     4605     4699     1618     5202     6218     3958     4604     5725     5093     3776     2265     3325     5245     1802     7264     6711     6109     4569     6035     859      5728     1353     6952     4015     2705     5550     5641     4291     2048     3321     5314     9248     4405     
31       2878     5426     2975     2170     5333     3834     4366     6073     5246     4153     3457     3164     5290     6030     2556     2128     6572     1536     1647     4667     1444     2488     4444     6969     6903     4892     66       4000     7434     4014     4260     0        3319     879      1638     766      5532     6186     6201     1984     6164     4323     1330     5602     4512     5505     523      2919     1210     921      2739     6824     4805     3929     2251     1480     4173     1460     2070     2156     2992     4657     4169     2460     3136     3878     6848     3406     6222     2916     3447     1453     4517     5302     1577     335      2582     3918     3302     7282     6765     
32       2951     8013     2431     4817     4603     6831     3756     8442     7481     1555     3707     5160     5468     8018     5739     3591     6953     4730     4305     5446     4139     947      7619     9458     8992     3646     3307     3406     10065    5281     2254     3319     0        4147     4107     3022     7704     5683     8360     4980     9021     3154     2802     6011     5739     5487     3734     6023     4207     4106     2186     7120     7007     5110     4748     4538     6002     2170     1556     1451     5537     3834     7248     5478     6105     5515     7726     1743     7285     1604     6665     3893     4458     6798     4229     3173     2671     4642     5734     9910     6497     
33       3640     5206     3801     2209     6060     3433     5117     5934     5199     5033     4135     3381     5864     6052     2061     2710     7052     668      1814     5140     1000     3272     3866     6750     6856     5696     917      4767     7136     4401     5130     879      4147     0        1929     1234     5499     6852     6148     1781     5773     5138     1738     6112     4873     6108     415      2052     1252     867      3583     7316     4796     4348     2368     709      4358     2122     2950     2879     2963     5422     3686     1629     2803     4158     7195     4280     6541     3792     2854     1826     5175     5532     1112     975      3374     4458     3301     6988     7374     
34       2231     3991     2635     710      4407     2746     3553     4549     3669     4372     2458     1527     3995     4414     1904     1020     5129     2455     262      3220     2881     3527     3635     5503     5312     4277     1579     3269     6042     2472     4158     1638     4107     1929     0        2392     3944     5073     4618     1036     4919     3793     2936     4202     2949     4263     1907     3664     717      1070     2557     5395     3213     2420     678      2622     2535     2877     2561     3382     1481     3885     3193     3404     2029     2262     5279     3429     4634     3034     2794     225      3417     3674     3006     1968     2118     2581     1746     5887     5522     
35       3300     6178     3270     2936     5753     4534     4769     6835     6012     4108     3968     3912     5864     6795     3208     2760     7200     1727     2412     5314     1170     2103     5065     7723     7670     5193     818      4384     8173     4707     4362     766      3022     1234     2392     0        6298     6670     6967     2719     6875     4611     571      6218     5211     6054     839      3002     1967     1646     2991     7444     5571     4610     3016     1516     4922     900      2096     1670     3757     5032     4838     2465     3853     4608     7539     3504     6927     3013     4056     2198     5028     6038     1283     430      2966     4534     4069     8021     7300     
36       4919     1183     5504     3364     5430     2705     5218     854      305      7392     4395     2561     4051     635      3781     4124     3926     5724     3887     3151     6492     7329     3465     1887     1371     6053     5481     5239     2633     2689     6819     5532     7704     5499     3944     6298     0        5289     675      3720     2448     5901     6858     3678     2460     4377     5659     6320     4353     4719     5638     4168     730      2873     3286     6025     1738     6818     6186     7269     2553     5487     2961     6387     2922     2259     3125     6439     2559     6253     3718     4161     4462     1643     6592     5867     5103     3540     2230     2494     5110     
37       3377     6329     3556     5276     1081     6673     1994     6116     5296     4393     2729     4272     1297     5107     6671     4147     1893     7466     5293     2308     7630     6024     7746     7062     5913     2107     6122     2386     7844     3125     3563     6186     5683     6852     5073     6670     5289     0        5639     5910     7662     2531     6976     1619     3011     955      6663     8735     5779     6080     3869     1884     5012     3030     5043     7560     4041     6479     4949     6343     5201     1853     7157     8439     6248     3689     3075     3947     3113     4223     7319     5092     1677     3651     7764     6394     3725     2555     5038     7721     848      
38       5545     1397     6129     4032     5883     3204     5752     622      955      8005     4986     3230     4454     535      4372     4788     4115     6349     4558     3624     7136     7998     3836     1423     707      6571     6151     5801     2205     3263     7407     6201     8360     6148     4618     6967     675      5639     0        4367     2415     6456     7529     4020     2973     4765     6318     6882     5017     5380     6274     4332     1405     3449     3959     6657     2368     7493     6849     7943     3216     6004     3388     6979     3509     2879     3162     7060     2699     6891     4219     4836     4965     2018     7234     6537     5742     4100     2898     2086     5368     
39       3260     3466     3670     644      5337     1880     4531     4163     3419     5377     3415     1844     4744     4282     868      2034     5706     2049     775      3857     2772     4295     2653     5013     5074     5284     1951     4270     5454     3021     5191     1984     4980     1781     1036     2719     3720     5910     4367     0        4186     4815     3290     4852     3422     5042     1980     2979     802      1073     3584     5983     3024     3027     876      2325     2715     3426     3475     4057     1209     4866     2270     2859     1163     2636     5655     4449     4980     4037     1766     1182     4301     3897     2873     2303     3154     3360     1551     5302     6272     
40       6614     1333     7173     4210     7666     2343     7282     1793     2377     9071     6294     4095     6386     2878     3714     5535     6375     5713     4742     5417     6638     8431     2218     1596     2737     8137     6134     7214     1518     4765     8640     6164     9021     5773     4919     6875     2448     7662     2415     4186     0        7877     7439     6074     4697     6724     6077     5751     4985     5243     7221     6617     2659     4928     4273     6059     3737     7612     7467     8232     3496     7587     2128     6033     3027     4217     5534     8093     5001     7795     3073     5139     6624     4064     6699     6473     6693     5601     3351     1403     7542     
41       1567     6622     1351     4298     1450     6204     763      6745     5775     1921     1586     3821     2544     5995     5679     2781     3973     5803     4054     2923     5710     3565     7232     7788     6954     584      4268     666      8516     3213     1112     4323     3154     5138     3793     4611     5901     2531     6456     4815     7877     0        4791     3135     3492     2467     4844     7174     4367     4548     1619     4097     5349     3031     4100     5799     4213     4214     2626     3937     4627     702      6700     6765     5582     3698     4927     1431     4637     1777     6523     3702     1613     4537     5839     4438     1770     2361     4634     8371     3356     
42       3601     6749     3484     3500     6017     5097     5030     7404     6574     4052     4318     4446     6244     7348     3759     3213     7617     2131     2971     5754     1365     1855     5600     8294     8230     5375     1378     4638     8743     5187     4411     1330     2802     1738     2936     571      6858     6976     7529     3290     7439     4791     0        6628     5694     6413     1374     3284     2536     2217     3186     7854     6130     5080     3573     1860     5454     654      2183     1363     4322     5271     5391     2720     4420     5121     8010     3571     7411     3097     4588     2734     5366     6553     1441     997      3251     4954     4631     8592     7642     
43       3193     4744     3608     4210     2043     5285     2381     4499     3699     5031     2397     3050     594      3490     5511     3473     992      6657     4372     996      7006     6104     6341     5443     4315     2982     5535     2651     6225     1843     4245     5602     6011     6112     4202     6218     3678     1619     4020     4852     6074     3135     6628     0        1555     796      6012     7806     4916     5269     3894     1226     3446     1825     3981     6816     2575     6248     4902     6308     3939     2478     5749     7596     4959     2333     1792     4312     1597     4416     6039     4286     1569     2036     7137     5869     3545     1685     3714     6102     1529     
44       2793     3369     3351     2796     2986     3731     2779     3315     2390     5138     2106     1579     1715     2503     4010     2497     2296     5351     3066     721      5829     5588     4790     4340     3465     3600     4448     2845     5094     508      4481     4512     5739     4873     2949     5211     2460     3011     2973     3422     4697     3492     5694     1555     0        2057     4847     6402     3628     4007     3559     2575     2039     643      2582     5552     1034     5437     4365     5673     2414     3034     4198     6248     3414     803      2336     4241     1716     4167     4492     3085     2001     1079     5954     4817     3071     1163     2169     4955     3081     
45       2845     5391     3162     4401     1257     5726     1750     5215     4368     4388     2095     3347     342      4240     5775     3402     1506     6697     4467     1353     6941     5683     6797     6185     5092     2240     5439     2081     6963     2180     3578     5505     5487     6108     4263     6054     4377     955      4765     5042     6724     2467     6413     796      2057     0        5956     7923     4978     5302     3467     1639     4069     2096     4167     6818     3086     5972     4525     5940     4273     1778     6208     7660     5318     2739     2529     3754     2392     3926     6393     4306     1071     2754     7074     5741     3205     1689     4097     6836     1266     
46       3384     5443     3497     2311     5831     3733     4871     6140     5364     4648     3935     3417     5728     6190     2385     2557     6970     1031     1847     5058     994      2856     4229     6991     7026     5410     576      4509     7408     4360     4778     523      3734     415      1907     839      5659     6663     6318     1980     6077     4844     1374     6012     4847     5956     0        2405     1316     940      3262     7228     4943     4291     2438     957      4415     1713     2568     2466     3106     5166     4017     1937     3073     4169     7182     3922     6541     3431     3219     1762     4989     5573     1125     560      3096     4338     3436     7258     7220     
47       5649     5655     5846     3609     8018     3710     7104     6501     6017     7047     6068     4824     7647     6941     2561     4608     8681     1384     3457     6811     1920     5093     3542     7081     7560     7723     2963     6770     7256     5991     7179     2919     6023     2052     3664     3002     6320     8735     6882     2979     5751     7174     3284     7806     6402     7923     2405     0        2956     2674     5634     8956     5723     5984     3831     1492     5657     3866     4972     4629     4098     7419     3690     572      3402     5615     8616     6326     7937     5835     2740     3646     7070     6825     1860     2928     5404     6236     4422     7126     9178     
48       2801     4216     3122     995      5081     2682     4197     4869     4062     4709     3127     2130     4712     4875     1539     1666     5836     1741     563      3931     2238     3498     3411     5759     5723     4880     1170     3889     6229     3164     4605     1210     4207     1252     717      1967     4353     5779     5017     802      4985     4367     2536     4916     3628     4978     1316     2956     0        388      2987     6104     3633     3124     1126     1924     3114     2630     2734     3255     1801     4522     3061     2686     1965     2905     5945     3817     5289     3375     2469     695      4115     4283     2356     1540     2624     3298     2124     6076     6238     
49       2997     4535     3259     1374     5344     2913     4434     5212     4425     4735     3395     2518     5045     5250     1657     1937     6199     1395     947      4290     1849     3339     3551     6082     6086     5080     896      4108     6527     3538     4699     921      4106     867      1070     1646     4719     6080     5380     1073     5243     4548     2217     5269     4007     5302     940      2674     388      0        3091     6465     4003     3490     1514     1551     3502     2379     2700     3050     2166     4752     3253     2360     2216     3291     6328     3883     5674     3420     2570     995      4408     4672     1968     1231     2782     3632     2495     6375     6566     
