

sets
i        orders          /0*10/
k        routes          /1*10/
p        positions       /0*10/
;

alias(i,j)
alias(i,h)
alias(i,hh)
alias(i,jj)
alias(k,kk)
                            Parameters

rho(i)	Processing time
/
0	0
1	99
2	39
3	35
4	86
5	27
6	53
7	69
8	62
9	58
10	31
/

gamma(i)	Duedate
/
0	0
1	74
2	68
3	17
4	63
5	56
6	77
7	21
8	18
9	8
10	41
/

sigma(i)	Size
/
0	0
1	2
2	7
3	8
4	7
5	8
6	9
7	5
8	5
9	3
10	3
/

epsilon(i)	Priority
/
0	0
1	6
2	8
3	8
4	3
5	2
6	2
7	3
8	7
9	9
10	8
/

psi	Vehicle Capacity
/ 93 /
;

Table kappa(i,j)                 Setup
         0        1        2        3        4        5        6        7        8        9        10       
0        0        208      330      576      468      95       63       319      357      194      556      
1        208      0        180      372      263      218      148      196      184      86       356      
2        330      180      0        287      287      377      269      43       46       266      256      
3        576      372      287      0        193      588      513      326      243      429      39       
4        468      263      287      193      0        452      410      330      245      287      207      
5        95       218      377      588      452      0        121      375      394      165      574      
6        63       148      269      513      410      121      0        261      295      150      493      
7        319      196      43       326      330      375      261      0        89       281      294      
8        357      184      46       243      245      394      295      89       0        267      213      
9        194      86       266      429      287      165      150      281      267      0        419      
10       556      356      256      39       207      574      493      294      213      419      0        
;



Table delta(i,j)                 Distance
         0        1        2        3        4        5        6        7        8        9        10       
0        0        630      450      720      270      1080     780      660      630      870      300      
1        630      0        29       39       27       17       4        15       35       11       22       
2        450      29       0        36       5        37       33       21       7        31       25       
3        720      39       36       0        31       56       43       46       41       49       17       
4        270      27       5        31       0        38       31       22       12       31       20       
5        1080     17       37       56       38       0        14       16       42       7        39       
6        780      4        33       43       31       14       0        16       39       9        26       
7        660      15       21       46       22       16       16       0        26       11       29       
8        630      35       7        41       12       42       39       26       0        37       32       
9        870      11       31       49       31       7        9        11       37       0        32       
10       300      22       25       17       20       39       26       29       32       32       0        
;

