

sets
i        orders          /0*10/
k        routes          /1*10/
p        positions       /0*10/
;

alias(i,j)
alias(i,h)
alias(i,hh)
alias(i,jj)
alias(k,kk)
                            Parameters

rho(i)	Processing time
/
0	0
1	4
2	65
3	94
4	58
5	51
6	92
7	87
8	76
9	15
10	92
/

gamma(i)	Duedate
/
0	0
1	4
2	14
3	96
4	95
5	31
6	15
7	54
8	93
9	98
10	51
/

sigma(i)	Size
/
0	0
1	2
2	1
3	4
4	7
5	3
6	6
7	2
8	3
9	7
10	7
/

epsilon(i)	Priority
/
0	0
1	6
2	8
3	2
4	2
5	3
6	9
7	9
8	9
9	4
10	7
/

psi	Vehicle Capacity
/ 118 /
;

Table kappa(i,j)                 Setup
         0        1        2        3        4        5        6        7        8        9        10       
0        0        156      228      281      179      193      97       193      171      294      239      
1        156      0        71       125      67       303      85       327      201      190      318      
2        228      71       0        55       92       363      149      395      250      174      368      
3        281      125      55       0        142      405      197      450      301      194      402      
4        179      67       92       142      0        351      139      317      158      127      375      
5        193      303      363      405      351      0        217      299      361      476      72       
6        97       85       149      197      139      217      0        288      217      266      235      
7        193      327      395      450      317      299      288      0        192      387      369      
8        171      201      250      301      158      361      217      192      0        196      411      
9        294      190      174      194      127      476      266      387      196      0        502      
10       239      318      368      402      375      72       235      369      411      502      0        
;



Table delta(i,j)                 Distance
         0        1        2        3        4        5        6        7        8        9        10       
0        0        1560     1680     630      1950     930      1170     240      720      30       990      
1        1560     0        5        34       13       25       26       44       28       52       22       
2        1680     5        0        37       8        30       31       48       32       56       25       
3        630      34       37       0        45       23       31       13       12       22       12       
4        1950     13       8        45       0        39       38       57       41       65       33       
5        930      25       30       23       39       0        8        26       11       31       20       
6        1170     26       31       31       38       8        0        34       19       38       27       
7        240      44       48       13       57       26       34       0        17       8        25       
8        720      28       32       12       41       11       19       17       0        24       13       
9        30       52       56       22       65       31       38       8        24       0        33       
10       990      22       25       12       33       20       27       25       13       33       0        
;

