

sets
i        orders          /0*80/
k        routes          /1*80/
p        positions       /0*80/
;

alias(i,j)
alias(i,h)
alias(i,hh)
alias(i,jj)
alias(k,kk)
                            Parameters

rho(i)	Processing time
/
0	0
1	9
2	64
3	51
4	4
5	23
6	59
7	84
8	8
9	85
10	25
11	1
12	59
13	37
14	98
15	33
16	12
17	39
18	81
19	38
20	51
21	12
22	65
23	34
24	70
25	15
26	33
27	4
28	81
29	58
30	11
31	11
32	16
33	1
34	75
35	86
36	31
37	83
38	74
39	94
40	47
41	24
42	59
43	20
44	58
45	7
46	48
47	15
48	42
49	3
50	35
51	52
52	74
53	9
54	84
55	90
56	1
57	78
58	52
59	70
60	21
61	93
62	71
63	76
64	80
65	24
66	84
67	71
68	50
69	59
70	32
71	5
72	35
73	75
74	29
75	46
76	41
77	50
78	48
79	90
80	16
/

gamma(i)	Duedate
/
0	0
1	26
2	7
3	29
4	58
5	88
6	16
7	15
8	43
9	30
10	64
11	81
12	18
13	34
14	64
15	93
16	60
17	64
18	19
19	13
20	38
21	42
22	65
23	36
24	32
25	29
26	98
27	98
28	77
29	29
30	47
31	11
32	58
33	15
34	57
35	19
36	27
37	88
38	47
39	21
40	34
41	27
42	38
43	3
44	69
45	67
46	25
47	99
48	27
49	6
50	6
51	76
52	2
53	89
54	30
55	71
56	38
57	87
58	1
59	31
60	24
61	22
62	65
63	66
64	14
65	26
66	98
67	64
68	2
69	92
70	37
71	27
72	96
73	75
74	56
75	54
76	2
77	10
78	99
79	26
80	60
/

sigma(i)	Size
/
0	0
1	6
2	2
3	9
4	6
5	2
6	5
7	9
8	8
9	4
10	7
11	2
12	3
13	7
14	2
15	9
16	2
17	6
18	5
19	8
20	6
21	1
22	2
23	3
24	1
25	7
26	1
27	4
28	2
29	1
30	6
31	9
32	9
33	6
34	8
35	6
36	7
37	6
38	3
39	8
40	6
41	8
42	3
43	1
44	3
45	3
46	2
47	8
48	6
49	5
50	8
51	5
52	7
53	9
54	8
55	9
56	1
57	2
58	5
59	5
60	4
61	6
62	7
63	2
64	2
65	9
66	3
67	9
68	3
69	1
70	7
71	5
72	7
73	6
74	2
75	9
76	1
77	6
78	9
79	3
80	6
/

epsilon(i)	Priority
/
0	0
1	9
2	3
3	4
4	2
5	8
6	8
7	6
8	8
9	3
10	7
11	5
12	7
13	6
14	8
15	6
16	4
17	3
18	2
19	3
20	6
21	2
22	6
23	4
24	4
25	7
26	5
27	4
28	9
29	6
30	4
31	5
32	2
33	9
34	5
35	1
36	5
37	3
38	4
39	8
40	4
41	1
42	7
43	8
44	5
45	7
46	9
47	8
48	1
49	9
50	4
51	2
52	8
53	8
54	2
55	6
56	6
57	8
58	9
59	1
60	5
61	3
62	1
63	2
64	1
65	2
66	5
67	9
68	6
69	6
70	1
71	2
72	3
73	2
74	2
75	4
76	9
77	5
78	7
79	8
80	2
/

psi	Vehicle Capacity
/ 22 /
;

Table kappa(i,j)                 Setup
         0        1        2        3        4        5        6        7        8        9        10       11       12       13       14       15       16       17       18       19       20       21       22       23       24       25       26       27       28       29       30       31       32       33       34       35       36       37       38       39       40       41       42       43       44       45       46       47       48       49       50       51       52       53       54       55       56       57       58       59       60       61       62       63       64       65       66       67       68       69       70       71       72       73       74       75       76       77       78       79       80       
0        0        284      356      289      316      239      659      256      127      506      345      34       454      467      398      478      236      386      490      554      182      182      159      376      506      189      272      165      387      53       628      224      297      51       292      589      233      557      373      161      108      344      301      358      204      380      384      359      499      293      288      157      138      276      147      209      359      389      472      620      474      185      186      93       327      453      478      396      563      573      277      286      648      643      271      250      204      68       295      319      424      
1        284      0        72       496      458      444      385      511      321      446      564      308      409      390      197      388      98       253      217      306      395      197      416      92       301      473      295      323      401      276      389      63       507      281      476      323      480      297      254      259      299      520      422      449      182      318      477      118      251      226      270      136      270      429      403      322      292      108      317      343      388      108      99       200      488      322      267      327      413      404      19       434      404      381      357      348      361      216      361      35       227      
2        356      72       0        562      516      506      316      581      390      463      630      380      433      397      190      400      151      256      151      258      460      259      485      23       277      545      343      385      431      346      336      132      573      352      539      258      550      237      272      320      366      581      473      492      236      345      520      107      207      264      313      205      333      490      472      383      320      46       314      274      392      176      170      272      542      318      243      342      404      388      82       488      349      318      411      405      424      289      412      37       215      
3        289      496      562      0        113      466      878      109      181      433      69       300      386      756      501      446      492      666      713      665      422      303      357      575      577      271      264      442      672      340      881      456      11       337      43       819      90       793      417      449      389      72       566      629      486      368      651      511      619      349      304      413      425      99       353      185      365      577      505      835      762      433      421      315      567      736      565      684      563      591      481      541      898      878      193      184      139      319      213      530      514      
4        316      458      516      113      0        530      826      217      190      321      163      338      276      767      422      338      476      661      667      580      480      261      424      525      485      358      183      481      701      369      848      430      120      368      69       774      191      753      328      473      425      75       615      674      490      268      699      447      539      273      222      404      453      40       418      137      270      522      407      782      772      418      401      309      628      734      477      695      458      487      441      595      862      834      108      111      115      323      118      488      431      
5        239      444      506      466      530      0        755      384      354      745      499      206      693      403      608      714      356      398      600      747      56       415      109      530      718      213      511      121      273      201      677      383      471      198      487      678      382      639      602      187      152      535      126      186      275      618      200      549      691      525      526      313      174      490      113      444      595      550      698      724      416      338      354      314      101      438      688      352      793      799      447      90       700      719      505      484      428      284      530      472      636      
6        659      385      316      878      826      755      0        896      706      703      947      678      690      465      432      636      426      374      169      353      721      574      764      303      449      842      647      640      574      638      152      436      889      643      854      77       866      118      537      576      641      894      679      671      488      616      692      381      349      560      612      501      598      803      753      697      597      303      527      43       451      474      475      583      757      375      427      457      583      551      397      707      139      67       719      715      740      595      716      350      441      
7        256      511      581      109      217      384      896      0        193      529      116      255      480      715      555      534      486      642      727      721      348      336      277      598      643      176      333      384      617      300      880      461      107      296      149      831      34       802      485      407      337      180      496      559      461      448      579      549      672      409      371      405      380      192      276      243      440      604      579      855      723      429      423      313      485      708      626      646      648      672      499      467      899      888      273      258      194      307      297      546      573      
8        127      321      390      181      190      354      706      193      0        406      246      151      354      582      368      390      310      486      538      534      300      143      256      405      464      229      175      292      511      180      701      276      192      179      173      644      161      616      311      284      236      225      427      486      308      294      511      356      482      230      205      232      263      150      247      92       279      411      411      664      588      251      240      134      448      557      443      510      491      509      308      410      718      702      152      131      77       139      178      356      388      
9        506      446      463      433      321      745      703      529      406      0        483      539      52       834      280      67       521      699      585      369      688      337      659      457      262      632      234      654      820      546      781      463      441      548      389      678      498      674      192      615      602      389      788      835      582      134      863      357      356      236      220      489      606      337      648      315      161      440      176      662      832      483      459      438      828      769      277      767      163      201      428      782      788      737      263      283      351      466      237      457      265      
10       345      564      630      69       163      499      947      116      246      483      0        351      439      812      568      502      557      727      781      731      461      372      391      643      642      292      330      489      722      394      948      523      57       391      102      887      119      861      482      503      439      95       608      671      546      429      692      579      686      417      370      477      478      161      389      254      428      646      567      904      819      498      487      380      601      796      631      741      621      650      550      580      965      946      257      250      208      381      274      598      581      
11       34       308      380      300      338      206      678      255      151      539      351      0        487      461      430      511      252      389      509      585      151      216      125      401      538      165      304      143      372      45       640      247      308      40       308      607      236      573      407      152      89       360      276      336      209      414      361      389      529      327      322      177      126      298      113      238      393      415      506      639      469      205      209      124      297      453      511      391      597      607      303      258      660      659      300      279      228      98       324      343      457      
12       454      409      433      386      276      693      690      480      354      52       439      487      0        794      259      70       480      661      562      370      637      288      606      429      262      580      182      604      775      495      758      422      394      497      342      660      448      652      161      566      551      346      738      786      537      91       815      329      348      192      170      443      557      289      595      262      118      414      174      647      793      438      415      388      777      732      271      726      189      224      391      731      767      719      211      230      299      416      185      423      248      
13       467      390      397      756      767      403      465      715      582      834      812      461      794      0        583      778      314      140      374      642      400      530      471      414      675      581      649      337      137      417      336      372      765      421      755      394      697      354      644      308      377      807      284      246      277      702      256      499      597      603      637      368      334      729      464      636      675      438      706      452      15       363      385      457      355      93       640      72       799      785      408      322      359      407      690      674      652      444      704      388      610      
14       398      197      190      501      422      608      432      555      368      280      568      430      259      583      0        215      292      443      304      166      553      228      554      180      110      578      240      493      599      414      500      241      512      418      467      400      521      393      104      436      455      497      608      641      372      184      669      84       118      151      200      298      439      409      541      317      166      160      123      389      579      278      258      305      667      507      80       523      216      206      184      614      507      459      315      319      366      333      305      195      29       
15       478      388      400      446      338      714      636      534      390      67       502      511      70       778      215      0        468      641      518      305      658      300      634      392      197      619      214      617      771      514      714      410      455      516      403      611      501      607      133      573      567      410      748      792      533      97       821      293      289      192      190      443      567      347      623      303      119      375      110      594      776      433      410      402      793      709      211      713      120      153      370      745      721      669      261      278      346      431      236      396      198      
16       236      98       151      492      476      356      426      486      310      521      557      252      480      314      292      468      0        189      259      402      311      222      343      174      398      416      338      234      307      212      394      58       503      217      480      354      459      321      334      168      220      529      325      350      85       389      379      216      348      288      323      80       184      442      330      339      361      196      408      388      314      59       75       176      392      262      364      246      505      499      109      338      413      407      386      373      367      179      397      118      322      
17       386      253      256      666      661      398      374      642      486      699      727      389      661      140      443      641      189      0        251      504      376      411      436      274      534      535      527      299      204      344      278      244      676      349      659      297      620      256      507      247      321      709      308      297      181      570      318      359      458      472      510      257      274      626      426      526      543      298      566      351      135      244      264      353      385      73       500      93       659      645      271      339      301      327      575      561      550      347      586      248      470      
18       490      217      151      713      667      600      169      727      538      585      781      509      562      374      304      518      259      251      0        288      562      410      601      143      355      674      493      482      454      471      196      267      724      476      691      107      697      90       402      416      477      733      537      540      327      480      564      235      259      410      461      333      437      642      588      535      457      151      418      129      364      305      306      414      613      282      325      344      493      468      231      562      204      167      562      556      576      426      562      183      321      
19       554      306      258      665      580      747      353      721      534      369      731      585      370      642      166      305      402      504      288      0        695      392      705      236      107      739      401      627      689      563      464      364      676      568      629      350      687      362      251      565      597      655      727      750      488      321      778      198      56       315      361      433      573      571      692      482      312      212      196      317      634      408      392      461      794      554      103      595      232      198      300      740      464      401      475      481      531      487      462      284      150      
20       182      395      460      422      480      56       721      348      300      688      461      151      637      400      553      658      311      376      562      695      0        358      74       483      664      187      454      80       280      144      652      333      428      141      440      645      342      606      546      145      98       490      147      211      234      561      231      497      639      468      469      262      127      440      72       389      538      502      642      688      412      288      303      257      148      424      634      342      736      743      397      119      674      689      450      429      375      228      475      424      582      
21       182      197      259      303      261      415      574      336      143      337      372      216      288      530      228      300      222      411      410      392      358      0        341      271      329      351      119      317      493      213      586      171      315      216      280      517      302      494      190      278      266      323      450      498      258      205      527      213      340      110      117      163      269      232      329      125      181      273      290      531      532      168      147      101      492      484      306      459      381      391      180      445      602      577      164      153      165      130      175      228      251      
22       159      416      485      357      424      109      764      277      256      659      391      125      606      471      554      634      343      436      601      705      74       341      0        508      663      112      424      137      354      142      707      353      362      137      378      690      273      653      532      191      123      427      221      284      276      537      303      507      649      452      444      280      167      385      13       349      516      524      631      729      482      309      319      249      210      488      635      410      722      733      415      190      728      737      409      387      327      220      435      448      581      
23       376      92       23       575      525      530      303      598      405      457      643      401      429      414      180      392      174      274      143      236      483      271      508      0        261      566      350      408      452      368      334      154      586      373      551      249      566      231      267      343      389      592      496      515      259      343      542      100      186      267      318      227      357      500      495      394      319      24       302      260      408      199      191      291      566      332      226      361      390      373      99       512      345      310      419      414      436      308      419      59       203      
24       506      301      277      577      485      718      449      643      464      262      642      538      262      675      110      197      398      534      355      107      664      329      663      261      0        681      313      604      702      524      545      350      587      528      539      435      609      438      159      546      566      561      718      749      480      219      777      183      100      235      273      409      550      480      650      400      214      237      88       409      669      388      368      414      777      594      34       620      138      113      289      725      548      489      384      393      449      442      368      292      82       
25       189      473      545      271      358      213      842      176      229      632      292      165      580      581      578      619      416      535      674      739      187      351      112      566      681      0        405      244      467      204      798      412      274      199      301      770      181      735      536      287      214      344      333      396      364      524      413      546      684      454      433      342      261      323      117      317      507      579      636      804      591      371      374      280      313      592      657      518      720      736      467      300      819      821      370      350      282      258      397      508      602      
26       272      295      343      264      183      511      647      333      175      234      330      304      182      649      240      214      338      527      493      401      454      119      424      350      313      405      0        425      611      314      680      283      274      316      227      599      299      581      154      393      371      256      561      612      378      119      640      266      358      90       40       283      381      169      413      91       107      344      246      603      651      286      264      212      596      600      301      578      319      340      276      552      693      660      75       80       139      238      69       320      251      
27       165      323      385      442      481      121      640      384      292      654      489      143      604      337      493      617      234      299      482      627      80       317      137      408      604      244      425      0        232      114      573      262      449      114      451      564      371      526      497      66       56       503      136      193      154      522      219      431      571      425      433      195      54       441      129      373      497      428      590      607      347      219      236      215      176      350      572      273      686      689      327      128      595      608      434      414      369      187      457      351      522      
28       387      401      431      672      701      273      574      617      511      820      722      372      775      137      599      771      307      204      454      689      280      493      354      452      702      467      611      232      0        334      460      363      680      336      679      498      604      457      639      227      283      731      149      108      238      686      121      519      639      584      608      331      249      662      350      580      659      477      716      554      152      337      361      403      217      203      667      116      813      806      415      188      483      522      638      620      587      382      657      411      628      
29       53       276      346      340      369      201      638      300      180      546      394      45       495      417      414      514      212      344      471      563      144      213      142      368      524      204      314      114      334      0        597      213      348      5        345      566      280      531      401      109      57       397      250      307      164      417      333      365      507      324      326      141      85       329      129      259      394      384      498      600      425      170      177      113      282      408      495      347      592      599      273      238      617      617      320      300      256      83       343      309      442      
30       628      389      336      881      848      677      152      880      701      781      948      640      758      336      500      714      394      278      196      464      652      586      707      334      545      798      680      573      460      597      0        424      892      602      864      114      853      107      598      515      586      909      584      564      434      675      581      430      445      601      650      475      540      819      696      712      652      345      612      163      321      451      460      569      661      256      517      345      683      655      407      616      23       84       745      738      748      573      748      360      516      
31       224      63       132      456      430      383      436      461      276      463      523      247      422      372      241      410      58       244      267      364      333      171      353      154      350      412      283      262      363      213      424      0        467      219      440      370      432      340      277      200      236      487      368      399      131      330      428      170      309      230      266      73       209      398      340      293      303      171      354      396      372      45       38       147      430      317      316      304      451      446      64       377      441      426      336      324      325      159      345      95       271      
32       297      507      573      11       120      471      889      107      192      441      57       308      394      765      512      455      503      676      724      676      428      315      362      586      587      274      274      449      680      348      892      467      0        346      52       830      92       805      428      458      396      72       573      635      496      378      657      522      630      361      315      424      434      109      358      197      375      588      515      846      771      444      432      326      572      746      575      694      573      600      493      547      909      889      203      194      150      329      223      541      525      
33       51       281      352      337      368      198      643      296      179      548      391      40       497      421      418      516      217      349      476      568      141      216      137      373      528      199      316      114      336      5        602      219      346      0        343      571      276      536      404      112      57       395      250      307      169      420      333      370      512      327      328      146      87       328      124      259      397      389      502      605      428      175      182      116      280      413      499      351      595      603      278      237      622      622      321      300      256      87       344      314      446      
34       292      476      539      43       69       487      854      149      173      389      102      308      342      755      467      403      480      659      691      629      440      280      378      551      539      301      227      451      679      345      864      440      52       343      0        798      125      774      380      453      397      52       581      642      482      327      666      482      585      315      268      403      430      58       373      157      325      551      465      811      761      421      407      306      587      730      528      684      521      549      460      558      880      857      154      148      115      313      172      508      479      
35       589      323      258      819      774      678      77       831      644      678      887      607      660      394      400      611      354      297      107      350      645      517      690      249      435      770      599      564      498      566      114      370      830      571      798      0        802      41       501      501      566      840      602      594      413      580      615      338      335      515      566      432      523      749      678      642      559      255      506      59       380      405      408      518      679      302      408      382      573      544      337      630      113      60       668      663      683      528      668      289      413      
36       233      480      550      90       191      382      866      34       161      498      119      236      448      697      521      501      459      620      697      687      342      302      273      566      609      181      299      371      604      280      853      432      92       276      125      802      0        773      450      389      322      163      489      552      438      414      573      516      637      374      337      378      363      163      271      209      406      572      545      824      705      402      394      284      483      687      592      628      614      638      468      461      871      859      240      224      160      280      265      515      538      
37       557      297      237      793      753      639      118      802      616      674      861      573      652      354      393      607      321      256      90       362      606      494      653      231      438      735      581      526      457      531      107      340      805      536      774      41       773      0        492      463      529      817      561      553      376      570      574      326      339      499      550      400      486      726      642      619      547      241      505      98       342      373      378      488      639      263      410      341      577      550      313      590      114      86       649      642      658      496      650      265      409      
38       373      254      272      417      328      602      537      485      311      192      482      407      161      644      104      133      334      507      402      251      546      190      532      267      159      536      154      497      639      401      598      277      428      404      380      501      450      492      0        449      451      404      624      665      402      79       694      168      213      82       114      314      445      321      520      241      62       253      100      493      642      303      279      288      674      577      148      579      190      201      236      624      607      561      225      233      291      317      210      264      104      
39       161      259      320      449      473      187      576      407      284      615      503      152      566      308      436      573      168      247      416      565      145      278      191      343      546      287      393      66       227      109      515      200      458      112      453      501      389      463      449      0        73       505      175      219      89       481      248      370      509      381      396      137      27       434      181      353      455      364      538      543      316      158      178      181      231      306      514      239      635      636      264      178      537      547      413      394      359      157      433      286      465      
40       108      299      366      389      425      152      641      337      236      602      439      89       551      377      455      567      220      321      477      597      98       266      123      389      566      214      371      56       283      57       586      236      396      57       397      566      322      529      451      73       0        449      193      250      153      471      276      399      541      376      381      164      46       385      112      316      447      407      546      605      386      191      205      164      226      379      535      310      641      646      300      181      607      614      378      358      313      135      401      330      483      
41       344      520      581      72       75       535      894      180      225      389      95       360      346      807      497      410      529      709      733      655      490      323      427      592      561      344      256      503      731      397      909      487      72       395      52       840      163      817      404      505      449      0        632      693      533      344      717      518      614      346      296      453      482      91       422      198      346      591      482      851      813      470      455      356      636      781      553      735      531      561      504      608      925      900      181      180      161      364      193      552      506      
42       301      422      473      566      615      126      679      496      427      788      608      276      738      284      608      748      325      308      537      727      147      450      221      496      718      333      561      136      149      250      584      368      573      250      581      602      489      561      624      175      193      632      0        63       239      654      85       538      673      555      567      311      181      574      220      510      629      519      713      653      298      329      351      350      77       333      684      243      810      810      430      38       607      635      571      551      505      322      593      443      638      
43       358      449      492      629      674      186      671      559      486      835      671      336      786      246      641      792      350      297      540      750      211      498      284      515      749      396      612      193      108      307      564      399      635      307      642      594      552      553      665      219      250      693      63       0        268      701      29       566      697      600      616      350      231      634      284      565      675      539      750      648      260      364      387      400      111      308      715      218      848      846      459      96       587      622      626      606      563      374      648      465      670      
44       204      182      236      486      490      275      488      461      308      582      546      209      537      277      372      533      85       181      327      488      234      258      276      259      480      364      378      154      238      164      434      131      496      169      482      413      438      376      402      89       153      533      239      268      0        447      297      299      433      345      371      94       110      453      265      359      420      281      484      454      281      99       123      180      306      250      447      205      581      577      191      252      455      461      413      397      376      168      429      204      402      
45       380      318      345      368      268      618      616      448      294      134      429      414      91       702      184      97       389      570      480      321      561      205      537      343      219      524      119      522      686      417      675      330      378      420      327      580      414      570      79       481      471      344      654      701      447      0        729      245      288      101      92       354      473      268      525      210      27       330      138      573      702      348      325      306      697      641      217      635      200      224      300      650      685      641      176      190      255      335      155      334      181      
46       384      477      520      651      699      200      692      579      511      863      692      361      815      256      669      821      379      318      564      778      231      527      303      542      777      413      640      219      121      333      581      428      657      333      666      615      573      574      694      248      276      717      85       29       297      729      0        595      725      629      644      379      259      659      303      592      704      566      779      670      271      393      416      428      114      325      743      236      877      875      488      112      604      642      653      633      589      402      675      493      699      
47       359      118      107      511      447      549      381      549      356      357      579      389      329      499      84       293      216      359      235      198      497      213      507      100      183      546      266      431      519      365      430      170      522      370      482      338      516      326      168      370      399      518      538      566      299      245      595      0        142      178      230      236      377      427      494      325      221      85       207      338      495      212      194      266      601      423      148      440      300      288      107      547      440      399      339      338      372      291      335      111      111      
48       499      251      207      619      539      691      349      672      482      356      686      529      348      597      118      289      348      458      259      56       639      340      649      186      100      684      358      571      639      507      445      309      630      512      585      335      637      339      213      509      541      614      673      697      433      288      725      142      0        269      317      377      517      527      636      435      275      162      179      309      591      352      336      406      739      512      78       548      238      210      244      685      448      389      433      437      484      431      421      231      109      
49       293      226      264      349      273      525      560      409      230      236      417      327      192      603      151      192      288      472      410      315      468      110      452      267      235      454      90       425      584      324      601      230      361      327      315      515      374      499      82       381      376      346      555      600      345      101      629      178      269      0        52       253      375      258      440      167      75       259      182      516      603      246      223      211      601      544      217      535      270      283      207      552      613      576      165      167      216      241      157      246      165      
