

sets
i        orders          /0*80/
k        routes          /1*80/
p        positions       /0*80/
;

alias(i,j)
alias(i,h)
alias(i,hh)
alias(i,jj)
alias(k,kk)
                            Parameters

rho(i)	Processing time
/
0	0
1	93
2	55
3	71
4	16
5	55
6	71
7	94
8	50
9	63
10	83
11	7
12	37
13	24
14	34
15	82
16	30
17	9
18	29
19	83
20	8
21	93
22	49
23	79
24	63
25	49
26	29
27	87
28	10
29	85
30	8
31	94
32	50
33	3
34	21
35	40
36	24
37	80
38	6
39	67
40	21
41	6
42	43
43	35
44	7
45	66
46	34
47	49
48	12
49	62
50	46
51	26
52	93
53	50
54	37
55	2
56	9
57	80
58	50
59	18
60	54
61	34
62	97
63	90
64	52
65	41
66	54
67	5
68	9
69	18
70	51
71	38
72	29
73	77
74	93
75	94
76	67
77	12
78	98
79	86
80	84
/

gamma(i)	Duedate
/
0	0
1	65
2	77
3	82
4	60
5	7
6	79
7	56
8	8
9	91
10	93
11	56
12	45
13	63
14	30
15	99
16	73
17	84
18	40
19	3
20	91
21	48
22	45
23	23
24	36
25	34
26	42
27	91
28	44
29	65
30	47
31	84
32	83
33	55
34	35
35	50
36	56
37	11
38	5
39	52
40	83
41	9
42	32
43	33
44	10
45	37
46	81
47	62
48	48
49	59
50	29
51	81
52	23
53	28
54	33
55	68
56	9
57	4
58	93
59	63
60	7
61	93
62	17
63	98
64	56
65	10
66	61
67	10
68	7
69	92
70	83
71	62
72	15
73	93
74	62
75	96
76	85
77	32
78	86
79	51
80	21
/

sigma(i)	Size
/
0	0
1	6
2	6
3	6
4	4
5	8
6	8
7	7
8	2
9	5
10	5
11	9
12	9
13	3
14	9
15	9
16	5
17	4
18	6
19	4
20	8
21	2
22	5
23	4
24	8
25	3
26	5
27	7
28	2
29	3
30	3
31	6
32	4
33	9
34	1
35	7
36	5
37	6
38	3
39	5
40	5
41	2
42	6
43	2
44	2
45	2
46	9
47	8
48	3
49	6
50	1
51	7
52	5
53	1
54	1
55	3
56	3
57	9
58	5
59	2
60	8
61	5
62	4
63	4
64	5
65	1
66	1
67	3
68	6
69	7
70	9
71	2
72	1
73	2
74	3
75	2
76	3
77	2
78	2
79	9
80	5
/

epsilon(i)	Priority
/
0	0
1	7
2	2
3	1
4	8
5	6
6	3
7	6
8	1
9	2
10	6
11	6
12	8
13	6
14	6
15	9
16	4
17	5
18	2
19	3
20	3
21	2
22	3
23	2
24	4
25	9
26	3
27	6
28	3
29	1
30	8
31	9
32	3
33	9
34	4
35	5
36	8
37	8
38	9
39	1
40	5
41	7
42	2
43	3
44	8
45	6
46	8
47	4
48	9
49	8
50	5
51	3
52	3
53	5
54	1
55	3
56	8
57	4
58	7
59	1
60	7
61	3
62	4
63	3
64	1
65	6
66	8
67	8
68	8
69	1
70	8
71	7
72	7
73	2
74	3
75	7
76	6
77	9
78	3
79	2
80	5
/

psi	Vehicle Capacity
/ 25 /
;

Table kappa(i,j)                 Setup
         0        1        2        3        4        5        6        7        8        9        10       11       12       13       14       15       16       17       18       19       20       21       22       23       24       25       26       27       28       29       30       31       32       33       34       35       36       37       38       39       40       41       42       43       44       45       46       47       48       49       50       51       52       53       54       55       56       57       58       59       60       61       62       63       64       65       66       67       68       69       70       71       72       73       74       75       76       77       78       79       80       
0        0        546      604      677      429      168      425      328      440      326      645      58       620      774      557      210      726      374      206      241      558      386      383      759      518      402      567      623      558      410      464      501      641      594      343      635      268      223      24       706      371      395      278      591      650      470      655      271      689      418      691      704      742      729      503      640      760      482      388      215      737      542      324      565      378      424      800      743      663      394      295      809      693      497      343      397      349      736      627      236      754      
1        546      0        360      235      397      385      267      499      188      335      202      500      434      229      423      492      226      514      378      471      91       378      279      436      310      157      327      237      354      288      117      115      322      50       222      264      299      583      569      545      228      489      268      281      201      386      123      290      190      268      176      169      203      224      48       248      297      264      498      344      417      8        485      326      376      408      254      201      376      227      272      281      371      102      530      156      211      196      259      420      234      
2        604      360      0        591      692      451      191      350      499      278      560      545      77       433      102      673      559      768      549      671      272      227      229      156      646      420      674      597      47       198      280      457      74       387      323      129      362      499      617      184      495      757      421      636      216      152      336      366      285      197      507      357      487      306      335      608      260      593      305      408      135      367      723      43       234      207      462      401      61       245      343      391      99       442      768      407      327      386      127      619      545      
3        677      235      591      0        357      543      497      713      236      549      35       645      666      278      658      551      88       498      475      518      319      604      502      643      223      291      201      67       588      516      345      188      544      203      418      481      482      771      701      774      305      463      418      138      401      620      277      471      356      497      109      289      182      371      273      57       461      220      721      514      628      230      493      559      600      637      278      278      599      449      461      370      586      199      529      302      406      287      478      481      135      
4        429      397      692      357      0        376      518      623      209      497      340      425      750      585      711      238      439      141      239      201      474      577      495      808      134      274      172      290      665      524      418      284      681      417      382      637      388      606      451      862      197      105      300      224      593      637      514      377      586      513      432      552      507      620      388      302      694      145      661      379      787      388      145      649      570      623      598      568      729      456      388      661      737      294      174      286      374      570      630      192      483      
5        168      385      451      543      376      0        264      253      313      178      509      116      479      611      421      242      581      381      143      253      390      253      223      603      425      254      473      499      408      253      297      358      480      435      175      469      100      238      188      576      248      387      126      481      481      333      490      102      520      257      542      538      586      561      340      516      592      378      300      47       580      382      328      410      244      297      637      579      508      228      127      642      534      351      365      246      182      571      461      214      604      
6        425      267      191      497      518      264      0        247      345      107      462      367      234      436      192      482      493      582      359      480      210      114      42       339      494      259      530      484      153      23       152      326      216      312      137      213      171      366      441      344      323      574      233      505      250      127      312      175      308      7        442      354      452      345      223      498      350      439      235      219      316      270      536      148      114      141      466      401      244      61       152      435      270      312      580      244      144      389      205      430      495      
7        328      499      350      713      623      253      247      0        513      164      677      277      335      684      269      486      724      633      396      503      455      138      222      501      650      432      695      685      304      224      382      527      411      548      295      435      246      154      330      397      464      640      333      687      491      198      560      258      553      243      676      602      695      589      452      701      580      597      61       244      481      500      581      325      135      143      714      648      410      272      258      679      449      515      616      419      308      636      429      467      733      
8        440      188      499      236      209      313      345      513      0        359      204      410      564      394      534      330      291      327      240      303      265      430      333      604      149      86       187      186      478      357      219      82       480      214      225      432      269      547      465      677      69       301      190      174      384      471      309      257      378      342      265      350      331      413      180      203      485      95       535      289      584      180      302      458      424      471      411      372      530      284      254      461      534      88       346      101      213      372      425      257      326      
9        326      335      278      549      497      178      107      164      359      0        513      268      301      530      243      414      560      536      299      420      299      81       68       432      502      274      544      524      233      87       220      364      317      385      134      319      110      262      340      399      318      534      196      531      355      156      404      120      410      100      511      449      533      448      288      539      456      448      176      141      410      336      486      239      73       128      559      495      336      110      109      537      367      352      527      260      147      484      312      373      569      
10       645      202      560      35       340      509      462      677      204      513      0        612      635      271      626      524      98       481      445      493      288      569      467      619      210      256      195      59       556      481      310      153      516      174      383      454      447      736      669      744      274      446      383      131      376      586      255      436      335      462      101      271      178      353      239      58       442      199      686      479      603      197      472      528      565      603      274      266      571      414      426      360      559      163      510      267      370      274      450      453      143      
11       58       500      545      645      425      116      367      277      410      268      612      0        562      727      500      228      689      389      189      253      507      329      325      701      501      362      551      595      500      352      413      464      583      550      291      578      214      192      74       649      341      406      235      568      595      412      606      218      636      360      652      654      699      677      456      612      705      461      336      162      678      497      337      507      320      367      753      695      605      338      242      758      635      459      363      356      298      687      570      236      715      
12       620      434      77       666      750      479      234      335      564      301      635      562      0        508      66       711      636      817      590      712      347      233      267      173      712      481      743      671      85       234      347      526      143      463      372      204      398      489      631      113      553      808      467      707      292      150      413      405      360      240      584      434      564      379      406      682      325      658      281      439      158      441      770      108      241      200      537      476      104      294      384      461      145      511      814      468      378      461      203      662      622      
13       774      229      433      278      585      611      436      684      394      530      271      727      508      0        527      716      198      717      607      693      231      549      464      425      468      385      463      330      452      460      319      312      365      185      440      304      519      791      797      597      448      687      497      401      217      526      125      512      148      440      170      82       97       133      271      328      216      440      668      568      416      235      696      419      550      565      30       35       414      420      491      93       387      307      739      385      430      48       305      643      158      
14       557      423      102      658      711      421      192      269      534      243      626      500      66       527      0        657      636      770      538      660      342      171      218      235      684      449      717      656      75       187      324      505      176      458      329      227      346      423      567      156      516      763      420      687      310      87       421      353      379      197      584      448      573      404      390      669      362      629      216      384      217      429      722      108      179      135      556      493      153      254      334      491      195      490      765      435      337      479      224      611      627      
15       210      492      673      551      238      242      482      486      330      414      524      228      711      716      657      0        618      164      125      36       537      493      445      817      353      335      399      488      634      477      453      409      689      531      356      663      313      420      229      813      268      186      258      438      650      571      615      307      669      476      595      661      660      708      461      504      761      333      538      273      794      485      115      631      485      538      737      691      725      431      330      773      745      411      135      338      355      688      655      73       655      
16       726      226      559      88       439      581      493      724      291      560      98       689      636      198      636      618      0        579      531      588      294      605      506      592      308      327      288      152      563      514      343      225      504      181      437      440      509      799      751      739      359      544      456      225      354      609      227      499      299      494      52       226      101      306      272      145      398      297      725      547      578      224      570      532      603      634      194      205      558      453      485      292      540      230      608      335      425      217      438      546      47       
17       374      514      768      498      141      381      582      633      327      536      481      389      817      717      770      164      579      0        239      135      581      618      551      898      276      371      311      431      735      583      512      408      770      541      446      733      426      581      392      925      291      38       350      366      700      688      636      418      703      577      570      677      644      739      497      444      807      283      681      400      876      506      52       725      610      664      732      698      813      524      435      788      826      416      39       380      441      698      725      166      622      
18       206      378      549      475      239      143      359      396      240      299      445      189      590      607      538      125      531      239      0        122      416      380      323      691      312      222      362      419      512      355      329      310      563      422      230      537      192      366      231      695      171      243      132      384      526      454      499      185      549      352      501      546      560      589      343      436      638      276      442      161      669      372      188      506      372      426      629      579      600      305      206      657      620      309      228      222      229      575      530      74       563      
19       241      471      671      518      201      253      480      503      303      420      493      253      712      693      660      36       588      135      122      0        521      500      445      811      317      314      363      455      633      477      439      383      682      508      350      654      314      446      261      817      244      154      251      403      636      575      594      307      651      474      567      640      634      690      442      470      747      300      552      279      788      464      84       628      491      546      712      668      721      426      328      752      739      386      113      319      348      666      646      53       626      
20       558      91       272      319      474      390      210      455      265      299      288      507      347      231      342      537      294      581      416      521      0        324      234      346      397      210      417      327      270      233      93       201      231      116      216      173      293      559      579      456      290      559      290      372      119      316      105      288      133      213      242      151      242      173      85       337      226      349      445      345      327      98       547      240      324      346      260      196      285      189      266      251      280      187      593      203      208      186      168      468      290      
21       386      378      227      604      577      253      114      138      430      81       569      329      233      549      171      493      605      618      380      500      324      0        101      383      576      343      616      585      180      91       261      425      280      425      205      299      192      275      397      323      394      616      277      599      353      83       426      202      416      111      554      466      566      451      333      600      443      521      120      220      362      381      568      195      8        46       579      514      288      154      189      542      324      412      608      329      216      501      292      454      609      
22       383      279      229      502      495      223      42       222      333      68       467      325      267      464      218      445      506      551      323      445      234      101      0        379      481      246      520      484      189      32       162      324      258      327      113      254      132      331      399      374      304      545      201      499      286      142      339      138      341      35       456      383      472      380      233      499      389      426      219      179      357      281      504      187      97       139      494      429      284      53       117      468      311      311      547      232      122      417      246      395      512      
23       759      436      156      643      808      603      339      501      604      432      619      701      173      425      235      817      592      898      691      811      346      383      379      0        743      534      763      665      203      349      389      546      128      446      461      173      510      652      773      200      613      883      559      716      242      305      367      513      293      346      544      368      503      293      426      673      211      693      451      558      22       444      857      193      390      359      449      400      96       386      489      354      71       532      902      523      463      386      179      758      566      
24       518      310      646      223      134      425      494      650      149      502      210      501      712      468      684      353      308      276      312      317      397      576      481      743      0        236      49       156      627      506      366      196      622      317      371      570      404      663      542      826      186      239      317      90       512      621      415      392      492      491      306      447      384      521      317      168      603      55       677      413      723      302      276      606      570      619      477      456      674      434      394      550      675      210      308      250      360      460      564      291      353      
25       402      157      420      291      274      254      259      432      86       274      256      362      481      385      449      335      327      371      222      314      210      343      246      534      236      0        273      254      396      270      144      103      407      199      140      364      192      479      426      595      80       351      128      256      329      385      280      181      337      255      289      326      341      375      128      271      437      180      451      222      513      150      337      378      338      385      407      357      455      198      174      438      463      96       383      14       128      353      357      263      352      
26       567      327      674      201      172      473      530      695      187      544      195      551      743      463      717      399      288      311      362      363      417      616      520      763      49       273      0        136      658      543      396      218      646      326      411      591      448      712      591      856      231      273      363      63       527      658      423      436      502      528      296      450      373      528      340      144      612      97       720      460      745      319      317      635      611      658      469      454      699      471      438      549      697      233      346      288      400      460      586      340      335      
27       623      237      597      67       290      499      484      685      186      524      59       595      671      330      656      488      152      431      419      455      327      585      484      665      156      254      136      0        589      501      334      159      558      219      390      498      447      732      648      782      254      395      375      73       424      610      307      435      387      483      161      327      238      408      266      17       496      155      699      473      648      230      427      563      581      622      334      325      612      431      429      419      604      172      462      266      377      332      493      419      199      
28       558      354      47       588      665      408      153      304      478      233      556      500      85       452      75       634      563      735      512      633      270      180      189      203      627      396      658      589      0        157      262      442      111      386      289      154      322      452      571      199      468      725      386      623      234      105      346      327      304      159      510      373      497      330      323      601      294      573      260      366      182      360      689      32       187      160      481      418      108      211      305      417      145      427      733      382      294      403      150      583      552      
29       410      288      198      516      524      253      23       224      357      87       481      352      234      460      187      477      514      583      355      477      233      91       32       349      506      270      543      501      157      0        171      343      230      333      142      232      164      344      425      342      332      576      233      520      272      114      336      170      331      20       463      377      475      368      243      515      370      451      212      210      327      290      536      157      90       121      490      424      254      72       149      458      282      329      579      256      150      412      224      427      517      
30       464      117      280      345      418      297      152      382      219      220      310      413      347      319      324      453      343      512      329      439      93       261      162      389      366      144      396      334      262      171      0        181      263      165      122      220      200      474      486      460      224      494      200      362      197      276      195      195      225      152      293      242      314      266      72       348      309      313      381      251      368      119      474      240      259      293      347      285      311      110      173      344      318      166      520      133      114      276      213      386      350      
31       501      115      457      188      284      358      326      527      82       364      153      464      526      312      505      409      225      408      310      383      201      425      324      546      196      103      218      159      442      343      181      0        427      133      231      374      293      582      526      639      141      380      232      181      316      453      230      282      302      325      191      269      252      335      122      175      411      149      539      326      527      106      385      418      421      463      329      290      480      272      273      380      479      14       428      113      219      290      368      335      254      
32       641      322      74       544      681      480      216      411      480      317      516      583      143      365      176      689      504      770      563      682      231      280      258      128      622      407      646      558      111      230      263      427      0        341      332      64       385      556      656      236      486      755      431      603      152      215      277      387      218      223      453      293      426      235      305      567      186      571      371      435      106      330      728      85       286      268      393      334      55       259      363      318      56       413      774      395      334      319      65       630      486      
33       594      50       387      203      417      435      312      548      214      385      174      550      463      185      458      531      181      541      422      508      116      425      327      446      317      199      326      219      386      333      165      133      341      0        273      279      349      634      618      570      264      514      316      273      205      427      98       341      175      313      130      136      152      204      99       227      286      277      545      394      429      53       516      356      423      452      207      160      396      276      323      247      385      125      560      200      262      158      276      458      184      
34       343      222      323      418      382      175      137      295      225      134      383      291      372      440      329      356      437      446      230      350      216      205      113      461      371      140      411      390      289      142      122      231      332      273      0        308      78       362      364      482      191      436      98       396      309      255      317      72       345      132      392      365      425      386      174      406      421      316      311      129      438      220      400      279      199      248      467      407      370      77       51       467      389      220      445      126      12       398      300      297      452      
35       635      264      129      481      637      469      213      435      432      319      454      578      204      304      227      663      440      733      537      654      173      299      254      173      570      364      591      498      154      232      220      374      64       279      308      0        370      572      652      300      444      715      405      546      88       247      213      371      156      220      389      230      362      177      253      506      145      520      402      423      153      272      693      122      303      297      333      272      118      242      346      264      106      359      739      353      308      257      8        600      422      
36       268      299      362      482      388      100      171      246      269      110      447      214      398      519      346      313      509      426      192      314      293      192      132      510      404      192      448      447      322      164      200      293      385      349      78       370      0        289      288      502      218      424      88       443      381      262      395      12       422      164      465      443      502      462      251      464      491      351      275      53       487      296      377      320      184      238      546      485      416      128      27       544      440      284      419      181      88       477      362      265      527      
37       223      583      499      771      606      238      366      154      547      262      736      192      489      791      423      420      799      581      366      446      559      275      331      652      663      479      712      732      452      344      474      582      556      634      362      572      289      0        215      549      486      597      357      718      616      347      665      300      673      361      754      711      786      711      535      749      714      617      212      258      632      582      529      471      270      292      820      756      560      370      313      799      597      573      556      469      374      745      565      424      815      
38       24       569      617      701      451      188      441      330      465      340      669      74       631      797      567      229      751      392      231      261      579      397      399      773      542      426      591      648      571      425      486      526      656      618      364      652      288      215      0        714      396      415      301      615      669      481      677      291      709      434      715      726      766      750      525      665      779      507      391      235      751      565      344      580      389      433      823      765      677      413      315      830      707      521      361      421      371      758      644      259      778      
39       706      545      184      774      862      576      344      397      677      399      744      649      113      597      156      813      739      925      695      817      456      323      374      200      826      595      856      782      199      342      460      639      236      570      482      300      502      549      714      0        666      918      576      820      388      242      513      510      453      350      688      528      662      465      519      793      397      772      337      540      197      551      878      220      332      282      625      568      183      406      490      539      212      624      921      581      489      553      301      768      722      
40       371      228      495      305      197      248      323      464      69       318      274      341      553      448      516      268      359      291      171      244      290      394      304      613      186      80       231      254      468      332      224      141      486      264      191      444      218      486      396      666      0        271      132      232      409      446      352      206      414      319      331      396      393      451      206      271      516      134      491      230      592      221      258      452      388      438      468      424      533      262      209      509      542      142      304      90       181      422      437      195      392      
41       395      489      757      463      105      387      574      640      301      534      446      406      808      687      763      186      544      38       243      154      559      616      545      883      239      351      273      395      725      576      494      380      755      514      436      715      424      597      415      918      271      0        343      329      679      684      610      414      679      568      537      650      611      714      475      407      784      250      685      402      861      481      71       713      608      662      701      669      799      514      430      760      811      389      77       361      430      670      708      174      588      
42       278      268      421      418      300      126      233      333      190      196      383      235      467      497      420      258      456      350      132      251      290      277      201      559      317      128      363      375      386      233      200      232      431      316      98       405      88       357      301      576      132      343      0        363      396      341      381      77       423      227      417      430      465      464      226      392      508      266      363      98       537      264      303      378      269      323      522      467      469      176      88       538      488      225      347      121      97       461      397      198      480      
43       591      281      636      138      224      481      505      687      174      531      131      568      707      401      687      438      225      366      384      403      372      599      499      716      90       256      63       73       623      520      362      181      603      273      396      546      443      718      615      820      232      329      363      0        477      633      367      431      447      503      233      392      310      471      301      81       557      108      707      462      698      273      366      599      594      638      406      393      657      448      428      488      652      196      399      270      384      400      541      373      272      
44       650      201      216      401      593      481      250      491      384      355      376      595      292      217      310      650      354      700      526      636      119      353      286      242      512      329      527      424      234      272      197      316      152      205      309      88       381      616      669      388      409      679      396      477      0        316      127      379      69       255      305      141      274      99       204      431      112      465      466      434      226      210      665      202      356      360      246      184      205      258      354      189      186      303      711      321      305      169      88       582      334      
45       470      386      152      620      637      333      127      198      471      156      586      412      150      526      87       571      609      688      454      575      316      83       142      305      621      385      658      610      105      114      276      453      215      427      255      247      262      347      481      242      446      684      341      633      316      0        409      270      384      129      557      444      557      415      346      624      391      566      156      297      285      390      639      129      92       55       556      491      212      186      253      505      251      439      682      371      264      477      241      528      606      
46       655      123      336      277      514      490      312      560      309      404      255      606      413      125      421      615      227      636      499      594      105      426      339      367      415      280      423      307      346      336      195      230      277      98       317      213      395      665      677      513      352      610      381      367      127      409      0        389      80       316      178      48       151      106      155      312      190      375      546      445      352      131      609      314      426      445      154      91       331      295      368      158      313      220      653      277      308      81       212      543      209      
47       271      290      366      471      377      102      175      258      257      120      436      218      405      512      353      307      499      418      185      307      288      202      138      513      392      181      436      435      327      170      195      282      387      341      72       371      12       300      291      510      206      414      77       431      379      270      389      0        418      169      455      437      493      458      243      452      490      339      287      56       490      288      368      324      194      248      539      479      419      129      25       539      443      273      411      169      81       470      363      258      517      
48       689      190      285      356      586      520      308      553      378      410      335      636      360      148      379      669      299      703      549      651      133      416      341      293      492      337      502      387      304      331      225      302      218      175      345      156      422      673      709      453      414      679      423      447      69       384      80       418      0        313      252      76       211      40       209      392      110      451      531      474      280      198      673      272      418      426      177      116      269      306      394      127      245      292      718      332      339      101      157      599      274      
49       418      268      197      497      513      257      7        243      342      100      462      360      240      440      197      476      494      577      352      474      213      111      35       346      491      255      528      483      159      20       152      325      223      313      132      220      164      361      434      350      319      568      227      503      255      129      316      169      313      0        443      358      455      350      224      497      356      436      232      212      323      271      530      155      110      140      470      405      251      57       146      440      277      311      574      241      139      393      212      423      497      
