
sets
i        orders          /0*10/
k        routes          /1*10/
p        positions       /0*10/
;

alias(i,j)
alias(i,h)
alias(i,hh)
alias(i,jj)
alias(k,kk)
                
                    Parameters

rho(i)	Processing time
/
0	0
1	85
2	61
3	46
4	84
5	60
6	15
7	29
8	21
9	68
10	12
/

gamma(i)	Duedate
/
0	0
1	86
2	36
3	49
4	21
5	61
6	38
7	10
8	61
9	66
10	29
/

sigma(i)	Size
/
0	0
1	6
2	7
3	6
4	3
5	8
6	9
7	3
8	4
9	2
10	6
/

epsilon(i)	Priority
/
0	0
1	9
2	7
3	1
4	5
5	5
6	8
7	7
8	6
9	1
10	6
/

psi	Vehicle Capacity
/ 32 /
;

Table kappa(i,j)                 Setup
         0        1        2        3        4        5        6        7        8        9        10       
0        0        186      290      261      258      163      249      346      344      54       138      
1        186      0        104      169      120      61       133      181      196      169      148      
2        290      104      0        192      124      145      153      121      156      271      232      
3        261      169      192      0        281      124      39       137      109      279      128      
4        258      120      124      281      0        181      242      244      275      218      265      
5        163      61       145      124      181      0        97       182      184      165      89       
6        249      133      153      39       242      97       0        115      98       260      128      
7        346      181      121      137      244      182      115      0        43       344      241      
8        344      196      156      109      275      184      98       43       0        349      227      
9        54       169      271      279      218      165      260      344      349      0        169      
10       138      148      232      128      265      89       128      241      227      169      0        
;



Table delta(i,j)                 Distance
         0        1        2        3        4        5        6        7        8        9        10       
0        0        122      108      171      108      130      170      139      138      61       205      
1        122      0        81       171      129      187      243      146      206      79       167      
2        108      81       0        92       50       112      169      65       133      48       103      
3        171      171      92       0        63       80       123      32       100      125      58       
4        108      129      50       63       0        61       118      30       83       66       102      
5        130      187      112      80       61       0        57       65       22       114      137      
6        170      243      169      123      118      57       0        119      37       167      181      
7        139      146      65       32       30       65       119      0        88       93       76       
8        138      206      133      100      83       22       37       88       0        130      158      
9        61       79       48       125      66       114      167      93       130      0        149      
10       205      167      103      58       102      137      181      76       158      149      0        
;

