
sets
i        orders          /0*10/
k        routes          /1*10/
p        positions       /0*10/
;

alias(i,j)
alias(i,h)
alias(i,hh)
alias(i,jj)
alias(k,kk)
                
                    Parameters

rho(i)	Processing time
/
0	0
1	37
2	92
3	19
4	16
5	8
6	67
7	62
8	7
9	22
10	40
/

gamma(i)	Duedate
/
0	0
1	67
2	1
3	99
4	85
5	39
6	34
7	41
8	98
9	16
10	12
/

sigma(i)	Size
/
0	0
1	4
2	7
3	5
4	9
5	8
6	5
7	6
8	8
9	1
10	7
/

epsilon(i)	Priority
/
0	0
1	2
2	1
3	9
4	8
5	5
6	8
7	7
8	1
9	1
10	6
/

psi	Vehicle Capacity
/ 26 /
;

Table kappa(i,j)                 Setup
         0        1        2        3        4        5        6        7        8        9        10       
0        0        308      213      301      64       314      47       236      173      194      329      
1        308      0        198      300      246      106      314      204      143      264      270      
2        213      198      0        123      181      134      188      24       170      69       125      
3        301      300      123      0        288      206      263      104      293      107      56       
4        64       246      181      288      0        261      89       205      108      184      305      
5        314      106      134      206      261      0        303      128      188      202      168      
6        47       314      188      263      89       303      0        209      190      157      295      
7        236      204      24       104      205      128      209      0        190      75       101      
8        173      143      170      293      108      188      190      190      0        211      289      
9        194      264      69       107      184      202      157      75       211      0        139      
10       329      270      125      56       305      168      295      101      289      139      0        
;



Table delta(i,j)                 Distance
         0        1        2        3        4        5        6        7        8        9        10       
0        0        99       41       87       101      86       77       58       50       76       106      
1        99       0        107      183      101      21       163      152      110      102      134      
2        41       107      0        80       69       101      55       87       91       115      65       
3        87       183      80       0        140      172      33       72       118      151      118      
4        101      101      69       140      0        109      109      155      147      162      37       
5        86       21       101      172      109      0        155      135      90       81       138      
6        77       163      55       33       109      155      0        85       119      150      85       
7        58       152      87       72       155      135      85       0        54       86       150      
8        50       110      91       118      147      90       119      54       0        33       155      
9        76       102      115      151      162      81       150      86       33       0        176      
10       106      134      65       118      37       138      85       150      155      176      0        
;

