
sets
i        orders          /0*10/
k        routes          /1*10/
p        positions       /0*10/
;

alias(i,j)
alias(i,h)
alias(i,hh)
alias(i,jj)
alias(k,kk)
                
                    Parameters

rho(i)	Processing time
/
0	0
1	50
2	14
3	18
4	74
5	53
6	31
7	61
8	16
9	3
10	73
/

gamma(i)	Duedate
/
0	0
1	6
2	11
3	34
4	39
5	97
6	1
7	88
8	79
9	15
10	78
/

sigma(i)	Size
/
0	0
1	9
2	2
3	7
4	5
5	8
6	3
7	7
8	3
9	8
10	9
/

epsilon(i)	Priority
/
0	0
1	9
2	7
3	6
4	5
5	6
6	5
7	2
8	7
9	7
10	5
/

psi	Vehicle Capacity
/ 34 /
;

Table kappa(i,j)                 Setup
         0        1        2        3        4        5        6        7        8        9        10       
0        0        293      222      284      298      292      374      327      364      17       263      
1        293      0        275      47       210      8        204      318      223      278      361      
2        222      275      0        234      120      267      211      104      186      210      86       
3        284      47       234      0        163      38       161      272      177      267      320      
4        298      210      120      163      0        201      91       111      68       282      191      
5        292      8        267      38       201      0        195      310      214      276      354      
6        374      204      211      161      91       195      0        179      33       357      278      
7        327      318      104      272      111      310      179      0        146      314      117      
8        364      223      186      177      68       214      33       146      0        347      248      
9        17       278      210      267      282      276      357      314      347      0        254      
10       263      361      86       320      191      354      278      117      248      254      0        
;



Table delta(i,j)                 Distance
         0        1        2        3        4        5        6        7        8        9        10       
0        0        51       138      102      49       156      112      62       94       166      113      
1        51       0        115      85       97       110      105      56       57       152      123      
2        138      115      0        198      184      183      219      171      60       263      238      
3        102      85       198      0        114      90       24       40       137      67       60       
4        49       97       184      114      0        188      114      78       143      167      98       
5        156      110      183      90       188      0        111      111      129      116      150      
6        112      105      219      24       114      111      0        52       159      54       39       
7        62       56       171      40       78       111      52       0        114      104      67       
8        94       57       60       137      143      129      159      114      0        202      181      
9        166      152      263      67       167      116      54       104      202      0        76       
10       113      123      238      60       98       150      39       67       181      76       0        
;

