

sets
i        orders          /0*80/
k        routes          /1*80/
p        positions       /0*80/
;

alias(i,j)
alias(i,h)
alias(i,hh)
alias(i,jj)
alias(k,kk)
                            Parameters

rho(i)	Processing time
/
0	0
1	53
2	34
3	80
4	95
5	75
6	40
7	47
8	58
9	69
10	94
11	37
12	2
13	4
14	78
15	22
16	42
17	79
18	9
19	58
20	95
21	14
22	84
23	10
24	10
25	64
26	8
27	21
28	81
29	49
30	90
31	49
32	99
33	15
34	21
35	5
36	5
37	3
38	31
39	65
40	85
41	9
42	35
43	17
44	72
45	41
46	76
47	31
48	62
49	75
50	56
51	23
52	39
53	14
54	43
55	35
56	23
57	54
58	88
59	14
60	66
61	59
62	9
63	50
64	84
65	31
66	50
67	39
68	79
69	58
70	32
71	86
72	70
73	6
74	37
75	13
76	89
77	36
78	80
79	94
80	70
/

gamma(i)	Duedate
/
0	0
1	11
2	89
3	81
4	19
5	68
6	50
7	75
8	60
9	4
10	77
11	20
12	23
13	19
14	78
15	50
16	35
17	55
18	99
19	20
20	5
21	46
22	51
23	66
24	28
25	46
26	4
27	11
28	67
29	10
30	62
31	75
32	33
33	56
34	58
35	73
36	91
37	35
38	37
39	24
40	81
41	97
42	92
43	15
44	95
45	75
46	97
47	53
48	49
49	33
50	94
51	23
52	85
53	96
54	45
55	84
56	90
57	27
58	10
59	43
60	5
61	48
62	28
63	16
64	89
65	99
66	55
67	78
68	39
69	90
70	2
71	64
72	9
73	97
74	44
75	90
76	55
77	69
78	25
79	13
80	58
/

sigma(i)	Size
/
0	0
1	1
2	3
3	5
4	9
5	9
6	1
7	1
8	5
9	8
10	6
11	1
12	4
13	3
14	7
15	9
16	5
17	3
18	8
19	3
20	2
21	8
22	8
23	5
24	7
25	7
26	7
27	9
28	7
29	4
30	3
31	1
32	2
33	1
34	8
35	7
36	6
37	6
38	9
39	6
40	2
41	3
42	9
43	2
44	4
45	7
46	1
47	4
48	6
49	4
50	6
51	6
52	6
53	4
54	7
55	2
56	1
57	8
58	1
59	5
60	4
61	8
62	1
63	7
64	1
65	8
66	1
67	5
68	2
69	9
70	1
71	2
72	9
73	8
74	4
75	5
76	6
77	6
78	7
79	2
80	9
/

epsilon(i)	Priority
/
0	0
1	7
2	2
3	8
4	2
5	2
6	5
7	4
8	3
9	6
10	8
11	5
12	4
13	8
14	1
15	5
16	5
17	6
18	4
19	4
20	6
21	7
22	4
23	2
24	4
25	6
26	8
27	3
28	4
29	1
30	2
31	5
32	6
33	2
34	9
35	4
36	1
37	8
38	4
39	5
40	2
41	2
42	5
43	2
44	7
45	1
46	7
47	9
48	7
49	5
50	2
51	7
52	7
53	7
54	4
55	7
56	7
57	4
58	8
59	8
60	2
61	4
62	5
63	4
64	1
65	2
66	7
67	1
68	3
69	6
70	4
71	8
72	9
73	3
74	8
75	1
76	5
77	6
78	6
79	7
80	7
/

psi	Vehicle Capacity
/ 40 /
;

Table kappa(i,j)                 Setup
         0        1        2        3        4        5        6        7        8        9        10       11       12       13       14       15       16       17       18       19       20       21       22       23       24       25       26       27       28       29       30       31       32       33       34       35       36       37       38       39       40       41       42       43       44       45       46       47       48       49       50       51       52       53       54       55       56       57       58       59       60       61       62       63       64       65       66       67       68       69       70       71       72       73       74       75       76       77       78       79       80       
0        0        468      477      578      318      456      554      332      317      464      602      334      459      280      404      715      577      199      596      183      799      591      580      197      440      207      159      248      104      563      541      563      459      288      409      416      563      431      249      299      113      437      96       341      125      612      700      208      487      387      600      551      588      255      522      476      456      621      626      317      571      519      263      575      477      61       400      558      10       588      600      136      515      343      352      499      301      139      374      377      411      
1        468      0        661      268      241      15       215      207      447      107      271      294      139      425      212      474      319      665      129      426      384      123      116      531      33       270      611      256      404      625      174      462      159      185      378      384      387      291      443      179      451      131      540      483      342      195      457      590      75       82       217      361      273      219      122      562      542      236      714      347      362      135      225      145      29       408      572      627      468      133      228      436      649      126      449      161      386      367      304      167      561      
2        477      661      0        897      684      660      852      675      220      732      910      731      547      253      458      531      497      495      742      647      781      759      719      283      629      471      576      441      557      160      819      337      531      520      297      294      413      395      257      599      368      542      550      183      494      856      526      307      726      618      626      930      556      500      617      131      139      639      171      315      943      601      598      667      647      468      92       150      487      707      880      605      66       596      212      788      743      571      361      494      99       
3        578      268      897      0        260      261      53       248      676      170      27       259      407      646      473      733      584      769      297      449      571      264      307      710      292      441      678      457      482      882      95       730      427      377      634      641      655      554      653      306      611      398      614      714      468      139      716      756      193      282      460      134      531      401      379      812      791      474      971      584      120      396      325      375      295      531      805      883      574      336      75       484      895      300      686      111      343      442      557      419      798      
4        318      241      684      260      0        225      239      33       467      177      284      61       328      431      344      672      511      510      359      204      625      340      352      463      232      213      424      250      222      704      234      600      342      187      468      476      550      418      428      102      361      307      358      504      214      313      655      503      215      174      448      248      484      193      351      623      601      469      787      393      265      359      86       385      265      274      592      703      314      373      288      231      695      148      487      192      145      182      394      285      591      
5        456      15       660      261      225      0        208      192      445      96       266      279      147      421      215      485      329      654      143      411      399      135      131      524      32       260      598      249      391      628      169      468      166      176      380      387      395      295      438      165      441      137      527      481      330      196      468      582      69       69       231      350      285      209      136      563      543      251      717      345      351      148      210      160      43       396      570      630      456      149      224      422      650      113      448      151      371      353      305      166      560      
6        554      215      852      53       239      208      0        222      632      121      58       251      354      602      422      679      530      748      246      438      524      214      256      674      240      403      663      415      461      832      42       677      374      335      584      591      602      503      612      270      578      345      597      669      439      101      663      724      140      234      407      174      478      361      325      764      743      421      921      538      166      342      294      322      241      504      760      834      550      284      51       469      848      257      640      63       343      421      508      369      753      
7        332      207      675      248      33       192      222      0        456      148      270      91       297      421      317      642      481      526      327      232      592      309      320      464      199      205      446      236      240      688      211      576      312      166      448      456      524      394      421      80       364      277      378      494      219      288      625      508      184      142      415      255      453      177      318      608      586      436      772      377      269      327      79       352      232      283      583      687      328      340      269      255      683      118      473      169      179      200      373      258      580      
8        317      447      220      676      467      445      632      456      0        512      690      517      347      39       257      450      354      417      540      460      632      553      518      180      414      254      455      221      371      253      600      267      334      299      134      138      300      216      68       379      205      337      408      37       294      641      439      242      508      399      451      711      398      280      421      166      144      468      327      101      724      407      381      475      436      286      128      249      327      510      661      424      228      375      36       568      540      376      164      283      123      
9        464      107      732      170      177      96       121      148      512      0        179      217      242      484      303      581      425      663      192      381      470      167      190      565      124      293      591      299      382      712      88       561      261      218      464      470      490      384      495      166      473      230      521      549      342      148      564      618      43       113      320      254      380      247      228      643      622      338      801      417      255      242      201      241      136      409      640      713      462      216      150      402      727      140      520      58       315      342      387      249      632      
10       602      271      910      27       284      266      58       270      690      179      0        286      411      660      480      729      583      794      287      475      557      254      300      729      297      459      704      473      506      891      97       734      430      392      643      650      657      561      669      325      632      402      640      727      490      123      713      777      196      293      455      157      529      418      377      823      802      467      980      596      141      395      346      369      297      554      818      892      598      329      58       510      907      315      699      122      371      466      566      428      811      
11       334      294      731      259      61       279      251      91       517      217      286      0        388      480      405      733      572      515      406      189      678      385      402      496      289      263      419      305      232      758      256      660      403      246      525      533      612      479      473      163      393      368      358      554      246      338      716      531      259      233      506      216      544      249      408      676      654      526      840      447      236      417      140      439      320      298      640      757      328      424      302      226      746      209      539      217      97       194      453      346      640      
12       459      139      547      407      328      147      354      297      347      242      411      388      0        333      90       347      187      644      195      472      340      212      172      468      118      252      615      212      424      494      314      323      19       182      253      258      248      159      361      234      408      22       546      378      342      325      330      533      214      157      141      494      157      209      74       437      419      163      583      247      497      63       276      130      114      398      463      497      462      163      365      468      527      180      340      299      467      396      187      83       449      
13       280      425      253      646      431      421      602      421      39       484      660      480      333      0        245      469      362      392      524      420      633      535      502      160      391      217      422      188      332      292      572      294      322      268      149      154      316      217      39       345      170      322      372      74       254      616      457      226      482      371      447      676      400      246      408      205      183      464      366      88       689      395      345      463      416      248      161      289      290      496      634      384      266      345      72       538      501      337      160      263      160      
14       404      212      458      473      344      215      422      317      257      303      480      405      90       245      0        337      181      579      285      451      403      301      262      387      183      208      564      158      389      413      383      263      77       165      167      173      206      82       275      241      338      84       496      288      300      406      320      453      284      197      207      544      184      179      164      351      332      227      502      157      550      150      274      218      193      346      372      415      410      253      439      438      440      201      249      361      471      367      97       59       359      
15       715      474      531      733      672      485      679      642      450      581      729      733      347      469      337      0        161      859      450      787      306      482      433      628      461      540      872      486      719      391      637      196      331      502      319      314      153      285      508      573      624      366      811      455      628      620      17       692      545      505      276      835      201      516      354      401      399      268      457      402      835      339      609      361      445      663      490      399      722      406      676      771      476      524      417      633      806      701      340      390      467      
16       577      319      497      584      511      329      530      481      354      425      583      572      187      362      181      161      0        738      318      632      284      348      298      521      303      389      736      337      569      394      488      185      170      343      221      220      94       149      400      412      496      205      671      371      480      481      144      588      392      344      152      679      67       360      205      368      357      156      478      281      681      188      449      227      290      521      432      400      583      274      532      619      457      363      330      479      645      548      210      231      412      
17       199      665      495      769      510      654      748      526      417      663      794      515      644      392      579      859      738      0        793      335      981      789      776      240      637      399      122      432      287      623      737      684      642      483      540      546      706      588      353      498      241      624      160      426      324      810      846      191      686      585      783      726      760      449      712      544      529      804      663      459      748      707      461      767      673      257      448      616      200      783      796      291      550      542      453      695      460      327      528      561      465      
18       596      129      742      297      359      143      246      327      540      192      287      406      195      524      285      450      318      793      0        553      282      33       23       646      156      394      741      373      534      681      207      493      211      310      447      451      406      350      548      308      572      202      670      573      471      171      435      708      148      212      173      419      256      344      127      630      613      182      770      439      412      144      354      91       119      536      658      685      597      44       231      565      721      256      535      220      503      497      382      261      644      
19       183      426      647      449      204      411      438      232      460      381      475      189      472      420      451      787      632      335      553      0        800      538      542      376      408      248      231      302      90       713      437      669      480      291      516      525      645      505      399      248      279      449      174      491      170      517      770      392      416      346      609      392      624      271      517      626      604      631      784      424      414      520      202      561      445      179      564      709      174      559      488      47       677      306      490      396      125      88       460      403      570      
20       799      384      781      571      625      399      524      592      632      470      557      678      340      633      403      306      284      981      282      800      0        312      280      786      394      592      956      551      762      668      486      456      339      519      502      502      369      416      668      552      741      362      886      652      682      434      299      852      427      456      199      698      233      548      283      651      641      177      745      546      689      282      597      240      360      738      717      675      802      255      499      802      738      494      610      502      771      730      473      422      697      
21       591      123      759      264      340      135      214      309      553      167      254      385      212      535      301      482      348      789      33       538      312      0        49       651      154      393      732      376      524      704      175      519      230      309      466      471      433      370      557      298      573      217      661      587      465      138      466      711      126      204      205      387      286      342      150      650      632      215      793      452      380      168      342      121      121      531      673      707      591      76       197      553      740      248      550      190      482      486      398      271      660      
22       580      116      719      307      352      131      256      320      518      190      300      402      172      502      262      433      298      776      23       542      280      49       0        625      140      377      726      353      520      658      215      471      188      293      424      428      384      327      526      296      553      180      655      550      455      187      417      687      147      198      156      426      236      326      104      607      590      167      747      417      420      122      341      71       102      519      635      662      581      28       244      553      698      242      512      224      497      484      359      239      621      
23       197      531      283      710      463      524      674      464      180      565      729      496      468      160      387      628      521      240      646      376      786      651      625      0        498      272      298      275      289      390      651      447      460      350      309      314      477      373      121      404      103      452      267      186      250      709      617      66       575      462      594      710      555      319      542      308      291      613      441      241      728      532      385      598      529      203      217      384      208      624      714      331      328      426      214      613      485      313      314      388      232      
24       440      33       629      292      232      32       240      199      414      124      297      289      118      391      183      461      303      637      156      408      394      154      140      498      0        239      586      223      381      595      200      438      137      155      348      354      366      263      410      159      419      106      515      450      315      227      444      558      101      61       216      377      263      188      119      531      511      237      685      315      379      129      205      154      37       380      539      597      441      152      257      415      618      103      416      181      378      345      273      135      529      
25       207      270      471      441      213      260      403      205      254      293      459      263      252      217      208      540      389      399      394      248      592      393      377      272      239      0        363      54       180      496      379      423      254      84       275      283      396      256      216      134      182      230      293      291      92       438      524      326      305      194      393      459      390      50       315      413      391      415      577      188      474      311      127      368      274      146      379      494      210      383      442      230      482      155      275      341      296      161      213      171      377      
26       159      611      576      678      424      598      663      446      455      591      704      419      615      422      564      872      736      122      741      231      956      732      726      298      586      363      0        407      208      688      658      714      617      439      561      568      720      590      387      434      253      594      71       473      274      735      858      271      620      529      757      622      748      408      676      603      585      779      739      471      645      674      392      728      624      218      515      682      154      737      713      194      625      485      492      615      351      248      532      534      530      
27       248      256      441      457      250      249      415      236      221      299      473      305      212      188      158      486      337      432      373      302      551      376      353      275      223      54       407      0        233      453      387      370      211      80       224      232      342      202      196      158      199      192      339      259      143      438      470      335      303      189      352      490      342      58       281      373      350      374      537      142      502      274      165      336      255      188      349      452      252      356      449      284      447      158      237      352      347      215      159      129      345      
28       104      404      557      482      222      391      461      240      371      382      506      232      424      332      389      719      569      287      534      90       762      524      520      289      381      180      208      233      0        624      452      590      429      242      436      444      573      434      309      226      190      402      138      402      91       528      704      310      411      322      565      447      569      216      479      537      515      588      694      343      468      479      183      528      419      88       474      620      97       533      509      54       587      278      402      410      198      40       385      348      480      
29       563      625      160      882      704      628      832      688      253      712      891      758      494      292      413      391      394      623      681      713      668      704      658      390      595      496      688      453      624      0        795      212      475      522      248      241      301      335      316      607      450      495      649      223      546      818      390      432      696      600      539      937      459      511      554      87       108      547      89       311      947      536      618      597      605      538      175      9        574      641      852      676      94       589      223      770      789      629      324      463      158      
30       541      174      819      95       234      169      42       211      600      88       97       256      314      572      383      637      488      737      207      437      486      175      215      651      200      379      658      387      452      795      0        637      333      306      547      554      561      464      583      248      557      305      590      637      422      82       621      703      99       201      365      212      436      334      283      728      707      379      884      504      205      300      278      280      200      488      728      797      538      243      62       465      813      228      607      42       351      411      471      332      719      
31       563      462      337      730      600      468      677      576      267      561      734      660      323      294      263      196      185      684      493      669      456      519      471      447      438      423      714      370      590      212      637      0        303      414      155      147      91       182      332      497      460      331      659      265      500      645      190      508      537      460      337      807      253      416      369      206      203      342      293      248      812      351      522      403      437      519      293      219      572      450      688      643      286      462      232      619      715      581      210      322      270      
32       459      159      531      427      342      166      374      312      334      261      430      403      19       322      77       331      170      642      211      480      339      230      188      460      137      254      617      211      429      475      333      303      0        189      236      241      229      140      351      246      404      35       548      364      345      344      314      525      234      174      140      513      145      213      87       420      402      162      564      234      516      73       286      141      134      399      447      478      463      177      385      475      510      194      325      318      480      402      172      82       433      
33       288      185      520      377      187      176      335      166      299      218      392      246      182      268      165      502      343      483      310      291      519      309      293      350      155      84       439      80       242      522      306      414      189      0        281      289      369      233      277      86       265      159      368      337      165      359      485      407      224      112      323      416      332      33       237      444      422      345      607      212      427      236      109      288      190      227      428      522      290      300      369      286      523      78       312      271      306      213      207      112      422      
34       409      378      297      634      468      380      584      448      134      464      643      525      253      149      167      319      221      540      447      516      502      466      424      309      348      275      561      224      436      248      547      155      236      281      0        8        167      98       188      367      308      251      505      150      347      573      307      374      449      352      332      693      269      276      321      184      165      346      337      93       702      304      385      370      360      364      219      249      417      411      605      490      274      343      108      522      571      428      77       215      202      
35       416      384      294      641      476      387      591      456      138      470      650      533      258      154      173      314      220      546      451      525      502      471      428      314      354      283      568      232      444      241      554      147      241      289      8        0        162      101      194      375      315      257      512      151      355      579      302      379      455      359      334      700      269      284      325      179      161      347      330      101      709      308      393      374      366      372      217      243      425      415      611      498      269      351      110      529      579      437      84       222      200      
36       563      387      413      655      550      395      602      524      300      490      657      612      248      316      206      153      94       706      406      645      369      433      384      477      366      396      720      342      573      301      561      91       229      369      167      162      0        139      355      448      470      261      659      309      482      563      140      541      462      397      245      741      161      379      285      282      274      250      384      248      745      267      479      315      361      512      357      307      571      362      609      625      368      406      269      547      676      558      189      265      335      
37       431      291      395      554      418      295      503      394      216      384      561      479      159      217      82       285      149      588      350      505      416      370      327      373      263      256      590      202      434      335      464      182      140      233      98       101      139      0        253      315      347      160      526      240      343      483      270      440      365      279      236      625      182      240      223      279      262      252      424      132      632      207      343      272      270      377      316      338      438      313      519      486      370      280      198      443      538      418      60       139      299      
38       249      443      257      653      428      438      612      421      68       495      669      473      361      39       275      508      400      353      548      399      668      557      526      121      410      216      387      196      309      316      583      332      351      277      188      194      355      253      0        348      137      347      339      93       238      632      496      188      497      384      479      676      435      251      435      228      207      497      385      122      690      424      343      491      436      223      168      311      259      522      646      361      279      355      104      548      487      318      195      287      171      
39       299      179      599      306      102      165      270      80       379      166      325      163      234      345      241      573      412      498      308      248      552      298      296      404      159      134      434      158      226      607      248      497      246      86       367      375      448      315      348      0        309      212      364      417      176      314      556      454      187      98       364      332      391      99       270      529      507      386      692      297      344      274      46       312      196      243      507      607      298      311      310      257      605      57       395      209      234      188      293      183      503      
40       113      451      368      611      361      441      578      364      205      473      632      393      408      170      338      624      496      241      572      279      741      573      553      103      419      182      253      199      190      450      557      460      404      265      308      315      470      347      137      309      0        389      202      228      147      620      610      145      487      376      544      607      519      232      479      363      343      564      513      221      625      472      285      535      453      102      289      445      123      556      619      236      403      337      241      518      383      210      287      326      298      
41       437      131      542      398      307      137      345      277      337      230      402      368      22       322      84       366      205      624      202      449      362      217      180      452      106      230      594      192      402      495      305      331      35       159      251      257      261      160      347      212      389      0        523      370      320      322      349      516      206      139      163      480      178      186      90       436      417      186      585      236      484      82       253      146      109      376      456      498      441      174      359      445      525      159      333      288      446      373      181      64       443      
42       96       540      550      614      358      527      597      378      408      521      640      358      546      372      496      811      671      160      670      174      886      661      655      267      515      293      71       339      138      649      590      659      548      368      505      512      659      526      339      364      202      523      0        430      203      666      796      256      549      458      687      566      681      338      606      563      544      709      707      413      588      604      321      657      552      150      481      644      88       666      646      132      594      414      443      548      299      179      470      465      493      
43       341      483      183      714      504      481      669      494      37       549      727      554      378      74       288      455      371      426      573      491      652      587      550      186      450      291      473      259      402      223      637      265      364      337      150      151      309      240      93       417      228      370      430      0        327      677      445      243      545      436      477      748      419      317      451      135      114      492      293      135      761      437      418      505      471      316      90       218      351      541      698      454      192      413      41       605      575      409      193      317      86       
44       125      342      494      468      214      330      439      219      294      342      490      246      342      254      300      628      480      324      471      170      682      465      455      250      315      92       274      143      91       546      422      500      345      165      347      355      482      343      238      176      147      320      203      327      0        490      613      289      363      261      484      460      482      134      402      460      437      506      621      254      478      400      144      454      352      67       406      543      126      464      483      144      517      218      322      381      248      83       294      263      410      
45       612      195      856      139      313      196      101      288      641      148      123      338      325      616      406      620      481      810      171      517      434      138      187      709      227      438      735      438      528      818      82       645      344      359      573      579      563      483      632      314      620      322      666      677      490      0        604      764      134      248      343      272      422      390      277      757      737      353      908      542      260      295      349      258      213      557      767      821      610      214      65       543      845      283      644      121      433      487      500      362      757      
46       700      457      526      716      655      468      663      625      439      564      713      716      330      457      320      17       144      846      435      770      299      466      417      617      444      524      858      470      704      390      621      190      314      485      307      302      140      270      496      556      610      349      796      445      613      604      0        681      529      488      261      818      185      499      338      396      393      253      458      389      818      322      592      346      428      648      482      398      708      390      660      755      472      507      407      616      789      685      326      374      460      
47       208      590      307      756      503      582      724      508      242      618      777      531      533      226      453      692      588      191      708      392      852      711      687      66       558      326      271      335      310      432      703      508      525      407      374      379      541      440      188      454      145      516      256      243      289      764      681      0        631      519      660      747      622      375      606      354      340      679      474      308      766      597      430      662      590      232      256      425      218      688      765      345      360      481      276      663      509      340      381      452      275      
48       487      75       726      193      215      69       140      184      508      43       196      259      214      482      284      545      392      686      148      416      427      126      147      575      101      305      620      303      411      696      99       537      234      224      449      455      462      365      497      187      487      206      549      545      363      134      529      631      0        113      280      291      344      256      191      631      610      297      786      410      289      206      228      200      102      430      635      698      486      173      156      434      717      150      513      87       356      371      373      234      626      
49       387      82       618      282      174      69       234      142      399      113      293      233      157      371      197      505      344      585      212      346      456      204      198      462      61       194      529      189      322      600      201      460      174      112      352      359      397      279      384      98       376      139      458      436      261      248      488      519      113      0        274      347      312      144      177      530      509      295      689      303      353      184      144      215      98       327      526      601      387      212      262      355      613      43       406      171      319      285      275      140      518      
