

sets
i        orders          /0*80/
k        routes          /1*80/
p        positions       /0*80/
;

alias(i,j)
alias(i,h)
alias(i,hh)
alias(i,jj)
alias(k,kk)
                            Parameters

rho(i)	Processing time
/
0	0
1	3
2	64
3	56
4	41
5	39
6	51
7	65
8	11
9	24
10	46
11	93
12	14
13	69
14	5
15	48
16	40
17	8
18	29
19	39
20	31
21	34
22	97
23	62
24	5
25	40
26	88
27	60
28	55
29	25
30	82
31	84
32	16
33	64
34	10
35	99
36	10
37	60
38	88
39	31
40	16
41	11
42	85
43	8
44	15
45	38
46	46
47	89
48	3
49	24
50	82
51	56
52	8
53	77
54	27
55	27
56	95
57	56
58	36
59	4
60	58
61	44
62	65
63	85
64	47
65	51
66	26
67	28
68	69
69	47
70	12
71	25
72	70
73	15
74	20
75	77
76	16
77	47
78	81
79	69
80	32
/

gamma(i)	Duedate
/
0	0
1	85
2	96
3	60
4	62
5	69
6	46
7	7
8	65
9	48
10	38
11	5
12	17
13	60
14	57
15	14
16	43
17	52
18	59
19	94
20	45
21	50
22	12
23	54
24	97
25	56
26	53
27	70
28	23
29	23
30	62
31	86
32	23
33	39
34	17
35	28
36	78
37	98
38	42
39	87
40	75
41	42
42	59
43	74
44	1
45	40
46	45
47	16
48	48
49	65
50	83
51	19
52	67
53	44
54	90
55	67
56	17
57	54
58	38
59	96
60	24
61	82
62	90
63	15
64	19
65	40
66	56
67	99
68	84
69	80
70	70
71	25
72	65
73	21
74	71
75	35
76	46
77	41
78	13
79	96
80	42
/

sigma(i)	Size
/
0	0
1	9
2	2
3	1
4	4
5	1
6	6
7	1
8	5
9	1
10	5
11	1
12	7
13	1
14	5
15	5
16	4
17	6
18	5
19	9
20	1
21	8
22	4
23	3
24	1
25	4
26	7
27	7
28	5
29	5
30	9
31	5
32	2
33	6
34	6
35	3
36	3
37	3
38	7
39	2
40	6
41	7
42	5
43	6
44	3
45	7
46	1
47	7
48	1
49	6
50	6
51	2
52	3
53	6
54	9
55	6
56	9
57	6
58	1
59	6
60	2
61	6
62	4
63	9
64	9
65	9
66	7
67	4
68	8
69	2
70	6
71	5
72	8
73	9
74	2
75	9
76	7
77	7
78	1
79	4
80	9
/

epsilon(i)	Priority
/
0	0
1	2
2	7
3	8
4	3
5	1
6	2
7	4
8	1
9	6
10	2
11	7
12	4
13	8
14	6
15	8
16	6
17	2
18	8
19	2
20	9
21	3
22	8
23	6
24	6
25	6
26	1
27	7
28	1
29	4
30	6
31	2
32	3
33	4
34	8
35	3
36	4
37	1
38	2
39	8
40	2
41	6
42	8
43	6
44	4
45	2
46	3
47	5
48	5
49	1
50	9
51	8
52	5
53	1
54	4
55	8
56	1
57	2
58	7
59	5
60	7
61	7
62	2
63	8
64	7
65	4
66	6
67	1
68	1
69	4
70	5
71	9
72	9
73	8
74	2
75	5
76	2
77	8
78	5
79	4
80	9
/

psi	Vehicle Capacity
/ 39 /
;

Table kappa(i,j)                 Setup
         0        1        2        3        4        5        6        7        8        9        10       11       12       13       14       15       16       17       18       19       20       21       22       23       24       25       26       27       28       29       30       31       32       33       34       35       36       37       38       39       40       41       42       43       44       45       46       47       48       49       50       51       52       53       54       55       56       57       58       59       60       61       62       63       64       65       66       67       68       69       70       71       72       73       74       75       76       77       78       79       80       
0        0        563      435      573      143      385      298      276      409      164      353      426      145      428      186      503      400      213      552      353      297      506      452      60       212      267      399      444      386      257      357      393      293      390      411      409      197      265      508      160      278      244      578      249      381      76       142      127      119      295      225      406      263      263      56       179      415      294      334      565      315      451      89       516      293      588      579      543      457      471      216      522      468      285      428      113      475      98       400      325      237      
1        563      0        167      805      705      946      275      322      582      416      497      265      424      826      532      334      754      748      598      633      266      740      139      603      471      824      226      151      937      539      329      548      690      882      654      153      743      460      344      491      367      800      617      812      930      504      659      640      502      753      399      368      680      636      612      529      191      624      897      109      302      153      636      593      856      660      723      126      960      186      643      686      365      302      355      606      787      471      688      567      792      
2        435      167      0        792      579      820      138      167      565      275      474      289      289      765      453      390      702      600      623      466      167      722      28       466      310      702      229      177      820      481      162      532      619      791      626      92       599      409      400      336      203      679      647      679      815      389      511      532      355      593      242      378      603      567      478      448      25       458      763      240      259      16       497      608      724      684      730      239      867      241      560      684      402      234      375      501      750      338      521      527      651      
3        573      805      792      0        564      639      692      722      227      656      318      540      628      239      402      494      198      717      247      925      634      71       788      621      756      562      583      658      578      340      825      261      294      401      173      708      689      392      487      711      765      552      246      634      566      532      692      470      673      843      726      436      326      311      604      410      788      868      672      725      532      800      631      230      647      205      117      697      449      620      364      123      450      561      451      466      122      612      973      276      686      
4        143      705      579      564      0        241      441      418      452      306      421      547      289      370      252      611      370      152      604      417      438      506      596      126      331      125      529      580      244      311      492      445      270      284      427      552      124      351      614      281      414      103      628      114      241      203      151      109      244      284      361      508      239      267      108      247      558      356      196      700      442      595      107      566      155      628      599      677      339      601      208      544      570      418      532      135      450      241      450      367      132      
5        385      946      820      639      241      0        683      658      608      546      607      773      530      401      457      823      447      274      757      584      679      602      837      358      555      124      762      818      66       499      725      613      389      244      556      793      256      559      824      508      648      147      777      149      77       442      342      316      477      395      596      719      369      417      344      455      799      529      84       937      673      836      330      718      108      764      711      912      235      833      369      664      777      654      743      350      517      482      598      534      204      
6        298      275      138      692      441      683      0        60       470      142      379      259      153      639      325      366      581      473      555      394      66       620      154      332      207      565      201      196      682      363      143      438      492      656      520      126      469      300      375      218      120      542      581      544      677      252      384      395      227      484      132      318      473      441      342      320      119      370      628      306      179      153      364      532      588      612      645      293      731      251      428      594      360      137      324      364      636      201      453      417      519      
7        276      322      167      722      418      658      60       0        505      112      417      317      132      650      339      423      598      432      600      334      121      650      190      301      151      543      260      256      662      386      103      475      503      652      549      180      432      331      432      169      61       521      627      514      658      244      343      386      187      432      77       369      481      455      314      333      144      312      598      363      229      184      331      576      559      655      683      351      725      311      434      630      415      185      378      358      657      178      393      446      484      
8        409      582      565      227      452      608      470      505      0        453      91       318      427      292      223      292      211      595      152      746      410      159      561      466      560      500      357      433      562      152      607      34       220      418      81       481      570      176      287      522      553      482      175      550      550      350      547      343      488      702      519      215      239      193      454      230      562      693      612      508      306      573      486      113      578      179      179      480      491      399      249      125      243      336      234      324      214      421      798      86       584      
9        164      416      275      656      306      546      142      112      453      0        372      343      27       557      256      441      512      331      570      309      165      584      294      191      111      431      298      320      550      315      197      426      411      546      483      265      327      278      448      91       121      409      597      404      546      142      242      279      87       354      72       364      386      367      203      249      253      268      488      438      235      291      222      540      449      619      633      420      616      363      338      577      420      191      379      253      578      67       367      381      377      
10       353      497      474      318      421      607      379      417      91       372      0        237      348      346      172      234      268      553      201      673      318      249      470      412      482      490      271      346      569      111      518      58       238      447      157      391      530      94       232      447      467      470      228      529      558      285      495      313      417      649      436      140      246      194      403      178      470      623      599      430      214      482      436      168      561      246      266      401      525      319      238      214      184      245      163      287      291      348      728      83       552      
11       426      265      289      540      547      773      259      317      318      343      237      0        332      579      319      107      503      637      340      643      196      476      275      482      445      648      61       123      749      302      396      285      454      659      393      197      624      225      116      434      378      626      362      661      740      351      557      456      423      691      375      103      452      402      482      320      296      609      742      193      112      291      513      330      701      402      459      164      739      81       425      421      112      152      91       422      528      364      702      314      662      
12       145      424      289      628      289      530      153      132      427      27       348      332      0        529      228      427      484      326      546      329      165      557      307      179      134      413      291      320      531      288      222      401      383      521      455      271      319      253      434      106      148      390      573      390      527      115      238      254      91       360      100      347      359      339      189      221      269      285      475      439      222      305      211      516      435      594      606      420      593      358      311      551      404      180      363      227      550      48       386      354      368      
13       428      826      765      239      370      401      639      650      292      557      346      579      529      0        313      578      80       518      410      773      597      214      769      459      636      336      602      676      339      288      750      316      147      161      214      697      489      366      575      585      677      331      422      415      327      415      515      303      544      654      628      487      170      197      440      319      753      712      441      772      525      776      459      376      421      397      326      744      215      659      219      291      528      535      510      315      120      497      813      265      475      
14       186      532      453      402      252      457      325      339      223      256      172      319      228      313      0        365      258      380      367      528      286      332      459      244      353      335      319      386      430      70       441      207      167      350      232      391      358      101      367      309      372      313      392      362      421      131      325      146      272      480      328      261      150      116      232      7        440      473      437      497      232      465      265      330      398      402      395      470      429      387      111      338      321      230      286      117      321      209      579      139      381      
15       503      334      390      494      611      823      366      423      292      441      234      107      427      578      365      0        498      716      267      745      302      438      372      562      546      701      167      215      792      328      502      264      472      681      373      298      699      264      10       532      484      679      285      724      782      427      641      511      516      781      478      104      477      424      559      368      399      709      802      238      205      389      592      268      762      329      398      212      759      155      459      371      50       250      79       479      507      453      804      318      733      
16       400      754      702      198      370      447      581      598      211      512      268      503      484      80       258      498      0        522      334      752      535      154      704      440      600      364      528      603      390      221      699      235      107      222      134      630      493      296      494      551      630      354      348      436      378      374      506      284      511      652      584      409      138      144      422      265      692      692      475      696      455      713      446      299      449      326      264      667      287      584      184      221      448      469      431      287      79       457      796      188      488      
17       213      748      600      717      152      274      473      432      595      331      553      637      326      518      380      716      522      0        745      311      491      658      622      155      302      212      607      644      312      447      478      584      422      413      576      596      29       472      721      265      406      203      769      134      314      289      89       254      246      138      359      619      391      416      157      374      576      254      194      765      526      617      124      707      167      773      748      745      451      678      358      693      681      493      641      270      602      282      329      508      69       
18       552      598      623      247      604      757      555      600      152      570      201      340      546      410      367      267      334      745      0        874      489      213      612      611      680      651      396      463      708      298      698      160      368      554      205      532      720      296      258      648      655      634      26       703      697      486      692      495      618      847      629      244      390      345      599      374      625      824      764      505      376      627      632      39       730      62       137      479      622      413      401      130      232      417      249      475      304      549      929      237      736      
19       353      633      466      925      417      584      394      334      746      309      673      643      329      773      528      745      752      311      874      0        449      857      494      313      199      515      590      590      622      596      305      723      645      701      759      510      333      578      754      225      276      502      900      444      624      397      266      471      257      203      268      674      614      616      333      520      442      61       502      693      541      481      315      842      478      919      922      683      751      645      568      865      728      495      688      464      828      325      58       665      380      
20       297      266      167      634      438      679      66       121      410      165      318      196      165      597      286      302      535      491      489      449      0        563      173      341      254      557      141      155      672      314      209      377      452      629      464      113      484      245      311      253      182      534      515      547      665      238      404      377      252      519      181      251      437      400      348      282      157      419      631      274      113      179      374      468      591      547      582      255      706      200      394      533      294      74       258      344      585      209      508      363      530      
21       506      740      722      71       506      602      620      650      159      584      249      476      557      214      332      438      154      658      213      857      563      0        719      555      685      515      517      592      544      269      754      193      236      373      101      640      630      320      432      641      693      503      218      583      532      462      629      407      604      781      654      373      267      246      539      339      718      800      627      664      463      730      567      186      600      186      112      636      430      557      302      83       392      490      389      401      97       541      906      204      631      
22       452      139      28       788      596      837      154      190      561      294      470      275      307      769      459      372      704      622      612      494      173      719      0        485      335      718      216      158      836      483      190      527      625      801      624      80       620      410      383      359      229      695      635      698      830      403      533      545      376      618      266      368      610      572      496      455      52       485      782      213      256      17       517      598      742      673      722      213      878      221      568      678      387      235      363      513      750      355      549      526      671      
23       60       603      466      621      126      358      332      301      466      191      412      482      179      459      244      562      440      155      611      313      341      555      485      0        205      249      452      492      369      314      368      451      333      401      463      450      143      325      567      154      290      228      636      213      366      135      82       157      119      236      238      466      302      310      20       237      444      253      297      613      370      482      33       574      258      646      633      592      461      523      258      576      527      337      487      154      518      132      355      381      189      
24       212      471      310      756      331      555      207      151      560      111      482      445      134      636      353      546      600      302      680      199      254      685      335      205      0        453      394      403      572      417      176      535      495      601      584      331      309      387      554      52       107      433      707      406      570      226      218      339      93       282      75       474      467      456      224      346      286      165      485      513      341      327      227      650      449      729      739      500      664      453      418      683      528      296      488      321      670      144      258      485      363      
25       267      824      702      562      125      124      565      543      500      431      490      648      413      336      335      701      364      212      651      515      557      515      718      249      453      0        637      694      119      380      617      501      287      206      456      671      185      437      702      404      539      23       672      84       116      319      253      192      368      349      486      597      262      307      232      332      682      456      113      813      549      718      225      612      85       664      620      788      238      709      253      569      656      530      621      226      440      365      539      421      151      
26       399      226      229      583      529      762      201      260      357      298      271      61       291      602      319      167      528      607      396      590      141      517      216      452      394      637      0        75       743      316      335      323      469      668      428      137      596      237      177      389      321      614      419      642      735      328      524      446      382      651      322      152      462      415      455      318      235      559      725      178      88       231      485      383      684      457      509      151      747      72       430      468      173      114      146      412      561      327      649      340      637      
27       444      151      177      658      580      818      196      256      433      320      346      123      320      676      386      215      603      644      463      590      155      592      158      492      403      694      75       0        803      389      310      399      541      737      504      89       636      310      225      407      314      671      485      692      796      377      558      505      407      674      328      224      533      487      497      385      189      567      776      120      154      175      525      453      735      525      581      100      816      64       498      542      233      163      214      471      637      362      648      416      681      
28       386      937      820      578      244      66       682      662      562      550      569      749      531      339      430      792      390      312      708      622      672      544      836      369      572      119      743      803      0        464      737      570      341      180      505      786      289      529      792      523      659      141      727      178      12       434      367      298      488      441      606      688      325      376      352      429      800      564      138      920      655      836      344      670      147      712      655      895      169      814      333      610      745      640      713      332      456      484      640      493      243      
29       257      539      481      340      311      499      363      386      152      315      111      302      288      288      70       328      221      447      298      596      314      269      483      314      417      380      316      389      464      0        489      137      153      357      167      409      423      78       329      375      426      360      323      418      453      199      395      202      339      550      385      226      150      100      302      78       471      542      488      491      237      491      334      261      450      331      326      463      437      378      131      268      281      248      251      178      272      275      648      69       443      
30       357      329      162      825      492      725      143      103      607      197      518      396      222      750      441      502      699      478      698      305      209      754      190      368      176      617      335      310      737      489      0        576      603      743      652      222      484      434      512      217      78       596      724      578      734      338      393      476      249      448      132      461      580      556      385      434      138      302      659      397      322      176      395      675      622      754      784      392      813      372      532      732      501      280      466      450      760      263      359      549      538      
31       393      548      532      261      445      613      438      475      34       426      58       285      401      316      207      264      235      584      160      723      377      193      527      451      535      501      323      399      570      137      576      0        229      433      110      447      560      148      260      498      524      483      185      548      559      330      532      336      465      687      491      183      245      195      439      214      528      671      613      476      272      539      472      123      577      197      208      447      508      366      248      156      214      303      202      314      245      398      776      80       577      
32       293      690      619      294      270      389      492      503      220      411      238      454      383      147      167      472      107      422      368      645      452      236      625      333      495      287      469      541      341      153      603      229      0        209      168      555      394      231      470      445      531      272      388      349      330      271      400      177      405      549      483      372      31       53       315      172      607      585      400      644      387      632      339      329      369      377      334      616      287      531      77       282      422      393      397      180      185      354      689      156      395      
33       390      882      791      401      284      244      656      652      418      546      447      659      521      161      350      681      222      413      554      701      629      373      801      401      601      206      668      737      180      357      743      433      209      0        350      739      384      434      679      549      665      210      569      290      168      408      435      267      508      551      613      581      207      257      381      352      776      640      295      845      582      805      389      517      283      549      485      818      79       733      238      444      631      580      605      294      281      480      732      364      356      
34       411      654      626      173      427      556      520      549      81       483      157      393      455      214      232      373      134      576      205      759      464      101      624      463      584      456      428      504      505      167      652      110      168      350      0        545      550      220      368      541      591      441      222      515      493      363      540      323      504      694      552      293      195      160      448      240      620      703      569      585      368      635      478      167      538      209      172      557      419      475      219      116      323      392      313      312      135      441      809      103      557      
35       409      153      92       708      552      793      126      180      481      265      391      197      271      697      391      298      630      596      532      510      113      640      80       450      331      671      137      89       786      409      222      447      555      739      545      0        591      334      309      344      235      648      556      659      779      352      508      490      352      610      257      287      542      502      459      388      100      492      744      183      177      94       483      518      703      593      642      172      817      154      502      597      310      162      283      457      673      318      568      449      639      
36       197      743      599      689      124      256      469      432      570      327      530      624      319      489      358      699      493      29       720      333      484      630      620      143      309      185      596      636      289      423      484      560      394      384      550      591      0        451      704      268      410      175      745      111      291      273      91       227      244      167      361      601      363      389      141      352      576      275      179      756      513      616      111      682      148      748      722      735      424      667      331      666      663      481      623      245      573      274      354      484      54       
37       265      460      409      392      351      559      300      331      176      278      94       225      253      366      101      264      296      472      296      578      245      320      410      325      387      437      237      310      529      78       434      148      231      434      220      334      451      0        265      352      377      415      322      463      520      194      408      247      322      560      343      160      227      178      317      105      402      528      539      412      159      419      351      263      499      341      355      384      513      300      200      301      219      175      184      217      340      253      633      118      479      
38       508      344      400      487      614      824      375      432      287      448      232      116      434      575      367      10       494      721      258      754      311      432      383      567      554      702      177      225      792      329      512      260      470      679      368      309      704      265      0        539      493      681      276      727      782      432      646      513      523      788      486      106      476      424      564      370      409      717      804      247      213      399      597      260      764      320      390      221      757      165      460      364      48       258      81       481      502      459      812      316      737      
39       160      491      336      711      281      508      218      169      522      91       447      434      106      585      309      532      551      265      648      225      253      641      359      154      52       404      389      407      523      375      217      498      445      549      541      344      268      352      539      0        142      383      675      360      520      179      177      287      41       266      94       453      417      409      173      302      312      179      441      522      326      353      179      616      404      694      700      506      613      453      369      643      510      283      469      270      623      100      281      444      321      
40       278      367      203      765      414      648      120      61       553      121      467      378      148      677      372      484      630      406      655      276      182      693      229      290      107      539      321      314      659      426      78       524      531      665      591      235      410      377      493      142      0        517      682      501      655      263      319      398      171      389      53       428      507      486      306      366      178      258      583      418      288      220      318      629      545      709      732      407      735      371      459      678      475      243      437      373      694      185      334      489      463      
41       244      800      679      552      103      147      542      521      482      409      470      626      390      331      313      679      354      203      634      502      534      503      695      228      433      23       614      671      141      360      596      483      272      210      441      648      175      415      681      383      517      0        656      84       137      296      238      169      347      341      464      575      246      289      211      310      659      442      130      789      526      695      206      595      97       649      606      764      249      686      235      555      634      507      599      203      431      343      528      403      147      
42       578      617      647      246      628      777      581      627      175      597      228      362      573      422      392      285      348      769      26       900      515      218      635      636      707      672      419      485      727      323      724      185      388      569      222      556      745      322      276      675      682      656      0        726      715      513      718      519      645      873      656      269      410      367      625      399      650      851      786      523      402      651      658      62       752      45       130      497      636      433      424      135      253      443      272      499      313      576      956      261      760      
43       249      812      679      634      114      149      544      514      550      404      529      661      390      415      362      724      436      134      703      444      547      583      698      213      406      84       642      692      178      418      578      548      349      290      515      659      111      463      727      360      501      84       726      0        180      315      193      216      330      268      450      621      321      359      201      358      657      386      84       812      555      695      183      664      44       722      684      789      320      714      302      631      682      530      645      246      514      342      463      468      68       
44       381      930      815      566      241      77       677      658      550      546      558      740      527      327      421      782      378      314      697      624      665      532      830      366      570      116      735      796      12       453      734      559      330      168      493      779      291      520      782      520      655      137      715      180      0        427      367      290      485      445      602      678      314      365      349      420      795      565      145      912      646      830      342      658      151      700      643      887      159      806      322      598      735      632      703      324      444      479      643      482      246      
45       76       504      389      532      203      442      252      244      350      142      285      351      115      415      131      427      374      289      486      397      238      462      403      135      226      319      328      377      434      199      338      330      271      408      363      352      273      194      432      179      263      296      513      315      427      0        216      143      141      366      213      330      245      230      132      123      371      343      399      497      242      404      165      452      357      527      525      474      481      399      196      468      392      215      352      113      444      82       449      268      311      
46       142      659      511      692      151      342      384      343      547      242      495      557      238      515      325      641      506      89       692      266      404      629      533      82       218      253      524      558      367      395      393      532      400      435      540      508      91       408      646      177      319      238      718      193      367      216      0        222      157      155      271      546      368      383      93       318      488      205      268      678      445      528      62       656      234      726      711      658      485      594      328      654      608      410      567      228      585      197      299      461      145      
47       127      640      532      470      109      316      395      386      343      279      313      456      254      303      146      511      284      254      495      471      377      407      545      157      339      192      446      505      298      202      476      336      177      267      323      490      227      247      513      287      398      169      519      216      290      143      222      0        246      374      346      407      146      163      138      142      515      410      291      622      357      547      162      456      252      520      495      597      338      517      105      439      467      341      431      34       362      212      513      258      241      
48       119      502      355      673      244      477      227      187      488      87       417      423      91       544      272      516      511      246      618      257      252      604      376      119      93       368      382      407      488      339      249      465      405      508      504      352      244      322      523      41       171      347      645      330      485      141      157      246      0        269      119      432      376      369      136      264      331      206      413      526      312      371      147      585      374      662      665      508      573      448      328      608      491      271      450      229      583      68       311      409      296      
49       295      753      593      843      284      395      484      432      702      354      649      691      360      654      480      781      652      138      847      203      519      781      618      236      282      349      651      674      441      550      448      687      549      551      694      610      167      560      788      266      389      341      873      268      445      366      155      374      269      0        354      692      517      536      248      473      568      162      311      789      580      609      216      811      293      882      865      773      587      717      479      809      752      540      711      382      732      328      205      616      200      
