

sets
i        orders          /0*20/
k        routes          /1*20/
p        positions       /0*20/
;

alias(i,j)
alias(i,h)
alias(i,hh)
alias(i,jj)
alias(k,kk)
                            Parameters

rho(i)	Processing time
/
0	0
1	87
2	88
3	12
4	71
5	98
6	73
7	88
8	23
9	26
10	24
11	88
12	91
13	91
14	81
15	49
16	8
17	63
18	7
19	1
20	93
/

gamma(i)	Duedate
/
0	0
1	77
2	99
3	97
4	13
5	47
6	33
7	14
8	1
9	62
10	90
11	1
12	36
13	58
14	44
15	86
16	15
17	14
18	93
19	56
20	75
/

sigma(i)	Size
/
0	0
1	9
2	7
3	9
4	7
5	6
6	8
7	8
8	5
9	2
10	6
11	2
12	9
13	6
14	9
15	6
16	9
17	1
18	4
19	1
20	8
/

epsilon(i)	Priority
/
0	0
1	7
2	4
3	3
4	5
5	3
6	3
7	9
8	4
9	7
10	6
11	9
12	5
13	4
14	7
15	3
16	9
17	8
18	8
19	4
20	1
/

psi	Vehicle Capacity
/ 176 /
;

Table kappa(i,j)                 Setup
         0        1        2        3        4        5        6        7        8        9        10       11       12       13       14       15       16       17       18       19       20       
0        0        277      625      430      391      1067     145      508      573      223      1039     721      288      604      1072     852      468      607      664      538      812      
1        277      0        371      324      243      799      403      429      389      458      777      654      432      558      803      574      413      347      457      276      568      
2        625      371      0        604      521      620      763      702      202      743      633      895      801      832      620      318      427      354      558      328      198      
3        430      324      604      0        85       762      462      106      691      654      714      330      333      237      770      657      736      343      275      311      795      
4        391      243      521      85       0        732      450      191      605      613      691      411      358      323      739      597      657      289      276      244      714      
5        1067     799      620      762      732      0        1165     794      823      1256     72       846      1090     866      10       308      1041     461      500      528      634      
6        145      403      763      462      450      1165     0        514      719      258      1131     703      206      584      1171     971      604      704      725      640      954      
7        508      429      702      106      191      794      514      0        797      729      739      226      350      131      802      727      841      414      293      395      890      
8        573      389      202      691      605      823      719      797      0        632      836      1010     807      928      822      518      242      520      714      475      287      
9        223      458      743      654      613      1256     258      729      632      0        1235     937      463      819      1260     1013     446      804      882      733      907      
10       1039     777      633      714      691      72       1131     739      836      1235     0        780      1045     805      82       334      1045     432      445      502      668      
11       721      654      895      330      411      846      703      226      1010     937      780      0        510      119      856      857      1067     568      384      571      1072     
12       288      432      801      333      358      1090     206      350      807      463      1045     510      0        392      1097     945      746      646      609      593      999      
13       604      558      832      237      323      866      584      131      928      819      805      119      392      0        876      835      967      529      375      518      1017     
14       1072     803      620      770      739      10       1171     802      822      1260     82       856      1097     876      0        306      1041     467      509      534      630      
15       852      574      318      657      597      308      971      727      518      1013     334      857      945      835      306      0        745      314      473      354      334      
16       468      413      427      736      657      1041     604      841      242      446      1045     1067     746      967      1041     745      0        675      841      614      526      
17       607      347      354      343      289      461      704      414      520      804      432      568      646      529      467      314      675      0        204      70       509      
18       664      457      558      275      276      500      725      293      714      882      445      384      609      375      509      473      841      204      0        238      712      
19       538      276      328      311      244      528      640      395      475      733      502      571      593      518      534      354      614      70       238      0        501      
20       812      568      198      795      714      634      954      890      287      907      668      1072     999      1017     630      334      526      509      712      501      0        
;



Table delta(i,j)                 Distance
         0        1        2        3        4        5        6        7        8        9        10       11       12       13       14       15       16       17       18       19       20       
0        0        810      1170     2640     390      1170     420      1500     2580     1590     870      1200     2640     1890     1530     1470     1260     2070     720      2220     630      
1        810      0        25       60       21       30       34       27       75       60       44       13       74       39       33       22       35       56       42       47       43       
2        1170     25       0        66       26       55       35       14       50       41       36       22       50       29       55       27       13       32       38       46       42       
3        2640     60       66       0        80       66       94       52       93       107      100      49       85       41       50       40       78       77       100      23       102      
4        390      21       26       80       0        43       13       37       73       44       24       31       74       52       51       40       29       56       21       65       22       
5        1170     30       55       66       43       0        53       56       106      87       67       38       104      63       17       42       66       87       63       63       60       
6        420      34       35       94       13       53       0        49       76       40       15       44       80       64       63       53       34       61       10       77       8        
7        1500     27       14       52       37       56       49       0        51       54       51       17       48       14       51       17       25       32       53       31       56       
8        2580     75       50       93       73       106      76       51       0        48       67       69       10       53       103      69       43       19       73       70       79       
9        1590     60       41       107      44       87       40       54       48       0        25       62       55       66       93       69       28       42       31       85       38       
10       870      44       36       100      24       67       15       51       67       25       0        51       72       65       75       60       29       55       6        82       13       
11       1200     13       22       49       31       38       44       17       69       62       51       0        66       26       34       9        35       49       51       34       53       
12       2640     74       50       85       74       104      80       48       10       55       72       66       0        47       100      65       46       18       77       63       83       
13       1890     39       29       41       52       63       64       14       53       66       65       26       47       0        55       20       39       36       67       18       71       
14       1530     33       55       50       51       17       63       51       103      93       75       34       100      55       0        35       68       84       72       51       71       
15       1470     22       27       40       40       42       53       17       69       69       60       9        65       20       35       0        40       50       60       25       62       
16       1260     35       13       78       29       66       34       25       43       28       29       35       46       39       68       40       0        27       33       57       39       
17       2070     56       32       77       56       87       61       32       19       42       55       49       18       36       84       50       27       0        60       54       66       
18       720      42       38       100      21       63       10       53       73       31       6        51       77       67       72       60       33       60       0        83       6        
19       2220     47       46       23       65       63       77       31       70       85       82       34       63       18       51       25       57       54       83       0        86       
20       630      43       42       102      22       60       8        56       79       38       13       53       83       71       71       62       39       66       6        86       0        
;

