
sets
i        orders          /0*5/
k        routes          /1*5/
p        positions       /0*5/
;

alias(i,j)
alias(i,h)
alias(i,hh)
alias(i,jj)
alias(k,kk)
                
                    Parameters

rho(i)	Processing time
/
0	0
1	89
2	92
3	71
4	82
5	33
/

gamma(i)	Duedate
/
0	0
1	19
2	37
3	2
4	47
5	94
/

sigma(i)	Size
/
0	0
1	3
2	1
3	4
4	8
5	6
/

epsilon(i)	Priority
/
0	0
1	7
2	8
3	2
4	9
5	3
/

psi	Vehicle Capacity
/ 15 /
;

Table kappa(i,j)                 Setup
         0        1        2        3        4        5        
0        0        98       92       198      66       86       
1        98       0        72       117      32       21       
2        92       72       0        115      66       83       
3        198      117      115      0        143      139      
4        66       32       66       143      0        24       
5        86       21       83       139      24       0        
;



Table delta(i,j)                 Distance
         0        1        2        3        4        5        
0        0        3090     2220     2850     3000     1320     
1        3090     0        126      151      198      81       
2        2220     126      0        169      150      49       
3        2850     151      169      0        90       135      
4        3000     198      150      90       0        141      
5        1320     81       49       135      141      0        
;

