
sets
i        orders          /0*5/
k        routes          /1*5/
p        positions       /0*5/
;

alias(i,j)
alias(i,h)
alias(i,hh)
alias(i,jj)
alias(k,kk)
                
                    Parameters

rho(i)	Processing time
/
0	0
1	53
2	91
3	52
4	6
5	23
/

gamma(i)	Duedate
/
0	0
1	25
2	11
3	12
4	14
5	5
/

sigma(i)	Size
/
0	0
1	8
2	9
3	8
4	4
5	6
/

epsilon(i)	Priority
/
0	0
1	6
2	1
3	8
4	7
5	9
/

psi	Vehicle Capacity
/ 11 /
;

Table kappa(i,j)                 Setup
         0        1        2        3        4        5        
0        0        20       125      102      144      81       
1        20       0        143      117      148      95       
2        125      143      0        38       117      53       
3        102      117      38       0        84       21       
4        144      148      117      84       0        89       
5        81       95       53       21       89       0        
;



Table delta(i,j)                 Distance
         0        1        2        3        4        5        
0        0        4530     2640     2190     2100     4770     
1        4530     0        83       77       175      57       
2        2640     83       0        44       92       72       
3        2190     77       44       0        110      96       
4        2100     175      92       110      0        158      
5        4770     57       72       96       158      0        
;

