

sets
i        orders          /0*80/
k        routes          /1*80/
p        positions       /0*80/
;

alias(i,j)
alias(i,h)
alias(i,hh)
alias(i,jj)
alias(k,kk)
                            Parameters

rho(i)	Processing time
/
0	0
1	62
2	46
3	20
4	56
5	45
6	33
7	44
8	81
9	79
10	96
11	61
12	35
13	30
14	23
15	99
16	18
17	76
18	5
19	87
20	61
21	17
22	3
23	91
24	51
25	71
26	98
27	77
28	64
29	2
30	50
31	70
32	65
33	39
34	61
35	97
36	27
37	84
38	35
39	74
40	54
41	55
42	81
43	29
44	75
45	66
46	82
47	62
48	12
49	81
50	19
51	17
52	61
53	66
54	58
55	27
56	54
57	87
58	68
59	37
60	52
61	71
62	13
63	29
64	1
65	94
66	26
67	83
68	35
69	77
70	22
71	23
72	11
73	52
74	99
75	76
76	7
77	38
78	56
79	43
80	60
/

gamma(i)	Duedate
/
0	0
1	49
2	91
3	32
4	14
5	16
6	98
7	1
8	37
9	16
10	6
11	75
12	78
13	43
14	31
15	29
16	7
17	31
18	22
19	14
20	62
21	41
22	47
23	55
24	58
25	90
26	85
27	22
28	11
29	35
30	85
31	51
32	77
33	73
34	44
35	90
36	53
37	97
38	87
39	12
40	54
41	68
42	97
43	15
44	49
45	76
46	54
47	95
48	14
49	55
50	63
51	41
52	90
53	55
54	6
55	97
56	92
57	48
58	34
59	53
60	30
61	79
62	73
63	93
64	27
65	37
66	3
67	5
68	94
69	96
70	62
71	84
72	67
73	94
74	49
75	3
76	41
77	90
78	3
79	6
80	52
/

sigma(i)	Size
/
0	0
1	1
2	2
3	3
4	7
5	4
6	2
7	7
8	8
9	9
10	3
11	2
12	5
13	5
14	9
15	6
16	7
17	1
18	7
19	2
20	2
21	9
22	5
23	5
24	2
25	8
26	3
27	6
28	8
29	3
30	8
31	9
32	4
33	5
34	4
35	1
36	4
37	6
38	5
39	2
40	3
41	6
42	1
43	6
44	3
45	1
46	2
47	3
48	8
49	5
50	7
51	3
52	9
53	4
54	9
55	3
56	7
57	7
58	6
59	9
60	1
61	5
62	9
63	6
64	6
65	8
66	5
67	5
68	8
69	2
70	5
71	2
72	3
73	9
74	2
75	1
76	2
77	7
78	1
79	8
80	1
/

epsilon(i)	Priority
/
0	0
1	3
2	7
3	4
4	5
5	4
6	5
7	8
8	8
9	9
10	6
11	4
12	4
13	1
14	4
15	5
16	8
17	6
18	4
19	2
20	9
21	6
22	9
23	5
24	5
25	2
26	2
27	9
28	8
29	7
30	7
31	3
32	5
33	1
34	4
35	5
36	6
37	6
38	1
39	7
40	4
41	7
42	2
43	1
44	9
45	4
46	5
47	4
48	8
49	1
50	8
51	1
52	2
53	8
54	1
55	2
56	8
57	3
58	9
59	3
60	8
61	5
62	5
63	7
64	6
65	8
66	7
67	2
68	3
69	6
70	9
71	3
72	4
73	8
74	5
75	5
76	9
77	6
78	7
79	3
80	6
/

psi	Vehicle Capacity
/ 12 /
;

Table kappa(i,j)                 Setup
         0        1        2        3        4        5        6        7        8        9        10       11       12       13       14       15       16       17       18       19       20       21       22       23       24       25       26       27       28       29       30       31       32       33       34       35       36       37       38       39       40       41       42       43       44       45       46       47       48       49       50       51       52       53       54       55       56       57       58       59       60       61       62       63       64       65       66       67       68       69       70       71       72       73       74       75       76       77       78       79       80       
0        0        519      577      459      193      112      526      304      127      676      202      409      346      258      592      229      328      441      107      498      588      498      181      474      519      546      496      233      195      57       463      159      415      322      357      329      281      281      563      297      534      479      357      396      207      490      374      230      199      242      419      344      730      186      449      132      352      237      210      202      489      507      305      566      506      243      77       82       303      667      495      294      626      383      180      182      230      431      339      263      500      
1        519      0        659      684      325      435      515      374      552      561      661      236      765      703      124      321      199      185      541      858      69       33       340      614      852      239      329      287      691      534      609      493      106      203      668      303      344      768      102      715      493      687      170      474      695      889      485      529      718      398      811      624      598      689      120      639      581      713      335      380      218      792      752      134      621      542      567      601      250      564      51       702      660      652      611      695      702      139      735      647      460      
2        577      659      0        176      545      625      150      772      463      236      770      426      438      825      784      644      621      751      683      386      706      626      582      105      347      457      340      578      553      527      116      714      626      540      288      743      729      559      760      427      178      154      547      210      755      455      219      790      671      375      410      265      270      720      702      675      232      519      475      677      449      264      478      574      70       338      531      593      476      220      607      867      65       240      450      597      786      701      399      385      202      
3        459      684      176      0        485      533      258      705      334      395      636      451      262      688      804      583      593      733      567      223      742      651      515      99       194      528      410      528      394      404      96       612      625      522      120      692      666      389      777      257      289      24       540      215      612      286      200      687      517      319      235      115      437      576      697      536      118      355      420      602      502      115      305      630      126      219      399      456      457      380      635      736      241      79       303      442      646      690      224      226      289      
4        193      325      545      485      0        129      447      227      241      575      358      243      474      409      406      100      142      274      236      599      394      304      40       458      606      375      354      49       370      211      448      216      223      129      420      207      184      451      377      422      445      497      164      335      383      612      326      281      393      171      534      387      627      371      266      319      366      399      70       137      318      568      449      377      482      281      244      275      127      569      301      424      577      424      306      370      396      250      452      363      406      
5        112      435      625      533      129      0        549      193      222      688      231      372      454      280      494      123      236      335      108      600      501      418      98       528      617      505      479      150      307      160      518      92       328      252      443      217      168      393      466      403      552      550      286      426      261      597      410      166      294      257      524      422      741      254      351      207      417      349      180      90       447      596      416      501      557      313      187      189      256      680      419      295      667      461      283      291      270      331      442      360      514      
6        526      515      150      258      447      549      0        669      434      159      728      287      486      784      639      543      499      621      625      481      559      482      487      158      451      307      191      473      554      486      162      641      491      416      332      631      626      582      616      460      31       245      417      129      723      542      154      715      660      292      482      292      211      693      567      642      240      534      378      585      301      370      513      425      140      316      499      562      356      147      463      819      145      287      442      592      751      569      445      401      54       
7        304      374      772      705      227      193      669      0        414      786      339      425      647      366      384      127      204      210      250      791      427      372      191      684      806      532      549      196      496      353      675      176      281      274      627      71       43       582      362      596      664      720      294      562      388      791      553      173      460      398      717      600      836      398      259      365      587      541      297      107      480      779      609      483      709      491      381      374      320      781      382      349      803      639      476      474      381      237      635      551      624      
8        127      552      463      334      241      222      434      414      0        592      306      389      237      361      644      314      384      515      233      377      621      525      251      358      395      522      447      290      146      71       348      286      456      349      229      425      383      216      615      184      449      355      382      305      292      378      279      358      228      189      303      218      645      260      507      212      233      161      217      307      469      380      207      568      393      125      67       130      308      580      518      405      517      256      65       169      323      492      221      138      419      
9        676      561      236      395      575      688      159      786      592      0        879      368      640      935      681      663      597      701      772      615      588      532      615      298      580      324      244      591      714      640      304      781      566      516      484      738      742      741      663      617      143      376      507      286      878      681      312      852      818      437      628      447      54       848      639      797      397      693      510      712      346      496      669      444      269      475      655      718      465      15       512      968      183      437      602      751      905      646      599      559      176      
10       202      661      770      636      358      231      728      339      306      879      0        597      458      55       705      340      462      535      122      620      725      646      329      665      652      732      693      381      272      243      654      171      555      484      522      397      342      339      680      421      737      658      518      598      55       591      575      174      169      444      535      521      933      85       566      101      540      326      397      283      674      661      404      733      699      432      239      179      483      870      648      100      822      557      333      227      42       544      467      416      703      
11       409      236      426      451      243      372      287      425      389      368      597      0        567      649      359      311      229      337      476      638      290      202      280      378      627      137      125      242      536      399      373      459      205      151      449      372      382      600      334      520      270      452      139      238      614      677      251      522      598      203      601      403      415      595      281      541      355      544      200      368      81       562      565      189      385      339      428      479      116      366      185      668      433      426      436      554      632      283      531      450      233      
12       346      765      438      262      474      454      486      647      237      640      458      567      0        501      868      551      614      749      435      162      832      735      487      345      196      683      581      523      186      294      337      502      678      568      155      662      619      140      839      52       512      286      597      387      418      143      360      566      303      369      77       195      687      380      736      359      249      132      437      542      639      227      55       756      379      228      269      297      515      625      725      556      503      202      172      233      453      722      41       118      498      
13       258      703      825      688      409      280      784      366      361      935      55       649      501      0        742      382      505      569      173      663      767      690      378      720      696      784      748      428      315      299      709      210      598      532      573      429      375      375      717      467      793      710      566      654      82       629      631      194      202      500      577      573      989      120      604      151      594      368      451      324      726      709      446      781      754      487      293      232      535      925      694      57       878      609      385      268      48       583      513      466      759      
14       592      124      784      804      406      494      639      384      644      681      705      359      868      742      0        371      264      174      593      970      98       157      410      737      967      357      453      360      776      616      732      534      189      299      781      315      366      857      29       816      617      807      272      596      747      997      605      554      787      507      918      738      715      746      142      701      698      804      431      422      341      910      850      240      745      650      649      675      357      684      176      731      784      767      707      773      748      162      840      751      585      
15       229      321      644      583      100      123      543      127      314      663      340      311      551      382      371      0        122      213      223      685      385      308      68       558      696      431      432      71       422      266      549      173      215      166      513      112      84       507      344      499      538      597      194      435      377      692      425      218      417      271      616      482      714      374      229      329      464      459      170      61       375      663      520      404      582      374      297      310      199      658      312      384      676      520      379      411      381      209      533      446      499      
16       328      199      621      593      142      236      499      204      384      597      462      229      614      505      264      122      0        140      342      730      264      185      146      548      734      328      355      96       512      352      540      295      93       82       546      144      165      594      235      561      487      603      91       412      496      749      410      337      525      276      670      508      644      491      123      443      478      541      181      183      276      688      591      285      566      408      385      411      145      594      190      507      641      542      447      509      503      108      589      500      448      
17       441      185      751      733      274      335      621      210      515      701      535      337      749      569      174      213      140      0        428      869      225      196      266      684      873      398      457      225      633      475      676      365      134      212      686      141      194      718      152      696      606      741      204      545      579      886      546      380      629      416      808      648      744      582      67       539      618      668      320      256      359      828      723      315      699      548      507      523      278      700      213      557      766      682      579      624      578      55       726      637      568      
18       107      541      683      567      236      108      625      250      233      772      122      476      435      173      593      223      342      428      0        593      607      526      207      581      618      610      576      259      262      162      570      75       435      361      463      296      242      345      567      390      632      587      395      497      154      577      477      130      210      335      511      452      826      153      452      115      460      313      278      172      552      611      389      610      613      351      174      139      361      763      527      196      731      490      280      231      161      431      434      364      596      
19       498      858      386      223      599      600      481      791      377      615      620      638      162      663      970      685      730      869      593      0        922      826      618      323      47       734      621      647      348      442      319      656      782      673      190      797      759      294      941      203      511      239      698      419      580      72       396      723      464      463      85       235      655      542      847      521      283      294      549      684      700      123      216      826      347      322      421      457      613      600      813      718      449      213      317      394      615      836      159      240      509      
20       588      69       706      742      394      501      559      427      621      588      725      290      832      767      98       385      264      225      607      922      0        96       408      668      914      264      369      355      760      603      664      557      173      272      731      356      401      837      92       782      535      743      238      529      761      954      542      588      787      464      876      687      621      756      168      707      643      782      403      443      257      852      820      145      672      608      636      670      317      593      108      763      701      713      680      764      767      190      801      714      504      
21       498      33       626      651      304      418      482      372      525      532      646      202      735      690      157      308      185      196      526      826      96       0        322      581      819      212      297      268      666      510      576      481      93       178      636      302      340      742      134      685      461      653      143      440      679      858      451      521      697      367      780      592      570      671      129      620      549      686      308      368      187      759      723      118      588      511      543      579      220      534      20       692      627      619      583      671      687      145      704      617      427      
22       181      340      582      515      40       98       487      191      251      615      329      280      487      378      410      68       146      266      207      618      408      322      0        493      628      410      394      53       368      209      483      179      235      154      444      180      151      452      382      434      485      529      188      373      358      627      362      242      379      207      550      414      667      349      268      298      396      402      109      97       352      594      458      403      518      306      242      264      164      609      322      390      616      451      316      363      368      250      467      379      446      
23       474      614      105      99       458      528      158      684      358      298      665      378      345      720      737      558      548      684      581      323      668      581      493      0        293      440      321      496      449      423      10       615      567      471      191      662      643      459      711      329      189      87       483      141      649      385      137      691      566      286      330      162      343      615      641      570      126      417      389      586      419      212      381      548      35       233      426      488      405      283      564      763      164      143      345      493      681      637      305      282      193      
24       519      852      347      194      606      617      451      806      395      580      652      627      196      696      967      696      734      873      618      47       914      819      628      293      0        716      600      654      381      463      290      678      780      672      187      808      772      334      938      231      482      206      695      400      614      119      380      747      500      461      123      228      618      576      848      552      271      328      552      699      685      83       252      812      314      326      444      484      610      565      805      751      410      200      339      429      649      838      185      257      483      
25       546      239      457      528      375      505      307      532      522      324      732      137      683      784      357      431      328      398      610      734      264      212      410      440      716      0        119      366      669      536      438      589      267      264      551      470      492      729      339      639      280      524      239      316      751      781      337      647      735      333      708      504      359      732      332      678      452      673      337      490      57       644      687      121      436      458      564      616      248      328      192      800      444      521      565      689      768      343      645      569      256      
26       496      329      340      410      354      479      191      549      447      244      693      125      581      748      453      432      355      457      576      621      369      297      394      321      600      119      0        361      590      474      319      570      323      276      442      498      506      642      431      541      166      405      264      202      704      670      226      636      670      260      599      395      289      681      397      627      341      587      298      486      112      526      591      234      316      364      498      556      233      243      277      772      332      408      481      616      725      402      542      472      137      
27       233      287      578      528      49       150      473      196      290      591      381      242      523      428      360      71       96       225      259      647      355      268      53       496      654      366      361      0        416      256      487      225      182      104      467      166      153      498      331      471      467      540      137      368      411      661      361      281      431      210      583      433      642      402      219      352      410      446      107      126      309      614      498      352      518      328      289      316      128      586      269      438      607      469      355      413      420      202      501      412      428      
28       195      691      553      394      370      307      554      496      146      714      272      536      186      315      776      422      512      633      262      348      760      666      368      449      381      669      590      416      0        159      439      334      592      488      274      525      475      86       747      152      573      418      522      431      233      321      403      391      123      335      263      288      766      195      635      174      325      54       358      397      616      397      133      715      485      239      126      124      452      701      660      370      614      317      112      48       268      618      198      169      547      
29       57       534      527      404      211      160      486      353      71       640      243      399      294      299      616      266      352      475      162      442      603      510      209      423      463      536      474      256      159      0        412      216      433      332      300      372      327      243      587      243      497      425      367      356      237      437      332      287      198      214      365      289      694      209      476      157      300      193      207      248      480      450      256      568      457      191      33       81       303      630      505      340      579      327      124      160      265      458      284      206      464      
30       463      609      116      96       448      518      162      675      348      304      654      373      337      709      732      549      540      676      570      319      664      576      483      10       290      438      319      487      439      412      0        604      560      464      183      653      633      449      706      320      192      86       476      135      639      380      130      680      555      277      324      152      350      604      634      559      116      407      380      576      416      211      372      545      46       222      415      477      398      290      559      752      175      134      334      482      670      630      297      272      193      
31       159      493      714      612      216      92       641      176      286      781      171      459      502      210      534      173      295      365      75       656      557      481      179      615      678      589      570      225      334      216      604      0        388      329      515      228      173      418      509      454      644      630      361      517      215      645      500      75       285      349      576      498      834      222      395      189      499      383      273      114      532      666      457      575      645      392      234      210      343      773      485      213      757      537      339      306      213      374      497      422      607      
32       415      106      626      625      223      328      491      281      456      566      555      205      678      598      189      215      93       134      435      782      173      93       235      567      780      267      323      182      592      433      560      388      0        110      594      213      247      671      160      626      475      631      85       425      589      807      430      427      614      319      729      552      610      583      76       533      515      617      241      275      225      727      661      202      579      461      466      497      170      566      101      599      637      583      518      593      596      79       650      561      438      
33       322      203      540      522      129      252      416      274      349      516      484      151      568      532      299      166      82       212      361      673      272      178      154      471      672      264      276      104      488      332      464      329      110      0        485      222      232      565      270      516      405      530      35       332      511      697      333      384      521      210      618      444      564      500      175      448      409      510      132      226      209      621      551      249      487      351      365      402      65       513      173      542      559      476      409      493      522      168      540      451      366      
34       357      668      288      120      420      443      332      627      229      484      522      449      155      573      781      513      546      686      463      190      731      636      444      191      187      551      442      467      274      300      183      515      594      485      0        625      592      270      752      138      359      144      509      242      495      229      216      588      397      274      157      46       532      458      660      421      100      234      365      521      514      152      189      638      226      139      290      343      424      470      623      622      352      48       188      321      529      650      114      107      347      
35       329      303      743      692      207      217      631      71       425      738      397      372      662      429      315      112      144      141      296      797      356      302      180      662      808      470      498      166      525      372      653      228      213      222      625      0        55       611      292      609      623      705      236      532      443      804      526      239      504      376      728      594      787      449      187      411      574      565      273      129      420      774      628      415      683      486      403      406      276      735      313      416      770      631      489      508      440      165      645      558      584      
36       281      344      729      666      184      168      626      43       383      742      342      382      619      375      366      84       165      194      242      759      401      340      151      643      772      492      506      153      475      327      633      173      247      232      592      55       0        561      343      567      620      680      253      519      388      762      510      188      450      356      687      563      792      394      234      356      547      518      254      78       439      743      583      448      667      454      356      355      276      737      348      365      760      601      447      457      385      212      604      519      581      
37       281      768      559      389      451      393      582      582      216      741      339      600      140      375      857      507      594      718      345      294      837      742      452      459      334      729      642      498      86       243      449      418      671      565      270      611      561      0        828      132      604      413      598      467      293      254      438      472      173      396      210      297      791      256      717      247      344      56       434      483      679      367      86       784      494      279      210      209      524      727      735      432      622      318      164      115      327      701      168      181      583      
38       563      102      760      777      377      466      616      362      615      663      680      334      839      717      29       344      235      152      567      941      92       134      382      711      938      339      431      331      747      587      706      509      160      270      752      292      343      828      0        787      595      781      243      570      720      968      579      531      759      478      889      710      698      719      115      673      670      775      402      396      320      882      820      227      719      621      621      646      328      666      154      708      762      739      677      745      722      135      811      722      562      
39       297      715      427      257      422      403      460      596      184      617      421      520      52       467      816      499      561      696      390      203      782      685      434      329      231      639      541      471      152      243      320      454      626      516      138      609      567      132      787      0        484      281      546      353      385      194      325      520      275      320      122      169      666      347      683      321      220      103      385      490      594      245      52       709      364      181      219      254      465      603      675      521      491      186      120      201      420      669      45       70       466      
40       534      493      178      289      445      552      31       664      449      143      737      270      512      793      617      538      487      606      632      511      535      461      485      189      482      280      166      467      573      497      192      644      475      405      359      623      620      604      595      484      0        276      403      143      735      571      170      717      675      297      510      317      196      705      551      654      264      555      377      583      277      401      537      399      172      334      512      575      347      132      441      827      166      314      461      609      762      553      471      423      39       
41       479      687      154      24       497      550      245      720      355      376      658      452      286      710      807      597      603      741      587      239      743      653      529      87       206      524      405      540      418      425      86       630      631      530      144      705      680      413      781      281      276      0        546      214      635      305      202      706      540      329      257      137      418      599      703      559      133      379      432      617      499      125      329      628      108      237      421      478      464      361      637      758      219      102      326      465      668      698      248      250      280      
42       357      170      547      540      164      286      417      294      382      507      518      139      597      566      272      194      91       204      395      698      238      143      188      483      695      239      264      137      522      367      476      361      85       35       509      236      253      598      243      546      403      546      0        343      546      724      346      413      556      234      646      467      554      535      158      483      429      543      165      255      186      642      582      215      497      377      399      437      85       505      138      574      562      497      441      528      557      154      568      480      365      
43       396      474      210      215      335      426      129      562      305      286      598      238      387      654      596      435      412      545      497      419      529      440      373      141      400      316      202      368      431      356      135      517      425      332      242      532      519      467      570      353      143      214      343      0        593      469      28       592      532      170      399      195      339      563      500      512      141      415      265      470      287      329      405      415      154      191      369      432      267      275      423      690      242      206      318      466      621      497      347      287      116      
44       207      695      755      612      383      261      723      388      292      878      55       614      418      82       747      377      496      579      154      580      761      679      358      649      614      751      704      411      233      237      639      215      589      511      495      443      388      293      720      385      735      635      546      593      0        546      569      228      120      448      495      499      932      38       606      80       523      286      414      324      693      629      364      760      684      418      225      162      504      868      680      139      810      533      309      185      34       585      431      388      702      
45       490      889      455      286      612      597      542      791      378      681      591      677      143      629      997      692      749      886      577      72       954      858      627      385      119      781      670      661      321      437      380      645      807      697      229      804      762      254      968      194      571      305      724      469      546      0        444      708      427      491      78       276      723      509      869      494      329      267      569      685      743      194      189      866      412      347      412      438      640      666      846      685      519      263      314      364      581      856      159      249      566      
46       374      485      219      200      326      410      154      553      279      312      575      251      360      631      605      425      410      546      477      396      542      451      362      137      380      337      226      361      403      332      130      500      430      333      216      526      510      438      579      325      170      202      346      28       569      444      0        576      505      156      374      170      366      538      505      488      115      387      255      458      305      311      377      433      157      164      344      407      267      301      435      668      257      183      290      439      597      500      319      259      145      
47       230      529      790      687      281      166      715      173      358      852      174      522      566      194      554      218      337      380      130      723      588      521      242      691      747      647      636      281      391      287      680      75       427      384      588      239      188      472      531      520      717      706      413      592      228      708      576      0        322      423      642      573      905      247      422      229      575      442      343      157      591      738      519      622      721      468      303      269      406      845      527      177      833      612      409      356      214      400      564      493      679      
48       199      718      671      517      393      294      660      460      228      818      169      598      303      202      787      417      525      629      210      464      787      697      379      566      500      735      670      431      123      198      555      285      614      521      397      504      450      173      759      275      675      540      556      532      120      427      505      322      0        409      378      408      871      84       644      95       440      172      404      376      679      521      247      763      601      344      172      120      499      806      695      259      730      439      221      75       154      625      320      290      646      
49       242      398      375      319      171      257      292      398      189      437      444      203      369      500      507      271      276      416      335      463      464      367      207      286      461      333      260      210      335      214      277      349      319      210      274      376      356      396      478      320      297      329      234      170      448      491      156      423      409      0        412      233      491      422      386      369      202      340      103      302      282      412      363      390      311      144      237      296      150      428      356      531      412      267      232      357      472      377      337      251      260      
