
sets
i        orders          /0*40/
k        routes          /1*40/
p        positions       /0*40/
;

alias(i,j)
alias(i,h)
alias(i,hh)
alias(i,jj)
alias(k,kk)
                
                    Parameters

rho(i)	Processing time
/
0	0
1	69
2	98
3	99
4	3
5	33
6	88
7	63
8	46
9	70
10	22
11	96
12	83
13	83
14	79
15	45
16	25
17	54
18	51
19	72
20	41
21	25
22	11
23	49
24	72
25	75
26	3
27	12
28	51
29	25
30	14
31	42
32	27
33	73
34	69
35	68
36	77
37	99
38	72
39	7
40	11
/

gamma(i)	Duedate
/
0	0
1	26
2	26
3	57
4	66
5	90
6	31
7	82
8	11
9	51
10	88
11	81
12	25
13	74
14	61
15	87
16	4
17	18
18	60
19	98
20	86
21	74
22	83
23	18
24	84
25	95
26	98
27	66
28	89
29	89
30	4
31	40
32	89
33	35
34	14
35	23
36	52
37	51
38	6
39	81
40	38
/

sigma(i)	Size
/
0	0
1	1
2	4
3	6
4	4
5	8
6	7
7	1
8	1
9	1
10	4
11	4
12	4
13	7
14	6
15	4
16	6
17	9
18	6
19	7
20	5
21	8
22	8
23	2
24	3
25	2
26	7
27	2
28	5
29	5
30	7
31	9
32	6
33	5
34	2
35	5
36	2
37	1
38	9
39	6
40	8
/

epsilon(i)	Priority
/
0	0
1	6
2	6
3	4
4	1
5	6
6	5
7	4
8	9
9	8
10	9
11	6
12	4
13	7
14	7
15	3
16	7
17	5
18	2
19	4
20	5
21	5
22	5
23	4
24	3
25	6
26	3
27	2
28	3
29	9
30	8
31	6
32	8
33	2
34	7
35	5
36	1
37	9
38	9
39	1
40	7
/

psi	Vehicle Capacity
/ 35 /
;

Table kappa(i,j)                 Setup
         0        1        2        3        4        5        6        7        8        9        10       11       12       13       14       15       16       17       18       19       20       21       22       23       24       25       26       27       28       29       30       31       32       33       34       35       36       37       38       39       40       
0        0        1008     851      674      1098     1230     661      991      609      749      566      1246     441      1121     939      477      681      536      1144     579      767      1090     561      709      960      687      1371     644      780      1299     686      823      571      1207     1063     581      475      1076     1230     589      1480     
1        1008     0        967      585      614      578      588      419      668      265      574      638      619      333      1004     560      640      816      148      841      564      238      447      683      293      834      581      539      518      427      325      190      453      209      349      828      829      533      309      642      536      
2        851      967      0        1138     1453     1492     1128     611      1144     874      494      682      911      794      88       875      1185     328      1102     279      1200     844      772      297      1154     187      899      473      1178     939      769      825      856      1151     1255     281      384      1388     1276     1106     1137     
3        674      585      1138     0        424      564      13       854      94       375      645      1133     261      869      1210     272      59       844      661      891      92       790      371      856      371      954      1142     683      114      1003     430      493      285      712      445      883      814      407      661      90       1120     
4        1098     614      1453     424      0        176      437      1013     497      581      967      1252     674      947      1512     664      424      1200     590      1242     331      852      699      1156     327      1282     1181     979      322      1016     683      655      625      608      272      1232     1183     81       471      511      1059     
5        1230     578      1492     564      176      0        577      996      647      623      1025     1208     793      900      1543     772      576      1268     512      1306     474      804      775      1195     338      1332     1107     1024     452      939      730      669      713      513      238      1294     1258     157      355      654      952      
6        661      588      1128     13       437      577      0        851      85       374      636      1131     249      870      1201     261      62       833      667      881      105      791      363      848      379      944      1143     675      126      1005     426      492      278      719      455      873      803      420      670      78       1124     
7        991      419      611      854      1013     996      851      0        909      482      427      284      751      185      627      689      913      588      526      589      873      237      534      388      686      535      382      352      833      349      429      373      601      564      762      577      629      935      711      874      551      
8        609      668      1144     94       497      647      85       909      0        441      658      1192     237      939      1220     269      73       837      751      887      174      863      398      873      465      957      1214     706      206      1080     480      560      316      804      538      879      802      489      756      38       1205     
9        749      265      874      375      581      623      374      482      441      0        402      759      354      498      931      295      434      648      395      684      391      424      192      576      285      709      772      402      352      644      107      118      187      457      394      672      644      514      496      409      786      
10       566      574      494      645      967      1025     636      427      658      402      0        681      436      575      565      390      694      247      722      281      706      566      277      214      688      315      809      77       684      755      295      393      362      782      796      269      255      907      868      620      948      
11       1246     638      682      1133     1252     1208     1131     284      1192     759      681      0        1035     308      659      973      1192     782      701      767      1147     403      818      571      928      683      228      603      1105     334      712      644      885      720      987      757      835      1171     883      1156     497      
12       441      619      911      261      674      793      249      751      237      354      436      1035     0        822      990      63       292      600      738      650      349      763      217      650      521      724      1095     493      352      983      338      459      169      799      623      643      564      642      800      202      1138     
13       1121     333      794      869      947      900      870      185      939      498      575      308      822      0        805      758      928      763      396      768      869      95       608      570      626      719      275      506      825      179      483      379      657      421      680      755      799      866      580      907      375      
14       939      1004     88       1210     1512     1543     1201     627      1220     931      565      659      990      805      0        951      1259     415      1134     366      1270     863      841      358      1207     269      883      535      1245     938      829      874      926      1181     1306     368      472      1445     1313     1182     1132     
15       477      560      875      272      664      772      261      689      269      295      390      973      63       758      951      0        313      573      684      621      351      700      154      604      483      688      1031     442      345      920      274      396      107      745      589      613      542      626      755      231      1076     
16       681      640      1185     59       424      576      62       913      73       434      694      1192     292      928      1259     313      0        886      712      935      106      848      424      907      414      1000     1200     736      145      1060     489      552      339      761      479      926      854      418      702      94       1175     
17       536      816      328      844      1200     1268     833      588      837      648      247      782      600      763      415      573      886      0        963      50       917      775      501      211      932      151      956      278      901      937      541      639      578      1022     1042     47       61       1144     1114     801      1137     
18       1144     148      1102     661      590      512      667      526      751      395      722      701      738      396      1134     684      712      963      0        987      622      304      584      824      312      977      596      686      575      429      468      336      579      62       318      974      977      509      186      731      480      
19       579      841      279      891      1242     1306     881      589      887      684      281      767      650      768      366      621      935      50       987      0        963      786      544      202      969      108      950      301      946      939      577      669      622      1045     1078     13       106      1185     1143     850      1140     
20       767      564      1200     92       331      474      105      873      174      391      706      1147     349      869      1270     351      106      917      622      963      0        784      428      913      316      1019     1137     737      46       990      465      503      344      668      374      953      890      316      599      181      1093     
21       1090     238      844      790      852      804      791      237      863      424      566      403      763      95       863      700      848      775      304      786      784      0        556      596      532      749      352      505      739      220      427      308      595      334      584      773      805      771      490      833      389      
22       561      447      772      371      699      775      363      534      398      192      277      818      217      608      841      154      424      501      584      544      428      556      0        485      450      592      880      311      406      775      130      265      85       647      561      533      485      645      686      360      939      
23       709      683      297      856      1156     1195     848      388      873      576      214      571      650      570      358      604      907      211      824      202      913      596      485      0        856      154      747      177      887      738      472      530      571      877      959      191      264      1090     991      834      940      
24       960      293      1154     371      327      338      379      686      465      285      688      928      521      626      1207     483      414      932      312      969      316      532      450      856      0        993      873      685      271      714      393      335      402      353      110      958      926      249      291      452      791      
25       687      834      187      954      1282     1332     944      535      957      709      315      683      724      719      269      688      1000     151      977      108      1019     749      592      154      993      0        877      308      998      882      602      676      675      1031     1099     105      212      1220     1142     920      1084     
26       1371     581      899      1142     1181     1107     1143     382      1214     772      809      228      1095     275      883      1031     1200     956      596      950      1137     352      880      747      873      877      0        734      1092     168      757      654      932      595      909      938      1003     1099     759      1182     275      
27       644      539      473      683      979      1024     675      352      706      402      77       603      493      506      535      442      736      278      686      301      737      505      311      177      685      308      734      0        711      686      296      369      397      743      790      289      301      915      842      667      881      
28       780      518      1178     114      322      452      126      833      206      352      684      1105     352      825      1245     345      145      901      575      946      46       739      406      887      271      998      1092     711      0        944      432      461      324      622      334      937      877      295      556      205      1046     
29       1299     427      939      1003     1016     939      1005     349      1080     644      755      334      983      179      938      920      1060     937      429      939      990      220      775      738      714      882      168      686      944      0        647      528      816      427      744      927      975      935      591      1050     202      
30       686      325      769      430      683      730      426      429      480      107      295      712      338      483      829      274      489      541      468      577      465      427      130      472      393      602      757      296      432      647      0        137      175      530      501      565      539      618      589      444      809      
31       823      190      825      493      655      669      492      373      560      118      393      644      459      379      874      396      552      639      336      669      503      308      265      530      335      676      654      369      461      528      137      0        290      399      431      656      647      581      475      528      679      
32       571      453      856      285      625      713      278      601      316      187      362      885      169      657      926      107      339      578      579      622      344      595      85       571      402      675      932      397      324      816      175      290      0        641      511      613      557      576      659      279      969      
33       1207     209      1151     712      608      513      719      564      804      457      782      720      799      421      1181     745      761      1022     62       1045     668      334      647      877      353      1031     595      743      622      427      530      399      641      0        342      1032     1037     529      165      785      451      
34       1063     349      1255     445      272      238      455      762      538      394      796      987      623      680      1306     589      479      1042     318      1078     374      584      561      959      110      1099     909      790      334      744      501      431      511      342      0        1066     1036     191      231      532      794      
35       581      828      281      883      1232     1294     873      577      879      672      269      757      643      755      368      613      926      47       974      13       953      773      533      191      958      105      938      289      937      927      565      656      613      1032     1066     0        106      1174     1130     842      1128     
36       475      829      384      814      1183     1258     803      629      802      644      255      835      564      799      472      542      854      61       977      106      890      805      485      264      926      212      1003     301      877      975      539      647      557      1037     1036     106      0        1130     1122     766      1175     
37       1076     533      1388     407      81       157      420      935      489      514      907      1171     642      866      1445     626      418      1144     509      1185     316      771      645      1090     249      1220     1099     915      295      935      618      581      576      529      191      1174     1130     0        397      497      981      
38       1230     309      1276     661      471      355      670      711      756      496      868      883      800      580      1313     755      702      1114     186      1143     599      490      686      991      291      1142     759      842      556      591      589      475      659      165      231      1130     1122     397      0        744      597      
39       589      642      1106     90       511      654      78       874      38       409      620      1156     202      907      1182     231      94       801      731      850      181      833      360      834      452      920      1182     667      205      1050     444      528      279      785      532      842      766      497      744      0        1179     
40       1480     536      1137     1120     1059     952      1124     551      1205     786      948      497      1138     375      1132     1076     1175     1137     480      1140     1093     389      939      940      791      1084     275      881      1046     202      809      679      969      451      794      1128     1175     981      597      1179     0        
;



Table delta(i,j)                 Distance
         0        1        2        3        4        5        6        7        8        9        10       11       12       13       14       15       16       17       18       19       20       21       22       23       24       25       26       27       28       29       30       31       32       33       34       35       36       37       38       39       40       
0        0        274      40       378      476      33       217      328      181      244      319      291      307      216      353      313      201      496      393      371      362      398      447      281      279      344      316      315      401      156      29       290      218      202      317      92       314      352      387      491      69       
1        274      0        245      180      202      240      61       72       209      68       231      173      123      202      235      169      77       223      198      125      250      160      192      68       212      200      169      91       235      198      250      122      87       182      44       228      64       78       114      221      208      
2        40       245      0        339      447      24       185      304      141      209      279      285      292      219      312      273      177      468      380      336      360      378      425      260      279      337      307      280      393      159      11       276      182      200      287      53       280      322      359      458      37       
3        378      180      339      0        222      347      192      220      224      150      127      353      297      378      101      75       237      242      353      80       425      291      290      245      393      373      345      89       397      362      349      300      169      356      161      298      118      165      195      185      310      
4        476      202      447      222      0        442      261      158      387      247      342      289      227      361      322      276      276      22       219      151      324      149      106      211      338      275      265      195      266      381      453      241      274      349      159      426      176      124      90       65       410      
5        33       240      24       347      442      0        183      295      159      211      295      266      277      196      327      284      168      462      364      338      339      366      415      249      258      318      289      282      374      136      18       261      185      179      283      74       281      318      353      457      37       
6        217      61       185      192      261      183      0        130      153      42       205      191      158      191      219      155      47       282      243      160      274      216      252      105      220      230      197      109      274      170      192      150      38       168      102      167      99       137      175      274      149      
7        328      72       304      220      158      295      130      0        281      140      294      146      83       205      293      229      127      176      134      146      207      88       122      53       194      154      131      139      177      223      308      93       159      191      60       294      106      62       70       197      266      
8        181      209      141      224      387      159      153      281      0        144      139      330      308      298      175      149      182      409      396      247      414      368      400      258      345      375      342      194      424      249      152      298      122      274      238      89       210      271      313      379      129      
9        244      68       209      150      247      211      42       140      144      0        168      228      186      234      178      114      90       269      266      127      309      228      256      131      259      261      229      72       301      212      217      182      27       210      94       181      72       127      169      250      175      
10       319      231      279      127      342      295      205      294      139      168      0        396      354      392      38       68       251      363      428      191      477      379      391      297      425      429      397      160      466      357      290      350      168      367      236      228      192      256      294      312      260      
11       291      173      285      353      289      266      191      146      330      228      396      0        64       89       405      340      150      301      111      287      83       150      207      108      49       52       29       264      109      140      284      54       230      93       195      302      235      208      211      338      254      
12       307      123      292      297      227      277      158      83       308      186      354      64       0        137      359      293      128      240      90       228      127      98       154      56       112      76       48       210      115      172      293      17       195      130      136      298      179      145      147      274      257      
13       216      202      219      378      361      196      191      205      298      234      392      89       137      0        410      347      144      376      201      327      146      234      291      154      63       138      119      289      194      60       215      121      225      24       237      248      266      260      275      403      195      
14       353      235      312      101      322      327      219      293      175      178      38       405      359      410      0        65       266      342      428      174      485      374      381      303      438      435      404      154      469      379      323      357      184      386      233      262      187      248      284      286      292      
15       313      169      273      75       276      284      155      229      149      114      68       340      293      347      65       0        203      297      363      125      419      312      323      237      373      369      339      92       404      320      283      291      122      323      170      228      124      188      226      251      247      
16       201      77       177      237      276      168      47       127      182      90       251      150      128      144      266      203      0        296      218      196      234      203      248      85       174      193      160      151      242      126      181      117      83       120      121      172      134      154      186      299      140      
17       496      223      468      242      22       462      282      176      409      269      363      301      240      376      342      297      296      0        225      172      331      156      108      229      350      284      276      217      271      398      473      256      296      365      180      448      198      145      109      73       431      
18       393      198      380      353      219      364      243      134      396      266      428      111      90       201      428      363      218      225      0        275      107      71       117      138      151      69       82       273      48       249      381      104      279      203      194      388      240      187      168      279      346      
19       371      125      336      80       151      338      160      146      247      127      191      287      228      327      174      125      196      172      275      0        354      211      209      180      331      301      276      56       321      322      344      233      153      307      92       304      62       87       114      131      302      
20       362      250      360      425      324      339      274      207      414      309      477      83       127      146      485      419      234      331      107      354      0        175      225      182      83       52       80       338      69       206      358      127      313      160      263      382      307      269      260      381      332      
21       398      160      378      291      149      366      216      88       368      228      379      150      98       234      374      312      203      156      71       211      175      0        57       118      198      127      123      219      120      270      381      116      246      229      142      375      187      126      99       208      342      
22       447      192      425      290      106      415      252      122      400      256      391      207      154      291      381      323      248      108      117      209      225      57       0        165      255      181      179      231      163      325      428      172      278      285      163      417      202      136      97       171      388      
23       281      68       260      245      211      249      105      53       258      131      297      108      56       154      303      237      85       229      138      180      182      118      165      0        151      132      101      156      170      169      263      55       141      139      87       258      127      106      123      248      224      
24       279      212      279      393      338      258      220      194      345      259      425      49       112      63       438      373      174      350      151      331      83       198      255      151      0        82       75       303      135      123      276      101      257      78       238      304      276      254      260      387      253      
25       344      200      337      373      275      318      230      154      375      261      429      52       76       138      435      369      193      284      69       301      52       127      181      132      82       0        33       287      57       192      336      79       268      144      211      352      255      216      208      331      305      
26       316      169      307      345      265      289      197      131      342      229      397      29       48       119      404      339      160      276      82       276      80       123      179      101      75       33       0        258      86       167      306      47       235      121      184      320      227      193      191      317      275      
27       315      91       280      89       195      282      109      139      194      72       160      264      210      289      154      92       151      217      273      56       338      219      231      156      303      287      258      0        316      277      288      212      97       268      79       247      32       95       135      186      246      
28       401      235      393      397      266      374      274      177      424      301      466      109      115      194      469      404      242      271      48       321      69       120      163      170      135      57       86       316      0        249      392      125      311      201      237      406      283      234      216      328      361      
29       156      198      159      362      381      136      170      223      249      212      357      140      172      60       379      320      126      398      249      322      206      270      325      169      123      192      167      277      249      0        154      154      197      47       240      191      259      268      292      414      137      
30       29       250      11       349      453      18       192      308      152      217      290      284      293      215      323      283      181      473      381      344      358      381      428      263      276      336      306      288      392      154      0        277      190      197      293      64       288      328      365      466      43       
31       290      122      276      300      241      261      150      93       298      182      350      54       17       121      357      291      117      256      104      233      127      116      172      55       101      79       47       212      125      154      277      0        189      113      141      284      182      154      159      287      242      
32       218      87       182      169      274      185      38       159      122      27       168      230      195      225      184      122      83       296      279      153      313      246      278      141      257      268      235      97       311      197      190      189      0        201      118      153      100      152      194      278      148      
33       202      182      200      356      349      179      168      191      274      210      367      93       130      24       386      323      120      365      203      307      160      229      285      139      78       144      121      268      201      47       197      113      201      0        218      227      246      243      261      388      174      
34       317      44       287      161      159      283      102      60       238      94       236      195      136      237      233      170      121      180      194      92       263      142      163      87       238      211      184      79       237      240      293      141      118      218      0        268      46       35       75       177      250      
35       92       228      53       298      426      74       167      294      89       181      228      302      298      248      262      228      172      448      388      304      382      375      417      258      304      352      320      247      406      191      64       284      153      227      268      0        253      303      343      431      54       
36       314      64       280      118      176      281      99       106      210      72       192      235      179      266      187      124      134      198      240      62       307      187      202      127      276      255      227      32       283      259      288      182      100      246      46       253      0        65       107      178      245      
37       352      78       322      165      124      318      137      62       271      127      256      208      145      260      248      188      154      145      187      87       269      126      136      106      254      216      193      95       234      268      328      154      152      243      35       303      65       0        42       146      285      
38       387      114      359      195      90       353      175      70       313      169      294      211      147      275      284      226      186      109      168      114      260      99       97       123      260      208      191      135      216      292      365      159      194      261      75       343      107      42       0        128      322      
39       491      221      458      185      65       457      274      197      379      250      312      338      274      403      286      251      299      73       279      131      381      208      171      248      387      331      317      186      328      414      466      287      278      388      177      431      178      146      128      0        423      
40       69       208      37       310      410      37       149      266      129      175      260      254      257      195      292      247      140      431      346      302      332      342      388      224      253      305      275      246      361      137      43       242      148      174      250      54       245      285      322      423      0        
;

